'23U-H60U000A-81-A',21701,62900,4,'',1,2800,4,'',1,6800,4,'',1,3000,4,'',1,7200,4,'',1,3200,4,'',1,7100,4,'',1,7200,4,'',1,3100,4,'',1,7200,4,'',1,3200,4,'',1,7200,4,'',1,3200,4,'',1,7200,4,'',1,3300,4,'',1,7300,4,'',1,3100,4,'',1,7200,4,'',1,3200,4,'',1,7100,4,'',1,3200,4,'',1,7200,4,'',1,7200,4,'',1,3100,4,'',1,7000,4,'',1,3100,4,'',1,7100,4,'',1,3000,4,'',1,7000,4,'',1,3000,4,'',1,7200,4,'',1,3200,4,'',1,7300,4,'',1,4800,4,'',1
'23U-H60U000A-81-A',21702,63200,,'',1,7000,,'',1,3200,,'',1,7200,,'',1,2900,,'',1,7100,,'',1,3100,,'',1,7200,,'',1,3100,,'',1,7200,,'',1,3200,,'',1,7200,,'',1,3200,,'',1,7300,,'',1,3200,,'',1,7200,,'',1,3200,,'',1,7100,,'',1,7200,,'',1,3200,,'',1,7200,,'',1,3100,,'',1,7300,,'',1,3100,,'',1,7100,,'',1,3000,,'',1,7000,,'',1,3000,,'',1,7200,,'',1,3200,,'',1,7300,,'',1,3000,,'',1,7000,,'',1,8500,,'',1
'23U-H60U000I-81-I',21701,72300,4,'',1,2700,4,'',2,6800,4,'',1,3300,4,'',2,7100,4,'',1,3100,4,'',2,7400,4,'',1,3100,4,'',2,7200,4,'',1,7100,4,'',2,3300,4,'',1,7200,4,'',2,3300,4,'',1,7200,4,'',1,3200,4,'',1,7200,4,'',1,3200,4,'',1,7200,4,'',1,3200,4,'',2,7100,4,'',1,3200,4,'',2,7100,4,'',1,3200,4,'',2,7100,4,'',1,3100,4,'',2,7100,4,'',1,7300,4,'',2,3200,4,'',1,7000,4,'',2,3300,4,'',1,7400,4,'',2,4500,4,'',1
'23U-H60U000I-81-I',21702,72700,,'',1,3200,,'',2,7100,,'',1,7100,,'',2,2900,,'',1,7100,,'',2,3200,,'',1,7100,,'',2,3200,,'',1,7200,,'',2,3300,,'',1,7200,,'',1,3200,,'',1,7200,,'',1,3200,,'',1,7200,,'',1,3200,,'',2,7200,,'',1,3200,,'',2,7100,,'',1,7200,,'',2,3100,,'',1,7300,,'',2,3100,,'',1,7300,,'',2,3300,,'',1,7300,,'',2,3300,,'',1,7400,,'',2,3300,,'',1,7300,,'',2,7400,,'',1
'23U-H60U000S-82-S',21701,62400,4,'',1,8100,4,'',1,2000,4,'',1,1300,4,'',2,1300,4,'',1,7400,4,'',1,2500,4,'',2,5100,4,'',2,1600,4,'',1,3200,4,'',1,7200,4,'',1,3200,4,'',1,7200,4,'',1,3200,4,'',1,7200,4,'',1,7200,4,'',1,3100,4,'',1,7200,4,'',1,3300,4,'',1,7300,4,'',1,3800,4,'',1,7500,4,'',1,3400,4,'',1,7300,4,'',2,7200,4,'',1,2600,4,'',1,7300,4,'',1,3400,4,'',1,7300,4,'',1,3400,4,'',1,7400,4,'',1,3400,4,'',1,7000,4,'',1,3700,4,'',1,10100,4,'',1
'23U-H60U000S-82-S',21702,63700,,'',1,7300,,'',1,3300,,'',2,7300,,'',1,3300,,'',1,7400,,'',1,3200,,'',1,7300,,'',1,7200,,'',1,3200,,'',1,7200,,'',1,3100,,'',1,7200,,'',1,3100,,'',1,7300,,'',1,3200,,'',1,7300,,'',1,2400,,'',1,7200,,'',2,3800,,'',1,6300,,'',1,1700,,'',2,2000,,'',1,5800,,'',1,2600,,'',1,6700,,'',1,3700,,'',1,7400,,'',1,3600,,'',1,7500,,'',1,3400,,'',1,14300,,'',1,10300,,'',1
'23U-H60U100F-81-F1',21701,62900,4,'',1,2800,4,'',1,6800,4,'',1,3000,4,'',1,7200,4,'',1,3200,4,'',1,7100,4,'',1,7200,4,'',1,3100,4,'',1,7200,4,'',1,3200,4,'',1,7200,4,'',1,3200,4,'',1,7200,4,'',1,3300,4,'',1,7300,4,'',1,3100,4,'',1,7200,4,'',1,3200,4,'',1,7100,4,'',1,3200,4,'',1,7200,4,'',1,7200,4,'',1,3100,4,'',1,7000,4,'',1,3100,4,'',1,7100,4,'',1,3000,4,'',1,7000,4,'',1,3000,4,'',1,7200,4,'',1,3200,4,'',1,7300,4,'',1,4800,4,'',1
'23U-H60U100F-81-F1',21702,63200,,'',1,7000,,'',1,3200,,'',1,7200,,'',1,2900,,'',1,7100,,'',1,3100,,'',1,7200,,'',1,3100,,'',1,7200,,'',1,3200,,'',1,7200,,'',1,3200,,'',1,7300,,'',1,3200,,'',1,7200,,'',1,3200,,'',1,7100,,'',1,7200,,'',1,3200,,'',1,7200,,'',1,3100,,'',1,7300,,'',1,3100,,'',1,7100,,'',1,3000,,'',1,7000,,'',1,3000,,'',1,7200,,'',1,3200,,'',1,7300,,'',1,3000,,'',1,7000,,'',1,8500,,'',1
'23U-H60U200F-81-F2',21701,62900,4,'',1,2800,4,'',1,6800,4,'',1,3000,4,'',1,7200,4,'',1,3200,4,'',1,7100,4,'',1,7200,4,'',1,3100,4,'',1,7200,4,'',1,3200,4,'',1,7200,4,'',1,3200,4,'',1,7200,4,'',1,3300,4,'',1,7300,4,'',1,3100,4,'',1,7200,4,'',1,3200,4,'',1,7100,4,'',1,3200,4,'',1,7200,4,'',1,7200,4,'',1,3100,4,'',1,7000,4,'',1,3100,4,'',1,7100,4,'',1,3000,4,'',1,7000,4,'',1,3000,4,'',1,7200,4,'',1,3200,4,'',1,7300,4,'',1,4800,4,'',1
'23U-H60U200F-81-F2',21702,63200,,'',1,7000,,'',1,3200,,'',1,7200,,'',1,2900,,'',1,7100,,'',1,3100,,'',1,7200,,'',1,3100,,'',1,7200,,'',1,3200,,'',1,7200,,'',1,3200,,'',1,7300,,'',1,3200,,'',1,7200,,'',1,3200,,'',1,7100,,'',1,7200,,'',1,3200,,'',1,7200,,'',1,3100,,'',1,7300,,'',1,3100,,'',1,7100,,'',1,3000,,'',1,7000,,'',1,3000,,'',1,7200,,'',1,3200,,'',1,7300,,'',1,3000,,'',1,7000,,'',1,8500,,'',1
'23U-H60U000S-82-S',21901,71200,4,'',1,3600,4,'',2,7500,4,'',1,3500,4,'',2,7400,4,'',1,58700,4,'',1,3500,4,'',1,7600,4,'',1,7500,4,'',1,3400,4,'',1,7300,4,'',1,3600,4,'',1,9500,4,'',1
'23U-H60U000S-82-S',21902,61000,,'',1,3500,,'',2,7500,,'',1,3500,,'',2,7500,,'',1,62400,,'',1,7300,,'',1,7400,,'',1,3400,,'',1,7500,,'',1,3500,,'',1,8500,,'',1
