'23N-H50NV20A-80-A',16001,62100,4,'',1,3400,4,'',2,7300,4,'',1,7300,4,'',2,3300,4,'',1,7800,4,'',2,3400,4,'',1,7300,4,'',1,3100,4,'',2,7200,4,'',1,3000,4,'',1,7000,4,'',2,3100,4,'',1,7100,4,'',1,3100,4,'',2,7000,4,'',1,2600,4,'',1,6500,4,'',2,2400,4,'',1,6000,4,'',1,2000,4,'',1,2100,4,'',2,6000,4,'',1,2000,4,'',1,2000,4,'',1,6000,4,'',2,2000,4,'',2,2400,4,'',1,6900,4,'',1,3000,4,'',2,6900,4,'',1,3200,4,'',1,7200,4,'',2,3300,4,'',1,7200,4,'',1,3400,4,'',2,7500,4,'',1,7300,4,'',2,3400,4,'',1,7100,4,'',2,3200,4,'',1,7000,4,'',2,3000,4,'',1
'23N-H50NV20I-80-I',16001,73100,4,'',1,7600,4,'',2,3400,4,'',1,7700,4,'',2,3700,4,'',1,7500,4,'',2,7600,4,'',2,3300,4,'',1,7400,4,'',2,3400,4,'',2,7400,4,'',1,3300,4,'',2,6500,4,'',2,2300,4,'',2,6300,4,'',1,2300,4,'',2,2300,4,'',2,6300,4,'',2,2200,4,'',1,2100,4,'',2,6100,4,'',2,2200,4,'',2,6600,4,'',1,2700,4,'',2,6700,4,'',2,2700,4,'',1,2700,4,'',2,6900,4,'',2,2700,4,'',1,7400,4,'',2,3400,4,'',1,7400,4,'',2,7200,4,'',1,3300,4,'',2,7200,4,'',1,3100,4,'',2,7100,4,'',1,2600,4,'',2
'23N-H50NV20S-81-S',16001,65500,4,'',2,7200,4,'',1,7600,4,'',1,3200,4,'',2,9300,4,'',2,2200,4,'',1,6600,4,'',2,2800,4,'',2,6800,4,'',2,2800,4,'',1,7000,4,'',2,2900,4,'',2,6900,4,'',1,2900,4,'',1,6900,4,'',1,2700,4,'',2,2400,4,'',1,6400,4,'',1,2400,4,'',1,6100,4,'',1,1400,4,'',1,400,4,'',2,1900,4,'',1,5700,4,'',2,1500,4,'',1,1400,4,'',1,1400,4,'',1,1400,4,'',2,5200,4,'',1,1200,4,'',2,1400,4,'',1,1900,4,'',1,7000,4,'',1,2700,4,'',2,6900,4,'',1,3000,4,'',1,7000,4,'',2,3000,4,'',1,7000,4,'',1,3100,4,'',2,6600,4,'',1,3100,4,'',1,7100,4,'',2,3100,4,'',1,6900,4,'',1,3100,4,'',2
'23N-H55NV20S-80-S',16001,63000,4,'',1,27000,4,'',2
'24J-H50J000A-82-A',16001,62100,4,'',2,3300,4,'',1,7400,4,'',2,8000,4,'',1,3500,4,'',1,7300,4,'',2,3300,4,'',1,7300,4,'',1,3000,4,'',2,7000,4,'',1,2900,4,'',1,7300,4,'',2,3000,4,'',1,7000,4,'',1,3000,4,'',2,7000,4,'',1,3000,4,'',2,6600,4,'',2,2200,4,'',2,6000,4,'',1,2000,4,'',2,2000,4,'',1,5900,4,'',2,2000,4,'',2,2000,4,'',2,6000,4,'',1,2000,4,'',1,2600,4,'',2,6900,4,'',2,3100,4,'',1,7100,4,'',2,3200,4,'',2,6900,4,'',1,3200,4,'',2,7300,4,'',1,3300,4,'',1,7400,4,'',2,7100,4,'',2,3200,4,'',1,7400,4,'',2,3300,4,'',1,7100,4,'',2,2900,4,'',1
'24J-H50J000I-82-I',16001,73600,4,'',2,6900,4,'',1,3600,4,'',1,7600,4,'',1,4100,4,'',1,7800,4,'',1,7300,4,'',2,3300,4,'',1,7400,4,'',1,3200,4,'',2,7200,4,'',1,3200,4,'',1,7200,4,'',2,2400,4,'',1,6200,4,'',2,2300,4,'',1,2200,4,'',2,6200,4,'',1,2200,4,'',2,6300,4,'',1,2200,4,'',1,2200,4,'',2,6300,4,'',2,2700,4,'',1,6800,4,'',1,2700,4,'',2,2700,4,'',1,6900,4,'',1,2900,4,'',2,7000,4,'',1,2900,4,'',1,7400,4,'',2,7400,4,'',1,3200,4,'',2,7400,4,'',1,3100,4,'',2,7200,4,'',1,2900,4,'',2
'24J-H50J000S-82-S',16001,63000,4,'',2,2500,4,'',1,14900,4,'',2,3200,4,'',1,6500,4,'',1,2600,4,'',1,2300,4,'',2,6500,4,'',1,2800,4,'',1,6800,4,'',1,2700,4,'',2,6900,4,'',1,2700,4,'',1,7100,4,'',1,3100,4,'',2,7100,4,'',1,2600,4,'',2,2400,4,'',1,6600,4,'',2,2300,4,'',1,6000,4,'',1,1400,4,'',2,400,4,'',2,1900,4,'',1,1500,4,'',1,5400,4,'',2,2800,4,'',1,1400,4,'',1,5200,4,'',1,1200,4,'',2,1700,4,'',1,1900,4,'',2,7000,4,'',1,2700,4,'',2,6900,4,'',2,3000,4,'',1,7000,4,'',2,3000,4,'',2,7000,4,'',1,3100,4,'',2,6600,4,'',2,3100,4,'',1,7100,4,'',2,3100,4,'',2,6900,4,'',1,3100,4,'',2
'24J-H50JV00A-81-A',16001,62100,4,'',2,3300,4,'',1,7400,4,'',2,8000,4,'',1,3500,4,'',1,7300,4,'',2,3300,4,'',1,7300,4,'',1,3000,4,'',2,7000,4,'',1,2900,4,'',1,7300,4,'',2,3000,4,'',1,7000,4,'',1,3000,4,'',2,7000,4,'',1,3000,4,'',2,6600,4,'',2,2200,4,'',2,6000,4,'',1,2000,4,'',2,2000,4,'',1,5900,4,'',2,2000,4,'',2,2000,4,'',2,6000,4,'',1,2000,4,'',1,2600,4,'',2,6900,4,'',2,3100,4,'',1,7100,4,'',2,3200,4,'',2,6900,4,'',1,3200,4,'',2,7300,4,'',1,3300,4,'',1,7400,4,'',2,7100,4,'',2,3200,4,'',1,7400,4,'',2,3300,4,'',1,7100,4,'',2,2900,4,'',1
'24J-H50JV00I-81-I',16001,73600,4,'',2,6900,4,'',1,3600,4,'',1,7600,4,'',1,4100,4,'',1,7800,4,'',1,7300,4,'',2,3300,4,'',1,7400,4,'',1,3200,4,'',2,7200,4,'',1,3200,4,'',1,7200,4,'',2,2400,4,'',1,6200,4,'',2,2300,4,'',1,2200,4,'',2,6200,4,'',1,2200,4,'',2,6300,4,'',1,2200,4,'',1,2200,4,'',2,6300,4,'',2,2700,4,'',1,6800,4,'',1,2700,4,'',2,2700,4,'',1,6900,4,'',1,2900,4,'',2,7000,4,'',1,2900,4,'',1,7400,4,'',2,7400,4,'',1,3200,4,'',2,7400,4,'',1,3100,4,'',2,7200,4,'',1,2900,4,'',2
'24J-H50JV00S-84-S',16001,63000,4,'',2,2500,4,'',1,14900,4,'',2,3200,4,'',1,6500,4,'',1,2600,4,'',1,2300,4,'',2,6500,4,'',1,2800,4,'',1,6800,4,'',1,2700,4,'',2,6900,4,'',1,2700,4,'',1,7100,4,'',1,3100,4,'',2,7100,4,'',1,2600,4,'',2,2400,4,'',1,6600,4,'',2,2300,4,'',1,6000,4,'',1,1400,4,'',1,400,4,'',2,1900,4,'',1,1500,4,'',1,5400,4,'',2,2800,4,'',1,1400,4,'',1,5200,4,'',1,1200,4,'',1,1700,4,'',1,1900,4,'',2,7000,4,'',1,2700,4,'',1,6900,4,'',2,3000,4,'',1,7000,4,'',1,3000,4,'',2,7000,4,'',1,3100,4,'',1,6600,4,'',2,3100,4,'',1,7100,4,'',1,3100,4,'',2,6900,4,'',1,3100,4,'',1
'24J-H55J000S-80-S',16001,72700,4,'',2
'24J-H55JV00S-83-S',16001,72700,4,'',2
'24J-H59J000S-85-S',16001,172600,4,'',1
'24J-H59JV00S-83-S',16001,172600,4,'',1
