'23N-H57NV20A-80-A',2702,61300,4,'',1,3900,4,'',1,8200,4,'',1,8000,4,'',1,4100,4,'',1,8100,4,'',1,8100,4,'',1,4100,4,'',1,7400,4,'',2,2200,4,'',1,6200,4,'',2,2300,4,'',1,6300,4,'',2,2300,4,'',1,2200,4,'',2,6300,4,'',1,2000,4,'',1,1900,4,'',2,6000,4,'',1,2100,4,'',1,2500,4,'',1,6100,4,'',1,2100,4,'',1,2000,4,'',1,6000,4,'',1,2300,4,'',1,6300,4,'',1,2300,4,'',1,2000,4,'',1,6300,4,'',1,3300,4,'',1,7900,4,'',1,7900,4,'',1,4000,4,'',1,7900,4,'',1,3900,4,'',1,8000,4,'',1,7900,4,'',2,3900,4,'',1,7900,4,'',1
'23N-H57NV20I-80-I',2702,70400,4,'',1,3900,4,'',1,7900,4,'',1,7900,4,'',1,3200,4,'',2,2000,4,'',1,5900,4,'',2,2000,4,'',1,2100,4,'',2,6000,4,'',1,2100,4,'',2,2200,4,'',1,6100,4,'',2,2200,4,'',1,6100,4,'',2,2200,4,'',1,2100,4,'',2,5900,4,'',1,1800,4,'',1,1900,4,'',2,2000,4,'',1,6000,4,'',1,2000,4,'',2,6100,4,'',1,2000,4,'',1,2200,4,'',1,6100,4,'',2,2100,4,'',1,2100,4,'',2,6100,4,'',1,2100,4,'',2,2100,4,'',1,6000,4,'',2,1900,4,'',1,7900,4,'',1,3900,4,'',1,7700,4,'',1,7800,4,'',1,3800,4,'',1,7900,4,'',1,3900,4,'',1,7900,4,'',1,8000,4,'',1
'23N-H57NV20S-80-S',2702,53500,4,'',1,6500,4,'',2,2500,4,'',1,2500,4,'',2,6400,4,'',1,1200,4,'',1,1100,4,'',1,1100,4,'',1,900,4,'',2,5100,4,'',1,1100,4,'',1,1000,4,'',2,900,4,'',1,1200,4,'',1,5200,4,'',1,1100,4,'',2,1400,4,'',1,2700,4,'',1,6600,4,'',1,2500,4,'',1,6500,4,'',1,2500,4,'',1,6600,4,'',1,2700,4,'',1,2700,4,'',1,6700,4,'',1,2700,4,'',1,6700,4,'',1,1900,4,'',2,1900,4,'',1,6100,4,'',1,1800,4,'',2,1900,4,'',1,6500,4,'',1,2500,4,'',2,6600,4,'',2,2600,4,'',2,2100,4,'',2,6000,4,'',1,2500,4,'',1,6300,4,'',1,2500,4,'',1,2500,4,'',1,6300,4,'',1,2700,4,'',1,6900,4,'',1,3100,4,'',1,7200,4,'',1,3200,4,'',1,7200,4,'',1,8100,4,'',1,3600,4,'',1,7800,4,'',1
'24J-H57J000A-80-A',2702,61400,4,'',1,3900,4,'',1,8200,4,'',1,8000,4,'',1,4000,4,'',1,8200,4,'',1,8000,4,'',1,4200,4,'',1,7400,4,'',1,2400,4,'',1,6200,4,'',1,2100,4,'',1,6200,4,'',2,2300,4,'',2,2400,4,'',2,6300,4,'',1,2200,4,'',2,2100,4,'',1,6000,4,'',1,2000,4,'',2,1900,4,'',1,6200,4,'',1,2100,4,'',1,2000,4,'',1,6000,4,'',1,2300,4,'',1,6300,4,'',1,2300,4,'',1,2300,4,'',1,6300,4,'',1,2800,4,'',1,8100,4,'',1,8000,4,'',1,4000,4,'',1,8000,4,'',1,7900,4,'',1,3800,4,'',1,7900,4,'',1,3900,4,'',1,7900,4,'',1
'24J-H57J000I-80-I',2702,70600,4,'',1,3600,4,'',1,7900,4,'',1,8000,4,'',1,3000,4,'',1,2200,4,'',1,6100,4,'',1,2000,4,'',1,2100,4,'',1,6000,4,'',1,2100,4,'',1,2100,4,'',1,6100,4,'',1,2100,4,'',1,6100,4,'',1,2300,4,'',1,2100,4,'',1,5900,4,'',1,2000,4,'',1,2100,4,'',1,5800,4,'',1,1900,4,'',1,1900,4,'',1,6000,4,'',1,2000,4,'',1,2100,4,'',1,6300,4,'',1,2200,4,'',1,2200,4,'',1,6200,4,'',1,2200,4,'',1,2200,4,'',1,6100,4,'',1,2100,4,'',1,6900,4,'',1,3900,4,'',1,8000,4,'',1,7900,4,'',1,3900,4,'',1,7900,4,'',1,3800,4,'',1,7900,4,'',1,7700,4,'',1
'24J-H57J000S-81-S',2702,53300,4,'',2,2500,4,'',1,6700,4,'',2,2400,4,'',1,6500,4,'',2,2100,4,'',2,1000,4,'',1,1100,4,'',2,5200,4,'',2,1100,4,'',1,1100,4,'',1,1100,4,'',2,900,4,'',1,5000,4,'',1,1000,4,'',1,2100,4,'',2,2300,4,'',1,6600,4,'',1,2500,4,'',1,6500,4,'',1,2600,4,'',1,6800,4,'',1,2600,4,'',1,2700,4,'',1,6700,4,'',1,2700,4,'',1,6600,4,'',1,1900,4,'',2,1900,4,'',1,6300,4,'',2,1900,4,'',2,1900,4,'',1,6300,4,'',2,2400,4,'',1,6400,4,'',1,2800,4,'',2,2000,4,'',2,6000,4,'',1,2400,4,'',2,6400,4,'',1,2500,4,'',2,2600,4,'',1,6600,4,'',2,2600,4,'',1,7000,4,'',2,3000,4,'',1,7000,4,'',2,3200,4,'',1,7200,4,'',2,3900,4,'',2,8000,4,'',1,7500,4,'',2
'24J-H57JV00A-80-A',2702,61400,4,'',1,3900,4,'',1,8200,4,'',1,8000,4,'',1,4000,4,'',1,8200,4,'',1,8000,4,'',1,4200,4,'',1,7400,4,'',1,2400,4,'',1,6200,4,'',1,2100,4,'',1,6200,4,'',2,2300,4,'',2,2400,4,'',2,6300,4,'',1,2200,4,'',2,2100,4,'',1,6000,4,'',1,2000,4,'',2,1900,4,'',1,6200,4,'',1,2100,4,'',1,2000,4,'',1,6000,4,'',1,2300,4,'',1,6300,4,'',1,2300,4,'',1,2300,4,'',1,6300,4,'',1,2800,4,'',1,8100,4,'',1,8000,4,'',1,4000,4,'',1,8000,4,'',1,7900,4,'',1,3800,4,'',1,7900,4,'',1,3900,4,'',1,7900,4,'',1
'24J-H57JV00I-80-I',2702,70600,4,'',1,3600,4,'',1,7900,4,'',1,8000,4,'',1,3000,4,'',1,2200,4,'',1,6100,4,'',1,2000,4,'',1,2100,4,'',1,6000,4,'',1,2100,4,'',1,2100,4,'',1,6100,4,'',1,2100,4,'',1,6100,4,'',1,2300,4,'',1,2100,4,'',1,5900,4,'',1,2000,4,'',1,2100,4,'',1,5800,4,'',1,1900,4,'',1,1900,4,'',1,6000,4,'',1,2000,4,'',1,2100,4,'',1,6300,4,'',1,2200,4,'',1,2200,4,'',1,6200,4,'',1,2200,4,'',1,2200,4,'',1,6100,4,'',1,2100,4,'',1,6900,4,'',1,3900,4,'',1,8000,4,'',1,7900,4,'',1,3900,4,'',1,7900,4,'',1,3800,4,'',1,7900,4,'',1,7700,4,'',1
'24J-H57JV00S-83-S',2702,53300,4,'',2,2500,4,'',1,6700,4,'',2,2400,4,'',1,6500,4,'',1,2100,4,'',2,1000,4,'',1,1100,4,'',2,5200,4,'',1,1100,4,'',1,1100,4,'',1,1100,4,'',2,900,4,'',1,5000,4,'',1,1000,4,'',1,2100,4,'',2,2300,4,'',1,6600,4,'',1,2500,4,'',1,6500,4,'',1,2600,4,'',1,6800,4,'',1,2600,4,'',1,2700,4,'',1,6700,4,'',1,2700,4,'',1,6600,4,'',1,1900,4,'',2,1900,4,'',1,6300,4,'',2,1900,4,'',1,1900,4,'',1,6300,4,'',2,2400,4,'',1,6400,4,'',1,2800,4,'',2,2000,4,'',2,6000,4,'',1,2400,4,'',2,6400,4,'',1,2500,4,'',2,2600,4,'',1,6600,4,'',2,2600,4,'',1,7000,4,'',2,3000,4,'',1,7000,4,'',2,3200,4,'',1,7200,4,'',2,3900,4,'',2,8000,4,'',1,7500,4,'',2
'24J-H59J000S-85-S',2702,72400,4,'',1
'24J-H59JV00S-83-S',2702,72400,4,'',1
'23N-H57NV20A-80-A',4702,61800,4,'',1,3000,4,'',1,7000,4,'',1,2900,4,'',1,6900,4,'',1,2800,4,'',1,5900,4,'',1,1800,4,'',1,1800,4,'',1,1800,4,'',1,6400,4,'',2,3000,4,'',1,7000,4,'',2,3000,4,'',1,6800,4,'',2,1900,4,'',2,1800,4,'',1,5900,4,'',2,2000,4,'',1,2000,4,'',1,6000,4,'',1,2000,4,'',2,2300,4,'',1,6400,4,'',2,2400,4,'',2,6200,4,'',1,2200,4,'',2,2300,4,'',2,6100,4,'',1,2000,4,'',2,2400,4,'',2,6700,4,'',1,3200,4,'',2,7200,4,'',1,2900,4,'',2,6900,4,'',1,2700,4,'',2,6900,4,'',1,2900,4,'',1,7200,4,'',2,3300,4,'',1,7300,4,'',2,7300,4,'',1,4700,4,'',1,8700,4,'',2
'23N-H57NV20I-80-I',4702,62000,4,'',1,8600,4,'',1,4600,4,'',1,8700,4,'',1,8900,4,'',1,7900,4,'',1,3200,4,'',1,7000,4,'',1,3000,4,'',1,7000,4,'',1,2900,4,'',1,7000,4,'',1,3000,4,'',1,7000,4,'',1,3000,4,'',1,6800,4,'',1,2000,4,'',2,2000,4,'',1,6000,4,'',1,2300,4,'',2,2900,4,'',1,6800,4,'',2,3000,4,'',1,6800,4,'',2,3100,4,'',1,7100,4,'',2,3200,4,'',1,7100,4,'',2,3000,4,'',1,7100,4,'',2,7400,4,'',1,4700,4,'',1,8700,4,'',2,8700,4,'',1,8700,4,'',1
'23N-H57NV20S-80-S',4702,53800,4,'',1,7200,4,'',1,3000,4,'',1,7000,4,'',1,2900,4,'',1,6100,4,'',2,1300,4,'',2,1300,4,'',1,1600,4,'',1,1100,4,'',1,6800,4,'',1,2900,4,'',1,6900,4,'',1,3000,4,'',1,7200,4,'',1,2900,4,'',1,6900,4,'',1,2900,4,'',1,6900,4,'',1,2900,4,'',1,6900,4,'',1,3300,4,'',1,7200,4,'',1,3300,4,'',1,6900,4,'',2,2400,4,'',2,7000,4,'',1,3100,4,'',1,7000,4,'',1,2900,4,'',1,7100,4,'',1,2800,4,'',1,6800,4,'',1,2800,4,'',1,6900,4,'',1,3100,4,'',1,7100,4,'',1,2900,4,'',1,6900,4,'',1,3100,4,'',1,7100,4,'',1,3100,4,'',1,7100,4,'',1
'24J-H57J000A-80-A',4702,61800,4,'',1,3000,4,'',1,7000,4,'',1,2900,4,'',1,6900,4,'',1,2800,4,'',1,5800,4,'',1,1800,4,'',1,1800,4,'',2,1900,4,'',1,6400,4,'',2,3000,4,'',1,7000,4,'',2,3000,4,'',1,6800,4,'',2,1900,4,'',1,1800,4,'',1,5900,4,'',1,2000,4,'',1,2000,4,'',1,6000,4,'',1,2000,4,'',2,2300,4,'',1,6400,4,'',2,2300,4,'',1,6300,4,'',1,2200,4,'',2,2200,4,'',1,6200,4,'',1,2000,4,'',2,2400,4,'',1,6700,4,'',1,3200,4,'',1,7200,4,'',1,2900,4,'',1,6900,4,'',1,2700,4,'',1,6900,4,'',1,2900,4,'',1,7200,4,'',1,3300,4,'',1,7300,4,'',1,7300,4,'',1,4700,4,'',1,8700,4,'',1
'24J-H57J000I-80-I',4702,62000,4,'',1,8600,4,'',1,4600,4,'',1,8700,4,'',1,8800,4,'',1,8000,4,'',1,3200,4,'',1,7000,4,'',1,3000,4,'',1,7000,4,'',1,2900,4,'',1,7000,4,'',1,3000,4,'',1,7000,4,'',1,3000,4,'',1,6800,4,'',1,2000,4,'',2,2000,4,'',1,6000,4,'',1,2300,4,'',2,2900,4,'',1,6800,4,'',2,3000,4,'',1,6800,4,'',2,3200,4,'',1,7300,4,'',2,7200,4,'',1,2900,4,'',2,2900,4,'',1,7100,4,'',2,7500,4,'',1,4600,4,'',1,8700,4,'',1,8700,4,'',1,8700,4,'',1
'24J-H57J000S-81-S',4702,53800,4,'',1,7200,4,'',2,3000,4,'',1,6900,4,'',2,3000,4,'',1,1800,4,'',2,5600,4,'',2,1700,4,'',1,1500,4,'',2,5600,4,'',1,2000,4,'',1,2900,4,'',2,6900,4,'',1,2900,4,'',2,7300,4,'',1,2900,4,'',2,6900,4,'',1,2900,4,'',2,6900,4,'',1,2900,4,'',2,7000,4,'',1,3200,4,'',2,7200,4,'',1,3300,4,'',2,6900,4,'',1,2300,4,'',2,7200,4,'',2,3000,4,'',2,7100,4,'',1,2900,4,'',1,7000,4,'',1,2800,4,'',1,6800,4,'',1,2800,4,'',1,7000,4,'',1,3000,4,'',1,7000,4,'',1,2900,4,'',1,6900,4,'',1,3000,4,'',1,7000,4,'',1,3200,4,'',1,7300,4,'',1
'24J-H57JV00A-80-A',4702,61800,4,'',1,3000,4,'',1,7000,4,'',1,2900,4,'',1,6900,4,'',1,2800,4,'',1,5800,4,'',1,1800,4,'',1,1800,4,'',2,1900,4,'',1,6400,4,'',2,3000,4,'',1,7000,4,'',2,3000,4,'',1,6800,4,'',2,1900,4,'',1,1800,4,'',1,5900,4,'',1,2000,4,'',1,2000,4,'',1,6000,4,'',1,2000,4,'',2,2300,4,'',1,6400,4,'',2,2300,4,'',1,6300,4,'',1,2200,4,'',2,2200,4,'',1,6200,4,'',1,2000,4,'',2,2400,4,'',1,6700,4,'',1,3200,4,'',1,7200,4,'',1,2900,4,'',1,6900,4,'',1,2700,4,'',1,6900,4,'',1,2900,4,'',1,7200,4,'',1,3300,4,'',1,7300,4,'',1,7300,4,'',1,4700,4,'',1,8700,4,'',1
'24J-H57JV00I-80-I',4702,62000,4,'',1,8600,4,'',1,4600,4,'',1,8700,4,'',1,8800,4,'',1,8000,4,'',1,3200,4,'',1,7000,4,'',1,3000,4,'',1,7000,4,'',1,2900,4,'',1,7000,4,'',1,3000,4,'',1,7000,4,'',1,3000,4,'',1,6800,4,'',1,2000,4,'',2,2000,4,'',1,6000,4,'',1,2300,4,'',2,2900,4,'',1,6800,4,'',2,3000,4,'',1,6800,4,'',2,3200,4,'',1,7300,4,'',2,7200,4,'',1,2900,4,'',2,2900,4,'',1,7100,4,'',2,7500,4,'',1,4600,4,'',1,8700,4,'',1,8700,4,'',1,8700,4,'',1
'24J-H57JV00S-83-S',4702,53800,4,'',1,7200,4,'',1,3000,4,'',1,6900,4,'',1,3000,4,'',1,1800,4,'',2,5600,4,'',1,1700,4,'',1,1500,4,'',2,5600,4,'',1,2000,4,'',1,2900,4,'',2,6900,4,'',1,2900,4,'',2,7300,4,'',1,2900,4,'',2,6900,4,'',1,2900,4,'',2,6900,4,'',1,2900,4,'',2,7000,4,'',1,3200,4,'',2,7200,4,'',1,3300,4,'',2,6900,4,'',1,2300,4,'',2,7200,4,'',2,3000,4,'',2,7100,4,'',1,2900,4,'',1,7000,4,'',1,2800,4,'',1,6800,4,'',1,2800,4,'',1,7000,4,'',1,3000,4,'',1,7000,4,'',1,2900,4,'',1,6900,4,'',1,3000,4,'',1,7000,4,'',1,3200,4,'',1,7300,4,'',1
