'24M-H59M000A-83-A',3401,54200,4,'',2,7700,4,'',1,2900,4,'',2,6900,4,'',1,2900,4,'',2,6900,4,'',1,2900,4,'',2,6900,4,'',1,2900,4,'',2,7000,4,'',1,3000,4,'',2,7100,4,'',1,3200,4,'',2,7100,4,'',1,3000,4,'',2,7000,4,'',1,3000,4,'',2,7100,4,'',1,3100,4,'',2,7100,4,'',1,3100,4,'',2,7100,4,'',1,3000,4,'',2,7000,4,'',1,2900,4,'',2,7000,4,'',1,3000,4,'',2,6900,4,'',1,2600,4,'',2,6600,4,'',1,2800,4,'',2,6800,4,'',1,2800,4,'',2,6500,4,'',1,2500,4,'',2,2500,4,'',1,6500,4,'',2,2400,4,'',1,6400,4,'',2,2400,4,'',1,2100,4,'',2,6400,4,'',1,2400,4,'',2,6400,4,'',1
'24M-H59M000A-83-A',3402,52000,,'',1,3100,,'',2,7000,,'',1,3000,,'',2,7000,,'',1,3000,,'',2,7000,,'',1,3000,,'',2,7000,,'',1,3000,,'',2,7000,,'',1,3000,,'',2,7000,,'',1,3000,,'',2,7000,,'',1,3100,,'',2,7100,,'',1,3100,,'',2,7100,,'',1,3100,,'',2,7000,,'',1,3000,,'',2,7000,,'',1,3000,,'',2,7000,,'',1,3000,,'',2,7000,,'',1,3000,,'',2,6900,,'',1,2900,,'',2,6900,,'',1,2600,,'',2,6700,,'',1,2300,,'',2,6600,,'',1,2500,,'',2,2500,,'',1,6500,,'',2,2400,,'',1,6100,,'',2,2700,,'',1,2400,,'',2,6400,,'',1
'24M-H59M000I-83-I',3401,53800,4,'',2,7700,4,'',1,2900,4,'',2,6900,4,'',1,2900,4,'',2,6900,4,'',1,3200,4,'',2,6900,4,'',1,2900,4,'',2,6900,4,'',1,2900,4,'',2,7000,4,'',1,3300,4,'',2,7000,4,'',1,3000,4,'',2,7000,4,'',1,3000,4,'',2,7000,4,'',1,3000,4,'',2,7000,4,'',1,3100,4,'',2,7000,4,'',1,2800,4,'',2,7000,4,'',1,3000,4,'',2,7000,4,'',1,3000,4,'',2,6900,4,'',1,3000,4,'',2,7000,4,'',1,3000,4,'',2,7000,4,'',1,3000,4,'',2,7000,4,'',1,2800,4,'',2,7000,4,'',1,2900,4,'',2,6900,4,'',1,2700,4,'',2,6900,4,'',1,2900,4,'',2
'24M-H59M000I-83-I',3402,52000,,'',1,2600,,'',2,7100,,'',1,2900,,'',2,7000,,'',1,3000,,'',2,7100,,'',1,3100,,'',2,7000,,'',1,3000,,'',2,7000,,'',1,3000,,'',2,7000,,'',1,3000,,'',2,7000,,'',1,3000,,'',2,7100,,'',1,2900,,'',2,7000,,'',1,3000,,'',2,7000,,'',1,3000,,'',2,7000,,'',1,3000,,'',2,7000,,'',1,3000,,'',2,7000,,'',1,3000,,'',2,7000,,'',1,3000,,'',2,7000,,'',1,3000,,'',2,7000,,'',1,3000,,'',2,7000,,'',1,3000,,'',2,7000,,'',1,3000,,'',2,7000,,'',1,3100,,'',2,7100,,'',1
'24M-H59M000S-85-S',3401,51700,4,'',2,3100,4,'',1,7200,4,'',2,2400,4,'',1,1500,4,'',1,5300,4,'',2,1200,4,'',2,1100,4,'',2,1400,4,'',1,5400,4,'',2,1400,4,'',1,1400,4,'',2,2500,4,'',1,7100,4,'',1,3200,4,'',1,6900,4,'',1,2900,4,'',1,7000,4,'',1,3100,4,'',1,7000,4,'',1,3100,4,'',1,7000,4,'',1,2900,4,'',2,6600,4,'',1,2600,4,'',1,6900,4,'',2,2700,4,'',1,6700,4,'',1,2100,4,'',2,1900,4,'',2,5900,4,'',1,1700,4,'',1,2000,4,'',2,5500,4,'',1,1600,4,'',2,1800,4,'',1,2000,4,'',2,6100,4,'',1,2100,4,'',1,7000,4,'',2,3000,4,'',1,7000,4,'',2,3000,4,'',1,7000,4,'',2,3000,4,'',1,7000,4,'',1,2800,4,'',1,6800,4,'',1,2800,4,'',2,6600,4,'',1,2600,4,'',2
'24M-H59M000S-85-S',3402,52100,,'',2,3100,,'',1,7200,,'',2,2500,,'',1,5600,,'',1,1400,,'',2,2100,,'',2,1400,,'',1,5600,,'',2,1600,,'',1,2400,,'',2,5100,,'',1,3300,,'',1,7000,,'',1,3000,,'',1,7000,,'',1,3000,,'',1,6900,,'',1,3000,,'',1,7100,,'',1,3000,,'',1,6900,,'',2,2600,,'',1,7300,,'',1,2600,,'',2,2900,,'',1,6500,,'',1,2000,,'',2,7300,,'',2,1900,,'',1,2300,,'',2,6200,,'',1,2400,,'',1,7000,,'',2,3100,,'',1,7100,,'',2,3000,,'',1,7100,,'',2,3200,,'',1,7000,,'',1,2900,,'',1,7100,,'',1,2900,,'',2,6700,,'',1,2800,,'',2,7300,,'',1
'24M-H59M100F-83-F1',3401,53800,4,'',2,7700,4,'',1,2900,4,'',2,6900,4,'',1,2900,4,'',2,6900,4,'',1,3200,4,'',2,6900,4,'',1,2900,4,'',2,6900,4,'',1,2900,4,'',2,7000,4,'',1,3300,4,'',2,7000,4,'',1,3000,4,'',2,7000,4,'',1,3000,4,'',2,7000,4,'',1,3000,4,'',2,7000,4,'',1,3100,4,'',2,7000,4,'',1,2800,4,'',2,7000,4,'',1,3000,4,'',2,7000,4,'',1,3000,4,'',2,6900,4,'',1,3000,4,'',2,7000,4,'',1,3000,4,'',2,7000,4,'',1,3000,4,'',2,7000,4,'',1,2800,4,'',2,7000,4,'',1,2900,4,'',2,6900,4,'',1,2700,4,'',2,6900,4,'',1,2900,4,'',2
'24M-H59M100F-83-F1',3402,52000,,'',1,2600,,'',2,7100,,'',1,2900,,'',2,7000,,'',1,3000,,'',2,7100,,'',1,3100,,'',2,7000,,'',1,3000,,'',2,7000,,'',1,3000,,'',2,7000,,'',1,3000,,'',2,7000,,'',1,3000,,'',2,7100,,'',1,2900,,'',2,7000,,'',1,3000,,'',2,7000,,'',1,3000,,'',2,7000,,'',1,3000,,'',2,7000,,'',1,3000,,'',2,7000,,'',1,3000,,'',2,7000,,'',1,3000,,'',2,7000,,'',1,3000,,'',2,7000,,'',1,3000,,'',2,7000,,'',1,3000,,'',2,7000,,'',1,3000,,'',2,7000,,'',1,3100,,'',2,7100,,'',1
'24M-H59M200F-80-F2',3401,53800,4,'',2,7700,4,'',1,2900,4,'',2,6900,4,'',1,2900,4,'',2,6900,4,'',1,3200,4,'',2,6900,4,'',1,2900,4,'',2,6900,4,'',1,2900,4,'',2,7000,4,'',1,3300,4,'',2,7000,4,'',1,3000,4,'',2,7000,4,'',1,3000,4,'',2,7000,4,'',1,3000,4,'',2,7000,4,'',1,3100,4,'',2,7000,4,'',1,2800,4,'',2,7000,4,'',1,3000,4,'',2,7000,4,'',1,3000,4,'',2,6900,4,'',1,3000,4,'',2,7000,4,'',1,3000,4,'',2,7000,4,'',1,3000,4,'',2,7000,4,'',1,2800,4,'',2,7000,4,'',1,2900,4,'',2,6900,4,'',1,2700,4,'',2,6900,4,'',1,2900,4,'',2
'24M-H59M200F-80-F2',3402,52000,,'',1,2600,,'',2,7100,,'',1,2900,,'',2,7000,,'',1,3000,,'',2,7100,,'',1,3100,,'',2,7000,,'',1,3000,,'',2,7000,,'',1,3000,,'',2,7000,,'',1,3000,,'',2,7000,,'',1,3000,,'',2,7100,,'',1,2900,,'',2,7000,,'',1,3000,,'',2,7000,,'',1,3000,,'',2,7000,,'',1,3000,,'',2,7000,,'',1,3000,,'',2,7000,,'',1,3000,,'',2,7000,,'',1,3000,,'',2,7000,,'',1,3000,,'',2,7000,,'',1,3000,,'',2,7000,,'',1,3000,,'',2,7000,,'',1,3000,,'',2,7000,,'',1,3100,,'',2,7100,,'',1
'24M-H59M300F-80-F3',3401,53800,4,'',2,7700,4,'',1,2900,4,'',2,6900,4,'',1,2900,4,'',2,6900,4,'',1,3200,4,'',2,6900,4,'',1,2900,4,'',2,6900,4,'',1,2900,4,'',2,7000,4,'',1,3300,4,'',2,7000,4,'',1,3000,4,'',2,7000,4,'',1,3000,4,'',2,7000,4,'',1,3000,4,'',2,7000,4,'',1,3100,4,'',2,7000,4,'',1,2800,4,'',2,7000,4,'',1,3000,4,'',2,7000,4,'',1,3000,4,'',2,6900,4,'',1,3000,4,'',2,7000,4,'',1,3000,4,'',2,7000,4,'',1,3000,4,'',2,7000,4,'',1,2800,4,'',2,7000,4,'',1,2900,4,'',2,6900,4,'',1,2700,4,'',2,6900,4,'',1,2900,4,'',2
'24M-H59M300F-80-F3',3402,52000,,'',1,2600,,'',2,7100,,'',1,2900,,'',2,7000,,'',1,3000,,'',2,7100,,'',1,3100,,'',2,7000,,'',1,3000,,'',2,7000,,'',1,3000,,'',2,7000,,'',1,3000,,'',2,7000,,'',1,3000,,'',2,7100,,'',1,2900,,'',2,7000,,'',1,3000,,'',2,7000,,'',1,3000,,'',2,7000,,'',1,3000,,'',2,7000,,'',1,3000,,'',2,7000,,'',1,3000,,'',2,7000,,'',1,3000,,'',2,7000,,'',1,3000,,'',2,7000,,'',1,3000,,'',2,7000,,'',1,3000,,'',2,7000,,'',1,3000,,'',2,7000,,'',1,3100,,'',2,7100,,'',1
