'24J-H54J000A-81-A',2803,54200,4,'',1,6800,4,'',2,3300,4,'',1,7300,4,'',1,3300,4,'',2,7300,4,'',1,3300,4,'',1,7400,4,'',2,7300,4,'',1,3200,4,'',1,7200,4,'',2,3300,4,'',1,7200,4,'',1,2500,4,'',1,6700,4,'',2,3000,4,'',1,7000,4,'',2,3000,4,'',2,7000,4,'',1,3100,4,'',2,7100,4,'',2,3100,4,'',1,7100,4,'',2,3200,4,'',2,7200,4,'',1,3300,4,'',2,7300,4,'',2,3400,4,'',1,7400,4,'',2,3400,4,'',2,7400,4,'',1,7400,4,'',2,3200,4,'',2,7200,4,'',1,3300,4,'',2,7300,4,'',1,3300,4,'',1,7300,4,'',2,3300,4,'',1,7300,4,'',1,7300,4,'',2
'24J-H54J000A-81-A',2804,50400,,'',1,3500,,'',1,7500,,'',2,3500,,'',1,7500,,'',1,3400,,'',2,7400,,'',1,7300,,'',1,3300,,'',2,7400,,'',1,3400,,'',1,7500,,'',2,3600,,'',1,7600,,'',2,7500,,'',2,3000,,'',1,7000,,'',2,3100,,'',2,7100,,'',1,3100,,'',2,7100,,'',2,3200,,'',1,7200,,'',2,3300,,'',2,7300,,'',1,3300,,'',2,7300,,'',2,7300,,'',1,3300,,'',2,7300,,'',2,3300,,'',1,7200,,'',2,3200,,'',1,7200,,'',1,3200,,'',2,7300,,'',1,3300,,'',1,7300,,'',2,2300,,'',1
'24J-H54J000I-82-I',2803,54300,4,'',2,6700,4,'',2,2800,4,'',1,7300,4,'',1,3300,4,'',1,7200,4,'',1,3200,4,'',1,7200,4,'',1,3300,4,'',1,7200,4,'',1,3200,4,'',1,6700,4,'',2,2600,4,'',1,6700,4,'',1,3100,4,'',2,7100,4,'',2,3100,4,'',1,7100,4,'',2,3100,4,'',2,7300,4,'',1,3200,4,'',2,7400,4,'',2,7400,4,'',1,3400,4,'',2,7400,4,'',2,3400,4,'',1,7500,4,'',2,3500,4,'',2,7500,4,'',1,7600,4,'',2,3500,4,'',1,7200,4,'',1,3100,4,'',2,7100,4,'',2,3000,4,'',1,7100,4,'',1,3200,4,'',2,7300,4,'',1,3300,4,'',1,7000,4,'',1
'24J-H54J000I-82-I',2804,50000,,'',1,3500,,'',1,7500,,'',1,3400,,'',1,7400,,'',1,3300,,'',1,7300,,'',1,3400,,'',1,7400,,'',1,7400,,'',1,3400,,'',1,7400,,'',2,3400,,'',2,7400,,'',1,3200,,'',2,7200,,'',2,3200,,'',1,7100,,'',2,7100,,'',2,3100,,'',1,7200,,'',2,3400,,'',2,7400,,'',1,3400,,'',2,7400,,'',2,3400,,'',1,7400,,'',2,3200,,'',1,7200,,'',1,7300,,'',2,3000,,'',2,7100,,'',1,3100,,'',1,7100,,'',2,3100,,'',1,7000,,'',1,3200,,'',1,7300,,'',1
'24J-H54J000S-83-S',2803,54800,4,'',1,7300,4,'',1,1400,4,'',1,2400,4,'',2,6700,4,'',1,900,4,'',2,1000,4,'',1,1000,4,'',2,5000,4,'',2,700,4,'',1,700,4,'',2,800,4,'',2,1200,4,'',2,1200,4,'',1,5200,4,'',2,1300,4,'',1,1500,4,'',1,2600,4,'',1,7000,4,'',1,7300,4,'',2,3000,4,'',1,7100,4,'',1,3000,4,'',1,6900,4,'',1,2800,4,'',1,3000,4,'',1,7000,4,'',1,7300,4,'',1,3300,4,'',2,7200,4,'',1,2700,4,'',2,6800,4,'',2,2900,4,'',2,2800,4,'',1,6900,4,'',1,3000,4,'',2,7300,4,'',1,7100,4,'',1,3000,4,'',2,6900,4,'',1,2900,4,'',2,3000,4,'',2,7000,4,'',1,7300,4,'',2,3100,4,'',2,2500,4,'',1,6200,4,'',1,2500,4,'',2,7200,4,'',1,3500,4,'',1,7400,4,'',1
'24J-H54J000S-83-S',2804,50000,,'',1,3000,,'',2,7100,,'',2,10300,,'',2,3000,,'',1,6900,,'',2,2900,,'',2,2700,,'',1,7300,,'',2,7000,,'',1,3000,,'',1,7000,,'',1,3300,,'',1,7100,,'',1,3000,,'',1,6900,,'',1,2800,,'',1,7000,,'',1,3000,,'',1,2500,,'',2,5400,,'',1,1400,,'',2,1400,,'',2,1500,,'',2,5600,,'',1,2200,,'',2,2300,,'',2,6300,,'',2,2500,,'',2,6300,,'',1,2500,,'',1,7000,,'',2,2900,,'',1,7000,,'',2,3000,,'',2,7000,,'',1,3300,,'',2,7100,,'',2,3000,,'',1,7200,,'',2,3100,,'',1,6600,,'',1,3300,,'',1,7500,,'',1
'24J-H54JV00A-80-A',2803,54200,4,'',1,6800,4,'',2,3300,4,'',1,7300,4,'',1,3300,4,'',2,7300,4,'',1,3300,4,'',1,7400,4,'',2,7300,4,'',1,3200,4,'',1,7200,4,'',2,3300,4,'',1,7200,4,'',1,2500,4,'',1,6700,4,'',2,3000,4,'',1,7000,4,'',2,3000,4,'',2,7000,4,'',1,3100,4,'',2,7100,4,'',2,3100,4,'',1,7100,4,'',2,3200,4,'',2,7200,4,'',1,3300,4,'',2,7300,4,'',2,3400,4,'',1,7400,4,'',2,3400,4,'',2,7400,4,'',1,7400,4,'',2,3200,4,'',2,7200,4,'',1,3300,4,'',2,7300,4,'',1,3300,4,'',1,7300,4,'',2,3300,4,'',1,7300,4,'',1,7300,4,'',2
'24J-H54JV00A-80-A',2804,50400,,'',1,3500,,'',1,7500,,'',2,3500,,'',1,7500,,'',1,3400,,'',2,7400,,'',1,7300,,'',1,3300,,'',2,7400,,'',1,3400,,'',1,7500,,'',2,3600,,'',1,7600,,'',2,7500,,'',2,3000,,'',1,7000,,'',2,3100,,'',2,7100,,'',1,3100,,'',2,7100,,'',2,3200,,'',1,7200,,'',2,3300,,'',2,7300,,'',1,3300,,'',2,7300,,'',2,7300,,'',1,3300,,'',2,7300,,'',2,3300,,'',1,7200,,'',2,3200,,'',1,7200,,'',1,3200,,'',2,7300,,'',1,3300,,'',1,7300,,'',2,2300,,'',1
'24J-H54JV00I-80-I',2803,54300,4,'',2,6700,4,'',2,2800,4,'',1,7300,4,'',1,3300,4,'',1,7200,4,'',1,3200,4,'',1,7200,4,'',1,3300,4,'',1,7200,4,'',1,3200,4,'',1,6700,4,'',2,2600,4,'',1,6700,4,'',1,3100,4,'',2,7100,4,'',2,3100,4,'',1,7100,4,'',2,3100,4,'',2,7300,4,'',1,3200,4,'',2,7400,4,'',2,7400,4,'',1,3400,4,'',2,7400,4,'',2,3400,4,'',1,7500,4,'',2,3500,4,'',2,7500,4,'',1,7600,4,'',2,3500,4,'',1,7200,4,'',1,3100,4,'',2,7100,4,'',2,3000,4,'',1,7100,4,'',1,3200,4,'',2,7300,4,'',1,3300,4,'',1,7000,4,'',1
'24J-H54JV00I-80-I',2804,50000,,'',1,3500,,'',1,7500,,'',1,3400,,'',1,7400,,'',1,3300,,'',1,7300,,'',1,3400,,'',1,7400,,'',1,7400,,'',1,3400,,'',1,7400,,'',2,3400,,'',2,7400,,'',1,3200,,'',2,7200,,'',2,3200,,'',1,7100,,'',2,7100,,'',2,3100,,'',1,7200,,'',2,3400,,'',2,7400,,'',1,3400,,'',2,7400,,'',2,3400,,'',1,7400,,'',2,3200,,'',1,7200,,'',1,7300,,'',2,3000,,'',2,7100,,'',1,3100,,'',1,7100,,'',2,3100,,'',1,7000,,'',1,3200,,'',1,7300,,'',1
'24J-H54JV00S-82-S',2803,54800,4,'',1,7300,4,'',1,1400,4,'',1,2400,4,'',2,6700,4,'',1,900,4,'',2,1000,4,'',1,1000,4,'',2,5000,4,'',2,700,4,'',1,700,4,'',2,800,4,'',1,1200,4,'',2,1200,4,'',1,5200,4,'',2,1300,4,'',1,1500,4,'',1,2600,4,'',1,7000,4,'',1,7300,4,'',2,3000,4,'',1,7100,4,'',1,3000,4,'',1,6900,4,'',1,2800,4,'',1,3000,4,'',1,7000,4,'',1,7300,4,'',1,3300,4,'',2,7200,4,'',1,2700,4,'',1,6800,4,'',2,2900,4,'',2,2800,4,'',1,6900,4,'',1,3000,4,'',2,7300,4,'',1,7100,4,'',1,3000,4,'',2,6900,4,'',1,2900,4,'',1,3000,4,'',2,7000,4,'',1,7300,4,'',1,3100,4,'',2,2500,4,'',1,6200,4,'',1,2500,4,'',1,7200,4,'',1,3500,4,'',1,7400,4,'',1
'24J-H54JV00S-82-S',2804,50000,,'',1,3000,,'',2,7100,,'',2,10300,,'',2,3000,,'',1,6900,,'',2,2900,,'',1,2700,,'',1,7300,,'',2,7000,,'',1,3000,,'',1,7000,,'',1,3300,,'',1,7100,,'',1,3000,,'',1,6900,,'',1,2800,,'',1,7000,,'',1,3000,,'',1,2500,,'',1,5400,,'',1,1400,,'',2,1400,,'',2,1500,,'',2,5600,,'',1,2200,,'',2,2300,,'',2,6300,,'',2,2500,,'',2,6300,,'',1,2500,,'',1,7000,,'',2,2900,,'',1,7000,,'',1,3000,,'',2,7000,,'',1,3300,,'',1,7100,,'',2,3000,,'',1,7200,,'',1,3100,,'',1,6600,,'',1,3300,,'',1,7500,,'',1
'24J-H55J000S-80-S',2803,70900,4,'',1,900,4,'',2
'24J-H55J000S-80-S',2804,63300,,'',1
'24J-H55JV00S-83-S',2803,70900,4,'',1,900,4,'',2
'24J-H55JV00S-83-S',2804,63300,,'',1
'24J-H57J000S-81-S',2803,64800,4,'',2
'24J-H57JV00S-83-S',2803,64800,4,'',2
