'23U-H60U000A-81-A',20401,62500,4,'',1,8000,4,'',2,3200,4,'',1,7200,4,'',1,3200,4,'',2,7100,4,'',1,3200,4,'',1,7200,4,'',2,3200,4,'',1,7300,4,'',1,3300,4,'',1,7000,4,'',1,3300,4,'',1,7300,4,'',1,7300,4,'',1,3300,4,'',1,7300,4,'',1,3300,4,'',1,7200,4,'',1,3200,4,'',1,7200,4,'',1,3300,4,'',2,7300,4,'',2,3000,4,'',1,7100,4,'',2,3000,4,'',1,7000,4,'',1,3000,4,'',1,7000,4,'',2,2700,4,'',1,7000,4,'',1,3000,4,'',1,6900,4,'',2,3300,4,'',1,7000,4,'',1,2500,4,'',2
'23U-H60U000A-81-A',20402,63600,,'',1,7300,,'',2,3200,,'',1,7200,,'',1,3200,,'',2,7100,,'',1,3200,,'',1,7200,,'',2,3200,,'',1,7300,,'',1,3300,,'',1,7100,,'',1,2800,,'',1,6800,,'',1,2800,,'',1,6800,,'',1,2800,,'',1,6800,,'',1,3000,,'',1,7200,,'',1,3200,,'',1,7300,,'',1,3300,,'',2,7200,,'',2,7100,,'',1,3100,,'',2,7100,,'',1,3000,,'',1,7000,,'',1,3000,,'',2,6900,,'',1,2900,,'',1,7000,,'',1,2500,,'',2
'23U-H60U000I-81-I',20401,74300,4,'',1,7100,4,'',2,3100,4,'',1,7200,4,'',1,3200,4,'',2,7100,4,'',1,3100,4,'',1,7100,4,'',1,3100,4,'',2,7100,4,'',1,3300,4,'',1,7200,4,'',1,7100,4,'',2,3100,4,'',1,7100,4,'',1,3100,4,'',1,7100,4,'',2,3100,4,'',1,7200,4,'',1,3000,4,'',2,7000,4,'',2,3000,4,'',1,7000,4,'',1,3100,4,'',2,6800,4,'',2,3200,4,'',1,7300,4,'',1,3300,4,'',2,7100,4,'',1,3300,4,'',1,7200,4,'',1,3100,4,'',1,7100,4,'',1,3100,4,'',1
'23U-H60U000I-81-I',20402,74700,,'',1,7200,,'',2,3100,,'',1,7100,,'',1,3000,,'',1,6900,,'',2,2900,,'',1,6900,,'',1,2900,,'',1,7000,,'',2,3000,,'',1,7000,,'',1,3000,,'',1,7000,,'',2,3000,,'',1,7000,,'',1,3100,,'',1,7100,,'',2,3300,,'',1,7300,,'',1,3300,,'',2,7300,,'',2,7300,,'',1,3300,,'',1,7300,,'',2,3300,,'',1,7300,,'',1,3200,,'',2,7100,,'',1,3300,,'',1,7300,,'',1
'23U-H60U000S-82-S',20401,63400,4,'',2,7500,4,'',1,3500,4,'',1,5600,4,'',2,3300,4,'',2,2600,4,'',1,7200,4,'',1,7300,4,'',2,3300,4,'',1,7300,4,'',1,3400,4,'',2,7400,4,'',1,3400,4,'',1,7500,4,'',2,7900,4,'',1,3300,4,'',1,7400,4,'',2,3700,4,'',1,7000,4,'',1,2900,4,'',1,7000,4,'',1,2700,4,'',1,6500,4,'',1,2900,4,'',1,7100,4,'',2,3100,4,'',1,7000,4,'',1,3200,4,'',2,7100,4,'',1,3100,4,'',1,7100,4,'',2,3000,4,'',1,6800,4,'',1,3100,4,'',2,7100,4,'',1,3000,4,'',1
'23U-H60U000S-82-S',20402,55200,,'',2,6900,,'',1,3000,,'',2,7300,,'',1,3300,,'',1,7300,,'',2,7300,,'',1,3300,,'',1,7300,,'',2,3300,,'',1,7400,,'',1,3500,,'',2,7500,,'',1,7500,,'',1,3500,,'',2,7500,,'',1,3500,,'',1,7900,,'',2,3300,,'',1,7600,,'',1,2000,,'',1,6000,,'',2,2100,,'',1,1800,,'',1,6500,,'',1,2600,,'',1,7100,,'',2,3200,,'',1,7200,,'',1,3200,,'',2,7100,,'',1,3100,,'',1,7100,,'',2,3100,,'',1,7000,,'',1
'23U-H60U100F-81-F1',20401,62500,4,'',1,8000,4,'',2,3200,4,'',1,7200,4,'',1,3200,4,'',2,7100,4,'',1,3200,4,'',1,7200,4,'',2,3200,4,'',1,7300,4,'',1,3300,4,'',1,7000,4,'',1,3300,4,'',1,7300,4,'',1,7300,4,'',1,3300,4,'',1,7300,4,'',1,3300,4,'',1,7200,4,'',1,3200,4,'',1,7200,4,'',1,3300,4,'',2,7300,4,'',2,3000,4,'',1,7100,4,'',2,3000,4,'',1,7000,4,'',1,3000,4,'',1,7000,4,'',2,2700,4,'',1,7000,4,'',1,3000,4,'',1,6900,4,'',2,3300,4,'',1,7000,4,'',1,2500,4,'',2
'23U-H60U100F-81-F1',20402,63600,,'',1,7300,,'',2,3200,,'',1,7200,,'',1,3200,,'',2,7100,,'',1,3200,,'',1,7200,,'',2,3200,,'',1,7300,,'',1,3300,,'',1,7100,,'',1,2800,,'',1,6800,,'',1,2800,,'',1,6800,,'',1,2800,,'',1,6800,,'',1,3000,,'',1,7200,,'',1,3200,,'',1,7300,,'',1,3300,,'',2,7200,,'',2,7100,,'',1,3100,,'',2,7100,,'',1,3000,,'',1,7000,,'',1,3000,,'',2,6900,,'',1,2900,,'',1,7000,,'',1,2500,,'',2
'23U-H60U200F-81-F2',20401,62500,4,'',1,8000,4,'',2,3200,4,'',1,7200,4,'',1,3200,4,'',2,7100,4,'',1,3200,4,'',1,7200,4,'',2,3200,4,'',1,7300,4,'',1,3300,4,'',1,7000,4,'',1,3300,4,'',1,7300,4,'',1,7300,4,'',1,3300,4,'',1,7300,4,'',1,3300,4,'',1,7200,4,'',1,3200,4,'',1,7200,4,'',1,3300,4,'',2,7300,4,'',2,3000,4,'',1,7100,4,'',2,3000,4,'',1,7000,4,'',1,3000,4,'',1,7000,4,'',2,2700,4,'',1,7000,4,'',1,3000,4,'',1,6900,4,'',2,3300,4,'',1,7000,4,'',1,2500,4,'',2
'23U-H60U200F-81-F2',20402,63600,,'',1,7300,,'',2,3200,,'',1,7200,,'',1,3200,,'',2,7100,,'',1,3200,,'',1,7200,,'',2,3200,,'',1,7300,,'',1,3300,,'',1,7100,,'',1,2800,,'',1,6800,,'',1,2800,,'',1,6800,,'',1,2800,,'',1,6800,,'',1,3000,,'',1,7200,,'',1,3200,,'',1,7300,,'',1,3300,,'',2,7200,,'',2,7100,,'',1,3100,,'',2,7100,,'',1,3000,,'',1,7000,,'',1,3000,,'',2,6900,,'',1,2900,,'',1,7000,,'',1,2500,,'',2
