'23N-H50NV20S-81-S',4601,164900,4,'',1
'23N-H50NV20S-81-S',4602,162100,,'',1
'23N-H55NV20S-80-S',4601,62100,4,'',1,3000,4,'',1,7300,4,'',1,3300,4,'',1,7300,4,'',1,1800,4,'',1,5800,4,'',1,1800,4,'',1,1700,4,'',1,6700,4,'',1,3000,4,'',1,7000,4,'',1,3000,4,'',1,7000,4,'',1,3100,4,'',1,7100,4,'',1,3100,4,'',1,7100,4,'',1,3200,4,'',1,7500,4,'',1,10100,4,'',1,9900,4,'',1,3000,4,'',2,6700,4,'',1,3100,4,'',1,7100,4,'',1,3100,4,'',1,7100,4,'',1,3100,4,'',1
'23N-H55NV20S-80-S',4602,60000,,'',1,3000,,'',1,7000,,'',1,3300,,'',1,6700,,'',1,2000,,'',1,1600,,'',1,2000,,'',1,5600,,'',1,2900,,'',1,7300,,'',1,3000,,'',1,7000,,'',1,3000,,'',1,7000,,'',1,3100,,'',1,7100,,'',1,3100,,'',1,7200,,'',1,3200,,'',1,10100,,'',1,9900,,'',1,7000,,'',2,3000,,'',1,7100,,'',1,3100,,'',1,7100,,'',1,3100,,'',1,7100,,'',1
'23N-H57NV20S-80-S',4601,155000,4,'',2
'23N-H57NV20S-80-S',4602,152200,,'',2
'24J-H55J000S-80-S',4601,62100,4,'',1,3000,4,'',1,7300,4,'',1,3300,4,'',1,7300,4,'',1,1800,4,'',1,5700,4,'',1,1800,4,'',1,1800,4,'',1,6800,4,'',1,2800,4,'',1,7100,4,'',1,3100,4,'',1,7100,4,'',1,3100,4,'',1,7000,4,'',1,3000,4,'',1,7000,4,'',1,3000,4,'',1,7300,4,'',1,3200,4,'',1,7200,4,'',1,3200,4,'',1,7200,4,'',1,3200,4,'',1,6900,4,'',1,3000,4,'',1,6900,4,'',1,3000,4,'',1,7000,4,'',1,2900,4,'',1
'24J-H55J000S-80-S',4602,60000,,'',1,3000,,'',1,7000,,'',1,3300,,'',1,6700,,'',1,2000,,'',1,1500,,'',1,2000,,'',1,5700,,'',1,3000,,'',1,7100,,'',1,3100,,'',1,7100,,'',1,3100,,'',1,7000,,'',1,3000,,'',1,7000,,'',1,3000,,'',1,7000,,'',1,3000,,'',1,7200,,'',1,3200,,'',1,7200,,'',1,3200,,'',1,7200,,'',1,3200,,'',1,7000,,'',1,2900,,'',1,7000,,'',1,3000,,'',1,6900,,'',1
'24J-H55JV00S-83-S',4601,62100,4,'',1,3000,4,'',1,7300,4,'',1,3300,4,'',1,7300,4,'',1,1800,4,'',1,5700,4,'',1,1800,4,'',1,1800,4,'',1,6800,4,'',1,2800,4,'',1,7100,4,'',1,3100,4,'',1,7100,4,'',1,3100,4,'',1,7000,4,'',1,3000,4,'',1,7000,4,'',1,3000,4,'',1,7300,4,'',1,3200,4,'',1,7200,4,'',1,3200,4,'',1,7200,4,'',1,3200,4,'',1,6900,4,'',1,3000,4,'',1,6900,4,'',1,3000,4,'',1,7000,4,'',1,2900,4,'',1
'24J-H55JV00S-83-S',4602,60000,,'',1,3000,,'',1,7000,,'',1,3300,,'',1,6700,,'',1,2000,,'',1,1500,,'',1,2000,,'',1,5700,,'',1,3000,,'',1,7100,,'',1,3100,,'',1,7100,,'',1,3100,,'',1,7000,,'',1,3000,,'',1,7000,,'',1,3000,,'',1,7000,,'',1,3000,,'',1,7200,,'',1,3200,,'',1,7200,,'',1,3200,,'',1,7200,,'',1,3200,,'',1,7000,,'',1,2900,,'',1,7000,,'',1,3000,,'',1,6900,,'',1
