'23N-H54N000S-81-S',19701,180300,4,'',2
'23N-H55N000S-80-S',19701,53200,4,'',2,17500,4,'',2,2700,4,'',2,7000,4,'',2,15300,4,'',1,69000,4,'',2,5500,4,'',2,13400,4,'',2
'23N-H55N000S-80-S',19702,53800,,'',2,20300,,'',2,7000,,'',2,1100,,'',1,7800,,'',1,11100,,'',1,69700,,'',2
'23N-H57N000S-80-S',19701,75500,4,'',1,7000,4,'',1,93200,4,'',1
'23N-H57N000S-80-S',19702,63300,,'',1,2400,,'',1,4500,,'',2,600,,'',1,5100,,'',1,4700,,'',1
'23N-H58N000A-80-A',19701,52700,4,'',1,3000,4,'',2,7200,4,'',1,7400,4,'',2,3100,4,'',2,6900,4,'',1,3100,4,'',2,7100,4,'',2,3000,4,'',1,6900,4,'',2,2800,4,'',2,7200,4,'',1,3000,4,'',2,7100,4,'',2,3000,4,'',1,2100,4,'',2,6000,4,'',2,2000,4,'',2,2000,4,'',1,6100,4,'',2,2000,4,'',2,2000,4,'',2,6000,4,'',1,2100,4,'',2,2000,4,'',2,6000,4,'',2,2000,4,'',1,1500,4,'',2,5500,4,'',2,1500,4,'',2,1400,4,'',2,2000,4,'',1,6000,4,'',2,1900,4,'',2,1300,4,'',2,5300,4,'',2,1400,4,'',1,2400,4,'',2,6500,4,'',2,2500,4,'',1,2600,4,'',2,6800,4,'',2,2900,4,'',1,6800,4,'',2,2800,4,'',2,6800,4,'',1,2700,4,'',2,6300,4,'',2,3100,4,'',1,7000,4,'',2,3100,4,'',1,7100,4,'',2
'23N-H58N000A-80-A',19702,53000,,'',1,7000,,'',2,3300,,'',1,7300,,'',2,3300,,'',2,7100,,'',1,3000,,'',2,7000,,'',2,2900,,'',1,6900,,'',2,2100,,'',2,2200,,'',2,6300,,'',1,2400,,'',2,6300,,'',2,2000,,'',2,1900,,'',1,6000,,'',2,2000,,'',2,2000,,'',2,6000,,'',1,2100,,'',2,2000,,'',2,6000,,'',2,2000,,'',1,2100,,'',2,6000,,'',2,2000,,'',2,2000,,'',1,6000,,'',2,2900,,'',2,7000,,'',1,2600,,'',2,2600,,'',2,6600,,'',1,2700,,'',2,6800,,'',2,2800,,'',1,6700,,'',2,2700,,'',2,6700,,'',1,3000,,'',2,6900,,'',2,3200,,'',1,6900,,'',2,3800,,'',1,7400,,'',2
'23N-H58N000I-80-I',19701,52700,4,'',1,3000,4,'',1,7000,4,'',1,3200,4,'',1,7300,4,'',1,7200,4,'',1,3400,4,'',1,6900,4,'',2,3400,4,'',1,7100,4,'',1,3000,4,'',2,7000,4,'',1,3000,4,'',1,6900,4,'',2,3100,4,'',1,7200,4,'',1,3300,4,'',2,7000,4,'',1,2900,4,'',2,6800,4,'',2,2800,4,'',1,6800,4,'',2,2700,4,'',2,6800,4,'',1,2200,4,'',2,1900,4,'',2,6000,4,'',2,2700,4,'',1,2600,4,'',2,6700,4,'',2,2500,4,'',1,6800,4,'',2,2800,4,'',2,6700,4,'',1,2800,4,'',2,6800,4,'',2,2700,4,'',1,6700,4,'',1,3300,4,'',2,7300,4,'',1,3300,4,'',2,7300,4,'',1,2300,4,'',2
'23N-H58N000I-80-I',19702,53000,,'',1,7000,,'',1,3000,,'',1,7200,,'',1,3300,,'',1,7300,,'',1,3300,,'',1,7200,,'',2,3200,,'',1,7100,,'',1,3000,,'',2,7000,,'',1,3000,,'',1,6900,,'',2,1900,,'',2,1900,,'',1,5900,,'',2,2000,,'',1,2500,,'',2,6700,,'',1,2700,,'',2,6700,,'',2,2800,,'',1,6800,,'',2,2900,,'',2,7000,,'',1,2900,,'',2,7000,,'',2,2900,,'',1,6800,,'',2,2800,,'',2,6800,,'',1,2900,,'',2,7000,,'',2,3000,,'',1,7300,,'',2,3300,,'',1,7000,,'',1,3000,,'',2,7300,,'',1,3300,,'',2
'23N-H58N000S-84-S',19701,60500,4,'',2,3000,4,'',2,9100,4,'',2,1800,4,'',1,10100,4,'',2,6000,4,'',2,2000,4,'',1,10100,4,'',2,3000,4,'',1,6900,4,'',2,3200,4,'',2,7000,4,'',1,3000,4,'',2,7000,4,'',2,3000,4,'',2,6700,4,'',1,2400,4,'',2,5400,4,'',1,1300,4,'',2,1500,4,'',2,1300,4,'',2,1000,4,'',2,4900,4,'',1,900,4,'',1,700,4,'',2,700,4,'',2,700,4,'',2,700,4,'',1,1600,4,'',2,6100,4,'',2,800,4,'',2,1500,4,'',1,700,4,'',1,700,4,'',2,5600,4,'',2,600,4,'',1,700,4,'',2,2200,4,'',2,900,4,'',2,4800,4,'',2,900,4,'',1,900,4,'',2,2500,4,'',1,1500,4,'',1,5800,4,'',2,2600,4,'',2,6600,4,'',1,2900,4,'',2,7000,4,'',2,3000,4,'',1,7000,4,'',2,3000,4,'',2,7200,4,'',2,2200,4,'',1,2300,4,'',2,6700,4,'',2,2700,4,'',2
'23N-H58N000S-84-S',19702,45700,,'',2,6100,,'',2,9100,,'',2,1200,,'',1,2300,,'',2,700,,'',2,6200,,'',2,1300,,'',1,400,,'',2,500,,'',2,1400,,'',1,500,,'',1,6200,,'',1,1500,,'',2,1900,,'',2,5900,,'',2,1000,,'',2,1100,,'',1,1000,,'',2,1100,,'',2,8000,,'',2,1900,,'',1,6000,,'',2,2000,,'',2,2000,,'',2,5900,,'',2,2000,,'',2,1700,,'',1,5600,,'',2,1500,,'',2,1500,,'',1,1500,,'',2,6100,,'',2,2100,,'',1,2000,,'',2,5900,,'',1,1900,,'',2,1900,,'',2,6100,,'',1,2100,,'',2,2000,,'',1,8100,,'',2,1900,,'',1,7100,,'',1,3100,,'',2,7000,,'',2,3000,,'',1,7100,,'',2,3000,,'',2,7100,,'',1,3100,,'',2,7300,,'',2,3300,,'',1,7300,,'',2,7600,,'',2,3700,,'',1
'23N-H58N100F-80-F1',19701,52700,4,'',1,3000,4,'',1,7000,4,'',1,3200,4,'',1,7300,4,'',1,7200,4,'',1,3400,4,'',1,6900,4,'',2,3400,4,'',1,7100,4,'',1,3000,4,'',2,7000,4,'',1,3000,4,'',1,6900,4,'',2,3100,4,'',1,7200,4,'',1,3300,4,'',2,7000,4,'',1,2900,4,'',2,6800,4,'',2,2800,4,'',1,6800,4,'',2,2700,4,'',2,6800,4,'',1,2200,4,'',2,1900,4,'',2,6000,4,'',2,2700,4,'',1,2600,4,'',2,6700,4,'',2,2500,4,'',1,6800,4,'',2,2800,4,'',2,6700,4,'',1,2800,4,'',2,6800,4,'',2,2700,4,'',1,6700,4,'',1,3300,4,'',2,7300,4,'',1,3300,4,'',2,7300,4,'',1,2300,4,'',2
'23N-H58N100F-80-F1',19702,53000,,'',1,7000,,'',1,3000,,'',1,7200,,'',1,3300,,'',1,7300,,'',1,3300,,'',1,7200,,'',2,3200,,'',1,7100,,'',1,3000,,'',2,7000,,'',1,3000,,'',1,6900,,'',2,1900,,'',2,1900,,'',1,5900,,'',2,2000,,'',1,2500,,'',2,6700,,'',1,2700,,'',2,6700,,'',2,2800,,'',1,6800,,'',2,2900,,'',2,7000,,'',1,2900,,'',2,7000,,'',2,2900,,'',1,6800,,'',2,2800,,'',2,6800,,'',1,2900,,'',2,7000,,'',2,3000,,'',1,7300,,'',2,3300,,'',1,7000,,'',1,3000,,'',2,7300,,'',1,3300,,'',2
'23N-H58N200F-80-F2',19701,52700,4,'',2,3000,4,'',1,7000,4,'',2,3200,4,'',1,7300,4,'',2,7200,4,'',1,3400,4,'',2,6900,4,'',1,3400,4,'',1,7100,4,'',2,3000,4,'',1,7000,4,'',1,3000,4,'',2,6900,4,'',1,3100,4,'',1,7200,4,'',2,3300,4,'',2,7000,4,'',1,2900,4,'',1,6800,4,'',2,2800,4,'',1,6800,4,'',1,2700,4,'',2,6800,4,'',1,2200,4,'',1,1900,4,'',2,6000,4,'',2,2700,4,'',1,2600,4,'',1,6700,4,'',2,2500,4,'',1,6800,4,'',1,2800,4,'',2,6700,4,'',1,2800,4,'',1,6800,4,'',2,2700,4,'',1,6700,4,'',1,3300,4,'',2,7300,4,'',1,3300,4,'',2,7300,4,'',1,2300,4,'',2
'23N-H58N200F-80-F2',19702,53000,,'',2,7000,,'',1,3000,,'',2,7200,,'',1,3300,,'',2,7300,,'',1,3300,,'',2,7200,,'',1,3200,,'',1,7100,,'',2,3000,,'',1,7000,,'',1,3000,,'',2,6900,,'',1,1900,,'',2,1900,,'',1,5900,,'',1,2000,,'',2,2500,,'',2,6700,,'',1,2700,,'',1,6700,,'',2,2800,,'',1,6800,,'',1,2900,,'',2,7000,,'',1,2900,,'',1,7000,,'',2,2900,,'',1,6800,,'',1,2800,,'',2,6800,,'',1,2900,,'',1,7000,,'',2,3000,,'',1,7300,,'',2,3300,,'',1,7000,,'',1,3000,,'',2,7300,,'',1,3300,,'',2
'23N-H59N000S-82-S',19701,170900,4,'',2,12000,4,'',1,10200,4,'',1
'23N-H59N000S-82-S',19702,55200,,'',2,16500,,'',2,12300,,'',2
'23N-H60N000S-81-S',19701,173100,4,'',1
