'23U-H60U000A-81-A',17701,53000,,'',1,7000,,'',1,3000,,'',1,7000,,'',1,3000,,'',1,7000,,'',1,3000,,'',1,7000,,'',1,3000,,'',1,7000,,'',1,3000,,'',1,7000,,'',1,3000,,'',1,7000,,'',1,3000,,'',1,7000,,'',1,3000,,'',1,7000,,'',2,3000,,'',1,7100,,'',2,3100,,'',1,7100,,'',2,3000,,'',1,6800,,'',2,2000,,'',1,2000,,'',1,6100,,'',2,2800,,'',1,7000,,'',2,3000,,'',1,7000,,'',2,3000,,'',1,7000,,'',2,3000,,'',1,7000,,'',2,3000,,'',1,7000,,'',2,3100,,'',1,7100,,'',1
'23U-H60U000A-81-A',17702,62300,4,'',1,3000,4,'',1,7000,4,'',1,3000,4,'',1,7100,4,'',1,3100,4,'',1,7100,4,'',1,3100,4,'',1,7000,4,'',1,3100,4,'',1,7000,4,'',1,3000,4,'',1,7000,4,'',1,3000,4,'',1,7000,4,'',1,3000,4,'',1,7000,4,'',1,3100,4,'',2,7100,4,'',1,7100,4,'',2,3000,4,'',1,2800,4,'',2,7000,4,'',1,3000,4,'',2,6900,4,'',1,2900,4,'',2,6900,4,'',1,2900,4,'',2,6900,4,'',1,3000,4,'',2,7000,4,'',1,3000,4,'',2,7000,4,'',1,3000,4,'',2,6800,4,'',1,2800,4,'',2,6900,4,'',1,2900,4,'',1
'23U-H60U000I-81-I',17701,53000,,'',1,7000,,'',2,3000,,'',1,7000,,'',2,3000,,'',1,7100,,'',2,3100,,'',1,6900,,'',2,2900,,'',1,7000,,'',2,3000,,'',1,7000,,'',2,3000,,'',1,7000,,'',2,3000,,'',1,7000,,'',1,3000,,'',1,7000,,'',1,3000,,'',1,7000,,'',1,3000,,'',1,7000,,'',1,3000,,'',1,7000,,'',1,3000,,'',1,7000,,'',1,3000,,'',1,7000,,'',1,3000,,'',1,7000,,'',1,3000,,'',1,7000,,'',1,3000,,'',1,7000,,'',1,3000,,'',1,7000,,'',1,3000,,'',1,7200,,'',1
'23U-H60U000I-81-I',17702,62100,4,'',1,3000,4,'',2,7000,4,'',1,3000,4,'',2,7000,4,'',1,3100,4,'',2,7000,4,'',1,3000,4,'',2,7000,4,'',1,3100,4,'',2,7100,4,'',1,3200,4,'',2,7100,4,'',1,3100,4,'',1,7000,4,'',1,3000,4,'',1,7000,4,'',1,3000,4,'',1,7000,4,'',1,3000,4,'',1,7000,4,'',1,3000,4,'',1,7000,4,'',1,3000,4,'',1,7000,4,'',1,3000,4,'',1,7000,4,'',1,2800,4,'',1,6900,4,'',1,2900,4,'',1,7000,4,'',1,2900,4,'',1,7000,4,'',1,3000,4,'',1,7000,4,'',1,2900,4,'',1,6900,4,'',1,2800,4,'',1
'23U-H60U000S-82-S',17701,52000,,'',1,2800,,'',1,6800,,'',1,3000,,'',2,7100,,'',1,3100,,'',1,7100,,'',1,3100,,'',1,7000,,'',1,2900,,'',1,6900,,'',1,3000,,'',1,7000,,'',1,3100,,'',1,7100,,'',1,3100,,'',1,7200,,'',2,3200,,'',1,6000,,'',1,1500,,'',2,1500,,'',2,5500,,'',1,1500,,'',1,1500,,'',2,1500,,'',1,6300,,'',1,3100,,'',2,7100,,'',1,3200,,'',2,7200,,'',1,3100,,'',2,6900,,'',1,2900,,'',2,6900,,'',1,2900,,'',2,6900,,'',1,3000,,'',2,6800,,'',1,2800,,'',2,6900,,'',1,2900,,'',1,6800,,'',1
'23U-H60U000S-82-S',17702,61300,4,'',1,3000,4,'',2,7100,4,'',1,3100,4,'',1,7100,4,'',1,3000,4,'',1,6800,4,'',1,3000,4,'',1,7000,4,'',1,3000,4,'',1,7100,4,'',1,3100,4,'',1,7000,4,'',1,3000,4,'',1,7100,4,'',2,3400,4,'',1,7200,4,'',2,3200,4,'',1,7200,4,'',2,7300,4,'',1,3300,4,'',2,7200,4,'',1,3300,4,'',2,7300,4,'',1,3100,4,'',2,7000,4,'',1,2900,4,'',2,6900,4,'',1,2900,4,'',2,6900,4,'',1,3000,4,'',2,6700,4,'',1,2800,4,'',2,6800,4,'',1,2800,4,'',2,2900,4,'',1,6900,4,'',1,2900,4,'',1
'23U-H60U100F-81-F1',17701,53000,,'',1,7000,,'',1,3000,,'',1,7000,,'',1,3000,,'',1,7000,,'',1,3000,,'',1,7000,,'',1,3000,,'',1,7000,,'',1,3000,,'',1,7000,,'',1,3000,,'',1,7000,,'',1,3000,,'',1,7000,,'',1,3000,,'',1,7000,,'',2,3000,,'',1,7100,,'',2,3100,,'',1,7100,,'',2,3000,,'',1,6800,,'',2,2000,,'',1,2000,,'',1,6100,,'',2,2800,,'',1,7000,,'',2,3000,,'',1,7000,,'',2,3000,,'',1,7000,,'',2,3000,,'',1,7000,,'',2,3000,,'',1,7000,,'',2,3100,,'',1,7100,,'',1
'23U-H60U100F-81-F1',17702,62300,4,'',1,3000,4,'',1,7000,4,'',1,3000,4,'',1,7100,4,'',1,3100,4,'',1,7100,4,'',1,3100,4,'',1,7000,4,'',1,3100,4,'',1,7000,4,'',1,3000,4,'',1,7000,4,'',1,3000,4,'',1,7000,4,'',1,3000,4,'',1,7000,4,'',1,3100,4,'',2,7100,4,'',1,7100,4,'',2,3000,4,'',1,2800,4,'',2,7000,4,'',1,3000,4,'',2,6900,4,'',1,2900,4,'',2,6900,4,'',1,2900,4,'',2,6900,4,'',1,3000,4,'',2,7000,4,'',1,3000,4,'',2,7000,4,'',1,3000,4,'',2,6800,4,'',1,2800,4,'',2,6900,4,'',1,2900,4,'',1
'23U-H60U200F-81-F2',17701,53000,,'',1,7000,,'',1,3000,,'',1,7000,,'',1,3000,,'',1,7000,,'',1,3000,,'',1,7000,,'',1,3000,,'',1,7000,,'',1,3000,,'',1,7000,,'',1,3000,,'',1,7000,,'',1,3000,,'',1,7000,,'',1,3000,,'',1,7000,,'',2,3000,,'',1,7100,,'',2,3100,,'',1,7100,,'',2,3000,,'',1,6800,,'',2,2000,,'',1,2000,,'',1,6100,,'',2,2800,,'',1,7000,,'',2,3000,,'',1,7000,,'',2,3000,,'',1,7000,,'',2,3000,,'',1,7000,,'',2,3000,,'',1,7000,,'',2,3100,,'',1,7100,,'',1
'23U-H60U200F-81-F2',17702,62300,4,'',1,3000,4,'',1,7000,4,'',1,3000,4,'',1,7100,4,'',1,3100,4,'',1,7100,4,'',1,3100,4,'',1,7000,4,'',1,3100,4,'',1,7000,4,'',1,3000,4,'',1,7000,4,'',1,3000,4,'',1,7000,4,'',1,3000,4,'',1,7000,4,'',1,3100,4,'',2,7100,4,'',1,7100,4,'',2,3000,4,'',1,2800,4,'',2,7000,4,'',1,3000,4,'',2,6900,4,'',1,2900,4,'',2,6900,4,'',1,2900,4,'',2,6900,4,'',1,3000,4,'',2,7000,4,'',1,3000,4,'',2,7000,4,'',1,3000,4,'',2,6800,4,'',1,2800,4,'',2,6900,4,'',1,2900,4,'',1
