'23N-H57NV20A-80-A',2701,55600,4,'',1,7900,4,'',1,8000,4,'',1,4000,4,'',1,8000,4,'',1,8000,4,'',1,4000,4,'',1,8300,4,'',1,8100,4,'',1,3600,4,'',2,6200,4,'',1,2300,4,'',2,6300,4,'',1,2300,4,'',2,2300,4,'',1,6200,4,'',2,2300,4,'',1,2000,4,'',1,5900,4,'',2,2000,4,'',1,2100,4,'',1,6500,4,'',1,2100,4,'',1,6100,4,'',1,2100,4,'',1,1900,4,'',1,6300,4,'',1,2300,4,'',1,2300,4,'',1,6200,4,'',1,2200,4,'',1,6900,4,'',1,3900,4,'',1,8000,4,'',1,7900,4,'',1,3900,4,'',1,7800,4,'',1,4000,4,'',2,7900,4,'',2,8000,4,'',1,3900,4,'',1
'23N-H57NV20A-80-A',2702,55800,,'',1,7900,,'',1,8000,,'',1,4000,,'',1,8000,,'',1,8100,,'',1,4100,,'',1,8100,,'',1,7400,,'',2,2200,,'',1,2200,,'',2,6100,,'',1,2300,,'',2,6300,,'',1,2300,,'',2,2300,,'',1,6000,,'',1,2000,,'',2,2000,,'',1,6100,,'',1,2300,,'',1,2100,,'',1,6100,,'',1,2000,,'',1,2000,,'',1,6300,,'',1,2300,,'',1,6300,,'',1,2300,,'',1,2300,,'',1,7300,,'',1,8000,,'',1,3900,,'',1,8000,,'',1,7900,,'',1,3900,,'',1,8000,,'',1,8000,,'',2,3900,,'',1,7900,,'',1
'23N-H57NV20I-80-I',2701,64700,4,'',1,7600,4,'',1,7900,4,'',1,3900,4,'',1,7900,4,'',1,3200,4,'',2,6000,4,'',1,1900,4,'',2,2200,4,'',1,6100,4,'',2,2000,4,'',1,2200,4,'',2,6200,4,'',1,2100,4,'',2,6200,4,'',1,2100,4,'',2,2200,4,'',1,6100,4,'',2,2000,4,'',1,2000,4,'',1,6000,4,'',2,2000,4,'',1,2000,4,'',1,6000,4,'',2,1900,4,'',1,1900,4,'',2,6200,4,'',1,2100,4,'',2,2100,4,'',1,6100,4,'',2,2100,4,'',1,2000,4,'',2,5900,4,'',1,2000,4,'',2,1900,4,'',1,7900,4,'',1,7900,4,'',1,3700,4,'',1,7800,4,'',1,3900,4,'',1,7900,4,'',1,7900,4,'',1,3900,4,'',1,7900,4,'',1
'23N-H57NV20I-80-I',2702,64900,,'',1,7600,,'',1,7900,,'',1,3900,,'',1,7200,,'',2,2000,,'',1,1900,,'',2,6000,,'',1,2100,,'',2,2000,,'',1,6100,,'',2,2100,,'',1,2100,,'',2,6200,,'',1,2100,,'',2,6200,,'',1,2100,,'',2,1900,,'',1,5800,,'',1,1900,,'',2,2000,,'',1,6000,,'',1,2000,,'',2,2100,,'',1,6100,,'',1,2200,,'',1,2100,,'',2,6200,,'',1,2100,,'',2,2100,,'',1,6100,,'',2,2100,,'',1,2000,,'',2,5900,,'',1,3900,,'',1,7900,,'',1,7900,,'',1,3800,,'',1,7800,,'',1,7900,,'',1,3900,,'',1,7900,,'',1,8000,,'',1
'23N-H57NV20S-80-S',2701,55300,4,'',1,6800,4,'',2,2900,4,'',1,6600,4,'',1,2500,4,'',1,6400,4,'',1,2600,4,'',1,2700,4,'',1,5900,4,'',1,1900,4,'',2,2000,4,'',1,6300,4,'',1,2400,4,'',1,6500,4,'',1,2600,4,'',1,6700,4,'',1,2700,4,'',1,2700,4,'',1,6800,4,'',1,2800,4,'',1,6800,4,'',1,2900,4,'',1,7000,4,'',1,2700,4,'',1,6400,4,'',2,1300,4,'',1,1200,4,'',2,1200,4,'',1,1200,4,'',1,5000,4,'',2,1000,4,'',1,1000,4,'',2,1100,4,'',2,1000,4,'',1,5200,4,'',2,1300,4,'',1,2500,4,'',1,6500,4,'',1,2500,4,'',1,2500,4,'',1,6500,4,'',1,2700,4,'',1,6900,4,'',1,2900,4,'',1,6900,4,'',1,2900,4,'',1,6800,4,'',1,2900,4,'',1,7000,4,'',1,2900,4,'',1,6800,4,'',1,2800,4,'',1
'23N-H57NV20S-80-S',2702,51600,,'',1,2500,,'',2,6500,,'',1,2400,,'',2,2400,,'',1,5000,,'',1,1000,,'',1,1100,,'',1,900,,'',2,1100,,'',1,1100,,'',1,5000,,'',2,900,,'',1,1200,,'',1,1200,,'',1,1100,,'',2,5600,,'',1,2700,,'',1,6700,,'',1,2500,,'',1,2500,,'',1,6500,,'',1,2600,,'',1,6600,,'',1,2700,,'',1,6700,,'',1,2700,,'',1,2700,,'',1,5900,,'',2,1900,,'',1,2000,,'',1,5800,,'',2,1900,,'',1,2500,,'',1,6500,,'',2,2600,,'',2,6600,,'',2,2100,,'',2,2000,,'',1,6500,,'',1,2500,,'',1,6500,,'',1,2500,,'',1,2600,,'',1,6700,,'',1,2900,,'',1,7100,,'',1,3200,,'',1,7200,,'',1,7200,,'',1,4100,,'',1,7800,,'',1,7900,,'',1
'24J-H50J000S-82-S',2701,165800,4,'',1
'24J-H50JV00S-84-S',2701,165800,4,'',1
'24J-H57J000A-80-A',2701,55400,4,'',1,8000,4,'',1,8100,4,'',1,4000,4,'',1,8000,4,'',1,8000,4,'',1,4100,4,'',1,8300,4,'',1,8200,4,'',1,3500,4,'',1,6100,4,'',1,2100,4,'',2,6400,4,'',2,2400,4,'',2,2200,4,'',1,6300,4,'',2,2100,4,'',1,2000,4,'',1,6000,4,'',2,2000,4,'',1,2200,4,'',1,6400,4,'',1,2200,4,'',1,6100,4,'',1,2000,4,'',1,2000,4,'',1,6300,4,'',1,2300,4,'',1,2300,4,'',1,6000,4,'',1,2300,4,'',1,6800,4,'',1,4100,4,'',1,8000,4,'',1,8000,4,'',1,4000,4,'',1,7700,4,'',1,3800,4,'',1,7900,4,'',1,8000,4,'',1,4000,4,'',1
'24J-H57J000A-80-A',2702,55800,,'',1,7900,,'',1,8000,,'',1,4000,,'',1,8000,,'',1,8100,,'',1,4000,,'',1,8000,,'',1,7400,,'',1,2400,,'',1,2200,,'',1,6100,,'',1,2200,,'',2,6300,,'',2,2400,,'',2,2300,,'',1,6200,,'',2,2100,,'',1,2000,,'',1,6000,,'',2,2000,,'',1,2200,,'',1,6100,,'',1,2000,,'',1,2000,,'',1,6300,,'',1,2300,,'',1,6300,,'',1,2300,,'',1,2300,,'',1,6800,,'',1,8300,,'',1,4100,,'',1,8000,,'',1,8000,,'',1,4000,,'',1,7800,,'',1,8000,,'',1,3900,,'',1,7900,,'',1
'24J-H57J000I-80-I',2701,64600,4,'',1,7700,4,'',1,7800,4,'',1,3900,4,'',1,7900,4,'',1,3300,4,'',1,6000,4,'',1,2100,4,'',1,2000,4,'',1,6100,4,'',1,2000,4,'',1,2100,4,'',1,6100,4,'',1,2100,4,'',1,6400,4,'',1,2100,4,'',1,2400,4,'',1,6100,4,'',1,1900,4,'',1,2100,4,'',1,6000,4,'',1,1900,4,'',1,1900,4,'',1,6000,4,'',1,1900,4,'',1,1900,4,'',1,6100,4,'',1,2300,4,'',1,2200,4,'',1,6200,4,'',1,2200,4,'',1,2000,4,'',1,6200,4,'',1,2100,4,'',1,2100,4,'',1,6900,4,'',1,7900,4,'',1,4000,4,'',1,7900,4,'',1,7900,4,'',1,3900,4,'',1,7800,4,'',1,3700,4,'',1,7900,4,'',1
'24J-H57J000I-80-I',2702,64900,,'',1,7600,,'',1,7900,,'',1,3800,,'',1,7000,,'',1,2100,,'',1,2100,,'',1,6000,,'',1,2100,,'',1,2000,,'',1,6100,,'',1,2100,,'',1,2100,,'',1,6100,,'',1,2100,,'',1,6300,,'',1,2100,,'',1,1900,,'',1,6000,,'',1,2100,,'',1,1800,,'',1,5900,,'',1,1900,,'',1,2000,,'',1,6000,,'',1,2200,,'',1,2300,,'',1,6200,,'',1,2200,,'',1,2200,,'',1,6200,,'',1,2200,,'',1,2100,,'',1,6100,,'',1,3100,,'',1,8000,,'',1,8000,,'',1,3900,,'',1,7900,,'',1,7900,,'',1,3900,,'',1,7900,,'',1,7700,,'',1
'24J-H57J000S-81-S',2701,55400,4,'',2,6700,4,'',1,2900,4,'',2,6700,4,'',1,2600,4,'',2,6200,4,'',1,2900,4,'',1,6600,4,'',2,1800,4,'',1,1900,4,'',1,1900,4,'',2,6400,4,'',1,2400,4,'',1,6500,4,'',1,2500,4,'',1,6600,4,'',1,2900,4,'',1,2700,4,'',1,6700,4,'',1,2900,4,'',1,6900,4,'',1,2800,4,'',2,7100,4,'',1,2600,4,'',2,6400,4,'',1,1300,4,'',1,1200,4,'',1,1200,4,'',2,6300,4,'',2,1000,4,'',1,1000,4,'',2,1000,4,'',1,900,4,'',1,5300,4,'',2,1400,4,'',2,2400,4,'',1,6500,4,'',2,2500,4,'',1,2500,4,'',2,6500,4,'',1,2800,4,'',2,6800,4,'',1,2800,4,'',2,6900,4,'',1,3100,4,'',2,6900,4,'',1,2800,4,'',2,6900,4,'',1,2900,4,'',2,6700,4,'',1,2900,4,'',2
'24J-H57J000S-81-S',2702,51600,,'',2,2500,,'',1,6500,,'',2,2400,,'',1,2400,,'',2,6000,,'',2,900,,'',1,1000,,'',2,1200,,'',2,1100,,'',1,5100,,'',1,1100,,'',2,1100,,'',1,1000,,'',1,1000,,'',1,6100,,'',2,2300,,'',1,2600,,'',1,6500,,'',1,2500,,'',1,6600,,'',1,2600,,'',1,6600,,'',1,2700,,'',1,6700,,'',1,2700,,'',1,2600,,'',1,5900,,'',2,1900,,'',1,2300,,'',2,5900,,'',2,1900,,'',1,2300,,'',2,6400,,'',1,2400,,'',1,6800,,'',2,2100,,'',2,2100,,'',1,6400,,'',2,2500,,'',1,6500,,'',2,2600,,'',1,6600,,'',2,2800,,'',1,3000,,'',2,7000,,'',1,3000,,'',2,7200,,'',1,7200,,'',2,4100,,'',2,8200,,'',1,7500,,'',2
'24J-H57JV00A-80-A',2701,55400,4,'',1,8000,4,'',1,8100,4,'',1,4000,4,'',1,8000,4,'',1,8000,4,'',1,4100,4,'',1,8300,4,'',1,8200,4,'',1,3500,4,'',1,6100,4,'',1,2100,4,'',2,6400,4,'',2,2400,4,'',2,2200,4,'',1,6300,4,'',2,2100,4,'',1,2000,4,'',1,6000,4,'',2,2000,4,'',1,2200,4,'',1,6400,4,'',1,2200,4,'',1,6100,4,'',1,2000,4,'',1,2000,4,'',1,6300,4,'',1,2300,4,'',1,2300,4,'',1,6000,4,'',1,2300,4,'',1,6800,4,'',1,4100,4,'',1,8000,4,'',1,8000,4,'',1,4000,4,'',1,7700,4,'',1,3800,4,'',1,7900,4,'',1,8000,4,'',1,4000,4,'',1
'24J-H57JV00A-80-A',2702,55800,,'',1,7900,,'',1,8000,,'',1,4000,,'',1,8000,,'',1,8100,,'',1,4000,,'',1,8000,,'',1,7400,,'',1,2400,,'',1,2200,,'',1,6100,,'',1,2200,,'',2,6300,,'',2,2400,,'',2,2300,,'',1,6200,,'',2,2100,,'',1,2000,,'',1,6000,,'',2,2000,,'',1,2200,,'',1,6100,,'',1,2000,,'',1,2000,,'',1,6300,,'',1,2300,,'',1,6300,,'',1,2300,,'',1,2300,,'',1,6800,,'',1,8300,,'',1,4100,,'',1,8000,,'',1,8000,,'',1,4000,,'',1,7800,,'',1,8000,,'',1,3900,,'',1,7900,,'',1
'24J-H57JV00I-80-I',2701,64600,4,'',1,7700,4,'',1,7800,4,'',1,3900,4,'',1,7900,4,'',1,3300,4,'',1,6000,4,'',1,2100,4,'',1,2000,4,'',1,6100,4,'',1,2000,4,'',1,2100,4,'',1,6100,4,'',1,2100,4,'',1,6400,4,'',1,2100,4,'',1,2400,4,'',1,6100,4,'',1,1900,4,'',1,2100,4,'',1,6000,4,'',1,1900,4,'',1,1900,4,'',1,6000,4,'',1,1900,4,'',1,1900,4,'',1,6100,4,'',1,2300,4,'',1,2200,4,'',1,6200,4,'',1,2200,4,'',1,2000,4,'',1,6200,4,'',1,2100,4,'',1,2100,4,'',1,6900,4,'',1,7900,4,'',1,4000,4,'',1,7900,4,'',1,7900,4,'',1,3900,4,'',1,7800,4,'',1,3700,4,'',1,7900,4,'',1
'24J-H57JV00I-80-I',2702,64900,,'',1,7600,,'',1,7900,,'',1,3800,,'',1,7000,,'',1,2100,,'',1,2100,,'',1,6000,,'',1,2100,,'',1,2000,,'',1,6100,,'',1,2100,,'',1,2100,,'',1,6100,,'',1,2100,,'',1,6300,,'',1,2100,,'',1,1900,,'',1,6000,,'',1,2100,,'',1,1800,,'',1,5900,,'',1,1900,,'',1,2000,,'',1,6000,,'',1,2200,,'',1,2300,,'',1,6200,,'',1,2200,,'',1,2200,,'',1,6200,,'',1,2200,,'',1,2100,,'',1,6100,,'',1,3100,,'',1,8000,,'',1,8000,,'',1,3900,,'',1,7900,,'',1,7900,,'',1,3900,,'',1,7900,,'',1,7700,,'',1
'24J-H57JV00S-83-S',2701,55400,4,'',2,6700,4,'',1,2900,4,'',1,6700,4,'',1,2600,4,'',1,6200,4,'',1,2900,4,'',1,6600,4,'',2,1800,4,'',1,1900,4,'',1,1900,4,'',2,6400,4,'',1,2400,4,'',1,6500,4,'',1,2500,4,'',1,6600,4,'',1,2900,4,'',1,2700,4,'',1,6700,4,'',1,2900,4,'',1,6900,4,'',1,2800,4,'',2,7100,4,'',1,2600,4,'',2,6400,4,'',1,1300,4,'',1,1200,4,'',1,1200,4,'',2,6300,4,'',2,1000,4,'',1,1000,4,'',2,1000,4,'',1,900,4,'',1,5300,4,'',2,1400,4,'',2,2400,4,'',1,6500,4,'',2,2500,4,'',1,2500,4,'',2,6500,4,'',1,2800,4,'',2,6800,4,'',1,2800,4,'',2,6900,4,'',1,3100,4,'',2,6900,4,'',1,2800,4,'',2,6900,4,'',1,2900,4,'',2,6700,4,'',1,2900,4,'',2
'24J-H57JV00S-83-S',2702,51600,,'',2,2500,,'',1,6500,,'',2,2400,,'',1,2400,,'',1,6000,,'',2,900,,'',1,1000,,'',2,1200,,'',1,1100,,'',1,5100,,'',1,1100,,'',2,1100,,'',1,1000,,'',1,1000,,'',1,6100,,'',2,2300,,'',1,2600,,'',1,6500,,'',1,2500,,'',1,6600,,'',1,2600,,'',1,6600,,'',1,2700,,'',1,6700,,'',1,2700,,'',1,2600,,'',1,5900,,'',2,1900,,'',1,2300,,'',2,5900,,'',1,1900,,'',1,2300,,'',2,6400,,'',1,2400,,'',1,6800,,'',2,2100,,'',2,2100,,'',1,6400,,'',2,2500,,'',1,6500,,'',2,2600,,'',1,6600,,'',2,2800,,'',1,3000,,'',2,7000,,'',1,3000,,'',2,7200,,'',1,7200,,'',2,4100,,'',2,8200,,'',1,7500,,'',2
'24J-H59J000S-85-S',2702,70400,,'',1
'24J-H59JV00S-83-S',2702,70400,,'',1
