'23N-H56NV20A-82-A',10201,61900,4,'',1,3000,4,'',2,7000,4,'',1,3100,4,'',2,7200,4,'',1,3000,4,'',2,7100,4,'',1,3100,4,'',2,7000,4,'',1,3000,4,'',2,7000,4,'',1,2900,4,'',2,7000,4,'',1,3000,4,'',2,7000,4,'',1,3000,4,'',2,7000,4,'',1,3000,4,'',2,7000,4,'',1,3000,4,'',2,7000,4,'',1,3100,4,'',2,7000,4,'',1,3000,4,'',2,6900,4,'',1,2700,4,'',2,6900,4,'',1,2900,4,'',2,7000,4,'',1,3100,4,'',2,7000,4,'',1,3000,4,'',2,7100,4,'',1,8800,4,'',1,4500,4,'',1,8600,4,'',1,8500,4,'',1,8400,4,'',1
'23N-H56NV20I-82-I',10201,65000,4,'',1,7000,4,'',2,3000,4,'',1,7000,4,'',2,3200,4,'',1,7000,4,'',2,3000,4,'',1,7000,4,'',2,3100,4,'',1,7000,4,'',2,3000,4,'',1,7000,4,'',2,3000,4,'',1,7000,4,'',2,3000,4,'',1,7000,4,'',2,3000,4,'',1,7000,4,'',2,2900,4,'',1,6900,4,'',2,2900,4,'',1,6900,4,'',2,3000,4,'',1,7000,4,'',2,3000,4,'',1,7000,4,'',2,3000,4,'',1,6900,4,'',2,3200,4,'',1,7100,4,'',2,3100,4,'',1,7100,4,'',2,3300,4,'',1,8400,4,'',1,8800,4,'',1,8800,4,'',1
'23N-H56NV20S-82-S',10201,55000,4,'',1,6900,4,'',2,3300,4,'',1,7100,4,'',2,3500,4,'',1,7300,4,'',2,7100,4,'',1,3200,4,'',2,6600,4,'',1,2900,4,'',2,2900,4,'',1,6900,4,'',2,2900,4,'',1,6900,4,'',2,2900,4,'',1,7000,4,'',2,3000,4,'',1,6900,4,'',2,3000,4,'',1,7200,4,'',2,7500,4,'',1,3200,4,'',2,7000,4,'',1,3200,4,'',2,7000,4,'',1,3100,4,'',2,6700,4,'',1,2900,4,'',2,6900,4,'',1,2900,4,'',2,2700,4,'',1,6700,4,'',2,2900,4,'',1,7000,4,'',2,3100,4,'',1,8700,4,'',1,8700,4,'',1,9000,4,'',1
'24J-H56J000A-80-A',10201,61900,4,'',1,3000,4,'',2,7000,4,'',1,3100,4,'',2,7200,4,'',1,3000,4,'',2,7100,4,'',1,3100,4,'',2,7000,4,'',1,3000,4,'',2,7000,4,'',1,2900,4,'',2,7000,4,'',1,3000,4,'',2,7000,4,'',1,3000,4,'',2,7000,4,'',1,3000,4,'',2,7000,4,'',1,3000,4,'',2,7000,4,'',1,3100,4,'',2,7000,4,'',1,3000,4,'',2,6900,4,'',1,2700,4,'',2,6900,4,'',1,2900,4,'',2,7000,4,'',1,3100,4,'',2,7000,4,'',1,3000,4,'',2,7100,4,'',1,8800,4,'',1,4500,4,'',1,8600,4,'',1,8500,4,'',1,8400,4,'',1
'24J-H56J000I-80-I',10201,65000,4,'',1,7000,4,'',2,3000,4,'',1,7000,4,'',2,3200,4,'',1,7000,4,'',2,3000,4,'',1,7000,4,'',2,3100,4,'',1,7000,4,'',2,3000,4,'',1,7000,4,'',2,3000,4,'',1,7000,4,'',2,3000,4,'',1,7000,4,'',2,3000,4,'',1,7000,4,'',2,2900,4,'',1,6900,4,'',2,2900,4,'',1,6900,4,'',2,3000,4,'',1,7000,4,'',2,3000,4,'',1,7000,4,'',2,3000,4,'',1,6900,4,'',2,3200,4,'',1,7100,4,'',2,3100,4,'',1,7100,4,'',2,3300,4,'',1,8400,4,'',1,8800,4,'',1,8800,4,'',1
'24J-H56J000S-82-S',10201,55000,4,'',2,6900,4,'',1,3300,4,'',2,7100,4,'',1,3500,4,'',2,7300,4,'',1,7100,4,'',2,3200,4,'',1,6600,4,'',2,2900,4,'',1,2900,4,'',2,6900,4,'',1,2900,4,'',2,6900,4,'',1,2900,4,'',2,7000,4,'',1,3000,4,'',2,6900,4,'',1,3000,4,'',2,7200,4,'',1,7500,4,'',2,3200,4,'',1,7000,4,'',2,3200,4,'',1,7000,4,'',2,3100,4,'',1,6700,4,'',2,2900,4,'',1,6900,4,'',2,2900,4,'',1,2700,4,'',2,6700,4,'',1,2900,4,'',1,7000,4,'',1,3100,4,'',1,8700,4,'',1,8700,4,'',1,9000,4,'',1
'24J-H56JV00A-80-A',10201,61900,4,'',1,3000,4,'',2,7000,4,'',1,3100,4,'',2,7200,4,'',1,3000,4,'',2,7100,4,'',1,3100,4,'',2,7000,4,'',1,3000,4,'',2,7000,4,'',1,2900,4,'',2,7000,4,'',1,3000,4,'',2,7000,4,'',1,3000,4,'',2,7000,4,'',1,3000,4,'',2,7000,4,'',1,3000,4,'',2,7000,4,'',1,3100,4,'',2,7000,4,'',1,3000,4,'',2,6900,4,'',1,2700,4,'',2,6900,4,'',1,2900,4,'',2,7000,4,'',1,3100,4,'',2,7000,4,'',1,3000,4,'',2,7100,4,'',1,8800,4,'',1,4500,4,'',1,8600,4,'',1,8500,4,'',1,8400,4,'',1
'24J-H56JV00I-80-I',10201,65000,4,'',1,7000,4,'',2,3000,4,'',1,7000,4,'',2,3200,4,'',1,7000,4,'',2,3000,4,'',1,7000,4,'',2,3100,4,'',1,7000,4,'',2,3000,4,'',1,7000,4,'',2,3000,4,'',1,7000,4,'',2,3000,4,'',1,7000,4,'',2,3000,4,'',1,7000,4,'',2,2900,4,'',1,6900,4,'',2,2900,4,'',1,6900,4,'',2,3000,4,'',1,7000,4,'',2,3000,4,'',1,7000,4,'',2,3000,4,'',1,6900,4,'',2,3200,4,'',1,7100,4,'',2,3100,4,'',1,7100,4,'',2,3300,4,'',1,8400,4,'',1,8800,4,'',1,8800,4,'',1
'24J-H56JV00S-82-S',10201,55000,4,'',2,6900,4,'',1,3300,4,'',2,7100,4,'',1,3500,4,'',2,7300,4,'',1,7100,4,'',2,3200,4,'',1,6600,4,'',2,2900,4,'',1,2900,4,'',2,6900,4,'',1,2900,4,'',2,6900,4,'',1,2900,4,'',2,7000,4,'',1,3000,4,'',2,6900,4,'',1,3000,4,'',2,7200,4,'',1,7500,4,'',2,3200,4,'',1,7000,4,'',2,3200,4,'',1,7000,4,'',2,3100,4,'',1,6700,4,'',2,2900,4,'',1,6900,4,'',2,2900,4,'',1,2700,4,'',2,6700,4,'',1,2900,4,'',1,7000,4,'',1,3100,4,'',1,8700,4,'',1,8700,4,'',1,9000,4,'',1
'23N-H50NV20A-80-A',10501,53200,4,'',1,7000,4,'',2,3000,4,'',1,2700,4,'',2,6400,4,'',1,2300,4,'',2,6100,4,'',1,2000,4,'',1,1600,4,'',2,1300,4,'',1,5100,4,'',1,1000,4,'',1,1000,4,'',2,1000,4,'',1,1000,4,'',1,1000,4,'',2,4900,4,'',2,1000,4,'',1,1000,4,'',1,1100,4,'',2,1200,4,'',1,5100,4,'',1,1000,4,'',1,900,4,'',1,900,4,'',1,800,4,'',2,800,4,'',2,800,4,'',1,4800,4,'',1,800,4,'',1,700,4,'',1,800,4,'',2,800,4,'',2,900,4,'',1,800,4,'',1,800,4,'',1,4700,4,'',2,700,4,'',1,700,4,'',2,700,4,'',2,700,4,'',1,700,4,'',2,700,4,'',1,700,4,'',1,700,4,'',2,4700,4,'',2,600,4,'',2,500,4,'',2,800,4,'',2,600,4,'',1,800,4,'',1,800,4,'',1,800,4,'',2,4800,4,'',1,700,4,'',2,600,4,'',2,700,4,'',2,800,4,'',1,800,4,'',1,800,4,'',2,800,4,'',1,5000,4,'',2,900,4,'',2,900,4,'',2,1000,4,'',1,1100,4,'',1,1000,4,'',2,4800,4,'',2,900,4,'',2,1000,4,'',2,1100,4,'',1,1000,4,'',1,800,4,'',2,5100,4,'',2,1200,4,'',1,1200,4,'',1,1200,4,'',1,1100,4,'',2,5200,4,'',2,1200,4,'',1,1200,4,'',1,1400,4,'',2,1500,4,'',2,5600,4,'',1,1800,4,'',2,1800,4,'',2,5900,4,'',1,1900,4,'',2,1900,4,'',1,6000,4,'',1,2200,4,'',2,2200,4,'',1,6300,4,'',1,2700,4,'',1,7000,4,'',1,2800,4,'',1,7200,4,'',2,3200,4,'',1
'23N-H50NV20I-80-I',10501,61600,4,'',1,3000,4,'',1,7000,4,'',1,2700,4,'',1,6300,4,'',1,2000,4,'',1,2000,4,'',1,5700,4,'',2,1500,4,'',1,1400,4,'',2,1400,4,'',2,1300,4,'',1,5200,4,'',1,1200,4,'',2,1100,4,'',2,1100,4,'',1,1000,4,'',1,5100,4,'',2,1200,4,'',2,1200,4,'',1,1100,4,'',1,1100,4,'',2,4900,4,'',1,1000,4,'',1,1000,4,'',2,1000,4,'',2,1000,4,'',1,1000,4,'',1,5000,4,'',1,1000,4,'',2,1000,4,'',1,1000,4,'',1,1000,4,'',1,1000,4,'',1,5000,4,'',2,1000,4,'',1,1000,4,'',1,1000,4,'',1,1000,4,'',1,1000,4,'',2,5000,4,'',1,1000,4,'',1,1000,4,'',1,1000,4,'',1,1100,4,'',2,1200,4,'',1,5200,4,'',1,1400,4,'',1,1400,4,'',2,1500,4,'',1,5500,4,'',1,1400,4,'',1,1400,4,'',2,1400,4,'',1,5600,4,'',2,1600,4,'',1,1600,4,'',2,1700,4,'',1,6100,4,'',2,2000,4,'',2,2000,4,'',1,6000,4,'',1,2000,4,'',1,2200,4,'',1,6400,4,'',1,2300,4,'',1,6700,4,'',1,3000,4,'',2,6800,4,'',1,3000,4,'',1,7000,4,'',2,3000,4,'',1,7200,4,'',2
'23N-H50NV20S-81-S',10501,53100,4,'',1,8100,4,'',1,1300,4,'',2,2100,4,'',2,800,4,'',1,4800,4,'',1,900,4,'',2,700,4,'',2,700,4,'',2,500,4,'',1,500,4,'',1,400,4,'',2,400,4,'',2,500,4,'',2,500,4,'',1,400,4,'',1,4700,4,'',1,400,4,'',2,700,4,'',2,400,4,'',2,400,4,'',2,700,4,'',1,700,4,'',1,400,4,'',2,400,4,'',2,500,4,'',2,400,4,'',1,4600,4,'',1,400,4,'',2,700,4,'',2,700,4,'',1,700,4,'',1,700,4,'',2,800,4,'',1,600,4,'',1,700,4,'',2,4700,4,'',2,700,4,'',1,900,4,'',1,900,4,'',2,1000,4,'',1,900,4,'',2,900,4,'',2,4800,4,'',1,800,4,'',1,800,4,'',1,800,4,'',2,900,4,'',2,1000,4,'',2,1000,4,'',1,5000,4,'',2,900,4,'',1,1000,4,'',2,1000,4,'',2,900,4,'',1,1000,4,'',2,4900,4,'',1,900,4,'',2,800,4,'',1,800,4,'',2,700,4,'',1,800,4,'',2,800,4,'',1,800,4,'',2,4900,4,'',1,900,4,'',2,900,4,'',1,900,4,'',1,800,4,'',2,800,4,'',2,700,4,'',1,4700,4,'',1,600,4,'',2,600,4,'',1,600,4,'',1,700,4,'',1,700,4,'',2,600,4,'',2,500,4,'',2,500,4,'',2,400,4,'',1,4700,4,'',1,600,4,'',1,800,4,'',1,800,4,'',1,700,4,'',1,700,4,'',2,700,4,'',2,700,4,'',1,4800,4,'',2,900,4,'',1,800,4,'',1,700,4,'',1,700,4,'',1,800,4,'',2,800,4,'',1,900,4,'',2,4800,4,'',1,900,4,'',1,1000,4,'',2,1000,4,'',2,1200,4,'',1,1200,4,'',2,5000,4,'',1,1100,4,'',1,1100,4,'',1,1200,4,'',2,1300,4,'',1,5300,4,'',1,1300,4,'',1,1300,4,'',2,1300,4,'',1,1300,4,'',1,5300,4,'',1,1400,4,'',2,1700,4,'',2,6300,4,'',1,2400,4,'',2,2500,4,'',1,6500,4,'',1,2400,4,'',1,6600,4,'',1,2700,4,'',1,6500,4,'',1
'23N-H56NV20S-82-S',10501,80100,4,'',1,1000,4,'',1,1500,4,'',2,800,4,'',1
'23N-H57NV20S-80-S',10501,55300,4,'',1,8300,4,'',1
'24J-H50J000A-82-A',10501,53200,4,'',1,7000,4,'',1,3000,4,'',1,2700,4,'',1,6400,4,'',1,2300,4,'',1,6100,4,'',2,2000,4,'',1,1600,4,'',1,1300,4,'',1,5100,4,'',2,1000,4,'',1,1000,4,'',1,1000,4,'',1,1000,4,'',2,1000,4,'',1,4900,4,'',1,1000,4,'',1,1000,4,'',1,1100,4,'',1,1200,4,'',2,5100,4,'',2,1000,4,'',1,900,4,'',1,900,4,'',2,800,4,'',2,800,4,'',1,800,4,'',2,4800,4,'',1,800,4,'',2,700,4,'',2,800,4,'',1,800,4,'',1,900,4,'',2,800,4,'',2,800,4,'',2,4700,4,'',1,700,4,'',1,700,4,'',2,700,4,'',1,700,4,'',2,600,4,'',2,700,4,'',1,700,4,'',1,800,4,'',1,4700,4,'',1,700,4,'',2,600,4,'',1,600,4,'',1,700,4,'',2,700,4,'',1,800,4,'',1,800,4,'',1,4800,4,'',1,700,4,'',2,600,4,'',1,700,4,'',2,800,4,'',1,800,4,'',1,800,4,'',1,900,4,'',1,4900,4,'',2,900,4,'',1,900,4,'',2,1000,4,'',1,1100,4,'',1,900,4,'',2,4900,4,'',1,1000,4,'',2,1000,4,'',1,1100,4,'',1,900,4,'',2,800,4,'',2,5100,4,'',2,1200,4,'',1,1200,4,'',1,1200,4,'',2,1100,4,'',2,5200,4,'',1,1200,4,'',1,1200,4,'',2,1400,4,'',2,1500,4,'',1,5600,4,'',2,1800,4,'',2,1800,4,'',1,5900,4,'',1,1900,4,'',2,1900,4,'',1,6000,4,'',1,2200,4,'',2,2200,4,'',1,6300,4,'',1,2700,4,'',1,7000,4,'',1,2800,4,'',1,7200,4,'',1,3200,4,'',1
'24J-H50J000I-82-I',10501,61600,4,'',1,3000,4,'',2,7000,4,'',1,2700,4,'',2,6300,4,'',1,2000,4,'',1,2000,4,'',1,5700,4,'',2,1500,4,'',1,1400,4,'',1,1400,4,'',2,1300,4,'',1,5200,4,'',1,1200,4,'',1,1100,4,'',2,1100,4,'',1,1000,4,'',1,5100,4,'',1,1200,4,'',1,1200,4,'',1,1100,4,'',1,1100,4,'',1,4900,4,'',1,1000,4,'',1,1000,4,'',1,1000,4,'',1,1000,4,'',1,1000,4,'',1,5000,4,'',2,1000,4,'',2,1000,4,'',1,1000,4,'',1,1000,4,'',1,1000,4,'',2,5000,4,'',2,1000,4,'',1,1000,4,'',1,1000,4,'',1,1000,4,'',2,1000,4,'',2,5000,4,'',1,1000,4,'',1,1000,4,'',1,1000,4,'',2,1100,4,'',2,1200,4,'',1,5200,4,'',1,1400,4,'',1,1400,4,'',2,1500,4,'',1,5500,4,'',1,1400,4,'',1,1400,4,'',2,1400,4,'',2,5600,4,'',1,1600,4,'',1,1600,4,'',2,1700,4,'',1,6100,4,'',1,2000,4,'',2,2000,4,'',1,6000,4,'',1,2000,4,'',1,2200,4,'',1,6400,4,'',1,2300,4,'',1,6700,4,'',1,3000,4,'',2,6800,4,'',1,3000,4,'',1,7000,4,'',2,3000,4,'',1,7200,4,'',2
'24J-H50J000S-82-S',10501,53100,4,'',2,2200,4,'',1,5900,4,'',2,1300,4,'',2,1100,4,'',1,1000,4,'',1,900,4,'',2,4800,4,'',2,800,4,'',2,700,4,'',1,700,4,'',1,500,4,'',1,700,4,'',2,400,4,'',1,400,4,'',1,400,4,'',2,400,4,'',2,400,4,'',1,4400,4,'',1,300,4,'',2,400,4,'',2,700,4,'',1,300,4,'',1,400,4,'',2,400,4,'',1,400,4,'',1,400,4,'',1,400,4,'',2,400,4,'',1,400,4,'',2,400,4,'',1,400,4,'',2,500,4,'',1,4500,4,'',1,700,4,'',2,700,4,'',1,700,4,'',2,700,4,'',2,700,4,'',1,700,4,'',2,700,4,'',1,4700,4,'',2,700,4,'',1,900,4,'',2,900,4,'',2,1000,4,'',2,900,4,'',2,900,4,'',1,4800,4,'',1,800,4,'',2,800,4,'',2,800,4,'',2,900,4,'',1,1000,4,'',2,1000,4,'',1,5000,4,'',2,900,4,'',2,1000,4,'',1,1000,4,'',2,900,4,'',1,1000,4,'',2,4900,4,'',2,900,4,'',1,800,4,'',1,800,4,'',2,700,4,'',1,800,4,'',2,800,4,'',2,800,4,'',1,4900,4,'',1,900,4,'',2,900,4,'',1,900,4,'',2,800,4,'',2,800,4,'',1,700,4,'',1,4700,4,'',2,1200,4,'',1,600,4,'',2,700,4,'',2,700,4,'',2,600,4,'',1,500,4,'',1,500,4,'',2,400,4,'',1,4700,4,'',1,600,4,'',2,800,4,'',1,800,4,'',2,700,4,'',2,700,4,'',1,700,4,'',1,700,4,'',2,4800,4,'',1,900,4,'',1,800,4,'',1,700,4,'',1,700,4,'',2,800,4,'',1,800,4,'',1,900,4,'',1,4800,4,'',1,900,4,'',1,1000,4,'',1,1000,4,'',2,1200,4,'',1,1200,4,'',1,5000,4,'',1,1100,4,'',1,1100,4,'',2,1200,4,'',2,1300,4,'',1,5300,4,'',1,1300,4,'',2,1300,4,'',2,1300,4,'',1,1300,4,'',1,5300,4,'',2,1500,4,'',2,1700,4,'',1,6300,4,'',2,2400,4,'',1,2400,4,'',2,6500,4,'',1,2400,4,'',2,6600,4,'',1,2700,4,'',2,6500,4,'',1
'24J-H50JV00A-81-A',10501,53200,4,'',1,7000,4,'',1,3000,4,'',1,2700,4,'',1,6400,4,'',1,2300,4,'',1,6100,4,'',2,2000,4,'',1,1600,4,'',1,1300,4,'',1,5100,4,'',2,1000,4,'',1,1000,4,'',1,1000,4,'',1,1000,4,'',2,1000,4,'',1,4900,4,'',1,1000,4,'',1,1000,4,'',1,1100,4,'',1,1200,4,'',2,5100,4,'',2,1000,4,'',1,900,4,'',1,900,4,'',2,800,4,'',2,800,4,'',1,800,4,'',2,4800,4,'',1,800,4,'',2,700,4,'',2,800,4,'',1,800,4,'',1,900,4,'',2,800,4,'',2,800,4,'',2,4700,4,'',1,700,4,'',1,700,4,'',2,700,4,'',1,700,4,'',2,600,4,'',2,700,4,'',1,700,4,'',1,800,4,'',1,4700,4,'',1,700,4,'',2,600,4,'',1,600,4,'',1,700,4,'',2,700,4,'',1,800,4,'',1,800,4,'',1,4800,4,'',1,700,4,'',2,600,4,'',1,700,4,'',2,800,4,'',1,800,4,'',1,800,4,'',1,900,4,'',1,4900,4,'',2,900,4,'',1,900,4,'',2,1000,4,'',1,1100,4,'',1,900,4,'',2,4900,4,'',1,1000,4,'',2,1000,4,'',1,1100,4,'',1,900,4,'',2,800,4,'',2,5100,4,'',2,1200,4,'',1,1200,4,'',1,1200,4,'',2,1100,4,'',2,5200,4,'',1,1200,4,'',1,1200,4,'',2,1400,4,'',2,1500,4,'',1,5600,4,'',2,1800,4,'',2,1800,4,'',1,5900,4,'',1,1900,4,'',2,1900,4,'',1,6000,4,'',1,2200,4,'',2,2200,4,'',1,6300,4,'',1,2700,4,'',1,7000,4,'',1,2800,4,'',1,7200,4,'',1,3200,4,'',1
'24J-H50JV00I-81-I',10501,61600,4,'',1,3000,4,'',2,7000,4,'',1,2700,4,'',2,6300,4,'',1,2000,4,'',1,2000,4,'',1,5700,4,'',2,1500,4,'',1,1400,4,'',1,1400,4,'',2,1300,4,'',1,5200,4,'',1,1200,4,'',1,1100,4,'',2,1100,4,'',1,1000,4,'',1,5100,4,'',1,1200,4,'',1,1200,4,'',1,1100,4,'',1,1100,4,'',1,4900,4,'',1,1000,4,'',1,1000,4,'',1,1000,4,'',1,1000,4,'',1,1000,4,'',1,5000,4,'',2,1000,4,'',2,1000,4,'',1,1000,4,'',1,1000,4,'',1,1000,4,'',2,5000,4,'',2,1000,4,'',1,1000,4,'',1,1000,4,'',1,1000,4,'',2,1000,4,'',2,5000,4,'',1,1000,4,'',1,1000,4,'',1,1000,4,'',2,1100,4,'',2,1200,4,'',1,5200,4,'',1,1400,4,'',1,1400,4,'',2,1500,4,'',1,5500,4,'',1,1400,4,'',1,1400,4,'',2,1400,4,'',2,5600,4,'',1,1600,4,'',1,1600,4,'',2,1700,4,'',1,6100,4,'',1,2000,4,'',2,2000,4,'',1,6000,4,'',1,2000,4,'',1,2200,4,'',1,6400,4,'',1,2300,4,'',1,6700,4,'',1,3000,4,'',2,6800,4,'',1,3000,4,'',1,7000,4,'',2,3000,4,'',1,7200,4,'',2
'24J-H50JV00S-84-S',10501,53100,4,'',1,2200,4,'',1,5900,4,'',1,1300,4,'',2,1100,4,'',1,1000,4,'',1,900,4,'',1,4800,4,'',1,800,4,'',2,700,4,'',2,700,4,'',1,500,4,'',1,700,4,'',1,400,4,'',1,400,4,'',1,400,4,'',1,400,4,'',1,400,4,'',1,4400,4,'',1,300,4,'',1,400,4,'',2,700,4,'',1,300,4,'',1,400,4,'',1,400,4,'',1,400,4,'',1,400,4,'',1,400,4,'',1,400,4,'',1,400,4,'',2,400,4,'',1,400,4,'',1,500,4,'',1,4500,4,'',1,700,4,'',1,700,4,'',1,700,4,'',1,700,4,'',2,700,4,'',1,700,4,'',1,700,4,'',1,4700,4,'',1,700,4,'',1,900,4,'',1,900,4,'',2,1000,4,'',1,900,4,'',1,900,4,'',1,4800,4,'',1,800,4,'',1,800,4,'',1,800,4,'',2,900,4,'',1,1000,4,'',1,1000,4,'',1,5000,4,'',1,900,4,'',2,1000,4,'',1,1000,4,'',1,900,4,'',1,1000,4,'',1,4900,4,'',2,900,4,'',1,800,4,'',1,800,4,'',1,700,4,'',1,800,4,'',1,800,4,'',2,800,4,'',1,4900,4,'',1,900,4,'',1,900,4,'',1,900,4,'',2,800,4,'',1,800,4,'',1,700,4,'',1,4700,4,'',1,1200,4,'',1,600,4,'',1,700,4,'',2,700,4,'',1,600,4,'',1,500,4,'',1,500,4,'',1,400,4,'',1,4700,4,'',1,600,4,'',1,800,4,'',1,800,4,'',2,700,4,'',1,700,4,'',1,700,4,'',1,700,4,'',1,4800,4,'',1,900,4,'',1,800,4,'',1,700,4,'',1,700,4,'',1,800,4,'',1,800,4,'',1,900,4,'',1,4800,4,'',1,900,4,'',1,1000,4,'',1,1000,4,'',1,1200,4,'',1,1200,4,'',1,5000,4,'',1,1100,4,'',1,1100,4,'',1,1200,4,'',2,1300,4,'',1,5300,4,'',1,1300,4,'',1,1300,4,'',2,1300,4,'',1,1300,4,'',1,5300,4,'',1,1500,4,'',2,1700,4,'',1,6300,4,'',1,2400,4,'',1,2400,4,'',1,6500,4,'',1,2400,4,'',1,6600,4,'',1,2700,4,'',1,6500,4,'',1
'24J-H55J000S-80-S',10501,150900,4,'',1
'24J-H55JV00S-83-S',10501,150900,4,'',1
'24J-H56J000S-82-S',10501,81100,4,'',2
'24J-H56JV00S-82-S',10501,81100,4,'',2
