'23N-H59NV20A-81-A',1501,90800,,'',1,3000,,'',1,7000,,'',1,3000,,'',1,7000,,'',1,3000,,'',1,6900,,'',1,2800,,'',1,7300,,'',1,3000,,'',1,7100,,'',1,3100,,'',1,7100,,'',1,3100,,'',1,7100,,'',1,3100,,'',1,7100,,'',1,3300,,'',1,6900,,'',1,3000,,'',1,7000,,'',1,3000,,'',1,7000,,'',1,3000,,'',1,6900,,'',1,2900,,'',1,6900,,'',1,2900,,'',1,6900,,'',1,2800,,'',1,6800,,'',2
'23N-H59NV20A-81-A',1502,92900,4,'',1,2900,4,'',1,7000,4,'',1,7200,4,'',1,3000,4,'',1,7000,4,'',1,2800,4,'',1,7500,4,'',1,3000,4,'',1,7000,4,'',1,3000,4,'',1,7000,4,'',1,3100,4,'',1,7000,4,'',1,3100,4,'',1,7100,4,'',1,3100,4,'',1,7300,4,'',1,2900,4,'',1,7100,4,'',1,3100,4,'',1,7000,4,'',1,3000,4,'',1,7000,4,'',1,2800,4,'',1,6700,4,'',1,2900,4,'',1,6900,4,'',1,2900,4,'',1,6900,4,'',1,2800,4,'',1,7000,4,'',2
'23N-H59NV20I-81-I',1501,90000,,'',1,3100,,'',2,6900,,'',1,3000,,'',2,7000,,'',1,3000,,'',2,7000,,'',1,3000,,'',2,7300,,'',1,2800,,'',2,6900,,'',1,3000,,'',2,7000,,'',1,3000,,'',2,7000,,'',1,3000,,'',2,7000,,'',1,2900,,'',2,7100,,'',1,3000,,'',2,7000,,'',1,3000,,'',2,7000,,'',1,3000,,'',2,7000,,'',1,3000,,'',2,7000,,'',1,3000,,'',1,7000,,'',1,3000,,'',1,7000,,'',1
'23N-H59NV20I-81-I',1502,91800,4,'',2,3100,4,'',1,6900,4,'',2,3300,4,'',1,7000,4,'',2,3000,4,'',1,7000,4,'',2,2900,4,'',1,7400,4,'',2,2900,4,'',1,7000,4,'',2,3000,4,'',1,7000,4,'',2,3000,4,'',1,7000,4,'',2,3000,4,'',1,7000,4,'',2,2500,4,'',1,7300,4,'',2,2900,4,'',1,7000,4,'',2,3000,4,'',1,7000,4,'',2,3000,4,'',1,7000,4,'',2,3000,4,'',1,7000,4,'',2,3000,4,'',1,7000,4,'',1,3000,4,'',1,7000,4,'',1,3000,4,'',1
'23N-H59NV20S-82-S',1501,90200,,'',1,3000,,'',1,6800,,'',1,3000,,'',1,7000,,'',1,3000,,'',1,7300,,'',1,3200,,'',1,7300,,'',1,3300,,'',1,7300,,'',1,2700,,'',2,6900,,'',1,2800,,'',1,7300,,'',2,3300,,'',1,7300,,'',1,3200,,'',2,7200,,'',1,3200,,'',2,7200,,'',1,3000,,'',2,6800,,'',1,2800,,'',2,6700,,'',1,2700,,'',2,6700,,'',1,2700,,'',2,6700,,'',1,2700,,'',2,6700,,'',1
'23N-H59NV20S-82-S',1502,92600,4,'',1,2800,4,'',1,7000,4,'',1,3000,4,'',1,7000,4,'',1,3300,4,'',1,7200,4,'',1,7300,4,'',1,3300,4,'',1,7300,4,'',1,3400,4,'',1,7300,4,'',1,2800,4,'',2,6800,4,'',1,2700,4,'',1,7600,4,'',2,3200,4,'',1,6900,4,'',1,3200,4,'',2,7200,4,'',1,2700,4,'',2,7000,4,'',1,2800,4,'',2,6800,4,'',1,2600,4,'',2,6800,4,'',1,2800,4,'',2,6700,4,'',1,2600,4,'',2,2600,4,'',1,6800,4,'',2,2800,4,'',1
'24J-H59J000A-82-A',1501,90800,,'',1,3000,,'',2,7000,,'',1,3000,,'',2,7000,,'',1,3000,,'',2,6900,,'',1,2800,,'',2,7300,,'',1,3000,,'',2,7100,,'',1,3100,,'',2,7100,,'',1,3100,,'',2,7100,,'',1,3100,,'',2,7100,,'',1,3300,,'',2,6900,,'',1,3000,,'',2,7000,,'',1,3000,,'',2,7000,,'',1,3000,,'',2,6900,,'',1,2900,,'',2,6900,,'',1,2900,,'',2,6900,,'',1,2800,,'',2,6800,,'',1
'24J-H59J000A-82-A',1502,92900,4,'',2,2900,4,'',1,7000,4,'',2,7200,4,'',1,3000,4,'',2,7000,4,'',1,2800,4,'',2,7500,4,'',1,3000,4,'',2,7000,4,'',1,3000,4,'',2,7000,4,'',1,3100,4,'',2,7000,4,'',1,3100,4,'',2,7100,4,'',1,3100,4,'',2,7300,4,'',1,2900,4,'',2,7100,4,'',1,3100,4,'',2,7000,4,'',1,3000,4,'',2,7000,4,'',1,2800,4,'',2,6700,4,'',1,2900,4,'',2,6900,4,'',1,2900,4,'',2,6900,4,'',1,2800,4,'',2,7000,4,'',1
'24J-H59J000I-81-I',1501,90000,,'',1,3100,,'',2,6900,,'',1,3000,,'',2,7000,,'',1,3000,,'',2,7000,,'',1,3000,,'',2,7300,,'',1,2800,,'',2,6900,,'',1,3000,,'',2,7000,,'',1,3000,,'',2,7000,,'',1,3000,,'',2,7000,,'',1,2900,,'',2,7100,,'',1,3000,,'',2,7000,,'',1,3000,,'',2,7000,,'',1,3000,,'',2,7000,,'',1,3000,,'',2,7000,,'',1,3000,,'',2,7000,,'',1,3000,,'',2,7000,,'',1
'24J-H59J000I-81-I',1502,91800,4,'',2,3100,4,'',1,6900,4,'',2,3300,4,'',1,7000,4,'',2,3000,4,'',1,7000,4,'',2,2900,4,'',1,7400,4,'',2,2900,4,'',1,7000,4,'',2,3000,4,'',1,7000,4,'',2,3000,4,'',1,7000,4,'',2,3000,4,'',1,7000,4,'',2,2500,4,'',1,7300,4,'',2,2900,4,'',1,7000,4,'',2,3000,4,'',1,7000,4,'',2,3000,4,'',1,7000,4,'',2,3000,4,'',1,7000,4,'',2,3000,4,'',1,7000,4,'',2,3000,4,'',1,7000,4,'',2,3000,4,'',1
'24J-H59J000S-85-S',1501,90200,,'',1,3000,,'',1,6800,,'',1,3000,,'',1,7000,,'',1,3000,,'',1,7300,,'',1,3200,,'',1,7300,,'',1,3300,,'',1,7300,,'',1,2700,,'',2,6900,,'',1,2800,,'',1,7300,,'',2,3300,,'',1,7300,,'',2,3200,,'',1,7200,,'',2,3200,,'',1,7200,,'',2,3000,,'',1,6800,,'',2,2800,,'',1,6700,,'',2,2700,,'',1,6700,,'',2,2700,,'',1,6700,,'',2,2700,,'',1,6700,,'',2
'24J-H59J000S-85-S',1502,92600,4,'',1,2800,4,'',1,7000,4,'',1,3000,4,'',1,7000,4,'',1,3300,4,'',1,7200,4,'',1,7300,4,'',1,3300,4,'',1,7300,4,'',1,3400,4,'',1,7300,4,'',1,2800,4,'',2,6800,4,'',1,2700,4,'',1,7600,4,'',2,3200,4,'',1,6900,4,'',2,3200,4,'',1,7200,4,'',2,2700,4,'',1,7000,4,'',2,2800,4,'',1,6800,4,'',2,2600,4,'',1,6800,4,'',2,2800,4,'',1,6700,4,'',2,2600,4,'',1,2600,4,'',2,6800,4,'',1,2800,4,'',2
'24J-H59JV00A-81-A',1501,90800,,'',1,3000,,'',2,7000,,'',1,3000,,'',2,7000,,'',1,3000,,'',2,6900,,'',1,2800,,'',2,7300,,'',1,3000,,'',2,7100,,'',1,3100,,'',2,7100,,'',1,3100,,'',2,7100,,'',1,3100,,'',2,7100,,'',1,3300,,'',2,6900,,'',1,3000,,'',2,7000,,'',1,3000,,'',2,7000,,'',1,3000,,'',2,6900,,'',1,2900,,'',2,6900,,'',1,2900,,'',2,6900,,'',1,2800,,'',2,6800,,'',1
'24J-H59JV00A-81-A',1502,92900,4,'',2,2900,4,'',1,7000,4,'',2,7200,4,'',1,3000,4,'',2,7000,4,'',1,2800,4,'',2,7500,4,'',1,3000,4,'',2,7000,4,'',1,3000,4,'',2,7000,4,'',1,3100,4,'',2,7000,4,'',1,3100,4,'',2,7100,4,'',1,3100,4,'',2,7300,4,'',1,2900,4,'',2,7100,4,'',1,3100,4,'',2,7000,4,'',1,3000,4,'',2,7000,4,'',1,2800,4,'',2,6700,4,'',1,2900,4,'',2,6900,4,'',1,2900,4,'',2,6900,4,'',1,2800,4,'',2,7000,4,'',1
'24J-H59JV00I-81-I',1501,90000,,'',1,3100,,'',2,6900,,'',1,3000,,'',2,7000,,'',1,3000,,'',2,7000,,'',1,3000,,'',2,7300,,'',1,2800,,'',2,6900,,'',1,3000,,'',2,7000,,'',1,3000,,'',2,7000,,'',1,3000,,'',2,7000,,'',1,2900,,'',2,7100,,'',1,3000,,'',2,7000,,'',1,3000,,'',2,7000,,'',1,3000,,'',2,7000,,'',1,3000,,'',2,7000,,'',1,3000,,'',2,7000,,'',1,3000,,'',2,7000,,'',1
'24J-H59JV00I-81-I',1502,91800,4,'',2,3100,4,'',1,6900,4,'',2,3300,4,'',1,7000,4,'',2,3000,4,'',1,7000,4,'',2,2900,4,'',1,7400,4,'',2,2900,4,'',1,7000,4,'',2,3000,4,'',1,7000,4,'',2,3000,4,'',1,7000,4,'',2,3000,4,'',1,7000,4,'',2,2500,4,'',1,7300,4,'',2,2900,4,'',1,7000,4,'',2,3000,4,'',1,7000,4,'',2,3000,4,'',1,7000,4,'',2,3000,4,'',1,7000,4,'',2,3000,4,'',1,7000,4,'',2,3000,4,'',1,7000,4,'',2,3000,4,'',1
'24J-H59JV00S-83-S',1501,90200,,'',1,3000,,'',1,6800,,'',1,3000,,'',1,7000,,'',1,3000,,'',1,7300,,'',1,3200,,'',1,7300,,'',1,3300,,'',1,7300,,'',1,2700,,'',2,6900,,'',1,2800,,'',1,7300,,'',2,3300,,'',1,7300,,'',2,3200,,'',1,7200,,'',2,3200,,'',1,7200,,'',2,3000,,'',1,6800,,'',2,2800,,'',1,6700,,'',2,2700,,'',1,6700,,'',2,2700,,'',1,6700,,'',2,2700,,'',1,6700,,'',2
'24J-H59JV00S-83-S',1502,92600,4,'',1,2800,4,'',1,7000,4,'',1,3000,4,'',1,7000,4,'',1,3300,4,'',1,7200,4,'',1,7300,4,'',1,3300,4,'',1,7300,4,'',1,3400,4,'',1,7300,4,'',1,2800,4,'',2,6800,4,'',1,2700,4,'',1,7600,4,'',2,3200,4,'',1,6900,4,'',2,3200,4,'',1,7200,4,'',2,2700,4,'',1,7000,4,'',2,2800,4,'',1,6800,4,'',2,2600,4,'',1,6800,4,'',2,2800,4,'',1,6700,4,'',2,2600,4,'',1,2600,4,'',2,6800,4,'',1,2800,4,'',2
'23N-H56NV20A-82-A',35601,263600,,'',1,8300,,'',2,9100,,'',1,9100,,'',1,4300,,'',1
'23N-H56NV20I-82-I',35601,264600,,'',1,7900,,'',1,7800,,'',1,3800,,'',1,7900,,'',1,3800,,'',2
'23N-H56NV20S-82-S',35601,264800,,'',1,7300,,'',2,3400,,'',1,7900,,'',1,8000,,'',1,8700,,'',1
'24J-H56J000A-80-A',35601,263600,,'',1,8300,,'',1,9100,,'',2,9100,,'',1,4300,,'',1
'24J-H56J000I-80-I',35601,264600,,'',2,7900,,'',1,7800,,'',1,3800,,'',1,7900,,'',2,3800,,'',1
'24J-H56J000S-82-S',35601,264800,,'',2,7300,,'',1,3400,,'',1,7900,,'',1,8000,,'',1,8700,,'',1
'24J-H56JV00A-80-A',35601,263600,,'',1,8300,,'',1,9100,,'',2,9100,,'',1,4300,,'',1
'24J-H56JV00I-80-I',35601,264600,,'',2,7900,,'',1,7800,,'',1,3800,,'',1,7900,,'',2,3800,,'',1
'24J-H56JV00S-82-S',35601,264800,,'',1,7300,,'',1,3400,,'',1,7900,,'',1,8000,,'',1,8700,,'',1
'23N-H59NV20A-81-A',35801,243500,,'',1,2300,,'',1,6800,,'',1,2300,,'',1,6800,,'',1,2700,,'',1,5600,,'',2,1500,,'',1,2600,,'',1,6700,,'',2,2600,,'',1,6600,,'',2
'23N-H59NV20A-81-A',35802,252400,4,'',1,2300,4,'',1,6800,4,'',1,2700,4,'',1,6900,4,'',1,2700,4,'',1,6800,4,'',2,2600,4,'',1,2400,4,'',2,6500,4,'',1
'23N-H59NV20I-81-I',35801,243000,,'',1,7000,,'',1,3000,,'',1,7000,,'',1,3000,,'',1,7000,,'',1,3000,,'',1,7000,,'',1,3000,,'',1,7000,,'',1
'23N-H59NV20I-81-I',35802,252300,4,'',1,3000,4,'',1,7000,4,'',1,3000,4,'',1,7000,4,'',1,3000,4,'',1,7000,4,'',1,3000,4,'',1,7000,4,'',1
'23N-H59NV20S-82-S',35801,243000,,'',2,7000,,'',1,3000,,'',2,7000,,'',1,3000,,'',2,7000,,'',1,3000,,'',2,7000,,'',1,3000,,'',2,7000,,'',1
'23N-H59NV20S-82-S',35802,252400,4,'',2,3000,4,'',1,7000,4,'',2,3000,4,'',1,7000,4,'',2,3100,4,'',1,7000,4,'',2,3000,4,'',1,7100,4,'',2
'23N-H59NV20S-82-SV',35801,261500,,'',2,3000,,'',2,7000,,'',2,3000,,'',2,7000,,'',2,3000,,'',2
'23N-H59NV20S-82-SV',35802,263900,4,'',2,7000,4,'',2,3000,4,'',2,7100,4,'',2,3000,4,'',2,7100,4,'',2
'24J-H59J000A-82-A',35801,243500,,'',1,2300,,'',2,6800,,'',1,2300,,'',2,6800,,'',1,2700,,'',2,5600,,'',1,1500,,'',1,2600,,'',2,6700,,'',1,2600,,'',2,6600,,'',1
'24J-H59J000A-82-A',35802,252400,4,'',1,2300,4,'',2,6800,4,'',1,2700,4,'',2,6900,4,'',1,2700,4,'',2,6800,4,'',1,2600,4,'',2,2400,4,'',1,6500,4,'',2
'24J-H59J000I-81-I',35801,243000,,'',2,7000,,'',1,3000,,'',2,7000,,'',1,3000,,'',2,7000,,'',1,3000,,'',2,7000,,'',1,3000,,'',2,7000,,'',1
'24J-H59J000I-81-I',35802,252300,4,'',2,3000,4,'',1,7000,4,'',2,3000,4,'',1,7000,4,'',2,3000,4,'',1,7000,4,'',2,3000,4,'',1,7000,4,'',2
'24J-H59J000S-85-S',35801,243000,,'',1,7000,,'',2,3000,,'',1,7000,,'',2,3000,,'',1,7000,,'',2,3000,,'',1,7000,,'',2,3000,,'',1,7000,,'',2
'24J-H59J000S-85-S',35802,252400,4,'',1,3000,4,'',2,7000,4,'',1,3000,4,'',2,7000,4,'',1,3100,4,'',2,7000,4,'',1,3000,4,'',2,7100,4,'',1
'24J-H59J000S-85-SV',35801,261500,,'',2,3000,,'',2,7000,,'',2,3000,,'',2,7000,,'',2,3000,,'',2
'24J-H59J000S-85-SV',35802,263900,4,'',2,7000,4,'',2,3000,4,'',2,7100,4,'',2,3000,4,'',2,7100,4,'',2
'24J-H59JV00A-81-A',35801,243500,,'',1,2300,,'',2,6800,,'',1,2300,,'',2,6800,,'',1,2700,,'',2,5600,,'',1,1500,,'',1,2600,,'',2,6700,,'',1,2600,,'',2,6600,,'',1
'24J-H59JV00A-81-A',35802,252400,4,'',1,2300,4,'',2,6800,4,'',1,2700,4,'',2,6900,4,'',1,2700,4,'',2,6800,4,'',1,2600,4,'',2,2400,4,'',1,6500,4,'',2
'24J-H59JV00I-81-I',35801,243000,,'',2,7000,,'',1,3000,,'',2,7000,,'',1,3000,,'',2,7000,,'',1,3000,,'',2,7000,,'',1,3000,,'',2,7000,,'',1
'24J-H59JV00I-81-I',35802,252300,4,'',2,3000,4,'',1,7000,4,'',2,3000,4,'',1,7000,4,'',2,3000,4,'',1,7000,4,'',2,3000,4,'',1,7000,4,'',2
'24J-H59JV00S-83-S',35801,243000,,'',1,7000,,'',2,3000,,'',1,7000,,'',2,3000,,'',1,7000,,'',2,3000,,'',1,7000,,'',2,3000,,'',1,7000,,'',2
'24J-H59JV00S-83-S',35802,252400,4,'',1,3000,4,'',2,7000,4,'',1,3000,4,'',2,7000,4,'',1,3100,4,'',2,7000,4,'',1,3000,4,'',2,7100,4,'',1
'24J-H59JV00S-83-SV',35801,261500,,'',2,3000,,'',2,7000,,'',2,3000,,'',2,7000,,'',2,3000,,'',2
'24J-H59JV00S-83-SV',35802,263900,4,'',2,7000,4,'',2,3000,4,'',2,7100,4,'',2,3000,4,'',2,7100,4,'',2
