'23J-H55J000S-80-S',1304,65700,4,'',1,7700,4,'',1,7800,4,'',1,3700,4,'',1,7400,4,'',1,59800,4,'',1,8200,4,'',1,4100,4,'',1,7600,4,'',1,3600,4,'',1,7300,4,'',1,7200,4,'',1,3100,4,'',1
'23J-H55JV00S-83-S',1304,65700,4,'',1,7700,4,'',1,7800,4,'',1,3700,4,'',1,7400,4,'',1,59800,4,'',1,8200,4,'',1,4100,4,'',1,7600,4,'',1,3600,4,'',1,7300,4,'',1,7200,4,'',1,3100,4,'',1
'23J-H57J000S-81-S',2503,74100,4,'',2,1100,4,'',2,5800,4,'',2,3800,4,'',2,5600,4,'',2,2300,4,'',2,2600,4,'',2,6600,4,'',2,2700,4,'',2,6900,4,'',2,2900,4,'',2,7100,4,'',2,3100,4,'',2,7000,4,'',2,3100,4,'',2,7100,4,'',2,3100,4,'',2,7000,4,'',2,2200,4,'',2,6200,4,'',2,2200,4,'',2,2000,4,'',2,1100,4,'',2,5100,4,'',2,1100,4,'',2,1100,4,'',2,2300,4,'',2,6400,4,'',2,2900,4,'',2,6900,4,'',2,2900,4,'',2,6800,4,'',2,2900,4,'',2,6900,4,'',2,2900,4,'',2
'23J-H57JV00S-80-S',2503,74100,4,'',2,1100,4,'',2,5800,4,'',2,3800,4,'',2,5600,4,'',2,2300,4,'',2,2600,4,'',2,6600,4,'',2,2700,4,'',2,6900,4,'',2,2900,4,'',2,7100,4,'',2,3100,4,'',2,7000,4,'',2,3100,4,'',2,7100,4,'',2,3100,4,'',2,7000,4,'',2,2200,4,'',2,6200,4,'',2,2200,4,'',2,2000,4,'',2,1100,4,'',2,5100,4,'',2,1100,4,'',2,1100,4,'',2,2300,4,'',2,6400,4,'',2,2900,4,'',2,6900,4,'',2,2900,4,'',2,6800,4,'',2,2900,4,'',2,6900,4,'',2,2900,4,'',2
'23J-H59J000S-91-S',2503,73000,4,'',2,7100,4,'',2,2100,4,'',2,1400,4,'',2
'23J-H59JV00S-86-S',2503,73000,4,'',2,7100,4,'',2,2100,4,'',2,1400,4,'',2
'23J-H50J000S-82-S',3104,52700,4,'',1,2700,4,'',2,7000,4,'',1,3400,4,'',2,7800,4,'',1
'23J-H50JV00S-84-S',3104,52700,4,'',1,2700,4,'',2,7000,4,'',1,3400,4,'',2,7800,4,'',1
'23J-H55J000A-01-A',3104,53100,4,'',1,7300,4,'',2,3300,4,'',1,7200,4,'',2,3000,4,'',1,7000,4,'',2,3000,4,'',1,7000,4,'',2,3000,4,'',1,7000,4,'',2,3000,4,'',1,6900,4,'',2,2900,4,'',1,7000,4,'',2,3000,4,'',1,7000,4,'',2,3000,4,'',1,7000,4,'',2,3000,4,'',1,7000,4,'',2,3000,4,'',1,7000,4,'',2,3100,4,'',1,7100,4,'',2,3100,4,'',1,7000,4,'',2,2800,4,'',1,7000,4,'',2,3000,4,'',1
'23J-H55J000I-02-I',3104,52900,4,'',2,7900,4,'',1,3000,4,'',2,7000,4,'',1,3000,4,'',2,7000,4,'',1,3000,4,'',2,7000,4,'',1,3000,4,'',2,7000,4,'',1,3000,4,'',2,7000,4,'',1,3000,4,'',2,7000,4,'',1,3000,4,'',2,7000,4,'',1,3000,4,'',2,7000,4,'',1,3000,4,'',2,7000,4,'',1,3000,4,'',2,7000,4,'',1,3000,4,'',2,7000,4,'',1,3000,4,'',2,7100,4,'',1,3000,4,'',1,6900,4,'',1,3000,4,'',1
'23J-H55J000S-80-S',3104,81500,4,'',1,3300,4,'',2,6800,4,'',1,2800,4,'',2,6800,4,'',1,2800,4,'',2,6800,4,'',1,2900,4,'',2,6800,4,'',1,2900,4,'',2,6900,4,'',1,3100,4,'',2,7000,4,'',1,3000,4,'',2,7000,4,'',1,2700,4,'',1,6900,4,'',2,2500,4,'',1,3100,4,'',1,7100,4,'',2,3200,4,'',2,7200,4,'',1,6900,4,'',1,2900,4,'',2,7300,4,'',1,3300,4,'',1,7200,4,'',1,3200,4,'',1,6800,4,'',1,2700,4,'',1,6700,4,'',1,2700,4,'',1,2700,4,'',1,6500,4,'',1,2600,4,'',1,6500,4,'',1,3200,4,'',2
'23J-H55JV00A-01-A',3104,53100,4,'',1,7300,4,'',2,3300,4,'',1,7200,4,'',2,3000,4,'',1,7000,4,'',2,3000,4,'',1,7000,4,'',2,3000,4,'',1,7000,4,'',2,3000,4,'',1,6900,4,'',2,2900,4,'',1,7000,4,'',2,3000,4,'',1,7000,4,'',2,3000,4,'',1,7000,4,'',2,3000,4,'',1,7000,4,'',2,3000,4,'',1,7000,4,'',2,3100,4,'',1,7100,4,'',2,3100,4,'',1,7000,4,'',2,2800,4,'',1,7000,4,'',2,3000,4,'',1
'23J-H55JV00I-01-I',3104,52900,4,'',2,7900,4,'',1,3000,4,'',2,7000,4,'',1,3000,4,'',2,7000,4,'',1,3000,4,'',2,7000,4,'',1,3000,4,'',2,7000,4,'',1,3000,4,'',2,7000,4,'',1,3000,4,'',2,7000,4,'',1,3000,4,'',2,7000,4,'',1,3000,4,'',2,7000,4,'',1,3000,4,'',2,7000,4,'',1,3000,4,'',2,7000,4,'',1,3000,4,'',2,7000,4,'',1,3000,4,'',2,7100,4,'',1,3000,4,'',1,6900,4,'',1,3000,4,'',1
'23J-H55JV00S-83-S',3104,81500,4,'',1,3300,4,'',2,6800,4,'',1,2800,4,'',2,6800,4,'',1,2800,4,'',2,6800,4,'',1,2900,4,'',2,6800,4,'',1,2900,4,'',2,6900,4,'',1,3100,4,'',2,7000,4,'',1,3000,4,'',2,7000,4,'',1,2700,4,'',1,6900,4,'',2,2500,4,'',1,3100,4,'',1,7100,4,'',2,3200,4,'',2,7200,4,'',1,6900,4,'',1,2900,4,'',2,7300,4,'',1,3300,4,'',1,7200,4,'',1,3200,4,'',1,6800,4,'',1,2700,4,'',1,6700,4,'',1,2700,4,'',1,2700,4,'',1,6500,4,'',1,2600,4,'',1,6500,4,'',1,3200,4,'',2
'23J-H54J000S-80-S',19702,73200,4,'',1,7300,4,'',1
'23J-H54JV00S-80-S',19702,73200,4,'',1,7300,4,'',1
'23J-H55J000S-80-S',19702,52600,4,'',2,2300,4,'',1,9400,4,'',2,7200,4,'',2,3600,4,'',2,5100,4,'',2,1100,4,'',2,700,4,'',2,700,4,'',2,1400,4,'',2,1100,4,'',2,5600,4,'',2,1200,4,'',2,2400,4,'',1
'23J-H55JV00S-83-S',19702,52600,4,'',2,2300,4,'',1,9400,4,'',2,7200,4,'',2,3600,4,'',2,5100,4,'',2,1100,4,'',2,700,4,'',2,700,4,'',2,1400,4,'',2,1100,4,'',2,5600,4,'',2,1200,4,'',2,2400,4,'',1
'23J-H57J000S-81-S',19702,70000,4,'',1,13300,4,'',1
'23J-H57JV00S-80-S',19702,70000,4,'',1,13300,4,'',1
'23J-H58J000A-01-A',19702,55600,4,'',2,7100,4,'',1,7400,4,'',2,3300,4,'',1,7600,4,'',2,3100,4,'',2,7000,4,'',1,3000,4,'',2,7000,4,'',2,3000,4,'',1,6900,4,'',2,3100,4,'',2,7000,4,'',1,2100,4,'',2,2000,4,'',2,6000,4,'',2,2100,4,'',1,2000,4,'',2,6000,4,'',2,2000,4,'',2,2100,4,'',1,6000,4,'',2,2000,4,'',2,2000,4,'',2,6100,4,'',1,2000,4,'',2,2000,4,'',2,6000,4,'',2,2400,4,'',1,6700,4,'',2,2700,4,'',2,6700,4,'',1,2200,4,'',2,2600,4,'',2,6700,4,'',1,2800,4,'',2,6800,4,'',2,2700,4,'',1,6700,4,'',2,2700,4,'',2,6900,4,'',1,2900,4,'',2,7200,4,'',2,2600,4,'',1,7800,4,'',1,3400,4,'',1
'23J-H58J000I-02-I',19702,55300,4,'',1,7100,4,'',2,3100,4,'',1,7200,4,'',2,7400,4,'',1,3500,4,'',2,7600,4,'',1,3200,4,'',1,7200,4,'',2,3100,4,'',1,7000,4,'',1,3000,4,'',2,7000,4,'',1,2900,4,'',2,5900,4,'',1,1900,4,'',2,1900,4,'',2,6100,4,'',1,2500,4,'',1,2700,4,'',2,6700,4,'',1,2700,4,'',1,6800,4,'',2,2800,4,'',1,6900,4,'',1,3000,4,'',2,6900,4,'',1,2900,4,'',1,6900,4,'',2,2800,4,'',1,6700,4,'',1,2700,4,'',2,6900,4,'',1,2800,4,'',1,7000,4,'',2,3300,4,'',1,7300,4,'',2,2700,4,'',1,7300,4,'',1,3300,4,'',1,6900,4,'',1
'23J-H58J000S-83-S',19702,60900,4,'',1,1700,4,'',2,9500,4,'',2,500,4,'',1,3200,4,'',1,8000,4,'',2,800,4,'',2,5400,4,'',1,3200,4,'',2,2600,4,'',2,5500,4,'',1,1600,4,'',2,1600,4,'',1,5600,4,'',1,1600,4,'',2,1700,4,'',2,1700,4,'',2,5700,4,'',1,1700,4,'',2,1400,4,'',1,1400,4,'',1,5400,4,'',2,1500,4,'',1,1500,4,'',2,1600,4,'',1,5800,4,'',2,2000,4,'',2,2100,4,'',1,6000,4,'',2,2100,4,'',2,2000,4,'',1,6200,4,'',2,2600,4,'',1,6500,4,'',2,2500,4,'',1,2200,4,'',2,6500,4,'',1,2500,4,'',2,6400,4,'',1,2100,4,'',2,2400,4,'',2,7000,4,'',2,3000,4,'',1,7000,4,'',2,3000,4,'',2,7100,4,'',1,3100,4,'',2,7200,4,'',2,7600,4,'',1,3500,4,'',1,7400,4,'',1
'23J-H58JV00A-01-A',19702,55600,4,'',2,7100,4,'',1,7400,4,'',2,3300,4,'',1,7600,4,'',2,3100,4,'',2,7000,4,'',1,3000,4,'',2,7000,4,'',2,3000,4,'',1,6900,4,'',2,3100,4,'',2,7000,4,'',1,2100,4,'',2,2000,4,'',2,6000,4,'',2,2100,4,'',1,2000,4,'',2,6000,4,'',2,2000,4,'',2,2100,4,'',1,6000,4,'',2,2000,4,'',2,2000,4,'',2,6100,4,'',1,2000,4,'',2,2000,4,'',2,6000,4,'',2,2400,4,'',1,6700,4,'',2,2700,4,'',2,6700,4,'',1,2200,4,'',2,2600,4,'',2,6700,4,'',1,2800,4,'',2,6800,4,'',2,2700,4,'',1,6700,4,'',2,2700,4,'',2,6900,4,'',1,2900,4,'',2,7200,4,'',2,2600,4,'',1,7800,4,'',1,3400,4,'',1
'23J-H58JV00I-01-I',19702,55300,4,'',1,7100,4,'',2,3100,4,'',1,7200,4,'',2,7400,4,'',1,3500,4,'',2,7600,4,'',1,3200,4,'',1,7200,4,'',2,3100,4,'',1,7000,4,'',1,3000,4,'',2,7000,4,'',1,2900,4,'',2,5900,4,'',1,1900,4,'',2,1900,4,'',2,6100,4,'',1,2500,4,'',1,2700,4,'',2,6700,4,'',1,2700,4,'',1,6800,4,'',2,2800,4,'',1,6900,4,'',1,3000,4,'',2,6900,4,'',1,2900,4,'',1,6900,4,'',2,2800,4,'',1,6700,4,'',1,2700,4,'',2,6900,4,'',1,2800,4,'',1,7000,4,'',2,3300,4,'',1,7300,4,'',2,2700,4,'',1,7300,4,'',1,3300,4,'',1,6900,4,'',1
'23J-H58JV00S-81-S',19702,60900,4,'',1,1700,4,'',2,9500,4,'',2,500,4,'',1,3200,4,'',1,8000,4,'',2,800,4,'',1,5400,4,'',1,3200,4,'',2,2600,4,'',2,5500,4,'',1,1600,4,'',1,1600,4,'',1,5600,4,'',1,1600,4,'',2,1700,4,'',2,1700,4,'',2,5700,4,'',1,1700,4,'',2,1400,4,'',1,1400,4,'',1,5400,4,'',2,1500,4,'',1,1500,4,'',2,1600,4,'',1,5800,4,'',2,2000,4,'',2,2100,4,'',1,6000,4,'',2,2100,4,'',2,2000,4,'',1,6200,4,'',2,2600,4,'',1,6500,4,'',2,2500,4,'',1,2200,4,'',2,6500,4,'',1,2500,4,'',2,6400,4,'',1,2100,4,'',2,2400,4,'',1,7000,4,'',1,3000,4,'',1,7000,4,'',1,3000,4,'',1,7100,4,'',1,3100,4,'',1,7200,4,'',1,7600,4,'',1,3500,4,'',1,7400,4,'',1
'23J-H59J000S-91-S',19702,73800,4,'',1,700,4,'',2
'23J-H59JV00S-86-S',19702,73800,4,'',1,700,4,'',2
