'23N-H56N200F-82-F2',1203,52000,,'',1,3300,,'',1,7300,,'',1,3300,,'',1,7300,,'',1,7300,,'',1,3300,,'',1,7300,,'',1,3300,,'',1,6200,,'',1,2200,,'',1,2200,,'',1,6200,,'',1,2200,,'',1,2200,,'',1,6200,,'',1,2200,,'',1,6200,,'',1,2300,,'',1,2300,,'',1,6200,,'',1,2200,,'',1,2200,,'',1,6200,,'',1,2200,,'',1,6200,,'',1,2200,,'',1,2300,,'',1,6100,,'',1,2200,,'',1,2200,,'',1,6100,,'',1,2200,,'',1,2100,,'',1,6100,,'',1,2200,,'',1,2100,,'',1,6200,,'',1,2200,,'',1,6200,,'',1,2200,,'',1,2100,,'',1,6100,,'',1,2200,,'',1,7100,,'',1,3100,,'',1,7300,,'',1
'23N-H56N200F-82-F2',1204,54900,4,'',1,7300,4,'',1,3300,4,'',1,7300,4,'',1,7300,4,'',1,3300,4,'',1,7300,4,'',1,3300,4,'',1,6200,4,'',1,2200,4,'',1,2200,4,'',1,6200,4,'',1,2200,4,'',1,2300,4,'',1,6200,4,'',1,2200,4,'',1,2200,4,'',1,6300,4,'',1,2200,4,'',1,6200,4,'',1,2200,4,'',1,2200,4,'',1,6200,4,'',1,2200,4,'',1,2200,4,'',1,6200,4,'',1,2300,4,'',1,6100,4,'',1,2200,4,'',1,2200,4,'',1,6200,4,'',1,2200,4,'',1,2100,4,'',1,6100,4,'',1,2200,4,'',1,2100,4,'',1,6100,4,'',1,2100,4,'',1,2200,4,'',1,6200,4,'',1,2200,4,'',1,6200,4,'',1,2200,4,'',1,3100,4,'',1,7100,4,'',1,7100,4,'',1,3100,4,'',1
'23N-H56N300F-82-F3',1203,52000,,'',1,3300,,'',1,7300,,'',1,3300,,'',1,7300,,'',1,7300,,'',1,3300,,'',1,7300,,'',1,3300,,'',1,6200,,'',1,2200,,'',1,2200,,'',1,6200,,'',1,2200,,'',1,2200,,'',1,6200,,'',1,2200,,'',1,6200,,'',1,2300,,'',1,2300,,'',1,6200,,'',1,2200,,'',1,2200,,'',1,6200,,'',1,2200,,'',1,6200,,'',1,2200,,'',1,2300,,'',1,6100,,'',1,2200,,'',1,2200,,'',1,6100,,'',1,2200,,'',1,2100,,'',1,6100,,'',1,2200,,'',1,2100,,'',1,6200,,'',1,2200,,'',1,6200,,'',1,2200,,'',1,2100,,'',1,6100,,'',1,2200,,'',1,7100,,'',1,3100,,'',1,7300,,'',1
'23N-H56N300F-82-F3',1204,54900,4,'',1,7300,4,'',1,3300,4,'',1,7300,4,'',1,7300,4,'',1,3300,4,'',1,7300,4,'',1,3300,4,'',1,6200,4,'',1,2200,4,'',1,2200,4,'',1,6200,4,'',1,2200,4,'',1,2300,4,'',1,6200,4,'',1,2200,4,'',1,2200,4,'',1,6300,4,'',1,2200,4,'',1,6200,4,'',1,2200,4,'',1,2200,4,'',1,6200,4,'',1,2200,4,'',1,2200,4,'',1,6200,4,'',1,2300,4,'',1,6100,4,'',1,2200,4,'',1,2200,4,'',1,6200,4,'',1,2200,4,'',1,2100,4,'',1,6100,4,'',1,2200,4,'',1,2100,4,'',1,6100,4,'',1,2100,4,'',1,2200,4,'',1,6200,4,'',1,2200,4,'',1,6200,4,'',1,2200,4,'',1,3100,4,'',1,7100,4,'',1,7100,4,'',1,3100,4,'',1
'23N-H56N400F-82-F4',1203,52000,,'',1,3300,,'',1,7300,,'',1,3300,,'',1,7300,,'',1,7300,,'',1,3300,,'',1,7300,,'',1,3300,,'',1,6200,,'',1,2200,,'',1,2200,,'',1,6200,,'',1,2200,,'',1,2200,,'',1,6200,,'',1,2200,,'',1,6200,,'',1,2300,,'',1,2300,,'',1,6200,,'',1,2200,,'',1,2200,,'',1,6200,,'',1,2200,,'',1,6200,,'',1,2200,,'',1,2300,,'',1,6100,,'',1,2200,,'',1,2200,,'',1,6100,,'',1,2200,,'',1,2100,,'',1,6100,,'',1,2200,,'',1,2100,,'',1,6200,,'',1,2200,,'',1,6200,,'',1,2200,,'',1,2100,,'',1,6100,,'',1,2200,,'',1,7100,,'',1,3100,,'',1,7300,,'',1
'23N-H56N400F-82-F4',1204,54900,4,'',1,7300,4,'',1,3300,4,'',1,7300,4,'',1,7300,4,'',1,3300,4,'',1,7300,4,'',1,3300,4,'',1,6200,4,'',1,2200,4,'',1,2200,4,'',1,6200,4,'',1,2200,4,'',1,2300,4,'',1,6200,4,'',1,2200,4,'',1,2200,4,'',1,6300,4,'',1,2200,4,'',1,6200,4,'',1,2200,4,'',1,2200,4,'',1,6200,4,'',1,2200,4,'',1,2200,4,'',1,6200,4,'',1,2300,4,'',1,6100,4,'',1,2200,4,'',1,2200,4,'',1,6200,4,'',1,2200,4,'',1,2100,4,'',1,6100,4,'',1,2200,4,'',1,2100,4,'',1,6100,4,'',1,2100,4,'',1,2200,4,'',1,6200,4,'',1,2200,4,'',1,6200,4,'',1,2200,4,'',1,3100,4,'',1,7100,4,'',1,7100,4,'',1,3100,4,'',1
'23N-H56NV10A-82-A',1203,52000,,'',1,3300,,'',1,7300,,'',1,3300,,'',1,7300,,'',1,7300,,'',1,3300,,'',1,7300,,'',1,3300,,'',1,6200,,'',1,2200,,'',1,2200,,'',1,6200,,'',1,2200,,'',1,2200,,'',1,6200,,'',1,2200,,'',1,6200,,'',1,2300,,'',1,2300,,'',1,6200,,'',1,2200,,'',1,2200,,'',1,6200,,'',1,2200,,'',1,6200,,'',1,2200,,'',1,2300,,'',1,6100,,'',1,2200,,'',1,2200,,'',1,6100,,'',1,2200,,'',1,2100,,'',1,6100,,'',1,2200,,'',1,2100,,'',1,6200,,'',1,2200,,'',1,6200,,'',1,2200,,'',1,2100,,'',1,6100,,'',1,2200,,'',1,7100,,'',1,3100,,'',1,7300,,'',1
'23N-H56NV10A-82-A',1204,55000,4,'',1,7300,4,'',1,3300,4,'',1,7300,4,'',1,7300,4,'',1,3300,4,'',1,7300,4,'',1,3300,4,'',1,6200,4,'',1,2200,4,'',1,2200,4,'',1,6200,4,'',1,2200,4,'',1,2200,4,'',1,6200,4,'',1,2200,4,'',1,2200,4,'',1,6300,4,'',1,2200,4,'',1,6300,4,'',1,2200,4,'',1,2200,4,'',1,6200,4,'',1,2200,4,'',1,2200,4,'',1,6200,4,'',1,2300,4,'',1,6100,4,'',1,2200,4,'',1,2100,4,'',1,6200,4,'',1,2200,4,'',1,2100,4,'',1,6100,4,'',1,2200,4,'',1,2100,4,'',1,6100,4,'',1,2100,4,'',1,2200,4,'',1,6200,4,'',1,2200,4,'',1,6200,4,'',1,2200,4,'',1,3100,4,'',1,7100,4,'',1,7100,4,'',1,3100,4,'',1
'23N-H56NV10I-82-I',1203,52000,,'',1,3300,,'',1,7300,,'',1,3300,,'',1,7300,,'',1,7300,,'',1,3300,,'',1,7300,,'',1,3300,,'',1,6200,,'',1,2200,,'',1,2200,,'',1,6200,,'',1,2200,,'',1,2200,,'',1,6200,,'',1,2200,,'',1,6200,,'',1,2300,,'',1,2300,,'',1,6200,,'',1,2200,,'',1,2200,,'',1,6200,,'',1,2200,,'',1,6200,,'',1,2200,,'',1,2300,,'',1,6100,,'',1,2200,,'',1,2200,,'',1,6100,,'',1,2200,,'',1,2100,,'',1,6100,,'',1,2200,,'',1,2100,,'',1,6200,,'',1,2200,,'',1,6200,,'',1,2200,,'',1,2100,,'',1,6100,,'',1,2200,,'',1,7100,,'',1,3100,,'',1,7300,,'',1
'23N-H56NV10I-82-I',1204,54900,4,'',1,7300,4,'',1,3300,4,'',1,7300,4,'',1,7300,4,'',1,3300,4,'',1,7300,4,'',1,3300,4,'',1,6200,4,'',1,2200,4,'',1,2200,4,'',1,6200,4,'',1,2200,4,'',1,2300,4,'',1,6200,4,'',1,2200,4,'',1,2200,4,'',1,6300,4,'',1,2200,4,'',1,6200,4,'',1,2200,4,'',1,2200,4,'',1,6200,4,'',1,2200,4,'',1,2200,4,'',1,6200,4,'',1,2300,4,'',1,6100,4,'',1,2200,4,'',1,2200,4,'',1,6200,4,'',1,2200,4,'',1,2100,4,'',1,6100,4,'',1,2200,4,'',1,2100,4,'',1,6100,4,'',1,2100,4,'',1,2200,4,'',1,6200,4,'',1,2200,4,'',1,6200,4,'',1,2200,4,'',1,3100,4,'',1,7100,4,'',1,7100,4,'',1,3100,4,'',1
'23N-H56NV10S-83-S',1203,52800,,'',1,7200,,'',1,3000,,'',1,1700,,'',1,5700,,'',1,1700,,'',1,1700,,'',1,1700,,'',1,400,,'',1,6000,,'',1,2900,,'',1,6900,,'',1,3000,,'',1,7000,,'',1,3000,,'',1,6900,,'',1,2900,,'',1,6900,,'',1,2900,,'',1,6900,,'',1,2900,,'',1,7000,,'',1,3000,,'',1,7000,,'',1,3000,,'',1,7000,,'',1,3000,,'',1,6800,,'',1,2700,,'',1,6700,,'',1,2700,,'',1,2700,,'',1,6700,,'',1,2700,,'',1,6700,,'',1,2700,,'',1,6800,,'',1,2800,,'',1,6800,,'',1,2800,,'',1,6700,,'',1
'23N-H56NV10S-83-S',1204,60900,4,'',1,3100,4,'',1,7200,4,'',1,3000,4,'',1,7100,4,'',1,2000,4,'',1,1900,4,'',1,5900,4,'',1,2000,4,'',1,2000,4,'',1,7000,4,'',1,3000,4,'',1,7000,4,'',1,3000,4,'',1,7000,4,'',1,3000,4,'',1,7000,4,'',1,3000,4,'',1,7000,4,'',1,2700,4,'',1,5700,4,'',1,1500,4,'',1,1500,4,'',1,1900,4,'',1,400,4,'',1,6000,4,'',1,1900,4,'',1,6700,4,'',1,2700,4,'',1,2600,4,'',1,6700,4,'',1,2600,4,'',1,6700,4,'',1,2800,4,'',1,6700,4,'',1,2800,4,'',1,6800,4,'',1,2800,4,'',1,6800,4,'',1,2800,4,'',1,6900,4,'',1,3000,4,'',1
'23N-H59NV10S-87-S',16803,50600,,'',1,4100,,'',1,7200,,'',1,2100,,'',1,6000,,'',1,2000,,'',1,2000,,'',1,6000,,'',1,2000,,'',1,3000,,'',1,7300,,'',1,3200,,'',1,6800,,'',1,2800,,'',1,6900,,'',1,3000,,'',1,7000,,'',1,3000,,'',1,7000,,'',1,3000,,'',1,7000,,'',1,3100,,'',1,6700,,'',1,2900,,'',1,7100,,'',1,2800,,'',1,7200,,'',1,3100,,'',1,7100,,'',1,3300,,'',1,6900,,'',1,3100,,'',1,7100,,'',1,3000,,'',1,6800,,'',1
'23N-H59NV10S-87-S',16804,61500,4,'',1,2300,4,'',1,7200,4,'',1,3000,4,'',1,7100,4,'',1,3200,4,'',1,7000,4,'',1,2700,4,'',1,7300,4,'',1,2800,4,'',1,6900,4,'',1,2800,4,'',1,6900,4,'',1,2900,4,'',1,7100,4,'',1,3000,4,'',1,7000,4,'',1,3000,4,'',1,7000,4,'',1,3200,4,'',1,7000,4,'',1,2000,4,'',1,2100,4,'',1,6100,4,'',1,2000,4,'',1,2000,4,'',1,6200,4,'',1,2600,4,'',1,7100,4,'',1,2900,4,'',1,6700,4,'',1,3000,4,'',1,6900,4,'',1,3100,4,'',1
