'24J-H56J000A-80-A',5801,50000,,'',1,3000,,'',1,7000,,'',1,3000,,'',1,7000,,'',1,3100,,'',1,7000,,'',1,2800,,'',1,7300,,'',1,3000,,'',1,7100,,'',1,2900,,'',1,7100,,'',1,3200,,'',1,2400,,'',1,6300,,'',1,2500,,'',1,6600,,'',1,2400,,'',1,6300,,'',1,1800,,'',1,2400,,'',1,6300,,'',1,2400,,'',1,2500,,'',1,7300,,'',1,2700,,'',1,6900,,'',1,3400,,'',1,7100,,'',1,3100,,'',1,7100,,'',1,7000,,'',1,2900,,'',1,7200,,'',1,3000,,'',1,7000,,'',1,3000,,'',1,6900,,'',1,2900,,'',1,7100,,'',1,3100,,'',1,6900,,'',1
'24J-H56J000A-80-A',5802,55300,4,'',1,7100,4,'',1,3100,4,'',1,7100,4,'',1,3100,4,'',1,7000,4,'',1,7300,4,'',1,3000,4,'',1,7000,4,'',1,2900,4,'',1,7100,4,'',1,3200,4,'',1,7100,4,'',1,3300,4,'',1,7400,4,'',1,3300,4,'',1,7200,4,'',1,2400,4,'',1,6300,4,'',1,2400,4,'',1,2500,4,'',1,5600,4,'',1,1700,4,'',1,2700,4,'',1,5000,4,'',1,1900,4,'',1,2100,4,'',1,6000,4,'',1,2400,4,'',1,3000,4,'',1,7200,4,'',1,3000,4,'',1,6900,4,'',1,2800,4,'',1,7000,4,'',1,3000,4,'',1,7000,4,'',1,3000,4,'',1,7000,4,'',1,3000,4,'',1,7000,4,'',1,3200,4,'',1,7500,4,'',1,7500,4,'',1
'24J-H56J000I-80-I',5801,50000,,'',1,3200,,'',1,6800,,'',1,3000,,'',1,7000,,'',1,2900,,'',1,2900,,'',1,7100,,'',1,7200,,'',1,3100,,'',1,7300,,'',1,3100,,'',1,7300,,'',1,3300,,'',1,7200,,'',1,3200,,'',1,7100,,'',1,3100,,'',1,7300,,'',1,3000,,'',1,6400,,'',1,2500,,'',1,1300,,'',1,6400,,'',1,2500,,'',1,6400,,'',1,3000,,'',1,7200,,'',1,3300,,'',1,7200,,'',1,3000,,'',1,7000,,'',1,3300,,'',1,7100,,'',1,3200,,'',1,7200,,'',1,3200,,'',1,7200,,'',1,3200,,'',1,7100,,'',1,7200,,'',1
'24J-H56J000I-80-I',5802,55200,4,'',1,7200,4,'',1,3100,4,'',1,7000,4,'',1,3000,4,'',1,6900,4,'',1,3000,4,'',1,7100,4,'',1,7600,4,'',1,3200,4,'',1,7100,4,'',1,3200,4,'',1,7500,4,'',1,3200,4,'',1,7100,4,'',1,3100,4,'',1,7200,4,'',1,3100,4,'',1,7300,4,'',1,2900,4,'',1,6400,4,'',1,2500,4,'',1,6400,4,'',1,1400,4,'',1,2400,4,'',1,6400,4,'',1,3000,4,'',1,6900,4,'',1,3300,4,'',1,7300,4,'',1,3000,4,'',1,7100,4,'',1,3300,4,'',1,7300,4,'',1,3100,4,'',1,7100,4,'',1,3100,4,'',1,7100,4,'',1,3000,4,'',1,7100,4,'',1,2800,4,'',1
'24J-H56J000S-82-S',5801,52700,,'',1,9800,,'',1,2000,,'',1,6400,,'',1,700,,'',1,700,,'',1,700,,'',1,700,,'',1,700,,'',1,800,,'',1,4800,,'',1,900,,'',1,900,,'',1,1600,,'',1,1000,,'',1,6500,,'',1,1400,,'',1,1200,,'',1,6700,,'',1,2800,,'',1,2800,,'',1,6900,,'',1,2700,,'',1,7000,,'',1,2900,,'',1,5000,,'',1,2700,,'',1,7100,,'',1,3100,,'',1,2700,,'',1,7300,,'',1,2700,,'',1,7300,,'',1,2400,,'',1,7300,,'',1,1600,,'',1,7000,,'',1,2800,,'',1,6600,,'',1,3300,,'',1,7300,,'',1,3200,,'',1,6900,,'',1,2900,,'',1,6900,,'',1,2500,,'',1,7000,,'',1,3100,,'',1,7200,,'',1,3000,,'',1,5800,,'',1
'24J-H56J000S-82-S',5802,62300,4,'',1,9700,4,'',1,2900,4,'',1,6800,4,'',1,3000,4,'',1,7200,4,'',1,3200,4,'',1,7300,4,'',1,2900,4,'',1,6600,4,'',1,2700,4,'',1,5900,4,'',1,2500,4,'',1,2700,4,'',1,7000,4,'',1,2900,4,'',1,7100,4,'',1,2800,4,'',1,5500,4,'',1,1900,4,'',1,2700,4,'',1,5200,4,'',1,1600,4,'',1,900,4,'',1,1900,4,'',1,4900,4,'',1,800,4,'',1,600,4,'',1,1500,4,'',1,1200,4,'',1,1700,4,'',1,4600,4,'',1,700,4,'',1,700,4,'',1,2100,4,'',1,6600,4,'',1,1300,4,'',1,2800,4,'',1,6500,4,'',1,3100,4,'',1,7000,4,'',1,2900,4,'',1,6900,4,'',1,2500,4,'',1,6900,4,'',1,2900,4,'',1,6900,4,'',1,2800,4,'',1,2700,4,'',1,7100,4,'',1,2200,4,'',1
'24J-H56JV00A-80-A',5801,50000,,'',1,3000,,'',1,7000,,'',1,3000,,'',1,7000,,'',1,3100,,'',1,7000,,'',1,2800,,'',1,7300,,'',1,3000,,'',1,7100,,'',1,2900,,'',1,7100,,'',1,3200,,'',1,2400,,'',1,6300,,'',1,2500,,'',1,6600,,'',1,2400,,'',1,6300,,'',1,1800,,'',1,2400,,'',1,6300,,'',1,2400,,'',1,2500,,'',1,7300,,'',1,2700,,'',1,6900,,'',1,3400,,'',1,7100,,'',1,3100,,'',1,7100,,'',1,7000,,'',1,2900,,'',1,7200,,'',1,3000,,'',1,7000,,'',1,3000,,'',1,6900,,'',1,2900,,'',1,7100,,'',1,3100,,'',1,6900,,'',1
'24J-H56JV00A-80-A',5802,55300,4,'',1,7100,4,'',1,3100,4,'',1,7100,4,'',1,3100,4,'',1,7000,4,'',1,7300,4,'',1,3000,4,'',1,7000,4,'',1,2900,4,'',1,7100,4,'',1,3200,4,'',1,7100,4,'',1,3300,4,'',1,7400,4,'',1,3300,4,'',1,7200,4,'',1,2400,4,'',1,6300,4,'',1,2400,4,'',1,2500,4,'',1,5600,4,'',1,1700,4,'',1,2700,4,'',1,5000,4,'',1,1900,4,'',1,2100,4,'',1,6000,4,'',1,2400,4,'',1,3000,4,'',1,7200,4,'',1,3000,4,'',1,6900,4,'',1,2800,4,'',1,7000,4,'',1,3000,4,'',1,7000,4,'',1,3000,4,'',1,7000,4,'',1,3000,4,'',1,7000,4,'',1,3200,4,'',1,7500,4,'',1,7500,4,'',1
'24J-H56JV00I-80-I',5801,50000,,'',1,3200,,'',1,6800,,'',1,3000,,'',1,7000,,'',1,2900,,'',1,2900,,'',1,7100,,'',1,7200,,'',1,3100,,'',1,7300,,'',1,3100,,'',1,7300,,'',1,3300,,'',1,7200,,'',1,3200,,'',1,7100,,'',1,3100,,'',1,7300,,'',1,3000,,'',1,6400,,'',1,2500,,'',1,1300,,'',1,6400,,'',1,2500,,'',1,6400,,'',1,3000,,'',1,7200,,'',1,3300,,'',1,7200,,'',1,3000,,'',1,7000,,'',1,3300,,'',1,7100,,'',1,3200,,'',1,7200,,'',1,3200,,'',1,7200,,'',1,3200,,'',1,7100,,'',1,7200,,'',1
'24J-H56JV00I-80-I',5802,55200,4,'',1,7200,4,'',1,3100,4,'',1,7000,4,'',1,3000,4,'',1,6900,4,'',1,3000,4,'',1,7100,4,'',1,7600,4,'',1,3200,4,'',1,7100,4,'',1,3200,4,'',1,7500,4,'',1,3200,4,'',1,7100,4,'',1,3100,4,'',1,7200,4,'',1,3100,4,'',1,7300,4,'',1,2900,4,'',1,6400,4,'',1,2500,4,'',1,6400,4,'',1,1400,4,'',1,2400,4,'',1,6400,4,'',1,3000,4,'',1,6900,4,'',1,3300,4,'',1,7300,4,'',1,3000,4,'',1,7100,4,'',1,3300,4,'',1,7300,4,'',1,3100,4,'',1,7100,4,'',1,3100,4,'',1,7100,4,'',1,3000,4,'',1,7100,4,'',1,2800,4,'',1
'24J-H56JV00S-82-S',5801,52700,,'',1,9800,,'',1,2000,,'',1,6400,,'',1,700,,'',1,700,,'',1,700,,'',1,700,,'',1,700,,'',1,800,,'',1,4800,,'',1,900,,'',1,900,,'',1,1600,,'',1,1000,,'',1,6500,,'',1,1400,,'',1,1200,,'',1,6700,,'',1,2800,,'',1,2800,,'',1,6900,,'',1,2700,,'',1,7000,,'',1,2900,,'',1,5000,,'',1,2700,,'',1,7100,,'',1,3100,,'',1,2700,,'',1,7300,,'',1,2700,,'',1,7300,,'',1,2400,,'',1,7300,,'',1,1600,,'',1,7000,,'',1,2800,,'',1,6600,,'',1,3300,,'',1,7300,,'',1,3200,,'',1,6900,,'',1,2900,,'',1,6900,,'',1,2500,,'',1,7000,,'',1,3100,,'',1,7200,,'',1,3000,,'',1,5800,,'',1
'24J-H56JV00S-82-S',5802,62300,4,'',1,9700,4,'',1,2900,4,'',1,6800,4,'',1,3000,4,'',1,7200,4,'',1,3200,4,'',1,7300,4,'',1,2900,4,'',1,6600,4,'',1,2700,4,'',1,5900,4,'',1,2500,4,'',1,2700,4,'',1,7000,4,'',1,2900,4,'',1,7100,4,'',1,2800,4,'',1,5500,4,'',1,1900,4,'',1,2700,4,'',1,5200,4,'',1,1600,4,'',1,900,4,'',1,1900,4,'',1,4900,4,'',1,800,4,'',1,600,4,'',1,1500,4,'',1,1200,4,'',1,1700,4,'',1,4600,4,'',1,700,4,'',1,700,4,'',1,2100,4,'',1,6600,4,'',1,1300,4,'',1,2800,4,'',1,6500,4,'',1,3100,4,'',1,7000,4,'',1,2900,4,'',1,6900,4,'',1,2500,4,'',1,6900,4,'',1,2900,4,'',1,6900,4,'',1,2800,4,'',1,2700,4,'',1,7100,4,'',1,2200,4,'',1
'24J-H59J000S-85-S',5801,50000,,'',1,5500,,'',1,14700,,'',1
'24J-H59J000S-85-S',5802,55000,4,'',1,10700,4,'',1
'24J-H59JV00S-83-S',5801,50000,,'',1,5500,,'',1,14700,,'',1
'24J-H59JV00S-83-S',5802,55000,4,'',1,10700,4,'',1
