'23M-H59M000A-82-A',71501,70000,,'',1,3000,,'',2,7000,,'',1,3000,,'',2,7000,,'',1,3000,,'',2,7000,,'',1,3000,,'',2,7000,,'',1,3000,,'',2,7000,,'',1,3000,,'',2,7000,,'',1,3000,,'',2,7000,,'',1,3000,,'',2,7000,,'',1,3000,,'',2,7000,,'',1,3100,,'',2,7100,,'',1,3100,,'',2,7000,,'',1,3100,,'',2,7100,,'',1,3100,,'',2,7100,,'',1,3100,,'',2,7100,,'',1,3100,,'',2
'23M-H59M000A-82-A',71502,72200,4,'',2,3000,4,'',1,7000,4,'',2,3000,4,'',1,7000,4,'',2,3100,4,'',1,7000,4,'',2,3000,4,'',1,7000,4,'',2,3000,4,'',1,7000,4,'',2,3000,4,'',1,7000,4,'',2,3000,4,'',1,7000,4,'',2,3100,4,'',1,7100,4,'',2,3100,4,'',1,7100,4,'',2,3100,4,'',1,7100,4,'',2,3000,4,'',1,7100,4,'',2,7000,4,'',1,3100,4,'',2,7100,4,'',1,3100,4,'',2,7100,4,'',1,3100,4,'',2,7100,4,'',1
'23M-H59M000I-82-I',71501,70000,,'',1,3000,,'',2,7000,,'',1,3000,,'',2,7000,,'',1,3000,,'',2,7000,,'',1,3000,,'',2,7000,,'',1,3000,,'',2,7000,,'',1,3000,,'',2,7000,,'',1,3000,,'',2,7000,,'',1,3000,,'',2,7000,,'',1,3000,,'',2,7000,,'',1,3000,,'',2,7100,,'',1,3100,,'',2,7100,,'',1,3100,,'',2,7100,,'',1,3100,,'',2,7100,,'',1,3100,,'',2,7100,,'',1,3100,,'',2
'23M-H59M000I-82-I',71502,72000,4,'',2,3000,4,'',1,7000,4,'',2,3000,4,'',1,7000,4,'',2,3100,4,'',1,7000,4,'',2,3000,4,'',1,7000,4,'',2,3000,4,'',1,7000,4,'',2,3000,4,'',1,7000,4,'',2,3100,4,'',1,7000,4,'',2,3100,4,'',1,7100,4,'',2,3100,4,'',1,7100,4,'',2,2900,4,'',1,7100,4,'',2,3100,4,'',1,7100,4,'',2,3100,4,'',1,7100,4,'',2,7100,4,'',1,3100,4,'',2,7100,4,'',1,3100,4,'',2,7100,4,'',1
'23M-H59M000S-84-S',71501,70000,,'',2,2900,,'',1,7200,,'',2,3200,,'',1,7100,,'',2,3300,,'',1,7000,,'',2,3200,,'',1,7200,,'',2,3100,,'',1,7300,,'',2,3500,,'',1,7500,,'',2,7500,,'',1,3500,,'',2,7500,,'',1,3500,,'',2,7500,,'',1,3200,,'',2,7400,,'',1,3100,,'',2,7400,,'',1,7100,,'',2,2800,,'',1,2800,,'',2,6500,,'',1,2800,,'',2,6500,,'',1,2800,,'',2
'23M-H59M000S-84-S',71502,72400,4,'',1,3200,4,'',2,7200,4,'',1,3100,4,'',2,7200,4,'',1,7100,4,'',2,3200,4,'',1,7100,4,'',2,3200,4,'',1,7300,4,'',2,3500,4,'',1,7500,4,'',2,3500,4,'',1,7500,4,'',2,7500,4,'',1,3500,4,'',2,7400,4,'',1,3200,4,'',2,7500,4,'',1,3100,4,'',2,7300,4,'',1,3200,4,'',2,6500,4,'',1,3100,4,'',2,6600,4,'',1,2800,4,'',2,6500,4,'',1,2800,4,'',2,6500,4,'',1
'23M-H59M100F-02-F1',71501,70000,,'',1,3000,,'',2,7000,,'',1,3000,,'',2,7000,,'',1,3000,,'',2,7000,,'',1,3000,,'',2,7000,,'',1,3000,,'',2,7000,,'',1,3000,,'',2,7000,,'',1,3000,,'',2,7000,,'',1,3000,,'',2,7000,,'',1,3000,,'',2,7000,,'',1,3000,,'',2,7100,,'',1,3100,,'',2,7100,,'',1,3100,,'',2,7100,,'',1,3100,,'',2,7100,,'',1,3100,,'',2,7100,,'',1,3100,,'',2
'23M-H59M100F-02-F1',71502,72000,4,'',2,3000,4,'',1,7000,4,'',2,3000,4,'',1,7000,4,'',2,3100,4,'',1,7000,4,'',2,3000,4,'',1,7000,4,'',2,3000,4,'',1,7000,4,'',2,3000,4,'',1,7000,4,'',2,3100,4,'',1,7000,4,'',2,3100,4,'',1,7100,4,'',2,3100,4,'',1,7100,4,'',2,2900,4,'',1,7100,4,'',2,3100,4,'',1,7100,4,'',2,3100,4,'',1,7100,4,'',2,7100,4,'',1,3100,4,'',2,7100,4,'',1,3100,4,'',2,7100,4,'',1
'23M-H59M200F-80-F2',71501,70000,,'',1,3000,,'',2,7000,,'',1,3000,,'',2,7000,,'',1,3000,,'',2,7000,,'',1,3000,,'',2,7000,,'',1,3000,,'',2,7000,,'',1,3000,,'',2,7000,,'',1,3000,,'',2,7000,,'',1,3000,,'',2,7000,,'',1,3000,,'',2,7000,,'',1,3000,,'',2,7100,,'',1,3100,,'',2,7100,,'',1,3100,,'',2,7100,,'',1,3100,,'',2,7100,,'',1,3100,,'',2,7100,,'',1,3100,,'',2
'23M-H59M200F-80-F2',71502,72000,4,'',2,3000,4,'',1,7000,4,'',2,3000,4,'',1,7000,4,'',2,3100,4,'',1,7000,4,'',2,3000,4,'',1,7000,4,'',2,3000,4,'',1,7000,4,'',2,3000,4,'',1,7000,4,'',2,3100,4,'',1,7000,4,'',2,3100,4,'',1,7100,4,'',2,3100,4,'',1,7100,4,'',2,2900,4,'',1,7100,4,'',2,3100,4,'',1,7100,4,'',2,3100,4,'',1,7100,4,'',2,7100,4,'',1,3100,4,'',2,7100,4,'',1,3100,4,'',2,7100,4,'',1
'23M-H59M300F-02-F3',71501,70000,,'',1,3000,,'',2,7000,,'',1,3000,,'',2,7000,,'',1,3000,,'',2,7000,,'',1,3000,,'',2,7000,,'',1,3000,,'',2,7000,,'',1,3000,,'',2,7000,,'',1,3000,,'',2,7000,,'',1,3000,,'',2,7000,,'',1,3000,,'',2,7000,,'',1,3000,,'',2,7100,,'',1,3100,,'',2,7100,,'',1,3100,,'',2,7100,,'',1,3100,,'',2,7100,,'',1,3100,,'',2,7100,,'',1,3100,,'',2
'23M-H59M300F-02-F3',71502,72000,4,'',2,3000,4,'',1,7000,4,'',2,3000,4,'',1,7000,4,'',2,3100,4,'',1,7000,4,'',2,3000,4,'',1,7000,4,'',2,3000,4,'',1,7000,4,'',2,3000,4,'',1,7000,4,'',2,3100,4,'',1,7000,4,'',2,3100,4,'',1,7100,4,'',2,3100,4,'',1,7100,4,'',2,2900,4,'',1,7100,4,'',2,3100,4,'',1,7100,4,'',2,3100,4,'',1,7100,4,'',2,7100,4,'',1,3100,4,'',2,7100,4,'',1,3100,4,'',2,7100,4,'',1
