'23J-H55J000A-01-A',6603,60000,,'',2,3000,,'',2,7000,,'',2,3000,,'',2,7000,,'',2,3000,,'',2,7000,,'',2,3000,,'',2,7000,,'',2,2900,,'',2,3000,,'',2,7100,,'',2,7100,,'',2,3100,,'',2,7200,,'',2,3200,,'',2,7200,,'',2,3200,,'',2,7200,,'',2,3300,,'',2,7300,,'',2,3300,,'',2,7300,,'',2,3200,,'',2,7200,,'',2,7200,,'',2,2900,,'',2,2800,,'',2,6800,,'',2,2800,,'',2,6800,,'',2,2800,,'',2,6800,,'',2,2800,,'',2,6800,,'',2,2800,,'',2,6800,,'',2,2700,,'',2,7200,,'',2,3200,,'',2
'23J-H55J000A-01-A',6604,55300,4,'',2,7100,4,'',2,3100,4,'',2,7000,4,'',2,3100,4,'',2,7100,4,'',2,3000,4,'',2,7000,4,'',2,3000,4,'',2,6900,4,'',2,3000,4,'',2,7000,4,'',2,3000,4,'',2,7100,4,'',2,7300,4,'',2,3300,4,'',2,7200,4,'',2,3200,4,'',2,7200,4,'',2,3100,4,'',2,7100,4,'',2,3300,4,'',2,7300,4,'',2,3200,4,'',2,7200,4,'',2,3200,4,'',2,6900,4,'',2,3000,4,'',2,7000,4,'',2,2800,4,'',2,6800,4,'',2,2800,4,'',2,6800,4,'',2,2800,4,'',2,6800,4,'',2,2800,4,'',2,6800,4,'',2,2600,4,'',2,2700,4,'',2,6600,4,'',2
'23J-H55J000I-02-I',6603,63000,,'',2,7000,,'',2,3000,,'',2,7000,,'',2,3000,,'',2,7000,,'',2,3000,,'',2,7000,,'',2,3000,,'',2,7000,,'',2,3000,,'',2,7000,,'',2,3000,,'',2,7000,,'',2,3000,,'',2,7000,,'',2,3000,,'',2,7000,,'',2,3000,,'',2,7000,,'',2,3000,,'',2,7000,,'',2,3000,,'',2,7000,,'',2,3000,,'',2,7000,,'',2,3000,,'',2,7000,,'',2,3000,,'',2,7000,,'',2,3000,,'',2,7000,,'',2,3000,,'',2,7000,,'',2,3000,,'',2,7300,,'',2,3300,,'',2,7300,,'',2
'23J-H55J000I-02-I',6604,62300,4,'',2,3000,4,'',2,7000,4,'',2,3100,4,'',2,7000,4,'',2,3100,4,'',2,7100,4,'',2,3000,4,'',2,7000,4,'',2,3100,4,'',2,7000,4,'',2,3000,4,'',2,7000,4,'',2,3000,4,'',2,7000,4,'',2,3000,4,'',2,7000,4,'',2,3000,4,'',2,7000,4,'',2,3000,4,'',2,7000,4,'',2,3000,4,'',2,7000,4,'',2,3000,4,'',2,7000,4,'',2,3000,4,'',2,7000,4,'',2,3000,4,'',2,7000,4,'',2,2900,4,'',2,7000,4,'',2,3000,4,'',2,6900,4,'',2,3000,4,'',2,7000,4,'',2,2900,4,'',2,6900,4,'',2,3000,4,'',2
'23J-H55J000S-80-S',6603,61500,,'',2,10300,,'',2,3200,,'',2,7000,,'',2,3000,,'',2,7000,,'',2,3000,,'',2,7000,,'',2,3000,,'',2,7000,,'',2,2900,,'',2,6900,,'',2,2900,,'',2,6900,,'',2,2900,,'',2,6900,,'',2,3000,,'',2,7000,,'',2,3000,,'',2,6800,,'',2,2800,,'',2,6800,,'',2,2900,,'',2,6800,,'',2,2800,,'',2,6800,,'',2,2800,,'',2,7200,,'',2,3200,,'',2,7200,,'',2,3000,,'',2,7000,,'',2,2900,,'',2,6900,,'',2,3000,,'',2,7100,,'',2,3200,,'',2,7300,,'',2
'23J-H55J000S-80-S',6604,60900,4,'',2,10300,4,'',2,3400,4,'',2,6900,4,'',2,2700,4,'',2,6800,4,'',2,2900,4,'',2,6400,4,'',2,2600,4,'',2,2900,4,'',2,7000,4,'',2,3000,4,'',2,7000,4,'',2,3000,4,'',2,7000,4,'',2,3000,4,'',2,7000,4,'',2,3100,4,'',2,39700,4,'',2,7000,4,'',2,3100,4,'',2,7300,4,'',2,7200,4,'',2,3000,4,'',2,7000,4,'',2,2900,4,'',2,6900,4,'',2,2800,4,'',2,2900,4,'',2,6600,4,'',2,3000,4,'',2
'23J-H55JV00A-01-A',6603,60000,,'',2,3000,,'',2,7000,,'',2,3000,,'',2,7000,,'',2,3000,,'',2,7000,,'',2,3000,,'',2,7000,,'',2,2900,,'',2,3000,,'',2,7100,,'',2,7100,,'',2,3100,,'',2,7200,,'',2,3200,,'',2,7200,,'',2,3200,,'',2,7200,,'',2,3300,,'',2,7300,,'',2,3300,,'',2,7300,,'',2,3200,,'',2,7200,,'',2,7200,,'',2,2900,,'',2,2800,,'',2,6800,,'',2,2800,,'',2,6800,,'',2,2800,,'',2,6800,,'',2,2800,,'',2,6800,,'',2,2800,,'',2,6800,,'',2,2700,,'',2,7200,,'',2,3200,,'',2
'23J-H55JV00A-01-A',6604,55300,4,'',2,7100,4,'',2,3100,4,'',2,7000,4,'',2,3100,4,'',2,7100,4,'',2,3000,4,'',2,7000,4,'',2,3000,4,'',2,6900,4,'',2,3000,4,'',2,7000,4,'',2,3000,4,'',2,7100,4,'',2,7300,4,'',2,3300,4,'',2,7200,4,'',2,3200,4,'',2,7200,4,'',2,3100,4,'',2,7100,4,'',2,3300,4,'',2,7300,4,'',2,3200,4,'',2,7200,4,'',2,3200,4,'',2,6900,4,'',2,3000,4,'',2,7000,4,'',2,2800,4,'',2,6800,4,'',2,2800,4,'',2,6800,4,'',2,2800,4,'',2,6800,4,'',2,2800,4,'',2,6800,4,'',2,2600,4,'',2,2700,4,'',2,6600,4,'',2
'23J-H55JV00I-01-I',6603,63000,,'',2,7000,,'',2,3000,,'',2,7000,,'',2,3000,,'',2,7000,,'',2,3000,,'',2,7000,,'',2,3000,,'',2,7000,,'',2,3000,,'',2,7000,,'',2,3000,,'',2,7000,,'',2,3000,,'',2,7000,,'',2,3000,,'',2,7000,,'',2,3000,,'',2,7000,,'',2,3000,,'',2,7000,,'',2,3000,,'',2,7000,,'',2,3000,,'',2,7000,,'',2,3000,,'',2,7000,,'',2,3000,,'',2,7000,,'',2,3000,,'',2,7000,,'',2,3000,,'',2,7000,,'',2,3000,,'',2,7300,,'',2,3300,,'',2,7300,,'',2
'23J-H55JV00I-01-I',6604,62300,4,'',2,3000,4,'',2,7000,4,'',2,3100,4,'',2,7000,4,'',2,3100,4,'',2,7100,4,'',2,3000,4,'',2,7000,4,'',2,3100,4,'',2,7000,4,'',2,3000,4,'',2,7000,4,'',2,3000,4,'',2,7000,4,'',2,3000,4,'',2,7000,4,'',2,3000,4,'',2,7000,4,'',2,3000,4,'',2,7000,4,'',2,3000,4,'',2,7000,4,'',2,3000,4,'',2,7000,4,'',2,3000,4,'',2,7000,4,'',2,3000,4,'',2,7000,4,'',2,2900,4,'',2,7000,4,'',2,3000,4,'',2,6900,4,'',2,3000,4,'',2,7000,4,'',2,2900,4,'',2,6900,4,'',2,3000,4,'',2
'23J-H55JV00S-83-S',6603,61500,,'',2,10300,,'',2,3200,,'',2,7000,,'',2,3000,,'',2,7000,,'',2,3000,,'',2,7000,,'',2,3000,,'',2,7000,,'',2,2900,,'',2,6900,,'',2,2900,,'',2,6900,,'',2,2900,,'',2,6900,,'',2,3000,,'',2,7000,,'',2,3000,,'',2,6800,,'',2,2800,,'',2,6800,,'',2,2900,,'',2,6800,,'',2,2800,,'',2,6800,,'',2,2800,,'',2,7200,,'',2,3200,,'',2,7200,,'',2,3000,,'',2,7000,,'',2,2900,,'',2,6900,,'',2,3000,,'',2,7100,,'',2,3200,,'',2,7300,,'',2
'23J-H55JV00S-83-S',6604,60900,4,'',2,10300,4,'',2,3400,4,'',2,6900,4,'',2,2700,4,'',2,6800,4,'',2,2900,4,'',2,6400,4,'',2,2600,4,'',2,2900,4,'',2,7000,4,'',2,3000,4,'',2,7000,4,'',2,3000,4,'',2,7000,4,'',2,3000,4,'',2,7000,4,'',2,3100,4,'',2,39700,4,'',2,7000,4,'',2,3100,4,'',2,7300,4,'',2,7200,4,'',2,3000,4,'',2,7000,4,'',2,2900,4,'',2,6900,4,'',2,2800,4,'',2,2900,4,'',2,6600,4,'',2,3000,4,'',2
'23J-H56J000S-82-S',6603,54900,,'',2,9700,,'',2
'23J-H56J000S-82-S',6604,53900,4,'',2,10000,4,'',2
'23J-H56JV00S-82-S',6603,54900,,'',2,9700,,'',2
'23J-H56JV00S-82-S',6604,53900,4,'',2,10000,4,'',2
