'23J-H56J000A-01-A',11201,50000,,'',2,3100,,'',2,7100,,'',2,3000,,'',2,7000,,'',2,2900,,'',2,7100,,'',2,3100,,'',2,7100,,'',2,3100,,'',2,6500,,'',2,2500,,'',2,2500,,'',2,6400,,'',2,2000,,'',2,2000,,'',2,6000,,'',2,1900,,'',2,1900,,'',2,6000,,'',2,2300,,'',2,2300,,'',2,6400,,'',2,2300,,'',2,6300,,'',2,2500,,'',2,2600,,'',2,6600,,'',2,2600,,'',2,6500,,'',2,2600,,'',2,6900,,'',2,2500,,'',2,6600,,'',2,2700,,'',2,2800,,'',2,7100,,'',2,7200,,'',2,3100,,'',2,7100,,'',2,3000,,'',2,7100,,'',2,3000,,'',2,7000,,'',2,3000,,'',2,7000,,'',2,3000,,'',2
'23J-H56J000A-01-A',11202,55900,4,'',2,7100,4,'',2,7000,4,'',2,2900,4,'',2,3000,4,'',2,7100,4,'',2,7100,4,'',2,3100,4,'',2,7400,4,'',2,3300,4,'',2,7200,4,'',2,3000,4,'',2,7000,4,'',2,2900,4,'',2,6900,4,'',2,3100,4,'',2,7100,4,'',2,2800,4,'',2,6600,4,'',2,2500,4,'',2,2200,4,'',2,5900,4,'',2,1800,4,'',2,1900,4,'',2,6100,4,'',2,2100,4,'',2,1900,4,'',2,5900,4,'',2,2200,4,'',2,2000,4,'',2,6500,4,'',2,2500,4,'',2,6500,4,'',2,2500,4,'',2,2700,4,'',2,7000,4,'',2,3200,4,'',2,7000,4,'',2,7100,4,'',2,3000,4,'',2,7000,4,'',2,2900,4,'',2,3000,4,'',2,7000,4,'',2,2800,4,'',2,6900,4,'',2
'23J-H56J000I-01-I',11201,50000,,'',2,2800,,'',2,2800,,'',2,6800,,'',2,2900,,'',2,6800,,'',2,2900,,'',2,6900,,'',2,3000,,'',2,7100,,'',2,3100,,'',2,7200,,'',2,3200,,'',2,7100,,'',2,2800,,'',2,6700,,'',2,2700,,'',2,6700,,'',2,2800,,'',2,6800,,'',2,2900,,'',2,6900,,'',2,3100,,'',2,7100,,'',2,3100,,'',2,7000,,'',2,3000,,'',2,6900,,'',2,3000,,'',2,7200,,'',2,3200,,'',2,7200,,'',2,3200,,'',2,7000,,'',2,3100,,'',2,7000,,'',2,2900,,'',2,6900,,'',2,2900,,'',2,6900,,'',2,2800,,'',2,6800,,'',2
'23J-H56J000I-01-I',11202,60000,4,'',2,3000,4,'',2,2100,4,'',2,6800,4,'',2,2900,4,'',2,6800,4,'',2,3000,4,'',2,7100,4,'',2,3100,4,'',2,7200,4,'',2,3100,4,'',2,7200,4,'',2,3400,4,'',2,7300,4,'',2,7100,4,'',2,2900,4,'',2,2500,4,'',2,6500,4,'',2,2100,4,'',2,6100,4,'',2,2100,4,'',2,2200,4,'',2,6300,4,'',2,2400,4,'',2,2300,4,'',2,6300,4,'',2,2100,4,'',2,1800,4,'',2,6000,4,'',2,2000,4,'',2,2000,4,'',2,6100,4,'',2,2400,4,'',2,7200,4,'',2,3200,4,'',2,7000,4,'',2,3100,4,'',2,7000,4,'',2,2900,4,'',2,6900,4,'',2,2900,4,'',2,6900,4,'',2,2800,4,'',2,6900,4,'',2,3100,4,'',2,7000,4,'',2
'23J-H56J000S-82-S',11201,50000,,'',2,2500,,'',2,2200,,'',2,5800,,'',2,1400,,'',2,1900,,'',2,1300,,'',2,5300,,'',2,700,,'',2,1100,,'',2,1400,,'',2,700,,'',2,1100,,'',2,4600,,'',2,2200,,'',2,3400,,'',2,5900,,'',2,1800,,'',2,1800,,'',2,5900,,'',2,2000,,'',2,2000,,'',2,6000,,'',2,2000,,'',2,2100,,'',2,6100,,'',2,2000,,'',2,1900,,'',2,6000,,'',2,2100,,'',2,2000,,'',2,6000,,'',2,2100,,'',2,2000,,'',2,5800,,'',2,1900,,'',2,2400,,'',2,6400,,'',2,2400,,'',2,6500,,'',2,2500,,'',2,7000,,'',2,3100,,'',2,7100,,'',2,3000,,'',2,7000,,'',2,2800,,'',2,2700,,'',2,7100,,'',2,7200,,'',2,2600,,'',2,3100,,'',2,7200,,'',2,7100,,'',2,3000,,'',2,6900,,'',2
'23J-H56J000S-82-S',11202,60000,4,'',2,3500,4,'',2,7300,4,'',2,3200,4,'',2,6800,4,'',2,2600,4,'',2,1400,4,'',2,6400,4,'',2,2500,4,'',2,6800,4,'',2,3000,4,'',2,7100,4,'',2,3000,4,'',2,7100,4,'',2,3100,4,'',2,6600,4,'',2,2500,4,'',2,2600,4,'',2,6500,4,'',2,2400,4,'',2,5900,4,'',2,1600,4,'',2,1500,4,'',2,1000,4,'',2,1000,4,'',2,5000,4,'',2,900,4,'',2,900,4,'',2,900,4,'',2,800,4,'',2,900,4,'',2,900,4,'',2,4700,4,'',2,800,4,'',2,800,4,'',2,800,4,'',2,800,4,'',2,800,4,'',2,700,4,'',2,700,4,'',2,4900,4,'',2,1000,4,'',2,800,4,'',2,1100,4,'',2,1100,4,'',2,5300,4,'',2,1300,4,'',2,1500,4,'',2,2000,4,'',2,6100,4,'',2,2000,4,'',2,2200,4,'',2,6300,4,'',2,2200,4,'',2,2300,4,'',2,6400,4,'',2,2300,4,'',2,6100,4,'',2,2100,4,'',2,3100,4,'',2,6900,4,'',2,3000,4,'',2,6800,4,'',2,2900,4,'',2
'23J-H56JV00A-01-A',11201,50000,,'',2,3100,,'',2,7100,,'',2,3000,,'',2,7000,,'',2,2900,,'',2,7100,,'',2,3100,,'',2,7100,,'',2,3100,,'',2,6500,,'',2,2500,,'',2,2500,,'',2,6400,,'',2,2000,,'',2,2000,,'',2,6000,,'',2,1900,,'',2,1900,,'',2,6000,,'',2,2300,,'',2,2300,,'',2,6400,,'',2,2300,,'',2,6300,,'',2,2500,,'',2,2600,,'',2,6600,,'',2,2600,,'',2,6500,,'',2,2600,,'',2,6900,,'',2,2500,,'',2,6600,,'',2,2700,,'',2,2800,,'',2,7100,,'',2,7200,,'',2,3100,,'',2,7100,,'',2,3000,,'',2,7100,,'',2,3000,,'',2,7000,,'',2,3000,,'',2,7000,,'',2,3000,,'',2
'23J-H56JV00A-01-A',11202,55900,4,'',2,7100,4,'',2,7000,4,'',2,2900,4,'',2,3000,4,'',2,7100,4,'',2,7100,4,'',2,3100,4,'',2,7400,4,'',2,3300,4,'',2,7200,4,'',2,3000,4,'',2,7000,4,'',2,2900,4,'',2,6900,4,'',2,3100,4,'',2,7100,4,'',2,2800,4,'',2,6600,4,'',2,2500,4,'',2,2200,4,'',2,5900,4,'',2,1800,4,'',2,1900,4,'',2,6100,4,'',2,2100,4,'',2,1900,4,'',2,5900,4,'',2,2200,4,'',2,2000,4,'',2,6500,4,'',2,2500,4,'',2,6500,4,'',2,2500,4,'',2,2700,4,'',2,7000,4,'',2,3200,4,'',2,7000,4,'',2,7100,4,'',2,3000,4,'',2,7000,4,'',2,2900,4,'',2,3000,4,'',2,7000,4,'',2,2800,4,'',2,6900,4,'',2
'23J-H56JV00I-01-I',11201,50000,,'',2,2800,,'',2,2800,,'',2,6800,,'',2,2900,,'',2,6800,,'',2,2900,,'',2,6900,,'',2,3000,,'',2,7100,,'',2,3100,,'',2,7200,,'',2,3200,,'',2,7100,,'',2,2800,,'',2,6700,,'',2,2700,,'',2,6700,,'',2,2800,,'',2,6800,,'',2,2900,,'',2,6900,,'',2,3100,,'',2,7100,,'',2,3100,,'',2,7000,,'',2,3000,,'',2,6900,,'',2,3000,,'',2,7200,,'',2,3200,,'',2,7200,,'',2,3200,,'',2,7000,,'',2,3100,,'',2,7000,,'',2,2900,,'',2,6900,,'',2,2900,,'',2,6900,,'',2,2800,,'',2,6800,,'',2
'23J-H56JV00I-01-I',11202,60000,4,'',2,3000,4,'',2,2100,4,'',2,6800,4,'',2,2900,4,'',2,6800,4,'',2,3000,4,'',2,7100,4,'',2,3100,4,'',2,7200,4,'',2,3100,4,'',2,7200,4,'',2,3400,4,'',2,7300,4,'',2,7100,4,'',2,2900,4,'',2,2500,4,'',2,6500,4,'',2,2100,4,'',2,6100,4,'',2,2100,4,'',2,2200,4,'',2,6300,4,'',2,2400,4,'',2,2300,4,'',2,6300,4,'',2,2100,4,'',2,1800,4,'',2,6000,4,'',2,2000,4,'',2,2000,4,'',2,6100,4,'',2,2400,4,'',2,7200,4,'',2,3200,4,'',2,7000,4,'',2,3100,4,'',2,7000,4,'',2,2900,4,'',2,6900,4,'',2,2900,4,'',2,6900,4,'',2,2800,4,'',2,6900,4,'',2,3100,4,'',2,7000,4,'',2
'23J-H56JV00S-82-S',11201,50000,,'',2,2500,,'',2,2200,,'',2,5800,,'',2,1400,,'',2,1900,,'',2,1300,,'',2,5300,,'',2,700,,'',2,1100,,'',2,1400,,'',2,700,,'',2,1100,,'',2,4600,,'',2,2200,,'',2,3400,,'',2,5900,,'',2,1800,,'',2,1800,,'',2,5900,,'',2,2000,,'',2,2000,,'',2,6000,,'',2,2000,,'',2,2100,,'',2,6100,,'',2,2000,,'',2,1900,,'',2,6000,,'',2,2100,,'',2,2000,,'',2,6000,,'',2,2100,,'',2,2000,,'',2,5800,,'',2,1900,,'',2,2400,,'',2,6400,,'',2,2400,,'',2,6500,,'',2,2500,,'',2,7000,,'',2,3100,,'',2,7100,,'',2,3000,,'',2,7000,,'',2,2800,,'',2,2700,,'',2,7100,,'',2,7200,,'',2,2600,,'',2,3100,,'',2,7200,,'',2,7100,,'',2,3000,,'',2,6900,,'',2
'23J-H56JV00S-82-S',11202,60000,4,'',2,3500,4,'',2,7300,4,'',2,3200,4,'',2,6800,4,'',2,2600,4,'',2,1400,4,'',2,6400,4,'',2,2500,4,'',2,6800,4,'',2,3000,4,'',2,7100,4,'',2,3000,4,'',2,7100,4,'',2,3100,4,'',2,6600,4,'',2,2500,4,'',2,2600,4,'',2,6500,4,'',2,2400,4,'',2,5900,4,'',2,1600,4,'',2,1500,4,'',2,1000,4,'',2,1000,4,'',2,5000,4,'',2,900,4,'',2,900,4,'',2,900,4,'',2,800,4,'',2,900,4,'',2,900,4,'',2,4700,4,'',2,800,4,'',2,800,4,'',2,800,4,'',2,800,4,'',2,800,4,'',2,700,4,'',2,700,4,'',2,4900,4,'',2,1000,4,'',2,800,4,'',2,1100,4,'',2,1100,4,'',2,5300,4,'',2,1300,4,'',2,1500,4,'',2,2000,4,'',2,6100,4,'',2,2000,4,'',2,2200,4,'',2,6300,4,'',2,2200,4,'',2,2300,4,'',2,6400,4,'',2,2300,4,'',2,6100,4,'',2,2100,4,'',2,3100,4,'',2,6900,4,'',2,3000,4,'',2,6800,4,'',2,2900,4,'',2
