'24J-H50J000S-82-S',17101,55700,,'',1,6600,,'',1,1500,,'',2,700,,'',1,600,,'',1,6800,,'',1,1000,,'',2,2600,,'',1,5700,,'',1,2300,,'',1,2100,,'',2,59700,,'',1,7600,,'',2,1900,,'',2,6300,,'',2,4700,,'',2,6400,,'',2,3100,,'',2,7900,,'',2
'24J-H50J000S-82-S',17102,72000,4,'',2,2800,4,'',1,5500,4,'',1,1300,4,'',1,1300,4,'',1,1200,4,'',2,1300,4,'',1,5300,4,'',1,2100,4,'',2,7200,4,'',1,53300,4,'',2,1500,4,'',2,5700,4,'',2,1500,4,'',1,1500,4,'',1,1500,4,'',2,5500,4,'',1,1500,4,'',1,1500,4,'',2,1500,4,'',2,5500,4,'',2,1500,4,'',2,1700,4,'',1,2200,4,'',1,6800,4,'',2,2300,4,'',2
'24J-H50JV00S-84-S',17101,55700,,'',1,6600,,'',1,1500,,'',2,700,,'',1,600,,'',1,6800,,'',1,1000,,'',2,2600,,'',1,5700,,'',1,2300,,'',1,2100,,'',2,59700,,'',1,7600,,'',1,1900,,'',2,6300,,'',2,4700,,'',2,6400,,'',2,3100,,'',1,7900,,'',2
'24J-H50JV00S-84-S',17102,72000,4,'',2,2800,4,'',1,5500,4,'',1,1300,4,'',1,1300,4,'',1,1200,4,'',2,1300,4,'',1,5300,4,'',1,2100,4,'',2,7200,4,'',1,53300,4,'',2,1500,4,'',2,5700,4,'',2,1500,4,'',1,1500,4,'',1,1500,4,'',2,5500,4,'',1,1500,4,'',1,1500,4,'',1,1500,4,'',1,5500,4,'',2,1500,4,'',2,1700,4,'',1,2200,4,'',1,6800,4,'',2,2300,4,'',1
'24J-H57J000S-81-S',17101,151300,,'',2
'24J-H57JV00S-83-S',17101,151300,,'',2
'24J-H58J000S-81-S',17101,74200,,'',2,68900,,'',2,20300,,'',2
'24J-H58JV00S-81-S',17101,74200,,'',2,68900,,'',2,20300,,'',2
'24J-H60J000S-80-S',17101,61500,,'',2,1600,,'',2,6900,,'',2,900,,'',2
'24J-H60J000S-80-S',17102,65500,4,'',2
'24J-H60JV00S-80-S',17101,61500,,'',2,1600,,'',2,6900,,'',2,900,,'',2
'24J-H60JV00S-80-S',17102,65500,4,'',2
