'23M-H57M000A-80-A',4701,62000,4,'',1,3000,4,'',1,7000,4,'',1,3000,4,'',1,6900,4,'',1,3000,4,'',1,7100,4,'',1,3300,4,'',1,7000,4,'',1,3000,4,'',1,6900,4,'',1,3000,4,'',1,7100,4,'',1,3100,4,'',1,7400,4,'',1,7200,4,'',1,3100,4,'',1,7100,4,'',2,3000,4,'',1,2300,4,'',1,6400,4,'',2,2300,4,'',1,6100,4,'',1,2200,4,'',2,2200,4,'',1,6200,4,'',1,1800,4,'',2,1900,4,'',1,5900,4,'',1,2400,4,'',2,2700,4,'',1,7000,4,'',2,3000,4,'',1,6900,4,'',2,3000,4,'',1,7300,4,'',1,7700,4,'',1,3700,4,'',1,8600,4,'',1,8600,4,'',1,8600,4,'',1
'23M-H57M000A-80-A',4702,55800,,'',1,7000,,'',1,3000,,'',1,6900,,'',1,2900,,'',1,6500,,'',1,1900,,'',1,1800,,'',1,5800,,'',1,1800,,'',1,6600,,'',1,2900,,'',1,2900,,'',1,6900,,'',1,2700,,'',1,5900,,'',2,1800,,'',1,1800,,'',1,6000,,'',1,2200,,'',1,2200,,'',2,6100,,'',1,2200,,'',1,2100,,'',1,6100,,'',2,2100,,'',1,6100,,'',1,2200,,'',2,2300,,'',1,6300,,'',1,2500,,'',2,6800,,'',1,3300,,'',2,7300,,'',1,2900,,'',2,6900,,'',1,2800,,'',2,6900,,'',1,2900,,'',2,7300,,'',1,3300,,'',1,7300,,'',1,3400,,'',1,8600,,'',1,8600,,'',1
'23M-H57M000I-80-I',4701,55800,4,'',1,8500,4,'',1,8500,4,'',1,8500,4,'',1,4500,4,'',1,8400,4,'',1,7000,4,'',1,2800,4,'',1,6800,4,'',1,2800,4,'',1,7000,4,'',1,3200,4,'',1,7000,4,'',1,3000,4,'',1,7000,4,'',1,3000,4,'',1,7000,4,'',1,2700,4,'',1,2100,4,'',1,6000,4,'',1,2100,4,'',1,2200,4,'',1,7000,4,'',1,2900,4,'',1,7000,4,'',1,2200,4,'',1,6200,4,'',2,2200,4,'',1,2200,4,'',1,6800,4,'',1,3000,4,'',1,7000,4,'',1,3200,4,'',1,7600,4,'',1,8600,4,'',1,8600,4,'',1,4600,4,'',1,8600,4,'',1
'23M-H57M000I-80-I',4702,60000,,'',1,4500,,'',1,8500,,'',1,8500,,'',1,8500,,'',1,4400,,'',1,7000,,'',1,3000,,'',1,7000,,'',1,3000,,'',1,7000,,'',1,3000,,'',1,7000,,'',1,3000,,'',1,7000,,'',1,2700,,'',1,6000,,'',1,2000,,'',1,2000,,'',1,6100,,'',1,3000,,'',1,7000,,'',1,3000,,'',1,7100,,'',1,3100,,'',1,7100,,'',1,3100,,'',1,7100,,'',1,3100,,'',1,7100,,'',1,3800,,'',1,8700,,'',1,8600,,'',1,8600,,'',1,4600,,'',1
'23M-H57M000S-84-S',4701,55600,4,'',1,7800,4,'',2,7200,4,'',1,3300,4,'',2,7300,4,'',1,3400,4,'',2,7100,4,'',1,3100,4,'',2,7100,4,'',1,3200,4,'',2,6800,4,'',1,2900,4,'',2,6900,4,'',1,2900,4,'',2,6900,4,'',1,2900,4,'',2,7000,4,'',1,3100,4,'',2,7100,4,'',1,2700,4,'',1,6600,4,'',2,2700,4,'',2,2300,4,'',1,6300,4,'',2,2300,4,'',2,5500,4,'',1,1500,4,'',1,1900,4,'',1,1600,4,'',2,6500,4,'',1,2800,4,'',2,6900,4,'',1,2900,4,'',2,6900,4,'',1,3000,4,'',2,6800,4,'',1,3000,4,'',2,7000,4,'',1,2700,4,'',2,7000,4,'',1,3000,4,'',2,6900,4,'',1,3100,4,'',2
'23M-H57M000S-84-S',4702,51600,,'',1,3000,,'',2,6900,,'',1,2800,,'',2,6500,,'',1,2000,,'',1,2000,,'',2,5700,,'',1,1700,,'',1,3100,,'',2,7000,,'',1,2900,,'',2,6900,,'',1,3200,,'',2,6900,,'',1,2900,,'',2,6900,,'',1,2900,,'',2,6800,,'',1,2900,,'',2,7100,,'',1,3100,,'',2,7200,,'',1,3100,,'',1,6800,,'',2,3000,,'',1,7000,,'',1,3100,,'',2,7300,,'',1,3000,,'',2,6900,,'',1,2800,,'',2,6900,,'',1,2900,,'',2,6900,,'',1,3000,,'',2,7000,,'',1,3000,,'',2,7200,,'',1,3300,,'',2,7200,,'',1,3100,,'',2
'23M-H57M100F-80-F1',4701,62000,4,'',1,3000,4,'',2,7000,4,'',1,3000,4,'',2,6900,4,'',1,3000,4,'',2,7100,4,'',1,3300,4,'',2,7000,4,'',1,3000,4,'',2,6900,4,'',1,3000,4,'',2,7100,4,'',1,3100,4,'',2,7400,4,'',1,7200,4,'',1,3100,4,'',1,7100,4,'',1,3000,4,'',1,2300,4,'',2,6400,4,'',1,2300,4,'',1,6100,4,'',2,2200,4,'',1,2200,4,'',1,6200,4,'',1,1800,4,'',1,1900,4,'',1,5900,4,'',1,2400,4,'',1,2700,4,'',1,7000,4,'',1,3000,4,'',1,6900,4,'',1,3000,4,'',1,7300,4,'',1,7700,4,'',1,3700,4,'',1,8600,4,'',1,8600,4,'',1,2200,4,'',1
'23M-H57M100F-80-F1',4702,55800,,'',2,7000,,'',1,3000,,'',2,6900,,'',1,2900,,'',2,6500,,'',1,1900,,'',2,1800,,'',2,5800,,'',1,1800,,'',1,6600,,'',2,2900,,'',1,2900,,'',2,6900,,'',1,2700,,'',2,5900,,'',2,1800,,'',1,1800,,'',1,6000,,'',2,2200,,'',1,2200,,'',1,6100,,'',1,2200,,'',1,2100,,'',2,6100,,'',1,2100,,'',1,6100,,'',2,2200,,'',1,2300,,'',1,6300,,'',2,2500,,'',1,6800,,'',1,3300,,'',1,7300,,'',1,2900,,'',1,6900,,'',1,2800,,'',1,6900,,'',1,2900,,'',1,7300,,'',1,3300,,'',1,7300,,'',1,3400,,'',1,8600,,'',1,2200,,'',1
'23M-H57M200F-80-F2',4701,62000,4,'',1,3000,4,'',2,7000,4,'',1,3000,4,'',2,6900,4,'',1,3000,4,'',2,7100,4,'',1,3300,4,'',2,7000,4,'',1,3000,4,'',2,6900,4,'',1,3000,4,'',2,7100,4,'',1,3100,4,'',2,7400,4,'',1,7200,4,'',1,3100,4,'',1,7100,4,'',1,3000,4,'',1,2300,4,'',2,6400,4,'',1,2300,4,'',1,6100,4,'',2,2200,4,'',1,2200,4,'',1,6200,4,'',1,1800,4,'',1,1900,4,'',1,5900,4,'',1,2400,4,'',1,2700,4,'',1,7000,4,'',1,3000,4,'',1,6900,4,'',1,3000,4,'',1,7300,4,'',1,7700,4,'',1,3700,4,'',1,8600,4,'',1,8600,4,'',1,2200,4,'',1
'23M-H57M200F-80-F2',4702,55800,,'',2,7000,,'',1,3000,,'',2,6900,,'',1,2900,,'',2,6500,,'',1,1900,,'',2,1800,,'',2,5800,,'',1,1800,,'',1,6600,,'',2,2900,,'',1,2900,,'',2,6900,,'',1,2700,,'',2,5900,,'',2,1800,,'',1,1800,,'',1,6000,,'',2,2200,,'',1,2200,,'',1,6100,,'',1,2200,,'',1,2100,,'',2,6100,,'',1,2100,,'',1,6100,,'',2,2200,,'',1,2300,,'',1,6300,,'',2,2500,,'',1,6800,,'',1,3300,,'',1,7300,,'',1,2900,,'',1,6900,,'',1,2800,,'',1,6900,,'',1,2900,,'',1,7300,,'',1,3300,,'',1,7300,,'',1,3400,,'',1,8600,,'',1,2200,,'',1
'23M-H57M300F-80-F3',4701,55800,4,'',1,8500,4,'',1,8500,4,'',1,8500,4,'',1,4500,4,'',1,8400,4,'',1,7000,4,'',1,2800,4,'',1,6800,4,'',1,2800,4,'',1,7000,4,'',1,3200,4,'',1,7000,4,'',1,3000,4,'',1,7000,4,'',1,3000,4,'',1,7000,4,'',1,2700,4,'',1,2100,4,'',1,6000,4,'',1,2100,4,'',1,2200,4,'',1,7000,4,'',1,2900,4,'',1,7000,4,'',1,2200,4,'',1,6200,4,'',2,2200,4,'',1,2200,4,'',1,6800,4,'',1,3000,4,'',1,7000,4,'',1,3200,4,'',1,7600,4,'',1,8600,4,'',1,8600,4,'',1,4600,4,'',1,8600,4,'',1
'23M-H57M300F-80-F3',4702,60000,,'',1,4500,,'',1,8500,,'',1,8500,,'',1,8500,,'',1,4400,,'',1,7000,,'',1,3000,,'',1,7000,,'',1,3000,,'',1,7000,,'',1,3000,,'',1,7000,,'',1,3000,,'',1,7000,,'',1,2700,,'',1,6000,,'',1,2000,,'',1,2000,,'',1,6100,,'',1,3000,,'',1,7000,,'',1,3000,,'',1,7100,,'',1,3100,,'',1,7100,,'',1,3100,,'',1,7100,,'',1,3100,,'',1,7100,,'',1,3800,,'',1,8700,,'',1,8600,,'',1,8600,,'',1,4600,,'',1
