'24M-H54M000A-80-A',2803,50000,,'',1,2600,,'',1,3300,,'',1,7300,,'',2,7300,,'',1,3300,,'',1,7300,,'',2,3300,,'',1,7300,,'',1,3200,,'',2,7200,,'',1,3300,,'',1,7200,,'',2,2500,,'',1,6700,,'',2,3000,,'',2,7000,,'',1,3000,,'',2,7000,,'',2,3100,,'',1,7100,,'',2,3100,,'',2,7100,,'',1,3200,,'',2,7200,,'',2,3300,,'',1,7300,,'',2,7400,,'',2,3400,,'',1,7400,,'',2,3400,,'',2,7400,,'',1,3300,,'',2,7300,,'',2,7300,,'',1,3300,,'',2,7300,,'',2,3300,,'',1,7300,,'',1,3300,,'',2,7300,,'',1
'24M-H54M000A-80-A',2804,53600,4,'',1,7500,4,'',2,3500,4,'',1,7500,4,'',1,3500,4,'',2,7400,4,'',1,7400,4,'',1,3300,4,'',2,7300,4,'',1,3400,4,'',1,7400,4,'',2,3500,4,'',1,7600,4,'',2,7600,4,'',1,3500,4,'',2,7000,4,'',2,3000,4,'',1,7100,4,'',2,3100,4,'',2,7100,4,'',1,3100,4,'',2,7200,4,'',2,3200,4,'',1,7300,4,'',2,3300,4,'',2,7300,4,'',1,7300,4,'',2,3300,4,'',2,7300,4,'',1,3300,4,'',2,7300,4,'',2,3200,4,'',1,7100,4,'',2,3200,4,'',2,7200,4,'',1,3300,4,'',1,7300,4,'',2,3300,4,'',1,6300,4,'',1
'24M-H54M000I-80-I',2803,50000,,'',1,2700,,'',1,2800,,'',1,7200,,'',2,7300,,'',2,3200,,'',1,7200,,'',2,3200,,'',2,7200,,'',1,3200,,'',2,7200,,'',1,2700,,'',1,6600,,'',1,2700,,'',2,7100,,'',1,3100,,'',1,7100,,'',2,3100,,'',1,7100,,'',1,3200,,'',2,7200,,'',1,3400,,'',1,7400,,'',2,3400,,'',1,7400,,'',1,7400,,'',2,3400,,'',1,7400,,'',1,3400,,'',2,7500,,'',1,3500,,'',1,7300,,'',2,3200,,'',1,7200,,'',2,7200,,'',1,3200,,'',2,7300,,'',1,3300,,'',1,7300,,'',2,3000,,'',1
'24M-H54M000I-80-I',2804,53200,4,'',1,7500,4,'',2,3500,4,'',2,7400,4,'',1,3400,4,'',2,7300,4,'',2,3300,4,'',1,7400,4,'',2,7400,4,'',1,3400,4,'',1,7400,4,'',2,3400,4,'',1,7500,4,'',1,3400,4,'',2,7200,4,'',1,3200,4,'',1,7200,4,'',2,7100,4,'',1,3100,4,'',1,7100,4,'',2,3200,4,'',1,7400,4,'',1,3300,4,'',2,7400,4,'',1,3400,4,'',1,7400,4,'',2,3400,4,'',1,7200,4,'',1,7300,4,'',2,3300,4,'',1,7300,4,'',2,3000,4,'',1,7000,4,'',2,2900,4,'',1,7000,4,'',1,3000,4,'',1,7100,4,'',1,3300,4,'',2
'24M-H54M000S-82-S',2803,50000,,'',1,3200,,'',2,1400,,'',1,6400,,'',1,900,,'',2,1800,,'',1,900,,'',1,900,,'',2,5000,,'',2,900,,'',2,1500,,'',2,800,,'',1,1300,,'',1,5300,,'',1,1000,,'',2,1200,,'',1,1400,,'',1,7000,,'',1,3000,,'',1,7300,,'',1,3000,,'',1,7100,,'',1,3000,,'',2,9800,,'',1,6900,,'',1,3000,,'',2,7300,,'',1,10500,,'',2,2700,,'',2,6800,,'',1,2900,,'',2,6800,,'',1,2900,,'',2,7000,,'',1,3300,,'',2,7200,,'',2,3000,,'',1,6900,,'',1,2900,,'',1,7000,,'',1,3000,,'',1,7300,,'',1,3100,,'',1,6500,,'',2,2500,,'',1,6500,,'',2,3200,,'',1,7500,,'',1,3500,,'',2
'24M-H54M000S-82-S',2804,53200,4,'',1,7000,4,'',1,3200,4,'',2,10600,4,'',1,7000,4,'',1,2900,4,'',2,6800,4,'',1,2400,4,'',1,7300,4,'',1,3000,4,'',1,7000,4,'',1,3100,4,'',2,7400,4,'',1,3100,4,'',1,7000,4,'',2,9800,4,'',1,3100,4,'',1,7000,4,'',2,2700,4,'',2,1400,4,'',1,5400,4,'',1,2900,4,'',2,1600,4,'',2,6200,4,'',1,2300,4,'',1,2300,4,'',1,6100,4,'',2,2400,4,'',1,6400,4,'',2,2900,4,'',1,6900,4,'',1,3000,4,'',1,7000,4,'',1,3000,4,'',1,7300,4,'',1,3100,4,'',1,7100,4,'',1,3100,4,'',1,7100,4,'',1,2500,4,'',2,7100,4,'',1,3500,4,'',1
'24M-H54M100F-81-F1',2803,50000,,'',1,2700,,'',2,2800,,'',1,7200,,'',1,7300,,'',1,3200,,'',1,7200,,'',1,3200,,'',1,7200,,'',1,3200,,'',1,7200,,'',1,2700,,'',1,6600,,'',1,2700,,'',1,7100,,'',1,3100,,'',2,7100,,'',1,3100,,'',1,7100,,'',2,3200,,'',1,7200,,'',1,3400,,'',2,7400,,'',1,3400,,'',1,7400,,'',2,7400,,'',1,3400,,'',1,7400,,'',2,3400,,'',1,7500,,'',1,3500,,'',2,7300,,'',1,3200,,'',1,7200,,'',2,7200,,'',1,3200,,'',2,7300,,'',2,3300,,'',1,7300,,'',1,3000,,'',2
'24M-H54M100F-81-F1',2804,53200,4,'',1,7500,4,'',1,3500,4,'',1,7400,4,'',1,3400,4,'',1,7300,4,'',1,3300,4,'',1,7400,4,'',1,7400,4,'',1,3400,4,'',1,7400,4,'',1,3400,4,'',1,7500,4,'',2,3400,4,'',1,7200,4,'',1,3200,4,'',2,7200,4,'',1,7100,4,'',1,3100,4,'',2,7100,4,'',1,3200,4,'',1,7400,4,'',2,3300,4,'',1,7400,4,'',1,3400,4,'',2,7400,4,'',1,3400,4,'',1,7200,4,'',2,7300,4,'',1,3300,4,'',1,7300,4,'',2,3000,4,'',1,7000,4,'',2,2900,4,'',2,7000,4,'',1,3000,4,'',1,7100,4,'',2,3300,4,'',1
'24M-H54M200F-81-F2',2803,50000,,'',2,2700,,'',1,2600,,'',1,5700,,'',1,1700,,'',1,1900,,'',2,5900,,'',2,2900,,'',1,7000,,'',1,3200,,'',2,7200,,'',1,3200,,'',1,7200,,'',1,2700,,'',1,6600,,'',1,2700,,'',1,7100,,'',1,3100,,'',1,7100,,'',1,3100,,'',1,7100,,'',1,3200,,'',1,7200,,'',1,3400,,'',1,7400,,'',1,3400,,'',1,7400,,'',1,7400,,'',1,3400,,'',1,7400,,'',1,3400,,'',1,7500,,'',1,3500,,'',1,7300,,'',1,3200,,'',2,7200,,'',1,7200,,'',2,3200,,'',1,7300,,'',1,3300,,'',1,7300,,'',1,3000,,'',1
'24M-H54M200F-81-F2',2804,53200,4,'',1,7500,4,'',1,3500,4,'',2,7400,4,'',1,3400,4,'',1,7300,4,'',2,3300,4,'',1,7400,4,'',1,7400,4,'',1,3400,4,'',1,7400,4,'',1,3400,4,'',1,7500,4,'',1,3400,4,'',1,7200,4,'',1,3200,4,'',1,7200,4,'',1,7100,4,'',1,3100,4,'',1,7100,4,'',1,3200,4,'',1,7400,4,'',1,3300,4,'',1,7400,4,'',1,3400,4,'',1,7400,4,'',1,3400,4,'',1,7200,4,'',1,7300,4,'',1,3300,4,'',1,7300,4,'',1,3000,4,'',2,7000,4,'',1,2900,4,'',1,7000,4,'',1,3000,4,'',2,7100,4,'',1,3300,4,'',1
'24M-H54M300F-80-F3',2803,50000,,'',1,2700,,'',1,2800,,'',1,7200,,'',2,7300,,'',2,3200,,'',1,7200,,'',2,3200,,'',2,7200,,'',1,3200,,'',2,7200,,'',1,2700,,'',1,6600,,'',1,2700,,'',2,7100,,'',1,3100,,'',1,7100,,'',2,3100,,'',1,7100,,'',1,3200,,'',2,7200,,'',1,3400,,'',1,7400,,'',2,3400,,'',1,7400,,'',1,7400,,'',2,3400,,'',1,7400,,'',1,3400,,'',2,7500,,'',1,3500,,'',1,7300,,'',2,3200,,'',1,7200,,'',2,7200,,'',1,3200,,'',2,7300,,'',1,3300,,'',1,7300,,'',2,3000,,'',1
'24M-H54M300F-80-F3',2804,53200,4,'',1,7500,4,'',2,3500,4,'',2,7400,4,'',1,3400,4,'',2,7300,4,'',2,3300,4,'',1,7400,4,'',2,7400,4,'',1,3400,4,'',1,7400,4,'',2,3400,4,'',1,7500,4,'',1,3400,4,'',2,7200,4,'',1,3200,4,'',1,7200,4,'',2,7100,4,'',1,3100,4,'',1,7100,4,'',2,3200,4,'',1,7400,4,'',1,3300,4,'',2,7400,4,'',1,3400,4,'',1,7400,4,'',2,3400,4,'',1,7200,4,'',1,7300,4,'',2,3300,4,'',1,7300,4,'',2,3000,4,'',1,7000,4,'',2,2900,4,'',1,7000,4,'',1,3000,4,'',1,7100,4,'',1,3300,4,'',2
'24M-H55M000S-83-S',2803,72200,,'',2,49000,,'',1
'24M-H55M000S-83-S',2804,70900,4,'',2,63000,4,'',1
'24M-H57M000S-82-S',2803,55900,,'',2,88700,,'',2
'24M-H57M000S-82-S',2804,161800,4,'',2
'24M-H59M000S-85-S',2803,62800,,'',1
