'23J-H60J000A-80-A',20501,53000,,'',2,7100,,'',2,3100,,'',2,7100,,'',2,3100,,'',2,7000,,'',2,3100,,'',2,7100,,'',2,3100,,'',2,7100,,'',2,3100,,'',2,7300,,'',2,3600,,'',2,7600,,'',2,7600,,'',2,3600,,'',2,7500,,'',2,3500,,'',2,7400,,'',2,2100,,'',2,6000,,'',2,3500,,'',2,7500,,'',2,3500,,'',2,7500,,'',2,3300,,'',2,7300,,'',2,7300,,'',2,3300,,'',2,7500,,'',2,3500,,'',2,7500,,'',2,3500,,'',2,7300,,'',2,7400,,'',2
'23J-H60J000A-80-A',20502,52600,4,'',2,3000,4,'',2,7000,4,'',2,3000,4,'',2,7000,4,'',2,7500,4,'',2,3100,4,'',2,7100,4,'',2,3100,4,'',2,7100,4,'',2,3100,4,'',2,7100,4,'',2,3500,4,'',2,7500,4,'',2,3600,4,'',2,7600,4,'',2,7600,4,'',2,3700,4,'',2,7500,4,'',2,3600,4,'',2,7400,4,'',2,7600,4,'',2,3600,4,'',2,7600,4,'',2,3600,4,'',2,7300,4,'',2,3300,4,'',2,7300,4,'',2,7200,4,'',2,3300,4,'',2,7300,4,'',2,3200,4,'',2,7600,4,'',2,3300,4,'',2,7600,4,'',2
'23J-H60J000I-80-I',20501,64400,,'',2,7100,,'',2,3100,,'',2,7100,,'',2,3000,,'',2,7000,,'',2,3000,,'',2,7100,,'',2,3100,,'',2,7200,,'',2,3400,,'',2,7600,,'',2,7600,,'',2,3600,,'',2,7600,,'',2,3600,,'',2,7600,,'',2,7600,,'',2,3600,,'',2,7600,,'',2,3500,,'',2,7500,,'',2,7400,,'',2,3400,,'',2,7300,,'',2,3300,,'',2,7300,,'',2,3300,,'',2,7300,,'',2,3300,,'',2,7300,,'',2,7200,,'',2
'23J-H60J000I-80-I',20502,64100,4,'',2,7000,4,'',2,3100,4,'',2,6900,4,'',2,3300,4,'',2,7000,4,'',2,3000,4,'',2,7000,4,'',2,3100,4,'',2,7100,4,'',2,3200,4,'',2,7400,4,'',2,3600,4,'',2,7600,4,'',2,7600,4,'',2,3600,4,'',2,7600,4,'',2,3600,4,'',2,7600,4,'',2,7300,4,'',2,3600,4,'',2,7600,4,'',2,3600,4,'',2,7500,4,'',2,7400,4,'',2,3500,4,'',2,7400,4,'',2,3300,4,'',2,7300,4,'',2,3200,4,'',2,7200,4,'',2,3200,4,'',2,7100,4,'',2
'23J-H60J000S-82-S',20501,50000,,'',2,3100,,'',2,7200,,'',2,3300,,'',2,7300,,'',2,3300,,'',2,7300,,'',2,2700,,'',2,6700,,'',2,2700,,'',2,6900,,'',2,3000,,'',2,7000,,'',2,3100,,'',2,7100,,'',2,3100,,'',2,7000,,'',2,2900,,'',2,6900,,'',2,3000,,'',2,7000,,'',2,3000,,'',2,6900,,'',2,2500,,'',2,2600,,'',2,6600,,'',2,2600,,'',2,6600,,'',2,3200,,'',2,7000,,'',2,3100,,'',2,7300,,'',2,3300,,'',2,7100,,'',2,3300,,'',2,7200,,'',2,7200,,'',2,3200,,'',2,7200,,'',2
'23J-H60J000S-82-S',20502,45700,4,'',2,7100,4,'',2,3000,4,'',2,7300,4,'',2,7600,4,'',2,3100,4,'',2,6900,4,'',2,2900,4,'',2,6600,4,'',2,2800,4,'',2,2700,4,'',2,6800,4,'',2,3000,4,'',2,7200,4,'',2,3200,4,'',2,7300,4,'',2,7300,4,'',2,3300,4,'',2,7300,4,'',2,3400,4,'',2,7300,4,'',2,3300,4,'',2,7200,4,'',2,2900,4,'',2,6900,4,'',2,2500,4,'',2,6500,4,'',2,2400,4,'',2,6600,4,'',2,2600,4,'',2,2800,4,'',2,6800,4,'',2,2700,4,'',2,7100,4,'',2,3300,4,'',2,6900,4,'',2,3200,4,'',2,7200,4,'',2,3200,4,'',2,7100,4,'',2
'23J-H60JV00A-81-A',20501,53000,,'',2,7100,,'',2,3100,,'',2,7100,,'',2,3100,,'',2,7000,,'',2,3100,,'',2,7100,,'',2,3100,,'',2,7100,,'',2,3100,,'',2,7300,,'',2,3600,,'',2,7600,,'',2,7600,,'',2,3600,,'',2,7500,,'',2,3500,,'',2,7400,,'',2,2100,,'',2,6000,,'',2,3500,,'',2,7500,,'',2,3500,,'',2,7500,,'',2,3300,,'',2,7300,,'',2,7300,,'',2,3300,,'',2,7500,,'',2,3500,,'',2,7500,,'',2,3500,,'',2,7300,,'',2,7400,,'',2
'23J-H60JV00A-81-A',20502,52600,4,'',2,3000,4,'',2,7000,4,'',2,3000,4,'',2,7000,4,'',2,7500,4,'',2,3100,4,'',2,7100,4,'',2,3100,4,'',2,7100,4,'',2,3100,4,'',2,7100,4,'',2,3500,4,'',2,7500,4,'',2,3600,4,'',2,7600,4,'',2,7600,4,'',2,3700,4,'',2,7500,4,'',2,3600,4,'',2,7400,4,'',2,7600,4,'',2,3600,4,'',2,7600,4,'',2,3600,4,'',2,7300,4,'',2,3300,4,'',2,7300,4,'',2,7200,4,'',2,3300,4,'',2,7300,4,'',2,3200,4,'',2,7600,4,'',2,3300,4,'',2,7600,4,'',2
'23J-H60JV00I-81-I',20501,64400,,'',2,7100,,'',2,3100,,'',2,7100,,'',2,3000,,'',2,7000,,'',2,3000,,'',2,7100,,'',2,3100,,'',2,7200,,'',2,3400,,'',2,7600,,'',2,7600,,'',2,3600,,'',2,7600,,'',2,3600,,'',2,7600,,'',2,7600,,'',2,3600,,'',2,7600,,'',2,3500,,'',2,7500,,'',2,7400,,'',2,3400,,'',2,7300,,'',2,3300,,'',2,7300,,'',2,3300,,'',2,7300,,'',2,3300,,'',2,7300,,'',2,7200,,'',2
'23J-H60JV00I-81-I',20502,64100,4,'',2,7000,4,'',2,3100,4,'',2,6900,4,'',2,3300,4,'',2,7000,4,'',2,3000,4,'',2,7000,4,'',2,3100,4,'',2,7100,4,'',2,3200,4,'',2,7400,4,'',2,3600,4,'',2,7600,4,'',2,7600,4,'',2,3600,4,'',2,7600,4,'',2,3600,4,'',2,7600,4,'',2,7300,4,'',2,3600,4,'',2,7600,4,'',2,3600,4,'',2,7500,4,'',2,7400,4,'',2,3500,4,'',2,7400,4,'',2,3300,4,'',2,7300,4,'',2,3200,4,'',2,7200,4,'',2,3200,4,'',2,7100,4,'',2
'23J-H60JV00S-85-S',20501,50000,,'',2,3100,,'',2,7200,,'',2,3300,,'',2,7300,,'',2,3300,,'',2,7300,,'',2,2700,,'',2,6700,,'',2,2700,,'',2,6900,,'',2,3000,,'',2,7000,,'',2,3100,,'',2,7100,,'',2,3100,,'',2,7000,,'',2,2900,,'',2,6900,,'',2,3000,,'',2,7000,,'',2,3000,,'',2,6900,,'',2,2500,,'',2,2600,,'',2,6600,,'',2,2600,,'',2,6600,,'',2,3200,,'',2,7000,,'',2,3100,,'',2,7300,,'',2,3300,,'',2,7100,,'',2,3300,,'',2,7200,,'',2,7200,,'',2,3200,,'',2,7200,,'',2
'23J-H60JV00S-85-S',20502,45700,4,'',2,7100,4,'',2,3000,4,'',2,7300,4,'',2,7600,4,'',2,3100,4,'',2,6900,4,'',2,2900,4,'',2,6600,4,'',2,2800,4,'',2,2700,4,'',2,6800,4,'',2,3000,4,'',2,7200,4,'',2,3200,4,'',2,7300,4,'',2,7300,4,'',2,3300,4,'',2,7300,4,'',2,3400,4,'',2,7300,4,'',2,3300,4,'',2,7200,4,'',2,2900,4,'',2,6900,4,'',2,2500,4,'',2,6500,4,'',2,2400,4,'',2,6600,4,'',2,2600,4,'',2,2800,4,'',2,6800,4,'',2,2700,4,'',2,7100,4,'',2,3300,4,'',2,6900,4,'',2,3200,4,'',2,7200,4,'',2,3200,4,'',2,7100,4,'',2
'23J-H60J000A-80-A',20601,63000,,'',1,7000,,'',1,3000,,'',1,7000,,'',1,3000,,'',1,7000,,'',1,3000,,'',1,7000,,'',1,3000,,'',1,7000,,'',1,3000,,'',1,7000,,'',1,3000,,'',1,7000,,'',1,3000,,'',1,7000,,'',1,3000,,'',1,7000,,'',1,3000,,'',1,7000,,'',1,3000,,'',1,7000,,'',1,3000,,'',1,7000,,'',1,3000,,'',1,7000,,'',1,3000,,'',1,7000,,'',1,3000,,'',1,7000,,'',1,3000,,'',1,7000,,'',1,10000,,'',1,10000,,'',1
'23J-H60J000A-80-A',20602,72300,4,'',1,3000,4,'',1,7000,4,'',1,3000,4,'',1,7000,4,'',1,3000,4,'',1,7000,4,'',1,3000,4,'',1,7000,4,'',1,3100,4,'',1,7000,4,'',1,3000,4,'',1,7000,4,'',1,3000,4,'',1,7000,4,'',1,3000,4,'',1,7000,4,'',1,3000,4,'',1,7000,4,'',1,3000,4,'',1,7000,4,'',1,3000,4,'',1,7000,4,'',1,3000,4,'',1,6900,4,'',1,3000,4,'',1,6900,4,'',1,3000,4,'',1,7000,4,'',1,3000,4,'',1,7000,4,'',1,3000,4,'',1,10000,4,'',1
'23J-H60J000I-80-I',20601,70000,,'',1,3000,,'',2,7000,,'',1,3000,,'',2,7000,,'',1,3000,,'',2,7000,,'',1,3000,,'',2,7000,,'',1,3000,,'',2,7000,,'',1,3000,,'',2,7000,,'',1,3000,,'',2,7100,,'',1,3100,,'',1,6900,,'',1,2900,,'',1,7000,,'',1,3000,,'',1,7000,,'',1,2900,,'',1,3000,,'',1,7100,,'',1,7000,,'',1,3000,,'',1,7000,,'',1,3000,,'',1,7000,,'',1,3000,,'',1,7000,,'',1,10000,,'',1,10000,,'',1
'23J-H60J000I-80-I',20602,75300,4,'',1,7000,4,'',2,3000,4,'',1,7000,4,'',2,3000,4,'',1,7000,4,'',2,3100,4,'',1,7000,4,'',2,3000,4,'',1,6900,4,'',2,3000,4,'',1,7000,4,'',2,3000,4,'',1,7000,4,'',2,3000,4,'',1,7000,4,'',1,3000,4,'',1,7000,4,'',1,3000,4,'',1,7000,4,'',1,3100,4,'',1,7100,4,'',1,2900,4,'',1,6900,4,'',1,3000,4,'',1,7000,4,'',1,3000,4,'',1,7000,4,'',1,3000,4,'',1,7000,4,'',1,3000,4,'',1,10000,4,'',1
'23J-H60J000S-82-S',20601,51900,,'',1,3200,,'',1,7200,,'',1,3200,,'',1,7000,,'',2,3000,,'',1,7100,,'',2,3200,,'',1,7100,,'',2,7100,,'',1,3000,,'',2,7100,,'',1,3000,,'',2,7100,,'',1,3100,,'',2,7100,,'',1,3200,,'',2,7300,,'',1,3300,,'',2,7300,,'',1,3300,,'',2,7200,,'',1,3300,,'',2,7300,,'',1,3100,,'',2,7100,,'',1,3000,,'',2,7000,,'',2,3000,,'',1,7000,,'',2,3000,,'',1,7000,,'',1,8100,,'',1,9200,,'',1,9900,,'',1
'23J-H60J000S-82-S',20602,62600,4,'',1,3100,4,'',1,7200,4,'',1,7300,4,'',1,2900,4,'',1,2800,4,'',1,6700,4,'',2,3100,4,'',1,7000,4,'',2,3100,4,'',1,7000,4,'',2,3100,4,'',1,7000,4,'',2,7100,4,'',1,3100,4,'',2,7300,4,'',1,3300,4,'',2,7400,4,'',1,3400,4,'',2,7200,4,'',1,3300,4,'',2,7300,4,'',1,3000,4,'',2,7000,4,'',1,3000,4,'',2,7000,4,'',1,2900,4,'',2,7000,4,'',2,3000,4,'',1,7000,4,'',2,3000,4,'',1,8000,4,'',1,8100,4,'',1,4000,4,'',1
'23J-H60JV00A-81-A',20601,63000,,'',1,7000,,'',1,3000,,'',1,7000,,'',1,3000,,'',1,7000,,'',1,3000,,'',1,7000,,'',1,3000,,'',1,7000,,'',1,3000,,'',1,7000,,'',1,3000,,'',1,7000,,'',1,3000,,'',1,7000,,'',1,3000,,'',1,7000,,'',1,3000,,'',1,7000,,'',1,3000,,'',1,7000,,'',1,3000,,'',1,7000,,'',1,3000,,'',1,7000,,'',1,3000,,'',1,7000,,'',1,3000,,'',1,7000,,'',1,3000,,'',1,7000,,'',1,10000,,'',1,10000,,'',1
'23J-H60JV00A-81-A',20602,72300,4,'',1,3000,4,'',1,7000,4,'',1,3000,4,'',1,7000,4,'',1,3000,4,'',1,7000,4,'',1,3000,4,'',1,7000,4,'',1,3100,4,'',1,7000,4,'',1,3000,4,'',1,7000,4,'',1,3000,4,'',1,7000,4,'',1,3000,4,'',1,7000,4,'',1,3000,4,'',1,7000,4,'',1,3000,4,'',1,7000,4,'',1,3000,4,'',1,7000,4,'',1,3000,4,'',1,6900,4,'',1,3000,4,'',1,6900,4,'',1,3000,4,'',1,7000,4,'',1,3000,4,'',1,7000,4,'',1,3000,4,'',1,10000,4,'',1
'23J-H60JV00I-81-I',20601,70000,,'',1,3000,,'',2,7000,,'',1,3000,,'',2,7000,,'',1,3000,,'',2,7000,,'',1,3000,,'',2,7000,,'',1,3000,,'',2,7000,,'',1,3000,,'',2,7000,,'',1,3000,,'',2,7100,,'',1,3100,,'',1,6900,,'',1,2900,,'',1,7000,,'',1,3000,,'',1,7000,,'',1,2900,,'',1,3000,,'',1,7100,,'',1,7000,,'',1,3000,,'',1,7000,,'',1,3000,,'',1,7000,,'',1,3000,,'',1,7000,,'',1,10000,,'',1,10000,,'',1
'23J-H60JV00I-81-I',20602,75300,4,'',1,7000,4,'',2,3000,4,'',1,7000,4,'',2,3000,4,'',1,7000,4,'',2,3100,4,'',1,7000,4,'',2,3000,4,'',1,6900,4,'',2,3000,4,'',1,7000,4,'',2,3000,4,'',1,7000,4,'',2,3000,4,'',1,7000,4,'',1,3000,4,'',1,7000,4,'',1,3000,4,'',1,7000,4,'',1,3100,4,'',1,7100,4,'',1,2900,4,'',1,6900,4,'',1,3000,4,'',1,7000,4,'',1,3000,4,'',1,7000,4,'',1,3000,4,'',1,7000,4,'',1,3000,4,'',1,10000,4,'',1
'23J-H60JV00S-85-S',20601,51900,,'',1,3200,,'',1,7200,,'',1,3200,,'',1,7000,,'',2,3000,,'',1,7100,,'',1,3200,,'',1,7100,,'',1,7100,,'',1,3000,,'',1,7100,,'',1,3000,,'',1,7100,,'',1,3100,,'',1,7100,,'',1,3200,,'',2,7300,,'',1,3300,,'',2,7300,,'',1,3300,,'',2,7200,,'',1,3300,,'',2,7300,,'',1,3100,,'',2,7100,,'',1,3000,,'',2,7000,,'',2,3000,,'',1,7000,,'',2,3000,,'',1,7000,,'',1,8100,,'',1,9200,,'',1,9900,,'',1
'23J-H60JV00S-85-S',20602,62600,4,'',1,3100,4,'',1,7200,4,'',1,7300,4,'',1,2900,4,'',1,2800,4,'',1,6700,4,'',1,3100,4,'',1,7000,4,'',1,3100,4,'',1,7000,4,'',1,3100,4,'',1,7000,4,'',1,7100,4,'',1,3100,4,'',1,7300,4,'',1,3300,4,'',2,7400,4,'',1,3400,4,'',2,7200,4,'',1,3300,4,'',2,7300,4,'',1,3000,4,'',2,7000,4,'',1,3000,4,'',2,7000,4,'',1,2900,4,'',2,7000,4,'',2,3000,4,'',1,7000,4,'',2,3000,4,'',1,8000,4,'',1,8100,4,'',1,4000,4,'',1
