'24J-H50J000S-82-S',44001,191400,4,'',1
'24J-H50J000S-82-S',44002,153700,,'',1,27900,,'',1
'24J-H50JV00S-84-S',44001,191400,4,'',1
'24J-H50JV00S-84-S',44002,153700,,'',1,27900,,'',1
'24J-H58J000S-81-S',44001,60300,4,'',1,3600,4,'',1,7100,4,'',2,3200,4,'',1,7300,4,'',2,3200,4,'',1,7300,4,'',2,2700,4,'',1,58900,4,'',2,6800,4,'',2,3400,4,'',1,7400,4,'',1,3300,4,'',2,7100,4,'',1,2600,4,'',2,10400,4,'',1
'24J-H58J000S-81-S',44002,54200,,'',1,6300,,'',1,1800,,'',2,1800,,'',1,1700,,'',2,5500,,'',2,1500,,'',2,1700,,'',1,7300,,'',2,3300,,'',1,7200,,'',2,3000,,'',1,64900,,'',1,3200,,'',2,7400,,'',1,3400,,'',2,10800,,'',2
'24J-H58J000S-83-S',44001,60300,4,'',1,3600,4,'',1,7100,4,'',2,3200,4,'',1,7300,4,'',2,3200,4,'',1,7300,4,'',2,2700,4,'',1,58900,4,'',2,6800,4,'',2,3400,4,'',1,7400,4,'',1,3300,4,'',2,7100,4,'',1,2600,4,'',2,10400,4,'',1
'24J-H58J000S-83-S',44002,54200,,'',1,6300,,'',1,1800,,'',2,1800,,'',1,1700,,'',2,5500,,'',2,1500,,'',2,1700,,'',1,7300,,'',2,3300,,'',1,7200,,'',2,3000,,'',1,64900,,'',1,3200,,'',2,7400,,'',1,3400,,'',2,10800,,'',2
'24J-H58JV00S-83-S',44001,60300,4,'',1,3600,4,'',1,7100,4,'',2,3200,4,'',1,7300,4,'',2,3200,4,'',1,7300,4,'',2,2700,4,'',1,58900,4,'',2,6800,4,'',2,3400,4,'',1,7400,4,'',1,3300,4,'',2,7100,4,'',1,2600,4,'',2,10400,4,'',1
'24J-H58JV00S-83-S',44002,54200,,'',1,6300,,'',1,1800,,'',2,1800,,'',1,1700,,'',2,5500,,'',2,1500,,'',2,1700,,'',1,7300,,'',2,3300,,'',1,7200,,'',2,3000,,'',1,64900,,'',1,3200,,'',2,7400,,'',1,3400,,'',2,10800,,'',2
