'23M-H59M000A-82-A',3401,54200,4,'',1,7700,4,'',1,2900,4,'',1,6600,4,'',1,3200,4,'',1,6900,4,'',1,2900,4,'',1,6900,4,'',1,2600,4,'',1,7000,4,'',1,3100,4,'',1,7100,4,'',1,3200,4,'',1,7200,4,'',1,3100,4,'',1,7200,4,'',1,3200,4,'',1,6800,4,'',2,3100,4,'',1,7300,4,'',2,3200,4,'',1,7300,4,'',2,2500,4,'',2,6500,4,'',1,3100,4,'',2,7300,4,'',1,3200,4,'',2,7100,4,'',1,2400,4,'',2,6600,4,'',1,2700,4,'',2,6600,4,'',1,2900,4,'',2,2300,4,'',1,6600,4,'',2,2500,4,'',1,6500,4,'',2,2500,4,'',1,6500,4,'',2,2400,4,'',1,2100,4,'',2,6400,4,'',1,2300,4,'',2,6300,4,'',1
'23M-H59M000A-82-A',3402,52000,,'',1,2800,,'',1,7300,,'',1,2900,,'',1,6600,,'',1,3200,,'',1,7100,,'',1,2900,,'',1,6900,,'',1,2900,,'',1,7000,,'',1,3300,,'',1,7000,,'',1,3200,,'',1,7200,,'',1,3100,,'',1,7300,,'',1,7300,,'',1,2700,,'',2,3200,,'',1,7100,,'',2,7300,,'',1,3200,,'',2,6900,,'',2,2100,,'',1,3200,,'',2,7200,,'',1,7200,,'',2,2600,,'',1,2800,,'',2,6800,,'',1,2800,,'',2,6400,,'',1,2600,,'',2,6000,,'',1,2600,,'',2,2800,,'',1,6700,,'',2,2500,,'',1,6000,,'',2,2400,,'',1,2400,,'',2,6500,,'',1
'23M-H59M000I-82-I',3401,53800,4,'',2,7700,4,'',1,2900,4,'',2,6900,4,'',1,2900,4,'',2,6900,4,'',1,3200,4,'',2,6900,4,'',1,2900,4,'',2,6900,4,'',1,2900,4,'',2,6900,4,'',1,3000,4,'',2,7300,4,'',1,3100,4,'',2,7100,4,'',1,3200,4,'',2,7300,4,'',1,2900,4,'',2,7300,4,'',1,2300,4,'',2,6600,4,'',2,2900,4,'',1,7200,4,'',2,3000,4,'',1,7000,4,'',2,3000,4,'',1,7000,4,'',2,2900,4,'',1,6900,4,'',2,2900,4,'',1,7000,4,'',2,3000,4,'',1,7000,4,'',2,2800,4,'',1,7000,4,'',2,3000,4,'',1,7000,4,'',2,2800,4,'',1,6900,4,'',2,2900,4,'',1
'23M-H59M000I-82-I',3402,52000,,'',1,3300,,'',2,6400,,'',1,2900,,'',2,6900,,'',1,2900,,'',2,7100,,'',1,3300,,'',2,6900,,'',1,3100,,'',2,7000,,'',1,2800,,'',2,6900,,'',1,3000,,'',2,7300,,'',1,3200,,'',2,7300,,'',1,2900,,'',2,7300,,'',1,2900,,'',2,7300,,'',1,7300,,'',2,1700,,'',2,3000,,'',1,7000,,'',2,3000,,'',1,7000,,'',2,3000,,'',1,6800,,'',2,3000,,'',1,7100,,'',2,3200,,'',1,7000,,'',2,3100,,'',1,7000,,'',2,2800,,'',1,6800,,'',2,3200,,'',1,7100,,'',2,2900,,'',1,7300,,'',2
'23M-H59M000S-84-S',3401,51700,4,'',1,3200,4,'',2,7100,4,'',1,2300,4,'',2,1600,4,'',2,5700,4,'',1,1700,4,'',2,1600,4,'',2,5600,4,'',2,1600,4,'',1,2200,4,'',2,6000,4,'',2,2900,4,'',1,7200,4,'',2,2600,4,'',1,2800,4,'',2,6900,4,'',1,3100,4,'',2,7000,4,'',1,3000,4,'',2,6900,4,'',1,3200,4,'',2,7000,4,'',1,7100,4,'',2,2700,4,'',2,2600,4,'',1,6600,4,'',2,2000,4,'',2,6100,4,'',1,1900,4,'',1,1900,4,'',2,1800,4,'',2,6100,4,'',1,1700,4,'',1,2300,4,'',2,6300,4,'',1,2200,4,'',1,6700,4,'',2,2900,4,'',1,7000,4,'',2,3000,4,'',1,7000,4,'',2,3100,4,'',1,7100,4,'',2,2900,4,'',1,6800,4,'',2,2900,4,'',1,6800,4,'',2,2200,4,'',1
'23M-H59M000S-84-S',3402,52000,,'',1,3200,,'',2,7000,,'',1,2400,,'',2,6000,,'',2,1300,,'',1,2000,,'',2,6500,,'',2,2200,,'',1,2200,,'',2,6000,,'',2,2700,,'',1,7200,,'',2,2800,,'',1,6900,,'',2,3000,,'',1,7000,,'',2,2900,,'',1,6900,,'',2,3000,,'',1,7000,,'',2,3000,,'',1,7300,,'',2,2800,,'',2,2300,,'',1,7100,,'',2,1500,,'',2,7100,,'',1,1700,,'',1,1600,,'',2,7400,,'',1,2400,,'',1,7000,,'',2,3000,,'',1,7000,,'',2,3100,,'',1,7200,,'',2,3200,,'',1,7100,,'',2,3000,,'',1,7100,,'',2,3000,,'',1,6900,,'',2,2400,,'',1,7100,,'',2
'23M-H59M100F-02-F1',3401,53800,4,'',2,7700,4,'',1,2900,4,'',2,6900,4,'',1,2900,4,'',2,6900,4,'',1,3200,4,'',2,6900,4,'',1,2900,4,'',2,6900,4,'',1,2900,4,'',2,6900,4,'',1,3000,4,'',2,7300,4,'',1,3100,4,'',2,7100,4,'',1,3200,4,'',2,7300,4,'',1,2900,4,'',2,7300,4,'',1,2300,4,'',2,6600,4,'',2,2900,4,'',1,7200,4,'',2,3000,4,'',1,7000,4,'',2,3000,4,'',1,7000,4,'',2,2900,4,'',1,6900,4,'',2,2900,4,'',1,7000,4,'',2,3000,4,'',1,7000,4,'',2,2800,4,'',1,7000,4,'',2,3000,4,'',1,7000,4,'',2,2800,4,'',1,6900,4,'',2,2900,4,'',1
'23M-H59M100F-02-F1',3402,52000,,'',1,3300,,'',2,6400,,'',1,2900,,'',2,6900,,'',1,2900,,'',2,7100,,'',1,3300,,'',2,6900,,'',1,3100,,'',2,7000,,'',1,2800,,'',2,6900,,'',1,3000,,'',2,7300,,'',1,3200,,'',2,7300,,'',1,2900,,'',2,7300,,'',1,2900,,'',2,7300,,'',1,7300,,'',2,1700,,'',2,3000,,'',1,7000,,'',2,3000,,'',1,7000,,'',2,3000,,'',1,6800,,'',2,3000,,'',1,7100,,'',2,3200,,'',1,7000,,'',2,3100,,'',1,7000,,'',2,2800,,'',1,6800,,'',2,3200,,'',1,7100,,'',2,2900,,'',1,7300,,'',2
'23M-H59M200F-80-F2',3401,53800,4,'',2,7700,4,'',1,2900,4,'',2,6900,4,'',1,2900,4,'',2,6900,4,'',1,3200,4,'',2,6900,4,'',1,2900,4,'',2,6900,4,'',1,2900,4,'',2,6900,4,'',1,3000,4,'',2,7300,4,'',1,3100,4,'',2,7100,4,'',1,3200,4,'',2,7300,4,'',1,2900,4,'',2,7300,4,'',1,2300,4,'',2,6600,4,'',2,2900,4,'',1,7200,4,'',2,3000,4,'',1,7000,4,'',2,3000,4,'',1,7000,4,'',2,2900,4,'',1,6900,4,'',2,2900,4,'',1,7000,4,'',2,3000,4,'',1,7000,4,'',2,2800,4,'',1,7000,4,'',2,3000,4,'',1,7000,4,'',2,2800,4,'',1,6900,4,'',2,2900,4,'',1
'23M-H59M200F-80-F2',3402,52000,,'',1,3300,,'',2,6400,,'',1,2900,,'',2,6900,,'',1,2900,,'',2,7100,,'',1,3300,,'',2,6900,,'',1,3100,,'',2,7000,,'',1,2800,,'',2,6900,,'',1,3000,,'',2,7300,,'',1,3200,,'',2,7300,,'',1,2900,,'',2,7300,,'',1,2900,,'',2,7300,,'',1,7300,,'',2,1700,,'',2,3000,,'',1,7000,,'',2,3000,,'',1,7000,,'',2,3000,,'',1,6800,,'',2,3000,,'',1,7100,,'',2,3200,,'',1,7000,,'',2,3100,,'',1,7000,,'',2,2800,,'',1,6800,,'',2,3200,,'',1,7100,,'',2,2900,,'',1,7300,,'',2
'23M-H59M300F-02-F3',3401,53800,4,'',2,7700,4,'',1,2900,4,'',2,6900,4,'',1,2900,4,'',2,6900,4,'',1,3200,4,'',2,6900,4,'',1,2900,4,'',2,6900,4,'',1,2900,4,'',2,6900,4,'',1,3000,4,'',2,7300,4,'',1,3100,4,'',2,7100,4,'',1,3200,4,'',2,7300,4,'',1,2900,4,'',2,7300,4,'',1,2300,4,'',2,6600,4,'',2,2900,4,'',1,7200,4,'',2,3000,4,'',1,7000,4,'',2,3000,4,'',1,7000,4,'',2,2900,4,'',1,6900,4,'',2,2900,4,'',1,7000,4,'',2,3000,4,'',1,7000,4,'',2,2800,4,'',1,7000,4,'',2,3000,4,'',1,7000,4,'',2,2800,4,'',1,6900,4,'',2,2900,4,'',1
'23M-H59M300F-02-F3',3402,52000,,'',1,3300,,'',2,6400,,'',1,2900,,'',2,6900,,'',1,2900,,'',2,7100,,'',1,3300,,'',2,6900,,'',1,3100,,'',2,7000,,'',1,2800,,'',2,6900,,'',1,3000,,'',2,7300,,'',1,3200,,'',2,7300,,'',1,2900,,'',2,7300,,'',1,2900,,'',2,7300,,'',1,7300,,'',2,1700,,'',2,3000,,'',1,7000,,'',2,3000,,'',1,7000,,'',2,3000,,'',1,6800,,'',2,3000,,'',1,7100,,'',2,3200,,'',1,7000,,'',2,3100,,'',1,7000,,'',2,2800,,'',1,6800,,'',2,3200,,'',1,7100,,'',2,2900,,'',1,7300,,'',2
