'23M-H62M000A-00-A',21201,54700,,'',2,6800,,'',2,3000,,'',2,7000,,'',2,3000,,'',2,7000,,'',2,3000,,'',2,7000,,'',2,3000,,'',2,7000,,'',2,3000,,'',2,7000,,'',2,3000,,'',2,7000,,'',2,3000,,'',2,7000,,'',2,3000,,'',2,7000,,'',2,3000,,'',2,7000,,'',2,3000,,'',2,7000,,'',2,3000,,'',2,7000,,'',2,3000,,'',2,7000,,'',2,3000,,'',2,7000,,'',2,3000,,'',2,7000,,'',2,3000,,'',2,7000,,'',2,3000,,'',2,7000,,'',2,3000,,'',2,7000,,'',2,3000,,'',2,7000,,'',2,3000,,'',2,7000,,'',2,3000,,'',2,7000,,'',2
'23M-H62M000A-00-A',21202,61200,4,'',2,2800,4,'',2,7000,4,'',2,3000,4,'',2,7000,4,'',2,3000,4,'',2,7000,4,'',2,3000,4,'',2,7000,4,'',2,3000,4,'',2,7000,4,'',2,3000,4,'',2,7000,4,'',2,3000,4,'',2,7000,4,'',2,3000,4,'',2,7000,4,'',2,3000,4,'',2,7000,4,'',2,3000,4,'',2,7000,4,'',2,3000,4,'',2,7000,4,'',2,3000,4,'',2,7000,4,'',2,3000,4,'',2,7000,4,'',2,3000,4,'',2,7000,4,'',2,3000,4,'',2,7000,4,'',2,3000,4,'',2,7000,4,'',2,3000,4,'',2,7000,4,'',2,3000,4,'',2,7000,4,'',2,3000,4,'',2,7000,4,'',2,3000,4,'',2,7000,4,'',2,3500,4,'',2
'23M-H62M000I-00-I',21201,54500,,'',2,7000,,'',2,3000,,'',2,7000,,'',2,3000,,'',2,7000,,'',2,3000,,'',2,7000,,'',2,3000,,'',2,7000,,'',2,3000,,'',2,7000,,'',2,3000,,'',2,7000,,'',2,3000,,'',2,7000,,'',2,3000,,'',2,7000,,'',2,3000,,'',2,7000,,'',2,3000,,'',2,7000,,'',2,3000,,'',2,7000,,'',2,3000,,'',2,7000,,'',2,3000,,'',2,7000,,'',2,3000,,'',2,7000,,'',2,3000,,'',2,7000,,'',2,3000,,'',2,7000,,'',2,3000,,'',2,7000,,'',2,3000,,'',2,7000,,'',2,3000,,'',2
'23M-H62M000I-00-I',21202,61000,4,'',2,3000,4,'',2,7000,4,'',2,3000,4,'',2,7000,4,'',2,3000,4,'',2,7000,4,'',2,3000,4,'',2,7000,4,'',2,3000,4,'',2,7000,4,'',2,3000,4,'',2,7000,4,'',2,3000,4,'',2,7000,4,'',2,3000,4,'',2,7000,4,'',2,3000,4,'',2,7000,4,'',2,3000,4,'',2,7000,4,'',2,3000,4,'',2,7000,4,'',2,3000,4,'',2,7000,4,'',2,3000,4,'',2,7000,4,'',2,3000,4,'',2,7000,4,'',2,3000,4,'',2,7000,4,'',2,3000,4,'',2,7000,4,'',2,3000,4,'',2,7000,4,'',2,3000,4,'',2,7000,4,'',2,3000,4,'',2,7500,4,'',2
'23M-H62M000S-00-S',21201,43800,,'',2,6800,,'',2,2700,,'',2,1400,,'',2,5700,,'',2,1700,,'',2,1700,,'',2,1700,,'',2,5700,,'',2,1700,,'',2,1700,,'',2,5700,,'',2,1700,,'',2,1700,,'',2,1700,,'',2,5700,,'',2,1700,,'',2,1700,,'',2,5700,,'',2,1700,,'',2,1700,,'',2,1700,,'',2,5700,,'',2,1700,,'',2,1700,,'',2,5700,,'',2,1700,,'',2,1700,,'',2,1700,,'',2,5700,,'',2,1700,,'',2,1700,,'',2,5700,,'',2,1700,,'',2,1700,,'',2,1700,,'',2,5700,,'',2,1700,,'',2,1700,,'',2,1700,,'',2,5700,,'',2,1700,,'',2,1700,,'',2,5700,,'',2,1600,,'',2,1600,,'',2,1300,,'',2,6100,,'',2,1800,,'',2,1900,,'',2,6000,,'',2,2000,,'',2,7000,,'',2,3000,,'',2,7000,,'',2,3000,,'',2,7000,,'',2,3000,,'',2,7000,,'',2,3000,,'',2,7000,,'',2,3000,,'',2,7000,,'',2,3000,,'',2,7000,,'',2
'23M-H62M000S-00-S',21202,50400,4,'',2,2700,4,'',2,2700,4,'',2,5400,4,'',2,1700,4,'',2,1700,4,'',2,5800,4,'',2,1700,4,'',2,1700,4,'',2,1700,4,'',2,5800,4,'',2,1900,4,'',2,1700,4,'',2,5700,4,'',2,1700,4,'',2,1700,4,'',2,1700,4,'',2,5700,4,'',2,1700,4,'',2,1700,4,'',2,5700,4,'',2,1700,4,'',2,1700,4,'',2,1700,4,'',2,5700,4,'',2,1700,4,'',2,1700,4,'',2,5700,4,'',2,1700,4,'',2,1700,4,'',2,1700,4,'',2,5700,4,'',2,1700,4,'',2,1700,4,'',2,5700,4,'',2,1700,4,'',2,1700,4,'',2,1700,4,'',2,5700,4,'',2,1700,4,'',2,1700,4,'',2,5700,4,'',2,1700,4,'',2,1700,4,'',2,1400,4,'',2,6000,4,'',2,1700,4,'',2,1800,4,'',2,6000,4,'',2,2200,4,'',2,2800,4,'',2,7000,4,'',2,3000,4,'',2,7000,4,'',2,3000,4,'',2,7000,4,'',2,3000,4,'',2,7000,4,'',2,3000,4,'',2,7000,4,'',2,3000,4,'',2,7000,4,'',2,3000,4,'',2,7000,4,'',2
'23M-H62M100F-01-F1',21201,54500,,'',2,7000,,'',2,3000,,'',2,7000,,'',2,3000,,'',2,7000,,'',2,3000,,'',2,7000,,'',2,3000,,'',2,7000,,'',2,3000,,'',2,7000,,'',2,3000,,'',2,7000,,'',2,3000,,'',2,7000,,'',2,3000,,'',2,7000,,'',2,3000,,'',2,7000,,'',2,3000,,'',2,7000,,'',2,3000,,'',2,7000,,'',2,3000,,'',2,7000,,'',2,3000,,'',2,7000,,'',2,3000,,'',2,7000,,'',2,3000,,'',2,7000,,'',2,3000,,'',2,7000,,'',2,3000,,'',2,7000,,'',2,3000,,'',2,7000,,'',2,3000,,'',2
'23M-H62M100F-01-F1',21202,61000,4,'',2,3000,4,'',2,7000,4,'',2,3000,4,'',2,7000,4,'',2,3000,4,'',2,7000,4,'',2,3000,4,'',2,7000,4,'',2,3000,4,'',2,7000,4,'',2,3000,4,'',2,7000,4,'',2,3000,4,'',2,7000,4,'',2,3000,4,'',2,7000,4,'',2,3000,4,'',2,7000,4,'',2,3000,4,'',2,7000,4,'',2,3000,4,'',2,7000,4,'',2,3000,4,'',2,7000,4,'',2,3000,4,'',2,7000,4,'',2,3000,4,'',2,7000,4,'',2,3000,4,'',2,7000,4,'',2,3000,4,'',2,7000,4,'',2,3000,4,'',2,7000,4,'',2,3000,4,'',2,7000,4,'',2,3000,4,'',2,7500,4,'',2
'23M-H62M200F-01-F2',21201,54500,,'',2,7000,,'',2,3000,,'',2,7000,,'',2,3000,,'',2,7000,,'',2,3000,,'',2,7000,,'',2,3000,,'',2,7000,,'',2,3000,,'',2,7000,,'',2,3000,,'',2,7000,,'',2,3000,,'',2,7000,,'',2,3000,,'',2,7000,,'',2,3000,,'',2,7000,,'',2,3000,,'',2,7000,,'',2,3000,,'',2,7000,,'',2,3000,,'',2,7000,,'',2,3000,,'',2,7000,,'',2,3000,,'',2,7000,,'',2,3000,,'',2,7000,,'',2,3000,,'',2,7000,,'',2,3000,,'',2,7000,,'',2,3000,,'',2,7000,,'',2,3000,,'',2
'23M-H62M200F-01-F2',21202,61000,4,'',2,3000,4,'',2,7000,4,'',2,3000,4,'',2,7000,4,'',2,3000,4,'',2,7000,4,'',2,3000,4,'',2,7000,4,'',2,3000,4,'',2,7000,4,'',2,3000,4,'',2,7000,4,'',2,3000,4,'',2,7000,4,'',2,3000,4,'',2,7000,4,'',2,3000,4,'',2,7000,4,'',2,3000,4,'',2,7000,4,'',2,3000,4,'',2,7000,4,'',2,3000,4,'',2,7000,4,'',2,3000,4,'',2,7000,4,'',2,3000,4,'',2,7000,4,'',2,3000,4,'',2,7000,4,'',2,3000,4,'',2,7000,4,'',2,3000,4,'',2,7000,4,'',2,3000,4,'',2,7000,4,'',2,3000,4,'',2,7500,4,'',2
'23M-H62M300F-00-F3',21201,54500,,'',2,7000,,'',2,3000,,'',2,7000,,'',2,3000,,'',2,7000,,'',2,3000,,'',2,7000,,'',2,3000,,'',2,7000,,'',2,3000,,'',2,7000,,'',2,3000,,'',2,7000,,'',2,3000,,'',2,7000,,'',2,3000,,'',2,7000,,'',2,3000,,'',2,7000,,'',2,3000,,'',2,7000,,'',2,3000,,'',2,7000,,'',2,3000,,'',2,7000,,'',2,3000,,'',2,7000,,'',2,3000,,'',2,7000,,'',2,3000,,'',2,7000,,'',2,3000,,'',2,7000,,'',2,3000,,'',2,7000,,'',2,3000,,'',2,7000,,'',2,3000,,'',2
'23M-H62M300F-00-F3',21202,61000,4,'',2,3000,4,'',2,7000,4,'',2,3000,4,'',2,7000,4,'',2,3000,4,'',2,7000,4,'',2,3000,4,'',2,7000,4,'',2,3000,4,'',2,7000,4,'',2,3000,4,'',2,7000,4,'',2,3000,4,'',2,7000,4,'',2,3000,4,'',2,7000,4,'',2,3000,4,'',2,7000,4,'',2,3000,4,'',2,7000,4,'',2,3000,4,'',2,7000,4,'',2,3000,4,'',2,7000,4,'',2,3000,4,'',2,7000,4,'',2,3000,4,'',2,7000,4,'',2,3000,4,'',2,7000,4,'',2,3000,4,'',2,7000,4,'',2,3000,4,'',2,7000,4,'',2,3000,4,'',2,7000,4,'',2,3000,4,'',2,7500,4,'',2
