'23J-H60J000A-80-A',6801,64700,4,'',2,7300,4,'',1,3300,4,'',1,7500,4,'',2,7300,4,'',2,3400,4,'',1,7400,4,'',1,3000,4,'',2,7100,4,'',2,3000,4,'',1,7000,4,'',1,2900,4,'',2,6900,4,'',2,3000,4,'',1,7000,4,'',1,3000,4,'',2,7000,4,'',2,3000,4,'',1,7000,4,'',1,2900,4,'',2,6800,4,'',2,2600,4,'',1,2700,4,'',1,6800,4,'',2,2600,4,'',2,6600,4,'',1,3200,4,'',1,7100,4,'',2,3100,4,'',2,7300,4,'',1,3300,4,'',1,7300,4,'',2,7300,4,'',1,3200,4,'',1,7200,4,'',2,3100,4,'',1,6200,4,'',2,2200,4,'',1
'23J-H60J000A-80-A',6802,51500,,'',2,3300,,'',1,7300,,'',2,3300,,'',2,7300,,'',1,7400,,'',1,3400,,'',2,7300,,'',2,3300,,'',1,7300,,'',1,3000,,'',2,7100,,'',2,3000,,'',1,7000,,'',1,2900,,'',2,7000,,'',2,3000,,'',1,7000,,'',1,3000,,'',2,6900,,'',2,3000,,'',1,7000,,'',1,2900,,'',2,6800,,'',2,2600,,'',1,6700,,'',1,2800,,'',2,2700,,'',2,6800,,'',1,3000,,'',1,7000,,'',2,3000,,'',2,7300,,'',1,7300,,'',1,3300,,'',2,7200,,'',1,3200,,'',1,7200,,'',2,3100,,'',1,6900,,'',2,2900,,'',1
'23J-H60J000I-80-I',6801,64400,4,'',1,7600,4,'',2,3600,4,'',1,7600,4,'',1,7300,4,'',2,2700,4,'',1,2600,4,'',1,7000,4,'',1,7300,4,'',2,3100,4,'',1,7000,4,'',1,3000,4,'',1,6900,4,'',2,3000,4,'',1,6900,4,'',1,2900,4,'',1,3000,4,'',2,7000,4,'',1,2900,4,'',1,7000,4,'',1,3000,4,'',2,6900,4,'',1,2900,4,'',1,7000,4,'',2,3100,4,'',2,7000,4,'',1,3000,4,'',1,7300,4,'',2,7200,4,'',2,3200,4,'',1,7300,4,'',1,3200,4,'',1,6800,4,'',2,2800,4,'',1,6800,4,'',2,2800,4,'',1,7000,4,'',1,2500,4,'',1
'23J-H60J000I-80-I',6802,51500,,'',1,2700,,'',2,7400,,'',1,3700,,'',1,7700,,'',2,7700,,'',1,3700,,'',1,7700,,'',2,3700,,'',1,7700,,'',1,7300,,'',2,3200,,'',1,7200,,'',1,3100,,'',1,7000,,'',2,3000,,'',1,7000,,'',1,3000,,'',1,7000,,'',2,3000,,'',1,7000,,'',1,3000,,'',2,7000,,'',2,3000,,'',1,6900,,'',1,2900,,'',2,6900,,'',2,2900,,'',1,6800,,'',1,2800,,'',2,6800,,'',1,2800,,'',2,2800,,'',1,6900,,'',2,2800,,'',1,7300,,'',1,7300,,'',2,3300,,'',1,7200,,'',1
'23J-H60J000S-82-S',6801,52900,4,'',1,3000,4,'',1,7100,4,'',2,7500,4,'',1,4000,4,'',1,7900,4,'',1,3300,4,'',2,6400,4,'',1,2900,4,'',2,5700,4,'',2,2900,4,'',1,6900,4,'',1,2900,4,'',2,6900,4,'',2,2900,4,'',1,7000,4,'',1,2900,4,'',2,6900,4,'',2,2900,4,'',1,2900,4,'',1,7700,4,'',2,7400,4,'',2,2800,4,'',1,7200,4,'',1,2700,4,'',1,6800,4,'',2,2800,4,'',2,6800,4,'',1,2700,4,'',1,2400,4,'',1,6600,4,'',2,2500,4,'',2,7100,4,'',1,2800,4,'',1,6900,4,'',2,2700,4,'',2,6700,4,'',1,2700,4,'',1,6900,4,'',2,3000,4,'',1,7600,4,'',1,3100,4,'',1
'23J-H60J000S-82-S',6802,52000,,'',2,2000,,'',1,6800,,'',1,2800,,'',2,6400,,'',1,3200,,'',2,7200,,'',1,2700,,'',1,2500,,'',2,6400,,'',1,2700,,'',2,6700,,'',2,2900,,'',1,6900,,'',1,2900,,'',2,6900,,'',2,2900,,'',1,7000,,'',1,2900,,'',2,6900,,'',2,3100,,'',1,2100,,'',1,6100,,'',1,2500,,'',2,7200,,'',2,3000,,'',1,6900,,'',1,2800,,'',1,6800,,'',2,2700,,'',2,6700,,'',1,2700,,'',1,2500,,'',1,6600,,'',2,2600,,'',2,6900,,'',1,2900,,'',1,6900,,'',2,3400,,'',1,7900,,'',1,7100,,'',1,3500,,'',1,7600,,'',1
'23J-H60JV00A-81-A',6801,64700,4,'',2,7300,4,'',1,3300,4,'',1,7500,4,'',2,7300,4,'',2,3400,4,'',1,7400,4,'',1,3000,4,'',2,7100,4,'',2,3000,4,'',1,7000,4,'',1,2900,4,'',2,6900,4,'',2,3000,4,'',1,7000,4,'',1,3000,4,'',2,7000,4,'',2,3000,4,'',1,7000,4,'',1,2900,4,'',2,6800,4,'',2,2600,4,'',1,2700,4,'',1,6800,4,'',2,2600,4,'',2,6600,4,'',1,3200,4,'',1,7100,4,'',2,3100,4,'',2,7300,4,'',1,3300,4,'',1,7300,4,'',2,7300,4,'',1,3200,4,'',1,7200,4,'',2,3100,4,'',1,6200,4,'',2,2200,4,'',1
'23J-H60JV00A-81-A',6802,51500,,'',2,3300,,'',1,7300,,'',2,3300,,'',2,7300,,'',1,7400,,'',1,3400,,'',2,7300,,'',2,3300,,'',1,7300,,'',1,3000,,'',2,7100,,'',2,3000,,'',1,7000,,'',1,2900,,'',2,7000,,'',2,3000,,'',1,7000,,'',1,3000,,'',2,6900,,'',2,3000,,'',1,7000,,'',1,2900,,'',2,6800,,'',2,2600,,'',1,6700,,'',1,2800,,'',2,2700,,'',2,6800,,'',1,3000,,'',1,7000,,'',2,3000,,'',2,7300,,'',1,7300,,'',1,3300,,'',2,7200,,'',1,3200,,'',1,7200,,'',2,3100,,'',1,6900,,'',2,2900,,'',1
'23J-H60JV00I-81-I',6801,64400,4,'',1,7600,4,'',2,3600,4,'',1,7600,4,'',1,7300,4,'',2,2700,4,'',1,2600,4,'',1,7000,4,'',1,7300,4,'',2,3100,4,'',1,7000,4,'',1,3000,4,'',1,6900,4,'',2,3000,4,'',1,6900,4,'',1,2900,4,'',1,3000,4,'',2,7000,4,'',1,2900,4,'',1,7000,4,'',1,3000,4,'',2,6900,4,'',1,2900,4,'',1,7000,4,'',2,3100,4,'',2,7000,4,'',1,3000,4,'',1,7300,4,'',2,7200,4,'',2,3200,4,'',1,7300,4,'',1,3200,4,'',1,6800,4,'',2,2800,4,'',1,6800,4,'',2,2800,4,'',1,7000,4,'',1,2500,4,'',1
'23J-H60JV00I-81-I',6802,51500,,'',1,2700,,'',2,7400,,'',1,3700,,'',1,7700,,'',2,7700,,'',1,3700,,'',1,7700,,'',2,3700,,'',1,7700,,'',1,7300,,'',2,3200,,'',1,7200,,'',1,3100,,'',1,7000,,'',2,3000,,'',1,7000,,'',1,3000,,'',1,7000,,'',2,3000,,'',1,7000,,'',1,3000,,'',2,7000,,'',2,3000,,'',1,6900,,'',1,2900,,'',2,6900,,'',2,2900,,'',1,6800,,'',1,2800,,'',2,6800,,'',1,2800,,'',2,2800,,'',1,6900,,'',2,2800,,'',1,7300,,'',1,7300,,'',2,3300,,'',1,7200,,'',1
'23J-H60JV00S-85-S',6801,52900,4,'',1,3000,4,'',1,7100,4,'',2,7500,4,'',1,4000,4,'',1,7900,4,'',1,3300,4,'',2,6400,4,'',1,2900,4,'',2,5700,4,'',2,2900,4,'',1,6900,4,'',1,2900,4,'',2,6900,4,'',2,2900,4,'',1,7000,4,'',1,2900,4,'',2,6900,4,'',2,2900,4,'',1,2900,4,'',1,7700,4,'',2,7400,4,'',2,2800,4,'',1,7200,4,'',1,2700,4,'',1,6800,4,'',2,2800,4,'',2,6800,4,'',1,2700,4,'',1,2400,4,'',1,6600,4,'',2,2500,4,'',2,7100,4,'',1,2800,4,'',1,6900,4,'',2,2700,4,'',2,6700,4,'',1,2700,4,'',1,6900,4,'',2,3000,4,'',1,7600,4,'',1,3100,4,'',1
'23J-H60JV00S-85-S',6802,52000,,'',2,2000,,'',1,6800,,'',1,2800,,'',2,6400,,'',1,3200,,'',2,7200,,'',1,2700,,'',1,2500,,'',2,6400,,'',1,2700,,'',2,6700,,'',2,2900,,'',1,6900,,'',1,2900,,'',2,6900,,'',2,2900,,'',1,7000,,'',1,2900,,'',2,6900,,'',2,3100,,'',1,2100,,'',1,6100,,'',1,2500,,'',2,7200,,'',2,3000,,'',1,6900,,'',1,2800,,'',1,6800,,'',2,2700,,'',2,6700,,'',1,2700,,'',1,2500,,'',1,6600,,'',2,2600,,'',2,6900,,'',1,2900,,'',1,6900,,'',2,3400,,'',1,7900,,'',1,7100,,'',1,3500,,'',1,7600,,'',1
'23J-H60J000A-80-A',38202,260600,,'',1,4400,,'',1,8500,,'',1,8500,,'',2
'23J-H60J000I-80-I',38202,260500,,'',2,4500,,'',1,8500,,'',1,8500,,'',1
'23J-H60J000S-82-S',38202,260640,,'',1,4500,,'',2,8500,,'',1,8500,,'',1
'23J-H60JV00A-81-A',38202,260600,,'',1,4400,,'',1,8500,,'',1,8500,,'',2
'23J-H60JV00I-81-I',38202,260500,,'',2,4500,,'',1,8500,,'',1,8500,,'',1
'23J-H60JV00S-85-S',38202,260640,,'',1,4500,,'',2,8500,,'',1,8500,,'',1
'23J-H60J000S-82-S',46802,62700,,'',2,2700,,'',2,6900,,'',2,2600,,'',2,6400,,'',2,2700,,'',2,6600,,'',2,2700,,'',2,6800,,'',2,2800,,'',2,2700,,'',2,6700,,'',2,2800,,'',2,6800,,'',2,2800,,'',2,6900,,'',2,3000,,'',2,7000,,'',2,2000,,'',2,2100,,'',2,6100,,'',2,2000,,'',2,1800,,'',2,5700,,'',2,1900,,'',2,1900,,'',2,6900,,'',2,2900,,'',2,6900,,'',2,2800,,'',2,5600,,'',2
'23J-H60JV00S-85-S',46802,62700,,'',2,2700,,'',2,6900,,'',2,2600,,'',2,6400,,'',2,2700,,'',2,6600,,'',2,2700,,'',2,6800,,'',2,2800,,'',2,2700,,'',2,6700,,'',2,2800,,'',2,6800,,'',2,2800,,'',2,6900,,'',2,3000,,'',2,7000,,'',2,2000,,'',2,2100,,'',2,6100,,'',2,2000,,'',2,1800,,'',2,5700,,'',2,1900,,'',2,1900,,'',2,6900,,'',2,2900,,'',2,6900,,'',2,2800,,'',2,5600,,'',2
