'23N-H56N200F-82-F2',12303,55000,,'',1,7100,,'',2,3100,,'',1,7100,,'',2,3100,,'',1,7100,,'',2,3100,,'',1,7200,,'',2,7500,,'',1,3500,,'',2,7500,,'',1,3500,,'',2,7500,,'',1,3500,,'',2,7500,,'',1,7500,,'',2,3500,,'',1,7500,,'',2,3500,,'',1,7500,,'',2,7500,,'',1,3500,,'',2,7500,,'',1,3400,,'',2,7400,,'',1,3400,,'',2,7400,,'',1,7400,,'',2,3400,,'',1,7200,,'',2,3200,,'',1,7200,,'',1,3100,,'',1,7200,,'',1
'23N-H56N200F-82-F2',12304,61500,4,'',2,3100,4,'',1,7100,4,'',2,3100,4,'',1,7100,4,'',2,3100,4,'',1,7100,4,'',2,3600,4,'',1,7500,4,'',2,7500,4,'',1,3500,4,'',2,7500,4,'',1,3500,4,'',2,7500,4,'',1,7500,4,'',2,3500,4,'',1,7500,4,'',2,3500,4,'',1,7500,4,'',2,3500,4,'',1,7500,4,'',2,7500,4,'',1,3400,4,'',2,7400,4,'',1,3400,4,'',2,7400,4,'',1,3400,4,'',2,7400,4,'',1,6900,4,'',2,3400,4,'',1,7200,4,'',2,3200,4,'',1,7200,4,'',1,3100,4,'',1,7100,4,'',1
'23N-H56N300F-82-F3',12303,55000,,'',1,7100,,'',2,3100,,'',1,7100,,'',2,3100,,'',1,7100,,'',2,3100,,'',1,7200,,'',2,7500,,'',1,3500,,'',2,7500,,'',1,3500,,'',2,7500,,'',1,3500,,'',2,7500,,'',1,7500,,'',2,3500,,'',1,7500,,'',2,3500,,'',1,7500,,'',2,7500,,'',1,3500,,'',2,7500,,'',1,3400,,'',2,7400,,'',1,3400,,'',2,7400,,'',1,7400,,'',2,3400,,'',1,7200,,'',2,3200,,'',1,7200,,'',1,3100,,'',1,7200,,'',1
'23N-H56N300F-82-F3',12304,61500,4,'',2,3100,4,'',1,7100,4,'',2,3100,4,'',1,7100,4,'',2,3100,4,'',1,7100,4,'',2,3600,4,'',1,7500,4,'',2,7500,4,'',1,3500,4,'',2,7500,4,'',1,3500,4,'',2,7500,4,'',1,7500,4,'',2,3500,4,'',1,7500,4,'',2,3500,4,'',1,7500,4,'',2,3500,4,'',1,7500,4,'',2,7500,4,'',1,3400,4,'',2,7400,4,'',1,3400,4,'',2,7400,4,'',1,3400,4,'',2,7400,4,'',1,6900,4,'',2,3400,4,'',1,7200,4,'',2,3200,4,'',1,7200,4,'',1,3100,4,'',1,7100,4,'',1
'23N-H56N400F-82-F4',12303,55000,,'',1,7100,,'',2,3100,,'',1,7100,,'',2,3100,,'',1,7100,,'',2,3100,,'',1,7200,,'',2,7500,,'',1,3500,,'',2,7500,,'',1,3500,,'',2,7500,,'',1,3500,,'',2,7500,,'',1,7500,,'',2,3500,,'',1,7500,,'',2,3500,,'',1,7500,,'',2,7500,,'',1,3500,,'',2,7500,,'',1,3400,,'',2,7400,,'',1,3400,,'',2,7400,,'',1,7400,,'',2,3400,,'',1,7200,,'',2,3200,,'',1,7200,,'',1,3100,,'',1,7200,,'',1
'23N-H56N400F-82-F4',12304,61500,4,'',2,3100,4,'',1,7100,4,'',2,3100,4,'',1,7100,4,'',2,3100,4,'',1,7100,4,'',2,3600,4,'',1,7500,4,'',2,7500,4,'',1,3500,4,'',2,7500,4,'',1,3500,4,'',2,7500,4,'',1,7500,4,'',2,3500,4,'',1,7500,4,'',2,3500,4,'',1,7500,4,'',2,3500,4,'',1,7500,4,'',2,7500,4,'',1,3400,4,'',2,7400,4,'',1,3400,4,'',2,7400,4,'',1,3400,4,'',2,7400,4,'',1,6900,4,'',2,3400,4,'',1,7200,4,'',2,3200,4,'',1,7200,4,'',1,3100,4,'',1,7100,4,'',1
'23N-H56NV10A-82-A',12303,55000,,'',2,7200,,'',1,3100,,'',2,7000,,'',1,3000,,'',2,7000,,'',1,3100,,'',2,7200,,'',1,3300,,'',2,7300,,'',1,7300,,'',1,3200,,'',2,7000,,'',1,2900,,'',1,7000,,'',2,3000,,'',1,7000,,'',1,3000,,'',2,7000,,'',1,3000,,'',1,7000,,'',2,3000,,'',1,7200,,'',1,3000,,'',2,6700,,'',1,2500,,'',1,2400,,'',2,6200,,'',1,2100,,'',1,2200,,'',2,6300,,'',1,2300,,'',1,7100,,'',2,3100,,'',1,7100,,'',2,3100,,'',1,7100,,'',2,3200,,'',1
'23N-H56NV10A-82-A',12304,61600,4,'',1,3100,4,'',2,7100,4,'',1,3100,4,'',2,7100,4,'',1,3000,4,'',2,7300,4,'',1,3200,4,'',2,7200,4,'',1,3100,4,'',1,7000,4,'',2,3000,4,'',1,6900,4,'',1,3000,4,'',2,7000,4,'',1,3000,4,'',1,7000,4,'',2,3000,4,'',1,7100,4,'',1,3000,4,'',2,6900,4,'',1,2900,4,'',1,6800,4,'',2,2900,4,'',1,6600,4,'',1,2600,4,'',2,6500,4,'',1,2300,4,'',1,2300,4,'',2,6300,4,'',1,2300,4,'',1,7000,4,'',2,3200,4,'',1,7100,4,'',2,3100,4,'',1,7000,4,'',2,3100,4,'',1,7100,4,'',2,3200,4,'',1
'23N-H56NV10I-82-I',12303,55000,,'',1,7100,,'',2,3100,,'',1,7100,,'',2,3100,,'',1,7100,,'',2,3100,,'',1,7200,,'',2,7500,,'',1,3500,,'',2,7500,,'',1,3500,,'',2,7500,,'',1,3500,,'',2,7500,,'',1,7500,,'',2,3500,,'',1,7500,,'',2,3500,,'',1,7500,,'',2,7500,,'',1,3500,,'',2,7500,,'',1,3400,,'',2,7400,,'',1,3400,,'',2,7400,,'',1,7400,,'',2,3400,,'',1,7200,,'',2,3200,,'',1,7200,,'',1,3100,,'',1,7200,,'',1
'23N-H56NV10I-82-I',12304,61500,4,'',2,3100,4,'',1,7100,4,'',2,3100,4,'',1,7100,4,'',2,3100,4,'',1,7100,4,'',2,3600,4,'',1,7500,4,'',2,7500,4,'',1,3500,4,'',2,7500,4,'',1,3500,4,'',2,7500,4,'',1,7500,4,'',2,3500,4,'',1,7500,4,'',2,3500,4,'',1,7500,4,'',2,3500,4,'',1,7500,4,'',2,7500,4,'',1,3400,4,'',2,7400,4,'',1,3400,4,'',2,7400,4,'',1,3400,4,'',2,7400,4,'',1,6900,4,'',2,3400,4,'',1,7200,4,'',2,3200,4,'',1,7200,4,'',1,3100,4,'',1,7100,4,'',1
'23N-H56NV10S-83-S',12303,53000,,'',2,7100,,'',2,2900,,'',2,2600,,'',2,6600,,'',2,2600,,'',2,6400,,'',2,2300,,'',2,2300,,'',2,6400,,'',2,2400,,'',2,6300,,'',1,2200,,'',1,2300,,'',2,6200,,'',1,2300,,'',2,6500,,'',1,2400,,'',2,2300,,'',2,6400,,'',1,2400,,'',2,6500,,'',2,2500,,'',1,2400,,'',2,6700,,'',2,2800,,'',1,6900,,'',2,2800,,'',2,6700,,'',1,2700,,'',2,6800,,'',2,2500,,'',1,2600,,'',2,6500,,'',2,3100,,'',1,7100,,'',2,3100,,'',1,7000,,'',2,3100,,'',1,7000,,'',2,3100,,'',1,7200,,'',2,7300,,'',1
'23N-H56NV10S-83-S',12304,55800,4,'',2,6600,4,'',2,2300,4,'',2,6600,4,'',2,3100,4,'',2,7300,4,'',2,3100,4,'',2,6800,4,'',2,2700,4,'',2,6900,4,'',2,3000,4,'',2,7100,4,'',1,3000,4,'',1,7000,4,'',2,3200,4,'',2,6600,4,'',1,2400,4,'',2,6500,4,'',2,2500,4,'',1,2400,4,'',2,6700,4,'',2,2600,4,'',1,7000,4,'',2,2900,4,'',2,6600,4,'',1,2800,4,'',2,6800,4,'',2,2400,4,'',1,2700,4,'',2,6600,4,'',2,3000,4,'',1,7200,4,'',2,3100,4,'',1,7000,4,'',2,3100,4,'',1,7000,4,'',2,3100,4,'',1,7000,4,'',2,3100,4,'',1,7200,4,'',2,3000,4,'',1
