'23U-H58U000A-00-A',19701,52700,4,'',2,3000,4,'',2,7200,4,'',2,7400,4,'',1,3100,4,'',2,6900,4,'',2,3100,4,'',1,7100,4,'',2,3000,4,'',2,6900,4,'',1,2800,4,'',2,7100,4,'',2,3100,4,'',1,7100,4,'',1,3000,4,'',2,2100,4,'',1,6000,4,'',2,2000,4,'',1,2000,4,'',2,6100,4,'',1,2000,4,'',2,2000,4,'',1,6000,4,'',2,2100,4,'',1,2000,4,'',2,6000,4,'',1,2000,4,'',2,2100,4,'',1,6000,4,'',2,1800,4,'',1,2000,4,'',2,5900,4,'',1,2000,4,'',1,1900,4,'',2,5900,4,'',2,2600,4,'',1,6500,4,'',1,2500,4,'',2,2600,4,'',1,6800,4,'',1,2900,4,'',2,6800,4,'',1,2800,4,'',1,6800,4,'',2,2700,4,'',1,6300,4,'',1,3100,4,'',1,7000,4,'',1,3100,4,'',1,7100,4,'',1
'23U-H58U000A-00-A',19702,53000,,'',2,7000,,'',2,3300,,'',2,7300,,'',1,3300,,'',2,7100,,'',2,3000,,'',1,7000,,'',2,2900,,'',2,6900,,'',1,2300,,'',1,2300,,'',2,6300,,'',2,2100,,'',1,2100,,'',2,6000,,'',1,2000,,'',2,6100,,'',1,2000,,'',2,2000,,'',1,6000,,'',2,2100,,'',1,2000,,'',2,6000,,'',1,2000,,'',2,2100,,'',1,6000,,'',2,2000,,'',1,2000,,'',2,6500,,'',1,2700,,'',2,6700,,'',2,2600,,'',1,2600,,'',1,6600,,'',2,2700,,'',1,6800,,'',1,2800,,'',2,6700,,'',1,2700,,'',1,6700,,'',2,3000,,'',1,6900,,'',1,3200,,'',2,6900,,'',1,3800,,'',1,7400,,'',1
'23U-H58U000I-00-I',19701,52700,4,'',1,3000,4,'',2,7000,4,'',1,3200,4,'',2,7300,4,'',1,7200,4,'',2,3400,4,'',1,6900,4,'',2,3400,4,'',2,7100,4,'',1,3000,4,'',2,7000,4,'',2,3000,4,'',1,7300,4,'',2,3200,4,'',2,7200,4,'',1,3100,4,'',2,6800,4,'',2,2800,4,'',1,6800,4,'',2,2800,4,'',2,6800,4,'',1,2700,4,'',2,6800,4,'',2,2200,4,'',1,1900,4,'',1,6000,4,'',2,2700,4,'',2,2600,4,'',1,6700,4,'',2,2500,4,'',2,6800,4,'',1,2800,4,'',2,6700,4,'',2,2800,4,'',1,6800,4,'',2,2700,4,'',2,6700,4,'',2,3300,4,'',1,7300,4,'',2,3300,4,'',1,7300,4,'',2,2300,4,'',1
'23U-H58U000I-00-I',19702,53000,,'',1,7000,,'',2,3000,,'',1,7200,,'',2,3300,,'',1,7300,,'',2,3300,,'',1,7200,,'',2,3200,,'',2,7100,,'',1,3000,,'',2,7000,,'',2,3000,,'',1,6900,,'',2,1900,,'',2,1900,,'',2,5900,,'',2,2000,,'',1,2500,,'',2,6700,,'',2,2700,,'',1,6700,,'',2,2800,,'',2,6800,,'',1,2900,,'',2,7000,,'',2,2900,,'',1,7000,,'',2,2900,,'',2,6800,,'',1,2800,,'',2,6800,,'',2,2900,,'',1,7000,,'',2,3000,,'',2,7300,,'',1,3300,,'',2,6700,,'',2,3300,,'',1,7300,,'',2,3300,,'',1
'23U-H58U000S-80-S',19701,53200,4,'',2,7300,4,'',1,3100,4,'',1,7100,4,'',2,2800,4,'',1,6900,4,'',2,2700,4,'',1,2600,4,'',2,6900,4,'',1,3100,4,'',1,6900,4,'',1,3000,4,'',1,6800,4,'',2,3000,4,'',1,6900,4,'',2,3100,4,'',1,7000,4,'',2,3000,4,'',2,6900,4,'',2,2500,4,'',1,6500,4,'',1,2600,4,'',2,6500,4,'',2,2100,4,'',1,1300,4,'',2,1200,4,'',1,5000,4,'',2,1200,4,'',1,1100,4,'',2,1100,4,'',2,900,4,'',2,800,4,'',2,700,4,'',2,4800,4,'',1,900,4,'',2,1400,4,'',2,1200,4,'',1,1100,4,'',1,5100,4,'',1,1300,4,'',2,1500,4,'',1,1500,4,'',2,5600,4,'',1,1800,4,'',1,2500,4,'',2,6400,4,'',2,2900,4,'',1,7000,4,'',2,3000,4,'',2,7000,4,'',1,3000,4,'',2,7200,4,'',2,2200,4,'',1,2300,4,'',1,6700,4,'',2,2700,4,'',1
'23U-H58U000S-80-S',19702,45700,,'',1,6100,,'',1,2000,,'',2,1600,,'',2,5600,,'',1,1400,,'',2,1000,,'',2,1000,,'',1,800,,'',2,5000,,'',1,1000,,'',2,1200,,'',2,1100,,'',2,1100,,'',1,1100,,'',1,5100,,'',2,1000,,'',1,1200,,'',2,1900,,'',1,6000,,'',2,2100,,'',1,2100,,'',2,6000,,'',1,2000,,'',1,1900,,'',2,6000,,'',1,2000,,'',2,2000,,'',2,6000,,'',2,2000,,'',2,2000,,'',2,6000,,'',1,2000,,'',1,1900,,'',2,6000,,'',2,2400,,'',2,2500,,'',1,6500,,'',1,2700,,'',2,6800,,'',2,2900,,'',2,7000,,'',1,3100,,'',2,7100,,'',2,3100,,'',1,7000,,'',2,3000,,'',2,7000,,'',1,3000,,'',2,7200,,'',2,3100,,'',1,7100,,'',2,3200,,'',2,7600,,'',1,7600,,'',2,3700,,'',2
'23U-H58U100F-00-F1',19701,52700,4,'',2,3000,4,'',2,7200,4,'',2,7400,4,'',1,3100,4,'',2,6900,4,'',2,3100,4,'',1,7100,4,'',2,3000,4,'',2,6900,4,'',1,2800,4,'',2,7100,4,'',2,3100,4,'',1,7100,4,'',1,3000,4,'',2,2100,4,'',1,6000,4,'',2,2000,4,'',1,2000,4,'',2,6100,4,'',1,2000,4,'',2,2000,4,'',1,6000,4,'',2,2100,4,'',1,2000,4,'',2,6000,4,'',1,2000,4,'',2,2100,4,'',1,6000,4,'',2,1800,4,'',1,2000,4,'',2,5900,4,'',1,2000,4,'',1,1900,4,'',2,5900,4,'',2,2600,4,'',1,6500,4,'',1,2500,4,'',2,2600,4,'',1,6800,4,'',1,2900,4,'',2,6800,4,'',1,2800,4,'',1,6800,4,'',2,2700,4,'',1,6300,4,'',1,3100,4,'',1,7000,4,'',1,3100,4,'',1,7100,4,'',1
'23U-H58U100F-00-F1',19702,53000,,'',2,7000,,'',2,3300,,'',2,7300,,'',1,3300,,'',2,7100,,'',2,3000,,'',1,7000,,'',2,2900,,'',2,6900,,'',1,2300,,'',1,2300,,'',2,6300,,'',2,2100,,'',1,2100,,'',2,6000,,'',1,2000,,'',2,6100,,'',1,2000,,'',2,2000,,'',1,6000,,'',2,2100,,'',1,2000,,'',2,6000,,'',1,2000,,'',2,2100,,'',1,6000,,'',2,2000,,'',1,2000,,'',2,6500,,'',1,2700,,'',2,6700,,'',2,2600,,'',1,2600,,'',1,6600,,'',2,2700,,'',1,6800,,'',1,2800,,'',2,6700,,'',1,2700,,'',1,6700,,'',2,3000,,'',1,6900,,'',1,3200,,'',2,6900,,'',1,3800,,'',1,7400,,'',1
'23U-H58U200F-00-F2',19701,52700,4,'',2,3000,4,'',2,7200,4,'',2,7400,4,'',1,3100,4,'',2,6900,4,'',2,3100,4,'',1,7100,4,'',2,3000,4,'',2,6900,4,'',1,2800,4,'',2,7100,4,'',2,3100,4,'',1,7100,4,'',1,3000,4,'',2,2100,4,'',1,6000,4,'',2,2000,4,'',1,2000,4,'',2,6100,4,'',1,2000,4,'',2,2000,4,'',1,6000,4,'',2,2100,4,'',1,2000,4,'',2,6000,4,'',1,2000,4,'',2,2100,4,'',1,6000,4,'',2,1800,4,'',1,2000,4,'',2,5900,4,'',1,2000,4,'',1,1900,4,'',2,5900,4,'',2,2600,4,'',1,6500,4,'',1,2500,4,'',2,2600,4,'',1,6800,4,'',1,2900,4,'',2,6800,4,'',1,2800,4,'',1,6800,4,'',2,2700,4,'',1,6300,4,'',1,3100,4,'',1,7000,4,'',1,3100,4,'',1,7100,4,'',1
'23U-H58U200F-00-F2',19702,53000,,'',2,7000,,'',2,3300,,'',2,7300,,'',1,3300,,'',2,7100,,'',2,3000,,'',1,7000,,'',2,2900,,'',2,6900,,'',1,2300,,'',1,2300,,'',2,6300,,'',2,2100,,'',1,2100,,'',2,6000,,'',1,2000,,'',2,6100,,'',1,2000,,'',2,2000,,'',1,6000,,'',2,2100,,'',1,2000,,'',2,6000,,'',1,2000,,'',2,2100,,'',1,6000,,'',2,2000,,'',1,2000,,'',2,6500,,'',1,2700,,'',2,6700,,'',2,2600,,'',1,2600,,'',1,6600,,'',2,2700,,'',1,6800,,'',1,2800,,'',2,6700,,'',1,2700,,'',1,6700,,'',2,3000,,'',1,6900,,'',1,3200,,'',2,6900,,'',1,3800,,'',1,7400,,'',1
