'23S-H60S000A-80-A',96801,71000,,'',2,10000,,'',1,10000,,'',2,10000,,'',1,10000,,'',2,10000,,'',1,10000,,'',2,10000,,'',1,10000,,'',2,10000,,'',1,10000,,'',2,10000,,'',1,10000,,'',1,10000,,'',1,10000,,'',1,10000,,'',1,10000,,'',1,10500,,'',1
'23S-H60S000A-80-A',96802,73100,4,'',1,10000,4,'',2,10000,4,'',1,10000,4,'',2,10000,4,'',1,10000,4,'',2,10000,4,'',1,10000,4,'',2,10000,4,'',1,10100,4,'',2,10000,4,'',1,9800,4,'',1,10000,4,'',1,10000,4,'',1,10500,4,'',1,10500,4,'',1,10500,4,'',1,10500,4,'',1
'23S-H60S000I-80-I',96801,81000,,'',2,10000,,'',1,10000,,'',2,10000,,'',1,10000,,'',2,10000,,'',1,10000,,'',2,10000,,'',1,10000,,'',2,10000,,'',1,10000,,'',1,10000,,'',1,10000,,'',1,10000,,'',1,10000,,'',1,10000,,'',1,10500,,'',1
'23S-H60S000I-80-I',96802,83600,4,'',1,10000,4,'',2,10000,4,'',1,10000,4,'',2,10000,4,'',1,10000,4,'',2,10000,4,'',1,10000,4,'',2,10100,4,'',1,10000,4,'',2,9800,4,'',1,10000,4,'',1,10000,4,'',1,10000,4,'',1,10500,4,'',1,10500,4,'',1,10500,4,'',1
'23S-H60S000S-81-S',96801,51500,,'',1,9500,,'',2,1000,,'',2,1000,,'',2,1000,,'',1,1000,,'',2,5000,,'',2,1000,,'',2,1000,,'',1,1000,,'',2,1000,,'',2,1000,,'',2,5000,,'',1,1000,,'',2,1000,,'',2,1000,,'',2,1000,,'',1,1000,,'',2,5000,,'',2,1000,,'',2,1500,,'',1,10000,,'',2,10000,,'',1,10000,,'',2,10000,,'',1,10000,,'',2,10000,,'',1,10000,,'',2,10000,,'',1,10000,,'',2,10000,,'',1,10000,,'',1,10000,,'',1,10000,,'',1,10000,,'',1,10500,,'',1
'23S-H60S000S-81-S',96802,63600,4,'',1,10000,4,'',2,10000,4,'',1,10000,4,'',2,10000,4,'',1,10000,4,'',2,10000,4,'',1,10000,4,'',2,10000,4,'',1,7000,4,'',2,1500,4,'',1,1500,4,'',2,1600,4,'',2,5500,4,'',1,1000,4,'',2,1000,4,'',2,1000,4,'',1,1000,4,'',2,1000,4,'',2,5000,4,'',2,1000,4,'',1,1000,4,'',2,1000,4,'',2,900,4,'',1,800,4,'',2,5100,4,'',2,1000,4,'',2,1000,4,'',2,1000,4,'',1,1000,4,'',2,1000,4,'',2,5000,4,'',2,1500,4,'',1,1500,4,'',2,7000,4,'',1,10000,4,'',1,10000,4,'',1,10000,4,'',1,10000,4,'',1,10000,4,'',1
'23S-H60S100F-80-F1',96801,81000,,'',1,10000,,'',2,10000,,'',1,10000,,'',2,10000,,'',1,10000,,'',2,10000,,'',1,10000,,'',2,10000,,'',1,10000,,'',2,10000,,'',1,10000,,'',1,10000,,'',1,10000,,'',1,10000,,'',1,10000,,'',1,10500,,'',1
'23S-H60S100F-80-F1',96802,83600,4,'',2,10000,4,'',1,10000,4,'',2,10000,4,'',1,10000,4,'',2,10000,4,'',1,10000,4,'',2,10000,4,'',1,10100,4,'',2,10000,4,'',1,9800,4,'',1,10000,4,'',1,10000,4,'',1,10000,4,'',1,10500,4,'',1,10500,4,'',1,10500,4,'',1
'23S-H60S200F-80-F2',96801,81000,,'',1,10000,,'',2,10000,,'',1,10000,,'',2,10000,,'',1,10000,,'',2,10000,,'',1,10000,,'',2,10000,,'',1,10000,,'',2,10000,,'',1,10000,,'',1,10000,,'',1,10000,,'',1,10000,,'',1,10000,,'',1,10500,,'',1
'23S-H60S200F-80-F2',96802,83600,4,'',2,10000,4,'',1,10000,4,'',2,10000,4,'',1,10000,4,'',2,10000,4,'',1,10000,4,'',2,10000,4,'',1,10100,4,'',2,10000,4,'',1,9800,4,'',1,10000,4,'',1,10000,4,'',1,10000,4,'',1,10500,4,'',1,10500,4,'',1,10500,4,'',1
