'23J-H60J000A-80-A',20501,55300,4,'',2,7100,4,'',2,3100,4,'',2,7200,4,'',2,3200,4,'',2,7000,4,'',2,7100,4,'',2,3100,4,'',2,7100,4,'',2,3100,4,'',2,7100,4,'',2,3300,4,'',2,7900,4,'',2,3600,4,'',2,7600,4,'',2,7600,4,'',2,3500,4,'',2,7600,4,'',2,3400,4,'',2,6100,4,'',2,2000,4,'',2,7500,4,'',2,3500,4,'',2,7500,4,'',2,3300,4,'',2,7300,4,'',2,3300,4,'',2,7300,4,'',2,7300,4,'',2,3500,4,'',2,7300,4,'',2,3500,4,'',2,7400,4,'',2,3300,4,'',2,7400,4,'',2
'23J-H60J000A-80-A',20502,50000,,'',2,3000,,'',2,7000,,'',2,3000,,'',2,7000,,'',2,3100,,'',2,7100,,'',2,3000,,'',2,7100,,'',2,3100,,'',2,7100,,'',2,3100,,'',2,7500,,'',2,3500,,'',2,7600,,'',2,3600,,'',2,7600,,'',2,7600,,'',2,3500,,'',2,7600,,'',2,3600,,'',2,7600,,'',2,7600,,'',2,3600,,'',2,7600,,'',2,3500,,'',2,7300,,'',2,7300,,'',2,3300,,'',2,7300,,'',2,3300,,'',2,7200,,'',2,3600,,'',2,7500,,'',2,7600,,'',2
'23J-H60J000I-80-I',20501,70700,4,'',2,3100,4,'',2,7100,4,'',2,3200,4,'',2,7000,4,'',2,3000,4,'',2,7200,4,'',2,3100,4,'',2,7200,4,'',2,3200,4,'',2,7500,4,'',2,3600,4,'',2,7600,4,'',2,7600,4,'',2,3600,4,'',2,7600,4,'',2,3600,4,'',2,7600,4,'',2,7600,4,'',2,3600,4,'',2,7500,4,'',2,3500,4,'',2,7400,4,'',2,7400,4,'',2,3200,4,'',2,7200,4,'',2,3300,4,'',2,7300,4,'',2,3300,4,'',2,7300,4,'',2,3300,4,'',2,7200,4,'',2
'23J-H60J000I-80-I',20502,61500,,'',2,3000,,'',2,7000,,'',2,3000,,'',2,7000,,'',2,3000,,'',2,7000,,'',2,3000,,'',2,7100,,'',2,3100,,'',2,7200,,'',2,3400,,'',2,7500,,'',2,7600,,'',2,3600,,'',2,7600,,'',2,3600,,'',2,7600,,'',2,7600,,'',2,3500,,'',2,7600,,'',2,3600,,'',2,7600,,'',2,7500,,'',2,3500,,'',2,7500,,'',2,3400,,'',2,7300,,'',2,3300,,'',2,7300,,'',2,3200,,'',2,7200,,'',2,7100,,'',2
'23J-H60J000S-82-S',20501,52600,4,'',2,3100,4,'',2,7200,4,'',2,8100,4,'',2,3300,4,'',2,7300,4,'',2,3100,4,'',2,6500,4,'',2,2700,4,'',2,6700,4,'',2,2900,4,'',2,7000,4,'',2,3100,4,'',2,7200,4,'',2,3100,4,'',2,7100,4,'',2,3000,4,'',2,7100,4,'',2,2900,4,'',2,7000,4,'',2,3300,4,'',2,7000,4,'',2,2900,4,'',2,6500,4,'',2,2600,4,'',2,2600,4,'',2,6600,4,'',2,2600,4,'',2,6900,4,'',2,3000,4,'',2,6800,4,'',2,3200,4,'',2,7300,4,'',2,3000,4,'',2,7200,4,'',2,3200,4,'',2,7200,4,'',2,3000,4,'',2,7200,4,'',2
'23J-H60J000S-82-S',20502,43000,,'',2,2900,,'',2,7000,,'',2,7100,,'',2,3200,,'',2,6900,,'',2,2900,,'',2,2900,,'',2,6800,,'',2,2800,,'',2,6800,,'',2,2800,,'',2,7000,,'',2,3200,,'',2,7200,,'',2,3300,,'',2,7300,,'',2,7300,,'',2,3300,,'',2,7300,,'',2,3300,,'',2,7300,,'',2,3200,,'',2,6900,,'',2,2900,,'',2,6500,,'',2,2600,,'',2,6600,,'',2,2600,,'',2,2600,,'',2,6900,,'',2,2900,,'',2,6800,,'',2,3200,,'',2,7300,,'',2,3000,,'',2,7200,,'',2,7200,,'',2,3200,,'',2,7100,,'',2
'23J-H60JV00A-81-A',20501,55300,4,'',2,7100,4,'',2,3100,4,'',2,7200,4,'',2,3200,4,'',2,7000,4,'',2,7100,4,'',2,3100,4,'',2,7100,4,'',2,3100,4,'',2,7100,4,'',2,3300,4,'',2,7900,4,'',2,3600,4,'',2,7600,4,'',2,7600,4,'',2,3500,4,'',2,7600,4,'',2,3400,4,'',2,6100,4,'',2,2000,4,'',2,7500,4,'',2,3500,4,'',2,7500,4,'',2,3300,4,'',2,7300,4,'',2,3300,4,'',2,7300,4,'',2,7300,4,'',2,3500,4,'',2,7300,4,'',2,3500,4,'',2,7400,4,'',2,3300,4,'',2,7400,4,'',2
'23J-H60JV00A-81-A',20502,50000,,'',2,3000,,'',2,7000,,'',2,3000,,'',2,7000,,'',2,3100,,'',2,7100,,'',2,3000,,'',2,7100,,'',2,3100,,'',2,7100,,'',2,3100,,'',2,7500,,'',2,3500,,'',2,7600,,'',2,3600,,'',2,7600,,'',2,7600,,'',2,3500,,'',2,7600,,'',2,3600,,'',2,7600,,'',2,7600,,'',2,3600,,'',2,7600,,'',2,3500,,'',2,7300,,'',2,7300,,'',2,3300,,'',2,7300,,'',2,3300,,'',2,7200,,'',2,3600,,'',2,7500,,'',2,7600,,'',2
'23J-H60JV00I-81-I',20501,70700,4,'',2,3100,4,'',2,7100,4,'',2,3200,4,'',2,7000,4,'',2,3000,4,'',2,7200,4,'',2,3100,4,'',2,7200,4,'',2,3200,4,'',2,7500,4,'',2,3600,4,'',2,7600,4,'',2,7600,4,'',2,3600,4,'',2,7600,4,'',2,3600,4,'',2,7600,4,'',2,7600,4,'',2,3600,4,'',2,7500,4,'',2,3500,4,'',2,7400,4,'',2,7400,4,'',2,3200,4,'',2,7200,4,'',2,3300,4,'',2,7300,4,'',2,3300,4,'',2,7300,4,'',2,3300,4,'',2,7200,4,'',2
'23J-H60JV00I-81-I',20502,61500,,'',2,3000,,'',2,7000,,'',2,3000,,'',2,7000,,'',2,3000,,'',2,7000,,'',2,3000,,'',2,7100,,'',2,3100,,'',2,7200,,'',2,3400,,'',2,7500,,'',2,7600,,'',2,3600,,'',2,7600,,'',2,3600,,'',2,7600,,'',2,7600,,'',2,3500,,'',2,7600,,'',2,3600,,'',2,7600,,'',2,7500,,'',2,3500,,'',2,7500,,'',2,3400,,'',2,7300,,'',2,3300,,'',2,7300,,'',2,3200,,'',2,7200,,'',2,7100,,'',2
'23J-H60JV00S-85-S',20501,52600,4,'',2,3100,4,'',2,7200,4,'',2,8100,4,'',2,3300,4,'',2,7300,4,'',2,3100,4,'',2,6500,4,'',2,2700,4,'',2,6700,4,'',2,2900,4,'',2,7000,4,'',2,3100,4,'',2,7200,4,'',2,3100,4,'',2,7100,4,'',2,3000,4,'',2,7100,4,'',2,2900,4,'',2,7000,4,'',2,3300,4,'',2,7000,4,'',2,2900,4,'',2,6500,4,'',2,2600,4,'',2,2600,4,'',2,6600,4,'',2,2600,4,'',2,6900,4,'',2,3000,4,'',2,6800,4,'',2,3200,4,'',2,7300,4,'',2,3000,4,'',2,7200,4,'',2,3200,4,'',2,7200,4,'',2,3000,4,'',2,7200,4,'',2
'23J-H60JV00S-85-S',20502,43000,,'',2,2900,,'',2,7000,,'',2,7100,,'',2,3200,,'',2,6900,,'',2,2900,,'',2,2900,,'',2,6800,,'',2,2800,,'',2,6800,,'',2,2800,,'',2,7000,,'',2,3200,,'',2,7200,,'',2,3300,,'',2,7300,,'',2,7300,,'',2,3300,,'',2,7300,,'',2,3300,,'',2,7300,,'',2,3200,,'',2,6900,,'',2,2900,,'',2,6500,,'',2,2600,,'',2,6600,,'',2,2600,,'',2,2600,,'',2,6900,,'',2,2900,,'',2,6800,,'',2,3200,,'',2,7300,,'',2,3000,,'',2,7200,,'',2,7200,,'',2,3200,,'',2,7100,,'',2
