'23J-H54J000S-80-S',4001,55020,,'',1,7100,,'',2,3700,,'',1,7700,,'',1,8300,,'',1,4100,,'',1,8000,,'',1,8000,,'',1,8100,,'',1,4090,,'',1,8100,,'',1,8000,,'',1,4000,,'',1,8010,,'',1,8000,,'',1,3900,,'',1,6700,,'',1,2100,,'',2,7400,,'',1,3790,,'',1,7800,,'',2,3500,,'',1
'23J-H54JV00S-80-S',4001,55020,,'',1,7100,,'',2,3700,,'',1,7700,,'',1,8300,,'',1,4100,,'',1,8000,,'',1,8000,,'',1,8100,,'',1,4090,,'',1,8100,,'',1,8000,,'',1,4000,,'',1,8010,,'',1,8000,,'',1,3900,,'',1,6700,,'',1,2100,,'',2,7400,,'',1,3790,,'',1,7800,,'',2,3500,,'',1
'23J-H58J000A-01-A',43903,85200,4,'',1,6000,4,'',1,1000,4,'',1,2000,4,'',1,1000,4,'',1,6000,4,'',1,1000,4,'',1,2000,4,'',1,6000,4,'',1,1000,4,'',1,1000,4,'',1,2000,4,'',1,1000,4,'',1,6000,4,'',1,1000,4,'',1,2000,4,'',1,6000,4,'',1,2000,4,'',1,1800,4,'',1,1200,4,'',1,5200,4,'',1,1800,4,'',1,1800,4,'',1,1300,4,'',1,5700,4,'',1,1300,4,'',1,1700,4,'',1,1200,4,'',1,5200,4,'',1,1300,4,'',1,600,4,'',1,1100,4,'',1,1400,4,'',1,5600,4,'',1,1400,4,'',1,2200,4,'',1,1000,4,'',1,5000,4,'',1,1600,4,'',1,1500,4,'',1,1900,4,'',1
'23J-H58J000I-02-I',43903,85200,4,'',1,6000,4,'',1,1000,4,'',1,2000,4,'',1,1000,4,'',1,6000,4,'',1,1000,4,'',1,2000,4,'',1,6000,4,'',1,1000,4,'',1,1000,4,'',1,2000,4,'',1,1000,4,'',1,6000,4,'',1,1000,4,'',1,2000,4,'',1,6000,4,'',1,2000,4,'',1,1800,4,'',1,1200,4,'',1,5200,4,'',1,1800,4,'',1,1800,4,'',1,1300,4,'',1,5700,4,'',1,1300,4,'',1,1700,4,'',1,1200,4,'',1,5200,4,'',1,1300,4,'',1,600,4,'',1,1100,4,'',1,1400,4,'',1,5600,4,'',1,1400,4,'',1,2200,4,'',1,1000,4,'',1,5000,4,'',1,1600,4,'',1,1500,4,'',1,1900,4,'',1
'23J-H58J000S-83-S',43903,65400,4,'',1,7000,4,'',1,2900,4,'',1,6600,4,'',1,900,4,'',1,2200,4,'',1,800,4,'',1,6000,4,'',1,1000,4,'',1,2000,4,'',1,1000,4,'',1,6000,4,'',1,1000,4,'',1,2000,4,'',1,1000,4,'',1,6000,4,'',1,1000,4,'',1,2000,4,'',1,1000,4,'',1,6000,4,'',1,1000,4,'',1,2000,4,'',1,1000,4,'',1,6000,4,'',1,1000,4,'',1,2000,4,'',1,1000,4,'',1,6000,4,'',1,1100,4,'',1,2000,4,'',1,6300,4,'',1,1800,4,'',1,1300,4,'',1,5800,4,'',1,1100,4,'',1,900,4,'',1,1100,4,'',1,900,4,'',1,1000,4,'',1,5000,4,'',1,1200,4,'',1,600,4,'',1,1000,4,'',1,800,4,'',1,900,4,'',1,600,4,'',1,5200,4,'',1,1300,4,'',1,1100,4,'',1,800,4,'',1,900,4,'',1,1200,4,'',1,5900,4,'',1,1400,4,'',1,1400,4,'',1,1000,4,'',1,5300,4,'',1,2000,4,'',1,1000,4,'',1,6500,4,'',1,3000,4,'',1,7000,4,'',1,3000,4,'',1,7100,4,'',1,2800,4,'',1,7000,4,'',1,2900,4,'',1,7000,4,'',1,3200,4,'',1,7300,4,'',1
'23J-H58JV00A-01-A',43903,85200,4,'',1,6000,4,'',1,1000,4,'',1,2000,4,'',1,1000,4,'',1,6000,4,'',1,1000,4,'',1,2000,4,'',1,6000,4,'',1,1000,4,'',1,1000,4,'',1,2000,4,'',1,1000,4,'',1,6000,4,'',1,1000,4,'',1,2000,4,'',1,6000,4,'',1,2000,4,'',1,1800,4,'',1,1200,4,'',1,5200,4,'',1,1800,4,'',1,1800,4,'',1,1300,4,'',1,5700,4,'',1,1300,4,'',1,1700,4,'',1,1200,4,'',1,5200,4,'',1,1300,4,'',1,600,4,'',1,1100,4,'',1,1400,4,'',1,5600,4,'',1,1400,4,'',1,2200,4,'',1,1000,4,'',1,5000,4,'',1,1600,4,'',1,1500,4,'',1,1900,4,'',1
'23J-H58JV00I-01-I',43903,85200,4,'',1,6000,4,'',1,1000,4,'',1,2000,4,'',1,1000,4,'',1,6000,4,'',1,1000,4,'',1,2000,4,'',1,6000,4,'',1,1000,4,'',1,1000,4,'',1,2000,4,'',1,1000,4,'',1,6000,4,'',1,1000,4,'',1,2000,4,'',1,6000,4,'',1,2000,4,'',1,1800,4,'',1,1200,4,'',1,5200,4,'',1,1800,4,'',1,1800,4,'',1,1300,4,'',1,5700,4,'',1,1300,4,'',1,1700,4,'',1,1200,4,'',1,5200,4,'',1,1300,4,'',1,600,4,'',1,1100,4,'',1,1400,4,'',1,5600,4,'',1,1400,4,'',1,2200,4,'',1,1000,4,'',1,5000,4,'',1,1600,4,'',1,1500,4,'',1,1900,4,'',1
'23J-H58JV00S-81-S',43903,65400,4,'',1,7000,4,'',1,2900,4,'',1,6600,4,'',1,900,4,'',1,2200,4,'',1,800,4,'',1,6000,4,'',1,1000,4,'',1,2000,4,'',1,1000,4,'',1,6000,4,'',1,1000,4,'',1,2000,4,'',1,1000,4,'',1,6000,4,'',1,1000,4,'',1,2000,4,'',1,1000,4,'',1,6000,4,'',1,1000,4,'',1,2000,4,'',1,1000,4,'',1,6000,4,'',1,1000,4,'',1,2000,4,'',1,1000,4,'',1,6000,4,'',1,1100,4,'',1,2000,4,'',1,6300,4,'',1,1800,4,'',1,1300,4,'',1,5800,4,'',1,1100,4,'',1,900,4,'',1,1100,4,'',1,900,4,'',1,1000,4,'',1,5000,4,'',1,1200,4,'',1,600,4,'',1,1000,4,'',1,800,4,'',1,900,4,'',1,600,4,'',1,5200,4,'',1,1300,4,'',1,1100,4,'',1,800,4,'',1,900,4,'',1,1200,4,'',1,5900,4,'',1,1400,4,'',1,1400,4,'',1,1000,4,'',1,5300,4,'',1,2000,4,'',1,1000,4,'',1,6500,4,'',1,3000,4,'',1,7000,4,'',1,3000,4,'',1,7100,4,'',1,2800,4,'',1,7000,4,'',1,2900,4,'',1,7000,4,'',1,3200,4,'',1,7300,4,'',1
'23J-H50J000S-82-S',44001,163700,,'',2
'23J-H50JV00S-84-S',44001,163700,,'',2
'23J-H55J000S-80-S',44001,60100,,'',2
'23J-H55JV00S-83-S',44001,60100,,'',2
'23J-H58J000S-83-S',44001,63700,,'',2,7000,,'',2,3300,,'',2,7300,,'',2,3200,,'',2,7300,,'',2,2700,,'',2,58900,,'',2,6900,,'',2,10800,,'',2,3300,,'',2,7000,,'',2,2600,,'',2,7200,,'',2,3200,,'',2
'23J-H58JV00S-81-S',44001,63700,,'',2,7000,,'',2,3300,,'',2,7300,,'',2,3200,,'',2,7300,,'',2,2700,,'',2,58900,,'',2,6900,,'',2,10800,,'',2,3300,,'',2,7000,,'',2,2600,,'',2,7200,,'',2,3200,,'',2
'23J-H55J000S-80-S',46901,75000,,'',2
'23J-H55JV00S-83-S',46901,75000,,'',2
'23J-H58J000S-83-S',46901,61600,,'',2,3000,,'',2,7400,,'',2,10200,,'',2,3000,,'',2,6700,,'',2,2900,,'',2,7000,,'',2,3000,,'',2,7000,,'',2,2900,,'',2,7000,,'',2,3200,,'',2,7000,,'',2,3000,,'',2,7000,,'',2,3000,,'',2,7300,,'',2,1600,,'',2,1400,,'',2,5500,,'',2,1400,,'',2,900,,'',2,700,,'',2,900,,'',2,900,,'',2,4800,,'',2,800,,'',2,700,,'',2,900,,'',2,900,,'',2,900,,'',2,900,,'',2,4800,,'',2,800,,'',2,1100,,'',2,1200,,'',2,1300,,'',2,5600,,'',2,2400,,'',2
'23J-H58JV00S-81-S',46901,61600,,'',2,3000,,'',2,7400,,'',2,10200,,'',2,3000,,'',2,6700,,'',2,2900,,'',2,7000,,'',2,3000,,'',2,7000,,'',2,2900,,'',2,7000,,'',2,3200,,'',2,7000,,'',2,3000,,'',2,7000,,'',2,3000,,'',2,7300,,'',2,1600,,'',2,1400,,'',2,5500,,'',2,1400,,'',2,900,,'',2,700,,'',2,900,,'',2,900,,'',2,4800,,'',2,800,,'',2,700,,'',2,900,,'',2,900,,'',2,900,,'',2,900,,'',2,4800,,'',2,800,,'',2,1100,,'',2,1200,,'',2,1300,,'',2,5600,,'',2,2400,,'',2
