'23J-H60J000A-80-A',20703,55700,4,'',2,7000,4,'',2,3000,4,'',2,7000,4,'',2,3000,4,'',2,7000,4,'',2,3000,4,'',2,7000,4,'',2,3100,4,'',2,7000,4,'',2,3000,4,'',2,7000,4,'',2,3000,4,'',2,7000,4,'',2,3100,4,'',2,7000,4,'',2,3000,4,'',2,7000,4,'',2,7100,4,'',2,3000,4,'',2,7000,4,'',2,3100,4,'',2,7100,4,'',2,3000,4,'',2,6900,4,'',2,2900,4,'',2,7000,4,'',2,2800,4,'',2,3000,4,'',2,7000,4,'',2,3000,4,'',2,7200,4,'',2,7200,4,'',2,3100,4,'',2,7000,4,'',2,5600,4,'',2,9700,4,'',2,9500,4,'',2
'23J-H60J000A-80-A',20704,50000,,'',2,2700,,'',2,3100,,'',2,7000,,'',2,3000,,'',2,7000,,'',2,3000,,'',2,7000,,'',2,3000,,'',2,7000,,'',2,3100,,'',2,7000,,'',2,3000,,'',2,7000,,'',2,3000,,'',2,7000,,'',2,7100,,'',2,3000,,'',2,7000,,'',2,3000,,'',2,7100,,'',2,3000,,'',2,7000,,'',2,3100,,'',2,7100,,'',2,3000,,'',2,6900,,'',2,2900,,'',2,7000,,'',2,2800,,'',2,3000,,'',2,7000,,'',2,3000,,'',2,7200,,'',2,7200,,'',2,10100,,'',2,9600,,'',2
'23J-H60J000I-80-I',20703,72500,4,'',2,3000,4,'',2,7000,4,'',2,3100,4,'',2,7000,4,'',2,3000,4,'',2,7000,4,'',2,3200,4,'',2,7000,4,'',2,3000,4,'',2,7000,4,'',2,3000,4,'',2,7000,4,'',2,3000,4,'',2,7000,4,'',2,3000,4,'',2,7000,4,'',2,7200,4,'',2,3000,4,'',2,7000,4,'',2,2900,4,'',2,2700,4,'',2,6700,4,'',2,3100,4,'',2,7200,4,'',2,3100,4,'',2,7100,4,'',2,3100,4,'',2,7000,4,'',2,7100,4,'',2,5800,4,'',2,9800,4,'',2,9800,4,'',2,9200,4,'',2
'23J-H60J000I-80-I',20704,63600,,'',2,6500,,'',2,2500,,'',2,3000,,'',2,7000,,'',2,3100,,'',2,7000,,'',2,3000,,'',2,7000,,'',2,3200,,'',2,7000,,'',2,3000,,'',2,7000,,'',2,3000,,'',2,7000,,'',2,3000,,'',2,7000,,'',2,3000,,'',2,7000,,'',2,7200,,'',2,3000,,'',2,7000,,'',2,2900,,'',2,2700,,'',2,6700,,'',2,3100,,'',2,7200,,'',2,3100,,'',2,7100,,'',2,7100,,'',2,3000,,'',2,7100,,'',2,5800,,'',2,14700,,'',2
'23J-H60J000S-82-S',20703,52900,4,'',2,7100,4,'',2,3100,4,'',2,7100,4,'',2,3300,4,'',2,6900,4,'',2,3000,4,'',2,7100,4,'',2,3000,4,'',2,7000,4,'',2,3000,4,'',2,7000,4,'',2,3000,4,'',2,7000,4,'',2,3000,4,'',2,7000,4,'',2,3000,4,'',2,7000,4,'',2,3000,4,'',2,7000,4,'',2,3000,4,'',2,6900,4,'',2,3000,4,'',2,7000,4,'',2,3000,4,'',2,7100,4,'',2,3000,4,'',2,7000,4,'',2,3100,4,'',2,6900,4,'',2,3000,4,'',2,7000,4,'',2,3100,4,'',2,7100,4,'',2,2900,4,'',2,7100,4,'',2,9800,4,'',2,9900,4,'',2,4800,4,'',2
'23J-H60J000S-82-S',20704,43000,,'',2,7000,,'',2,3000,,'',2,7100,,'',2,3100,,'',2,7100,,'',2,3300,,'',2,6900,,'',2,3000,,'',2,7100,,'',2,3000,,'',2,7000,,'',2,3000,,'',2,7000,,'',2,3000,,'',2,7000,,'',2,3000,,'',2,7000,,'',2,3000,,'',2,7000,,'',2,3000,,'',2,7000,,'',2,3000,,'',2,6900,,'',2,3000,,'',2,7000,,'',2,3000,,'',2,7100,,'',2,3000,,'',2,7000,,'',2,3100,,'',2,6900,,'',2,3000,,'',2,7000,,'',2,3100,,'',2,7100,,'',2,10000,,'',2,9800,,'',2
'23J-H60JV00A-81-A',20703,55700,4,'',2,7000,4,'',2,3000,4,'',2,7000,4,'',2,3000,4,'',2,7000,4,'',2,3000,4,'',2,7000,4,'',2,3100,4,'',2,7000,4,'',2,3000,4,'',2,7000,4,'',2,3000,4,'',2,7000,4,'',2,3100,4,'',2,7000,4,'',2,3000,4,'',2,7000,4,'',2,7100,4,'',2,3000,4,'',2,7000,4,'',2,3100,4,'',2,7100,4,'',2,3000,4,'',2,6900,4,'',2,2900,4,'',2,7000,4,'',2,2800,4,'',2,3000,4,'',2,7000,4,'',2,3000,4,'',2,7200,4,'',2,7200,4,'',2,3100,4,'',2,7000,4,'',2,5600,4,'',2,9700,4,'',2,9500,4,'',2
'23J-H60JV00A-81-A',20704,50000,,'',2,2700,,'',2,3100,,'',2,7000,,'',2,3000,,'',2,7000,,'',2,3000,,'',2,7000,,'',2,3000,,'',2,7000,,'',2,3100,,'',2,7000,,'',2,3000,,'',2,7000,,'',2,3000,,'',2,7000,,'',2,7100,,'',2,3000,,'',2,7000,,'',2,3000,,'',2,7100,,'',2,3000,,'',2,7000,,'',2,3100,,'',2,7100,,'',2,3000,,'',2,6900,,'',2,2900,,'',2,7000,,'',2,2800,,'',2,3000,,'',2,7000,,'',2,3000,,'',2,7200,,'',2,7200,,'',2,10100,,'',2,9600,,'',2
'23J-H60JV00I-81-I',20703,72500,4,'',2,3000,4,'',2,7000,4,'',2,3100,4,'',2,7000,4,'',2,3000,4,'',2,7000,4,'',2,3200,4,'',2,7000,4,'',2,3000,4,'',2,7000,4,'',2,3000,4,'',2,7000,4,'',2,3000,4,'',2,7000,4,'',2,3000,4,'',2,7000,4,'',2,7200,4,'',2,3000,4,'',2,7000,4,'',2,2900,4,'',2,2700,4,'',2,6700,4,'',2,3100,4,'',2,7200,4,'',2,3100,4,'',2,7100,4,'',2,3100,4,'',2,7000,4,'',2,7100,4,'',2,5800,4,'',2,9800,4,'',2,9800,4,'',2,9200,4,'',2
'23J-H60JV00I-81-I',20704,63600,,'',2,6500,,'',2,2500,,'',2,3000,,'',2,7000,,'',2,3100,,'',2,7000,,'',2,3000,,'',2,7000,,'',2,3200,,'',2,7000,,'',2,3000,,'',2,7000,,'',2,3000,,'',2,7000,,'',2,3000,,'',2,7000,,'',2,3000,,'',2,7000,,'',2,7200,,'',2,3000,,'',2,7000,,'',2,2900,,'',2,2700,,'',2,6700,,'',2,3100,,'',2,7200,,'',2,3100,,'',2,7100,,'',2,7100,,'',2,3000,,'',2,7100,,'',2,5800,,'',2,14700,,'',2
'23J-H60JV00S-85-S',20703,52900,4,'',2,7100,4,'',2,3100,4,'',2,7100,4,'',2,3300,4,'',2,6900,4,'',2,3000,4,'',2,7100,4,'',2,3000,4,'',2,7000,4,'',2,3000,4,'',2,7000,4,'',2,3000,4,'',2,7000,4,'',2,3000,4,'',2,7000,4,'',2,3000,4,'',2,7000,4,'',2,3000,4,'',2,7000,4,'',2,3000,4,'',2,6900,4,'',2,3000,4,'',2,7000,4,'',2,3000,4,'',2,7100,4,'',2,3000,4,'',2,7000,4,'',2,3100,4,'',2,6900,4,'',2,3000,4,'',2,7000,4,'',2,3100,4,'',2,7100,4,'',2,2900,4,'',2,7100,4,'',2,9800,4,'',2,9900,4,'',2,4800,4,'',2
'23J-H60JV00S-85-S',20704,43000,,'',2,7000,,'',2,3000,,'',2,7100,,'',2,3100,,'',2,7100,,'',2,3300,,'',2,6900,,'',2,3000,,'',2,7100,,'',2,3000,,'',2,7000,,'',2,3000,,'',2,7000,,'',2,3000,,'',2,7000,,'',2,3000,,'',2,7000,,'',2,3000,,'',2,7000,,'',2,3000,,'',2,7000,,'',2,3000,,'',2,6900,,'',2,3000,,'',2,7000,,'',2,3000,,'',2,7100,,'',2,3000,,'',2,7000,,'',2,3100,,'',2,6900,,'',2,3000,,'',2,7000,,'',2,3100,,'',2,7100,,'',2,10000,,'',2,9800,,'',2
'23J-H60J000S-82-S',40701,54900,,'',2,6900,,'',2,2800,,'',2,6800,,'',2,2400,,'',2,6600,,'',2,73700,,'',2,7400,,'',2,3400,,'',2
'23J-H60J000S-82-S',40702,72200,4,'',2,7800,4,'',2,3600,4,'',2,7800,4,'',2,68800,4,'',2,2900,4,'',2,7000,4,'',2,3100,4,'',2,7000,4,'',2,2900,4,'',2,6900,4,'',2,3200,4,'',2
'23J-H60JV00S-85-S',40701,54900,,'',2,6900,,'',2,2800,,'',2,6800,,'',2,2400,,'',2,6600,,'',2,73700,,'',2,7400,,'',2,3400,,'',2
'23J-H60JV00S-85-S',40702,72200,4,'',2,7800,4,'',2,3600,4,'',2,7800,4,'',2,68800,4,'',2,2900,4,'',2,7000,4,'',2,3100,4,'',2,7000,4,'',2,2900,4,'',2,6900,4,'',2,3200,4,'',2
