6801,'H60U000A-85-A',601,,238417,43,0,5,1,29,,238418,43,0,5,1,70,,238435,43,0,5,2,32,,238422,43,0,5,2,72,,238419,43,0,5,1,32,,238436,43,0,5,2,70,,238423,43,0,5,2,31,,238420,43,0,5,1,72,,238437,43,0,5,2,30,,238424,43,0,5,2,73,,238448,43,0,5,1,32,,238438,43,0,5,2,73,,238425,43,0,5,2,31,,238449,43,0,5,1,69,,238421,43,0,5,1,32,,238439,43,0,5,2,71,,238426,43,0,5,1,29,,238450,43,0,5,1,72,,238440,43,0,5,2,31,,238427,43,0,5,1,69,,238451,43,0,5,1,32,,238441,43,0,5,2,71,,238428,43,0,5,1,29,,238452,43,0,5,1,71,,238442,43,0,5,2,31,,238429,43,0,5,1,67,,238453,43,0,5,1,30,,238445,43,0,5,2,71,,238430,43,0,5,1,29,,238454,43,0,5,1,70,,238446,43,0,5,2,27,,238431,43,0,5,1,68,,238455,43,0,5,1,29,,238443,43,0,5,2,67,,238432,43,0,5,1,28,,238457,43,0,5,1,70,,238444,43,0,5,2,33,,238433,43,0,5,1,72,,238456,43,0,5,1,31,,238447,43,0,5,2,70,,238434,43,0,5,1
6801,'H60U000I-84-I',626,,238458,43,0,5,1,32,,238480,43,0,5,2,72,,238493,43,0,5,1,73,,238459,43,0,5,1,34,,238481,43,0,5,2,73,,238494,43,0,5,1,33,,238460,43,0,5,1,71,,238482,43,0,5,2,28,,238495,43,0,5,1,69,,238461,43,0,5,1,30,,238483,43,0,5,2,70,,238471,43,0,5,1,31,,238462,43,0,5,1,70,,238484,43,0,5,2,30,,238472,43,0,5,1,70,,238463,43,0,5,1,30,,238485,43,0,5,2,70,,238473,43,0,5,1,30,,238464,43,0,5,1,70,,238486,43,0,5,2,31,,238474,43,0,5,1,70,,238465,43,0,5,1,29,,238487,43,0,5,2,70,,238475,43,0,5,1,30,,238466,43,0,5,1,70,,238488,43,0,5,2,30,,238476,43,0,5,1,67,,238467,43,0,5,1,29,,238489,43,0,5,2,70,,238477,43,0,5,1,27,,238468,43,0,5,1,67,,238490,43,0,5,2,30,,238478,43,0,5,1,27,,238469,43,0,5,1,68,,238491,43,0,5,2,75,,238479,43,0,5,1,35,,238470,43,0,5,1,75,,238492,43,0,5,2,35,,238496,43,0,5,1
6801,'H60U000S-86-S',548,,238504,43,0,5,1,78,,238497,43,0,5,1,77,,238513,43,0,5,2,22,,238505,43,0,5,1,12,,238525,35,0,5,2,19,,238498,43,0,5,2,52,,238522,35,0,5,2,24,,238514,43,0,5,1,25,,238526,43,0,5,1,64,,238523,43,0,5,1,24,,238499,43,0,5,2,65,,238515,43,0,5,1,30,,238527,43,0,5,1,68,,238524,43,0,5,1,27,,238500,43,0,5,2,71,,238516,43,0,5,1,32,,238511,43,0,5,1,72,,238501,43,0,5,2,32,,238517,43,0,5,1,71,,238512,43,0,5,1,34,,238502,43,0,5,2,65,,238532,43,0,5,2,28,,238518,43,0,5,1,68,,238506,43,0,5,1,26,,238503,43,0,5,2,69,,238533,43,0,5,2,31,,238519,43,0,5,1,73,,238539,43,0,5,1,30,,238528,43,0,5,1,67,,238534,43,0,5,2,27,,238520,43,0,5,1,73,,238507,43,0,5,1,33,,238535,43,0,5,2,67,,238521,43,0,5,1,32,,238508,43,0,5,1,73,,238536,43,0,5,2,30,,238529,43,0,5,1,72,,238509,43,0,5,1,31,,238537,43,0,5,2,73,,238530,43,0,5,1,33,,238510,43,0,5,1,73,,238538,43,0,5,2,30,,238531,43,0,5,1
6801,'H60U100F-85-F1',626,,238540,43,0,5,1,32,,238564,43,0,5,1,72,,238565,43,0,5,2,73,,238541,43,0,5,1,34,,238553,43,0,5,1,73,,238566,43,0,5,2,33,,238542,43,0,5,1,71,,238554,43,0,5,1,28,,238567,43,0,5,2,69,,238543,43,0,5,1,30,,238555,43,0,5,1,70,,238570,43,0,5,2,31,,238544,43,0,5,1,70,,238556,43,0,5,1,30,,238568,43,0,5,2,70,,238545,43,0,5,1,30,,238557,43,0,5,1,70,,238569,43,0,5,2,30,,238546,43,0,5,1,70,,238558,43,0,5,1,31,,238571,43,0,5,2,70,,238547,43,0,5,1,29,,238559,43,0,5,1,70,,238572,43,0,5,1,30,,238548,43,0,5,1,70,,238560,43,0,5,1,30,,238573,43,0,5,1,67,,238549,43,0,5,1,29,,238562,43,0,5,1,70,,238574,43,0,5,1,27,,238550,43,0,5,1,67,,238561,43,0,5,1,30,,238575,43,0,5,1,27,,238551,43,0,5,1,68,,238563,43,0,5,1,75,,238576,43,0,5,1,35,,238552,43,0,5,1,75,,238577,43,0,5,2,35,,238578,43,0,5,1
6801,'H60U200F-83-F2',626,,238579,43,0,5,1,32,,238603,43,0,5,1,72,,238604,43,0,5,2,73,,238580,43,0,5,1,34,,238592,43,0,5,1,73,,238605,43,0,5,2,33,,238581,43,0,5,1,71,,238593,43,0,5,1,28,,238606,43,0,5,2,69,,238582,43,0,5,1,30,,238594,43,0,5,1,70,,238609,43,0,5,2,31,,238583,43,0,5,1,70,,238595,43,0,5,1,30,,238607,43,0,5,2,70,,238584,43,0,5,1,30,,238596,43,0,5,1,70,,238608,43,0,5,2,30,,238585,43,0,5,1,70,,238597,43,0,5,1,31,,238610,43,0,5,2,70,,238586,43,0,5,1,29,,238598,43,0,5,1,70,,238611,43,0,5,1,30,,238587,43,0,5,1,70,,238599,43,0,5,1,30,,238612,43,0,5,1,67,,238588,43,0,5,1,29,,238601,43,0,5,1,70,,238613,43,0,5,1,27,,238589,43,0,5,1,67,,238600,43,0,5,1,30,,238614,43,0,5,1,27,,238590,43,0,5,1,68,,238602,43,0,5,1,75,,238615,43,0,5,1,35,,238591,43,0,5,1,75,,238616,43,0,5,2,35,,238617,43,0,5,1
38201,'H60U000A-85-A',2614,,278012,33,0,5,1,45,,278015,33,0,5,1,85,,278013,33,0,5,2,85,,278014,33,0,5,1
38201,'H60U000I-84-I',2614,,278017,33,0,5,1,45,,278018,33,0,5,1,85,,278016,33,0,5,1,85,,278019,33,0,5,1
38201,'H60U000S-86-S',2609,,278021,33,0,5,1,48,,278020,33,0,5,1,85,,278023,33,0,5,2,87,,278022,33,0,5,1
38201,'H60U100F-85-F1',2614,,278025,33,0,5,1,45,,278026,33,0,5,1,85,,278024,33,0,5,1,85,,278027,33,0,5,2
38201,'H60U200F-83-F2',2614,,278029,33,0,5,1,45,,278030,33,0,5,1,85,,278028,33,0,5,1,85,,278031,33,0,5,2
46801,'H60U000A-85-A',615,,280177,16,0,5,1,31,,280184,16,0,5,2,72,,280198,16,0,5,1,29,,280191,16,0,5,2,73,,280178,16,0,5,1,31,,280185,16,0,5,2,70,,280199,16,0,5,1,30,,280192,16,0,5,2,73,,280179,16,0,5,1,33,,280186,16,0,5,2,71,,280200,16,0,5,1,30,,280193,16,0,5,2,73,,280180,16,0,5,1,73,,280187,16,0,5,2,32,,280201,16,0,5,1,71,,280194,16,0,5,2,33,,280181,16,0,5,1,72,,280188,16,0,5,2,32,,280202,16,0,5,1,73,,280195,16,0,5,2,33,,280182,16,0,5,1,71,,280189,16,0,5,2,31,,280203,16,0,5,1,73,,280196,16,0,5,2,33,,280183,16,0,5,1,71,,280190,16,0,5,2,30,,280204,16,0,5,1,72,,280197,16,0,5,2
46801,'H60U000I-84-I',618,,280212,16,0,5,2,30,,280219,16,0,5,1,70,,280226,16,0,5,2,33,,280205,16,0,5,1,70,,280213,16,0,5,2,30,,280220,16,0,5,1,70,,280227,16,0,5,2,33,,280206,16,0,5,1,71,,280214,16,0,5,2,32,,280221,16,0,5,1,71,,280228,16,0,5,2,72,,280207,16,0,5,1,32,,280215,16,0,5,2,72,,280222,16,0,5,1,31,,280229,16,0,5,2,72,,280208,16,0,5,1,33,,280216,16,0,5,2,73,,280223,16,0,5,1,31,,280230,16,0,5,2,72,,280209,16,0,5,1,33,,280217,16,0,5,2,72,,280224,16,0,5,1,31,,280231,16,0,5,2,71,,280210,16,0,5,1,33,,280218,16,0,5,2,72,,280225,16,0,5,1,31,,280232,16,0,5,2,70,,280211,16,0,5,1
46801,'H60U000S-86-S',538,,280238,16,0,5,1,20,,280240,16,0,5,2,55,,280249,16,0,5,1,13,,280253,16,0,5,1,13,,280258,16,0,5,2,14,,280261,16,0,5,1,53,,280265,16,0,5,1,13,,280252,16,0,5,2,16,,280239,16,0,5,1,12,,280241,16,0,5,2,12,,280262,16,0,5,2,49,,280263,16,0,5,2,10,,280250,16,0,5,1,11,,280254,16,0,5,1,12,,280259,16,0,5,2,14,,280268,16,0,5,1,58,,280266,16,0,5,1,18,,280233,16,0,5,1,20,,280242,16,0,5,2,60,,280264,16,0,5,2,22,,280255,16,0,5,1,26,,280269,16,0,5,1,70,,280234,16,0,5,1,71,,280243,16,0,5,2,31,,280256,16,0,5,1,71,,280270,16,0,5,1,29,,280235,16,0,5,1,27,,280244,16,0,5,2,63,,280272,16,0,5,2,17,,280257,16,0,5,1,18,,280274,16,0,5,1,58,,280271,16,0,5,1,17,,280278,16,0,5,2,16,,280236,16,0,5,1,12,,280260,16,0,5,1,52,,280283,16,0,5,2,12,,280245,16,0,5,2,11,,280251,16,0,5,1,12,,280273,16,0,5,2,9,,280279,16,0,5,1,51,,280282,16,0,5,2,18,,280275,16,0,5,1,22,,280267,16,0,5,1,65,,280237,16,0,5,1,29,,280246,16,0,5,2,72,,280280,16,0,5,1,31,,280276,16,0,5,1,70,,280284,16,0,5,1,30,,280247,16,0,5,2,69,,280281,16,0,5,1,30,,280277,16,0,5,1,69,,280285,16,0,5,1,29,,280248,16,0,5,2
46801,'H60U100F-85-F1',618,,280286,16,0,5,2,30,,280293,16,0,5,1,70,,280307,16,0,5,2,33,,280300,16,0,5,1,70,,280287,16,0,5,2,30,,280294,16,0,5,1,70,,280308,16,0,5,2,33,,280304,16,0,5,1,71,,280288,16,0,5,2,32,,280295,16,0,5,1,71,,280309,16,0,5,2,72,,280301,16,0,5,1,32,,280289,16,0,5,2,72,,280296,16,0,5,1,31,,280310,16,0,5,2,72,,280302,16,0,5,1,33,,280290,16,0,5,2,73,,280297,16,0,5,1,31,,280311,16,0,5,2,72,,280303,16,0,5,1,33,,280291,16,0,5,2,72,,280298,16,0,5,1,31,,280312,16,0,5,2,71,,280305,16,0,5,1,33,,280292,16,0,5,2,72,,280299,16,0,5,1,31,,280313,16,0,5,2,70,,280306,16,0,5,1
46801,'H60U200F-83-F2',618,,280314,16,0,5,2,30,,280321,16,0,5,1,70,,280335,16,0,5,2,33,,280328,16,0,5,1,70,,280315,16,0,5,2,30,,280322,16,0,5,1,70,,280336,16,0,5,2,33,,280332,16,0,5,1,71,,280316,16,0,5,2,32,,280323,16,0,5,1,71,,280337,16,0,5,2,72,,280329,16,0,5,1,32,,280317,16,0,5,2,72,,280324,16,0,5,1,31,,280338,16,0,5,2,72,,280330,16,0,5,1,33,,280318,16,0,5,2,73,,280325,16,0,5,1,31,,280339,16,0,5,2,72,,280331,16,0,5,1,33,,280319,16,0,5,2,72,,280326,16,0,5,1,31,,280340,16,0,5,2,71,,280333,16,0,5,1,33,,280320,16,0,5,2,72,,280327,16,0,5,1,31,,280341,16,0,5,2,70,,280334,16,0,5,1
