3701,'H56U000A-80-A',528,,228823,18,0,5,1,26,,228787,18,0,5,1,66,,228828,18,0,5,1,26,,228824,18,0,5,1,62,,228788,18,0,5,1,22,,228829,18,0,5,1,22,,228791,18,0,5,1,63,,228789,18,0,5,1,24,,228830,18,0,5,1,65,,228792,18,0,5,1,28,,228804,18,0,5,1,26,,228798,18,0,5,1,65,,228793,18,0,5,1,26,,228805,18,0,5,1,69,,228799,18,0,5,1,28,,228794,18,0,5,1,69,,228806,18,0,5,1,29,,228800,18,0,5,1,70,,228795,18,0,5,1,29,,228807,18,0,5,1,69,,228801,18,0,5,1,29,,228796,18,0,5,1,69,,228808,18,0,5,1,29,,228802,18,0,5,1,68,,228797,18,0,5,1,31,,228809,18,0,5,1,73,,228803,18,0,5,1,31,,228812,18,0,5,1,69,,228825,18,0,5,1,29,,228817,18,0,5,1,69,,228813,18,0,5,1,27,,228826,18,0,5,1,69,,228818,18,0,5,1,29,,228814,18,0,5,1,68,,228827,18,0,5,1,28,,228819,18,0,5,1,27,,228821,18,0,5,1,66,,228815,18,0,5,1,26,,228820,18,0,5,1,66,,228822,18,0,5,1,25,,228816,18,0,5,1,65,,228810,18,0,5,1,25,,228790,18,0,5,1,25,,228831,18,0,5,1,66,,228811,18,0,5,1
3701,'H56U000I-80-I',527,,228853,18,0,5,1,30,,228867,18,0,5,1,70,,228851,18,0,5,1,30,,228833,18,0,5,1,69,,228861,18,0,5,1,29,,228852,18,0,5,1,70,,228834,18,0,5,1,30,,228860,18,0,5,1,72,,228870,18,0,5,1,30,,228836,18,0,5,1,68,,228868,18,0,5,1,28,,228854,18,0,5,1,68,,228837,18,0,5,1,28,,228863,18,0,5,1,68,,228847,18,0,5,1,29,,228838,18,0,5,1,70,,228864,18,0,5,1,29,,228848,18,0,5,1,69,,228839,18,0,5,1,29,,228865,18,0,5,1,69,,228849,18,0,5,1,30,,228840,18,0,5,1,70,,228866,18,0,5,1,30,,228850,18,0,5,1,70,,228841,18,0,5,1,31,,228862,18,0,5,1,68,,228859,18,0,5,1,28,,228842,18,0,5,1,68,,228858,18,0,5,1,28,,228869,18,0,5,1,69,,228832,18,0,5,1,29,,228843,18,0,5,1,67,,228871,18,0,5,1,27,,228855,18,0,5,1,27,,228844,18,0,5,1,68,,228872,18,0,5,1,27,,228856,18,0,5,1,65,,228845,18,0,5,1,26,,228873,18,0,5,1,66,,228857,18,0,5,1,26,,228846,18,0,5,1,26,,228835,18,0,5,1
3701,'H56U000S-81-S',547,,228909,18,0,5,1,74,,228905,18,0,5,1,28,,228874,18,0,5,1,68,,228910,18,0,5,1,27,,228906,18,0,5,1,65,,228875,18,0,5,1,22,,228904,18,0,5,1,20,,228893,18,0,5,1,65,,228907,18,0,5,1,25,,228876,18,0,5,1,69,,228894,18,0,5,1,29,,228913,18,0,5,1,69,,228877,18,0,5,1,26,,228895,18,0,5,1,25,,228887,18,0,5,1,70,,228896,18,0,5,1,28,,228878,18,0,5,1,68,,228888,18,0,5,1,29,,228897,18,0,5,1,70,,228879,18,0,5,1,30,,228889,18,0,5,1,71,,228898,18,0,5,1,33,,228880,18,0,5,1,71,,228890,18,0,5,1,30,,228899,18,0,5,1,69,,228881,18,0,5,1,30,,228891,18,0,5,1,68,,228900,18,0,5,1,29,,228882,18,0,5,1,69,,228892,18,0,5,1,25,,228901,18,0,5,1,68,,228883,18,0,5,1,28,,228911,18,0,5,1,69,,228908,18,0,5,1,29,,228902,18,0,5,1,71,,228884,18,0,5,1,33,,228903,18,0,5,1,73,,228885,18,0,5,1,31,,228912,18,0,5,1,73,,228886,18,0,5,1
3701,'H56U100F-80-F1',527,,228935,18,0,5,1,30,,228949,18,0,5,1,70,,228933,18,0,5,1,30,,228915,18,0,5,1,69,,228943,18,0,5,1,29,,228934,18,0,5,1,70,,228916,18,0,5,1,30,,228942,18,0,5,1,72,,228952,18,0,5,1,30,,228918,18,0,5,1,68,,228950,18,0,5,1,28,,228936,18,0,5,1,68,,228919,18,0,5,1,28,,228945,18,0,5,1,68,,228929,18,0,5,1,29,,228920,18,0,5,1,70,,228946,18,0,5,1,29,,228930,18,0,5,1,69,,228921,18,0,5,1,29,,228947,18,0,5,1,69,,228931,18,0,5,1,30,,228922,18,0,5,1,70,,228948,18,0,5,1,30,,228932,18,0,5,1,70,,228923,18,0,5,1,31,,228944,18,0,5,1,68,,228941,18,0,5,1,28,,228924,18,0,5,1,68,,228940,18,0,5,1,28,,228951,18,0,5,1,69,,228914,18,0,5,1,29,,228925,18,0,5,1,67,,228953,18,0,5,1,27,,228937,18,0,5,1,27,,228926,18,0,5,1,68,,228954,18,0,5,1,27,,228938,18,0,5,1,65,,228927,18,0,5,1,26,,228955,18,0,5,1,66,,228939,18,0,5,1,26,,228928,18,0,5,1,26,,228917,18,0,5,1
3701,'H56U200F-80-F2',527,,228977,18,0,5,1,30,,228991,18,0,5,1,70,,228975,18,0,5,1,30,,228957,18,0,5,1,69,,228985,18,0,5,1,29,,228976,18,0,5,1,70,,228958,18,0,5,1,30,,228984,18,0,5,1,72,,228994,18,0,5,1,30,,228960,18,0,5,1,68,,228992,18,0,5,1,28,,228978,18,0,5,1,68,,228961,18,0,5,1,28,,228987,18,0,5,1,68,,228971,18,0,5,1,29,,228962,18,0,5,1,70,,228988,18,0,5,1,29,,228972,18,0,5,1,69,,228963,18,0,5,1,29,,228989,18,0,5,1,69,,228973,18,0,5,1,30,,228964,18,0,5,1,70,,228990,18,0,5,1,30,,228974,18,0,5,1,70,,228965,18,0,5,1,31,,228986,18,0,5,1,68,,228983,18,0,5,1,28,,228966,18,0,5,1,68,,228982,18,0,5,1,28,,228993,18,0,5,1,69,,228956,18,0,5,1,29,,228967,18,0,5,1,67,,228995,18,0,5,1,27,,228979,18,0,5,1,27,,228968,18,0,5,1,68,,228996,18,0,5,1,27,,228980,18,0,5,1,65,,228969,18,0,5,1,26,,228997,18,0,5,1,66,,228981,18,0,5,1,26,,228970,18,0,5,1,26,,228959,18,0,5,1
35001,'H56U000A-80-A',2546,,276616,65,0,5,1,94,,276614,65,0,5,2,94,,276612,65,0,5,1,83,,276613,65,0,5,1,84,,276615,65,0,5,1
35001,'H56U000I-80-I',2544,,276620,65,0,5,1,87,,276618,65,0,5,1,87,,276617,65,0,5,1,84,,276619,65,0,5,1,47,,276621,65,0,5,2
35001,'H56U000S-81-S',2544,,276622,65,0,5,1,87,,276626,65,0,5,2,88,,276623,65,0,5,1,85,,276624,65,0,5,2,48,,276625,65,0,5,1
35001,'H56U100F-80-F1',2544,,276630,65,0,5,1,87,,276628,65,0,5,1,87,,276627,65,0,5,1,84,,276629,65,0,5,1,47,,276631,65,0,5,2
35001,'H56U200F-80-F2',2544,,276635,65,0,5,1,87,,276633,65,0,5,1,87,,276632,65,0,5,1,84,,276634,65,0,5,1,47,,276636,65,0,5,2
