15001,'H59U000A-80-A',909,,258698,18,0,5,2,26,,258682,18,0,5,1,74,,258699,18,0,5,2,26,,258683,18,0,5,1,21,,258711,18,0,5,2,60,,258700,18,0,5,2,21,,258684,18,0,5,1,21,,258712,18,0,5,2,61,,258701,18,0,5,2,22,,258685,18,0,5,1,64,,258713,18,0,5,2,23,,258702,18,0,5,2,23,,258686,18,0,5,1,61,,258694,18,0,5,1,22,,258714,18,0,5,2,22,,258703,18,0,5,2,61,,258687,18,0,5,1,22,,258695,18,0,5,1,61,,258715,18,0,5,2,22,,258704,18,0,5,2,21,,258688,18,0,5,1,62,,258696,18,0,5,1,20,,258716,18,0,5,2,21,,258705,18,0,5,2,60,,258689,18,0,5,1,22,,258697,18,0,5,1,20,,258717,18,0,5,2,62,,258706,18,0,5,2,22,,258690,18,0,5,1,26,,258718,18,0,5,2,60,,258707,18,0,5,2,20,,258691,18,0,5,1,66,,258719,18,0,5,2,20,,258708,18,0,5,2,21,,258692,18,0,5,1,62,,258720,18,0,5,2,22,,258709,18,0,5,2,23,,258693,18,0,5,1,69,,258721,18,0,5,2,32,,258710,18,0,5,2,72,,258722,18,0,5,2
15001,'H59U000I-80-I',913,,258748,18,0,5,1,26,,258726,18,0,5,2,65,,258755,18,0,5,1,26,,258723,18,0,5,2,19,,258727,18,0,5,2,60,,258725,18,0,5,1,20,,258728,18,0,5,2,18,,258724,18,0,5,2,58,,258729,18,0,5,2,21,,258740,18,0,5,2,20,,258756,18,0,5,1,61,,258730,18,0,5,2,21,,258741,18,0,5,2,20,,258757,18,0,5,1,61,,258731,18,0,5,2,21,,258742,18,0,5,2,21,,258758,18,0,5,1,61,,258732,18,0,5,2,21,,258743,18,0,5,2,21,,258759,18,0,5,1,61,,258733,18,0,5,2,21,,258744,18,0,5,2,21,,258760,18,0,5,1,61,,258734,18,0,5,2,21,,258745,18,0,5,2,19,,258761,18,0,5,1,61,,258735,18,0,5,2,21,,258746,18,0,5,2,19,,258762,18,0,5,1,57,,258749,18,0,5,1,16,,258736,18,0,5,2,18,,258747,18,0,5,2,58,,258763,18,0,5,1,20,,258750,18,0,5,1,20,,258737,18,0,5,2,59,,258764,18,0,5,1,20,,258751,18,0,5,1,20,,258738,18,0,5,2,59,,258765,18,0,5,1,20,,258752,18,0,5,1,26,,258739,18,0,5,2,70,,258753,18,0,5,1,28,,258766,18,0,5,1,69,,258754,18,0,5,1
15001,'H59U000S-80-S',642,,258781,18,0,5,1,63,,258794,18,0,5,2,24,,258767,18,0,5,2,25,,258782,18,0,5,1,64,,258795,18,0,5,2,25,,258768,18,0,5,2,65,,258783,18,0,5,1,19,,258770,18,0,5,2,17,,258796,18,0,5,2,58,,258808,18,0,5,1,19,,258784,18,0,5,1,19,,258771,18,0,5,2,60,,258797,18,0,5,2,20,,258809,18,0,5,1,23,,258785,18,0,5,1,62,,258772,18,0,5,2,20,,258798,18,0,5,2,20,,258810,18,0,5,1,61,,258786,18,0,5,1,20,,258773,18,0,5,2,20,,258799,18,0,5,2,61,,258811,18,0,5,1,21,,258787,18,0,5,1,19,,258774,18,0,5,2,59,,258800,18,0,5,2,20,,258812,18,0,5,1,21,,258788,18,0,5,1,60,,258775,18,0,5,2,22,,258801,18,0,5,2,21,,258813,18,0,5,1,60,,258789,18,0,5,1,21,,258776,18,0,5,2,21,,258802,18,0,5,2,61,,258814,18,0,5,1,19,,258790,18,0,5,1,17,,258777,18,0,5,2,59,,258803,18,0,5,2,20,,258815,18,0,5,1,20,,258791,18,0,5,1,61,,258778,18,0,5,2,22,,258804,18,0,5,2,25,,258792,18,0,5,1,67,,258779,18,0,5,2,28,,258805,18,0,5,2,70,,258793,18,0,5,1,30,,258780,18,0,5,2,68,,258806,18,0,5,2,32,,258769,18,0,5,1,73,,258807,18,0,5,2
15001,'H59U100F-80-F1',913,,258841,18,0,5,1,26,,258819,18,0,5,2,65,,258848,18,0,5,1,26,,258816,18,0,5,2,19,,258820,18,0,5,2,60,,258818,18,0,5,1,20,,258821,18,0,5,2,18,,258817,18,0,5,2,58,,258822,18,0,5,2,21,,258833,18,0,5,2,20,,258849,18,0,5,1,61,,258823,18,0,5,2,21,,258834,18,0,5,2,20,,258850,18,0,5,1,61,,258824,18,0,5,2,21,,258835,18,0,5,2,21,,258851,18,0,5,1,61,,258825,18,0,5,2,21,,258836,18,0,5,2,21,,258852,18,0,5,1,61,,258826,18,0,5,2,21,,258837,18,0,5,2,21,,258853,18,0,5,1,61,,258827,18,0,5,2,21,,258838,18,0,5,2,19,,258854,18,0,5,1,61,,258828,18,0,5,2,21,,258839,18,0,5,2,19,,258855,18,0,5,1,57,,258842,18,0,5,1,16,,258829,18,0,5,2,18,,258840,18,0,5,2,58,,258856,18,0,5,1,20,,258843,18,0,5,1,20,,258830,18,0,5,2,59,,258857,18,0,5,1,20,,258844,18,0,5,1,20,,258831,18,0,5,2,59,,258858,18,0,5,1,20,,258845,18,0,5,1,26,,258832,18,0,5,2,70,,258846,18,0,5,1,28,,258859,18,0,5,1,69,,258847,18,0,5,1
15001,'H59U200F-80-F2',913,,258860,18,0,5,1,26,,258861,18,0,5,2,65,,258862,18,0,5,1,26,,258863,18,0,5,2,19,,258864,18,0,5,2,60,,258865,18,0,5,1,20,,258866,18,0,5,2,18,,258867,18,0,5,2,58,,258868,18,0,5,2,21,,258869,18,0,5,2,20,,258870,18,0,5,1,61,,258871,18,0,5,2,21,,258872,18,0,5,2,20,,258873,18,0,5,1,61,,258874,18,0,5,2,21,,258875,18,0,5,2,21,,258876,18,0,5,1,61,,258877,18,0,5,2,21,,258878,18,0,5,2,21,,258879,18,0,5,1,61,,258880,18,0,5,2,21,,258881,18,0,5,2,21,,258882,18,0,5,1,61,,258883,18,0,5,2,21,,258884,18,0,5,2,19,,258885,18,0,5,1,61,,258886,18,0,5,2,21,,258887,18,0,5,2,19,,258888,18,0,5,1,57,,258889,18,0,5,1,16,,258890,18,0,5,2,18,,258891,18,0,5,2,58,,258892,18,0,5,1,20,,258893,18,0,5,1,20,,258894,18,0,5,2,59,,258895,18,0,5,1,20,,258896,18,0,5,1,20,,258897,18,0,5,2,59,,258898,18,0,5,1,20,,258899,18,0,5,1,26,,258900,18,0,5,2,70,,258901,18,0,5,1,28,,258902,18,0,5,1,69,,258903,18,0,5,1
35001,'H56U000A-80-A',2619,,276616,99,0,5,1,93,,276614,99,0,5,2,94,,276612,99,0,5,1,43,,276613,99,0,5,1,84,,276615,99,0,5,1
35001,'H56U000I-80-I',2616,,276620,99,0,5,1,87,,276618,99,0,5,1,47,,276617,99,0,5,1,84,,276619,99,0,5,1,87,,276621,99,0,5,2
35001,'H56U000S-81-S',2615,,276622,99,0,5,1,87,,276626,99,0,5,2,48,,276623,99,0,5,1,85,,276624,99,0,5,2,88,,276625,99,0,5,1
35001,'H56U100F-80-F1',2616,,276630,99,0,5,1,87,,276628,99,0,5,1,47,,276627,99,0,5,1,84,,276629,99,0,5,1,87,,276631,99,0,5,2
35001,'H56U200F-80-F2',2616,,276635,99,0,5,1,87,,276633,99,0,5,1,47,,276632,99,0,5,1,84,,276634,99,0,5,1,87,,276636,99,0,5,2
35503,'H54U000A-80-A',2537,,276789,17,0,8,2,71,,276782,17,0,8,1,26,,276784,17,0,8,1,25,,276786,17,0,8,1,71,,276788,17,0,8,1,24,,276783,17,0,8,2,80,,276787,17,0,8,1,66,,276785,17,0,8,1
35503,'H54U000I-80-I',2534,,276790,17,0,8,1,84,,276791,17,0,8,1,85,,276795,17,0,8,2,45,,276794,17,0,8,1,85,,276793,17,0,8,1,26,,276792,17,0,8,2
35503,'H54U000S-81-S',2536,,276799,17,0,8,1,83,,276797,17,0,8,1,85,,276800,17,0,8,1,45,,276801,17,0,8,2,78,,276796,17,0,8,1,73,,276798,17,0,8,1
35503,'H54U100F-80-F1',2534,,276802,17,0,8,1,84,,276803,17,0,8,1,85,,276807,17,0,8,2,45,,276806,17,0,8,1,85,,276805,17,0,8,1,26,,276804,17,0,8,2
35503,'H54U200F-82-F2',2534,,276809,17,0,8,1,84,,276812,17,0,8,1,85,,276808,17,0,8,1,45,,276811,17,0,8,1,85,,276810,17,0,8,1,26,,276813,17,0,8,1
35801,'H59U000A-80-A',2445,,276960,17,0,5,1,68,,276965,17,0,5,2,31,,276961,17,0,5,1,71,,276966,17,0,5,2,30,,276962,17,0,5,1,59,,276958,17,0,5,1,18,,276967,17,0,5,2,23,,276963,17,0,5,1,59,,276959,17,0,5,1,17,,276968,17,0,5,2,24,,276964,17,0,5,1,70,,276969,17,0,5,2
35801,'H59U000I-80-I',2444,,276975,17,0,5,1,70,,276970,17,0,5,1,30,,276976,17,0,5,1,70,,276971,17,0,5,1,29,,276977,17,0,5,1,70,,276972,17,0,5,1,30,,276978,17,0,5,1,70,,276973,17,0,5,1,30,,276979,17,0,5,1,70,,276974,17,0,5,1
35801,'H59U000S-80-S',2444,,276985,17,0,5,1,70,,276980,17,0,5,1,30,,276986,17,0,5,1,70,,276981,17,0,5,1,30,,276987,17,0,5,1,70,,276982,17,0,5,1,30,,276988,17,0,5,1,70,,276983,17,0,5,1,30,,276989,17,0,5,1,69,,276984,17,0,5,1
35801,'H59U000S-80-SV',2629,,276990,17,0,5,2,30,,276993,17,0,5,2,70,,276991,17,0,5,2,30,,276994,17,0,5,2,70,,276992,17,0,5,2,29,,276995,17,0,5,2
35801,'H59U100F-80-F1',2444,,277001,17,0,5,1,70,,276996,17,0,5,1,30,,277002,17,0,5,1,70,,276997,17,0,5,1,29,,277003,17,0,5,1,70,,276998,17,0,5,1,30,,277004,17,0,5,1,70,,276999,17,0,5,1,30,,277005,17,0,5,1,70,,277000,17,0,5,1
35801,'H59U200F-80-F2',2444,,277006,17,0,5,1,70,,277007,17,0,5,1,30,,277008,17,0,5,1,70,,277009,17,0,5,1,29,,277010,17,0,5,1,70,,277011,17,0,5,1,30,,277012,17,0,5,1,70,,277013,17,0,5,1,30,,277014,17,0,5,1,70,,277015,17,0,5,1
36401,'H54U000A-80-A',2553,,277444,17,0,5,2,87,,277443,17,0,5,1,71,,277447,17,0,5,1,10,,277446,17,0,5,1,85,,277445,17,0,5,1,44,,277448,17,0,5,2
36401,'H54U000I-80-I',2550,,277450,17,0,5,2,86,,277453,17,0,5,1,71,,277454,17,0,5,1,31,,277451,17,0,5,1,71,,277449,17,0,5,1,41,,277452,17,0,5,1
36401,'H54U000S-81-S',2550,,277456,17,0,5,1,84,,277455,17,0,5,1,84,,277459,17,0,5,2,85,,277458,17,0,5,1,45,,277457,17,0,5,1
36401,'H54U100F-80-F1',2550,,277461,17,0,5,2,86,,277464,17,0,5,1,71,,277465,17,0,5,1,31,,277462,17,0,5,1,71,,277460,17,0,5,1,41,,277463,17,0,5,1
36401,'H54U200F-82-F2',2550,,277471,17,0,5,1,86,,277469,17,0,5,1,71,,277468,17,0,5,2,31,,277470,17,0,5,2,71,,277467,17,0,5,1,41,,277466,17,0,5,2
41001,'H57U000S-81-S',1513,,278055,9,0,5,1,34,,278057,9,0,5,2,71,,278058,9,0,5,1,30,,278060,9,0,5,2,66,,278061,9,0,5,2,26,,278054,9,0,5,1,67,,278052,9,0,5,1,25,,278053,9,0,5,1,68,,278056,9,0,5,1,27,,278059,9,0,5,1
43001,'H57U000S-81-S',1212,,278564,9,0,5,1,34,,278558,9,0,5,1,74,,278559,9,0,5,1,33,,278567,9,0,5,1,73,,278565,9,0,5,1,75,,278563,9,0,5,2,34,,278568,9,0,5,2,73,,278562,9,0,5,1,32,,278566,9,0,5,1,72,,278569,9,0,5,2,31,,278556,9,0,5,1,71,,278557,9,0,5,1,28,,278561,9,0,5,1,68,,278560,9,0,5,1
44501,'H51U000S-83-S',1543,,279752,10,0,5,1,60,,279753,10,0,5,2,22,,279754,10,0,5,2,20,,279755,10,0,5,1,61,,279750,10,0,5,2,21,,279757,10,0,5,2,21,,279758,10,0,5,2,59,,279749,10,0,5,1,20,,279756,10,0,5,2,20,,279751,10,0,5,1
