7201,'H50M000S-70-S',1637,,110832,6,0,5,1
7201,'H58M000S-70-S',1623,,110834,6,0,5,2
7201,'H60M000S-71-S',644,,110837,6,0,5,1,71,,110848,6,0,5,1,36,,110846,6,0,5,2,70,,110849,6,0,5,1,32,,110855,6,0,5,1,72,,110859,6,0,5,1,28,,110843,6,0,5,1,68,,110850,6,0,5,1,28,,110856,6,0,5,1,68,,110838,6,0,5,1,28,,110844,6,0,5,1,68,,110851,6,0,5,1,30,,110857,6,0,5,1,70,,110839,6,0,5,1,31,,110845,6,0,5,1,70,,110852,6,0,5,1,30,,110860,6,0,5,1,70,,110840,6,0,5,1,28,,110835,6,0,5,1,14,,110842,6,0,5,1,54,,110871,6,0,5,1,42,,110867,6,0,5,2,62,,110870,6,0,5,2,21,,110841,6,0,5,1,18,,110836,6,0,5,1,58,,110864,6,0,5,1,19,,110862,6,0,5,1,19,,110861,6,0,5,2,56,,110858,6,0,5,1
7201,'H60M100F-71-F1',644,,110879,6,0,5,1,71,,110892,6,0,5,2,36,,110896,6,0,5,1,70,,110883,6,0,5,2,32,,110880,6,0,5,1,72,,110876,6,0,5,1,28,,110886,6,0,5,1,68,,110884,6,0,5,2,28,,110881,6,0,5,1,68,,110874,6,0,5,1,28,,110887,6,0,5,1,68,,110893,6,0,5,1,30,,110882,6,0,5,1,70,,110875,6,0,5,1,31,,110888,6,0,5,1,70,,110894,6,0,5,1,30,,110901,6,0,5,2,70,,110877,6,0,5,1,28,,110898,6,0,5,2,14,,110889,6,0,5,1,54,,110903,6,0,5,1,13,,110895,6,0,5,1,14,,110891,6,0,5,1,15,,110902,6,0,5,2,55,,110897,6,0,5,1,20,,110878,6,0,5,1,19,,110890,6,0,5,1,59,,110899,6,0,5,2,20,,110904,6,0,5,1,20,,110905,6,0,5,1,60,,110900,6,0,5,1
7201,'H60M200F-71-F2',644,,110922,6,0,5,1,71,,110939,6,0,5,2,36,,110940,6,0,5,1,70,,110926,6,0,5,2,32,,110923,6,0,5,1,72,,110917,6,0,5,1,28,,110929,6,0,5,1,68,,110927,6,0,5,2,28,,110924,6,0,5,1,68,,110918,6,0,5,1,28,,110930,6,0,5,1,68,,110933,6,0,5,1,30,,110925,6,0,5,1,70,,110919,6,0,5,1,31,,110931,6,0,5,1,70,,110934,6,0,5,1,30,,110936,6,0,5,2,70,,110920,6,0,5,1,28,,110943,6,0,5,2,14,,110932,6,0,5,1,54,,110915,6,0,5,1,13,,110935,6,0,5,1,14,,110941,6,0,5,1,15,,110937,6,0,5,2,55,,110942,6,0,5,1,20,,110921,6,0,5,1,19,,110914,6,0,5,1,59,,110944,6,0,5,2,20,,110916,6,0,5,1,20,,110911,6,0,5,1,60,,110946,6,0,5,1
7201,'H60M300F-71-F3',644,,110958,6,0,5,1,71,,110952,6,0,5,1,36,,110966,6,0,5,1,70,,110971,6,0,5,2,32,,110959,6,0,5,1,72,,110957,6,0,5,1,28,,110967,6,0,5,1,68,,110953,6,0,5,1,28,,110960,6,0,5,1,68,,110948,6,0,5,1,28,,110968,6,0,5,1,68,,110954,6,0,5,1,30,,110961,6,0,5,1,70,,110949,6,0,5,1,31,,110969,6,0,5,1,70,,110955,6,0,5,1,30,,110975,6,0,5,1,70,,110972,6,0,5,1,28,,110950,6,0,5,2,72,,110964,6,0,5,1,32,,110962,6,0,5,1,73,,110974,6,0,5,2,32,,110951,6,0,5,2,69,,110965,6,0,5,1,33,,110963,6,0,5,1
20401,'H60M000A-71-A',552,,149262,7,0,5,1,73,,149272,7,0,5,1,33,,149284,7,0,5,1,73,,149263,7,0,5,1,74,,149273,7,0,5,1,32,,149285,7,0,5,1,72,,149264,7,0,5,1,32,,149274,7,0,5,1,73,,149286,7,0,5,1,32,,149265,7,0,5,1,72,,149275,7,0,5,1,32,,149287,7,0,5,1,74,,149266,7,0,5,1,33,,149276,7,0,5,1,74,,149288,7,0,5,1,73,,149267,7,0,5,1,32,,149293,7,0,5,1,72,,149277,7,0,5,1,32,,149289,7,0,5,1,72,,149268,7,0,5,1,32,,149294,7,0,5,1,72,,149278,7,0,5,1,30,,149290,7,0,5,1,72,,149269,7,0,5,1,32,,149295,7,0,5,1,70,,149261,7,0,5,1,30,,149292,7,0,5,1,70,,149283,7,0,5,1,30,,149291,7,0,5,1,70,,149296,7,0,5,1,30,,149270,7,0,5,1,70,,149279,7,0,5,1,29,,149281,7,0,5,1,73,,149271,7,0,5,1,30,,149280,7,0,5,1,65,,149282,7,0,5,1
20401,'H60M000I-71-I',707,,149297,7,0,5,1,31,,149304,7,0,5,1,71,,149314,7,0,5,1,32,,149298,7,0,5,1,72,,149305,7,0,5,1,31,,149319,7,0,5,1,71,,149299,7,0,5,1,31,,149306,7,0,5,1,71,,149315,7,0,5,1,31,,149300,7,0,5,1,73,,149307,7,0,5,1,31,,149316,7,0,5,1,71,,149301,7,0,5,1,30,,149324,7,0,5,1,71,,149308,7,0,5,1,30,,149317,7,0,5,1,70,,149302,7,0,5,1,29,,149325,7,0,5,1,70,,149309,7,0,5,1,30,,149318,7,0,5,1,70,,149303,7,0,5,1,30,,149326,7,0,5,1,72,,149310,7,0,5,1,33,,149320,7,0,5,1,73,,149327,7,0,5,1,72,,149311,7,0,5,1,32,,149321,7,0,5,1,73,,149328,7,0,5,1,32,,149312,7,0,5,1,72,,149322,7,0,5,1,32,,149329,7,0,5,1,71,,149313,7,0,5,1,31,,149323,7,0,5,1,71,,149330,7,0,5,1
20401,'H60M000S-71-S',559,,149331,7,0,5,1,76,,149355,7,0,5,1,74,,149336,7,0,5,1,16,,149347,7,0,5,1,33,,149352,7,0,5,1,66,,149356,7,0,5,1,34,,149337,7,0,5,1,73,,149348,7,0,5,1,73,,149357,7,0,5,1,33,,149338,7,0,5,1,73,,149349,7,0,5,1,34,,149358,7,0,5,1,74,,149339,7,0,5,1,34,,149350,7,0,5,1,74,,149353,7,0,5,1,74,,149340,7,0,5,1,36,,149351,7,0,5,1,75,,149354,7,0,5,1,35,,149341,7,0,5,1,68,,149360,7,0,5,1,29,,149359,7,0,5,1,69,,149366,7,0,5,1,26,,149346,7,0,5,1,68,,149361,7,0,5,1,30,,149332,7,0,5,1,70,,149342,7,0,5,1,31,,149362,7,0,5,1,72,,149333,7,0,5,1,31,,149343,7,0,5,1,71,,149363,7,0,5,1,31,,149334,7,0,5,1,71,,149344,7,0,5,1,30,,149364,7,0,5,1,71,,149335,7,0,5,1,31,,149345,7,0,5,1,70,,149365,7,0,5,1
20401,'H60M100F-71-F1',707,,149374,7,0,5,1,31,,149381,7,0,5,1,71,,149391,7,0,5,1,32,,149375,7,0,5,1,72,,149382,7,0,5,1,31,,149392,7,0,5,1,71,,149379,7,0,5,1,31,,149383,7,0,5,1,71,,149393,7,0,5,1,31,,149376,7,0,5,1,73,,149367,7,0,5,1,31,,149394,7,0,5,1,71,,149377,7,0,5,1,30,,149384,7,0,5,1,71,,149368,7,0,5,1,30,,149395,7,0,5,1,70,,149378,7,0,5,1,29,,149385,7,0,5,1,70,,149369,7,0,5,1,30,,149396,7,0,5,1,70,,149380,7,0,5,1,30,,149386,7,0,5,1,72,,149370,7,0,5,1,33,,149397,7,0,5,1,73,,149387,7,0,5,1,72,,149371,7,0,5,1,32,,149399,7,0,5,1,73,,149388,7,0,5,1,32,,149372,7,0,5,1,72,,149398,7,0,5,1,32,,149389,7,0,5,1,71,,149373,7,0,5,1,31,,149400,7,0,5,1,71,,149390,7,0,5,1
20401,'H60M200F-71-F2',707,,149401,7,0,5,1,31,,149408,7,0,5,1,71,,149418,7,0,5,1,32,,149402,7,0,5,1,72,,149409,7,0,5,1,31,,149419,7,0,5,1,71,,149403,7,0,5,1,31,,149410,7,0,5,1,71,,149420,7,0,5,1,31,,149404,7,0,5,1,73,,149428,7,0,5,1,31,,149421,7,0,5,1,71,,149405,7,0,5,1,30,,149411,7,0,5,1,71,,149429,7,0,5,1,30,,149422,7,0,5,1,70,,149406,7,0,5,1,29,,149412,7,0,5,1,70,,149430,7,0,5,1,30,,149423,7,0,5,1,70,,149407,7,0,5,1,30,,149413,7,0,5,1,72,,149431,7,0,5,1,33,,149424,7,0,5,1,73,,149414,7,0,5,1,72,,149432,7,0,5,1,32,,149425,7,0,5,1,73,,149415,7,0,5,1,32,,149433,7,0,5,1,72,,149426,7,0,5,1,32,,149416,7,0,5,1,71,,149434,7,0,5,1,31,,149427,7,0,5,1,71,,149417,7,0,5,1
20401,'H60M300F-71-F3',707,,149442,7,0,5,1,31,,149449,7,0,5,1,71,,149459,7,0,5,1,32,,149443,7,0,5,1,72,,149450,7,0,5,1,31,,149460,7,0,5,1,71,,149447,7,0,5,1,31,,149452,7,0,5,1,71,,149461,7,0,5,1,31,,149444,7,0,5,1,73,,149451,7,0,5,1,31,,149462,7,0,5,1,71,,149445,7,0,5,1,30,,149435,7,0,5,1,71,,149453,7,0,5,1,30,,149463,7,0,5,1,70,,149448,7,0,5,1,29,,149436,7,0,5,1,70,,149454,7,0,5,1,30,,149464,7,0,5,1,70,,149446,7,0,5,1,30,,149437,7,0,5,1,72,,149455,7,0,5,1,33,,149465,7,0,5,1,73,,149438,7,0,5,1,72,,149456,7,0,5,1,32,,149466,7,0,5,1,73,,149439,7,0,5,1,32,,149457,7,0,5,1,72,,149467,7,0,5,1,32,,149440,7,0,5,1,71,,149458,7,0,5,1,31,,149468,7,0,5,1,71,,149441,7,0,5,1
