18501,'H59U000A-80-A',602,,265807,12,0,5,1,27,,265815,12,0,5,1,71,,265808,12,0,5,1,29,,265809,12,0,5,1,29,,265816,12,0,5,1,70,,265817,12,0,5,2,31,,265810,12,0,5,1,71,,265821,12,0,5,1,71,,265818,12,0,5,2,31,,265811,12,0,5,1,73,,265822,12,0,5,1,31,,265819,12,0,5,2,73,,265812,12,0,5,1,34,,265833,12,0,5,2,73,,265823,12,0,5,1,32,,265831,12,0,5,1,71,,265813,12,0,5,1,31,,265834,12,0,5,2,70,,265824,12,0,5,1,30,,265832,12,0,5,1,70,,265814,12,0,5,1,30,,265835,12,0,5,2,70,,265825,12,0,5,1,30,,265820,12,0,5,2,70,,265836,12,0,5,1,31,,265802,12,0,5,2,72,,265826,12,0,5,1,30,,265837,12,0,5,1,71,,265803,12,0,5,2,31,,265827,12,0,5,1,70,,265838,12,0,5,1,31,,265804,12,0,5,2,70,,265828,12,0,5,1,30,,265839,12,0,5,1,69,,265805,12,0,5,2,29,,265829,12,0,5,1,69,,265840,12,0,5,1,29,,265806,12,0,5,2,65,,265830,12,0,5,1
18501,'H59U000I-80-I',602,,265841,12,0,5,1,31,,265853,12,0,5,2,70,,265865,12,0,5,1,33,,265842,12,0,5,1,74,,265854,12,0,5,2,31,,265866,12,0,5,1,71,,265843,12,0,5,1,31,,265855,12,0,5,2,73,,265867,12,0,5,1,34,,265844,12,0,5,1,73,,265856,12,0,5,2,31,,265868,12,0,5,1,74,,265845,12,0,5,1,73,,265857,12,0,5,2,33,,265869,12,0,5,1,73,,265872,12,0,5,1,33,,265846,12,0,5,1,71,,265858,12,0,5,2,30,,265870,12,0,5,1,71,,265873,12,0,5,1,31,,265847,12,0,5,1,70,,265859,12,0,5,2,29,,265871,12,0,5,1,69,,265874,12,0,5,1,29,,265848,12,0,5,1,70,,265860,12,0,5,2,30,,265875,12,0,5,1,69,,265849,12,0,5,1,30,,265861,12,0,5,2,69,,265876,12,0,5,1,30,,265850,12,0,5,1,69,,265862,12,0,5,2,28,,265877,12,0,5,1,67,,265851,12,0,5,1,28,,265863,12,0,5,2,28,,265878,12,0,5,1,66,,265852,12,0,5,1,28,,265864,12,0,5,2,67,,265879,12,0,5,1
18501,'H59U000S-80-S',608,,265880,12,0,5,1,32,,265885,12,0,5,2,75,,265882,12,0,5,1,34,,265881,12,0,5,1,72,,265883,12,0,5,1,32,,265906,12,0,5,1,73,,265886,12,0,5,1,31,,265916,12,0,5,1,71,,265884,12,0,5,1,30,,265907,12,0,5,1,70,,265887,12,0,5,1,29,,265917,12,0,5,1,68,,265895,12,0,5,2,26,,265908,12,0,5,1,67,,265888,12,0,5,1,28,,265918,12,0,5,1,69,,265896,12,0,5,2,30,,265909,12,0,5,1,69,,265889,12,0,5,1,31,,265919,12,0,5,1,69,,265897,12,0,5,2,30,,265910,12,0,5,1,71,,265890,12,0,5,1,30,,265904,12,0,5,1,67,,265898,12,0,5,2,25,,265911,12,0,5,1,67,,265891,12,0,5,1,26,,265905,12,0,5,1,25,,265899,12,0,5,2,70,,265912,12,0,5,1,30,,265892,12,0,5,1,71,,265900,12,0,5,2,30,,265913,12,0,5,1,70,,265893,12,0,5,1,28,,265901,12,0,5,2,68,,265914,12,0,5,1,29,,265894,12,0,5,1,68,,265902,12,0,5,2,29,,265915,12,0,5,1,70,,265903,12,0,5,2
18501,'H59U100F-80-F1',602,,265920,12,0,5,1,31,,265932,12,0,5,2,70,,265944,12,0,5,1,33,,265921,12,0,5,1,74,,265933,12,0,5,2,31,,265945,12,0,5,1,71,,265922,12,0,5,1,31,,265934,12,0,5,2,73,,265946,12,0,5,1,34,,265923,12,0,5,1,73,,265935,12,0,5,2,31,,265947,12,0,5,1,74,,265924,12,0,5,1,73,,265936,12,0,5,2,33,,265948,12,0,5,1,73,,265951,12,0,5,1,33,,265925,12,0,5,1,71,,265937,12,0,5,2,30,,265949,12,0,5,1,71,,265952,12,0,5,1,31,,265926,12,0,5,1,70,,265938,12,0,5,2,29,,265950,12,0,5,1,69,,265953,12,0,5,1,29,,265927,12,0,5,1,70,,265939,12,0,5,2,30,,265954,12,0,5,1,69,,265928,12,0,5,1,30,,265940,12,0,5,2,69,,265955,12,0,5,1,30,,265929,12,0,5,1,69,,265941,12,0,5,2,28,,265956,12,0,5,1,67,,265930,12,0,5,1,28,,265942,12,0,5,2,28,,265957,12,0,5,1,66,,265931,12,0,5,1,28,,265943,12,0,5,2,67,,265958,12,0,5,1
18501,'H59U200F-80-F2',602,,265959,12,0,5,1,31,,265960,12,0,5,2,70,,265961,12,0,5,1,33,,265962,12,0,5,1,74,,265963,12,0,5,2,31,,265964,12,0,5,1,71,,265965,12,0,5,1,31,,265966,12,0,5,2,73,,265967,12,0,5,1,34,,265968,12,0,5,1,73,,265969,12,0,5,2,31,,265970,12,0,5,1,74,,265971,12,0,5,1,73,,265972,12,0,5,2,33,,265973,12,0,5,1,73,,265974,12,0,5,1,33,,265975,12,0,5,1,71,,265976,12,0,5,2,30,,265977,12,0,5,1,71,,265978,12,0,5,1,31,,265979,12,0,5,1,70,,265980,12,0,5,2,29,,265981,12,0,5,1,69,,265982,12,0,5,1,29,,265983,12,0,5,1,70,,265984,12,0,5,2,30,,265985,12,0,5,1,69,,265986,12,0,5,1,30,,265987,12,0,5,2,69,,265988,12,0,5,1,30,,265989,12,0,5,1,69,,265990,12,0,5,2,28,,265991,12,0,5,1,67,,265992,12,0,5,1,28,,265993,12,0,5,2,28,,265994,12,0,5,1,66,,265995,12,0,5,1,28,,265996,12,0,5,2,67,,265997,12,0,5,1
36401,'H54U000A-80-A',2609,,277444,33,0,5,2,47,,277443,33,0,5,1,71,,277447,33,0,5,1,10,,277446,33,0,5,1,85,,277445,33,0,5,1,84,,277448,33,0,5,2
36401,'H54U000I-80-I',2603,,277450,33,0,5,2,46,,277453,33,0,5,1,71,,277454,33,0,5,1,31,,277451,33,0,5,1,71,,277449,33,0,5,1,81,,277452,33,0,5,1
36401,'H54U000S-81-S',2606,,277456,33,0,5,1,44,,277455,33,0,5,1,84,,277459,33,0,5,2,84,,277458,33,0,5,1,85,,277457,33,0,5,1
36401,'H54U100F-80-F1',2603,,277461,33,0,5,2,46,,277464,33,0,5,1,71,,277465,33,0,5,1,31,,277462,33,0,5,1,71,,277460,33,0,5,1,81,,277463,33,0,5,1
36401,'H54U200F-82-F2',2603,,277471,33,0,5,1,46,,277469,33,0,5,1,71,,277468,33,0,5,2,31,,277470,33,0,5,2,71,,277467,33,0,5,1,81,,277466,33,0,5,2
