12502,'H59U000A-80-A',536,,253684,22,0,10,1,73,,253690,22,0,10,1,33,,253661,22,0,10,1,73,,253666,22,0,10,1,31,,253691,22,0,10,1,72,,253662,22,0,10,1,35,,253667,22,0,10,1,73,,253692,22,0,10,1,31,,253663,22,0,10,1,70,,253675,22,0,10,1,27,,253668,22,0,10,1,68,,253693,22,0,10,1,29,,253664,22,0,10,1,71,,253676,22,0,10,1,27,,253669,22,0,10,1,64,,253701,22,0,10,2,21,,253694,22,0,10,1,21,,253665,22,0,10,1,58,,253688,22,0,10,1,26,,253677,22,0,10,1,67,,253670,22,0,10,1,27,,253695,22,0,10,1,21,,253685,22,0,10,1,60,,253689,22,0,10,1,22,,253678,22,0,10,1,71,,253671,22,0,10,1,31,,253696,22,0,10,1,68,,253686,22,0,10,1,30,,253679,22,0,10,1,68,,253672,22,0,10,1,26,,253697,22,0,10,1,70,,253687,22,0,10,1,29,,253680,22,0,10,1,72,,253673,22,0,10,1,31,,253698,22,0,10,1,73,,253681,22,0,10,1,29,,253674,22,0,10,1,71,,253699,22,0,10,1,41,,253682,22,0,10,1,86,,253700,22,0,10,1,71,,253660,22,0,10,1,36,,253683,22,0,10,1
12502,'H59U000I-80-I',536,,253719,22,0,10,2,75,,253708,22,0,10,1,35,,253720,22,0,10,2,76,,253709,22,0,10,1,33,,253721,22,0,10,2,69,,253740,22,0,10,1,31,,253710,22,0,10,1,69,,253722,22,0,10,2,30,,253741,22,0,10,1,73,,253711,22,0,10,1,32,,253723,22,0,10,2,69,,253702,22,0,10,1,27,,253737,22,0,10,2,69,,253712,22,0,10,1,28,,253724,22,0,10,2,69,,253703,22,0,10,1,29,,253738,22,0,10,2,71,,253713,22,0,10,1,29,,253725,22,0,10,2,69,,253704,22,0,10,1,24,,253739,22,0,10,2,58,,253728,22,0,10,1,22,,253714,22,0,10,1,28,,253726,22,0,10,2,69,,253705,22,0,10,1,20,,253734,22,0,10,1,64,,253729,22,0,10,1,26,,253715,22,0,10,1,27,,253727,22,0,10,2,67,,253735,22,0,10,1,27,,253730,22,0,10,1,70,,253716,22,0,10,1,30,,253736,22,0,10,1,70,,253731,22,0,10,1,79,,253717,22,0,10,1,43,,253706,22,0,10,1,81,,253718,22,0,10,1,34,,253732,22,0,10,1,81,,253707,22,0,10,1,77,,253733,22,0,10,1
12502,'H59U000S-80-S',539,,253746,22,0,10,2,70,,253742,22,0,10,1,30,,253745,22,0,10,2,67,,253748,22,0,10,1,32,,253747,22,0,10,2,71,,253776,22,0,10,1,30,,253761,22,0,10,1,69,,253749,22,0,10,1,29,,253769,22,0,10,1,72,,253777,22,0,10,1,31,,253762,22,0,10,1,70,,253750,22,0,10,1,31,,253770,22,0,10,1,72,,253778,22,0,10,1,29,,253763,22,0,10,1,70,,253751,22,0,10,1,30,,253771,22,0,10,1,69,,253779,22,0,10,1,31,,253764,22,0,10,1,71,,253752,22,0,10,1,31,,253772,22,0,10,1,70,,253780,22,0,10,1,31,,253765,22,0,10,1,71,,253753,22,0,10,1,31,,253773,22,0,10,1,72,,253781,22,0,10,1,32,,253766,22,0,10,1,70,,253754,22,0,10,1,29,,253774,22,0,10,1,68,,253782,22,0,10,1,31,,253767,22,0,10,1,71,,253755,22,0,10,1,30,,253775,22,0,10,1,70,,253783,22,0,10,1,30,,253768,22,0,10,1,69,,253756,22,0,10,1,31,,253785,22,0,10,2,68,,253784,22,0,10,1,30,,253786,22,0,10,1,70,,253757,22,0,10,1
12502,'H59U100F-80-F1',536,,253804,22,0,10,2,75,,253793,22,0,10,1,35,,253805,22,0,10,2,76,,253794,22,0,10,1,33,,253806,22,0,10,2,69,,253825,22,0,10,1,31,,253795,22,0,10,1,69,,253807,22,0,10,2,30,,253826,22,0,10,1,73,,253796,22,0,10,1,32,,253808,22,0,10,2,69,,253787,22,0,10,1,27,,253822,22,0,10,2,69,,253797,22,0,10,1,28,,253809,22,0,10,2,69,,253788,22,0,10,1,29,,253823,22,0,10,2,71,,253798,22,0,10,1,29,,253810,22,0,10,2,69,,253789,22,0,10,1,24,,253824,22,0,10,2,58,,253813,22,0,10,1,22,,253799,22,0,10,1,28,,253811,22,0,10,2,69,,253790,22,0,10,1,20,,253819,22,0,10,1,64,,253814,22,0,10,1,26,,253800,22,0,10,1,27,,253812,22,0,10,2,67,,253820,22,0,10,1,27,,253815,22,0,10,1,70,,253801,22,0,10,1,30,,253821,22,0,10,1,70,,253816,22,0,10,1,79,,253802,22,0,10,1,43,,253791,22,0,10,1,81,,253803,22,0,10,1,34,,253817,22,0,10,1,81,,253792,22,0,10,1,77,,253818,22,0,10,1
12502,'H59U200F-80-F2',536,,253827,22,0,10,2,75,,253828,22,0,10,1,35,,253829,22,0,10,2,76,,253830,22,0,10,1,33,,253831,22,0,10,2,69,,253832,22,0,10,1,31,,253833,22,0,10,1,69,,253834,22,0,10,2,30,,253835,22,0,10,1,73,,253836,22,0,10,1,32,,253837,22,0,10,2,69,,253838,22,0,10,1,27,,253839,22,0,10,2,69,,253840,22,0,10,1,28,,253841,22,0,10,2,69,,253842,22,0,10,1,29,,253843,22,0,10,2,71,,253844,22,0,10,1,29,,253845,22,0,10,2,69,,253846,22,0,10,1,24,,253847,22,0,10,2,58,,253848,22,0,10,1,22,,253849,22,0,10,1,28,,253850,22,0,10,2,69,,253851,22,0,10,1,20,,253852,22,0,10,1,64,,253853,22,0,10,1,26,,253854,22,0,10,1,27,,253855,22,0,10,2,67,,253856,22,0,10,1,27,,253857,22,0,10,1,70,,253858,22,0,10,1,30,,253859,22,0,10,1,70,,253860,22,0,10,1,79,,253861,22,0,10,1,43,,253862,22,0,10,1,81,,253863,22,0,10,1,34,,253864,22,0,10,1,81,,253865,22,0,10,1,77,,253866,22,0,10,1
36002,'H56U000A-80-A',2531,,277166,2,0,10,1,85,,277165,2,0,10,1,84,,277162,2,0,10,1,45,,277164,2,0,10,1,85,,277163,2,0,10,1
36002,'H56U000I-80-I',2530,,277171,2,0,10,2,85,,277167,2,0,10,1,85,,277169,2,0,10,1,45,,277168,2,0,10,1,85,,277170,2,0,10,1
36002,'H56U000S-81-S',2531,,277173,2,0,10,2,84,,277176,2,0,10,1,85,,277174,2,0,10,1,45,,277175,2,0,10,2,85,,277172,2,0,10,1
36002,'H56U100F-80-F1',2530,,277181,2,0,10,2,85,,277177,2,0,10,1,85,,277179,2,0,10,1,45,,277178,2,0,10,1,85,,277180,2,0,10,1
36002,'H56U200F-80-F2',2530,,277186,2,0,10,2,85,,277182,2,0,10,1,85,,277184,2,0,10,1,45,,277183,2,0,10,1,85,,277185,2,0,10,1
