20001,'H60U000A-85-A',632,,270299,34,0,5,1,70,,270311,34,0,5,2,29,,270320,34,0,5,1,69,,270300,34,0,5,1,33,,270310,34,0,5,2,72,,270321,34,0,5,1,31,,270301,34,0,5,1,69,,270312,34,0,5,2,29,,270322,34,0,5,1,70,,270302,34,0,5,1,28,,270313,34,0,5,2,69,,270323,34,0,5,1,30,,270303,34,0,5,1,70,,270314,34,0,5,2,30,,270324,34,0,5,1,71,,270304,34,0,5,1,31,,270315,34,0,5,2,69,,270325,34,0,5,1,30,,270305,34,0,5,1,70,,270316,34,0,5,2,30,,270326,34,0,5,1,69,,270306,34,0,5,1,29,,270317,34,0,5,2,70,,270327,34,0,5,1,31,,270307,34,0,5,1,71,,270318,34,0,5,2,31,,270328,34,0,5,1,68,,270308,34,0,5,1,30,,270319,34,0,5,2,70,,270329,34,0,5,1,30,,270309,34,0,5,1
20001,'H60U000I-84-I',804,,270348,34,0,5,1,30,,270339,34,0,5,2,71,,270330,34,0,5,2,29,,270349,34,0,5,1,69,,270340,34,0,5,2,29,,270331,34,0,5,2,70,,270350,34,0,5,1,31,,270341,34,0,5,2,69,,270332,34,0,5,2,30,,270351,34,0,5,1,70,,270342,34,0,5,2,30,,270333,34,0,5,2,70,,270352,34,0,5,1,30,,270343,34,0,5,2,69,,270334,34,0,5,2,30,,270353,34,0,5,1,70,,270344,34,0,5,2,29,,270335,34,0,5,2,29,,270354,34,0,5,1,71,,270345,34,0,5,2,71,,270336,34,0,5,2,31,,270355,34,0,5,1,72,,270346,34,0,5,2,29,,270337,34,0,5,2,70,,270356,34,0,5,1,29,,270347,34,0,5,2,69,,270338,34,0,5,2,30,,270357,34,0,5,1
20001,'H60U000S-86-S',621,,270361,34,0,5,1,22,,270358,34,0,5,2,62,,270369,34,0,5,1,22,,270387,34,0,5,2,22,,270362,34,0,5,1,55,,270386,34,0,5,2,13,,270359,34,0,5,2,12,,270368,34,0,5,1,13,,270370,34,0,5,1,15,,270388,34,0,5,2,55,,270380,34,0,5,1,15,,270363,34,0,5,1,21,,270360,34,0,5,2,62,,270371,34,0,5,1,26,,270381,34,0,5,1,72,,270364,34,0,5,1,30,,270372,34,0,5,1,71,,270382,34,0,5,1,31,,270365,34,0,5,1,72,,270373,34,0,5,1,30,,270383,34,0,5,1,70,,270366,34,0,5,1,28,,270374,34,0,5,1,72,,270384,34,0,5,1,31,,270367,34,0,5,1,75,,270375,34,0,5,1,28,,270385,34,0,5,1,66,,270389,34,0,5,1,17,,270393,34,0,5,2,23,,270376,34,0,5,1,62,,270397,34,0,5,2,24,,270390,34,0,5,1,64,,270394,34,0,5,2,28,,270377,34,0,5,1,71,,270391,34,0,5,1,30,,270395,34,0,5,2,70,,270378,34,0,5,1,30,,270392,34,0,5,1,69,,270396,34,0,5,2,30,,270379,34,0,5,1
20001,'H60U100F-85-F1',804,,270416,34,0,5,1,30,,270398,34,0,5,2,71,,270407,34,0,5,2,29,,270417,34,0,5,1,69,,270399,34,0,5,2,29,,270408,34,0,5,2,70,,270418,34,0,5,1,31,,270400,34,0,5,2,69,,270409,34,0,5,2,30,,270419,34,0,5,1,70,,270401,34,0,5,2,30,,270410,34,0,5,2,70,,270420,34,0,5,1,30,,270402,34,0,5,2,69,,270411,34,0,5,2,30,,270421,34,0,5,1,70,,270403,34,0,5,2,29,,270412,34,0,5,2,29,,270422,34,0,5,1,71,,270404,34,0,5,2,71,,270413,34,0,5,2,31,,270423,34,0,5,1,72,,270405,34,0,5,2,29,,270414,34,0,5,2,70,,270424,34,0,5,1,29,,270406,34,0,5,2,69,,270415,34,0,5,2,30,,270425,34,0,5,1
20001,'H60U200F-83-F2',804,,270444,34,0,5,1,30,,270426,34,0,5,2,71,,270435,34,0,5,2,29,,270445,34,0,5,1,69,,270427,34,0,5,2,29,,270436,34,0,5,2,70,,270446,34,0,5,1,31,,270428,34,0,5,2,69,,270437,34,0,5,2,30,,270447,34,0,5,1,70,,270429,34,0,5,2,30,,270438,34,0,5,2,70,,270448,34,0,5,1,30,,270430,34,0,5,2,69,,270439,34,0,5,2,30,,270449,34,0,5,1,70,,270431,34,0,5,2,29,,270440,34,0,5,2,29,,270450,34,0,5,1,71,,270432,34,0,5,2,71,,270441,34,0,5,2,31,,270451,34,0,5,1,72,,270433,34,0,5,2,29,,270442,34,0,5,2,70,,270452,34,0,5,1,29,,270434,34,0,5,2,69,,270443,34,0,5,2,30,,270453,34,0,5,1
38201,'H60U000A-85-A',2554,,278012,8,0,5,1,85,,278015,8,0,5,1,85,,278013,8,0,5,2,85,,278014,8,0,5,1
38201,'H60U000I-84-I',2554,,278017,8,0,5,1,85,,278018,8,0,5,1,85,,278016,8,0,5,1,85,,278019,8,0,5,1
38201,'H60U000S-86-S',2553,,278021,8,0,5,1,86,,278020,8,0,5,1,85,,278023,8,0,5,2,85,,278022,8,0,5,1
38201,'H60U100F-85-F1',2554,,278025,8,0,5,1,85,,278026,8,0,5,1,85,,278024,8,0,5,1,85,,278027,8,0,5,2
38201,'H60U200F-83-F2',2554,,278029,8,0,5,1,85,,278030,8,0,5,1,85,,278028,8,0,5,1,85,,278031,8,0,5,2
