4801,'H58U000A-80-A',624,,231608,20,0,5,1,100,,231621,20,0,5,1,100,,231613,20,0,5,1,102,,231622,20,0,5,1,90,,231614,20,0,5,1,87,,231669,20,0,5,1,20,,231670,20,0,5,2,36,,231637,20,0,5,1,70,,231632,20,0,5,2,72,,231647,20,0,5,1,34,,231653,20,0,5,2,74,,231638,20,0,5,1,32,,231633,20,0,5,2,14,,231611,20,0,5,2,68,,231641,20,0,5,2,20,,231643,20,0,5,1,73,,231627,20,0,5,2,17,,231639,20,0,5,1,74,,231617,20,0,5,1,31,,231629,20,0,5,1,65,,231644,20,0,5,1,13,,231658,20,0,5,2,26,,231671,20,0,5,1,68,,231649,20,0,5,1,31,,231630,20,0,5,1,72,,231623,20,0,5,1,16,,231659,20,0,5,2,29,,231656,20,0,5,2,53,,231650,20,0,5,1,26,,231663,20,0,5,2,15,,231631,20,0,5,1,73,,231660,20,0,5,2,16,,231673,20,0,5,1,16,,231651,20,0,5,1,71,,231620,20,0,5,1,75,,231665,20,0,5,1,20,,231661,20,0,5,2,35,,231652,20,0,5,1,72,,231664,20,0,5,2,87,,231674,20,0,5,2
4801,'H58U000I-80-I',553,,231727,20,0,5,1,61,,231736,20,0,5,1,106,,231679,20,0,5,2,103,,231697,20,0,5,1,97,,231680,20,0,5,2,91,,231723,20,0,5,1,45,,231693,20,0,5,1,83,,231725,20,0,5,1,76,,231686,20,0,5,1,36,,231694,20,0,5,1,77,,231682,20,0,5,2,76,,231726,20,0,5,2,14,,231687,20,0,5,1,30,,231695,20,0,5,1,54,,231717,20,0,5,2,30,,231683,20,0,5,2,69,,231708,20,0,5,2,30,,231701,20,0,5,1,28,,231718,20,0,5,2,71,,231684,20,0,5,2,28,,231709,20,0,5,2,68,,231734,20,0,5,1,13,,231702,20,0,5,1,69,,231737,20,0,5,1,30,,231685,20,0,5,2,74,,231690,20,0,5,1,32,,231735,20,0,5,1,15,,231730,20,0,5,1,74,,231677,20,0,5,2,17,,231711,20,0,5,2,76,,231720,20,0,5,2,25,,231731,20,0,5,1,92,,231712,20,0,5,2,98,,231732,20,0,5,1,102,,231713,20,0,5,2
4801,'H58U000S-80-S',528,,231753,20,0,5,1,19,,231742,20,0,5,2,77,,231748,20,0,5,1,21,,231756,20,0,5,1,78,,231777,20,0,5,2,82,,231785,20,0,5,2,43,,231792,20,0,5,1,82,,231778,20,0,5,2,85,,231769,20,0,5,2,86,,231793,20,0,5,1,35,,231787,20,0,5,1,78,,231754,20,0,5,1,33,,231770,20,0,5,2,70,,231763,20,0,5,1,27,,231788,20,0,5,1,68,,231740,20,0,5,2,27,,231761,20,0,5,1,66,,231743,20,0,5,1,10,,231795,20,0,5,1,26,,231800,20,0,5,2,12,,231812,20,0,5,2,59,,231805,20,0,5,2,8,,231739,20,0,5,2,7,,231741,20,0,5,2,11,,231775,20,0,5,2,6,,231752,20,0,5,2,5,,231811,20,0,5,2,6,,231807,20,0,5,2,46,,231762,20,0,5,1,16,,231751,20,0,5,1,8,,231744,20,0,5,1,8,,231806,20,0,5,1,15,,231765,20,0,5,1,7,,231814,20,0,5,2,46,,231801,20,0,5,2,16,,231813,20,0,5,2,9,,231821,20,0,5,2,20,,231820,20,0,5,1,10,,231809,20,0,5,2,63,,231780,20,0,5,2,24,,231824,20,0,5,1,12,,231766,20,0,5,1,65,,231816,20,0,5,2,27,,231791,20,0,5,1,71,,231781,20,0,5,2,33,,231767,20,0,5,1,72,,231817,20,0,5,2,29,,231773,20,0,5,1,70,,231782,20,0,5,2,16,,231768,20,0,5,1,16,,231802,20,0,5,2,74,,231826,20,0,5,2,76,,231783,20,0,5,2,40,,231803,20,0,5,2
4801,'H58U100F-80-F1',553,,231877,20,0,5,1,61,,231886,20,0,5,1,106,,231829,20,0,5,2,103,,231847,20,0,5,1,97,,231830,20,0,5,2,91,,231873,20,0,5,1,45,,231843,20,0,5,1,83,,231875,20,0,5,1,76,,231836,20,0,5,1,36,,231844,20,0,5,1,77,,231832,20,0,5,2,76,,231876,20,0,5,2,14,,231837,20,0,5,1,30,,231845,20,0,5,1,54,,231867,20,0,5,2,30,,231833,20,0,5,2,69,,231858,20,0,5,2,30,,231851,20,0,5,1,28,,231868,20,0,5,2,71,,231834,20,0,5,2,28,,231859,20,0,5,2,68,,231884,20,0,5,1,13,,231852,20,0,5,1,69,,231887,20,0,5,1,30,,231835,20,0,5,2,74,,231840,20,0,5,1,32,,231885,20,0,5,1,15,,231880,20,0,5,1,74,,231827,20,0,5,2,17,,231861,20,0,5,2,76,,231870,20,0,5,2,25,,231881,20,0,5,1,92,,231862,20,0,5,2,98,,231882,20,0,5,1,102,,231863,20,0,5,2
4801,'H58U200F-80-F2',553,,231908,20,0,5,1,61,,231929,20,0,5,2,106,,231907,20,0,5,2,103,,231896,20,0,5,2,97,,231941,20,0,5,1,91,,231919,20,0,5,2,45,,231939,20,0,5,1,83,,231942,20,0,5,1,76,,231901,20,0,5,2,36,,231898,20,0,5,2,77,,231916,20,0,5,1,76,,231934,20,0,5,2,14,,231902,20,0,5,2,30,,231899,20,0,5,2,54,,231910,20,0,5,1,30,,231917,20,0,5,1,69,,231935,20,0,5,2,30,,231922,20,0,5,2,28,,231911,20,0,5,1,71,,231918,20,0,5,1,28,,231936,20,0,5,2,68,,231904,20,0,5,2,13,,231923,20,0,5,2,69,,231889,20,0,5,1,30,,231946,20,0,5,2,74,,231906,20,0,5,1,32,,231895,20,0,5,1,15,,231948,20,0,5,1,74,,231930,20,0,5,2,17,,231891,20,0,5,2,76,,231925,20,0,5,2,25,,231949,20,0,5,1,92,,231892,20,0,5,2,98,,231950,20,0,5,1,102,,231893,20,0,5,2
35301,'H54U000A-80-A',2659,,276683,65,0,5,1,89,,276682,65,0,5,1,86,,276685,65,0,5,2,81,,276684,65,0,5,1
35301,'H54U000I-80-I',2615,,276687,65,0,5,2,88,,276686,65,0,5,1,45,,276688,65,0,5,1,85,,276689,65,0,5,1,81,,276690,65,0,5,2
35301,'H54U000S-81-S',2615,,276691,65,0,5,1,85,,276695,65,0,5,1,46,,276693,65,0,5,1,85,,276692,65,0,5,1,80,,276694,65,0,5,1
35301,'H54U100F-80-F1',2615,,276697,65,0,5,2,88,,276696,65,0,5,1,45,,276698,65,0,5,1,85,,276699,65,0,5,1,81,,276700,65,0,5,2
35301,'H54U200F-82-F2',2615,,276702,65,0,5,2,88,,276703,65,0,5,1,45,,276705,65,0,5,1,85,,276704,65,0,5,1,81,,276701,65,0,5,1
43203,'H54U000S-81-S',944,,278585,26,0,99 108,1,70,,278597,26,0,99 108,2,32,,278594,26,0,99 108,1,70,,278602,26,0,99 108,1,30,,278586,26,0,99 108,1,71,,278598,26,0,99 108,2,31,,278607,26,0,99 108,1,70,,278603,26,0,99 108,1,30,,278587,26,0,99 108,1,70,,278599,26,0,99 108,2,31,,278608,26,0,99 108,1,71,,278604,26,0,99 108,1,31,,278588,26,0,99 108,1,75,,278600,26,0,99 108,2,31,,278609,26,0,99 108,2,67,,278605,26,0,99 108,1,13,,278610,26,0,99 108,2,15,,278589,26,0,99 108,1,54,,278590,26,0,99 108,1,14,,278601,26,0,99 108,2,25,,278606,26,0,99 108,1,67,,278611,26,0,99 108,2,29,,278591,26,0,99 108,1
43203,'H54U200F-82-F2',944,,278630,26,0,99 108,2,70,,278617,26,0,99 108,1,32,,278627,26,0,99 108,1,70,,278622,26,0,99 108,1,30,,278631,26,0,99 108,2,71,,278618,26,0,99 108,1,31,,278628,26,0,99 108,1,70,,278623,26,0,99 108,1,30,,278632,26,0,99 108,2,70,,278619,26,0,99 108,1,31,,278629,26,0,99 108,1,71,,278624,26,0,99 108,1,31,,278633,26,0,99 108,2,75,,278620,26,0,99 108,1,30,,278636,26,0,99 108,2,68,,278625,26,0,99 108,1,28,,278634,26,0,99 108,2,68,,278621,26,0,99 108,1,25,,278637,26,0,99 108,2,67,,278613,26,0,99 108,1,29,,278635,26,0,99 108,2
