35602,'H56M000A-70-A',2603,,154180,75,0,10,1,19,,154183,75,0,10,1,20,,154186,75,0,10,2,60,,154175,75,0,10,1,10,,154178,75,0,10,1,10,,154187,75,0,10,1,10,,154182,75,0,10,1,10,,154179,75,0,10,1,10,,154174,75,0,10,1,50,,154181,75,0,10,1,11,,154176,75,0,10,1,12,,154188,75,0,10,2,12,,154177,75,0,10,2,12,,154184,75,0,10,1,53,,154185,75,0,10,2
35602,'H56M000I-70-I',2600,,154189,75,0,10,1,49,,154192,75,0,10,2,82,,154191,75,0,10,1,91,,154190,75,0,10,2,81,,154193,75,0,10,1
35602,'H56M000S-70-S',2600,,154194,75,0,10,1,42,,154198,75,0,10,2,85,,154200,75,0,10,1,25,,154197,75,0,10,1,62,,154195,75,0,10,1,24,,154196,75,0,10,2,62,,154199,75,0,10,1
35602,'H56M100F-70-F1',2600,,154201,75,0,10,1,49,,154205,75,0,10,2,82,,154204,75,0,10,1,91,,154202,75,0,10,1,81,,154203,75,0,10,2
35602,'H56M200F-70-F2',2600,,154206,75,0,10,1,49,,154210,75,0,10,2,82,,154209,75,0,10,1,91,,154207,75,0,10,1,81,,154208,75,0,10,2
35602,'H56M300F-70-F3',2600,,154211,75,0,10,1,49,,154214,75,0,10,2,82,,154213,75,0,10,1,91,,154212,75,0,10,2,81,,154215,75,0,10,1
49602,'H51M000S-70-S',1537,,159754,7,0,10,2
49602,'H56M000A-70-A',717,,159763,7,0,10,1,28,,159781,7,0,10,2,68,,159755,7,0,10,1,29,,159764,7,0,10,1,70,,159782,7,0,10,2,31,,159756,7,0,10,1,71,,159765,7,0,10,1,31,,159760,7,0,10,1,71,,159757,7,0,10,1,30,,159766,7,0,10,1,69,,159761,7,0,10,1,30,,159789,7,0,10,1,70,,159767,7,0,10,1,29,,159762,7,0,10,1,65,,159790,7,0,10,1,20,,159797,7,0,10,2,20,,159775,7,0,10,2,60,,159768,7,0,10,1,20,,159791,7,0,10,1,20,,159798,7,0,10,2,60,,159776,7,0,10,2,19,,159769,7,0,10,1,15,,159788,7,0,10,2,15,,159792,7,0,10,1,55,,159799,7,0,10,2,15,,159777,7,0,10,2,14,,159758,7,0,10,2,14,,159770,7,0,10,1,54,,159783,7,0,10,2,15,,159793,7,0,10,1,15,,159778,7,0,10,2,17,,159771,7,0,10,1,60,,159759,7,0,10,1,21,,159784,7,0,10,2,64,,159779,7,0,10,2,24,,159772,7,0,10,1,21,,159794,7,0,10,1,67,,159785,7,0,10,2,30,,159780,7,0,10,2,70,,159795,7,0,10,1,30,,159786,7,0,10,2,70,,159773,7,0,10,1,31,,159796,7,0,10,1,71,,159787,7,0,10,2,31,,159774,7,0,10,1
49602,'H56M000I-70-I',717,,159801,7,0,10,1,28,,159834,7,0,10,1,68,,159813,7,0,10,2,28,,159802,7,0,10,1,71,,159835,7,0,10,1,31,,159814,7,0,10,2,71,,159803,7,0,10,1,32,,159836,7,0,10,1,71,,159815,7,0,10,1,31,,159829,7,0,10,1,70,,159837,7,0,10,1,30,,159816,7,0,10,1,68,,159830,7,0,10,1,29,,159838,7,0,10,1,68,,159817,7,0,10,1,22,,159831,7,0,10,1,19,,159824,7,0,10,2,59,,159839,7,0,10,1,19,,159818,7,0,10,1,20,,159832,7,0,10,1,61,,159825,7,0,10,2,17,,159840,7,0,10,1,18,,159819,7,0,10,1,57,,159810,7,0,10,1,16,,159833,7,0,10,1,16,,159826,7,0,10,2,16,,159800,7,0,10,2,55,,159841,7,0,10,1,15,,159811,7,0,10,1,15,,159820,7,0,10,1,21,,159827,7,0,10,2,62,,159807,7,0,10,2,20,,159842,7,0,10,1,61,,159821,7,0,10,1,22,,159828,7,0,10,2,21,,159804,7,0,10,2,70,,159808,7,0,10,2,29,,159822,7,0,10,1,69,,159805,7,0,10,2,30,,159809,7,0,10,2,71,,159823,7,0,10,1,31,,159806,7,0,10,2,71,,159843,7,0,10,1,31,,159812,7,0,10,1
49602,'H56M000S-70-S',550,,159856,7,0,10,1,73,,159872,7,0,10,1,23,,159868,7,0,10,2,63,,159857,7,0,10,1,12,,159898,7,0,10,1,13,,159870,7,0,10,2,10,,159873,7,0,10,1,13,,159871,7,0,10,2,55,,159869,7,0,10,2,14,,159883,7,0,10,2,17,,159858,7,0,10,1,57,,159899,7,0,10,1,20,,159874,7,0,10,1,18,,159850,7,0,10,1,21,,159906,7,0,10,1,60,,159900,7,0,10,1,20,,159847,7,0,10,1,19,,159851,7,0,10,1,59,,159907,7,0,10,1,19,,159901,7,0,10,1,21,,159848,7,0,10,1,60,,159852,7,0,10,1,21,,159908,7,0,10,1,19,,159902,7,0,10,1,60,,159875,7,0,10,2,20,,159912,7,0,10,2,21,,159909,7,0,10,1,61,,159903,7,0,10,1,20,,159876,7,0,10,2,61,,159913,7,0,10,2,24,,159910,7,0,10,1,25,,159891,7,0,10,1,52,,159904,7,0,10,1,11,,159853,7,0,10,1,9,,159884,7,0,10,2,8,,159859,7,0,10,1,10,,159914,7,0,10,2,10,,159878,7,0,10,2,10,,159911,7,0,10,1,50,,159861,7,0,10,2,9,,159877,7,0,10,2,9,,159892,7,0,10,1,10,,159905,7,0,10,1,10,,159894,7,0,10,1,10,,159885,7,0,10,2,51,,159860,7,0,10,1,10,,159846,7,0,10,1,11,,159879,7,0,10,2,11,,159862,7,0,10,2,10,,159855,7,0,10,1,8,,159893,7,0,10,1,49,,159844,7,0,10,1,10,,159895,7,0,10,1,11,,159854,7,0,10,1,11,,159886,7,0,10,1,15,,159880,7,0,10,2,55,,159866,7,0,10,1,15,,159863,7,0,10,2,15,,159896,7,0,10,1,19,,159887,7,0,10,1,55,,159849,7,0,10,2,14,,159881,7,0,10,2,15,,159845,7,0,10,2,59,,159897,7,0,10,1,26,,159888,7,0,10,1,29,,159882,7,0,10,2,70,,159864,7,0,10,1,30,,159889,7,0,10,1,71,,159867,7,0,10,2,73,,159865,7,0,10,1,31,,159890,7,0,10,1
49602,'H56M100F-70-F1',550,,159941,7,0,10,1,73,,159947,7,0,10,2,23,,159936,7,0,10,1,63,,159919,7,0,10,1,12,,159962,7,0,10,2,13,,159916,7,0,10,1,10,,159948,7,0,10,2,13,,159943,7,0,10,2,55,,159932,7,0,10,1,14,,159955,7,0,10,1,16,,159920,7,0,10,1,58,,159963,7,0,10,2,20,,159949,7,0,10,2,18,,159933,7,0,10,1,21,,159956,7,0,10,1,60,,159964,7,0,10,2,20,,159950,7,0,10,2,19,,159934,7,0,10,1,59,,159957,7,0,10,1,19,,159965,7,0,10,2,21,,159951,7,0,10,2,60,,159935,7,0,10,1,21,,159958,7,0,10,1,19,,159966,7,0,10,2,60,,159975,7,0,10,1,20,,159952,7,0,10,2,21,,159959,7,0,10,1,61,,159968,7,0,10,2,20,,159976,7,0,10,1,61,,159953,7,0,10,2,24,,159960,7,0,10,1,13,,159979,7,0,10,2,12,,159967,7,0,10,2,52,,159939,7,0,10,1,11,,159945,7,0,10,2,8,,159977,7,0,10,1,9,,159981,7,0,10,2,10,,159954,7,0,10,2,10,,159924,7,0,10,1,10,,159961,7,0,10,1,50,,159929,7,0,10,1,9,,159980,7,0,10,2,9,,159969,7,0,10,2,10,,159940,7,0,10,1,10,,159928,7,0,10,2,10,,159978,7,0,10,1,51,,159982,7,0,10,2,10,,159917,7,0,10,1,11,,159925,7,0,10,1,11,,159930,7,0,10,1,10,,159971,7,0,10,1,8,,159970,7,0,10,2,48,,159946,7,0,10,2,11,,159923,7,0,10,2,11,,159984,7,0,10,1,11,,159983,7,0,10,2,15,,159926,7,0,10,1,55,,159931,7,0,10,1,15,,159972,7,0,10,1,15,,159921,7,0,10,2,19,,159985,7,0,10,1,55,,159942,7,0,10,1,14,,159927,7,0,10,1,15,,159937,7,0,10,2,59,,159922,7,0,10,2,26,,159986,7,0,10,1,29,,159938,7,0,10,2,70,,159915,7,0,10,2,30,,159973,7,0,10,1,71,,159944,7,0,10,2,73,,159918,7,0,10,2,31,,159974,7,0,10,1
49602,'H56M200F-70-F2',550,,160013,7,0,10,1,73,,160019,7,0,10,2,23,,160008,7,0,10,1,63,,159991,7,0,10,1,12,,160034,7,0,10,2,13,,159988,7,0,10,1,10,,160020,7,0,10,2,13,,160015,7,0,10,2,55,,160004,7,0,10,1,14,,160027,7,0,10,1,16,,159992,7,0,10,1,58,,160035,7,0,10,2,20,,160021,7,0,10,2,18,,160005,7,0,10,1,21,,160028,7,0,10,1,60,,160036,7,0,10,2,20,,160022,7,0,10,2,19,,160006,7,0,10,1,59,,160029,7,0,10,1,19,,160037,7,0,10,2,21,,160023,7,0,10,2,60,,160007,7,0,10,1,21,,160030,7,0,10,1,19,,160038,7,0,10,2,60,,160047,7,0,10,1,20,,160024,7,0,10,2,21,,160031,7,0,10,1,61,,160039,7,0,10,2,20,,160048,7,0,10,1,61,,160025,7,0,10,2,24,,160032,7,0,10,1,13,,160051,7,0,10,2,12,,160040,7,0,10,2,52,,160011,7,0,10,1,11,,160017,7,0,10,2,8,,160049,7,0,10,1,9,,160053,7,0,10,2,10,,160026,7,0,10,2,10,,159996,7,0,10,1,10,,160033,7,0,10,1,50,,160001,7,0,10,1,9,,160052,7,0,10,2,9,,160041,7,0,10,2,10,,160012,7,0,10,1,10,,160000,7,0,10,2,10,,160050,7,0,10,1,51,,160054,7,0,10,2,10,,159989,7,0,10,1,11,,159997,7,0,10,1,11,,160002,7,0,10,1,10,,160044,7,0,10,1,8,,160042,7,0,10,2,48,,160018,7,0,10,2,11,,159993,7,0,10,2,11,,160057,7,0,10,1,11,,160055,7,0,10,2,15,,159998,7,0,10,1,55,,160003,7,0,10,1,15,,160043,7,0,10,1,15,,159994,7,0,10,2,19,,160056,7,0,10,1,55,,160014,7,0,10,1,14,,159999,7,0,10,1,15,,160009,7,0,10,2,59,,159995,7,0,10,2,26,,160058,7,0,10,1,29,,160010,7,0,10,2,70,,159987,7,0,10,2,30,,160045,7,0,10,1,71,,160016,7,0,10,2,73,,159990,7,0,10,2,31,,160046,7,0,10,1
49602,'H56M300F-70-F3',717,,160061,7,0,10,1,28,,160093,7,0,10,1,68,,160072,7,0,10,2,28,,160060,7,0,10,1,71,,160094,7,0,10,1,31,,160073,7,0,10,2,71,,160062,7,0,10,1,32,,160095,7,0,10,1,71,,160074,7,0,10,1,31,,160088,7,0,10,1,70,,160097,7,0,10,1,30,,160075,7,0,10,1,68,,160089,7,0,10,1,29,,160096,7,0,10,1,68,,160076,7,0,10,1,22,,160090,7,0,10,1,19,,160083,7,0,10,2,59,,160098,7,0,10,1,19,,160077,7,0,10,1,20,,160091,7,0,10,1,61,,160085,7,0,10,2,17,,160099,7,0,10,1,18,,160078,7,0,10,1,57,,160069,7,0,10,1,16,,160092,7,0,10,1,16,,160084,7,0,10,2,16,,160059,7,0,10,2,55,,160100,7,0,10,1,15,,160070,7,0,10,1,15,,160079,7,0,10,1,21,,160086,7,0,10,2,62,,160066,7,0,10,2,20,,160101,7,0,10,1,61,,160080,7,0,10,1,22,,160087,7,0,10,2,21,,160063,7,0,10,2,70,,160067,7,0,10,2,29,,160081,7,0,10,1,69,,160064,7,0,10,2,30,,160068,7,0,10,2,71,,160082,7,0,10,1,31,,160065,7,0,10,2,71,,160102,7,0,10,1,31,,160071,7,0,10,1
