20201,'H60U000A-85-A',641,,270857,55,0,5,1,71,,270873,55,0,5,2,30,,270871,55,0,5,1,71,,270861,55,0,5,1,32,,270880,55,0,5,1,67,,270858,55,0,5,1,30,,270874,55,0,5,2,72,,270868,55,0,5,1,32,,270862,55,0,5,1,72,,270881,55,0,5,1,30,,270859,55,0,5,1,68,,270875,55,0,5,2,28,,270869,55,0,5,1,62,,270863,55,0,5,1,24,,270887,55,0,5,1,25,,270882,55,0,5,1,67,,270860,55,0,5,1,30,,270876,55,0,5,2,73,,270870,55,0,5,1,24,,270864,55,0,5,1,63,,270888,55,0,5,1,24,,270885,55,0,5,1,64,,270892,55,0,5,2,22,,270853,55,0,5,1,22,,270877,55,0,5,2,60,,270872,55,0,5,1,22,,270865,55,0,5,1,28,,270889,55,0,5,1,69,,270883,55,0,5,1,31,,270856,55,0,5,1,67,,270878,55,0,5,2,27,,270866,55,0,5,1,70,,270890,55,0,5,1,30,,270884,55,0,5,1,69,,270854,55,0,5,1,28,,270879,55,0,5,2,67,,270867,55,0,5,1,30,,270891,55,0,5,1,70,,270886,55,0,5,1,29,,270855,55,0,5,1
20201,'H60U000I-84-I',742,,270909,55,0,5,1,71,,270917,55,0,5,2,32,,270922,55,0,5,1,71,,270895,55,0,5,2,33,,270896,55,0,5,1,73,,270910,55,0,5,1,33,,270897,55,0,5,1,69,,270907,55,0,5,1,30,,270908,55,0,5,1,70,,270918,55,0,5,1,31,,270911,55,0,5,1,70,,270898,55,0,5,1,32,,270923,55,0,5,1,70,,270902,55,0,5,1,73,,270919,55,0,5,1,33,,270912,55,0,5,1,69,,270899,55,0,5,1,32,,270924,55,0,5,1,70,,270903,55,0,5,1,30,,270920,55,0,5,1,73,,270913,55,0,5,1,32,,270900,55,0,5,1,72,,270925,55,0,5,1,28,,270904,55,0,5,1,71,,270914,55,0,5,1,29,,270921,55,0,5,1,68,,270901,55,0,5,1,30,,270926,55,0,5,1,68,,270905,55,0,5,1,30,,270915,55,0,5,1,70,,270893,55,0,5,1,30,,270894,55,0,5,1,67,,270927,55,0,5,1,25,,270906,55,0,5,1,24,,270916,55,0,5,1
20201,'H60U000S-86-S',629,,270936,55,0,5,1,28,,270950,55,0,5,2,62,,270937,15,0,5,1,6,,270949,55,0,5,1,18,,270948,55,0,5,1,3,,270951,15,0,5,1,65,,270954,55,0,5,2,30,,270952,55,0,5,1,73,,270958,55,0,5,1,32,,270930,55,0,5,1,68,,270961,55,0,5,1,30,,270939,55,0,5,1,67,,270943,55,0,5,1,27,,270955,55,0,5,1,63,,270959,55,0,5,1,28,,270931,55,0,5,1,72,,270962,55,0,5,1,27,,270940,55,0,5,1,27,,270944,55,0,5,1,71,,270956,55,0,5,1,26,,270960,55,0,5,1,57,,270966,15,0,5,2,12,,270953,55,0,5,1,23,,270932,55,0,5,1,60,,270938,55,0,5,1,10,,270968,15,0,5,2,7,,270963,15,0,5,1,1,,270935,55,0,5,1,6,,270969,15,0,5,2,14,,270941,55,0,5,1,17,,270967,15,0,5,1,48,,270945,55,0,5,1,27,,270929,15,0,5,1,6,,270957,55,0,5,1,71,,270928,55,0,5,1,29,,270972,55,0,5,1,69,,270964,55,0,5,1,27,,270942,55,0,5,1,73,,270946,55,0,5,1,32,,270933,55,0,5,1,69,,270973,55,0,5,2,22,,270970,55,0,5,1,19,,270965,55,0,5,1,62,,270975,55,0,5,2,32,,270947,55,0,5,1,67,,270934,55,0,5,1,29,,270974,55,0,5,2,69,,270971,55,0,5,1,32,,270976,55,0,5,2
20201,'H60U100F-85-F1',742,,270992,55,0,5,1,71,,271000,55,0,5,2,32,,271004,55,0,5,1,71,,271001,55,0,5,1,33,,270978,55,0,5,1,73,,270993,55,0,5,1,33,,270985,55,0,5,1,69,,270980,55,0,5,1,30,,270979,55,0,5,2,70,,270984,55,0,5,1,31,,270994,55,0,5,1,70,,270986,55,0,5,1,32,,271005,55,0,5,1,70,,270997,55,0,5,2,73,,271010,55,0,5,1,33,,270995,55,0,5,1,69,,270987,55,0,5,1,32,,271006,55,0,5,1,70,,270998,55,0,5,2,30,,271011,55,0,5,1,73,,270996,55,0,5,1,32,,270988,55,0,5,1,72,,271007,55,0,5,1,28,,270999,55,0,5,2,71,,270977,55,0,5,1,29,,271002,55,0,5,1,68,,270989,55,0,5,1,30,,271009,55,0,5,1,68,,270982,55,0,5,2,30,,270990,55,0,5,1,70,,271003,55,0,5,1,30,,270981,55,0,5,1,67,,271008,55,0,5,1,25,,270983,55,0,5,2,24,,270991,55,0,5,1
20201,'H60U200F-83-F2',742,,271027,55,0,5,1,71,,271035,55,0,5,2,32,,271039,55,0,5,1,71,,271036,55,0,5,1,33,,271013,55,0,5,1,73,,271028,55,0,5,1,33,,271020,55,0,5,1,69,,271015,55,0,5,1,30,,271014,55,0,5,2,70,,271019,55,0,5,1,31,,271029,55,0,5,1,70,,271021,55,0,5,1,32,,271040,55,0,5,1,70,,271032,55,0,5,2,73,,271045,55,0,5,1,33,,271030,55,0,5,1,69,,271022,55,0,5,1,32,,271041,55,0,5,1,70,,271033,55,0,5,2,30,,271046,55,0,5,1,73,,271031,55,0,5,1,32,,271023,55,0,5,1,72,,271042,55,0,5,1,28,,271034,55,0,5,2,71,,271012,55,0,5,1,29,,271037,55,0,5,1,68,,271024,55,0,5,1,30,,271044,55,0,5,1,68,,271017,55,0,5,2,30,,271025,55,0,5,1,70,,271038,55,0,5,1,30,,271016,55,0,5,1,67,,271043,55,0,5,1,25,,271018,55,0,5,2,24,,271026,55,0,5,1
37801,'H60U000A-85-A',2537,,277917,16,0,5,1,91,,277916,16,0,5,2,91,,277915,16,0,5,1,91,,277918,16,0,5,1
37801,'H60U000I-84-I',2537,,277921,16,0,5,1,91,,277920,16,0,5,1,90,,277922,16,0,5,1,93,,277919,16,0,5,1
37801,'H60U000S-86-S',2537,,277925,16,0,5,1,91,,277923,16,0,5,1,97,,277926,16,0,5,1,89,,277924,16,0,5,1
37801,'H60U100F-85-F1',2537,,277929,16,0,5,1,91,,277927,16,0,5,1,90,,277930,16,0,5,1,93,,277928,16,0,5,1
37801,'H60U200F-83-F2',2537,,277933,16,0,5,1,91,,277931,16,0,5,1,90,,277934,16,0,5,1,93,,277932,16,0,5,1
46001,'H58U000S-80-S',543,,280002,12,0,5,2,70,,280004,12,0,5,2,31,,280000,12,0,5,1,64,,280005,12,0,5,2,18,,280003,12,0,5,2,31,,280006,12,0,5,2,71,,280007,12,0,5,1,28,,280008,12,0,5,2,62,,279999,12,0,5,2,30,,280001,12,0,5,1,503,,280010,12,0,99 30,2,54,,280011,12,0,99 30,1,10,,280013,12,0,99 30,1,10,,280015,12,0,99 30,2,10,,280016,12,0,99 30,2,10,,280018,12,0,99 30,2,9,,280009,12,0,99 30,2,48,,280020,12,0,99 30,1,9,,280021,12,0,99 30,1,8,,280023,12,0,99 30,2,9,,280025,12,0,99 30,2,9,,280026,12,0,99 30,2,9,,280028,12,0,99 30,2,9,,280014,12,0,99 30,2,50,,280030,12,0,99 30,1,19,,280019,12,0,99 30,2,19,,280029,12,0,99 30,2,60,,280024,12,0,99 30,2,25,,280012,12,0,99 30,1,25,,280017,12,0,99 30,2,65,,280022,12,0,99 30,1,25,,280027,12,0,99 30,2
46001,'H58U200F-80-F2',543,,280034,12,0,5,2,70,,280036,12,0,5,2,31,,280031,12,0,5,1,64,,280033,12,0,5,1,18,,280035,12,0,5,2,31,,280037,12,0,5,2,71,,280040,12,0,5,1,28,,280038,12,0,5,1,62,,280039,12,0,5,2,30,,280032,12,0,5,1,503,,280043,12,0,99 30,1,70,,280045,12,0,99 30,2,26,,280048,12,0,99 30,2,65,,280049,12,0,99 30,2,25,,280051,12,0,99 30,1,65,,280047,12,0,99 30,2,26,,280041,12,0,99 30,2,28,,280042,12,0,99 30,2,70,,280044,12,0,99 30,1,30,,280046,12,0,99 30,2,69,,280050,12,0,99 30,2,18,,280052,12,0,99 30,1
