15001,'H59M000A-70-A',909,,133388,13,0,5,1,26,,133373,13,0,5,1,67,,133389,13,0,5,1,26,,133374,13,0,5,1,19,,133403,13,0,5,2,59,,133390,13,0,5,1,20,,133375,13,0,5,1,19,,133404,13,0,5,2,60,,133391,13,0,5,1,19,,133376,13,0,5,1,20,,133405,13,0,5,2,60,,133392,13,0,5,1,20,,133377,13,0,5,1,21,,133406,13,0,5,2,61,,133393,13,0,5,1,21,,133378,13,0,5,1,23,,133407,13,0,5,2,61,,133394,13,0,5,1,21,,133379,13,0,5,1,23,,133408,13,0,5,2,60,,133395,13,0,5,1,21,,133380,13,0,5,1,23,,133409,13,0,5,2,60,,133396,13,0,5,1,22,,133381,13,0,5,1,62,,133410,13,0,5,2,21,,133397,13,0,5,1,21,,133382,13,0,5,1,62,,133411,13,0,5,2,22,,133398,13,0,5,1,21,,133383,13,0,5,1,61,,133412,13,0,5,2,22,,133399,13,0,5,1,22,,133384,13,0,5,1,61,,133413,13,0,5,2,21,,133400,13,0,5,1,22,,133385,13,0,5,1,61,,133414,13,0,5,2,21,,133401,13,0,5,1,62,,133386,13,0,5,1,23,,133415,13,0,5,2,25,,133402,13,0,5,1,72,,133387,13,0,5,1
15001,'H59M000I-70-I',908,,133431,13,0,5,2,25,,133445,13,0,5,2,26,,133432,13,0,5,2,66,,133416,13,0,5,1,19,,133446,13,0,5,2,59,,133433,13,0,5,2,20,,133417,13,0,5,1,19,,133447,13,0,5,2,60,,133434,13,0,5,2,20,,133418,13,0,5,1,21,,133448,13,0,5,2,60,,133435,13,0,5,2,20,,133419,13,0,5,1,21,,133449,13,0,5,2,60,,133436,13,0,5,2,21,,133420,13,0,5,1,21,,133450,13,0,5,2,61,,133437,13,0,5,2,20,,133421,13,0,5,1,21,,133451,13,0,5,2,61,,133438,13,0,5,2,21,,133422,13,0,5,1,21,,133452,13,0,5,2,61,,133439,13,0,5,2,19,,133423,13,0,5,1,20,,133453,13,0,5,2,59,,133440,13,0,5,2,20,,133424,13,0,5,1,19,,133454,13,0,5,2,59,,133441,13,0,5,2,20,,133425,13,0,5,1,19,,133455,13,0,5,2,59,,133442,13,0,5,2,19,,133426,13,0,5,1,20,,133456,13,0,5,2,59,,133443,13,0,5,2,20,,133427,13,0,5,1,19,,133457,13,0,5,2,59,,133444,13,0,5,2,19,,133428,13,0,5,1,27,,133458,13,0,5,2,70,,133429,13,0,5,1,29,,133459,13,0,5,2,68,,133430,13,0,5,1
15001,'H59M000S-70-S',639,,133472,13,0,5,1,63,,133496,13,0,5,2,23,,133483,13,0,5,2,23,,133473,13,0,5,1,64,,133497,13,0,5,2,26,,133484,13,0,5,2,63,,133474,13,0,5,1,21,,133460,13,0,5,1,19,,133498,13,0,5,1,18,,133485,13,0,5,2,59,,133475,13,0,5,1,18,,133461,13,0,5,1,20,,133499,13,0,5,1,60,,133486,13,0,5,2,21,,133476,13,0,5,1,21,,133462,13,0,5,1,60,,133500,13,0,5,1,20,,133487,13,0,5,2,21,,133477,13,0,5,1,60,,133463,13,0,5,1,20,,133501,13,0,5,1,61,,133488,13,0,5,2,20,,133478,13,0,5,1,19,,133464,13,0,5,1,61,,133489,13,0,5,1,20,,133502,13,0,5,2,20,,133479,13,0,5,1,61,,133465,13,0,5,1,19,,133490,13,0,5,1,20,,133503,13,0,5,2,61,,133480,13,0,5,1,21,,133466,13,0,5,1,19,,133491,13,0,5,1,60,,133504,13,0,5,2,21,,133481,13,0,5,1,21,,133467,13,0,5,1,61,,133492,13,0,5,1,21,,133505,13,0,5,2,21,,133482,13,0,5,1,61,,133468,13,0,5,1,21,,133493,13,0,5,1,23,,133506,13,0,5,2,68,,133469,13,0,5,1,30,,133494,13,0,5,1,70,,133507,13,0,5,2,30,,133470,13,0,5,1,70,,133495,13,0,5,1,30,,133508,13,0,5,2,73,,133471,13,0,5,1
15001,'H59M100F-70-F1',908,,133524,13,0,5,2,25,,133509,13,0,5,2,26,,133525,13,0,5,2,66,,133538,13,0,5,1,19,,133510,13,0,5,2,59,,133526,13,0,5,2,20,,133539,13,0,5,1,19,,133511,13,0,5,2,60,,133527,13,0,5,2,20,,133540,13,0,5,1,21,,133512,13,0,5,2,60,,133528,13,0,5,2,20,,133541,13,0,5,1,21,,133513,13,0,5,2,60,,133529,13,0,5,2,21,,133542,13,0,5,1,21,,133514,13,0,5,2,61,,133530,13,0,5,2,20,,133543,13,0,5,1,21,,133515,13,0,5,2,61,,133531,13,0,5,2,21,,133544,13,0,5,1,21,,133517,13,0,5,2,61,,133533,13,0,5,2,19,,133545,13,0,5,1,20,,133518,13,0,5,2,59,,133532,13,0,5,2,20,,133546,13,0,5,1,19,,133516,13,0,5,2,59,,133534,13,0,5,2,20,,133547,13,0,5,1,19,,133519,13,0,5,2,59,,133535,13,0,5,2,19,,133548,13,0,5,1,20,,133520,13,0,5,2,59,,133536,13,0,5,2,20,,133549,13,0,5,1,19,,133521,13,0,5,2,59,,133537,13,0,5,2,19,,133550,13,0,5,1,27,,133522,13,0,5,2,70,,133551,13,0,5,1,29,,133523,13,0,5,2,68,,133552,13,0,5,1
15001,'H59M200F-70-F2',908,,133569,13,0,5,2,25,,133553,13,0,5,2,26,,133570,13,0,5,2,66,,133582,13,0,5,1,19,,133554,13,0,5,2,59,,133568,13,0,5,2,20,,133583,13,0,5,1,19,,133555,13,0,5,2,60,,133571,13,0,5,2,20,,133584,13,0,5,1,21,,133556,13,0,5,2,60,,133572,13,0,5,2,20,,133585,13,0,5,1,21,,133557,13,0,5,2,60,,133573,13,0,5,2,21,,133586,13,0,5,1,21,,133558,13,0,5,2,61,,133574,13,0,5,2,20,,133587,13,0,5,1,21,,133559,13,0,5,2,61,,133575,13,0,5,2,21,,133588,13,0,5,1,21,,133560,13,0,5,2,61,,133576,13,0,5,2,19,,133589,13,0,5,1,20,,133561,13,0,5,2,59,,133577,13,0,5,2,20,,133590,13,0,5,1,19,,133562,13,0,5,2,59,,133578,13,0,5,2,20,,133591,13,0,5,1,19,,133563,13,0,5,2,59,,133579,13,0,5,2,19,,133592,13,0,5,1,20,,133564,13,0,5,2,59,,133580,13,0,5,2,20,,133593,13,0,5,1,19,,133565,13,0,5,2,59,,133581,13,0,5,2,19,,133594,13,0,5,1,27,,133566,13,0,5,2,70,,133595,13,0,5,1,29,,133567,13,0,5,2,68,,133596,13,0,5,1
15001,'H59M300F-70-F3',908,,133612,13,0,5,2,25,,133597,13,0,5,2,26,,133613,13,0,5,2,66,,133626,13,0,5,1,19,,133598,13,0,5,2,59,,133614,13,0,5,2,20,,133627,13,0,5,1,19,,133599,13,0,5,2,60,,133615,13,0,5,2,20,,133628,13,0,5,1,21,,133600,13,0,5,2,60,,133616,13,0,5,2,20,,133629,13,0,5,1,21,,133601,13,0,5,2,60,,133617,13,0,5,2,21,,133630,13,0,5,1,21,,133602,13,0,5,2,61,,133618,13,0,5,2,20,,133631,13,0,5,1,21,,133603,13,0,5,2,61,,133619,13,0,5,2,21,,133632,13,0,5,1,21,,133604,13,0,5,2,61,,133620,13,0,5,2,19,,133633,13,0,5,1,20,,133605,13,0,5,2,59,,133621,13,0,5,2,20,,133634,13,0,5,1,19,,133606,13,0,5,2,59,,133622,13,0,5,2,20,,133635,13,0,5,1,19,,133607,13,0,5,2,59,,133623,13,0,5,2,19,,133636,13,0,5,1,20,,133608,13,0,5,2,59,,133624,13,0,5,2,20,,133637,13,0,5,1,19,,133609,13,0,5,2,59,,133625,13,0,5,2,19,,133638,13,0,5,1,27,,133610,13,0,5,2,70,,133639,13,0,5,1,29,,133611,13,0,5,2,68,,133640,13,0,5,1
35001,'H56M000A-70-A',2616,,153862,95,0,5,1,92,,153863,95,0,5,1,93,,153864,95,0,5,1,45,,153865,95,0,5,1,84,,153866,95,0,5,2
35001,'H56M000I-70-I',2613,,153870,95,0,5,1,87,,153868,95,0,5,1,47,,153867,95,0,5,1,84,,153869,95,0,5,1,87,,153871,95,0,5,2
35001,'H56M000S-70-S',2612,,153875,95,0,5,1,47,,153874,95,0,5,2,88,,153873,95,0,5,1,85,,153872,95,0,5,1,88,,153876,95,0,5,1
35001,'H56M100F-70-F1',2613,,153878,95,0,5,1,87,,153879,95,0,5,1,47,,153877,95,0,5,1,84,,153881,95,0,5,1,87,,153880,95,0,5,1
35001,'H56M200F-70-F2',2613,,153883,95,0,5,1,87,,153884,95,0,5,1,47,,153882,95,0,5,1,84,,153886,95,0,5,1,87,,153885,95,0,5,1
35001,'H56M300F-70-F3',2613,,153890,95,0,5,1,87,,153888,95,0,5,1,47,,153887,95,0,5,1,84,,153889,95,0,5,1,87,,153891,95,0,5,2
35503,'H54M000A-70-A',2534,,154068,13,0,8,1,71,,154066,13,0,8,1,26,,154071,13,0,8,1,25,,154065,13,0,8,1,71,,154070,13,0,8,1,24,,154067,13,0,8,1,80,,154069,13,0,8,1,26,,154072,13,0,8,1
35503,'H54M000I-70-I',2531,,154076,13,0,8,1,84,,154073,13,0,8,1,85,,154075,13,0,8,1,45,,154074,13,0,8,2,85,,154077,13,0,8,1,26,,154078,13,0,8,1
35503,'H54M000S-70-S',2533,,154079,13,0,8,1,83,,154081,13,0,8,1,85,,154084,13,0,8,1,45,,154083,13,0,8,1,78,,154080,13,0,8,1,33,,154082,13,0,8,1
35503,'H54M100F-70-F1',2531,,154085,13,0,8,1,84,,154090,13,0,8,1,85,,154088,13,0,8,1,45,,154086,13,0,8,1,85,,154087,13,0,8,1,26,,154089,13,0,8,1
35503,'H54M200F-70-F2',2531,,154093,13,0,8,1,84,,154096,13,0,8,1,85,,154092,13,0,8,1,45,,154091,13,0,8,1,85,,154094,13,0,8,1,26,,154095,13,0,8,1
35503,'H54M300F-70-F3',2531,,154099,13,0,8,1,84,,154101,13,0,8,1,85,,154098,13,0,8,1,45,,154097,13,0,8,2,85,,154100,13,0,8,1,26,,154102,13,0,8,1
35801,'H59M000A-70-A',2442,,154279,13,0,5,2,67,,154274,13,0,5,1,31,,154280,13,0,5,2,71,,154275,13,0,5,1,31,,154281,13,0,5,2,59,,154284,13,0,5,1,18,,154276,13,0,5,1,23,,154282,13,0,5,2,59,,154285,13,0,5,1,17,,154277,13,0,5,1,24,,154283,13,0,5,2,69,,154278,13,0,5,1
35801,'H59M000I-70-I',2441,,154291,13,0,5,2,70,,154286,13,0,5,1,30,,154292,13,0,5,2,70,,154287,13,0,5,1,29,,154293,13,0,5,2,70,,154288,13,0,5,1,30,,154294,13,0,5,2,70,,154289,13,0,5,1,30,,154295,13,0,5,2,70,,154290,13,0,5,1
35801,'H59M000S-70-S',2441,,154296,13,0,5,1,70,,154301,13,0,5,2,30,,154297,13,0,5,1,70,,154302,13,0,5,2,30,,154298,13,0,5,1,70,,154303,13,0,5,2,30,,154299,13,0,5,1,70,,154304,13,0,5,2,30,,154300,13,0,5,1,69,,154305,13,0,5,2
35801,'H59M000S-70-SV',2626,,154306,13,0,5,2,30,,154309,13,0,5,2,70,,154307,13,0,5,2,30,,154310,13,0,5,2,70,,154308,13,0,5,2,29,,154311,13,0,5,2
35801,'H59M100F-70-F1',2441,,154317,13,0,5,2,70,,154312,13,0,5,1,30,,154318,13,0,5,2,70,,154313,13,0,5,1,29,,154319,13,0,5,2,70,,154314,13,0,5,1,30,,154320,13,0,5,2,70,,154315,13,0,5,1,30,,154321,13,0,5,2,70,,154316,13,0,5,1
35801,'H59M200F-70-F2',2441,,154327,13,0,5,2,70,,154322,13,0,5,1,30,,154328,13,0,5,2,70,,154323,13,0,5,1,29,,154329,13,0,5,2,70,,154324,13,0,5,1,30,,154330,13,0,5,2,70,,154325,13,0,5,1,30,,154331,13,0,5,2,70,,154326,13,0,5,1
35801,'H59M300F-70-F3',2441,,154337,13,0,5,2,70,,154332,13,0,5,1,30,,154338,13,0,5,2,70,,154333,13,0,5,1,29,,154339,13,0,5,2,70,,154334,13,0,5,1,30,,154340,13,0,5,2,70,,154335,13,0,5,1,30,,154341,13,0,5,2,70,,154336,13,0,5,1
36401,'H54M000A-70-A',2550,,154839,13,0,5,1,87,,154842,13,0,5,1,71,,154841,13,0,5,1,10,,154840,13,0,5,1,85,,154844,13,0,5,1,44,,154843,13,0,5,1
36401,'H54M000I-70-I',2547,,154846,13,0,5,1,86,,154848,13,0,5,1,71,,154850,13,0,5,1,31,,154845,13,0,5,1,71,,154849,13,0,5,1,41,,154847,13,0,5,1
36401,'H54M000S-70-S',2547,,154853,13,0,5,2,84,,154852,13,0,5,1,84,,154855,13,0,5,2,85,,154851,13,0,5,1,45,,154854,13,0,5,2
36401,'H54M100F-70-F1',2547,,154860,13,0,5,1,86,,154859,13,0,5,1,71,,154856,13,0,5,2,31,,154858,13,0,5,1,71,,154857,13,0,5,1,41,,154861,13,0,5,1
36401,'H54M200F-70-F2',2547,,154866,13,0,5,1,86,,154864,13,0,5,1,71,,154862,13,0,5,2,31,,154867,13,0,5,1,71,,154865,13,0,5,1,41,,154863,13,0,5,1
36401,'H54M300F-70-F3',2547,,154871,13,0,5,1,86,,154870,13,0,5,1,71,,154872,13,0,5,1,31,,154869,13,0,5,1,71,,154873,13,0,5,1,41,,154868,13,0,5,1
44501,'H51M000S-70-S',1539,,157413,6,0,5,1,20,,157415,6,0,5,2,82,,157417,6,0,5,1,82,,157414,6,0,5,1,81,,157416,6,0,5,2,20,,157411,6,0,5,1,20,,157412,6,0,5,1
44501,'H59M000S-70-S',1621,,157420,6,0,5,2,81,,157418,6,0,5,2,42,,157419,6,0,5,1
74701,'H50M000A-70-A',549,,160364,11,0,62 63 64 65 15 16,1,70,,160353,11,0,62 63 64 65 15 16,1,30,,160373,11,0,62 63 64 65 15 16,1,69,,160365,11,0,62 63 64 65 15 16,1,27,,160354,11,0,62 63 64 65 15 16,1,65,,160390,11,0,62 63 64 65 15 16,1,22,,160374,11,0,62 63 64 65 15 16,1,19,,160366,11,0,62 63 64 65 15 16,1,60,,160381,11,0,62 63 64 65 15 16,1,20,,160355,11,0,62 63 64 65 15 16,1,20,,160391,11,0,62 63 64 65 15 16,1,60,,160375,11,0,62 63 64 65 15 16,1,20,,160367,11,0,62 63 64 65 15 16,1,19,,160382,11,0,62 63 64 65 15 16,1,57,,160356,11,0,62 63 64 65 15 16,1,17,,160392,11,0,62 63 64 65 15 16,1,26,,160376,11,0,62 63 64 65 15 16,1,50,,160420,11,0,62 63 64 65 15 16,1,20,,160394,11,0,62 63 64 65 15 16,1,19,,160419,11,0,62 63 64 65 15 16,1,7,,160448,11,0,62 63 64 65 15 16,1,13,,160357,11,0,62 63 64 65 15 16,1,52,,160369,11,0,62 63 64 65 15 16,1,12,,160429,11,0,62 63 64 65 15 16,1,14,,160377,11,0,62 63 64 65 15 16,1,12,,160421,11,0,62 63 64 65 15 16,1,52,,160452,11,0,62 63 64 65 15 16,1,12,,160395,11,0,62 63 64 65 15 16,1,15,,160385,11,0,62 63 64 65 15 16,1,13,,160440,11,0,62 63 64 65 15 16,1,12,,160401,11,0,62 63 64 65 15 16,1,52,,160411,11,0,62 63 64 65 15 16,1,14,,160456,11,0,62 63 64 65 15 16,1,13,,160450,11,0,62 63 64 65 15 16,1,14,,160359,11,0,62 63 64 65 15 16,1,55,,160371,11,0,62 63 64 65 15 16,1,12,,160431,11,0,62 63 64 65 15 16,1,12,,160386,11,0,62 63 64 65 15 16,1,13,,160441,11,0,62 63 64 65 15 16,1,14,,160402,11,0,62 63 64 65 15 16,1,7,,160454,11,0,62 63 64 65 15 16,1,51,,160465,11,0,62 63 64 65 15 16,1,13,,160457,11,0,62 63 64 65 15 16,1,11,,160451,11,0,62 63 64 65 15 16,1,6,,160380,11,0,62 63 64 65 15 16,1,13,,160424,11,0,62 63 64 65 15 16,1,5,,160372,11,0,62 63 64 65 15 16,1,50,,160432,11,0,62 63 64 65 15 16,1,6,,160413,11,0,62 63 64 65 15 16,1,12,,160398,11,0,62 63 64 65 15 16,1,17,,160403,11,0,62 63 64 65 15 16,1,58,,160466,11,0,62 63 64 65 15 16,1,18,,160388,11,0,62 63 64 65 15 16,1,19,,160425,11,0,62 63 64 65 15 16,1,17,,160414,11,0,62 63 64 65 15 16,1,57,,160433,11,0,62 63 64 65 15 16,1,9,,160444,11,0,62 63 64 65 15 16,1,17,,160363,11,0,62 63 64 65 15 16,1,18,,160460,11,0,62 63 64 65 15 16,1,56,,160426,11,0,62 63 64 65 15 16,1,18,,160415,11,0,62 63 64 65 15 16,1,18,,160434,11,0,62 63 64 65 15 16,1,58,,160445,11,0,62 63 64 65 15 16,1,19,,160461,11,0,62 63 64 65 15 16,1,17,,160427,11,0,62 63 64 65 15 16,1,59,,160416,11,0,62 63 64 65 15 16,1,18,,160435,11,0,62 63 64 65 15 16,1,17,,160446,11,0,62 63 64 65 15 16,1,9,,160479,11,0,62 63 64 65 15 16,1,9,,160462,11,0,62 63 64 65 15 16,1,49,,160408,11,0,62 63 64 65 15 16,1,8,,160428,11,0,62 63 64 65 15 16,1,8,,160471,11,0,62 63 64 65 15 16,1,10,,160417,11,0,62 63 64 65 15 16,1,14,,160436,11,0,62 63 64 65 15 16,1,58,,160447,11,0,62 63 64 65 15 16,1,20,,160463,11,0,62 63 64 65 15 16,1,24,,160472,11,0,62 63 64 65 15 16,1,83,,160437,11,0,62 63 64 65 15 16,1,83,,160464,11,0,62 63 64 65 15 16,1,45,,160473,11,0,62 63 64 65 15 16,1,85,,160438,11,0,62 63 64 65 15 16,1
74701,'H50M000I-70-I',549,,160491,11,0,62 63 64 65 15 16,1,70,,160480,11,0,62 63 64 65 15 16,1,30,,160500,11,0,62 63 64 65 15 16,1,69,,160492,11,0,62 63 64 65 15 16,1,27,,160481,11,0,62 63 64 65 15 16,1,65,,160517,11,0,62 63 64 65 15 16,1,22,,160501,11,0,62 63 64 65 15 16,1,19,,160493,11,0,62 63 64 65 15 16,1,60,,160508,11,0,62 63 64 65 15 16,1,20,,160482,11,0,62 63 64 65 15 16,1,20,,160518,11,0,62 63 64 65 15 16,1,60,,160502,11,0,62 63 64 65 15 16,1,20,,160494,11,0,62 63 64 65 15 16,1,19,,160509,11,0,62 63 64 65 15 16,1,57,,160483,11,0,62 63 64 65 15 16,1,17,,160519,11,0,62 63 64 65 15 16,1,26,,160503,11,0,62 63 64 65 15 16,1,50,,160547,11,0,62 63 64 65 15 16,1,20,,160521,11,0,62 63 64 65 15 16,1,19,,160546,11,0,62 63 64 65 15 16,1,7,,160575,11,0,62 63 64 65 15 16,1,13,,160484,11,0,62 63 64 65 15 16,1,52,,160496,11,0,62 63 64 65 15 16,1,12,,160556,11,0,62 63 64 65 15 16,1,14,,160504,11,0,62 63 64 65 15 16,1,12,,160548,11,0,62 63 64 65 15 16,1,52,,160579,11,0,62 63 64 65 15 16,1,12,,160522,11,0,62 63 64 65 15 16,1,15,,160512,11,0,62 63 64 65 15 16,1,13,,160567,11,0,62 63 64 65 15 16,1,12,,160528,11,0,62 63 64 65 15 16,1,52,,160538,11,0,62 63 64 65 15 16,1,14,,160583,11,0,62 63 64 65 15 16,1,13,,160577,11,0,62 63 64 65 15 16,1,14,,160486,11,0,62 63 64 65 15 16,1,55,,160498,11,0,62 63 64 65 15 16,1,12,,160558,11,0,62 63 64 65 15 16,1,12,,160513,11,0,62 63 64 65 15 16,1,13,,160568,11,0,62 63 64 65 15 16,1,14,,160529,11,0,62 63 64 65 15 16,1,7,,160581,11,0,62 63 64 65 15 16,1,51,,160592,11,0,62 63 64 65 15 16,1,13,,160584,11,0,62 63 64 65 15 16,1,11,,160578,11,0,62 63 64 65 15 16,1,6,,160507,11,0,62 63 64 65 15 16,1,13,,160551,11,0,62 63 64 65 15 16,1,5,,160499,11,0,62 63 64 65 15 16,1,50,,160559,11,0,62 63 64 65 15 16,1,6,,160540,11,0,62 63 64 65 15 16,1,12,,160525,11,0,62 63 64 65 15 16,1,17,,160530,11,0,62 63 64 65 15 16,1,58,,160593,11,0,62 63 64 65 15 16,1,18,,160515,11,0,62 63 64 65 15 16,1,19,,160552,11,0,62 63 64 65 15 16,1,17,,160541,11,0,62 63 64 65 15 16,1,57,,160560,11,0,62 63 64 65 15 16,1,9,,160571,11,0,62 63 64 65 15 16,1,17,,160490,11,0,62 63 64 65 15 16,1,18,,160587,11,0,62 63 64 65 15 16,1,56,,160553,11,0,62 63 64 65 15 16,1,18,,160542,11,0,62 63 64 65 15 16,1,18,,160561,11,0,62 63 64 65 15 16,1,58,,160572,11,0,62 63 64 65 15 16,1,19,,160588,11,0,62 63 64 65 15 16,1,17,,160554,11,0,62 63 64 65 15 16,1,59,,160543,11,0,62 63 64 65 15 16,1,18,,160562,11,0,62 63 64 65 15 16,1,17,,160573,11,0,62 63 64 65 15 16,1,9,,160606,11,0,62 63 64 65 15 16,1,9,,160589,11,0,62 63 64 65 15 16,1,49,,160535,11,0,62 63 64 65 15 16,1,8,,160555,11,0,62 63 64 65 15 16,1,8,,160598,11,0,62 63 64 65 15 16,1,10,,160544,11,0,62 63 64 65 15 16,1,14,,160563,11,0,62 63 64 65 15 16,1,58,,160574,11,0,62 63 64 65 15 16,1,20,,160590,11,0,62 63 64 65 15 16,1,24,,160599,11,0,62 63 64 65 15 16,1,83,,160564,11,0,62 63 64 65 15 16,1,83,,160591,11,0,62 63 64 65 15 16,1,45,,160600,11,0,62 63 64 65 15 16,1,85,,160565,11,0,62 63 64 65 15 16,1
74701,'H50M000S-70-S',540,,160616,11,0,62 63 64 65 15 16,1,73,,160607,11,0,62 63 64 65 15 16,1,33,,160628,11,0,62 63 64 65 15 16,1,68,,160617,11,0,62 63 64 65 15 16,1,34,,160639,11,0,62 63 64 65 15 16,1,69,,160608,11,0,62 63 64 65 15 16,1,29,,160629,11,0,62 63 64 65 15 16,1,64,,160618,11,0,62 63 64 65 15 16,1,21,,160646,11,0,62 63 64 65 15 16,1,20,,160640,11,0,62 63 64 65 15 16,1,59,,160609,11,0,62 63 64 65 15 16,1,18,,160630,11,0,62 63 64 65 15 16,1,15,,160658,11,0,62 63 64 65 15 16,1,13,,160663,11,0,62 63 64 65 15 16,1,54,,160619,11,0,62 63 64 65 15 16,1,26,,160641,11,0,62 63 64 65 15 16,1,67,,160684,11,0,62 63 64 65 15 16,1,18,,160648,11,0,62 63 64 65 15 16,1,17,,160664,11,0,62 63 64 65 15 16,1,17,,160620,11,0,62 63 64 65 15 16,1,55,,160632,11,0,62 63 64 65 15 16,1,15,,160660,11,0,62 63 64 65 15 16,1,15,,160692,11,0,62 63 64 65 15 16,1,13,,160685,11,0,62 63 64 65 15 16,1,55,,160649,11,0,62 63 64 65 15 16,1,15,,160665,11,0,62 63 64 65 15 16,1,14,,160701,11,0,62 63 64 65 15 16,1,14,,160621,11,0,62 63 64 65 15 16,1,53,,160674,11,0,62 63 64 65 15 16,1,13,,160633,11,0,62 63 64 65 15 16,1,13,,160644,11,0,62 63 64 65 15 16,1,17,,160614,11,0,62 63 64 65 15 16,1,61,,160705,11,0,62 63 64 65 15 16,1,14,,160708,11,0,62 63 64 65 15 16,1,12,,160662,11,0,62 63 64 65 15 16,1,16,,160694,11,0,62 63 64 65 15 16,1,55,,160682,11,0,62 63 64 65 15 16,1,13,,160675,11,0,62 63 64 65 15 16,1,12,,160716,11,0,62 63 64 65 15 16,1,10,,160645,11,0,62 63 64 65 15 16,1,5,,160667,11,0,62 63 64 65 15 16,1,12,,160703,11,0,62 63 64 65 15 16,1,51,,160717,11,0,62 63 64 65 15 16,1,9,,160706,11,0,62 63 64 65 15 16,1,5,,160688,11,0,62 63 64 65 15 16,1,14,,160635,11,0,62 63 64 65 15 16,1,20,,160712,11,0,62 63 64 65 15 16,1,57,,160683,11,0,62 63 64 65 15 16,1,5,,160676,11,0,62 63 64 65 15 16,1,12,,160710,11,0,62 63 64 65 15 16,1,6,,160668,11,0,62 63 64 65 15 16,1,15,,160718,11,0,62 63 64 65 15 16,1,58,,160689,11,0,62 63 64 65 15 16,1,18,,160636,11,0,62 63 64 65 15 16,1,17,,160713,11,0,62 63 64 65 15 16,1,58,,160677,11,0,62 63 64 65 15 16,1,17,,160669,11,0,62 63 64 65 15 16,1,16,,160719,11,0,62 63 64 65 15 16,1,16,,160690,11,0,62 63 64 65 15 16,1,56,,160637,11,0,62 63 64 65 15 16,1,17,,160714,11,0,62 63 64 65 15 16,1,20,,160678,11,0,62 63 64 65 15 16,1,60,,160725,11,0,62 63 64 65 15 16,1,18,,160657,11,0,62 63 64 65 15 16,1,15,,160700,11,0,62 63 64 65 15 16,1,6,,160691,11,0,62 63 64 65 15 16,1,6,,160671,11,0,62 63 64 65 15 16,1,6,,160638,11,0,62 63 64 65 15 16,1,48,,160721,11,0,62 63 64 65 15 16,1,8,,160715,11,0,62 63 64 65 15 16,1,8,,160728,11,0,62 63 64 65 15 16,1,9,,160679,11,0,62 63 64 65 15 16,1,14,,160726,11,0,62 63 64 65 15 16,1,83,,160722,11,0,62 63 64 65 15 16,1,84,,160729,11,0,62 63 64 65 15 16,1,94,,160723,11,0,62 63 64 65 15 16,1,54,,160730,11,0,62 63 64 65 15 16,1,94,,160724,11,0,62 63 64 65 15 16,1
74701,'H50M100F-70-F1',549,,160742,11,0,62 63 64 65 15 16,1,70,,160731,11,0,62 63 64 65 15 16,1,30,,160755,11,0,62 63 64 65 15 16,1,69,,160743,11,0,62 63 64 65 15 16,1,27,,160732,11,0,62 63 64 65 15 16,1,65,,160768,11,0,62 63 64 65 15 16,1,22,,160751,11,0,62 63 64 65 15 16,1,19,,160744,11,0,62 63 64 65 15 16,1,60,,160759,11,0,62 63 64 65 15 16,1,20,,160733,11,0,62 63 64 65 15 16,1,20,,160769,11,0,62 63 64 65 15 16,1,60,,160752,11,0,62 63 64 65 15 16,1,20,,160745,11,0,62 63 64 65 15 16,1,19,,160760,11,0,62 63 64 65 15 16,1,57,,160734,11,0,62 63 64 65 15 16,1,17,,160770,11,0,62 63 64 65 15 16,1,26,,160753,11,0,62 63 64 65 15 16,1,50,,160798,11,0,62 63 64 65 15 16,1,20,,160772,11,0,62 63 64 65 15 16,1,19,,160795,11,0,62 63 64 65 15 16,1,7,,160826,11,0,62 63 64 65 15 16,1,13,,160735,11,0,62 63 64 65 15 16,1,52,,160747,11,0,62 63 64 65 15 16,1,12,,160807,11,0,62 63 64 65 15 16,1,14,,160754,11,0,62 63 64 65 15 16,1,12,,160799,11,0,62 63 64 65 15 16,1,52,,160830,11,0,62 63 64 65 15 16,1,12,,160773,11,0,62 63 64 65 15 16,1,15,,160763,11,0,62 63 64 65 15 16,1,13,,160818,11,0,62 63 64 65 15 16,1,12,,160779,11,0,62 63 64 65 15 16,1,52,,160789,11,0,62 63 64 65 15 16,1,14,,160834,11,0,62 63 64 65 15 16,1,13,,160827,11,0,62 63 64 65 15 16,1,14,,160738,11,0,62 63 64 65 15 16,1,55,,160749,11,0,62 63 64 65 15 16,1,12,,160809,11,0,62 63 64 65 15 16,1,12,,160764,11,0,62 63 64 65 15 16,1,13,,160819,11,0,62 63 64 65 15 16,1,14,,160780,11,0,62 63 64 65 15 16,1,7,,160832,11,0,62 63 64 65 15 16,1,51,,160843,11,0,62 63 64 65 15 16,1,13,,160835,11,0,62 63 64 65 15 16,1,11,,160828,11,0,62 63 64 65 15 16,1,6,,160758,11,0,62 63 64 65 15 16,1,13,,160802,11,0,62 63 64 65 15 16,1,5,,160750,11,0,62 63 64 65 15 16,1,50,,160810,11,0,62 63 64 65 15 16,1,6,,160791,11,0,62 63 64 65 15 16,1,12,,160776,11,0,62 63 64 65 15 16,1,17,,160781,11,0,62 63 64 65 15 16,1,58,,160844,11,0,62 63 64 65 15 16,1,18,,160766,11,0,62 63 64 65 15 16,1,19,,160803,11,0,62 63 64 65 15 16,1,17,,160792,11,0,62 63 64 65 15 16,1,57,,160811,11,0,62 63 64 65 15 16,1,9,,160822,11,0,62 63 64 65 15 16,1,17,,160741,11,0,62 63 64 65 15 16,1,18,,160838,11,0,62 63 64 65 15 16,1,56,,160804,11,0,62 63 64 65 15 16,1,18,,160793,11,0,62 63 64 65 15 16,1,18,,160812,11,0,62 63 64 65 15 16,1,58,,160823,11,0,62 63 64 65 15 16,1,19,,160839,11,0,62 63 64 65 15 16,1,17,,160805,11,0,62 63 64 65 15 16,1,59,,160796,11,0,62 63 64 65 15 16,1,18,,160813,11,0,62 63 64 65 15 16,1,17,,160824,11,0,62 63 64 65 15 16,1,9,,160857,11,0,62 63 64 65 15 16,1,9,,160840,11,0,62 63 64 65 15 16,1,49,,160786,11,0,62 63 64 65 15 16,1,8,,160806,11,0,62 63 64 65 15 16,1,8,,160850,11,0,62 63 64 65 15 16,1,10,,160794,11,0,62 63 64 65 15 16,1,14,,160814,11,0,62 63 64 65 15 16,1,58,,160825,11,0,62 63 64 65 15 16,1,20,,160841,11,0,62 63 64 65 15 16,1,24,,160848,11,0,62 63 64 65 15 16,1,83,,160815,11,0,62 63 64 65 15 16,1,83,,160842,11,0,62 63 64 65 15 16,1,45,,160851,11,0,62 63 64 65 15 16,1,85,,160816,11,0,62 63 64 65 15 16,1
74701,'H50M200F-70-F2',549,,160869,11,0,62 63 64 65 15 16,1,70,,160858,11,0,62 63 64 65 15 16,1,30,,160878,11,0,62 63 64 65 15 16,1,69,,160870,11,0,62 63 64 65 15 16,1,27,,160859,11,0,62 63 64 65 15 16,1,65,,160895,11,0,62 63 64 65 15 16,1,22,,160879,11,0,62 63 64 65 15 16,1,19,,160871,11,0,62 63 64 65 15 16,1,60,,160886,11,0,62 63 64 65 15 16,1,20,,160860,11,0,62 63 64 65 15 16,1,20,,160896,11,0,62 63 64 65 15 16,1,60,,160880,11,0,62 63 64 65 15 16,1,20,,160872,11,0,62 63 64 65 15 16,1,19,,160887,11,0,62 63 64 65 15 16,1,57,,160861,11,0,62 63 64 65 15 16,1,17,,160897,11,0,62 63 64 65 15 16,1,26,,160881,11,0,62 63 64 65 15 16,1,50,,160925,11,0,62 63 64 65 15 16,1,20,,160899,11,0,62 63 64 65 15 16,1,19,,160924,11,0,62 63 64 65 15 16,1,7,,160953,11,0,62 63 64 65 15 16,1,13,,160862,11,0,62 63 64 65 15 16,1,52,,160874,11,0,62 63 64 65 15 16,1,12,,160934,11,0,62 63 64 65 15 16,1,14,,160882,11,0,62 63 64 65 15 16,1,12,,160926,11,0,62 63 64 65 15 16,1,52,,160957,11,0,62 63 64 65 15 16,1,12,,160900,11,0,62 63 64 65 15 16,1,15,,160889,11,0,62 63 64 65 15 16,1,13,,160945,11,0,62 63 64 65 15 16,1,12,,160905,11,0,62 63 64 65 15 16,1,52,,160916,11,0,62 63 64 65 15 16,1,14,,160961,11,0,62 63 64 65 15 16,1,13,,160954,11,0,62 63 64 65 15 16,1,14,,160864,11,0,62 63 64 65 15 16,1,55,,160876,11,0,62 63 64 65 15 16,1,12,,160936,11,0,62 63 64 65 15 16,1,12,,160892,11,0,62 63 64 65 15 16,1,13,,160946,11,0,62 63 64 65 15 16,1,14,,160907,11,0,62 63 64 65 15 16,1,7,,160959,11,0,62 63 64 65 15 16,1,51,,160970,11,0,62 63 64 65 15 16,1,13,,160962,11,0,62 63 64 65 15 16,1,11,,160955,11,0,62 63 64 65 15 16,1,6,,160885,11,0,62 63 64 65 15 16,1,13,,160929,11,0,62 63 64 65 15 16,1,5,,160877,11,0,62 63 64 65 15 16,1,50,,160937,11,0,62 63 64 65 15 16,1,6,,160918,11,0,62 63 64 65 15 16,1,12,,160903,11,0,62 63 64 65 15 16,1,17,,160908,11,0,62 63 64 65 15 16,1,58,,160971,11,0,62 63 64 65 15 16,1,18,,160893,11,0,62 63 64 65 15 16,1,19,,160930,11,0,62 63 64 65 15 16,1,17,,160919,11,0,62 63 64 65 15 16,1,57,,160938,11,0,62 63 64 65 15 16,1,9,,160949,11,0,62 63 64 65 15 16,1,17,,160868,11,0,62 63 64 65 15 16,1,18,,160965,11,0,62 63 64 65 15 16,1,56,,160931,11,0,62 63 64 65 15 16,1,18,,160922,11,0,62 63 64 65 15 16,1,18,,160939,11,0,62 63 64 65 15 16,1,58,,160950,11,0,62 63 64 65 15 16,1,19,,160966,11,0,62 63 64 65 15 16,1,17,,160932,11,0,62 63 64 65 15 16,1,59,,160920,11,0,62 63 64 65 15 16,1,18,,160940,11,0,62 63 64 65 15 16,1,17,,160951,11,0,62 63 64 65 15 16,1,9,,160984,11,0,62 63 64 65 15 16,1,9,,160967,11,0,62 63 64 65 15 16,1,49,,160913,11,0,62 63 64 65 15 16,1,8,,160933,11,0,62 63 64 65 15 16,1,8,,160976,11,0,62 63 64 65 15 16,1,10,,160921,11,0,62 63 64 65 15 16,1,14,,160942,11,0,62 63 64 65 15 16,1,58,,160952,11,0,62 63 64 65 15 16,1,20,,160968,11,0,62 63 64 65 15 16,1,24,,160977,11,0,62 63 64 65 15 16,1,83,,160941,11,0,62 63 64 65 15 16,1,83,,160969,11,0,62 63 64 65 15 16,1,45,,160978,11,0,62 63 64 65 15 16,1,85,,160943,11,0,62 63 64 65 15 16,1
74701,'H50M300F-70-F3',549,,160996,11,0,62 63 64 65 15 16,1,70,,160985,11,0,62 63 64 65 15 16,1,30,,161005,11,0,62 63 64 65 15 16,1,69,,160997,11,0,62 63 64 65 15 16,1,27,,160986,11,0,62 63 64 65 15 16,1,65,,161023,11,0,62 63 64 65 15 16,1,22,,161006,11,0,62 63 64 65 15 16,1,19,,160998,11,0,62 63 64 65 15 16,1,60,,161013,11,0,62 63 64 65 15 16,1,20,,160987,11,0,62 63 64 65 15 16,1,20,,161022,11,0,62 63 64 65 15 16,1,60,,161007,11,0,62 63 64 65 15 16,1,20,,160999,11,0,62 63 64 65 15 16,1,19,,161014,11,0,62 63 64 65 15 16,1,57,,160988,11,0,62 63 64 65 15 16,1,17,,161024,11,0,62 63 64 65 15 16,1,26,,161008,11,0,62 63 64 65 15 16,1,50,,161052,11,0,62 63 64 65 15 16,1,20,,161026,11,0,62 63 64 65 15 16,1,19,,161051,11,0,62 63 64 65 15 16,1,7,,161080,11,0,62 63 64 65 15 16,1,13,,160989,11,0,62 63 64 65 15 16,1,52,,161001,11,0,62 63 64 65 15 16,1,12,,161061,11,0,62 63 64 65 15 16,1,14,,161009,11,0,62 63 64 65 15 16,1,12,,161053,11,0,62 63 64 65 15 16,1,52,,161084,11,0,62 63 64 65 15 16,1,12,,161027,11,0,62 63 64 65 15 16,1,15,,161017,11,0,62 63 64 65 15 16,1,13,,161072,11,0,62 63 64 65 15 16,1,12,,161033,11,0,62 63 64 65 15 16,1,52,,161043,11,0,62 63 64 65 15 16,1,14,,161088,11,0,62 63 64 65 15 16,1,13,,161082,11,0,62 63 64 65 15 16,1,14,,160991,11,0,62 63 64 65 15 16,1,55,,161003,11,0,62 63 64 65 15 16,1,12,,161063,11,0,62 63 64 65 15 16,1,12,,161018,11,0,62 63 64 65 15 16,1,13,,161073,11,0,62 63 64 65 15 16,1,14,,161034,11,0,62 63 64 65 15 16,1,7,,161086,11,0,62 63 64 65 15 16,1,51,,161097,11,0,62 63 64 65 15 16,1,13,,161089,11,0,62 63 64 65 15 16,1,11,,161083,11,0,62 63 64 65 15 16,1,6,,161012,11,0,62 63 64 65 15 16,1,13,,161056,11,0,62 63 64 65 15 16,1,5,,161004,11,0,62 63 64 65 15 16,1,50,,161064,11,0,62 63 64 65 15 16,1,6,,161045,11,0,62 63 64 65 15 16,1,12,,161030,11,0,62 63 64 65 15 16,1,17,,161035,11,0,62 63 64 65 15 16,1,58,,161099,11,0,62 63 64 65 15 16,1,18,,161020,11,0,62 63 64 65 15 16,1,19,,161057,11,0,62 63 64 65 15 16,1,17,,161046,11,0,62 63 64 65 15 16,1,57,,161065,11,0,62 63 64 65 15 16,1,9,,161076,11,0,62 63 64 65 15 16,1,17,,160995,11,0,62 63 64 65 15 16,1,18,,161092,11,0,62 63 64 65 15 16,1,56,,161058,11,0,62 63 64 65 15 16,1,18,,161047,11,0,62 63 64 65 15 16,1,18,,161066,11,0,62 63 64 65 15 16,1,58,,161077,11,0,62 63 64 65 15 16,1,19,,161093,11,0,62 63 64 65 15 16,1,17,,161059,11,0,62 63 64 65 15 16,1,59,,161048,11,0,62 63 64 65 15 16,1,18,,161067,11,0,62 63 64 65 15 16,1,17,,161078,11,0,62 63 64 65 15 16,1,9,,161111,11,0,62 63 64 65 15 16,1,9,,161094,11,0,62 63 64 65 15 16,1,49,,161040,11,0,62 63 64 65 15 16,1,8,,161060,11,0,62 63 64 65 15 16,1,8,,161103,11,0,62 63 64 65 15 16,1,10,,161049,11,0,62 63 64 65 15 16,1,14,,161068,11,0,62 63 64 65 15 16,1,58,,161079,11,0,62 63 64 65 15 16,1,20,,161095,11,0,62 63 64 65 15 16,1,24,,161104,11,0,62 63 64 65 15 16,1,83,,161069,11,0,62 63 64 65 15 16,1,83,,161096,11,0,62 63 64 65 15 16,1,45,,161105,11,0,62 63 64 65 15 16,1,85,,161070,11,0,62 63 64 65 15 16,1
