15001,'H56M000S-80-S',1633,,202609,6,0,5,1
15001,'H59M000A-80-A',901,,202611,6,0,5,2,26,,202637,6,0,5,1,27,,202612,6,0,5,2,66,,202638,6,0,5,1,18,,202625,6,0,5,2,19,,202613,6,0,5,2,60,,202639,6,0,5,1,19,,202626,6,0,5,2,20,,202614,6,0,5,2,59,,202640,6,0,5,1,20,,202627,6,0,5,2,20,,202615,6,0,5,2,59,,202641,6,0,5,1,21,,202628,6,0,5,2,21,,202616,6,0,5,2,61,,202642,6,0,5,1,23,,202629,6,0,5,2,61,,202617,6,0,5,2,21,,202643,6,0,5,1,23,,202630,6,0,5,2,60,,202618,6,0,5,2,21,,202644,6,0,5,1,23,,202631,6,0,5,2,60,,202619,6,0,5,2,22,,202645,6,0,5,1,22,,202632,6,0,5,2,61,,202620,6,0,5,2,21,,202646,6,0,5,1,22,,202633,6,0,5,2,62,,202621,6,0,5,2,21,,202647,6,0,5,1,61,,202634,6,0,5,2,22,,202622,6,0,5,2,22,,202648,6,0,5,1,61,,202635,6,0,5,2,21,,202623,6,0,5,2,22,,202649,6,0,5,1,63,,202636,6,0,5,2,25,,202624,6,0,5,2,72,,202650,6,0,5,1,32,,202610,6,0,5,1,72,,202651,6,0,5,1
15001,'H59M000I-80-I',901,,202667,6,0,5,1,25,,202652,6,0,5,1,26,,202668,6,0,5,1,65,,202681,6,0,5,1,19,,202653,6,0,5,1,19,,202669,6,0,5,1,59,,202682,6,0,5,1,19,,202654,6,0,5,1,19,,202670,6,0,5,1,60,,202683,6,0,5,1,21,,202655,6,0,5,1,20,,202671,6,0,5,1,60,,202684,6,0,5,1,21,,202656,6,0,5,1,20,,202672,6,0,5,1,61,,202685,6,0,5,1,21,,202657,6,0,5,1,21,,202673,6,0,5,1,60,,202686,6,0,5,1,21,,202658,6,0,5,1,21,,202674,6,0,5,1,61,,202687,6,0,5,1,21,,202659,6,0,5,1,61,,202675,6,0,5,1,20,,202688,6,0,5,1,20,,202660,6,0,5,1,59,,202676,6,0,5,1,20,,202689,6,0,5,1,19,,202661,6,0,5,1,19,,202677,6,0,5,1,60,,202690,6,0,5,1,19,,202662,6,0,5,1,19,,202678,6,0,5,1,59,,202691,6,0,5,1,20,,202663,6,0,5,1,19,,202679,6,0,5,1,60,,202692,6,0,5,1,19,,202664,6,0,5,1,19,,202680,6,0,5,1,59,,202693,6,0,5,1,27,,202665,6,0,5,1,70,,202694,6,0,5,1,29,,202666,6,0,5,1,68,,202695,6,0,5,1
15001,'H59M000S-80-S',631,,202714,6,0,5,1,23,,202725,6,0,5,2,62,,202696,6,0,5,2,23,,202715,6,0,5,1,64,,202726,6,0,5,2,26,,202697,6,0,5,2,23,,202716,6,0,5,1,61,,202702,6,0,5,1,19,,202727,6,0,5,2,18,,202698,6,0,5,2,59,,202717,6,0,5,1,18,,202703,6,0,5,1,20,,202728,6,0,5,2,60,,202699,6,0,5,2,21,,202718,6,0,5,1,21,,202704,6,0,5,1,60,,202729,6,0,5,2,20,,202700,6,0,5,2,21,,202719,6,0,5,1,60,,202705,6,0,5,1,20,,202730,6,0,5,2,21,,202701,6,0,5,2,60,,202720,6,0,5,1,19,,202706,6,0,5,1,21,,202731,6,0,5,2,60,,202738,6,0,5,2,20,,202721,6,0,5,1,21,,202707,6,0,5,1,60,,202732,6,0,5,2,40,,202722,6,0,5,1,60,,202708,6,0,5,1,19,,202733,6,0,5,2,20,,202739,6,0,5,1,61,,202723,6,0,5,1,21,,202709,6,0,5,1,21,,202734,6,0,5,2,61,,202740,6,0,5,1,21,,202724,6,0,5,1,21,,202710,6,0,5,1,61,,202735,6,0,5,2,23,,202741,6,0,5,1,68,,202711,6,0,5,1,30,,202736,6,0,5,2,70,,202742,6,0,5,1,30,,202712,6,0,5,1,70,,202737,6,0,5,2,30,,202743,6,0,5,1,73,,202713,6,0,5,1
35001,'H56M000A-80-A',2611,,214117,88,0,5,1,92,,214120,88,0,5,1,53,,214118,88,0,5,1,85,,214119,88,0,5,1,84,,214121,88,0,5,1
35001,'H56M000I-80-I',2607,,214123,88,0,5,1,47,,214126,88,0,5,2,87,,214122,88,0,5,1,84,,214124,88,0,5,1,87,,214125,88,0,5,2
35001,'H56M000S-80-S',2606,,214127,88,0,5,1,47,,214131,88,0,5,2,88,,214128,88,0,5,1,85,,214129,88,0,5,2,88,,214130,88,0,5,1
35503,'H54M000A-80-A',2525,,214224,6,0,8,1,31,,214222,6,0,8,2,65,,214223,6,0,8,1,25,,214221,6,0,8,1,71,,214227,6,0,8,1,24,,214228,6,0,8,2,80,,214225,6,0,8,1,29,,214226,6,0,8,2
35503,'H54M000I-81-I',2526,,214230,6,0,8,1,84,,214232,6,0,8,1,45,,214229,6,0,8,1,85,,214233,6,0,8,2,85,,214231,6,0,8,1,26,,214234,6,0,8,1
35503,'H54M000S-81-S',2525,,214238,6,0,8,1,84,,214236,6,0,8,1,46,,214235,6,0,8,1,85,,214240,6,0,8,1,78,,214239,6,0,8,1,33,,214237,6,0,8,1
35801,'H59M000A-80-A',2433,,214338,6,0,5,2,67,,214331,6,0,5,1,31,,214339,6,0,5,2,71,,214332,6,0,5,1,31,,214340,6,0,5,2,19,,214336,6,0,5,1,58,,214333,6,0,5,1,23,,214341,6,0,5,2,19,,214337,6,0,5,1,57,,214334,6,0,5,1,26,,214342,6,0,5,2,69,,214335,6,0,5,1
35801,'H59M000I-80-I',2434,,214343,6,0,5,1,70,,214348,6,0,5,2,30,,214344,6,0,5,1,70,,214349,6,0,5,2,30,,214345,6,0,5,1,70,,214350,6,0,5,2,30,,214346,6,0,5,1,70,,214351,6,0,5,2,30,,214347,6,0,5,1,70,,214352,6,0,5,2
35801,'H59M000S-80-S',2434,,214353,6,0,5,2,70,,214358,6,0,5,1,30,,214354,6,0,5,2,70,,214359,6,0,5,1,30,,214355,6,0,5,2,70,,214360,6,0,5,1,30,,214356,6,0,5,2,70,,214361,6,0,5,1,30,,214357,6,0,5,2,70,,214362,6,0,5,1
35801,'H59M000S-80-SV',2619,,214363,6,0,5,2,30,,214366,6,0,5,2,70,,214364,6,0,5,2,30,,214367,6,0,5,2,70,,214365,6,0,5,2,30,,214368,6,0,5,2
36401,'H54M000A-80-A',2542,,214659,6,0,5,2,88,,214656,6,0,5,1,71,,214658,6,0,5,2,10,,214661,6,0,5,1,45,,214657,6,0,5,2,84,,214660,6,0,5,1
36401,'H54M000I-81-I',2540,,214663,6,0,5,1,86,,214662,6,0,5,1,31,,214665,6,0,5,1,71,,214667,6,0,5,1,31,,214666,6,0,5,2,81,,214664,6,0,5,1
36401,'H54M000S-81-S',2540,,214669,6,0,5,1,85,,214672,6,0,5,1,84,,214671,6,0,5,1,45,,214668,6,0,5,1,85,,214670,6,0,5,1
48003,'H50M000S-81-S',1452,,217086,4,0,8,1,63,,217077,4,0,8,1,22,,217082,4,0,8,1,22,,217079,4,0,8,1,72,,217076,4,0,8,1,19,,217083,4,0,8,1,63,,217085,4,0,8,1,24,,217087,4,0,8,1,63,,217081,4,0,8,1,24,,217080,4,0,8,1,20,,217084,4,0,8,1,73,,217078,4,0,8,1
74701,'H50M000A-81-A',542,,217679,5,0,62 63 64 65 15 16,1,70,,217668,5,0,62 63 64 65 15 16,1,30,,217688,5,0,62 63 64 65 15 16,1,69,,217680,5,0,62 63 64 65 15 16,1,27,,217669,5,0,62 63 64 65 15 16,1,64,,217705,5,0,62 63 64 65 15 16,1,22,,217689,5,0,62 63 64 65 15 16,1,19,,217681,5,0,62 63 64 65 15 16,1,60,,217696,5,0,62 63 64 65 15 16,1,20,,217670,5,0,62 63 64 65 15 16,1,20,,217706,5,0,62 63 64 65 15 16,1,60,,217690,5,0,62 63 64 65 15 16,1,20,,217682,5,0,62 63 64 65 15 16,1,19,,217697,5,0,62 63 64 65 15 16,1,17,,217671,5,0,62 63 64 65 15 16,1,57,,217707,5,0,62 63 64 65 15 16,1,26,,217691,5,0,62 63 64 65 15 16,1,10,,217735,5,0,62 63 64 65 15 16,1,58,,217709,5,0,62 63 64 65 15 16,1,19,,217734,5,0,62 63 64 65 15 16,1,7,,217763,5,0,62 63 64 65 15 16,1,13,,217672,5,0,62 63 64 65 15 16,1,52,,217684,5,0,62 63 64 65 15 16,1,12,,217744,5,0,62 63 64 65 15 16,1,14,,217692,5,0,62 63 64 65 15 16,1,12,,217736,5,0,62 63 64 65 15 16,1,12,,217767,5,0,62 63 64 65 15 16,1,52,,217710,5,0,62 63 64 65 15 16,1,15,,217700,5,0,62 63 64 65 15 16,1,13,,217755,5,0,62 63 64 65 15 16,1,12,,217716,5,0,62 63 64 65 15 16,1,12,,217726,5,0,62 63 64 65 15 16,1,54,,217771,5,0,62 63 64 65 15 16,1,13,,217765,5,0,62 63 64 65 15 16,1,14,,217674,5,0,62 63 64 65 15 16,1,15,,217686,5,0,62 63 64 65 15 16,1,52,,217746,5,0,62 63 64 65 15 16,1,12,,217701,5,0,62 63 64 65 15 16,1,13,,217756,5,0,62 63 64 65 15 16,1,14,,217717,5,0,62 63 64 65 15 16,1,7,,217769,5,0,62 63 64 65 15 16,1,51,,217780,5,0,62 63 64 65 15 16,1,13,,217772,5,0,62 63 64 65 15 16,1,11,,217766,5,0,62 63 64 65 15 16,1,6,,217695,5,0,62 63 64 65 15 16,1,13,,217739,5,0,62 63 64 65 15 16,1,5,,217687,5,0,62 63 64 65 15 16,1,10,,217747,5,0,62 63 64 65 15 16,1,46,,217728,5,0,62 63 64 65 15 16,1,12,,217713,5,0,62 63 64 65 15 16,1,17,,217718,5,0,62 63 64 65 15 16,1,18,,217781,5,0,62 63 64 65 15 16,1,58,,217703,5,0,62 63 64 65 15 16,1,19,,217740,5,0,62 63 64 65 15 16,1,17,,217729,5,0,62 63 64 65 15 16,1,58,,217748,5,0,62 63 64 65 15 16,1,9,,217759,5,0,62 63 64 65 15 16,1,17,,217678,5,0,62 63 64 65 15 16,1,18,,217775,5,0,62 63 64 65 15 16,1,57,,217741,5,0,62 63 64 65 15 16,1,18,,217730,5,0,62 63 64 65 15 16,1,18,,217749,5,0,62 63 64 65 15 16,1,18,,217760,5,0,62 63 64 65 15 16,1,59,,217776,5,0,62 63 64 65 15 16,1,17,,217742,5,0,62 63 64 65 15 16,1,19,,217731,5,0,62 63 64 65 15 16,1,58,,217750,5,0,62 63 64 65 15 16,1,17,,217761,5,0,62 63 64 65 15 16,1,9,,217794,5,0,62 63 64 65 15 16,1,9,,217777,5,0,62 63 64 65 15 16,1,9,,217723,5,0,62 63 64 65 15 16,1,48,,217743,5,0,62 63 64 65 15 16,1,8,,217786,5,0,62 63 64 65 15 16,1,10,,217732,5,0,62 63 64 65 15 16,1,15,,217751,5,0,62 63 64 65 15 16,1,18,,217762,5,0,62 63 64 65 15 16,1,60,,217778,5,0,62 63 64 65 15 16,1,24,,217787,5,0,62 63 64 65 15 16,1,83,,217752,5,0,62 63 64 65 15 16,1,83,,217779,5,0,62 63 64 65 15 16,1,45,,217788,5,0,62 63 64 65 15 16,1,85,,217753,5,0,62 63 64 65 15 16,1
74701,'H50M000I-81-I',542,,217806,5,0,62 63 64 65 15 16,1,70,,217795,5,0,62 63 64 65 15 16,1,30,,217815,5,0,62 63 64 65 15 16,1,69,,217807,5,0,62 63 64 65 15 16,1,27,,217796,5,0,62 63 64 65 15 16,1,64,,217832,5,0,62 63 64 65 15 16,1,22,,217816,5,0,62 63 64 65 15 16,1,19,,217808,5,0,62 63 64 65 15 16,1,60,,217823,5,0,62 63 64 65 15 16,1,20,,217797,5,0,62 63 64 65 15 16,1,20,,217833,5,0,62 63 64 65 15 16,1,60,,217817,5,0,62 63 64 65 15 16,1,20,,217809,5,0,62 63 64 65 15 16,1,19,,217824,5,0,62 63 64 65 15 16,1,17,,217798,5,0,62 63 64 65 15 16,1,57,,217834,5,0,62 63 64 65 15 16,1,26,,217818,5,0,62 63 64 65 15 16,1,10,,217862,5,0,62 63 64 65 15 16,1,58,,217836,5,0,62 63 64 65 15 16,1,19,,217861,5,0,62 63 64 65 15 16,1,7,,217890,5,0,62 63 64 65 15 16,1,13,,217799,5,0,62 63 64 65 15 16,1,52,,217811,5,0,62 63 64 65 15 16,1,12,,217871,5,0,62 63 64 65 15 16,1,14,,217819,5,0,62 63 64 65 15 16,1,12,,217863,5,0,62 63 64 65 15 16,1,12,,217894,5,0,62 63 64 65 15 16,1,52,,217837,5,0,62 63 64 65 15 16,1,15,,217827,5,0,62 63 64 65 15 16,1,13,,217882,5,0,62 63 64 65 15 16,1,12,,217843,5,0,62 63 64 65 15 16,1,12,,217853,5,0,62 63 64 65 15 16,1,54,,217898,5,0,62 63 64 65 15 16,1,13,,217892,5,0,62 63 64 65 15 16,1,14,,217801,5,0,62 63 64 65 15 16,1,15,,217813,5,0,62 63 64 65 15 16,1,52,,217873,5,0,62 63 64 65 15 16,1,12,,217828,5,0,62 63 64 65 15 16,1,13,,217883,5,0,62 63 64 65 15 16,1,14,,217844,5,0,62 63 64 65 15 16,1,7,,217896,5,0,62 63 64 65 15 16,1,51,,217907,5,0,62 63 64 65 15 16,1,13,,217899,5,0,62 63 64 65 15 16,1,11,,217893,5,0,62 63 64 65 15 16,1,6,,217822,5,0,62 63 64 65 15 16,1,13,,217866,5,0,62 63 64 65 15 16,1,5,,217814,5,0,62 63 64 65 15 16,1,10,,217874,5,0,62 63 64 65 15 16,1,46,,217855,5,0,62 63 64 65 15 16,1,12,,217840,5,0,62 63 64 65 15 16,1,17,,217845,5,0,62 63 64 65 15 16,1,18,,217908,5,0,62 63 64 65 15 16,1,58,,217830,5,0,62 63 64 65 15 16,1,19,,217867,5,0,62 63 64 65 15 16,1,17,,217856,5,0,62 63 64 65 15 16,1,58,,217875,5,0,62 63 64 65 15 16,1,9,,217886,5,0,62 63 64 65 15 16,1,17,,217805,5,0,62 63 64 65 15 16,1,18,,217902,5,0,62 63 64 65 15 16,1,57,,217868,5,0,62 63 64 65 15 16,1,18,,217857,5,0,62 63 64 65 15 16,1,18,,217876,5,0,62 63 64 65 15 16,1,18,,217887,5,0,62 63 64 65 15 16,1,59,,217903,5,0,62 63 64 65 15 16,1,17,,217869,5,0,62 63 64 65 15 16,1,19,,217858,5,0,62 63 64 65 15 16,1,58,,217877,5,0,62 63 64 65 15 16,1,17,,217888,5,0,62 63 64 65 15 16,1,9,,217921,5,0,62 63 64 65 15 16,1,9,,217904,5,0,62 63 64 65 15 16,1,9,,217850,5,0,62 63 64 65 15 16,1,48,,217870,5,0,62 63 64 65 15 16,1,8,,217913,5,0,62 63 64 65 15 16,1,10,,217859,5,0,62 63 64 65 15 16,1,15,,217878,5,0,62 63 64 65 15 16,1,18,,217889,5,0,62 63 64 65 15 16,1,60,,217905,5,0,62 63 64 65 15 16,1,24,,217914,5,0,62 63 64 65 15 16,1,83,,217879,5,0,62 63 64 65 15 16,1,83,,217906,5,0,62 63 64 65 15 16,1,45,,217915,5,0,62 63 64 65 15 16,1,85,,217880,5,0,62 63 64 65 15 16,1
74701,'H50M000S-81-S',533,,217931,5,0,62 63 64 65 15 16,1,73,,217922,5,0,62 63 64 65 15 16,1,33,,217943,5,0,62 63 64 65 15 16,1,68,,217932,5,0,62 63 64 65 15 16,1,33,,217954,5,0,62 63 64 65 15 16,1,69,,217923,5,0,62 63 64 65 15 16,1,29,,217944,5,0,62 63 64 65 15 16,1,64,,217933,5,0,62 63 64 65 15 16,1,21,,217961,5,0,62 63 64 65 15 16,1,20,,217955,5,0,62 63 64 65 15 16,1,59,,217924,5,0,62 63 64 65 15 16,1,18,,217945,5,0,62 63 64 65 15 16,1,15,,217973,5,0,62 63 64 65 15 16,1,13,,217978,5,0,62 63 64 65 15 16,1,54,,217934,5,0,62 63 64 65 15 16,1,26,,217956,5,0,62 63 64 65 15 16,1,27,,217999,5,0,62 63 64 65 15 16,1,58,,217963,5,0,62 63 64 65 15 16,1,17,,217979,5,0,62 63 64 65 15 16,1,17,,217935,5,0,62 63 64 65 15 16,1,55,,217947,5,0,62 63 64 65 15 16,1,15,,217975,5,0,62 63 64 65 15 16,1,15,,218007,5,0,62 63 64 65 15 16,1,13,,218000,5,0,62 63 64 65 15 16,1,55,,217964,5,0,62 63 64 65 15 16,1,15,,217980,5,0,62 63 64 65 15 16,1,14,,218016,5,0,62 63 64 65 15 16,1,14,,217936,5,0,62 63 64 65 15 16,1,13,,217989,5,0,62 63 64 65 15 16,1,53,,217948,5,0,62 63 64 65 15 16,1,13,,217959,5,0,62 63 64 65 15 16,1,16,,217929,5,0,62 63 64 65 15 16,1,21,,218020,5,0,62 63 64 65 15 16,1,54,,218023,5,0,62 63 64 65 15 16,1,12,,217977,5,0,62 63 64 65 15 16,1,15,,218009,5,0,62 63 64 65 15 16,1,15,,217997,5,0,62 63 64 65 15 16,1,53,,217990,5,0,62 63 64 65 15 16,1,12,,218031,5,0,62 63 64 65 15 16,1,10,,217960,5,0,62 63 64 65 15 16,1,5,,217982,5,0,62 63 64 65 15 16,1,12,,218018,5,0,62 63 64 65 15 16,1,12,,218032,5,0,62 63 64 65 15 16,1,49,,218021,5,0,62 63 64 65 15 16,1,5,,218003,5,0,62 63 64 65 15 16,1,14,,217950,5,0,62 63 64 65 15 16,1,21,,218027,5,0,62 63 64 65 15 16,1,57,,217998,5,0,62 63 64 65 15 16,1,5,,217991,5,0,62 63 64 65 15 16,1,12,,218025,5,0,62 63 64 65 15 16,1,6,,217983,5,0,62 63 64 65 15 16,1,15,,218033,5,0,62 63 64 65 15 16,1,58,,218004,5,0,62 63 64 65 15 16,1,18,,217951,5,0,62 63 64 65 15 16,1,17,,218028,5,0,62 63 64 65 15 16,1,18,,217992,5,0,62 63 64 65 15 16,1,57,,217984,5,0,62 63 64 65 15 16,1,16,,218034,5,0,62 63 64 65 15 16,1,16,,218005,5,0,62 63 64 65 15 16,1,16,,217952,5,0,62 63 64 65 15 16,1,58,,218029,5,0,62 63 64 65 15 16,1,20,,217993,5,0,62 63 64 65 15 16,1,20,,218040,5,0,62 63 64 65 15 16,1,58,,217972,5,0,62 63 64 65 15 16,1,15,,218015,5,0,62 63 64 65 15 16,1,6,,218006,5,0,62 63 64 65 15 16,1,6,,217986,5,0,62 63 64 65 15 16,1,6,,217953,5,0,62 63 64 65 15 16,1,8,,218036,5,0,62 63 64 65 15 16,1,48,,218030,5,0,62 63 64 65 15 16,1,8,,218043,5,0,62 63 64 65 15 16,1,9,,217994,5,0,62 63 64 65 15 16,1,14,,218041,5,0,62 63 64 65 15 16,1,83,,218037,5,0,62 63 64 65 15 16,1,84,,218044,5,0,62 63 64 65 15 16,1,54,,218038,5,0,62 63 64 65 15 16,1,94,,218045,5,0,62 63 64 65 15 16,1,94,,218039,5,0,62 63 64 65 15 16,1
