1601,'H50M000A-81-A',608,,178676,17,0,5,1,28,,178652,17,0,5,2,70,,178677,17,0,5,1,30,,178653,17,0,5,2,70,,178678,17,0,5,1,31,,178654,17,0,5,2,71,,178679,17,0,5,1,31,,178655,17,0,5,2,72,,178680,17,0,5,1,33,,178656,17,0,5,2,71,,178681,17,0,5,1,30,,178661,17,0,5,2,70,,178657,17,0,5,2,31,,178682,17,0,5,1,70,,178662,17,0,5,2,30,,178658,17,0,5,2,69,,178683,17,0,5,1,29,,178663,17,0,5,2,70,,178659,17,0,5,2,30,,178670,17,0,5,1,69,,178664,17,0,5,2,29,,178660,17,0,5,2,70,,178671,17,0,5,1,29,,178665,17,0,5,2,68,,178666,17,0,5,1,30,,178672,17,0,5,1,73,,178667,17,0,5,1,30,,178673,17,0,5,1,72,,178668,17,0,5,1,30,,178674,17,0,5,1,70,,178669,17,0,5,1,29,,178675,17,0,5,1
1601,'H50M000I-81-I',610,,178693,17,0,5,1,29,,178684,17,0,5,2,69,,178694,17,0,5,1,29,,178685,17,0,5,2,70,,178695,17,0,5,1,29,,178686,17,0,5,2,70,,178696,17,0,5,1,31,,178687,17,0,5,2,71,,178697,17,0,5,1,31,,178688,17,0,5,2,72,,178698,17,0,5,1,32,,178689,17,0,5,2,72,,178699,17,0,5,1,32,,178690,17,0,5,2,72,,178700,17,0,5,1,28,,178708,17,0,5,1,68,,178691,17,0,5,2,27,,178701,17,0,5,1,67,,178709,17,0,5,1,27,,178692,17,0,5,2,66,,178702,17,0,5,1,27,,178710,17,0,5,1,27,,178715,17,0,5,2,67,,178703,17,0,5,1,27,,178711,17,0,5,1,65,,178716,17,0,5,2,27,,178704,17,0,5,1,70,,178712,17,0,5,1,31,,178705,17,0,5,1,70,,178713,17,0,5,1,29,,178706,17,0,5,1,70,,178714,17,0,5,1,29,,178707,17,0,5,1
1601,'H50M000S-81-S',606,,178717,17,0,5,1,26,,178725,17,0,5,1,26,,178719,17,0,5,2,69,,178718,17,0,5,1,30,,178726,17,0,5,1,67,,178720,17,0,5,2,25,,178748,17,0,5,1,64,,178736,17,0,5,1,27,,178727,17,0,5,1,66,,178721,17,0,5,2,30,,178737,17,0,5,1,70,,178728,17,0,5,1,30,,178722,17,0,5,2,71,,178738,17,0,5,1,30,,178729,17,0,5,1,70,,178723,17,0,5,2,31,,178739,17,0,5,1,71,,178730,17,0,5,1,31,,178724,17,0,5,2,72,,178740,17,0,5,1,35,,178731,17,0,5,1,75,,178743,17,0,5,1,34,,178741,17,0,5,1,71,,178732,17,0,5,1,31,,178744,17,0,5,1,73,,178742,17,0,5,1,28,,178733,17,0,5,1,73,,178745,17,0,5,1,72,,178734,17,0,5,1,32,,178746,17,0,5,1,72,,178735,17,0,5,1,32,,178747,17,0,5,1
12404,'H50M000A-81-A',619,,199266,9,0,9,1,30,,199236,9,0,9,1,70,,199233,9,0,9,2,30,,199231,9,0,9,2,70,,199237,9,0,9,1,30,,199234,9,0,9,2,70,,199232,9,0,9,2,30,,199238,9,0,9,1,70,,199256,9,0,9,2,30,,199248,9,0,9,1,70,,199239,9,0,9,1,30,,199257,9,0,9,2,70,,199249,9,0,9,1,30,,199240,9,0,9,1,70,,199258,9,0,9,2,30,,199250,9,0,9,1,70,,199241,9,0,9,1,30,,199259,9,0,9,2,71,,199251,9,0,9,1,31,,199242,9,0,9,1,71,,199260,9,0,9,2,30,,199252,9,0,9,1,70,,199243,9,0,9,1,29,,199261,9,0,9,2,69,,199253,9,0,9,1,29,,199244,9,0,9,1,69,,199262,9,0,9,2,29,,199254,9,0,9,1,69,,199245,9,0,9,1,29,,199263,9,0,9,2,69,,199255,9,0,9,1,29,,199246,9,0,9,1,70,,199264,9,0,9,2,30,,199235,9,0,9,2,70,,199247,9,0,9,1,30,,199265,9,0,9,2
12404,'H50M000I-81-I',707,,199267,9,0,9,1,30,,199268,9,0,9,1,70,,199289,9,0,9,2,30,,199279,9,0,9,2,70,,199269,9,0,9,1,30,,199290,9,0,9,2,70,,199280,9,0,9,2,30,,199270,9,0,9,1,70,,199291,9,0,9,2,30,,199281,9,0,9,2,70,,199271,9,0,9,1,30,,199292,9,0,9,2,70,,199282,9,0,9,2,30,,199272,9,0,9,1,70,,199293,9,0,9,2,30,,199283,9,0,9,2,70,,199273,9,0,9,1,30,,199294,9,0,9,2,70,,199284,9,0,9,2,30,,199274,9,0,9,1,70,,199295,9,0,9,2,30,,199285,9,0,9,2,70,,199275,9,0,9,1,30,,199296,9,0,9,2,70,,199286,9,0,9,2,30,,199276,9,0,9,1,70,,199297,9,0,9,2,30,,199287,9,0,9,2,70,,199277,9,0,9,1,30,,199298,9,0,9,2,69,,199288,9,0,9,2,30,,199278,9,0,9,1,71,,199299,9,0,9,2,30,,199300,9,0,9,2
12404,'H50M000S-81-S',555,,199313,9,0,9,1,69,,199311,9,0,9,1,29,,199315,9,0,9,1,70,,199314,9,0,9,1,33,,199312,9,0,9,1,72,,199316,9,0,9,1,31,,199317,9,0,9,2,69,,199301,9,0,9,2,25,,199306,9,0,9,1,70,,199333,9,0,9,1,30,,199318,9,0,9,2,70,,199307,9,0,9,1,30,,199334,9,0,9,1,71,,199319,9,0,9,2,31,,199308,9,0,9,1,71,,199335,9,0,9,1,32,,199320,9,0,9,2,73,,199309,9,0,9,1,72,,199336,9,0,9,1,32,,199321,9,0,9,2,71,,199310,9,0,9,2,29,,199323,9,0,9,1,69,,199328,9,0,9,1,29,,199322,9,0,9,2,99,,199302,9,0,9,1,68,,199324,9,0,9,1,29,,199329,9,0,9,1,29,,199303,9,0,9,1,69,,199325,9,0,9,1,30,,199330,9,0,9,1,70,,199304,9,0,9,1,30,,199326,9,0,9,1,70,,199331,9,0,9,1,30,,199305,9,0,9,1,70,,199327,9,0,9,1,30,,199332,9,0,9,1
12404,'H56M000S-80-S',1802,,199337,9,0,9,1
36801,'H57M000A-80-A',2528,,214728,9,0,5,1,85,,214726,9,0,5,1,89,,214727,9,0,5,1,42,,214730,9,0,5,1,84,,214729,9,0,5,1
36801,'H57M000I-80-I',2529,,214734,9,0,5,1,85,,214731,9,0,5,1,45,,214733,9,0,5,1,85,,214735,9,0,5,1,85,,214732,9,0,5,1
36801,'H57M000S-80-S',2526,,214740,9,0,5,2,81,,214737,9,0,5,1,99,,214739,9,0,5,2,39,,214736,9,0,5,1,93,,214738,9,0,5,1
