1703,'H60U000A-85-A',510,,222098,24,0,8,1,45,,222110,24,0,8,1,75,,222099,24,0,8,1,84,,222111,24,0,8,1,37,,222100,24,0,8,1,85,,222112,24,0,8,1,87,,222101,24,0,8,1,85,,222113,24,0,8,1,39,,222119,24,0,8,1,85,,222102,24,0,8,1,84,,222114,24,0,8,1,43,,222120,24,0,8,1,81,,222103,24,0,8,1,82,,222115,24,0,8,1,81,,222121,24,0,8,1,41,,222104,24,0,8,1,80,,222116,24,0,8,1,80,,222122,24,0,8,1,39,,222105,24,0,8,1,76,,222117,24,0,8,1,38,,222123,24,0,8,1,78,,222106,24,0,8,1,75,,222118,24,0,8,1,33,,222124,24,0,8,1,85,,222107,24,0,8,1,81,,222125,24,0,8,1,44,,222108,24,0,8,1,81,,222126,24,0,8,1,82,,222109,24,0,8,1,41,,222127,24,0,8,1
1703,'H60U000I-84-I',516,,222157,24,0,8,1,30,,222136,24,0,8,1,74,,222128,24,0,8,1,84,,222137,24,0,8,1,35,,222129,24,0,8,1,84,,222138,24,0,8,1,79,,222130,24,0,8,1,45,,222139,24,0,8,1,83,,222131,24,0,8,1,85,,222140,24,0,8,1,85,,222132,24,0,8,1,36,,222149,24,0,8,1,80,,222141,24,0,8,1,40,,222133,24,0,8,1,80,,222150,24,0,8,1,80,,222142,24,0,8,1,40,,222134,24,0,8,1,81,,222151,24,0,8,1,82,,222143,24,0,8,1,82,,222135,24,0,8,1,38,,222152,24,0,8,1,84,,222144,24,0,8,1,83,,222153,24,0,8,1,44,,222145,24,0,8,1,81,,222154,24,0,8,1,83,,222146,24,0,8,1,42,,222155,24,0,8,1,82,,222147,24,0,8,1,81,,222156,24,0,8,1,82,,222148,24,0,8,1
1703,'H60U000S-86-S',510,,222158,24,0,8,1,16,,222196,7,0,8,1,5,,222192,24,0,8,1,10,,222193,24,0,8,1,72,,222168,24,0,8,1,34,,222159,24,0,8,1,79,,222194,24,0,8,1,75,,222169,24,0,8,1,33,,222179,24,0,8,1,73,,222160,24,0,8,1,33,,222195,24,0,8,1,70,,222170,24,0,8,1,35,,222180,24,0,8,1,75,,222161,24,0,8,1,35,,222171,24,0,8,1,78,,222181,24,0,8,1,77,,222162,24,0,8,1,37,,222172,24,0,8,1,76,,222185,24,0,8,1,32,,222182,24,0,8,1,69,,222163,24,0,8,1,32,,222173,24,0,8,1,73,,222186,24,0,8,1,72,,222183,24,0,8,1,29,,222164,24,0,8,1,70,,222174,24,0,8,1,32,,222187,24,0,8,1,68,,222184,24,0,8,1,24,,222165,24,0,8,1,29,,222175,24,0,8,1,71,,222188,24,0,8,1,30,,222166,24,0,8,1,71,,222176,24,0,8,1,30,,222189,24,0,8,1,70,,222167,24,0,8,1,32,,222177,24,0,8,1,78,,222190,24,0,8,1,84,,222178,24,0,8,1,36,,222191,24,0,8,1
1703,'H60U100F-85-F1',516,,222226,24,0,8,1,30,,222205,24,0,8,1,74,,222197,24,0,8,1,84,,222206,24,0,8,1,35,,222198,24,0,8,1,84,,222207,24,0,8,1,79,,222199,24,0,8,1,45,,222208,24,0,8,1,83,,222200,24,0,8,1,85,,222209,24,0,8,1,85,,222201,24,0,8,1,36,,222218,24,0,8,1,80,,222210,24,0,8,1,40,,222202,24,0,8,1,80,,222219,24,0,8,1,80,,222211,24,0,8,1,40,,222203,24,0,8,1,81,,222220,24,0,8,1,82,,222212,24,0,8,1,82,,222204,24,0,8,1,38,,222222,24,0,8,1,84,,222213,24,0,8,1,83,,222221,24,0,8,1,44,,222216,24,0,8,1,81,,222223,24,0,8,1,83,,222214,24,0,8,1,42,,222224,24,0,8,1,82,,222215,24,0,8,1,81,,222225,24,0,8,1,82,,222217,24,0,8,1
1703,'H60U200F-83-F2',516,,222256,24,0,8,1,30,,222235,24,0,8,1,74,,222227,24,0,8,1,84,,222236,24,0,8,1,35,,222228,24,0,8,1,84,,222237,24,0,8,1,79,,222229,24,0,8,1,45,,222238,24,0,8,1,83,,222230,24,0,8,1,85,,222239,24,0,8,1,85,,222231,24,0,8,1,36,,222248,24,0,8,1,80,,222240,24,0,8,1,40,,222232,24,0,8,1,80,,222249,24,0,8,1,80,,222241,24,0,8,1,40,,222233,24,0,8,1,81,,222250,24,0,8,1,82,,222242,24,0,8,1,82,,222234,24,0,8,1,38,,222252,24,0,8,1,84,,222243,24,0,8,1,83,,222251,24,0,8,1,44,,222246,24,0,8,1,81,,222253,24,0,8,1,83,,222244,24,0,8,1,42,,222254,24,0,8,1,82,,222245,24,0,8,1,81,,222255,24,0,8,1,82,,222247,24,0,8,1
37103,'H50U000A-82-A',2554,,277743,30,0,8,2,71,,277740,30,0,8,1,27,,277741,30,0,8,1,71,,277745,30,0,8,1,30,,277744,30,0,8,2,70,,277739,30,0,8,1,29,,277742,30,0,8,1
37103,'H50U000I-82-I',2553,,277749,30,0,8,1,69,,277747,30,0,8,2,31,,277746,30,0,8,1,70,,277751,30,0,8,1,30,,277750,30,0,8,1,70,,277748,30,0,8,2,31,,277752,30,0,8,2
37103,'H50U000S-83-S',2552,,277757,30,0,8,2,70,,277755,30,0,8,1,30,,277758,30,0,8,1,68,,277754,30,0,8,1,31,,277753,30,0,8,1,72,,277756,30,0,8,1,30,,277759,30,0,8,1
37103,'H50U100F-80-F1',2553,,277763,30,0,8,1,69,,277761,30,0,8,2,31,,277760,30,0,8,1,70,,277765,30,0,8,1,30,,277764,30,0,8,1,70,,277762,30,0,8,2,31,,277766,30,0,8,2
37103,'H50U200F-80-F2',2553,,277770,30,0,8,1,69,,277768,30,0,8,2,31,,277767,30,0,8,1,70,,277772,30,0,8,1,30,,277771,30,0,8,1,70,,277769,30,0,8,2,31,,277773,30,0,8,2
