3701,'H56U000A-80-A',522,,228823,13,0,5,1,26,,228787,13,0,5,1,66,,228828,13,0,5,1,26,,228824,13,0,5,1,62,,228788,13,0,5,1,22,,228829,13,0,5,1,22,,228791,13,0,5,1,63,,228789,13,0,5,1,24,,228830,13,0,5,1,25,,228792,13,0,5,1,68,,228804,13,0,5,1,26,,228798,13,0,5,1,65,,228793,13,0,5,1,26,,228805,13,0,5,1,69,,228799,13,0,5,1,28,,228794,13,0,5,1,69,,228806,13,0,5,1,29,,228800,13,0,5,1,70,,228795,13,0,5,1,29,,228807,13,0,5,1,69,,228801,13,0,5,1,29,,228796,13,0,5,1,69,,228808,13,0,5,1,29,,228802,13,0,5,1,68,,228797,13,0,5,1,31,,228809,13,0,5,1,73,,228803,13,0,5,1,31,,228812,13,0,5,1,69,,228825,13,0,5,1,29,,228817,13,0,5,1,69,,228813,13,0,5,1,27,,228826,13,0,5,1,29,,228818,13,0,5,1,69,,228814,13,0,5,1,28,,228827,13,0,5,1,68,,228819,13,0,5,1,27,,228821,13,0,5,1,66,,228815,13,0,5,1,26,,228820,13,0,5,1,66,,228822,13,0,5,1,25,,228816,13,0,5,1,25,,228810,13,0,5,1,65,,228790,13,0,5,1,26,,228831,13,0,5,1,66,,228811,13,0,5,1
3701,'H56U000I-80-I',522,,228853,13,0,5,1,30,,228867,13,0,5,1,70,,228851,13,0,5,1,30,,228833,13,0,5,1,69,,228861,13,0,5,1,29,,228852,13,0,5,1,70,,228834,13,0,5,1,30,,228860,13,0,5,1,71,,228870,13,0,5,1,30,,228836,13,0,5,1,68,,228868,13,0,5,1,28,,228854,13,0,5,1,68,,228837,13,0,5,1,28,,228863,13,0,5,1,68,,228847,13,0,5,1,29,,228838,13,0,5,1,70,,228864,13,0,5,1,29,,228848,13,0,5,1,69,,228839,13,0,5,1,29,,228865,13,0,5,1,69,,228849,13,0,5,1,30,,228840,13,0,5,1,70,,228866,13,0,5,1,30,,228850,13,0,5,1,70,,228841,13,0,5,1,31,,228862,13,0,5,1,68,,228859,13,0,5,1,28,,228842,13,0,5,1,68,,228858,13,0,5,1,28,,228869,13,0,5,1,29,,228832,13,0,5,1,69,,228843,13,0,5,1,27,,228871,13,0,5,1,67,,228855,13,0,5,1,27,,228844,13,0,5,1,68,,228872,13,0,5,1,27,,228856,13,0,5,1,66,,228845,13,0,5,1,26,,228873,13,0,5,1,66,,228857,13,0,5,1,26,,228846,13,0,5,1,26,,228835,13,0,5,1
3701,'H56U000S-81-S',541,,228909,13,0,5,1,74,,228905,13,0,5,1,27,,228874,13,0,5,1,68,,228910,13,0,5,1,26,,228906,13,0,5,1,65,,228875,13,0,5,1,22,,228904,13,0,5,1,22,,228893,13,0,5,1,65,,228907,13,0,5,1,25,,228876,13,0,5,1,69,,228894,13,0,5,1,29,,228913,13,0,5,1,69,,228877,13,0,5,1,26,,228895,13,0,5,1,25,,228887,13,0,5,1,69,,228896,13,0,5,1,28,,228878,13,0,5,1,68,,228888,13,0,5,1,29,,228897,13,0,5,1,70,,228879,13,0,5,1,30,,228889,13,0,5,1,71,,228898,13,0,5,1,32,,228880,13,0,5,1,71,,228890,13,0,5,1,30,,228899,13,0,5,1,70,,228881,13,0,5,1,30,,228891,13,0,5,1,68,,228900,13,0,5,1,29,,228882,13,0,5,1,69,,228892,13,0,5,1,26,,228901,13,0,5,1,68,,228883,13,0,5,1,28,,228911,13,0,5,1,69,,228908,13,0,5,1,29,,228902,13,0,5,1,71,,228884,13,0,5,1,33,,228903,13,0,5,1,73,,228885,13,0,5,1,31,,228912,13,0,5,1,73,,228886,13,0,5,1
3701,'H56U100F-80-F1',522,,228935,13,0,5,1,30,,228949,13,0,5,1,70,,228933,13,0,5,1,30,,228915,13,0,5,1,69,,228943,13,0,5,1,29,,228934,13,0,5,1,70,,228916,13,0,5,1,30,,228942,13,0,5,1,71,,228952,13,0,5,1,30,,228918,13,0,5,1,68,,228950,13,0,5,1,28,,228936,13,0,5,1,68,,228919,13,0,5,1,28,,228945,13,0,5,1,68,,228929,13,0,5,1,29,,228920,13,0,5,1,70,,228946,13,0,5,1,29,,228930,13,0,5,1,69,,228921,13,0,5,1,29,,228947,13,0,5,1,69,,228931,13,0,5,1,30,,228922,13,0,5,1,70,,228948,13,0,5,1,30,,228932,13,0,5,1,70,,228923,13,0,5,1,31,,228944,13,0,5,1,68,,228941,13,0,5,1,28,,228924,13,0,5,1,68,,228940,13,0,5,1,28,,228951,13,0,5,1,29,,228914,13,0,5,1,69,,228925,13,0,5,1,27,,228953,13,0,5,1,67,,228937,13,0,5,1,27,,228926,13,0,5,1,68,,228954,13,0,5,1,27,,228938,13,0,5,1,66,,228927,13,0,5,1,26,,228955,13,0,5,1,66,,228939,13,0,5,1,26,,228928,13,0,5,1,26,,228917,13,0,5,1
3701,'H56U200F-80-F2',522,,228977,13,0,5,1,30,,228991,13,0,5,1,70,,228975,13,0,5,1,30,,228957,13,0,5,1,69,,228985,13,0,5,1,29,,228976,13,0,5,1,70,,228958,13,0,5,1,30,,228984,13,0,5,1,71,,228994,13,0,5,1,30,,228960,13,0,5,1,68,,228992,13,0,5,1,28,,228978,13,0,5,1,68,,228961,13,0,5,1,28,,228987,13,0,5,1,68,,228971,13,0,5,1,29,,228962,13,0,5,1,70,,228988,13,0,5,1,29,,228972,13,0,5,1,69,,228963,13,0,5,1,29,,228989,13,0,5,1,69,,228973,13,0,5,1,30,,228964,13,0,5,1,70,,228990,13,0,5,1,30,,228974,13,0,5,1,70,,228965,13,0,5,1,31,,228986,13,0,5,1,68,,228983,13,0,5,1,28,,228966,13,0,5,1,68,,228982,13,0,5,1,28,,228993,13,0,5,1,29,,228956,13,0,5,1,69,,228967,13,0,5,1,27,,228995,13,0,5,1,67,,228979,13,0,5,1,27,,228968,13,0,5,1,68,,228996,13,0,5,1,27,,228980,13,0,5,1,66,,228969,13,0,5,1,26,,228997,13,0,5,1,66,,228981,13,0,5,1,26,,228970,13,0,5,1,26,,228959,13,0,5,1
35001,'H56U000A-80-A',2540,,276616,60,0,5,1,94,,276614,60,0,5,2,94,,276612,60,0,5,1,83,,276613,60,0,5,1,44,,276615,60,0,5,1
35001,'H56U000I-80-I',2540,,276620,60,0,5,1,87,,276618,60,0,5,1,87,,276617,60,0,5,1,44,,276619,60,0,5,1,87,,276621,60,0,5,2
35001,'H56U000S-81-S',2539,,276622,60,0,5,1,87,,276626,60,0,5,2,88,,276623,60,0,5,1,45,,276624,60,0,5,2,88,,276625,60,0,5,1
35001,'H56U100F-80-F1',2540,,276630,60,0,5,1,87,,276628,60,0,5,1,87,,276627,60,0,5,1,44,,276629,60,0,5,1,87,,276631,60,0,5,2
35001,'H56U200F-80-F2',2540,,276635,60,0,5,1,87,,276633,60,0,5,1,87,,276632,60,0,5,1,44,,276634,60,0,5,1,87,,276636,60,0,5,2
