1404,'H57M000A-80-A',848,,178597,19,0,9,1,88,,178598,19,0,9,1,88,,178599,19,0,9,1,88,,178600,19,0,9,1,89,,178601,19,0,9,1,53,,178602,19,0,9,1,93,,178603,19,0,9,1,95,,178604,19,0,9,1,96,,178605,19,0,9,1,96,,178606,19,0,9,1,96,,178607,19,0,9,1,95,,178608,19,0,9,1,79,,178609,19,0,9,1
1404,'H57M000I-80-I',940,,178610,19,0,9,1,89,,178611,19,0,9,1,94,,178612,19,0,9,1,94,,178613,19,0,9,1,96,,178614,19,0,9,1,96,,178621,19,0,9,1,38,,178615,19,0,9,1,93,,178616,19,0,9,1,91,,178617,19,0,9,1,91,,178618,19,0,9,1,91,,178619,19,0,9,1,90,,178620,19,0,9,1
1404,'H57M000S-80-S',610,,178627,19,0,9,1,34,,178631,19,0,9,2,66,,178628,19,0,9,1,24,,178642,19,0,9,2,24,,178632,19,0,9,2,64,,178629,19,0,9,1,26,,178643,19,0,9,2,65,,178633,19,0,9,2,24,,178630,19,0,9,1,66,,178636,19,0,9,1,29,,178634,19,0,9,2,70,,178637,19,0,9,1,29,,178635,19,0,9,2,28,,178638,19,0,9,1,70,,178650,19,0,9,1,28,,178639,19,0,9,1,70,,178651,19,0,9,1,22,,178622,19,0,9,1,67,,178640,19,0,9,1,32,,178623,19,0,9,1,72,,178641,19,0,9,1,26,,178644,19,0,9,1,65,,178624,19,0,9,1,22,,178647,19,0,9,1,25,,178645,19,0,9,1,67,,178625,19,0,9,1,26,,178648,19,0,9,1,67,,178646,19,0,9,1,27,,178626,19,0,9,1,68,,178649,19,0,9,1
15002,'H59M000A-80-A',902,,202772,8,0,10,1,27,,202746,8,0,10,2,26,,202773,8,0,10,1,57,,202759,8,0,10,2,17,,202747,8,0,10,2,20,,202774,8,0,10,1,59,,202760,8,0,10,2,20,,202748,8,0,10,2,19,,202775,8,0,10,1,59,,202761,8,0,10,2,20,,202749,8,0,10,2,19,,202776,8,0,10,1,60,,202762,8,0,10,2,20,,202750,8,0,10,2,20,,202777,8,0,10,1,62,,202763,8,0,10,2,21,,202751,8,0,10,2,21,,202778,8,0,10,1,63,,202764,8,0,10,2,21,,202752,8,0,10,2,21,,202779,8,0,10,1,64,,202765,8,0,10,2,20,,202753,8,0,10,2,21,,202780,8,0,10,1,63,,202766,8,0,10,2,21,,202754,8,0,10,2,61,,202781,8,0,10,1,22,,202767,8,0,10,2,22,,202755,8,0,10,2,61,,202782,8,0,10,1,21,,202768,8,0,10,2,22,,202756,8,0,10,2,62,,202783,8,0,10,1,21,,202769,8,0,10,2,21,,202757,8,0,10,2,62,,202784,8,0,10,1,21,,202770,8,0,10,2,61,,202758,8,0,10,2,22,,202785,8,0,10,1,23,,202771,8,0,10,2,65,,202744,8,0,10,1,32,,202786,8,0,10,1,72,,202745,8,0,10,1,32,,202787,8,0,10,1
15002,'H59M000I-80-I',900,,202788,8,0,10,1,26,,202804,8,0,10,1,25,,202817,8,0,10,1,58,,202789,8,0,10,1,18,,202805,8,0,10,1,19,,202818,8,0,10,1,59,,202790,8,0,10,1,19,,202806,8,0,10,1,20,,202819,8,0,10,1,59,,202791,8,0,10,1,20,,202807,8,0,10,1,20,,202820,8,0,10,1,61,,202792,8,0,10,1,20,,202808,8,0,10,1,20,,202821,8,0,10,1,61,,202793,8,0,10,1,20,,202809,8,0,10,1,21,,202822,8,0,10,1,61,,202794,8,0,10,1,21,,202810,8,0,10,1,21,,202823,8,0,10,1,60,,202795,8,0,10,1,21,,202811,8,0,10,1,21,,202824,8,0,10,1,61,,202796,8,0,10,1,21,,202812,8,0,10,1,20,,202825,8,0,10,1,59,,202797,8,0,10,1,19,,202813,8,0,10,1,19,,202826,8,0,10,1,59,,202798,8,0,10,1,19,,202814,8,0,10,1,20,,202827,8,0,10,1,59,,202799,8,0,10,1,20,,202815,8,0,10,1,20,,202828,8,0,10,1,59,,202800,8,0,10,1,19,,202816,8,0,10,1,19,,202829,8,0,10,1,67,,202801,8,0,10,1,30,,202830,8,0,10,1,69,,202802,8,0,10,1,28,,202831,8,0,10,1,69,,202803,8,0,10,1,29,,202832,8,0,10,1
15002,'H59M000S-80-S',636,,202833,8,0,10,2,70,,202853,8,0,10,1,24,,202864,8,0,10,2,26,,202834,8,0,10,2,63,,202854,8,0,10,1,21,,202840,8,0,10,1,19,,202865,8,0,10,2,58,,202835,8,0,10,2,18,,202855,8,0,10,1,17,,202841,8,0,10,1,58,,202866,8,0,10,2,19,,202836,8,0,10,2,20,,202856,8,0,10,1,59,,202842,8,0,10,1,20,,202867,8,0,10,2,21,,202837,8,0,10,2,61,,202857,8,0,10,1,21,,202843,8,0,10,1,20,,202868,8,0,10,2,60,,202838,8,0,10,2,20,,202858,8,0,10,1,21,,202844,8,0,10,1,60,,202869,8,0,10,2,20,,202839,8,0,10,2,20,,202859,8,0,10,1,60,,202845,8,0,10,1,20,,202870,8,0,10,2,20,,202877,8,0,10,2,60,,202860,8,0,10,1,21,,202846,8,0,10,1,20,,202871,8,0,10,2,60,,202878,8,0,10,1,19,,202861,8,0,10,1,19,,202847,8,0,10,1,59,,202872,8,0,10,2,19,,202879,8,0,10,1,19,,202862,8,0,10,1,60,,202848,8,0,10,1,21,,202873,8,0,10,2,21,,202880,8,0,10,1,61,,202863,8,0,10,1,21,,202849,8,0,10,1,24,,202874,8,0,10,2,67,,202881,8,0,10,1,28,,202850,8,0,10,1,71,,202875,8,0,10,2,27,,202882,8,0,10,1,67,,202851,8,0,10,1,28,,202876,8,0,10,2,70,,202883,8,0,10,1,33,,202852,8,0,10,1
35002,'H56M000A-80-A',2506,,214136,7,0,10,1,40,,214141,7,0,10,1,69,,214144,7,0,10,2,10,,214134,7,0,10,2,10,,214143,7,0,10,1,10,,214138,7,0,10,1,10,,214132,7,0,10,1,50,,214133,7,0,10,1,10,,214137,7,0,10,1,10,,214139,7,0,10,1,10,,214140,7,0,10,2,10,,214146,7,0,10,2,10,,214142,7,0,10,1,51,,214135,7,0,10,2,21,,214145,7,0,10,2
35002,'H56M000I-80-I',2503,,214147,7,0,10,1,28,,214152,7,0,10,1,26,,214150,7,0,10,1,67,,214153,7,0,10,2,27,,214148,7,0,10,1,66,,214149,7,0,10,2,26,,214154,7,0,10,2,66,,214151,7,0,10,1
35002,'H56M000S-80-S',2506,,214160,7,0,10,1,45,,214156,7,0,10,2,92,,214159,7,0,10,1,86,,214155,7,0,10,1,29,,214157,7,0,10,2,55,,214158,7,0,10,1
35504,'H54M000A-80-A',2603,,214241,58,0,9,1,44,,214245,58,0,9,2,84,,214242,58,0,9,1,85,,214243,58,0,9,2,85,,214244,58,0,9,1,25,,214246,58,0,9,1
35504,'H54M000I-81-I',2558,,214247,58,0,9,1,85,,214251,58,0,9,1,86,,214249,58,0,9,1,86,,214252,58,0,9,1,88,,214248,58,0,9,1,29,,214250,58,0,9,2
35504,'H54M000S-81-S',2603,,214253,58,0,9,1,43,,214257,58,0,9,1,85,,214256,58,0,9,1,87,,214255,58,0,9,1,84,,214254,58,0,9,1,32,,214258,58,0,9,1
35802,'H59M000A-80-A',2509,,214374,15,0,10,2,28,,214369,15,0,10,1,71,,214375,15,0,10,2,31,,214370,15,0,10,1,69,,214376,15,0,10,2,20,,214373,15,0,10,1,17,,214371,15,0,10,1,68,,214377,15,0,10,2,30,,214372,15,0,10,1,69,,214378,15,0,10,2
35802,'H59M000I-80-I',2509,,214379,15,0,10,1,30,,214384,15,0,10,2,70,,214380,15,0,10,1,30,,214385,15,0,10,2,70,,214381,15,0,10,1,30,,214386,15,0,10,2,70,,214382,15,0,10,1,30,,214387,15,0,10,2,70,,214383,15,0,10,1
35802,'H59M000S-80-S',2510,,214388,15,0,10,2,30,,214393,15,0,10,1,70,,214389,15,0,10,2,30,,214394,15,0,10,1,70,,214390,15,0,10,2,30,,214395,15,0,10,1,70,,214391,15,0,10,2,30,,214396,15,0,10,1,70,,214392,15,0,10,2
35802,'H59M000S-80-SV',2625,,214400,15,0,10,2,30,,214397,15,0,10,2,70,,214401,15,0,10,2,30,,214398,15,0,10,2,70,,214402,15,0,10,2,30,,214399,15,0,10,2
36402,'H54M000A-80-A',2534,,214673,67,0,10,1,85,,214678,67,0,10,1,86,,214677,67,0,10,1,45,,214675,67,0,10,1,85,,214674,67,0,10,1,79,,214676,67,0,10,1
36402,'H54M000I-81-I',2534,,214680,67,0,10,1,85,,214683,67,0,10,1,85,,214682,67,0,10,2,46,,214679,67,0,10,1,84,,214681,67,0,10,1
36402,'H54M000S-81-S',2534,,214686,67,0,10,1,86,,214687,67,0,10,1,84,,214684,67,0,10,1,46,,214685,67,0,10,1,84,,214688,67,0,10,1
44502,'H51M000S-80-S',705,,216227,32,0,10,1,12,,216228,32,0,10,2,13,,216229,32,0,10,2,79,,216230,32,0,10,1
44502,'H59M000S-80-S',743,,216233,32,0,10,2,14,,216234,32,0,10,2,67,,216236,32,0,10,2,15,,216237,32,0,10,2,14,,216235,32,0,10,1,54,,216232,32,0,10,2,13,,216238,32,0,10,2,15,,216231,32,0,10,1
