12502,'H59U000A-80-A',531,,253684,16,0,10,1,73,,253690,16,0,10,1,33,,253661,16,0,10,1,73,,253666,16,0,10,1,31,,253691,16,0,10,1,72,,253662,16,0,10,1,32,,253667,16,0,10,1,73,,253692,16,0,10,1,31,,253663,16,0,10,1,70,,253675,16,0,10,1,27,,253668,16,0,10,1,68,,253693,16,0,10,1,29,,253664,16,0,10,1,71,,253676,16,0,10,1,27,,253669,16,0,10,1,64,,253701,16,0,10,2,21,,253694,16,0,10,1,21,,253665,16,0,10,1,58,,253688,16,0,10,1,26,,253677,16,0,10,1,27,,253670,16,0,10,1,67,,253695,16,0,10,1,21,,253685,16,0,10,1,60,,253689,16,0,10,1,22,,253678,16,0,10,1,31,,253671,16,0,10,1,71,,253696,16,0,10,1,28,,253686,16,0,10,1,70,,253679,16,0,10,1,29,,253672,16,0,10,1,66,,253697,16,0,10,1,30,,253687,16,0,10,1,69,,253680,16,0,10,1,32,,253673,16,0,10,1,71,,253698,16,0,10,1,33,,253681,16,0,10,1,69,,253674,16,0,10,1,32,,253699,16,0,10,1,81,,253682,16,0,10,1,86,,253700,16,0,10,1,31,,253660,16,0,10,1,77,,253683,16,0,10,1
12502,'H59U000I-80-I',530,,253719,16,0,10,2,75,,253708,16,0,10,1,35,,253720,16,0,10,2,76,,253709,16,0,10,1,33,,253721,16,0,10,2,69,,253740,16,0,10,1,30,,253710,16,0,10,1,68,,253722,16,0,10,2,30,,253741,16,0,10,1,73,,253711,16,0,10,1,32,,253723,16,0,10,2,69,,253702,16,0,10,1,27,,253737,16,0,10,2,69,,253712,16,0,10,1,28,,253724,16,0,10,2,69,,253703,16,0,10,1,29,,253738,16,0,10,2,71,,253713,16,0,10,1,29,,253725,16,0,10,2,69,,253704,16,0,10,1,24,,253739,16,0,10,2,18,,253728,16,0,10,1,62,,253714,16,0,10,1,28,,253726,16,0,10,2,69,,253705,16,0,10,1,20,,253734,16,0,10,1,25,,253729,16,0,10,1,66,,253715,16,0,10,1,27,,253727,16,0,10,2,67,,253735,16,0,10,1,27,,253730,16,0,10,1,70,,253716,16,0,10,1,30,,253736,16,0,10,1,70,,253731,16,0,10,1,39,,253717,16,0,10,1,83,,253706,16,0,10,1,81,,253718,16,0,10,1,36,,253732,16,0,10,1,81,,253707,16,0,10,1,77,,253733,16,0,10,1
12502,'H59U000S-80-S',532,,253746,16,0,10,2,69,,253742,16,0,10,1,30,,253745,16,0,10,2,27,,253748,16,0,10,1,72,,253747,16,0,10,2,71,,253776,16,0,10,1,30,,253761,16,0,10,1,69,,253749,16,0,10,1,29,,253769,16,0,10,1,72,,253777,16,0,10,1,31,,253762,16,0,10,1,70,,253750,16,0,10,1,31,,253770,16,0,10,1,72,,253778,16,0,10,1,29,,253763,16,0,10,1,70,,253751,16,0,10,1,30,,253771,16,0,10,1,69,,253779,16,0,10,1,31,,253764,16,0,10,1,71,,253752,16,0,10,1,31,,253772,16,0,10,1,70,,253780,16,0,10,1,14,,253758,16,0,6 74,2,17,,253765,16,0,10,1,15,,253743,16,0,6 74,2,56,,253753,16,0,10,1,14,,253759,16,0,6 74,2,17,,253773,16,0,10,1,16,,253744,16,0,6 74,2,56,,253781,16,0,10,1,15,,253760,16,0,6 74,2,17,,253766,16,0,10,1,70,,253754,16,0,10,1,29,,253774,16,0,10,1,68,,253782,16,0,10,1,31,,253767,16,0,10,1,71,,253755,16,0,10,1,30,,253775,16,0,10,1,70,,253783,16,0,10,1,30,,253768,16,0,10,1,70,,253756,16,0,10,1,31,,253785,16,0,10,2,69,,253784,16,0,10,1,30,,253786,16,0,10,1,70,,253757,16,0,10,1
12502,'H59U100F-80-F1',530,,253804,16,0,10,2,75,,253793,16,0,10,1,35,,253805,16,0,10,2,76,,253794,16,0,10,1,33,,253806,16,0,10,2,69,,253825,16,0,10,1,30,,253795,16,0,10,1,68,,253807,16,0,10,2,30,,253826,16,0,10,1,73,,253796,16,0,10,1,32,,253808,16,0,10,2,69,,253787,16,0,10,1,27,,253822,16,0,10,2,69,,253797,16,0,10,1,28,,253809,16,0,10,2,69,,253788,16,0,10,1,29,,253823,16,0,10,2,71,,253798,16,0,10,1,29,,253810,16,0,10,2,69,,253789,16,0,10,1,24,,253824,16,0,10,2,18,,253813,16,0,10,1,62,,253799,16,0,10,1,28,,253811,16,0,10,2,69,,253790,16,0,10,1,20,,253819,16,0,10,1,25,,253814,16,0,10,1,66,,253800,16,0,10,1,27,,253812,16,0,10,2,67,,253820,16,0,10,1,27,,253815,16,0,10,1,70,,253801,16,0,10,1,30,,253821,16,0,10,1,70,,253816,16,0,10,1,39,,253802,16,0,10,1,83,,253791,16,0,10,1,81,,253803,16,0,10,1,36,,253817,16,0,10,1,81,,253792,16,0,10,1,77,,253818,16,0,10,1
12502,'H59U200F-80-F2',530,,253827,16,0,10,2,75,,253828,16,0,10,1,35,,253829,16,0,10,2,76,,253830,16,0,10,1,33,,253831,16,0,10,2,69,,253832,16,0,10,1,30,,253833,16,0,10,1,68,,253834,16,0,10,2,30,,253835,16,0,10,1,73,,253836,16,0,10,1,32,,253837,16,0,10,2,69,,253838,16,0,10,1,27,,253839,16,0,10,2,69,,253840,16,0,10,1,28,,253841,16,0,10,2,69,,253842,16,0,10,1,29,,253843,16,0,10,2,71,,253844,16,0,10,1,29,,253845,16,0,10,2,69,,253846,16,0,10,1,24,,253847,16,0,10,2,18,,253848,16,0,10,1,62,,253849,16,0,10,1,28,,253850,16,0,10,2,69,,253851,16,0,10,1,20,,253852,16,0,10,1,25,,253853,16,0,10,1,66,,253854,16,0,10,1,27,,253855,16,0,10,2,67,,253856,16,0,10,1,27,,253857,16,0,10,1,70,,253858,16,0,10,1,30,,253859,16,0,10,1,70,,253860,16,0,10,1,39,,253861,16,0,10,1,83,,253862,16,0,10,1,81,,253863,16,0,10,1,36,,253864,16,0,10,1,81,,253865,16,0,10,1,77,,253866,16,0,10,1
35504,'H54U000A-80-A',2550,,276815,46,0,9,1,84,,276817,46,0,9,1,84,,276819,46,0,9,2,85,,276814,46,0,9,1,45,,276816,46,0,9,1,65,,276818,46,0,9,1
35504,'H54U000I-80-I',2545,,276825,46,0,9,2,85,,276823,46,0,9,1,86,,276820,46,0,9,1,86,,276821,46,0,9,2,48,,276824,46,0,9,1,69,,276822,46,0,9,1
35504,'H54U000S-81-S',2548,,276828,46,0,9,1,84,,276830,46,0,9,2,85,,276826,46,0,9,1,86,,276827,46,0,9,1,44,,276829,46,0,9,1,72,,276831,46,0,9,2
35504,'H54U100F-80-F1',2545,,276837,46,0,9,2,85,,276835,46,0,9,1,86,,276832,46,0,9,1,86,,276833,46,0,9,2,48,,276836,46,0,9,1,69,,276834,46,0,9,1
35504,'H54U200F-82-F2',2545,,276838,46,0,9,1,85,,276840,46,0,9,1,86,,276839,46,0,9,1,86,,276842,46,0,9,1,48,,276843,46,0,9,1,69,,276841,46,0,9,1
