'25N-H55N100F-80-F1-E',17903,63000,,'',2,7000,,'',1,3000,,'',2,7000,,'',1,3000,,'',2,7000,,'',1,53300,,'',2,1600,,'',2,5600,,'',2,1600,,'',1,1700,,'',1,1700,,'',2,5700,,'',2,1800,,'',2,2000,,'',1,6300,,'',2,2300,,'',2,2300,,'',2,54300,,'',2,3100,,'',1,7200,,'',2,3200,,'',1
'25N-H55N100F-80-F1-E',17904,72400,4,'',2,3000,4,'',1,7000,4,'',2,3100,4,'',1,7000,4,'',2,59300,4,'',1,1600,4,'',1,1600,4,'',2,5600,4,'',2,1600,4,'',2,1500,4,'',1,1600,4,'',1,5300,4,'',2,1300,4,'',2,1400,4,'',2,1500,4,'',2,6200,4,'',1,51700,4,'',1,3000,4,'',2,6900,4,'',1,2800,4,'',2,6800,4,'',1
'25N-H55N100F-80-F1-NE',17903,93000,,'',2,7200,,'',1,3100,,'',2,1900,,'',2,5600,,'',1,1600,,'',2,1600,,'',1,1700,,'',2,5700,,'',2,1700,,'',1,1600,,'',1,5300,,'',1,1200,,'',2,1200,,'',2,1200,,'',1,1300,,'',2,5400,,'',1,1400,,'',1,40500,,'',1,2400,,'',2,6400,,'',2,2400,,'',1,6800,,'',2,3000,,'',1,7000,,'',2,3000,,'',1,7000,,'',2,3000,,'',1
'25N-H55N100F-80-F1-NE',17904,95900,4,'',1,7100,4,'',2,7100,4,'',1,3300,4,'',1,6700,4,'',2,2700,4,'',1,2700,4,'',1,6600,4,'',2,2500,4,'',2,6200,4,'',1,2000,4,'',2,1600,4,'',2,5800,4,'',2,33600,4,'',2,6800,4,'',2,2500,4,'',1,2800,4,'',2,7000,4,'',1,3000,4,'',2,7000,4,'',1,3000,4,'',2,6900,4,'',1,2900,4,'',2
'25N-H55N200F-80-F2-E',17903,63000,,'',2,7000,,'',1,3000,,'',2,7000,,'',1,3000,,'',2,7000,,'',1,53300,,'',2,1600,,'',2,5600,,'',2,1600,,'',1,1700,,'',1,1700,,'',2,5700,,'',2,1800,,'',2,2000,,'',1,6300,,'',2,2300,,'',2,2300,,'',2,54300,,'',2,3100,,'',1,7200,,'',2,3200,,'',1
'25N-H55N200F-80-F2-E',17904,72400,4,'',2,3000,4,'',1,7000,4,'',2,3100,4,'',1,7000,4,'',2,59300,4,'',1,1600,4,'',1,1600,4,'',2,5600,4,'',2,1600,4,'',2,1500,4,'',1,1600,4,'',1,5300,4,'',2,1300,4,'',2,1400,4,'',2,1500,4,'',2,6200,4,'',1,51700,4,'',1,3000,4,'',2,6900,4,'',1,2800,4,'',2,6800,4,'',1
'25N-H55N200F-80-F2-NE',17903,93000,,'',2,7200,,'',1,3100,,'',2,1900,,'',2,5600,,'',1,1600,,'',2,1600,,'',1,1700,,'',2,5700,,'',2,1700,,'',1,1600,,'',1,5300,,'',1,1200,,'',2,1200,,'',2,1200,,'',1,1300,,'',2,5400,,'',1,1400,,'',1,40500,,'',1,2400,,'',2,6400,,'',2,2400,,'',1,6800,,'',2,3000,,'',1,7000,,'',2,3000,,'',1,7000,,'',2,3000,,'',1
'25N-H55N200F-80-F2-NE',17904,95900,4,'',1,7100,4,'',2,7100,4,'',1,3300,4,'',1,6700,4,'',2,2700,4,'',1,2700,4,'',1,6600,4,'',2,2500,4,'',2,6200,4,'',1,2000,4,'',2,1600,4,'',2,5800,4,'',2,33600,4,'',2,6800,4,'',2,2500,4,'',1,2800,4,'',2,7000,4,'',1,3000,4,'',2,7000,4,'',1,3000,4,'',2,6900,4,'',1,2900,4,'',2
'25N-H55N300F-80-F3-E',17903,63000,,'',2,7000,,'',1,3000,,'',2,7000,,'',1,3000,,'',2,7000,,'',1,53300,,'',2,1600,,'',2,5600,,'',2,1600,,'',1,1700,,'',1,1700,,'',2,5700,,'',2,1800,,'',2,2000,,'',1,6300,,'',2,2300,,'',2,2300,,'',2,54300,,'',2,3100,,'',1,7200,,'',2,3200,,'',1
'25N-H55N300F-80-F3-E',17904,72400,4,'',2,3000,4,'',1,7000,4,'',2,3100,4,'',1,7000,4,'',2,59300,4,'',1,1600,4,'',1,1600,4,'',2,5600,4,'',2,1600,4,'',2,1500,4,'',1,1600,4,'',1,5300,4,'',2,1300,4,'',2,1400,4,'',2,1500,4,'',2,6200,4,'',1,51700,4,'',1,3000,4,'',2,6900,4,'',1,2800,4,'',2,6800,4,'',1
'25N-H55N300F-80-F3-NE',17903,93000,,'',2,7200,,'',1,3100,,'',2,1900,,'',2,5600,,'',1,1600,,'',2,1600,,'',1,1700,,'',2,5700,,'',2,1700,,'',1,1600,,'',1,5300,,'',1,1200,,'',2,1200,,'',2,1200,,'',1,1300,,'',2,5400,,'',1,1400,,'',1,40500,,'',1,2400,,'',2,6400,,'',2,2400,,'',1,6800,,'',2,3000,,'',1,7000,,'',2,3000,,'',1,7000,,'',2,3000,,'',1
'25N-H55N300F-80-F3-NE',17904,95900,4,'',1,7100,4,'',2,7100,4,'',1,3300,4,'',1,6700,4,'',2,2700,4,'',1,2700,4,'',1,6600,4,'',2,2500,4,'',2,6200,4,'',1,2000,4,'',2,1600,4,'',2,5800,4,'',2,33600,4,'',2,6800,4,'',2,2500,4,'',1,2800,4,'',2,7000,4,'',1,3000,4,'',2,7000,4,'',1,3000,4,'',2,6900,4,'',1,2900,4,'',2
'25N-H55N400F-80-F4-E',17903,63000,,'',2,7000,,'',1,3000,,'',2,7000,,'',1,3000,,'',2,7000,,'',1,53300,,'',2,1600,,'',2,5600,,'',2,1600,,'',1,1700,,'',1,1700,,'',2,5700,,'',2,1800,,'',2,2000,,'',1,6300,,'',2,2300,,'',2,2300,,'',2,54300,,'',2,3100,,'',1,7200,,'',2,3200,,'',1
'25N-H55N400F-80-F4-E',17904,72400,4,'',2,3000,4,'',1,7000,4,'',2,3100,4,'',1,7000,4,'',2,59300,4,'',1,1600,4,'',1,1600,4,'',2,5600,4,'',2,1600,4,'',2,1500,4,'',1,1600,4,'',1,5300,4,'',2,1300,4,'',2,1400,4,'',2,1500,4,'',2,6200,4,'',1,51700,4,'',1,3000,4,'',2,6900,4,'',1,2800,4,'',2,6800,4,'',1
'25N-H55N400F-80-F4-NE',17903,93000,,'',2,7200,,'',1,3100,,'',2,1900,,'',2,5600,,'',1,1600,,'',2,1600,,'',1,1700,,'',2,5700,,'',2,1700,,'',1,1600,,'',1,5300,,'',1,1200,,'',2,1200,,'',2,1200,,'',1,1300,,'',2,5400,,'',1,1400,,'',1,40500,,'',1,2400,,'',2,6400,,'',2,2400,,'',1,6800,,'',2,3000,,'',1,7000,,'',2,3000,,'',1,7000,,'',2,3000,,'',1
'25N-H55N400F-80-F4-NE',17904,95900,4,'',1,7100,4,'',2,7100,4,'',1,3300,4,'',1,6700,4,'',2,2700,4,'',1,2700,4,'',1,6600,4,'',2,2500,4,'',2,6200,4,'',1,2000,4,'',2,1600,4,'',2,5800,4,'',2,33600,4,'',2,6800,4,'',2,2500,4,'',1,2800,4,'',2,7000,4,'',1,3000,4,'',2,7000,4,'',1,3000,4,'',2,6900,4,'',1,2900,4,'',2
'25N-H55NV10A-80-A-E',17903,60300,,'',1,2800,,'',1,2800,,'',1,6900,,'',1,7200,,'',1,3300,,'',1,7200,,'',1,52300,,'',1,1100,,'',1,1100,,'',2,5100,,'',2,1100,,'',2,1400,,'',1,1400,,'',1,1400,,'',1,5400,,'',1,1400,,'',2,1400,,'',2,1400,,'',1,5400,,'',1,1400,,'',1,1800,,'',1,6400,,'',2,50400,,'',1,2800,,'',1,6800,,'',2,2800,,'',1
'25N-H55NV10A-80-A-E',17904,62600,4,'',1,2900,4,'',1,6900,4,'',1,3300,4,'',1,7200,4,'',1,7300,4,'',1,3400,4,'',1,58100,4,'',1,1600,4,'',1,1600,4,'',1,5500,4,'',1,1500,4,'',2,1400,4,'',2,1400,4,'',1,5400,4,'',1,1400,4,'',1,1400,4,'',1,1200,4,'',2,1300,4,'',2,5300,4,'',1,1400,4,'',1,50800,4,'',1,2800,4,'',2,6800,4,'',1,2500,4,'',2,6800,4,'',1
'25N-H55NV10A-80-A-NE',17903,53500,,'',2,39200,,'',2,2200,,'',1,6300,,'',1,2400,,'',2,6400,,'',1,1600,,'',2,1600,,'',1,1500,,'',1,5600,,'',2,1600,,'',1,1600,,'',2,1600,,'',1,5700,,'',1,1700,,'',2,1300,,'',2,1300,,'',1,5300,,'',1,1200,,'',2,40800,,'',1,2500,,'',1,6600,,'',2,2600,,'',1,6900,,'',1,3000,,'',2,7000,,'',1,3000,,'',2,6800,,'',1,2800,,'',2
'25N-H55NV10A-80-A-NE',17904,100900,4,'',1,2400,4,'',2,2400,4,'',1,6400,4,'',1,2100,4,'',1,5800,4,'',2,1600,4,'',1,1600,4,'',2,1600,4,'',1,5700,4,'',1,1700,4,'',2,1700,4,'',1,1700,4,'',2,5700,4,'',1,1600,4,'',1,1600,4,'',2,5600,4,'',2,33200,4,'',1,1300,4,'',1,6200,4,'',2,2900,4,'',1,7000,4,'',1,2900,4,'',2,7100,4,'',1,3000,4,'',2,6700,4,'',1,2900,4,'',2,6800,4,'',1
'25N-H55NV10I-80-I-E',17903,63000,,'',2,7000,,'',1,3000,,'',2,7000,,'',1,3000,,'',2,7000,,'',1,53300,,'',2,1600,,'',2,5600,,'',2,1600,,'',1,1700,,'',1,1700,,'',2,5700,,'',2,1800,,'',2,2000,,'',1,6300,,'',2,2300,,'',2,2300,,'',2,54300,,'',2,3100,,'',1,7200,,'',2,3200,,'',1
'25N-H55NV10I-80-I-E',17904,72400,4,'',2,3000,4,'',1,7000,4,'',2,3100,4,'',1,7000,4,'',2,59300,4,'',1,1600,4,'',1,1600,4,'',2,5600,4,'',2,1600,4,'',2,1500,4,'',1,1600,4,'',1,5300,4,'',2,1300,4,'',2,1400,4,'',2,1500,4,'',2,6200,4,'',1,51700,4,'',1,3000,4,'',2,6900,4,'',1,2800,4,'',2,6800,4,'',1
'25N-H55NV10I-80-I-NE',17903,93000,,'',2,7200,,'',1,3100,,'',2,1900,,'',2,5600,,'',1,1600,,'',2,1600,,'',1,1700,,'',2,5700,,'',2,1700,,'',1,1600,,'',1,5300,,'',1,1200,,'',2,1200,,'',2,1200,,'',1,1300,,'',2,5400,,'',1,1400,,'',1,40500,,'',1,2400,,'',2,6400,,'',2,2400,,'',1,6800,,'',2,3000,,'',1,7000,,'',2,3000,,'',1,7000,,'',2,3000,,'',1
'25N-H55NV10I-80-I-NE',17904,95900,4,'',1,7100,4,'',2,7100,4,'',1,3300,4,'',1,6700,4,'',2,2700,4,'',1,2700,4,'',1,6600,4,'',2,2500,4,'',2,6200,4,'',1,2000,4,'',2,1600,4,'',2,5800,4,'',2,33600,4,'',2,6800,4,'',2,2500,4,'',1,2800,4,'',2,7000,4,'',1,3000,4,'',2,7000,4,'',1,3000,4,'',2,6900,4,'',1,2900,4,'',2
'25N-H55NV10S-85-S-E',17903,55200,,'',2,6200,,'',1,1800,,'',1,1700,,'',2,5700,,'',2,1600,,'',1,1400,,'',1,1400,,'',1,5400,,'',2,2000,,'',1,2000,,'',1,6300,,'',1,53500,,'',1,6100,,'',1,1400,,'',1,1400,,'',1,1500,,'',2,1200,,'',2,5100,,'',1,1200,,'',2,1500,,'',1,1500,,'',1,5700,,'',1,1700,,'',2,1500,,'',1,56800,,'',1,3000,,'',2,7000,,'',1,3100,,'',2
'25N-H55NV10S-85-S-E',17904,62900,4,'',1,7400,4,'',2,2300,4,'',1,1800,4,'',1,1500,4,'',2,5100,4,'',2,1000,4,'',1,1000,4,'',2,1000,4,'',1,1500,4,'',1,6100,4,'',2,2000,4,'',1,58400,4,'',1,2200,4,'',2,6300,4,'',1,2200,4,'',1,1800,4,'',1,1200,4,'',1,5200,4,'',2,1200,4,'',2,1400,4,'',1,1400,4,'',2,5900,4,'',1,2800,4,'',1,49700,4,'',2,6900,4,'',1,2900,4,'',2,6900,4,'',1,3000,4,'',2
'25N-H55NV10S-85-S-NE',17903,53000,,'',1,40900,,'',2,7000,,'',1,3000,,'',1,7000,,'',2,2500,,'',1,2300,,'',1,5900,,'',1,1700,,'',1,1700,,'',2,5700,,'',1,1700,,'',1,1800,,'',1,5800,,'',1,2100,,'',2,39100,,'',1,3000,,'',1,7300,,'',1,3300,,'',1,7300,,'',2,3300,,'',1,6500,,'',1,2500,,'',2,6600,,'',1,2800,,'',2
'25N-H55NV10S-85-S-NE',17904,53600,4,'',1,7100,4,'',1,34900,4,'',1,6100,4,'',1,2300,4,'',1,6600,4,'',2,2400,4,'',1,2400,4,'',1,6400,4,'',1,1900,4,'',2,1800,4,'',1,5800,4,'',1,2000,4,'',1,2200,4,'',1,6200,4,'',2,2100,4,'',1,2100,4,'',1,44200,4,'',1,2400,4,'',1,2500,4,'',1,6800,4,'',2,3100,4,'',1,6500,4,'',1,2700,4,'',2,6700,4,'',1,2800,4,'',1,6800,4,'',1
'25N-H55NV20A-80-A-E',17903,60300,,'',1,2800,,'',1,2800,,'',1,6900,,'',1,7200,,'',1,3300,,'',1,7200,,'',1,52300,,'',1,1100,,'',1,1100,,'',2,5100,,'',2,1100,,'',2,1400,,'',1,1400,,'',1,1400,,'',1,5400,,'',1,1400,,'',2,1400,,'',2,1400,,'',1,5400,,'',1,1400,,'',1,1800,,'',1,6400,,'',2,50400,,'',1,2800,,'',1,6800,,'',2,2800,,'',1
'25N-H55NV20A-80-A-E',17904,62600,4,'',1,2900,4,'',1,6900,4,'',1,3300,4,'',1,7200,4,'',1,7300,4,'',1,3400,4,'',1,58100,4,'',1,1600,4,'',1,1600,4,'',1,5500,4,'',1,1500,4,'',2,1400,4,'',2,1400,4,'',1,5400,4,'',1,1400,4,'',1,1400,4,'',1,1200,4,'',2,1300,4,'',2,5300,4,'',1,1400,4,'',1,50800,4,'',1,2800,4,'',2,6800,4,'',1,2500,4,'',2,6800,4,'',1
'25N-H55NV20A-80-A-NE',17903,53500,,'',2,39200,,'',2,2200,,'',1,6300,,'',1,2400,,'',2,6400,,'',1,1600,,'',2,1600,,'',1,1500,,'',1,5600,,'',2,1600,,'',1,1600,,'',2,1600,,'',1,5700,,'',1,1700,,'',2,1300,,'',2,1300,,'',1,5300,,'',1,1200,,'',2,40800,,'',1,2500,,'',1,6600,,'',2,2600,,'',1,6900,,'',1,3000,,'',2,7000,,'',1,3000,,'',2,6800,,'',1,2800,,'',2
'25N-H55NV20A-80-A-NE',17904,100900,4,'',1,2400,4,'',2,2400,4,'',1,6400,4,'',1,2100,4,'',1,5800,4,'',2,1600,4,'',1,1600,4,'',2,1600,4,'',1,5700,4,'',1,1700,4,'',2,1700,4,'',1,1700,4,'',2,5700,4,'',1,1600,4,'',1,1600,4,'',2,5600,4,'',2,33200,4,'',1,1300,4,'',1,6200,4,'',2,2900,4,'',1,7000,4,'',1,2900,4,'',2,7100,4,'',1,3000,4,'',2,6700,4,'',1,2900,4,'',2,6800,4,'',1
'25N-H55NV20I-80-I-E',17903,63000,,'',2,7000,,'',1,3000,,'',2,7000,,'',1,3000,,'',2,7000,,'',1,53300,,'',2,1600,,'',2,5600,,'',2,1600,,'',1,1700,,'',1,1700,,'',2,5700,,'',2,1800,,'',2,2000,,'',1,6300,,'',2,2300,,'',2,2300,,'',2,54300,,'',2,3100,,'',1,7200,,'',2,3200,,'',1
'25N-H55NV20I-80-I-E',17904,72400,4,'',2,3000,4,'',1,7000,4,'',2,3100,4,'',1,7000,4,'',2,59300,4,'',1,1600,4,'',1,1600,4,'',2,5600,4,'',2,1600,4,'',2,1500,4,'',1,1600,4,'',1,5300,4,'',2,1300,4,'',2,1400,4,'',2,1500,4,'',2,6200,4,'',1,51700,4,'',1,3000,4,'',2,6900,4,'',1,2800,4,'',2,6800,4,'',1
'25N-H55NV20I-80-I-NE',17903,93000,,'',2,7200,,'',1,3100,,'',2,1900,,'',2,5600,,'',1,1600,,'',2,1600,,'',1,1700,,'',2,5700,,'',2,1700,,'',1,1600,,'',1,5300,,'',1,1200,,'',2,1200,,'',2,1200,,'',1,1300,,'',2,5400,,'',1,1400,,'',1,40500,,'',1,2400,,'',2,6400,,'',2,2400,,'',1,6800,,'',2,3000,,'',1,7000,,'',2,3000,,'',1,7000,,'',2,3000,,'',1
'25N-H55NV20I-80-I-NE',17904,95900,4,'',1,7100,4,'',2,7100,4,'',1,3300,4,'',1,6700,4,'',2,2700,4,'',1,2700,4,'',1,6600,4,'',2,2500,4,'',2,6200,4,'',1,2000,4,'',2,1600,4,'',2,5800,4,'',2,33600,4,'',2,6800,4,'',2,2500,4,'',1,2800,4,'',2,7000,4,'',1,3000,4,'',2,7000,4,'',1,3000,4,'',2,6900,4,'',1,2900,4,'',2
'25N-H55NV20S-81-S-E',17903,55200,,'',2,6200,,'',1,1800,,'',1,1700,,'',2,5700,,'',2,1600,,'',1,1400,,'',1,1400,,'',1,5400,,'',2,2000,,'',1,2000,,'',1,6300,,'',1,53500,,'',1,6100,,'',1,1400,,'',1,1400,,'',1,1500,,'',2,1200,,'',2,5100,,'',1,1200,,'',2,1500,,'',1,1500,,'',1,5700,,'',1,1700,,'',2,1500,,'',1,56800,,'',1,3000,,'',2,7000,,'',1,3100,,'',2
'25N-H55NV20S-81-S-E',17904,62900,4,'',1,7400,4,'',2,2300,4,'',1,1800,4,'',1,1500,4,'',2,5100,4,'',2,1000,4,'',1,1000,4,'',2,1000,4,'',1,1500,4,'',1,6100,4,'',2,2000,4,'',1,58400,4,'',1,2200,4,'',2,6300,4,'',1,2200,4,'',1,1800,4,'',1,1200,4,'',1,5200,4,'',2,1200,4,'',2,1400,4,'',1,1400,4,'',2,5900,4,'',1,2800,4,'',1,49700,4,'',2,6900,4,'',1,2900,4,'',2,6900,4,'',1,3000,4,'',2
'25N-H55NV20S-81-S-NE',17903,53000,,'',1,40900,,'',2,7000,,'',1,3000,,'',1,7000,,'',2,2500,,'',1,2300,,'',1,5900,,'',1,1700,,'',1,1700,,'',2,5700,,'',1,1700,,'',1,1800,,'',1,5800,,'',1,2100,,'',2,39100,,'',1,3000,,'',1,7300,,'',1,3300,,'',1,7300,,'',2,3300,,'',1,6500,,'',1,2500,,'',2,6600,,'',1,2800,,'',2
'25N-H55NV20S-81-S-NE',17904,53600,4,'',1,7100,4,'',1,34900,4,'',1,6100,4,'',1,2300,4,'',1,6600,4,'',2,2400,4,'',1,2400,4,'',1,6400,4,'',1,1900,4,'',2,1800,4,'',1,5800,4,'',1,2000,4,'',1,2200,4,'',1,6200,4,'',2,2100,4,'',1,2100,4,'',1,44200,4,'',1,2400,4,'',1,2500,4,'',1,6800,4,'',2,3100,4,'',1,6500,4,'',1,2700,4,'',2,6700,4,'',1,2800,4,'',1,6800,4,'',1
