9202,'H51U000A-83-A',552,,243578,14,0,10,1,73,,243566,14,0,10,1,33,,243554,14,0,10,2,73,,243579,14,0,10,1,72,,243567,14,0,10,1,32,,243555,14,0,10,2,71,,243580,14,0,10,1,30,,243568,14,0,10,1,71,,243556,14,0,10,2,32,,243581,14,0,10,1,71,,243569,14,0,10,1,33,,243557,14,0,10,2,72,,243582,14,0,10,1,33,,243570,14,0,10,1,74,,243558,14,0,10,2,35,,243583,14,0,10,1,74,,243571,14,0,10,1,72,,243592,14,0,10,2,29,,243559,14,0,10,2,73,,243584,14,0,10,1,33,,243572,14,0,10,1,74,,243560,14,0,10,2,32,,243585,14,0,10,1,73,,243573,14,0,10,1,31,,243561,14,0,10,2,72,,243586,14,0,10,1,32,,243574,14,0,10,1,71,,243562,14,0,10,2,30,,243587,14,0,10,1,70,,243575,14,0,10,1,30,,243563,14,0,10,2,70,,243588,14,0,10,1,30,,243576,14,0,10,1,70,,243564,14,0,10,2,30,,243589,14,0,10,1,70,,243577,14,0,10,1,30,,243565,14,0,10,2,73,,243590,14,0,10,1,33,,243591,14,0,10,1
9202,'H51U000I-83-I',519,,243593,14,0,10,1,33,,243597,14,0,10,1,73,,243613,14,0,10,2,32,,243608,14,0,10,2,70,,243598,14,0,10,1,30,,243614,14,0,10,2,71,,243609,14,0,10,2,30,,243599,14,0,10,1,71,,243615,14,0,10,2,30,,243610,14,0,10,2,71,,243600,14,0,10,1,72,,243616,14,0,10,2,32,,243611,14,0,10,2,73,,243601,14,0,10,1,33,,243617,14,0,10,2,73,,243612,14,0,10,2,33,,243602,14,0,10,1,74,,243618,14,0,10,2,33,,243625,14,0,10,2,73,,243603,14,0,10,1,74,,243619,14,0,10,2,33,,243626,14,0,10,2,72,,243604,14,0,10,1,32,,243620,14,0,10,2,72,,243627,14,0,10,2,31,,243605,14,0,10,1,72,,243621,14,0,10,2,32,,243628,14,0,10,2,71,,243606,14,0,10,1,31,,243622,14,0,10,2,72,,243629,14,0,10,2,32,,243607,14,0,10,1,72,,243623,14,0,10,2,31,,243630,14,0,10,2,72,,243594,14,0,10,1,31,,243624,14,0,10,2,72,,243631,14,0,10,2,31,,243595,14,0,10,1,70,,243632,14,0,10,2,30,,243596,14,0,10,1
9202,'H51U000S-83-S',514,,243634,14,0,10,1,24,,243646,14,0,10,1,18,,243648,14,0,10,2,59,,243653,14,0,10,1,17,,243635,14,0,10,1,16,,243657,14,0,10,2,55,,243647,14,0,10,1,15,,243659,14,0,10,2,15,,243649,14,0,10,2,16,,243633,14,0,10,1,55,,243654,14,0,10,1,15,,243636,14,0,10,1,16,,243665,14,0,10,1,16,,243658,14,0,10,2,60,,243660,14,0,10,2,27,,243676,14,0,10,1,68,,243637,14,0,10,1,28,,243666,14,0,10,1,68,,243661,14,0,10,2,28,,243677,14,0,10,1,28,,243638,14,0,10,1,70,,243667,14,0,10,1,28,,243662,14,0,10,2,68,,243678,14,0,10,1,28,,243639,14,0,10,1,69,,243668,14,0,10,1,27,,243663,14,0,10,2,64,,243683,14,0,10,1,16,,243679,14,0,10,1,16,,243640,14,0,10,1,56,,243684,14,0,10,2,16,,243669,14,0,10,1,23,,243681,14,0,10,2,62,,243664,14,0,10,2,23,,243680,14,0,10,1,23,,243641,14,0,10,1,64,,243670,14,0,10,1,24,,243682,14,0,10,2,66,,243650,14,0,10,1,30,,243642,14,0,10,1,69,,243671,14,0,10,1,28,,243651,14,0,10,1,30,,243643,14,0,10,1,70,,243672,14,0,10,1,30,,243652,14,0,10,1,70,,243644,14,0,10,1,30,,243673,14,0,10,1,70,,243655,14,0,10,1,29,,243645,14,0,10,1,70,,243674,14,0,10,1,30,,243656,14,0,10,1,70,,243675,14,0,10,1,31,,243685,14,0,10,2
9202,'H51U100F-80-F1',519,,243686,14,0,10,1,33,,243687,14,0,10,1,73,,243703,14,0,10,2,32,,243698,14,0,10,2,70,,243688,14,0,10,1,30,,243704,14,0,10,2,71,,243699,14,0,10,2,30,,243689,14,0,10,1,71,,243705,14,0,10,2,30,,243700,14,0,10,2,71,,243690,14,0,10,1,72,,243706,14,0,10,2,32,,243701,14,0,10,2,73,,243691,14,0,10,1,33,,243707,14,0,10,2,73,,243702,14,0,10,2,33,,243692,14,0,10,1,74,,243708,14,0,10,2,33,,243715,14,0,10,2,73,,243693,14,0,10,1,74,,243709,14,0,10,2,33,,243716,14,0,10,2,72,,243694,14,0,10,1,32,,243710,14,0,10,2,72,,243717,14,0,10,2,31,,243695,14,0,10,1,72,,243711,14,0,10,2,32,,243718,14,0,10,2,71,,243696,14,0,10,1,31,,243712,14,0,10,2,72,,243719,14,0,10,2,32,,243697,14,0,10,1,72,,243713,14,0,10,2,31,,243720,14,0,10,2,72,,243723,14,0,10,1,31,,243714,14,0,10,2,72,,243721,14,0,10,2,31,,243724,14,0,10,1,70,,243722,14,0,10,2,30,,243725,14,0,10,1
9202,'H51U200F-80-F2',519,,243726,14,0,10,1,33,,243727,14,0,10,1,73,,243743,14,0,10,2,32,,243738,14,0,10,2,70,,243728,14,0,10,1,30,,243744,14,0,10,2,71,,243739,14,0,10,2,30,,243729,14,0,10,1,71,,243745,14,0,10,2,30,,243740,14,0,10,2,71,,243730,14,0,10,1,72,,243746,14,0,10,2,32,,243741,14,0,10,2,73,,243731,14,0,10,1,33,,243747,14,0,10,2,73,,243742,14,0,10,2,33,,243732,14,0,10,1,74,,243748,14,0,10,2,33,,243755,14,0,10,2,73,,243733,14,0,10,1,74,,243749,14,0,10,2,33,,243756,14,0,10,2,72,,243734,14,0,10,1,32,,243750,14,0,10,2,72,,243757,14,0,10,2,31,,243735,14,0,10,1,72,,243751,14,0,10,2,32,,243758,14,0,10,2,71,,243736,14,0,10,1,31,,243752,14,0,10,2,72,,243759,14,0,10,2,32,,243737,14,0,10,1,72,,243753,14,0,10,2,31,,243760,14,0,10,2,72,,243763,14,0,10,1,31,,243754,14,0,10,2,72,,243761,14,0,10,2,31,,243764,14,0,10,1,70,,243762,14,0,10,2,30,,243765,14,0,10,1
37202,'H54U000A-80-A',2627,,277841,88,0,10,1,90,,277842,88,0,10,1,85,,277843,88,0,10,1,44,,277844,88,0,10,1,90,,277840,88,0,10,2
37202,'H54U000I-80-I',2632,,277845,88,0,10,1,85,,277847,88,0,10,1,86,,277846,88,0,10,1,46,,277848,88,0,10,1,89,,277849,88,0,10,1
37202,'H54U000S-81-S',2610,,277850,88,0,10,2,40,,277855,88,0,10,1,80,,277852,88,0,10,1,82,,277853,88,0,10,1,45,,277854,88,0,10,1,89,,277851,88,0,10,2
37202,'H54U100F-80-F1',2632,,277856,88,0,10,1,85,,277858,88,0,10,1,86,,277857,88,0,10,1,46,,277859,88,0,10,1,89,,277860,88,0,10,1
37202,'H54U200F-82-F2',2632,,277863,88,0,10,1,85,,277864,88,0,10,1,86,,277862,88,0,10,1,46,,277861,88,0,10,1,89,,277865,88,0,10,1
