5402,'H51M000S-70-S',726,,104321,19,0,10,1
5402,'H54M000S-70-S',932,,104322,19,0,10,1
5402,'H58M000S-70-S',543,,104326,19,0,10,2,63,,104328,19,0,10,2,18,,104330,19,0,10,2,21,,104334,19,0,10,2,59,,104327,19,0,10,2,32,,104341,19,0,10,1,10,,104329,19,0,10,2,54,,104349,19,0,10,2,11,,104331,19,0,10,2,14,,104354,19,0,10,1,9,,104338,19,0,10,1,11,,104333,19,0,10,1,64,,104340,19,0,10,2,94,,104350,19,0,10,2,32,,104343,19,0,10,1,68,,104323,19,0,10,1,24,,104356,19,0,10,1,22,,104351,19,0,10,2,70,,104357,19,0,10,2,29,,104344,19,0,10,1,66,,104324,19,0,10,1,25,,104352,19,0,10,2,66,,104358,19,0,10,2,26,,104345,19,0,10,1,28,,104325,19,0,10,1,68,,104353,19,0,10,2,31,,104360,19,0,10,1,55,,104359,19,0,10,2,19,,104346,19,0,10,1,24,,104361,19,0,10,2,67,,104363,19,0,10,2,33,,104335,19,0,10,2,71,,104347,19,0,10,1,73,,104362,19,0,10,2,31,,104336,19,0,10,2
5402,'H58M100F-70-F1',543,,104371,19,0,10,2,72,,104368,19,0,10,2,30,,104377,19,0,10,1,70,,104383,19,0,10,1,35,,104364,19,0,10,2,70,,104369,19,0,10,2,27,,104378,19,0,10,1,64,,104388,19,0,10,1,21,,104384,19,0,10,1,71,,104372,19,0,10,2,30,,104370,19,0,10,2,69,,104389,19,0,10,1,25,,104379,19,0,10,1,25,,104385,19,0,10,1,70,,104365,19,0,10,2,29,,104374,19,0,10,2,66,,104390,19,0,10,1,26,,104380,19,0,10,1,71,,104386,19,0,10,1,31,,104373,19,0,10,2,71,,104391,19,0,10,1,31,,104375,19,0,10,2,72,,104381,19,0,10,1,30,,104387,19,0,10,1,73,,104366,19,0,10,2,33,,104392,19,0,10,1,71,,104376,19,0,10,2,33,,104382,19,0,10,1,72,,104367,19,0,10,2
5402,'H58M200F-70-F2',543,,104400,19,0,10,2,72,,104397,19,0,10,2,30,,104406,19,0,10,1,70,,104412,19,0,10,1,35,,104393,19,0,10,2,70,,104398,19,0,10,2,27,,104407,19,0,10,1,64,,104417,19,0,10,1,21,,104413,19,0,10,1,71,,104401,19,0,10,2,30,,104399,19,0,10,2,69,,104418,19,0,10,1,25,,104408,19,0,10,1,25,,104414,19,0,10,1,70,,104394,19,0,10,2,29,,104403,19,0,10,2,66,,104419,19,0,10,1,26,,104409,19,0,10,1,71,,104415,19,0,10,1,31,,104402,19,0,10,2,71,,104420,19,0,10,1,31,,104404,19,0,10,2,72,,104410,19,0,10,1,30,,104416,19,0,10,1,73,,104395,19,0,10,2,33,,104421,19,0,10,1,71,,104405,19,0,10,2,33,,104411,19,0,10,1,72,,104396,19,0,10,2
5402,'H58M300F-70-F3',543,,104429,19,0,10,2,72,,104426,19,0,10,2,30,,104435,19,0,10,1,70,,104441,19,0,10,1,35,,104422,19,0,10,2,70,,104427,19,0,10,2,27,,104436,19,0,10,1,64,,104446,19,0,10,1,21,,104442,19,0,10,1,71,,104430,19,0,10,2,30,,104428,19,0,10,2,69,,104447,19,0,10,1,25,,104437,19,0,10,1,25,,104443,19,0,10,1,70,,104423,19,0,10,2,29,,104432,19,0,10,2,66,,104448,19,0,10,1,26,,104438,19,0,10,1,71,,104444,19,0,10,1,31,,104431,19,0,10,2,71,,104449,19,0,10,1,31,,104433,19,0,10,2,72,,104439,19,0,10,1,30,,104445,19,0,10,1,73,,104424,19,0,10,2,33,,104450,19,0,10,1,71,,104434,19,0,10,2,33,,104440,19,0,10,1,72,,104425,19,0,10,2
19202,'H50M000S-70-S',727,,144719,47,0,10,1
19202,'H51M000S-70-S',833,,144720,35,0,10,1,799,,144721,47,0,10,2,113,,144722,47,0,10,2
19202,'H54M000A-70-A',515,,144723,47,0,10,1,31,,144744,47,0,10,2,70,,144724,47,0,10,1,33,,144732,47,0,10,1,71,,144745,47,0,10,1,30,,144725,47,0,10,1,69,,144733,47,0,10,1,29,,144746,47,0,10,1,69,,144726,47,0,10,1,30,,144734,47,0,10,1,71,,144747,47,0,10,1,32,,144727,47,0,10,1,70,,144735,47,0,10,1,33,,144748,47,0,10,1,76,,144728,47,0,10,1,72,,144736,47,0,10,1,31,,144749,47,0,10,1,71,,144756,47,0,10,1,31,,144729,47,0,10,1,71,,144737,47,0,10,1,31,,144750,47,0,10,1,70,,144757,47,0,10,1,25,,144730,47,0,10,1,27,,144738,47,0,10,1,68,,144751,47,0,10,1,28,,144758,47,0,10,1,68,,144731,47,0,10,1,31,,144739,47,0,10,1,70,,144752,47,0,10,1,28,,144759,47,0,10,1,68,,144740,47,0,10,1,30,,144753,47,0,10,1,69,,144760,47,0,10,1,30,,144741,47,0,10,1,70,,144754,47,0,10,1,30,,144761,47,0,10,1,71,,144742,47,0,10,1,30,,144755,47,0,10,1,72,,144762,47,0,10,1,32,,144743,47,0,10,1,81,,144763,47,0,10,1
19202,'H54M000I-70-I',514,,144764,47,0,10,1,31,,144780,47,0,10,2,72,,144773,47,0,10,1,32,,144765,47,0,10,1,69,,144781,47,0,10,2,29,,144774,47,0,10,1,70,,144766,47,0,10,1,32,,144782,47,0,10,2,71,,144772,47,0,10,1,30,,144767,47,0,10,1,70,,144783,47,0,10,2,30,,144775,47,0,10,1,70,,144768,47,0,10,1,30,,144784,47,0,10,2,73,,144776,47,0,10,1,31,,144769,47,0,10,1,70,,144785,47,0,10,2,30,,144797,47,0,10,1,70,,144777,47,0,10,1,30,,144770,47,0,10,1,68,,144786,47,0,10,2,30,,144798,47,0,10,1,70,,144778,47,0,10,1,30,,144771,47,0,10,1,70,,144787,47,0,10,2,31,,144799,47,0,10,1,69,,144779,47,0,10,1,29,,144788,47,0,10,2,69,,144800,47,0,10,1,30,,144793,47,0,10,1,69,,144789,47,0,10,2,29,,144801,47,0,10,1,69,,144794,47,0,10,1,29,,144790,47,0,10,2,68,,144802,47,0,10,1,30,,144795,47,0,10,1,70,,144791,47,0,10,2,30,,144803,47,0,10,1,70,,144796,47,0,10,1,31,,144792,47,0,10,2,70,,144804,47,0,10,1
19202,'H54M000S-70-S',519,,144805,47,0,10,1,24,,144811,47,0,10,1,64,,144826,47,0,10,1,25,,144827,47,0,10,1,18,,144829,47,0,10,1,56,,144806,47,0,10,1,42,,144812,47,0,10,1,60,,144823,47,0,10,1,10,,144840,35,0,10,1,5,,144828,47,0,10,1,16,,144830,47,0,10,1,69,,144807,47,0,10,1,27,,144813,47,0,10,1,66,,144824,47,0,10,1,30,,144831,47,0,10,1,70,,144808,47,0,10,1,30,,144814,47,0,10,1,70,,144841,47,0,10,2,30,,144832,47,0,10,1,70,,144809,47,0,10,1,29,,144815,47,0,10,1,71,,144842,47,0,10,2,30,,144833,47,0,10,1,70,,144810,47,0,10,1,30,,144816,47,0,10,1,82,,144844,47,0,10,1,38,,144834,47,0,10,1,59,,144825,47,0,10,1,18,,144817,47,0,10,1,74,,144843,47,0,10,1,24,,144845,47,0,10,2,28,,144835,47,0,10,1,69,,144818,47,0,10,1,31,,144846,47,0,10,1,70,,144836,47,0,10,1,28,,144819,47,0,10,1,69,,144847,47,0,10,1,30,,144837,47,0,10,1,70,,144820,47,0,10,1,30,,144848,47,0,10,1,70,,144838,47,0,10,1,30,,144821,47,0,10,1,70,,144849,47,0,10,1,28,,144839,47,0,10,1,67,,144822,47,0,10,1
19202,'H54M100F-70-F1',515,,144858,47,0,10,1,31,,144859,47,0,10,1,70,,144851,47,0,10,1,33,,144860,47,0,10,2,71,,144872,47,0,10,1,30,,144850,47,0,10,1,69,,144861,47,0,10,2,29,,144873,47,0,10,1,69,,144852,47,0,10,1,30,,144862,47,0,10,2,71,,144874,47,0,10,1,32,,144853,47,0,10,1,70,,144863,47,0,10,2,33,,144875,47,0,10,1,76,,144854,47,0,10,1,72,,144864,47,0,10,2,31,,144876,47,0,10,1,71,,144884,47,0,10,1,31,,144855,47,0,10,1,71,,144865,47,0,10,2,31,,144877,47,0,10,1,70,,144885,47,0,10,1,25,,144856,47,0,10,1,27,,144866,47,0,10,2,68,,144878,47,0,10,1,28,,144886,47,0,10,1,68,,144857,47,0,10,1,31,,144867,47,0,10,2,70,,144882,47,0,10,1,28,,144887,47,0,10,1,68,,144868,47,0,10,2,30,,144879,47,0,10,1,69,,144888,47,0,10,1,30,,144869,47,0,10,2,70,,144880,47,0,10,1,30,,144889,47,0,10,1,71,,144870,47,0,10,2,30,,144881,47,0,10,1,72,,144890,47,0,10,1,32,,144871,47,0,10,2,62,,144883,47,0,10,1
19202,'H54M200F-70-F2',514,,144891,47,0,10,1,31,,144908,47,0,10,2,72,,144899,47,0,10,2,32,,144892,47,0,10,1,69,,144909,47,0,10,2,29,,144900,47,0,10,2,70,,144893,47,0,10,1,32,,144910,47,0,10,2,71,,144901,47,0,10,2,30,,144894,47,0,10,1,70,,144911,47,0,10,2,30,,144902,47,0,10,2,70,,144895,47,0,10,1,30,,144912,47,0,10,2,73,,144903,47,0,10,2,31,,144896,47,0,10,1,70,,144913,47,0,10,2,30,,144924,47,0,10,1,70,,144904,47,0,10,2,30,,144897,47,0,10,1,68,,144914,47,0,10,2,30,,144925,47,0,10,1,70,,144905,47,0,10,2,30,,144898,47,0,10,1,70,,144915,47,0,10,2,31,,144926,47,0,10,1,69,,144906,47,0,10,2,29,,144916,47,0,10,2,69,,144927,47,0,10,1,30,,144907,47,0,10,2,69,,144917,47,0,10,2,29,,144928,47,0,10,1,69,,144921,47,0,10,1,29,,144918,47,0,10,2,68,,144929,47,0,10,1,30,,144922,47,0,10,1,70,,144919,47,0,10,2,30,,144930,47,0,10,1,70,,144923,47,0,10,1,31,,144920,47,0,10,2,70,,144931,47,0,10,1
19202,'H54M300F-70-F3',514,,144965,47,0,10,1,31,,144936,47,0,10,2,72,,144957,47,0,10,1,32,,144966,47,0,10,1,69,,144937,47,0,10,2,29,,144958,47,0,10,1,70,,144967,47,0,10,1,32,,144938,47,0,10,2,71,,144959,47,0,10,1,30,,144968,47,0,10,1,70,,144939,47,0,10,2,30,,144960,47,0,10,1,70,,144969,47,0,10,1,30,,144940,47,0,10,2,73,,144962,47,0,10,1,31,,144970,47,0,10,1,70,,144941,47,0,10,2,30,,144949,47,0,10,1,70,,144961,47,0,10,1,30,,144971,47,0,10,1,68,,144942,47,0,10,2,30,,144950,47,0,10,1,70,,144963,47,0,10,1,30,,144972,47,0,10,1,70,,144943,47,0,10,2,31,,144951,47,0,10,1,69,,144964,47,0,10,1,29,,144944,47,0,10,2,69,,144952,47,0,10,1,30,,144932,47,0,10,1,69,,144945,47,0,10,2,29,,144953,47,0,10,1,69,,144933,47,0,10,1,29,,144946,47,0,10,2,68,,144954,47,0,10,1,30,,144934,47,0,10,1,70,,144947,47,0,10,2,30,,144955,47,0,10,1,70,,144935,47,0,10,1,31,,144948,47,0,10,2,70,,144956,47,0,10,1
19202,'H57M000S-70-S',1553,,144973,47,0,10,2
19202,'H58M000S-70-S',806,,144974,35,0,10,1
