20001,'H60U000A-85-A',631,,270299,31,0,5,1,70,,270311,31,0,5,2,29,,270320,31,0,5,1,29,,270300,31,0,5,1,73,,270310,31,0,5,2,72,,270321,31,0,5,1,31,,270301,31,0,5,1,69,,270312,31,0,5,2,29,,270322,31,0,5,1,70,,270302,31,0,5,1,28,,270313,31,0,5,2,69,,270323,31,0,5,1,30,,270303,31,0,5,1,70,,270314,31,0,5,2,30,,270324,31,0,5,1,71,,270304,31,0,5,1,31,,270315,31,0,5,2,69,,270325,31,0,5,1,30,,270305,31,0,5,1,70,,270316,31,0,5,2,30,,270326,31,0,5,1,69,,270306,31,0,5,1,29,,270317,31,0,5,2,30,,270327,31,0,5,1,71,,270307,31,0,5,1,71,,270318,31,0,5,2,31,,270328,31,0,5,1,68,,270308,31,0,5,1,30,,270319,31,0,5,2,70,,270329,31,0,5,1,30,,270309,31,0,5,1
20001,'H60U000I-84-I',803,,270348,31,0,5,1,30,,270339,31,0,5,2,71,,270330,31,0,5,2,29,,270349,31,0,5,1,69,,270340,31,0,5,2,29,,270331,31,0,5,2,70,,270350,31,0,5,1,31,,270341,31,0,5,2,69,,270332,31,0,5,2,30,,270351,31,0,5,1,70,,270342,31,0,5,2,30,,270333,31,0,5,2,70,,270352,31,0,5,1,30,,270343,31,0,5,2,69,,270334,31,0,5,2,30,,270353,31,0,5,1,70,,270344,31,0,5,2,29,,270335,31,0,5,2,29,,270354,31,0,5,1,71,,270345,31,0,5,2,71,,270336,31,0,5,2,31,,270355,31,0,5,1,72,,270346,31,0,5,2,29,,270337,31,0,5,2,70,,270356,31,0,5,1,29,,270347,31,0,5,2,69,,270338,31,0,5,2,30,,270357,31,0,5,1
20001,'H60U000S-86-S',620,,270361,31,0,5,1,22,,270358,31,0,5,2,62,,270369,31,0,5,1,22,,270387,31,0,5,2,21,,270362,31,0,5,1,55,,270386,31,0,5,2,14,,270359,31,0,5,2,12,,270368,31,0,5,1,13,,270370,31,0,5,1,15,,270388,31,0,5,2,55,,270380,31,0,5,1,15,,270363,31,0,5,1,21,,270360,31,0,5,2,62,,270371,31,0,5,1,26,,270381,31,0,5,1,72,,270364,31,0,5,1,30,,270372,31,0,5,1,71,,270382,31,0,5,1,31,,270365,31,0,5,1,72,,270373,31,0,5,1,30,,270383,31,0,5,1,70,,270366,31,0,5,1,28,,270374,31,0,5,1,71,,270384,31,0,5,1,31,,270367,31,0,5,1,75,,270375,31,0,5,1,28,,270385,31,0,5,1,66,,270389,31,0,5,1,18,,270393,31,0,5,2,23,,270376,31,0,5,1,62,,270397,31,0,5,2,24,,270390,31,0,5,1,64,,270394,31,0,5,2,28,,270377,31,0,5,1,71,,270391,31,0,5,1,30,,270395,31,0,5,2,70,,270378,31,0,5,1,30,,270392,31,0,5,1,29,,270396,31,0,5,2,70,,270379,31,0,5,1
20001,'H60U100F-85-F1',803,,270416,31,0,5,1,30,,270398,31,0,5,2,71,,270407,31,0,5,2,29,,270417,31,0,5,1,69,,270399,31,0,5,2,29,,270408,31,0,5,2,70,,270418,31,0,5,1,31,,270400,31,0,5,2,69,,270409,31,0,5,2,30,,270419,31,0,5,1,70,,270401,31,0,5,2,30,,270410,31,0,5,2,70,,270420,31,0,5,1,30,,270402,31,0,5,2,69,,270411,31,0,5,2,30,,270421,31,0,5,1,70,,270403,31,0,5,2,29,,270412,31,0,5,2,29,,270422,31,0,5,1,71,,270404,31,0,5,2,71,,270413,31,0,5,2,31,,270423,31,0,5,1,72,,270405,31,0,5,2,29,,270414,31,0,5,2,70,,270424,31,0,5,1,29,,270406,31,0,5,2,69,,270415,31,0,5,2,30,,270425,31,0,5,1
20001,'H60U200F-83-F2',803,,270444,31,0,5,1,30,,270426,31,0,5,2,71,,270435,31,0,5,2,29,,270445,31,0,5,1,69,,270427,31,0,5,2,29,,270436,31,0,5,2,70,,270446,31,0,5,1,31,,270428,31,0,5,2,69,,270437,31,0,5,2,30,,270447,31,0,5,1,70,,270429,31,0,5,2,30,,270438,31,0,5,2,70,,270448,31,0,5,1,30,,270430,31,0,5,2,69,,270439,31,0,5,2,30,,270449,31,0,5,1,70,,270431,31,0,5,2,29,,270440,31,0,5,2,29,,270450,31,0,5,1,71,,270432,31,0,5,2,71,,270441,31,0,5,2,31,,270451,31,0,5,1,72,,270433,31,0,5,2,29,,270442,31,0,5,2,70,,270452,31,0,5,1,29,,270434,31,0,5,2,69,,270443,31,0,5,2,30,,270453,31,0,5,1
20103,'H60U000A-85-A',832,,270625,5,0,8,2,70,,270614,5,0,8,1,30,,270626,5,0,8,2,69,,270615,5,0,8,1,30,,270627,5,0,8,2,70,,270616,5,0,8,1,30,,270628,5,0,8,2,70,,270617,5,0,8,1,30,,270629,5,0,8,2,70,,270618,5,0,8,1,30,,270630,5,0,8,2,70,,270622,5,0,8,1,30,,270631,5,0,8,2,70,,270623,5,0,8,1,30,,270632,5,0,8,2,70,,270619,5,0,8,1,30,,270635,5,0,8,2,70,,270620,5,0,8,1,30,,270633,5,0,8,2,70,,270621,5,0,8,1,30,,270634,5,0,8,2,70,,270624,5,0,8,1
20103,'H60U000I-84-I',831,,270636,5,0,8,2,71,,270647,5,0,8,1,30,,270637,5,0,8,2,69,,270648,5,0,8,1,30,,270638,5,0,8,2,70,,270649,5,0,8,1,30,,270639,5,0,8,2,70,,270650,5,0,8,1,30,,270640,5,0,8,2,70,,270651,5,0,8,1,30,,270641,5,0,8,2,70,,270652,5,0,8,1,30,,270642,5,0,8,2,70,,270653,5,0,8,1,30,,270643,5,0,8,2,70,,270654,5,0,8,1,30,,270644,5,0,8,2,70,,270655,5,0,8,1,30,,270645,5,0,8,2,70,,270656,5,0,8,1,30,,270646,5,0,8,2,70,,270657,5,0,8,1
20103,'H60U000S-86-S',604,,270658,5,0,8,1,27,,270674,5,0,8,2,69,,270659,5,0,8,1,28,,270675,5,0,8,2,31,,270660,5,0,8,1,71,,270676,5,0,8,2,72,,270661,5,0,8,1,30,,270677,5,0,8,2,71,,270662,5,0,8,1,31,,270678,5,0,8,2,72,,270663,5,0,8,1,32,,270679,5,0,8,2,72,,270664,5,0,8,1,32,,270680,5,0,8,2,71,,270665,5,0,8,1,30,,270681,5,0,8,2,68,,270666,5,0,8,1,29,,270682,5,0,8,2,66,,270667,5,0,8,1,32,,270683,5,0,8,2,62,,270668,5,0,8,1,33,,270684,5,0,8,2,72,,270669,5,0,8,1,31,,270685,5,0,8,2,71,,270670,5,0,8,1,31,,270686,5,0,8,2,70,,270671,5,0,8,1,30,,270687,5,0,8,2,70,,270672,5,0,8,1,29,,270688,5,0,8,2,69,,270673,5,0,8,1
20103,'H60U100F-85-F1',831,,270689,5,0,8,1,71,,270700,5,0,8,2,30,,270690,5,0,8,1,69,,270701,5,0,8,2,30,,270691,5,0,8,1,70,,270702,5,0,8,2,30,,270692,5,0,8,1,70,,270703,5,0,8,2,30,,270693,5,0,8,1,70,,270704,5,0,8,2,30,,270694,5,0,8,1,70,,270705,5,0,8,2,30,,270695,5,0,8,1,70,,270706,5,0,8,2,30,,270696,5,0,8,1,70,,270707,5,0,8,2,30,,270698,5,0,8,1,70,,270708,5,0,8,2,30,,270697,5,0,8,1,70,,270709,5,0,8,2,30,,270699,5,0,8,1,70,,270710,5,0,8,2
20103,'H60U200F-83-F2',831,,270711,5,0,8,1,71,,270722,5,0,8,2,30,,270712,5,0,8,1,69,,270723,5,0,8,2,30,,270713,5,0,8,1,70,,270724,5,0,8,2,30,,270714,5,0,8,1,70,,270725,5,0,8,2,30,,270715,5,0,8,1,70,,270726,5,0,8,2,30,,270716,5,0,8,1,70,,270727,5,0,8,2,30,,270717,5,0,8,1,70,,270728,5,0,8,2,30,,270718,5,0,8,1,70,,270729,5,0,8,2,30,,270720,5,0,8,1,70,,270730,5,0,8,2,30,,270719,5,0,8,1,70,,270731,5,0,8,2,30,,270721,5,0,8,1,70,,270732,5,0,8,2
38201,'H60U000A-85-A',2553,,278012,5,0,5,1,85,,278015,5,0,5,1,85,,278013,5,0,5,2,85,,278014,5,0,5,1
38201,'H60U000I-84-I',2553,,278017,5,0,5,1,85,,278018,5,0,5,1,85,,278016,5,0,5,1,85,,278019,5,0,5,1
38201,'H60U000S-86-S',2552,,278021,5,0,5,1,86,,278020,5,0,5,1,85,,278023,5,0,5,2,85,,278022,5,0,5,1
38201,'H60U100F-85-F1',2553,,278025,5,0,5,1,85,,278026,5,0,5,1,85,,278024,5,0,5,1,85,,278027,5,0,5,2
38201,'H60U200F-83-F2',2553,,278029,5,0,5,1,85,,278030,5,0,5,1,85,,278028,5,0,5,1,85,,278031,5,0,5,2
