4702,'H57U000A-80-A',605,,231432,11,0,10,1,30,,231431,11,0,10,1,71,,231433,11,0,10,1,31,,231426,11,0,10,1,72,,231434,11,0,10,1,34,,231427,11,0,10,1,72,,231435,11,0,10,1,33,,231428,11,0,10,1,72,,231436,11,0,10,1,30,,231429,11,0,10,1,60,,231460,11,0,10,1,20,,231437,11,0,10,1,21,,231461,11,0,10,2,61,,231430,11,0,10,1,21,,231438,11,0,10,1,68,,231450,11,0,10,2,32,,231439,11,0,10,1,68,,231451,11,0,10,2,32,,231440,11,0,10,1,69,,231452,11,0,10,2,32,,231441,11,0,10,1,71,,231453,11,0,10,2,32,,231442,11,0,10,1,71,,231454,11,0,10,2,32,,231443,11,0,10,1,70,,231455,11,0,10,2,29,,231444,11,0,10,1,69,,231456,11,0,10,2,29,,231445,11,0,10,1,69,,231457,11,0,10,2,28,,231446,11,0,10,1,68,,231458,11,0,10,2,30,,231447,11,0,10,1,70,,231459,11,0,10,2,30,,231424,11,0,10,1,78,,231462,11,0,10,1,44,,231448,11,0,10,1,86,,231425,11,0,10,1,86,,231449,11,0,10,1
4702,'H57U000I-80-I',607,,231479,11,0,10,1,46,,231480,11,0,10,1,86,,231481,11,0,10,1,88,,231482,11,0,10,1,82,,231496,11,0,10,2,38,,231465,11,0,10,1,71,,231483,11,0,10,1,29,,231466,11,0,10,1,68,,231484,11,0,10,1,29,,231467,11,0,10,1,69,,231485,11,0,10,1,29,,231468,11,0,10,1,70,,231486,11,0,10,1,30,,231469,11,0,10,1,70,,231487,11,0,10,1,29,,231470,11,0,10,1,69,,231488,11,0,10,1,30,,231471,11,0,10,1,70,,231489,11,0,10,1,29,,231472,11,0,10,1,69,,231490,11,0,10,1,30,,231473,11,0,10,1,70,,231491,11,0,10,1,29,,231474,11,0,10,1,67,,231492,11,0,10,1,27,,231475,11,0,10,1,27,,231493,11,0,10,1,67,,231476,11,0,10,1,27,,231494,11,0,10,1,67,,231477,11,0,10,1,33,,231495,11,0,10,1,86,,231478,11,0,10,1,87,,231497,11,0,10,1,85,,231463,11,0,10,1,49,,231464,11,0,10,1
4702,'H57U000S-81-S',524,,231503,11,0,10,1,29,,231509,11,0,10,1,70,,231498,11,0,10,1,31,,231510,11,0,10,1,71,,231499,11,0,10,1,29,,231511,11,0,10,1,71,,231518,11,0,10,2,31,,231517,11,0,10,1,71,,231506,11,0,10,1,30,,231505,11,0,10,1,69,,231514,11,0,10,1,30,,231500,11,0,10,1,70,,231504,11,0,10,1,26,,231507,11,0,10,1,74,,231501,11,0,10,1,29,,231508,11,0,10,1,70,,231502,11,0,10,1,30,,231515,11,0,10,2,72,,231513,11,0,10,1,32,,231512,11,0,10,1,72,,231516,11,0,10,1,70,,231528,11,0,10,1,30,,231519,11,0,10,1,70,,231526,11,0,10,1,29,,231529,11,0,10,1,71,,231520,11,0,10,1,29,,231527,11,0,10,1,70,,231530,11,0,10,1,30,,231521,11,0,10,1,70,,231531,11,0,10,1,29,,231522,11,0,10,1,28,,231532,11,0,10,1,68,,231523,11,0,10,1,28,,231533,11,0,10,1,68,,231524,11,0,10,1,28,,231534,11,0,10,1,67,,231525,11,0,10,1,28,,231535,11,0,10,1,69,,231536,11,0,10,1,89,,231537,11,0,10,1
4702,'H57U100F-80-F1',607,,231554,11,0,10,1,46,,231555,11,0,10,1,86,,231556,11,0,10,1,88,,231557,11,0,10,1,82,,231571,11,0,10,2,38,,231540,11,0,10,1,71,,231558,11,0,10,1,29,,231541,11,0,10,1,68,,231559,11,0,10,1,29,,231542,11,0,10,1,69,,231560,11,0,10,1,29,,231543,11,0,10,1,70,,231561,11,0,10,1,30,,231544,11,0,10,1,70,,231562,11,0,10,1,29,,231545,11,0,10,1,69,,231563,11,0,10,1,30,,231546,11,0,10,1,70,,231564,11,0,10,1,29,,231547,11,0,10,1,69,,231565,11,0,10,1,30,,231548,11,0,10,1,70,,231566,11,0,10,1,29,,231549,11,0,10,1,67,,231567,11,0,10,1,27,,231550,11,0,10,1,27,,231568,11,0,10,1,67,,231551,11,0,10,1,27,,231569,11,0,10,1,67,,231552,11,0,10,1,33,,231570,11,0,10,1,86,,231553,11,0,10,1,87,,231572,11,0,10,1,85,,231538,11,0,10,1,49,,231539,11,0,10,1
4702,'H57U200F-80-F2',607,,231589,11,0,10,1,46,,231590,11,0,10,1,86,,231591,11,0,10,1,88,,231592,11,0,10,1,82,,231606,11,0,10,2,38,,231575,11,0,10,1,71,,231593,11,0,10,1,29,,231576,11,0,10,1,68,,231594,11,0,10,1,29,,231577,11,0,10,1,69,,231595,11,0,10,1,29,,231578,11,0,10,1,70,,231596,11,0,10,1,30,,231579,11,0,10,1,70,,231597,11,0,10,1,29,,231580,11,0,10,1,69,,231598,11,0,10,1,30,,231581,11,0,10,1,70,,231599,11,0,10,1,29,,231582,11,0,10,1,69,,231600,11,0,10,1,30,,231583,11,0,10,1,70,,231601,11,0,10,1,29,,231584,11,0,10,1,67,,231602,11,0,10,1,27,,231585,11,0,10,1,27,,231603,11,0,10,1,67,,231586,11,0,10,1,27,,231604,11,0,10,1,67,,231587,11,0,10,1,33,,231605,11,0,10,1,86,,231588,11,0,10,1,87,,231607,11,0,10,1,85,,231573,11,0,10,1,49,,231574,11,0,10,1
35704,'H59U000A-80-A',2609,,276929,34,0,9,2,45,,276932,34,0,9,1,84,,276930,34,0,9,2,85,,276933,34,0,9,1,86,,276931,34,0,9,2
35704,'H59U000I-80-I',2520,,276937,34,0,9,1,85,,276934,34,0,9,1,45,,276938,34,0,9,1,84,,276935,34,0,9,1,87,,276939,34,0,9,1,85,,276936,34,0,9,1
35704,'H59U000S-80-S',2522,,276940,34,0,9,1,85,,276943,34,0,9,1,44,,276941,34,0,9,1,85,,276944,34,0,9,1,87,,276942,34,0,9,1,85,,276945,34,0,9,1
35704,'H59U100F-80-F1',2520,,276949,34,0,9,1,85,,276946,34,0,9,1,45,,276950,34,0,9,1,84,,276947,34,0,9,1,87,,276951,34,0,9,1,85,,276948,34,0,9,1
35704,'H59U200F-80-F2',2520,,276952,34,0,9,1,85,,276953,34,0,9,1,45,,276954,34,0,9,1,84,,276955,34,0,9,1,87,,276956,34,0,9,1,85,,276957,34,0,9,1
