3401,'H59U000A-80-A',526,,227633,10,0,5,2,77,,227611,10,0,5,1,29,,227634,10,0,5,2,69,,227612,10,0,5,1,29,,227635,10,0,5,2,29,,227613,10,0,5,1,69,,227636,10,0,5,2,29,,227614,10,0,5,1,69,,227637,10,0,5,2,30,,227615,10,0,5,1,70,,227638,10,0,5,2,30,,227616,10,0,5,1,69,,227639,10,0,5,2,30,,227617,10,0,5,1,71,,227640,10,0,5,2,30,,227618,10,0,5,1,70,,227641,10,0,5,2,30,,227619,10,0,5,1,71,,227642,10,0,5,2,31,,227620,10,0,5,1,71,,227643,10,0,5,2,71,,227621,10,0,5,1,32,,227644,10,0,5,2,71,,227622,10,0,5,1,32,,227645,10,0,5,2,71,,227623,10,0,5,1,31,,227646,10,0,5,2,70,,227624,10,0,5,1,27,,227647,10,0,5,2,25,,227625,10,0,5,1,66,,227648,10,0,5,2,27,,227626,10,0,5,1,68,,227649,10,0,5,2,27,,227627,10,0,5,1,65,,227650,10,0,5,2,24,,227628,10,0,5,1,64,,227651,10,0,5,2,24,,227629,10,0,5,1,24,,227652,10,0,5,2,64,,227630,10,0,5,1,23,,227653,10,0,5,2,24,,227631,10,0,5,1,64,,227654,10,0,5,2,24,,227632,10,0,5,1
3401,'H59U000I-80-I',525,,227669,10,0,5,1,77,,227655,10,0,5,2,28,,227670,10,0,5,1,70,,227656,10,0,5,2,29,,227671,10,0,5,1,29,,227657,10,0,5,2,70,,227672,10,0,5,1,29,,227658,10,0,5,2,69,,227673,10,0,5,1,29,,227659,10,0,5,2,69,,227674,10,0,5,1,28,,227660,10,0,5,2,70,,227675,10,0,5,1,31,,227661,10,0,5,2,69,,227676,10,0,5,1,31,,227662,10,0,5,2,69,,227677,10,0,5,1,31,,227663,10,0,5,2,70,,227678,10,0,5,1,30,,227664,10,0,5,2,70,,227679,10,0,5,1,30,,227665,10,0,5,2,71,,227680,10,0,5,1,30,,227666,10,0,5,2,70,,227681,10,0,5,1,30,,227667,10,0,5,2,71,,227682,10,0,5,1,30,,227668,10,0,5,2,70,,227683,10,0,5,1,30,,227686,10,0,5,1,70,,227684,10,0,5,1,30,,227687,10,0,5,1,70,,227685,10,0,5,1,30,,227688,10,0,5,1,69,,227692,10,0,5,1,30,,227689,10,0,5,1,69,,227693,10,0,5,1,29,,227690,10,0,5,1,68,,227694,10,0,5,1,29,,227691,10,0,5,1,69,,227695,10,0,5,1
3401,'H59U000S-80-S',500,,227737,10,0,5,2,30,,227728,10,0,5,2,73,,227730,10,0,5,1,31,,227729,10,0,5,2,70,,227731,10,0,5,1,26,,227696,10,0,5,2,73,,227736,10,0,5,1,31,,227706,10,0,5,1,72,,227697,10,0,5,2,32,,227707,10,0,5,1,72,,227698,10,0,5,2,30,,227708,10,0,5,1,70,,227699,10,0,5,2,30,,227709,10,0,5,1,70,,227700,10,0,5,2,32,,227710,10,0,5,1,70,,227701,10,0,5,2,33,,227711,10,0,5,1,71,,227702,10,0,5,2,24,,227732,10,0,5,1,63,,227712,10,0,5,1,24,,227703,10,0,5,2,25,,227733,10,0,5,1,63,,227713,10,0,5,1,25,,227704,10,0,5,2,66,,227734,10,0,5,1,27,,227738,10,0,5,1,67,,227705,10,0,5,2,28,,227735,10,0,5,1,29,,227720,10,0,5,1,68,,227721,10,0,5,1,28,,227714,10,0,5,2,70,,227722,10,0,5,1,30,,227715,10,0,5,2,70,,227723,10,0,5,1,30,,227716,10,0,5,2,70,,227724,10,0,5,1,30,,227717,10,0,5,2,70,,227725,10,0,5,1,28,,227718,10,0,5,2,68,,227726,10,0,5,1,28,,227719,10,0,5,2,65,,227727,10,0,5,1
3401,'H59U100F-80-F1',525,,227753,10,0,5,1,77,,227739,10,0,5,2,28,,227754,10,0,5,1,70,,227740,10,0,5,2,29,,227755,10,0,5,1,29,,227741,10,0,5,2,70,,227756,10,0,5,1,29,,227742,10,0,5,2,69,,227757,10,0,5,1,29,,227743,10,0,5,2,69,,227758,10,0,5,1,28,,227744,10,0,5,2,70,,227759,10,0,5,1,31,,227745,10,0,5,2,69,,227760,10,0,5,1,31,,227746,10,0,5,2,69,,227761,10,0,5,1,31,,227747,10,0,5,2,70,,227762,10,0,5,1,30,,227748,10,0,5,2,70,,227763,10,0,5,1,30,,227749,10,0,5,2,71,,227764,10,0,5,1,30,,227750,10,0,5,2,70,,227765,10,0,5,1,30,,227751,10,0,5,2,71,,227766,10,0,5,1,30,,227752,10,0,5,2,70,,227767,10,0,5,1,30,,227770,10,0,5,1,70,,227768,10,0,5,1,30,,227771,10,0,5,1,70,,227769,10,0,5,1,30,,227772,10,0,5,1,69,,227776,10,0,5,1,30,,227773,10,0,5,1,69,,227777,10,0,5,1,29,,227774,10,0,5,1,68,,227778,10,0,5,1,29,,227775,10,0,5,1,69,,227779,10,0,5,1
3401,'H59U200F-80-F2',525,,227780,10,0,5,1,77,,227781,10,0,5,2,28,,227782,10,0,5,1,70,,227783,10,0,5,2,29,,227784,10,0,5,1,29,,227785,10,0,5,2,70,,227786,10,0,5,1,29,,227787,10,0,5,2,69,,227788,10,0,5,1,29,,227789,10,0,5,2,69,,227790,10,0,5,1,28,,227791,10,0,5,2,70,,227792,10,0,5,1,31,,227793,10,0,5,2,69,,227794,10,0,5,1,31,,227795,10,0,5,2,69,,227796,10,0,5,1,31,,227797,10,0,5,2,70,,227798,10,0,5,1,30,,227799,10,0,5,2,70,,227800,10,0,5,1,30,,227801,10,0,5,2,71,,227802,10,0,5,1,30,,227803,10,0,5,2,70,,227804,10,0,5,1,30,,227805,10,0,5,2,71,,227806,10,0,5,1,30,,227807,10,0,5,2,70,,227808,10,0,5,1,30,,227809,10,0,5,1,70,,227810,10,0,5,1,30,,227811,10,0,5,1,70,,227812,10,0,5,1,30,,227813,10,0,5,1,69,,227814,10,0,5,1,30,,227815,10,0,5,1,69,,227816,10,0,5,1,29,,227817,10,0,5,1,68,,227818,10,0,5,1,29,,227819,10,0,5,1,69,,227820,10,0,5,1
35301,'H54U000A-80-A',2623,,276683,6,0,5,1,86,,276682,6,0,5,1,45,,276685,6,0,5,2,80,,276684,6,0,5,1
35301,'H54U000I-80-I',2539,,276687,6,0,5,2,85,,276686,6,0,5,1,85,,276688,6,0,5,1,45,,276689,6,0,5,1,80,,276690,6,0,5,2
35301,'H54U000S-81-S',2539,,276691,6,0,5,1,85,,276695,6,0,5,1,85,,276693,6,0,5,1,45,,276692,6,0,5,1,80,,276694,6,0,5,1
35301,'H54U100F-80-F1',2539,,276697,6,0,5,2,85,,276696,6,0,5,1,85,,276698,6,0,5,1,45,,276699,6,0,5,1,80,,276700,6,0,5,2
35301,'H54U200F-82-F2',2539,,276702,6,0,5,2,85,,276703,6,0,5,1,85,,276705,6,0,5,1,45,,276704,6,0,5,1,80,,276701,6,0,5,1
