20202,'H50M000S-70-S',1529,,148598,14,0,10,1
20202,'H60M000A-71-A',609,,148601,14,0,10,1,22,,148612,14,0,10,2,19,,148623,14,0,10,1,59,,148628,14,0,10,1,19,,148608,14,0,10,1,19,,148617,14,0,10,2,66,,148602,14,0,10,1,31,,148600,14,0,10,2,70,,148629,14,0,10,1,30,,148609,14,0,10,1,71,,148614,14,0,10,1,31,,148603,14,0,10,1,71,,148618,14,0,10,2,32,,148624,14,0,10,1,72,,148615,14,0,10,1,32,,148610,14,0,10,1,63,,148604,14,0,10,1,23,,148619,14,0,10,2,63,,148633,14,0,10,1,23,,148625,14,0,10,1,23,,148616,14,0,10,1,64,,148611,14,0,10,1,23,,148605,14,0,10,1,23,,148620,14,0,10,2,66,,148634,14,0,10,1,25,,148626,14,0,10,1,65,,148638,14,0,10,1,23,,148639,14,0,10,1,21,,148606,14,0,10,1,63,,148621,14,0,10,2,25,,148635,14,0,10,1,71,,148627,14,0,10,1,32,,148630,14,0,10,1,68,,148640,14,0,10,1,28,,148607,14,0,10,1,68,,148632,14,0,10,1,29,,148622,14,0,10,1,70,,148637,14,0,10,1,29,,148599,14,0,10,1,71,,148636,14,0,10,1,31,,148613,14,0,10,1,67,,148631,14,0,10,1
20202,'H60M000I-71-I',610,,148643,14,0,10,1,30,,148653,14,0,10,1,70,,148663,14,0,10,1,31,,148668,14,0,10,2,71,,148644,14,0,10,1,30,,148654,14,0,10,1,70,,148664,14,0,10,1,32,,148669,14,0,10,2,72,,148645,14,0,10,1,31,,148655,14,0,10,1,71,,148665,14,0,10,1,30,,148670,14,0,10,2,70,,148650,14,0,10,1,30,,148660,14,0,10,1,71,,148666,14,0,10,1,31,,148658,14,0,10,2,71,,148657,14,0,10,1,31,,148672,14,0,10,1,60,,148675,14,0,10,2,21,,148661,14,0,10,1,21,,148667,14,0,10,1,69,,148659,14,0,10,2,30,,148656,14,0,10,1,72,,148676,14,0,10,2,31,,148662,14,0,10,1,71,,148646,14,0,10,1,29,,148673,14,0,10,1,68,,148651,14,0,10,1,29,,148677,14,0,10,2,69,,148641,14,0,10,1,29,,148648,14,0,10,1,70,,148674,14,0,10,1,28,,148652,14,0,10,1,68,,148678,14,0,10,2,28,,148642,14,0,10,1,69,,148647,14,0,10,1,28,,148649,14,0,10,2,68,,148671,14,0,10,1
20202,'H60M000S-71-S',552,,148682,14,0,10,1,73,,148681,14,0,10,1,33,,148685,14,0,10,1,74,,148689,14,0,10,1,69,,148697,14,0,10,1,26,,148683,14,0,10,1,25,,148695,14,0,10,2,65,,148696,14,0,10,1,26,,148686,14,0,10,1,66,,148690,14,0,10,1,25,,148698,14,0,10,1,23,,148684,14,0,10,1,62,,148680,14,0,10,1,23,,148691,14,0,10,1,65,,148687,14,0,10,1,26,,148704,14,0,10,1,19,,148679,14,0,10,2,58,,148699,14,0,10,1,18,,148708,14,0,10,1,17,,148706,14,0,10,1,55,,148709,14,0,10,1,16,,148692,14,0,10,1,21,,148688,14,0,10,1,64,,148705,14,0,10,1,52,,148712,14,0,10,1,59,,148711,14,0,10,2,19,,148707,14,0,10,1,17,,148716,14,0,10,1,71,,148710,14,0,10,1,31,,148700,14,0,10,1,70,,148693,14,0,10,1,29,,148719,14,0,10,2,69,,148717,14,0,10,1,29,,148714,14,0,10,2,67,,148701,14,0,10,1,28,,148694,14,0,10,1,68,,148720,14,0,10,2,27,,148718,14,0,10,1,67,,148715,14,0,10,2,27,,148702,14,0,10,1,73,,148721,14,0,10,1,34,,148713,14,0,10,1,73,,148703,14,0,10,1
20202,'H60M100F-71-F1',610,,148724,14,0,10,1,30,,148732,14,0,10,1,70,,148737,14,0,10,1,31,,148742,14,0,10,2,71,,148725,14,0,10,1,30,,148733,14,0,10,1,70,,148738,14,0,10,1,32,,148743,14,0,10,2,72,,148726,14,0,10,1,31,,148734,14,0,10,1,71,,148739,14,0,10,1,30,,148744,14,0,10,2,70,,148731,14,0,10,1,30,,148727,14,0,10,1,71,,148740,14,0,10,1,31,,148736,14,0,10,2,71,,148735,14,0,10,1,31,,148748,14,0,10,1,60,,148751,14,0,10,1,21,,148728,14,0,10,1,21,,148741,14,0,10,1,69,,148747,14,0,10,2,30,,148755,14,0,10,1,72,,148752,14,0,10,1,31,,148729,14,0,10,1,71,,148723,14,0,10,1,29,,148754,14,0,10,2,68,,148756,14,0,10,1,29,,148749,14,0,10,1,69,,148722,14,0,10,1,29,,148753,14,0,10,1,70,,148759,14,0,10,1,28,,148757,14,0,10,1,68,,148750,14,0,10,1,28,,148730,14,0,10,1,69,,148745,14,0,10,1,28,,148758,14,0,10,1,68,,148746,14,0,10,1
20202,'H60M200F-71-F2',610,,148793,14,0,10,1,30,,148785,14,0,10,1,70,,148790,14,0,10,1,31,,148781,14,0,10,2,71,,148794,14,0,10,1,30,,148787,14,0,10,1,70,,148791,14,0,10,1,32,,148782,14,0,10,2,72,,148795,14,0,10,1,31,,148786,14,0,10,1,71,,148792,14,0,10,1,30,,148783,14,0,10,2,70,,148768,14,0,10,1,30,,148770,14,0,10,1,71,,148779,14,0,10,1,31,,148767,14,0,10,2,71,,148788,14,0,10,1,31,,148762,14,0,10,1,60,,148773,14,0,10,1,21,,148772,14,0,10,1,21,,148780,14,0,10,1,69,,148784,14,0,10,2,30,,148775,14,0,10,1,72,,148774,14,0,10,1,31,,148771,14,0,10,1,71,,148796,14,0,10,1,29,,148789,14,0,10,2,68,,148776,14,0,10,1,29,,148777,14,0,10,1,69,,148763,14,0,10,1,29,,148797,14,0,10,1,70,,148765,14,0,10,1,28,,148769,14,0,10,1,68,,148778,14,0,10,1,28,,148761,14,0,10,1,69,,148764,14,0,10,1,28,,148760,14,0,10,1,68,,148766,14,0,10,1
20202,'H60M300F-71-F3',610,,148804,14,0,10,1,30,,148814,14,0,10,1,70,,148800,14,0,10,1,31,,148807,14,0,10,2,71,,148803,14,0,10,1,30,,148815,14,0,10,1,70,,148801,14,0,10,1,32,,148808,14,0,10,2,72,,148805,14,0,10,1,31,,148816,14,0,10,1,71,,148802,14,0,10,1,30,,148809,14,0,10,2,70,,148810,14,0,10,1,30,,148820,14,0,10,1,71,,148830,14,0,10,1,31,,148818,14,0,10,1,71,,148824,14,0,10,1,31,,148832,14,0,10,2,60,,148833,14,0,10,2,21,,148821,14,0,10,1,21,,148831,14,0,10,1,69,,148806,14,0,10,1,30,,148825,14,0,10,1,72,,148834,14,0,10,2,31,,148822,14,0,10,1,71,,148799,14,0,10,2,29,,148798,14,0,10,1,68,,148826,14,0,10,1,29,,148812,14,0,10,1,69,,148828,14,0,10,1,29,,148817,14,0,10,1,70,,148819,14,0,10,1,28,,148835,14,0,10,1,68,,148813,14,0,10,1,28,,148811,14,0,10,1,69,,148823,14,0,10,1,28,,148829,14,0,10,1,68,,148827,14,0,10,1
37802,'H60M000A-71-A',2653,,155426,50,0,10,2,94,,155427,50,0,10,1,88,,155428,50,0,10,1
37802,'H60M000I-71-I',2652,,155429,50,0,10,1,91,,155430,50,0,10,2,90,,155431,50,0,10,1
37802,'H60M000S-71-S',2652,,155432,50,0,10,1,89,,155434,50,0,10,1,97,,155433,50,0,10,1
37802,'H60M100F-71-F1',2652,,155436,50,0,10,1,91,,155435,50,0,10,1,90,,155437,50,0,10,1
37802,'H60M200F-71-F2',2652,,155438,50,0,10,1,91,,155439,50,0,10,1,90,,155440,50,0,10,1
37802,'H60M300F-71-F3',2652,,155443,50,0,10,2,91,,155442,50,0,10,1,90,,155441,50,0,10,1
