10001,'H50M000A-70-A',529,,117267,25,0,5,1,30,,117266,25,0,5,1,71,,117308,25,0,5,2,73,,117268,25,0,5,1,34,,117278,25,0,5,1,67,,117309,25,0,5,2,27,,117269,25,0,5,1,27,,117275,25,0,5,1,68,,117279,25,0,5,1,27,,117270,25,0,5,1,71,,117264,25,0,5,2,30,,117280,25,0,5,1,72,,117271,25,0,5,1,33,,117265,25,0,5,2,69,,117281,25,0,5,1,28,,117299,25,0,5,1,68,,117292,25,0,5,2,28,,117272,25,0,5,2,67,,117282,25,0,5,1,24,,117300,25,0,5,1,62,,117293,25,0,5,2,21,,117284,25,0,5,1,12,,117283,25,0,5,1,2,,117273,25,0,5,2,19,,117276,25,0,5,1,60,,117301,25,0,5,1,18,,117285,25,0,5,1,16,,117294,25,0,5,2,53,,117311,25,0,5,1,13,,117274,25,0,5,2,10,,117302,25,0,5,1,18,,117277,25,0,5,1,64,,117286,25,0,5,1,24,,117295,25,0,5,2,68,,117303,25,0,5,1,30,,117287,25,0,5,1,70,,117296,25,0,5,2,28,,117304,25,0,5,1,28,,117288,25,0,5,1,68,,117297,25,0,5,2,27,,117305,25,0,5,1,72,,117289,25,0,5,1,33,,117298,25,0,5,2,73,,117306,25,0,5,1,24,,117290,25,0,5,1,69,,117310,25,0,5,1,34,,117307,25,0,5,1,78,,117291,25,0,5,1
10001,'H50M000I-70-I',638,,117325,25,0,5,1,69,,117312,25,0,5,1,28,,117343,25,0,5,1,73,,117326,25,0,5,1,33,,117313,25,0,5,1,73,,117344,25,0,5,1,29,,117327,25,0,5,1,70,,117314,25,0,5,1,29,,117345,25,0,5,1,69,,117328,25,0,5,1,30,,117315,25,0,5,1,70,,117331,25,0,5,1,33,,117329,25,0,5,1,72,,117316,25,0,5,1,31,,117332,25,0,5,1,71,,117330,25,0,5,1,30,,117317,25,0,5,1,68,,117334,25,0,5,1,19,,117354,25,0,5,1,3,,117333,25,0,5,1,10,,117336,25,0,5,2,54,,117353,25,0,5,1,15,,117318,25,0,5,1,16,,117347,25,0,5,1,19,,117335,25,0,5,1,60,,117337,25,0,5,2,20,,117355,25,0,5,2,20,,117319,25,0,5,1,64,,117348,25,0,5,1,30,,117338,25,0,5,2,70,,117320,25,0,5,1,30,,117349,25,0,5,1,70,,117339,25,0,5,2,30,,117321,25,0,5,1,70,,117350,25,0,5,1,30,,117340,25,0,5,2,70,,117322,25,0,5,1,29,,117351,25,0,5,1,70,,117341,25,0,5,2,20,,117323,25,0,5,1,24,,117346,25,0,5,1,70,,117352,25,0,5,1,73,,117342,25,0,5,2,35,,117324,25,0,5,1
10001,'H50M000S-70-S',528,,117356,25,0,5,2,73,,117398,25,0,5,2,34,,117362,25,0,5,1,22,,117357,25,0,5,2,60,,117405,25,0,5,2,21,,117373,25,0,5,1,68,,117372,25,0,5,1,29,,117358,25,0,5,2,70,,117382,25,0,5,1,29,,117363,25,0,5,1,66,,117374,25,0,5,1,33,,117359,25,0,5,2,73,,117364,25,0,5,1,26,,117375,25,0,5,1,71,,117383,25,0,5,2,30,,117360,25,0,5,2,71,,117365,25,0,5,1,27,,117376,25,0,5,1,24,,117384,25,0,5,2,60,,117389,25,0,5,2,18,,117361,25,0,5,2,11,,117366,25,0,5,1,56,,117401,25,0,5,1,15,,117377,25,0,5,1,26,,117385,25,0,5,2,11,,117396,25,0,5,1,50,,117390,25,0,5,2,22,,117395,25,0,5,1,12,,117367,25,0,5,1,66,,117378,25,0,5,1,13,,117397,25,0,5,1,14,,117386,25,0,5,2,13,,117409,25,0,5,1,13,,117391,25,0,5,2,54,,117403,25,0,5,2,15,,117368,25,0,5,1,23,,117379,25,0,5,1,63,,117387,25,0,5,2,28,,117392,25,0,5,2,69,,117369,25,0,5,1,29,,117388,25,0,5,2,69,,117393,25,0,5,2,29,,117370,25,0,5,1,68,,117406,25,0,5,1,28,,117394,25,0,5,2,21,,117380,25,0,5,1,57,,117404,25,0,5,1,15,,117371,25,0,5,1,5,,117407,25,0,5,1,10,,117402,25,0,5,1,21,,117399,25,0,5,2,71,,117381,25,0,5,1,73,,117408,25,0,5,1,32,,117400,25,0,5,2
10001,'H50M100F-70-F1',638,,117423,25,0,5,1,69,,117410,25,0,5,1,28,,117441,25,0,5,1,73,,117424,25,0,5,1,33,,117411,25,0,5,1,73,,117442,25,0,5,1,29,,117427,25,0,5,1,70,,117412,25,0,5,1,29,,117443,25,0,5,1,69,,117425,25,0,5,1,30,,117413,25,0,5,1,70,,117429,25,0,5,1,33,,117426,25,0,5,1,72,,117414,25,0,5,1,31,,117430,25,0,5,1,71,,117428,25,0,5,1,30,,117415,25,0,5,1,68,,117432,25,0,5,1,19,,117452,25,0,5,1,3,,117431,25,0,5,1,10,,117434,25,0,5,2,54,,117451,25,0,5,1,15,,117416,25,0,5,1,16,,117445,25,0,5,1,19,,117433,25,0,5,1,60,,117435,25,0,5,2,20,,117453,25,0,5,2,20,,117417,25,0,5,1,64,,117446,25,0,5,1,30,,117436,25,0,5,2,70,,117418,25,0,5,1,30,,117447,25,0,5,1,70,,117437,25,0,5,2,30,,117419,25,0,5,1,70,,117448,25,0,5,1,30,,117438,25,0,5,2,70,,117420,25,0,5,1,29,,117449,25,0,5,1,70,,117439,25,0,5,2,20,,117421,25,0,5,1,24,,117444,25,0,5,1,70,,117450,25,0,5,1,73,,117440,25,0,5,2,35,,117422,25,0,5,1
10001,'H50M200F-70-F2',638,,117467,25,0,5,1,69,,117454,25,0,5,1,28,,117485,25,0,5,1,73,,117468,25,0,5,1,33,,117455,25,0,5,1,73,,117486,25,0,5,1,29,,117469,25,0,5,1,70,,117456,25,0,5,1,29,,117487,25,0,5,1,69,,117470,25,0,5,1,30,,117457,25,0,5,1,70,,117472,25,0,5,1,33,,117471,25,0,5,1,72,,117458,25,0,5,1,31,,117474,25,0,5,1,71,,117473,25,0,5,1,30,,117459,25,0,5,1,68,,117476,25,0,5,1,19,,117496,25,0,5,1,3,,117475,25,0,5,1,10,,117478,25,0,5,2,54,,117495,25,0,5,1,15,,117461,25,0,5,1,16,,117489,25,0,5,1,19,,117477,25,0,5,1,60,,117479,25,0,5,2,20,,117497,25,0,5,2,20,,117460,25,0,5,1,64,,117490,25,0,5,1,30,,117480,25,0,5,2,70,,117462,25,0,5,1,30,,117491,25,0,5,1,70,,117481,25,0,5,2,30,,117463,25,0,5,1,70,,117492,25,0,5,1,30,,117482,25,0,5,2,70,,117464,25,0,5,1,29,,117493,25,0,5,1,70,,117483,25,0,5,2,20,,117465,25,0,5,1,24,,117488,25,0,5,1,70,,117494,25,0,5,1,73,,117484,25,0,5,2,35,,117466,25,0,5,1
10001,'H50M300F-70-F3',638,,117511,25,0,5,1,69,,117498,25,0,5,1,28,,117529,25,0,5,1,73,,117512,25,0,5,1,33,,117499,25,0,5,1,73,,117530,25,0,5,1,29,,117513,25,0,5,1,70,,117500,25,0,5,1,29,,117531,25,0,5,1,69,,117514,25,0,5,1,30,,117501,25,0,5,1,70,,117517,25,0,5,1,33,,117515,25,0,5,1,72,,117502,25,0,5,1,31,,117518,25,0,5,1,71,,117516,25,0,5,1,30,,117503,25,0,5,1,68,,117520,25,0,5,1,19,,117540,25,0,5,1,3,,117519,25,0,5,1,10,,117522,25,0,5,2,54,,117539,25,0,5,2,15,,117504,25,0,5,1,16,,117533,25,0,5,1,19,,117521,25,0,5,1,60,,117523,25,0,5,2,20,,117541,25,0,5,2,20,,117505,25,0,5,1,64,,117534,25,0,5,1,30,,117524,25,0,5,2,70,,117506,25,0,5,1,30,,117535,25,0,5,1,70,,117525,25,0,5,2,30,,117507,25,0,5,1,70,,117536,25,0,5,1,30,,117526,25,0,5,2,70,,117508,25,0,5,1,29,,117537,25,0,5,1,70,,117527,25,0,5,2,20,,117509,25,0,5,1,24,,117532,25,0,5,1,70,,117538,25,0,5,1,73,,117528,25,0,5,2,35,,117510,25,0,5,1
10001,'H51M000S-70-S',1613,,117542,25,0,5,2
10001,'H58M000S-70-S',1530,,117543,25,0,5,2,5,,117544,25,0,5,2
10001,'H60M000S-71-S',1650,,117545,25,0,5,2
46001,'H51M000S-70-S',1655,,157671,21,0,22 30,2
46001,'H56M000S-70-S',1736,,157672,21,0,22 30,1
46001,'H58M000S-70-S',557,,157674,21,0,22 30,2,70,,157678,21,0,22 30,2,31,,157673,21,0,22 30,2,68,,157675,21,0,22 30,1,14,,157677,21,0,22 30,2,76,,157679,21,0,22 30,2,31,,157680,21,0,22 30,2,66,,157682,21,0,22 30,1,21,,157681,21,0,22 30,2,69,,157683,21,0,22 30,1,512,,157687,21,0,22 30,2,9,,157688,21,0,22 30,2,9,,157689,21,0,22 30,1,8,,157691,21,0,22 30,2,10,,157694,21,0,22 30,1,50,,157697,21,0,22 30,2,10,,157700,21,0,22 30,2,9,,157701,21,0,22 30,2,10,,157703,21,0,22 30,2,10,,157684,21,0,22 30,2,8,,157699,21,0,22 30,2,55,,157705,21,0,22 30,1,7,,157685,21,0,22 30,2,4,,157695,12,0,22 30,2,5,,157692,21,0,22 30,2,7,,157702,21,0,22 30,2,20,,157676,21,0,22 30,1,56,,157693,21,0,22 30,2,19,,157696,21,0,22 30,2,19,,157686,21,0,22 30,2,19,,157690,21,0,22 30,1,59,,157698,21,0,22 30,2,18,,157704,21,0,22 30,2,21,,157706,21,0,22 30,1
46001,'H58M100F-70-F1',557,,157716,21,0,22 30,2,73,,157717,21,0,22 30,2,73,,157709,21,0,22 30,1,33,,157718,21,0,22 30,2,78,,157711,21,0,22 30,1,32,,157708,21,0,22 30,2,65,,157731,21,0,22 30,1,23,,157714,21,0,22 30,2,581,,157710,21,0,22 30,1,16,,157719,21,0,22 30,1,14,,157727,21,0,22 30,2,10,,157707,21,0,22 30,1,50,,157723,21,0,22 30,1,28,,157730,21,0,22 30,2,5,,157725,21,0,22 30,2,7,,157726,21,0,22 30,2,12,,157715,21,0,22 30,1,48,,157732,21,0,22 30,1,10,,157728,21,0,22 30,2,10,,157721,21,0,22 30,2,15,,157729,21,0,22 30,2,10,,157722,21,0,22 30,2,56,,157712,21,0,22 30,1,19,,157713,21,0,22 30,1,30,,157720,21,0,22 30,1,70,,157724,21,0,22 30,1,32,,157733,21,0,22 30,1
46001,'H58M200F-70-F2',557,,157743,21,0,22 30,2,73,,157744,21,0,22 30,2,73,,157736,21,0,22 30,1,33,,157745,21,0,22 30,2,78,,157738,21,0,22 30,1,32,,157735,21,0,22 30,2,65,,157758,21,0,22 30,1,23,,157741,21,0,22 30,2,581,,157737,21,0,22 30,1,16,,157746,21,0,22 30,1,14,,157754,21,0,22 30,2,10,,157734,21,0,22 30,1,50,,157750,21,0,22 30,1,28,,157757,21,0,22 30,2,5,,157752,21,0,22 30,2,7,,157753,21,0,22 30,2,12,,157742,21,0,22 30,1,48,,157759,21,0,22 30,1,10,,157755,21,0,22 30,2,10,,157748,21,0,22 30,2,15,,157756,21,0,22 30,2,10,,157749,21,0,22 30,2,56,,157739,21,0,22 30,1,19,,157740,21,0,22 30,1,30,,157747,21,0,22 30,1,70,,157751,21,0,22 30,1,32,,157760,21,0,22 30,1
46001,'H58M300F-70-F3',557,,157770,21,0,22 30,2,73,,157771,21,0,22 30,2,73,,157763,21,0,22 30,1,33,,157772,21,0,22 30,2,78,,157765,21,0,22 30,1,32,,157762,21,0,22 30,2,65,,157785,21,0,22 30,1,23,,157768,21,0,22 30,2,581,,157764,21,0,22 30,1,16,,157773,21,0,22 30,1,14,,157781,21,0,22 30,2,10,,157761,21,0,22 30,1,50,,157777,21,0,22 30,1,28,,157784,21,0,22 30,2,5,,157779,21,0,22 30,2,7,,157780,21,0,22 30,2,12,,157769,21,0,22 30,1,48,,157786,21,0,22 30,1,10,,157782,21,0,22 30,2,10,,157775,21,0,22 30,2,15,,157783,21,0,22 30,2,10,,157776,21,0,22 30,2,56,,157766,21,0,22 30,1,19,,157767,21,0,22 30,1,30,,157774,21,0,22 30,1,70,,157778,21,0,22 30,1,32,,157787,21,0,22 30,1
