9202,'H50M000S-81-S',903,,192870,25,0,10,2
9202,'H51M000A-80-A',601,,192894,25,0,10,2,33,,192907,25,0,10,1,73,,192873,25,0,10,1,34,,192895,25,0,10,2,72,,192883,25,0,10,1,32,,192874,25,0,10,1,71,,192896,25,0,10,2,30,,192884,25,0,10,1,71,,192875,25,0,10,1,33,,192897,25,0,10,2,71,,192885,25,0,10,1,33,,192876,25,0,10,1,72,,192898,25,0,10,2,33,,192886,25,0,10,1,74,,192877,25,0,10,1,75,,192899,25,0,10,2,35,,192887,25,0,10,1,72,,192908,25,0,10,2,29,,192878,25,0,10,1,73,,192900,25,0,10,2,32,,192889,25,0,10,1,74,,192879,25,0,10,1,30,,192901,25,0,10,2,73,,192890,25,0,10,1,31,,192880,25,0,10,1,72,,192902,25,0,10,2,72,,192891,25,0,10,1,31,,192881,25,0,10,1,70,,192903,25,0,10,2,30,,192892,25,0,10,1,70,,192882,25,0,10,1,30,,192904,25,0,10,2,70,,192893,25,0,10,1,30,,192871,25,0,10,1,70,,192905,25,0,10,2,29,,192909,25,0,10,1,28,,192872,25,0,10,1,73,,192906,25,0,10,2,73,,192888,25,0,10,1
9202,'H51M000I-80-I',527,,192921,25,0,10,1,73,,192910,25,0,10,1,34,,192930,25,0,10,1,72,,192925,25,0,10,2,30,,192911,25,0,10,1,70,,192931,25,0,10,1,32,,192926,25,0,10,2,70,,192912,25,0,10,1,31,,192932,25,0,10,1,70,,192927,25,0,10,2,31,,192913,25,0,10,1,72,,192933,25,0,10,1,32,,192928,25,0,10,2,74,,192914,25,0,10,1,33,,192934,25,0,10,1,73,,192929,25,0,10,2,33,,192915,25,0,10,1,74,,192935,25,0,10,1,73,,192942,25,0,10,2,33,,192916,25,0,10,1,73,,192936,25,0,10,1,33,,192943,25,0,10,2,72,,192917,25,0,10,1,32,,192937,25,0,10,1,72,,192944,25,0,10,2,30,,192918,25,0,10,1,72,,192938,25,0,10,1,32,,192945,25,0,10,2,71,,192919,25,0,10,1,30,,192939,25,0,10,1,72,,192946,25,0,10,2,32,,192920,25,0,10,1,72,,192940,25,0,10,1,71,,192947,25,0,10,2,32,,192922,25,0,10,1,71,,192941,25,0,10,1,32,,192948,25,0,10,2,71,,192923,25,0,10,1,30,,192949,25,0,10,2,70,,192924,25,0,10,1
9202,'H51M000S-80-S',521,,192956,25,0,10,1,26,,192969,25,0,10,1,59,,192976,25,0,10,1,19,,192984,25,0,10,1,17,,192957,25,0,10,1,17,,192986,25,0,10,2,55,,192970,25,0,10,1,16,,192987,25,0,10,2,16,,192977,25,0,10,1,56,,192955,25,0,10,1,15,,192985,25,0,10,1,17,,192958,25,0,10,1,14,,192971,25,0,10,2,75,,192988,25,0,10,2,26,,192978,25,0,10,1,68,,192959,25,0,10,1,28,,192972,25,0,10,2,68,,192989,25,0,10,2,28,,192979,25,0,10,1,69,,192960,25,0,10,1,30,,192973,25,0,10,2,68,,192990,25,0,10,2,28,,192980,25,0,10,1,68,,192961,25,0,10,1,29,,192974,25,0,10,2,67,,192991,25,0,10,2,24,,192995,25,0,10,2,16,,192981,25,0,10,1,16,,192962,25,0,10,1,56,,192996,25,0,10,2,16,,192975,25,0,10,2,23,,192993,25,0,10,2,62,,192992,25,0,10,2,23,,192982,25,0,10,1,23,,192963,25,0,10,1,64,,192997,25,0,10,2,22,,192994,25,0,10,2,66,,192950,25,0,10,1,30,,192964,25,0,10,1,69,,192998,25,0,10,2,27,,192951,25,0,10,1,70,,192965,25,0,10,1,30,,192999,25,0,10,2,70,,192952,25,0,10,1,30,,192966,25,0,10,1,70,,193000,25,0,10,2,30,,192953,25,0,10,1,67,,192967,25,0,10,1,29,,193001,25,0,10,2,70,,192954,25,0,10,1,31,,192968,25,0,10,1,71,,192983,25,0,10,1
36802,'H57M000A-80-A',2638,,214743,61,0,10,1,21,,214741,61,0,10,1,59,,214746,61,0,10,1,29,,214744,61,0,10,1,70,,214742,61,0,10,1,34,,214747,61,0,10,1,83,,214745,61,0,10,1
36802,'H57M000I-80-I',2631,,214749,61,0,10,1,86,,214751,61,0,10,1,85,,214748,61,0,10,1,48,,214750,61,0,10,1,87,,214752,61,0,10,1
36802,'H57M000S-80-S',2634,,214753,61,0,10,1,81,,214754,61,0,10,1,93,,214756,61,0,10,1,100,,214755,61,0,10,1,32,,214757,61,0,10,2
36903,'H50M000A-81-A',2555,,214762,34,0,8,2,70,,214759,34,0,8,1,17,,214758,34,0,8,1,12,,214765,34,0,8,1,51,,214763,34,0,8,2,10,,214768,34,0,8,2,11,,214760,34,0,8,1,13,,214770,34,0,8,1,16,,214766,34,0,8,1,57,,214769,34,0,8,2,14,,214764,34,0,8,2,13,,214761,34,0,8,1,14,,214767,34,0,8,1
36903,'H50M000I-81-I',2554,,214772,34,0,8,1,87,,214775,34,0,8,1,77,,214771,34,0,8,1,24,,214773,34,0,8,1,63,,214776,34,0,8,1,43,,214774,34,0,8,1
36903,'H50M000S-81-S',2556,,214780,34,0,8,1,52,,214777,34,0,8,2,26,,214783,34,0,8,2,22,,214781,34,0,8,1,79,,214778,34,0,8,2,80,,214782,34,0,8,1,37,,214779,34,0,8,2
36903,'H50M000S-81-SV',2620,,214784,34,0,8,1,23,,214785,34,0,8,1,72,,214787,34,0,8,1,40,,214786,34,0,8,1
37202,'H54M000A-80-A',2634,,214903,99,0,10,1,90,,214902,99,0,10,1,85,,214901,99,0,10,1,44,,214904,99,0,10,1,90,,214905,99,0,10,1
37202,'H54M000I-81-I',2639,,214909,99,0,10,2,85,,214907,99,0,10,1,86,,214906,99,0,10,1,46,,214908,99,0,10,1,89,,214910,99,0,10,1
37202,'H54M000S-81-S',2616,,214911,99,0,10,1,40,,214913,99,0,10,2,80,,214915,99,0,10,1,82,,214914,99,0,10,1,86,,214916,99,0,10,1,49,,214912,99,0,10,1
