7902,'H58U000A-80-A',519,,241064,34,0,10,1,33,,241076,34,0,10,2,65,,241086,34,0,10,1,25,,241062,34,0,10,2,67,,241044,34,0,10,1,20,,241077,34,0,10,2,25,,241059,34,0,10,2,67,,241068,34,0,10,1,30,,241045,34,0,10,2,70,,241078,34,0,10,2,30,,241070,34,0,10,1,70,,241073,34,0,10,1,30,,241079,34,0,10,1,70,,241053,34,0,10,1,30,,241071,34,0,10,1,70,,241074,34,0,10,1,30,,241080,34,0,10,1,70,,241054,34,0,10,1,30,,241057,34,0,10,1,70,,241075,34,0,10,1,32,,241081,34,0,10,1,73,,241085,34,0,10,2,28,,241048,34,0,10,1,68,,241060,34,0,10,2,29,,241082,34,0,10,1,70,,241058,34,0,10,1,30,,241049,34,0,10,1,70,,241072,34,0,10,1,30,,241046,34,0,10,1,70,,241065,34,0,10,1,30,,241050,34,0,10,1,70,,241083,34,0,10,2,30,,241047,34,0,10,1,70,,241066,34,0,10,1,30,,241051,34,0,10,1,70,,241084,34,0,10,2,30,,241055,34,0,10,1,69,,241056,34,0,10,1,30,,241067,34,0,10,2,70,,241061,34,0,10,2,30,,241063,34,0,10,2,70,,241052,34,0,10,1,30,,241069,34,0,10,1
7902,'H58U000I-80-I',517,,241095,34,0,10,2,34,,241093,34,0,10,1,66,,241090,34,0,10,1,24,,241110,34,0,10,1,64,,241100,34,0,10,1,20,,241087,34,0,10,2,24,,241119,34,0,10,2,70,,241091,34,0,10,1,31,,241103,34,0,10,2,70,,241088,34,0,10,2,30,,241120,34,0,10,2,71,,241092,34,0,10,1,30,,241104,34,0,10,2,70,,241096,34,0,10,1,30,,241121,34,0,10,2,70,,241128,34,0,10,1,30,,241105,34,0,10,2,70,,241122,34,0,10,1,30,,241115,34,0,10,2,72,,241111,34,0,10,1,30,,241106,34,0,10,2,73,,241123,34,0,10,1,29,,241116,34,0,10,2,69,,241112,34,0,10,1,29,,241107,34,0,10,2,70,,241124,34,0,10,1,29,,241117,34,0,10,2,70,,241113,34,0,10,1,30,,241108,34,0,10,2,70,,241125,34,0,10,1,30,,241118,34,0,10,2,70,,241114,34,0,10,1,30,,241109,34,0,10,2,70,,241101,34,0,10,1,30,,241099,34,0,10,1,69,,241094,34,0,10,1,30,,241097,34,0,10,1,70,,241098,34,0,10,2,30,,241127,34,0,10,1,70,,241102,34,0,10,1,30,,241126,34,0,10,1,70,,241089,34,0,10,1
7902,'H58U000S-80-S',516,,241141,34,0,10,2,35,,241142,34,0,10,1,70,,241136,34,0,10,1,25,,241143,34,0,10,2,62,,241140,34,0,10,2,18,,241150,34,0,10,1,17,,241156,34,0,10,2,13,,241129,34,0,10,2,53,,241135,34,0,10,2,15,,241137,34,0,10,1,15,,241158,34,0,10,2,15,,241144,34,0,10,2,67,,241151,34,0,10,1,30,,241130,34,0,10,2,70,,241138,34,0,10,1,30,,241145,34,0,10,2,70,,241152,34,0,10,1,30,,241131,34,0,10,2,70,,241139,34,0,10,1,30,,241146,34,0,10,2,70,,241153,34,0,10,1,30,,241132,34,0,10,2,70,,241155,34,0,10,1,31,,241134,34,0,10,2,74,,241154,34,0,10,1,19,,241133,34,0,10,2,60,,241169,34,0,10,2,19,,241170,34,0,10,2,30,,241164,34,0,10,1,70,,241157,34,0,10,1,30,,241160,34,0,10,1,70,,241171,34,0,10,2,30,,241165,34,0,10,1,69,,241148,34,0,10,2,30,,241161,34,0,10,1,65,,241172,34,0,10,2,30,,241166,34,0,10,1,70,,241149,34,0,10,2,27,,241162,34,0,10,1,70,,241173,34,0,10,2,29,,241167,34,0,10,1,70,,241163,34,0,10,1,30,,241174,34,0,10,2,72,,241168,34,0,10,1,30,,241159,34,0,10,2,70,,241147,34,0,10,1
7902,'H58U100F-80-F1',517,,241183,34,0,10,2,34,,241181,34,0,10,1,66,,241178,34,0,10,1,24,,241198,34,0,10,1,64,,241188,34,0,10,1,20,,241175,34,0,10,2,24,,241207,34,0,10,2,70,,241179,34,0,10,1,31,,241191,34,0,10,2,70,,241176,34,0,10,2,30,,241208,34,0,10,2,71,,241180,34,0,10,1,30,,241192,34,0,10,2,70,,241184,34,0,10,1,30,,241209,34,0,10,2,70,,241216,34,0,10,1,30,,241193,34,0,10,2,70,,241210,34,0,10,1,30,,241203,34,0,10,2,72,,241199,34,0,10,1,30,,241194,34,0,10,2,73,,241211,34,0,10,1,29,,241204,34,0,10,2,69,,241200,34,0,10,1,29,,241195,34,0,10,2,70,,241212,34,0,10,1,29,,241205,34,0,10,2,70,,241201,34,0,10,1,30,,241196,34,0,10,2,70,,241213,34,0,10,1,30,,241206,34,0,10,2,70,,241202,34,0,10,1,30,,241197,34,0,10,2,70,,241189,34,0,10,1,30,,241187,34,0,10,1,69,,241182,34,0,10,1,30,,241185,34,0,10,1,70,,241186,34,0,10,2,30,,241215,34,0,10,1,70,,241190,34,0,10,1,30,,241214,34,0,10,1,70,,241177,34,0,10,1
7902,'H58U200F-80-F2',517,,241227,34,0,10,1,34,,241237,34,0,10,1,66,,241217,34,0,10,2,24,,241247,34,0,10,2,64,,241228,34,0,10,1,20,,241249,34,0,10,2,24,,241238,34,0,10,1,70,,241218,34,0,10,2,31,,241229,34,0,10,1,70,,241250,34,0,10,2,30,,241239,34,0,10,1,71,,241219,34,0,10,2,30,,241230,34,0,10,1,70,,241251,34,0,10,2,30,,241240,34,0,10,1,70,,241220,34,0,10,2,30,,241231,34,0,10,1,70,,241252,34,0,10,2,30,,241241,34,0,10,1,72,,241221,34,0,10,2,30,,241232,34,0,10,1,73,,241253,34,0,10,2,29,,241242,34,0,10,1,69,,241222,34,0,10,2,29,,241233,34,0,10,1,70,,241254,34,0,10,2,29,,241243,34,0,10,1,70,,241223,34,0,10,2,30,,241234,34,0,10,1,70,,241255,34,0,10,2,30,,241244,34,0,10,1,70,,241224,34,0,10,2,30,,241235,34,0,10,1,70,,241256,34,0,10,2,30,,241245,34,0,10,1,69,,241225,34,0,10,2,30,,241236,34,0,10,1,70,,241257,34,0,10,2,30,,241246,34,0,10,1,70,,241226,34,0,10,2,30,,241248,34,0,10,1,70,,241258,34,0,10,2
38202,'H60U000A-85-A',2609,,278033,37,0,10,2,45,,278034,37,0,10,1,85,,278032,37,0,10,1,85,,278035,37,0,10,1
38202,'H60U000I-84-I',2610,,278036,37,0,10,1,45,,278039,37,0,10,1,84,,278037,37,0,10,1,85,,278038,37,0,10,1
38202,'H60U000S-86-S',2610,,278043,37,0,10,2,45,,278042,37,0,10,1,84,,278041,37,0,10,1,85,,278040,37,0,10,1
38202,'H60U100F-85-F1',2610,,278044,37,0,10,1,45,,278047,37,0,10,2,84,,278045,37,0,10,1,85,,278046,37,0,10,1
38202,'H60U200F-83-F2',2610,,278048,37,0,10,1,45,,278051,37,0,10,2,84,,278049,37,0,10,1,85,,278050,37,0,10,1
