10401,'H50M000S-70-S',715,,119136,17,0,5,1,6,,119138,17,0,5,1,37,,119137,17,0,5,1
10401,'H56M000A-70-A',635,,119139,17,0,5,1,74,,119145,17,0,5,1,18,,119143,17,0,5,1,75,,119140,17,0,5,1,35,,119146,17,0,5,1,21,,119144,17,0,5,1,76,,119141,17,0,5,1,81,,119147,17,0,5,1,28,,119166,17,0,5,2,72,,119157,17,0,5,2,41,,119148,17,0,5,1,69,,119167,17,0,5,2,77,,119158,17,0,5,2,38,,119149,17,0,5,1,69,,119168,17,0,5,2,37,,119159,17,0,5,2,78,,119150,17,0,5,1,29,,119169,17,0,5,2,77,,119160,17,0,5,2,78,,119151,17,0,5,1,31,,119170,17,0,5,2,72,,119161,17,0,5,2,39,,119152,17,0,5,1,70,,119171,17,0,5,2,31,,119162,17,0,5,2,73,,119153,17,0,5,1,29,,119172,17,0,5,2,70,,119163,17,0,5,2,33,,119154,17,0,5,1,68,,119173,17,0,5,2,29,,119164,17,0,5,2,71,,119155,17,0,5,1,30,,119174,17,0,5,1,68,,119165,17,0,5,2,28,,119156,17,0,5,1,69,,119142,17,0,5,2
10401,'H56M000I-70-I',649,,119175,17,0,5,1,70,,119177,17,0,5,2,81,,119179,17,0,5,1,36,,119176,17,0,5,1,14,,119178,17,0,5,2,80,,119180,17,0,5,1,84,,119198,17,0,5,1,38,,119204,17,0,5,1,55,,119188,17,0,5,1,43,,119199,17,0,5,1,83,,119205,17,0,5,1,80,,119194,17,0,5,1,16,,119200,17,0,5,1,85,,119206,17,0,5,1,41,,119195,17,0,5,1,82,,119182,17,0,5,1,19,,119207,17,0,5,1,81,,119196,17,0,5,1,82,,119183,17,0,5,1,40,,119189,17,0,5,1,56,,119197,17,0,5,1,37,,119184,17,0,5,1,83,,119190,17,0,5,1,73,,119201,17,0,5,1,18,,119185,17,0,5,1,77,,119191,17,0,5,1,32,,119202,17,0,5,1,72,,119186,17,0,5,1,33,,119192,17,0,5,1,72,,119203,17,0,5,1,33,,119187,17,0,5,1,73,,119193,17,0,5,1,32,,119181,17,0,5,1
10401,'H56M000S-70-S',628,,119243,17,0,5,1,25,,119222,17,0,5,1,50,,119208,17,0,5,2,24,,119244,17,0,5,1,6,,119212,17,0,5,1,6,,119219,17,0,5,2,7,,119242,17,0,5,2,6,,119227,17,0,5,1,70,,119228,17,0,5,1,13,,119233,17,0,5,2,105,,119234,17,0,5,1,76,,119229,17,0,5,1,35,,119213,17,0,5,1,75,,119235,17,0,5,1,76,,119230,17,0,5,1,36,,119214,17,0,5,1,76,,119236,17,0,5,1,39,,119231,17,0,5,1,78,,119215,17,0,5,1,79,,119237,17,0,5,1,42,,119232,17,0,5,1,77,,119239,17,0,5,2,75,,119245,17,0,5,1,41,,119240,17,0,5,1,79,,119220,17,0,5,2,79,,119238,17,0,5,1,33,,119241,17,0,5,1,75,,119221,17,0,5,2,30,,119223,17,0,5,1,72,,119216,17,0,5,1,32,,119209,17,0,5,2,70,,119224,17,0,5,1,31,,119217,17,0,5,1,69,,119210,17,0,5,2,29,,119225,17,0,5,1,69,,119218,17,0,5,1,27,,119211,17,0,5,2,66,,119226,17,0,5,1
10401,'H56M100F-70-F1',649,,119255,17,0,5,1,70,,119246,17,0,5,2,81,,119276,17,0,5,1,36,,119261,17,0,5,2,14,,119247,17,0,5,2,80,,119277,17,0,5,1,84,,119262,17,0,5,2,38,,119265,17,0,5,1,55,,119278,17,0,5,1,43,,119263,17,0,5,2,83,,119266,17,0,5,1,80,,119269,17,0,5,1,16,,119264,17,0,5,2,85,,119267,17,0,5,1,41,,119270,17,0,5,1,82,,119249,17,0,5,2,19,,119268,17,0,5,1,81,,119271,17,0,5,1,82,,119250,17,0,5,2,40,,119256,17,0,5,1,56,,119272,17,0,5,1,37,,119251,17,0,5,2,83,,119257,17,0,5,1,73,,119273,17,0,5,1,18,,119252,17,0,5,2,77,,119258,17,0,5,1,32,,119274,17,0,5,1,72,,119253,17,0,5,2,33,,119259,17,0,5,1,72,,119275,17,0,5,1,33,,119254,17,0,5,2,73,,119260,17,0,5,1,32,,119248,17,0,5,1
10401,'H56M200F-70-F2',649,,119288,17,0,5,1,70,,119279,17,0,5,2,81,,119309,17,0,5,1,36,,119294,17,0,5,2,14,,119280,17,0,5,2,80,,119310,17,0,5,1,84,,119295,17,0,5,2,38,,119298,17,0,5,1,55,,119311,17,0,5,1,43,,119296,17,0,5,2,83,,119299,17,0,5,1,80,,119302,17,0,5,1,16,,119297,17,0,5,2,85,,119300,17,0,5,1,41,,119303,17,0,5,1,82,,119282,17,0,5,2,19,,119301,17,0,5,1,81,,119304,17,0,5,1,82,,119283,17,0,5,2,40,,119289,17,0,5,1,56,,119305,17,0,5,1,37,,119284,17,0,5,2,83,,119290,17,0,5,1,73,,119306,17,0,5,1,18,,119286,17,0,5,2,77,,119291,17,0,5,1,32,,119307,17,0,5,1,72,,119285,17,0,5,2,33,,119292,17,0,5,1,72,,119308,17,0,5,1,33,,119287,17,0,5,2,73,,119293,17,0,5,1,32,,119281,17,0,5,1
10401,'H56M300F-70-F3',649,,119312,17,0,5,1,70,,119314,17,0,5,2,81,,119316,17,0,5,1,36,,119313,17,0,5,1,14,,119315,17,0,5,2,80,,119317,17,0,5,1,84,,119335,17,0,5,1,38,,119341,17,0,5,1,55,,119325,17,0,5,1,43,,119336,17,0,5,1,83,,119342,17,0,5,1,80,,119331,17,0,5,1,16,,119337,17,0,5,1,85,,119343,17,0,5,1,41,,119332,17,0,5,1,82,,119319,17,0,5,1,19,,119344,17,0,5,1,81,,119333,17,0,5,1,82,,119320,17,0,5,1,40,,119326,17,0,5,1,56,,119334,17,0,5,1,37,,119321,17,0,5,1,83,,119327,17,0,5,1,73,,119338,17,0,5,1,18,,119322,17,0,5,1,77,,119328,17,0,5,1,32,,119339,17,0,5,1,72,,119323,17,0,5,1,33,,119329,17,0,5,1,72,,119340,17,0,5,1,33,,119324,17,0,5,1,73,,119330,17,0,5,1,32,,119318,17,0,5,1
10401,'H57M000S-70-S',904,,119345,17,0,5,1
13801,'H56M000A-70-A',612,,129793,17,0,5,1,40,,129784,17,0,5,1,81,,129794,17,0,5,1,86,,129785,17,0,5,1,83,,129795,17,0,5,1,45,,129786,17,0,5,1,87,,129796,17,0,5,1,89,,129787,17,0,5,1,89,,129797,17,0,5,1,88,,129788,17,0,5,1,51,,129798,17,0,5,1,88,,129789,17,0,5,1,90,,129799,17,0,5,1,90,,129790,17,0,5,1,90,,129800,17,0,5,1,48,,129791,17,0,5,1,86,,129801,17,0,5,1,86,,129792,17,0,5,1,86,,129802,17,0,5,1
13801,'H56M000I-70-I',621,,129803,17,0,5,1,38,,129812,17,0,5,1,79,,129804,17,0,5,1,81,,129813,17,0,5,1,84,,129805,17,0,5,1,48,,129814,17,0,5,1,82,,129806,17,0,5,1,88,,129815,17,0,5,1,89,,129807,17,0,5,1,43,,129809,17,0,5,1,91,,129808,17,0,5,1,88,,129810,17,0,5,1,89,,129817,17,0,5,1,87,,129811,17,0,5,1,47,,129818,17,0,5,1,86,,129820,17,0,5,1,89,,129819,17,0,5,1,85,,129821,17,0,5,1,85,,129816,17,0,5,1,44,,129822,17,0,5,1
13801,'H56M000S-70-S',601,,129823,17,0,5,1,41,,129843,17,0,5,1,68,,129854,17,0,5,1,31,,129855,17,0,5,1,67,,129824,17,0,5,1,39,,129844,17,0,5,1,76,,129833,17,0,5,1,33,,129825,17,0,5,1,75,,129845,17,0,5,1,76,,129834,17,0,5,1,36,,129826,17,0,5,1,76,,129846,17,0,5,1,37,,129835,17,0,5,1,77,,129827,17,0,5,1,78,,129847,17,0,5,1,36,,129836,17,0,5,1,77,,129828,17,0,5,1,81,,129848,17,0,5,1,42,,129837,17,0,5,1,78,,129829,17,0,5,1,80,,129849,17,0,5,1,39,,129838,17,0,5,1,75,,129830,17,0,5,1,34,,129850,17,0,5,1,73,,129839,17,0,5,1,30,,129831,17,0,5,1,72,,129851,17,0,5,1,72,,129840,17,0,5,1,30,,129832,17,0,5,1,71,,129852,17,0,5,1,30,,129841,17,0,5,1,27,,129856,17,0,5,1,68,,129853,17,0,5,1,27,,129842,17,0,5,1,65,,129857,17,0,5,1
13801,'H56M100F-70-F1',621,,129863,17,0,5,1,38,,129858,17,0,5,1,79,,129865,17,0,5,1,81,,129859,17,0,5,1,84,,129864,17,0,5,1,48,,129860,17,0,5,1,82,,129866,17,0,5,1,88,,129861,17,0,5,1,89,,129867,17,0,5,1,43,,129872,17,0,5,1,91,,129868,17,0,5,1,88,,129873,17,0,5,1,89,,129869,17,0,5,1,87,,129874,17,0,5,1,47,,129870,17,0,5,1,86,,129875,17,0,5,1,89,,129871,17,0,5,1,85,,129877,17,0,5,1,85,,129862,17,0,5,1,44,,129876,17,0,5,1
13801,'H56M200F-70-F2',621,,129883,17,0,5,1,38,,129878,17,0,5,1,79,,129884,17,0,5,1,81,,129879,17,0,5,1,84,,129885,17,0,5,1,48,,129880,17,0,5,1,82,,129886,17,0,5,1,88,,129881,17,0,5,1,89,,129887,17,0,5,1,43,,129892,17,0,5,1,91,,129888,17,0,5,1,88,,129893,17,0,5,1,89,,129889,17,0,5,1,87,,129894,17,0,5,1,47,,129890,17,0,5,1,86,,129895,17,0,5,1,89,,129891,17,0,5,1,85,,129896,17,0,5,1,85,,129882,17,0,5,1,44,,129897,17,0,5,1
13801,'H56M300F-70-F3',621,,129898,17,0,5,1,38,,129907,17,0,5,1,79,,129899,17,0,5,1,81,,129908,17,0,5,1,84,,129900,17,0,5,1,48,,129909,17,0,5,1,82,,129901,17,0,5,1,88,,129910,17,0,5,1,89,,129902,17,0,5,1,43,,129904,17,0,5,1,91,,129903,17,0,5,1,88,,129905,17,0,5,1,89,,129912,17,0,5,1,87,,129906,17,0,5,1,47,,129913,17,0,5,1,86,,129915,17,0,5,1,89,,129914,17,0,5,1,85,,129916,17,0,5,1,85,,129911,17,0,5,1,44,,129917,17,0,5,1
