'25N-H56NV10S-80-S',20502,52800,4,'',1
'25N-H56NV20S-80-S',20502,52800,4,'',1
'25N-H60N100F-81-F1',20501,64400,,'',1,7000,,'',1,3100,,'',1,7000,,'',1,3100,,'',1,7000,,'',1,3100,,'',1,7000,,'',1,3100,,'',1,7300,,'',1,3400,,'',1,7600,,'',1,7600,,'',2,3500,,'',1,7600,,'',2,3600,,'',1,7500,,'',1,7500,,'',1,3600,,'',1,7600,,'',1,3600,,'',1,7600,,'',1,7500,,'',1,3400,,'',1,7300,,'',1,3300,,'',1,7300,,'',1,3300,,'',1,7300,,'',1,3300,,'',1,7300,,'',1,7200,,'',1
'25N-H60N100F-81-F1',20502,64100,4,'',1,7000,4,'',1,3000,4,'',1,7000,4,'',1,3200,4,'',1,7000,4,'',1,3100,4,'',1,7000,4,'',1,3100,4,'',1,7300,4,'',1,3100,4,'',1,7400,4,'',1,3500,4,'',1,7600,4,'',1,7600,4,'',2,3600,4,'',1,7600,4,'',2,3500,4,'',1,7600,4,'',1,7500,4,'',1,3600,4,'',1,7600,4,'',1,3500,4,'',1,7500,4,'',1,7500,4,'',1,3500,4,'',1,7300,4,'',1,3300,4,'',1,7200,4,'',1,3300,4,'',1,7200,4,'',1,3100,4,'',1,7100,4,'',1
'25N-H60N200F-81-F2',20501,64400,,'',1,7000,,'',1,3100,,'',1,7000,,'',1,3100,,'',1,7000,,'',1,3100,,'',1,7000,,'',1,3100,,'',1,7300,,'',1,3400,,'',1,7600,,'',1,7600,,'',1,3500,,'',1,7600,,'',1,3600,,'',1,7500,,'',1,7500,,'',1,3600,,'',1,7600,,'',1,3600,,'',1,7600,,'',1,7500,,'',2,3400,,'',1,7300,,'',2,3300,,'',1,7300,,'',2,3300,,'',1,7300,,'',2,3300,,'',1,7300,,'',2,7200,,'',1
'25N-H60N200F-81-F2',20502,64100,4,'',1,7000,4,'',1,3000,4,'',1,7000,4,'',1,3200,4,'',1,7000,4,'',1,3100,4,'',1,7000,4,'',1,3100,4,'',1,7300,4,'',1,3100,4,'',1,7400,4,'',1,3500,4,'',1,7600,4,'',1,7600,4,'',1,3600,4,'',1,7600,4,'',1,3500,4,'',1,7600,4,'',1,7500,4,'',1,3600,4,'',1,7600,4,'',1,3500,4,'',1,7500,4,'',1,7500,4,'',2,3500,4,'',1,7300,4,'',2,3300,4,'',1,7200,4,'',2,3300,4,'',1,7200,4,'',2,3100,4,'',1,7100,4,'',2
'25N-H60N300F-82-F3',20501,64400,,'',1,7000,,'',1,3100,,'',1,7000,,'',1,3100,,'',1,7000,,'',1,3100,,'',1,7000,,'',1,3100,,'',1,7300,,'',1,3400,,'',1,7600,,'',1,7600,,'',2,3500,,'',1,7600,,'',2,3600,,'',1,7500,,'',1,7500,,'',1,3600,,'',1,7600,,'',1,3600,,'',1,7600,,'',1,7500,,'',1,3400,,'',1,7300,,'',1,3300,,'',1,7300,,'',1,3300,,'',1,7300,,'',1,3300,,'',1,7300,,'',1,7200,,'',1
'25N-H60N300F-82-F3',20502,64100,4,'',1,7000,4,'',1,3000,4,'',1,7000,4,'',1,3200,4,'',1,7000,4,'',1,3100,4,'',1,7000,4,'',1,3100,4,'',1,7300,4,'',1,3100,4,'',1,7400,4,'',1,3500,4,'',1,7600,4,'',1,7600,4,'',2,3600,4,'',1,7600,4,'',2,3500,4,'',1,7600,4,'',1,7500,4,'',1,3600,4,'',1,7600,4,'',1,3500,4,'',1,7500,4,'',1,7500,4,'',1,3500,4,'',1,7300,4,'',1,3300,4,'',1,7200,4,'',1,3300,4,'',1,7200,4,'',1,3100,4,'',1,7100,4,'',1
'25N-H60N400F-81-F4',20501,64400,,'',1,7000,,'',1,3100,,'',1,7000,,'',1,3100,,'',1,7000,,'',1,3100,,'',1,7000,,'',1,3100,,'',1,7300,,'',1,3400,,'',1,7600,,'',1,7600,,'',1,3500,,'',1,7600,,'',1,3600,,'',1,7500,,'',1,7500,,'',1,3600,,'',1,7600,,'',1,3600,,'',1,7600,,'',1,7500,,'',2,3400,,'',1,7300,,'',2,3300,,'',1,7300,,'',2,3300,,'',1,7300,,'',2,3300,,'',1,7300,,'',2,7200,,'',1
'25N-H60N400F-81-F4',20502,64100,4,'',1,7000,4,'',1,3000,4,'',1,7000,4,'',1,3200,4,'',1,7000,4,'',1,3100,4,'',1,7000,4,'',1,3100,4,'',1,7300,4,'',1,3100,4,'',1,7400,4,'',1,3500,4,'',1,7600,4,'',1,7600,4,'',1,3600,4,'',1,7600,4,'',1,3500,4,'',1,7600,4,'',1,7500,4,'',1,3600,4,'',1,7600,4,'',1,3500,4,'',1,7500,4,'',1,7500,4,'',2,3500,4,'',1,7300,4,'',2,3300,4,'',1,7200,4,'',2,3300,4,'',1,7200,4,'',2,3100,4,'',1,7100,4,'',2
'25N-H60NV10A-80-A',20501,53000,,'',2,7000,,'',1,3000,,'',2,7100,,'',1,3100,,'',2,7100,,'',1,3100,,'',2,7100,,'',1,3100,,'',2,7200,,'',1,3100,,'',2,7500,,'',1,3500,,'',2,7500,,'',1,3500,,'',2,7500,,'',1,7600,,'',2,3600,,'',1,7600,,'',2,3600,,'',1,7600,,'',2,7500,,'',1,3500,,'',2,7500,,'',1,3500,,'',1,7500,,'',1,7400,,'',1,3300,,'',1,7400,,'',1,3400,,'',1,7400,,'',1,3400,,'',1,7400,,'',1,7400,,'',1
'25N-H60NV10A-80-A',20502,52500,4,'',2,3000,4,'',1,7200,4,'',2,3000,4,'',1,7000,4,'',2,3100,4,'',1,7100,4,'',2,7300,4,'',1,3100,4,'',2,7200,4,'',1,3100,4,'',2,7500,4,'',1,3500,4,'',2,7500,4,'',1,3500,4,'',2,7500,4,'',1,7500,4,'',2,3500,4,'',1,7600,4,'',2,3600,4,'',1,7500,4,'',2,7600,4,'',1,3500,4,'',2,7500,4,'',1,3300,4,'',2,7500,4,'',1,3400,4,'',1,7400,4,'',1,7300,4,'',1,3300,4,'',1,7400,4,'',1,3300,4,'',1,7300,4,'',1,3400,4,'',1,7500,4,'',1
'25N-H60NV10I-80-I',20501,64400,,'',2,7000,,'',1,3100,,'',2,7000,,'',1,3100,,'',2,7000,,'',1,3100,,'',2,7000,,'',2,3100,,'',1,7300,,'',1,3400,,'',1,7600,,'',1,7600,,'',1,3500,,'',1,7600,,'',1,3600,,'',1,7500,,'',1,7500,,'',1,3600,,'',1,7600,,'',1,3600,,'',1,7600,,'',1,7500,,'',1,3400,,'',1,7300,,'',1,3300,,'',1,7300,,'',1,3300,,'',1,7300,,'',1,3300,,'',1,7300,,'',1,7200,,'',1
'25N-H60NV10I-80-I',20502,64100,4,'',2,7000,4,'',1,3000,4,'',2,7000,4,'',1,3200,4,'',2,7000,4,'',1,3100,4,'',2,7000,4,'',1,3100,4,'',2,7300,4,'',2,3100,4,'',1,7400,4,'',1,3500,4,'',1,7600,4,'',1,7600,4,'',1,3600,4,'',1,7600,4,'',1,3500,4,'',1,7600,4,'',1,7500,4,'',1,3600,4,'',1,7600,4,'',1,3500,4,'',1,7500,4,'',1,7500,4,'',1,3500,4,'',1,7300,4,'',1,3300,4,'',1,7200,4,'',1,3300,4,'',1,7200,4,'',1,3100,4,'',1,7100,4,'',1
'25N-H60NV10S-83-S',20501,50000,,'',1,3100,,'',1,7200,,'',1,3300,,'',1,7300,,'',1,3300,,'',1,7000,,'',1,2900,,'',1,6900,,'',1,2900,,'',1,7000,,'',1,2900,,'',1,6900,,'',1,3000,,'',1,7000,,'',1,3100,,'',1,7000,,'',1,2900,,'',1,6900,,'',1,2900,,'',1,7000,,'',2,3000,,'',2,6800,,'',1,2800,,'',2,2600,,'',2,6700,,'',1,2700,,'',2,6700,,'',2,2900,,'',1,6900,,'',1,3100,,'',1,7300,,'',2,3300,,'',1,7200,,'',2,3200,,'',1,7200,,'',2,7100,,'',1,3100,,'',2,7400,,'',1
'25N-H60NV10S-83-S',20502,45500,4,'',1,14500,4,'',1,3300,4,'',1,7500,4,'',1,3200,4,'',2,6700,4,'',1,2800,4,'',1,6700,4,'',1,2600,4,'',1,2800,4,'',1,6900,4,'',1,3100,4,'',1,7100,4,'',1,3200,4,'',1,7300,4,'',1,7300,4,'',1,3300,4,'',1,7400,4,'',1,3400,4,'',1,7300,4,'',2,3300,4,'',1,7200,4,'',2,2800,4,'',2,6800,4,'',1,2600,4,'',2,6500,4,'',2,2500,4,'',1,6600,4,'',2,2600,4,'',2,2600,4,'',1,6800,4,'',1,2800,4,'',1,7100,4,'',2,3200,4,'',1,7100,4,'',2,3200,4,'',1,7200,4,'',2,3100,4,'',1,7000,4,'',2
'25N-H60NV20A-80-A',20501,53000,,'',2,7000,,'',1,3000,,'',2,7100,,'',1,3100,,'',2,7100,,'',1,3100,,'',2,7100,,'',1,3100,,'',2,7200,,'',1,3100,,'',2,7500,,'',1,3500,,'',2,7500,,'',1,3500,,'',2,7500,,'',1,7600,,'',2,3600,,'',1,7600,,'',2,3600,,'',1,7600,,'',2,7500,,'',1,3500,,'',2,7500,,'',1,3500,,'',1,7500,,'',1,7400,,'',1,3300,,'',1,7400,,'',1,3400,,'',1,7400,,'',1,3400,,'',1,7400,,'',1,7400,,'',1
'25N-H60NV20A-80-A',20502,52500,4,'',2,3000,4,'',1,7200,4,'',2,3000,4,'',1,7000,4,'',2,3100,4,'',1,7100,4,'',2,7300,4,'',1,3100,4,'',2,7200,4,'',1,3100,4,'',2,7500,4,'',1,3500,4,'',2,7500,4,'',1,3500,4,'',2,7500,4,'',1,7500,4,'',2,3500,4,'',1,7600,4,'',2,3600,4,'',1,7500,4,'',2,7600,4,'',1,3500,4,'',2,7500,4,'',1,3300,4,'',2,7500,4,'',1,3400,4,'',1,7400,4,'',1,7300,4,'',1,3300,4,'',1,7400,4,'',1,3300,4,'',1,7300,4,'',1,3400,4,'',1,7500,4,'',1
'25N-H60NV20I-80-I',20501,64400,,'',2,7000,,'',1,3100,,'',2,7000,,'',1,3100,,'',2,7000,,'',1,3100,,'',2,7000,,'',2,3100,,'',1,7300,,'',1,3400,,'',1,7600,,'',1,7600,,'',1,3500,,'',1,7600,,'',1,3600,,'',1,7500,,'',1,7500,,'',1,3600,,'',1,7600,,'',1,3600,,'',1,7600,,'',1,7500,,'',1,3400,,'',1,7300,,'',1,3300,,'',1,7300,,'',1,3300,,'',1,7300,,'',1,3300,,'',1,7300,,'',1,7200,,'',1
'25N-H60NV20I-80-I',20502,64100,4,'',2,7000,4,'',1,3000,4,'',2,7000,4,'',1,3200,4,'',2,7000,4,'',1,3100,4,'',2,7000,4,'',1,3100,4,'',2,7300,4,'',2,3100,4,'',1,7400,4,'',1,3500,4,'',1,7600,4,'',1,7600,4,'',1,3600,4,'',1,7600,4,'',1,3500,4,'',1,7600,4,'',1,7500,4,'',1,3600,4,'',1,7600,4,'',1,3500,4,'',1,7500,4,'',1,7500,4,'',1,3500,4,'',1,7300,4,'',1,3300,4,'',1,7200,4,'',1,3300,4,'',1,7200,4,'',1,3100,4,'',1,7100,4,'',1
'25N-H60NV20S-80-S',20501,50000,,'',1,3100,,'',1,7200,,'',1,3300,,'',1,7300,,'',1,3300,,'',1,7000,,'',1,2900,,'',1,6900,,'',1,2900,,'',1,7000,,'',1,2900,,'',1,6900,,'',1,3000,,'',1,7000,,'',1,3100,,'',1,7000,,'',1,2900,,'',1,6900,,'',1,2900,,'',1,7000,,'',2,3000,,'',2,6800,,'',1,2800,,'',2,2600,,'',2,6700,,'',1,2700,,'',2,6700,,'',2,2900,,'',1,6900,,'',1,3100,,'',1,7300,,'',2,3300,,'',1,7200,,'',2,3200,,'',1,7200,,'',2,7100,,'',1,3100,,'',2,7400,,'',1
'25N-H60NV20S-80-S',20502,45500,4,'',1,14500,4,'',1,3300,4,'',1,7500,4,'',1,3200,4,'',2,6700,4,'',1,2800,4,'',1,6700,4,'',1,2600,4,'',1,2800,4,'',1,6900,4,'',1,3100,4,'',1,7100,4,'',1,3200,4,'',1,7300,4,'',1,7300,4,'',1,3300,4,'',1,7400,4,'',1,3400,4,'',1,7300,4,'',2,3300,4,'',1,7200,4,'',2,2800,4,'',2,6800,4,'',1,2600,4,'',2,6500,4,'',2,2500,4,'',1,6600,4,'',2,2600,4,'',2,2600,4,'',1,6800,4,'',1,2800,4,'',1,7100,4,'',2,3200,4,'',1,7100,4,'',2,3200,4,'',1,7200,4,'',2,3100,4,'',1,7000,4,'',2
'25N-H60N100F-81-F1',20601,70000,,'',1,3000,,'',1,7000,,'',1,3000,,'',1,7000,,'',1,3000,,'',1,7000,,'',1,3000,,'',1,7000,,'',1,3000,,'',1,7000,,'',1,3000,,'',1,7000,,'',1,3000,,'',1,7000,,'',1,3000,,'',1,7000,,'',1,3000,,'',1,7000,,'',1,3000,,'',1,7000,,'',1,3000,,'',1,7000,,'',1,3000,,'',1,7000,,'',1,3000,,'',1,7000,,'',1,3000,,'',1,7000,,'',1,3000,,'',1,7000,,'',1,10000,,'',1,10000,,'',1
'25N-H60N100F-81-F1',20602,75400,4,'',1,7000,4,'',1,3000,4,'',1,7000,4,'',1,3000,4,'',1,7000,4,'',1,3000,4,'',1,7000,4,'',1,3000,4,'',1,7000,4,'',1,3000,4,'',1,7000,4,'',1,3000,4,'',1,7000,4,'',1,3000,4,'',1,7000,4,'',1,3000,4,'',1,7000,4,'',1,2900,4,'',1,7000,4,'',1,3000,4,'',1,7000,4,'',1,2900,4,'',1,7000,4,'',1,3000,4,'',1,7000,4,'',1,3000,4,'',1,7000,4,'',1,3000,4,'',1,7000,4,'',1,3000,4,'',1,10000,4,'',1
'25N-H60N200F-81-F2',20601,70000,,'',1,3000,,'',1,7000,,'',1,3000,,'',1,7000,,'',1,3000,,'',1,7000,,'',1,3000,,'',1,7000,,'',1,3000,,'',1,7000,,'',1,3000,,'',1,7000,,'',1,3000,,'',1,7000,,'',1,3000,,'',1,7000,,'',1,3000,,'',1,7000,,'',1,3000,,'',1,7000,,'',1,3000,,'',1,7000,,'',1,3000,,'',1,7000,,'',1,3000,,'',1,7000,,'',1,3000,,'',1,7000,,'',1,3000,,'',1,7000,,'',1,10000,,'',1,10000,,'',1
'25N-H60N200F-81-F2',20602,75400,4,'',1,7000,4,'',1,3000,4,'',1,7000,4,'',1,3000,4,'',1,7000,4,'',1,3000,4,'',1,7000,4,'',1,3000,4,'',1,7000,4,'',1,3000,4,'',1,7000,4,'',1,3000,4,'',1,7000,4,'',1,3000,4,'',1,7000,4,'',1,3000,4,'',1,7000,4,'',1,2900,4,'',1,7000,4,'',1,3000,4,'',1,7000,4,'',1,2900,4,'',1,7000,4,'',1,3000,4,'',1,7000,4,'',1,3000,4,'',1,7000,4,'',1,3000,4,'',1,7000,4,'',1,3000,4,'',1,10000,4,'',1
'25N-H60N300F-82-F3',20601,70000,,'',1,3000,,'',1,7000,,'',1,3000,,'',1,7000,,'',1,3000,,'',1,7000,,'',1,3000,,'',1,7000,,'',1,3000,,'',1,7000,,'',1,3000,,'',1,7000,,'',1,3000,,'',1,7000,,'',1,3000,,'',1,7000,,'',1,3000,,'',1,7000,,'',1,3000,,'',1,7000,,'',1,3000,,'',1,7000,,'',1,3000,,'',1,7000,,'',1,3000,,'',1,7000,,'',1,3000,,'',1,7000,,'',1,3000,,'',1,7000,,'',1,10000,,'',1,10000,,'',1
'25N-H60N300F-82-F3',20602,75400,4,'',1,7000,4,'',1,3000,4,'',1,7000,4,'',1,3000,4,'',1,7000,4,'',1,3000,4,'',1,7000,4,'',1,3000,4,'',1,7000,4,'',1,3000,4,'',1,7000,4,'',1,3000,4,'',1,7000,4,'',1,3000,4,'',1,7000,4,'',1,3000,4,'',1,7000,4,'',1,2900,4,'',1,7000,4,'',1,3000,4,'',1,7000,4,'',1,2900,4,'',1,7000,4,'',1,3000,4,'',1,7000,4,'',1,3000,4,'',1,7000,4,'',1,3000,4,'',1,7000,4,'',1,3000,4,'',1,10000,4,'',1
'25N-H60N400F-81-F4',20601,70000,,'',1,3000,,'',1,7000,,'',1,3000,,'',1,7000,,'',1,3000,,'',1,7000,,'',1,3000,,'',1,7000,,'',1,3000,,'',1,7000,,'',1,3000,,'',1,7000,,'',1,3000,,'',1,7000,,'',1,3000,,'',1,7000,,'',1,3000,,'',1,7000,,'',1,3000,,'',1,7000,,'',1,3000,,'',1,7000,,'',1,3000,,'',1,7000,,'',1,3000,,'',1,7000,,'',1,3000,,'',1,7000,,'',1,3000,,'',1,7000,,'',1,10000,,'',1,10000,,'',1
'25N-H60N400F-81-F4',20602,75400,4,'',1,7000,4,'',1,3000,4,'',1,7000,4,'',1,3000,4,'',1,7000,4,'',1,3000,4,'',1,7000,4,'',1,3000,4,'',1,7000,4,'',1,3000,4,'',1,7000,4,'',1,3000,4,'',1,7000,4,'',1,3000,4,'',1,7000,4,'',1,3000,4,'',1,7000,4,'',1,2900,4,'',1,7000,4,'',1,3000,4,'',1,7000,4,'',1,2900,4,'',1,7000,4,'',1,3000,4,'',1,7000,4,'',1,3000,4,'',1,7000,4,'',1,3000,4,'',1,7000,4,'',1,3000,4,'',1,10000,4,'',1
'25N-H60NV10A-80-A',20601,63000,,'',1,7000,,'',1,3000,,'',1,7000,,'',1,3000,,'',1,7000,,'',1,3000,,'',1,7000,,'',1,3000,,'',1,7000,,'',1,3000,,'',1,7000,,'',1,3000,,'',1,7000,,'',1,3000,,'',1,7000,,'',1,3000,,'',1,7000,,'',1,3000,,'',1,7000,,'',1,3000,,'',1,7000,,'',1,3000,,'',1,7000,,'',1,3000,,'',1,7000,,'',1,3000,,'',1,7000,,'',1,3000,,'',1,7000,,'',1,3000,,'',1,7000,,'',1,10000,,'',1,10000,,'',1
'25N-H60NV10A-80-A',20602,72400,4,'',1,3000,4,'',1,7000,4,'',1,3000,4,'',1,7100,4,'',1,3100,4,'',1,7000,4,'',1,3000,4,'',1,6900,4,'',1,3000,4,'',1,7000,4,'',1,3000,4,'',1,7000,4,'',1,3000,4,'',1,7000,4,'',1,3000,4,'',1,7000,4,'',1,3000,4,'',1,7000,4,'',1,3000,4,'',1,7000,4,'',1,3000,4,'',1,6900,4,'',1,3000,4,'',1,7000,4,'',1,3000,4,'',1,7000,4,'',1,3000,4,'',1,7000,4,'',1,3000,4,'',1,7000,4,'',1,3000,4,'',1,10000,4,'',1
'25N-H60NV10I-80-I',20601,70000,,'',1,3000,,'',1,7000,,'',1,3000,,'',1,7000,,'',1,3000,,'',1,7000,,'',1,3000,,'',1,7000,,'',1,3000,,'',1,7000,,'',1,3000,,'',1,7000,,'',1,3000,,'',1,7000,,'',1,3000,,'',1,7000,,'',1,3000,,'',1,7000,,'',1,3000,,'',1,7000,,'',1,3000,,'',1,7000,,'',1,3000,,'',1,7000,,'',1,3000,,'',1,7000,,'',1,3000,,'',1,7000,,'',1,3000,,'',1,7000,,'',1,10000,,'',1,10000,,'',1
'25N-H60NV10I-80-I',20602,75400,4,'',1,7000,4,'',1,3000,4,'',1,7000,4,'',1,3000,4,'',1,7000,4,'',1,3000,4,'',1,7000,4,'',1,3000,4,'',1,7000,4,'',1,3000,4,'',1,7000,4,'',1,3000,4,'',1,7000,4,'',1,3000,4,'',1,7000,4,'',1,3000,4,'',1,7000,4,'',1,2900,4,'',1,7000,4,'',1,3000,4,'',1,7000,4,'',1,2900,4,'',1,7000,4,'',1,3000,4,'',1,7000,4,'',1,3000,4,'',1,7000,4,'',1,3000,4,'',1,7000,4,'',1,3000,4,'',1,10000,4,'',1
'25N-H60NV10S-83-S',20601,52000,,'',1,3200,,'',1,7200,,'',2,3100,,'',1,7000,,'',1,3000,,'',1,7100,,'',1,3300,,'',1,7100,,'',1,7000,,'',1,3000,,'',1,7100,,'',1,3000,,'',1,7100,,'',1,3100,,'',1,7100,,'',1,3200,,'',1,7300,,'',2,3300,,'',1,7300,,'',2,3300,,'',1,7200,,'',2,3300,,'',1,7200,,'',2,3100,,'',1,7100,,'',2,3100,,'',1,7100,,'',1,3000,,'',1,7000,,'',1,3000,,'',1,7000,,'',1,8100,,'',1,9100,,'',1,9900,,'',1
'25N-H60NV10S-83-S',20602,62700,4,'',1,2800,4,'',1,7200,4,'',2,3200,4,'',1,6700,4,'',1,3000,4,'',1,7000,4,'',1,3100,4,'',1,7000,4,'',1,3000,4,'',1,7000,4,'',1,3100,4,'',1,7000,4,'',1,3100,4,'',1,7100,4,'',1,7300,4,'',1,3300,4,'',1,7200,4,'',2,3300,4,'',1,7300,4,'',2,3300,4,'',1,7300,4,'',2,3200,4,'',1,7000,4,'',2,3000,4,'',1,7100,4,'',2,2900,4,'',1,7000,4,'',1,3000,4,'',1,7000,4,'',1,3000,4,'',1,8000,4,'',1,8100,4,'',1,3900,4,'',1
'25N-H60NV20A-80-A',20601,63000,,'',1,7000,,'',1,3000,,'',1,7000,,'',1,3000,,'',1,7000,,'',1,3000,,'',1,7000,,'',1,3000,,'',1,7000,,'',1,3000,,'',1,7000,,'',1,3000,,'',1,7000,,'',1,3000,,'',1,7000,,'',1,3000,,'',1,7000,,'',1,3000,,'',1,7000,,'',1,3000,,'',1,7000,,'',1,3000,,'',1,7000,,'',1,3000,,'',1,7000,,'',1,3000,,'',1,7000,,'',1,3000,,'',1,7000,,'',1,3000,,'',1,7000,,'',1,10000,,'',1,10000,,'',1
'25N-H60NV20A-80-A',20602,72400,4,'',1,3000,4,'',1,7000,4,'',1,3000,4,'',1,7100,4,'',1,3100,4,'',1,7000,4,'',1,3000,4,'',1,6900,4,'',1,3000,4,'',1,7000,4,'',1,3000,4,'',1,7000,4,'',1,3000,4,'',1,7000,4,'',1,3000,4,'',1,7000,4,'',1,3000,4,'',1,7000,4,'',1,3000,4,'',1,7000,4,'',1,3000,4,'',1,6900,4,'',1,3000,4,'',1,7000,4,'',1,3000,4,'',1,7000,4,'',1,3000,4,'',1,7000,4,'',1,3000,4,'',1,7000,4,'',1,3000,4,'',1,10000,4,'',1
'25N-H60NV20I-80-I',20601,70000,,'',1,3000,,'',1,7000,,'',1,3000,,'',1,7000,,'',1,3000,,'',1,7000,,'',1,3000,,'',1,7000,,'',1,3000,,'',1,7000,,'',1,3000,,'',1,7000,,'',1,3000,,'',1,7000,,'',1,3000,,'',1,7000,,'',1,3000,,'',1,7000,,'',1,3000,,'',1,7000,,'',1,3000,,'',1,7000,,'',1,3000,,'',1,7000,,'',1,3000,,'',1,7000,,'',1,3000,,'',1,7000,,'',1,3000,,'',1,7000,,'',1,10000,,'',1,10000,,'',1
'25N-H60NV20I-80-I',20602,75400,4,'',1,7000,4,'',1,3000,4,'',1,7000,4,'',1,3000,4,'',1,7000,4,'',1,3000,4,'',1,7000,4,'',1,3000,4,'',1,7000,4,'',1,3000,4,'',1,7000,4,'',1,3000,4,'',1,7000,4,'',1,3000,4,'',1,7000,4,'',1,3000,4,'',1,7000,4,'',1,2900,4,'',1,7000,4,'',1,3000,4,'',1,7000,4,'',1,2900,4,'',1,7000,4,'',1,3000,4,'',1,7000,4,'',1,3000,4,'',1,7000,4,'',1,3000,4,'',1,7000,4,'',1,3000,4,'',1,10000,4,'',1
'25N-H60NV20S-80-S',20601,52000,,'',1,3200,,'',1,7200,,'',2,3100,,'',1,7000,,'',1,3000,,'',1,7100,,'',1,3300,,'',1,7100,,'',1,7000,,'',1,3000,,'',1,7100,,'',1,3000,,'',1,7100,,'',1,3100,,'',1,7100,,'',1,3200,,'',1,7300,,'',2,3300,,'',1,7300,,'',2,3300,,'',1,7200,,'',2,3300,,'',1,7200,,'',2,3100,,'',1,7100,,'',2,3100,,'',1,7100,,'',1,3000,,'',1,7000,,'',1,3000,,'',1,7000,,'',1,8100,,'',1,9100,,'',1,9900,,'',1
'25N-H60NV20S-80-S',20602,62700,4,'',1,2800,4,'',1,7200,4,'',2,3200,4,'',1,6700,4,'',1,3000,4,'',1,7000,4,'',1,3100,4,'',1,7000,4,'',1,3000,4,'',1,7000,4,'',1,3100,4,'',1,7000,4,'',1,3100,4,'',1,7100,4,'',1,7300,4,'',1,3300,4,'',1,7200,4,'',2,3300,4,'',1,7300,4,'',2,3300,4,'',1,7300,4,'',2,3200,4,'',1,7000,4,'',2,3000,4,'',1,7100,4,'',2,2900,4,'',1,7000,4,'',1,3000,4,'',1,7000,4,'',1,3000,4,'',1,8000,4,'',1,8100,4,'',1,3900,4,'',1
