'25N-H54NV10S-82-S-E',3003,142000,,'',1
'25N-H54NV10S-82-S-NE',3004,141500,4,'',1
'25N-H54NV20S-80-S-E',3003,142000,,'',1
'25N-H54NV20S-80-S-NE',3004,141500,4,'',1
'25N-H55N100F-80-F1-E',3003,61100,,'',2,4100,,'',1,8200,,'',2,8100,,'',1,3800,,'',1,58500,,'',1,7500,,'',2,3500,,'',1,7600,,'',2,3500,,'',1,7600,,'',1,51300,,'',2,7000,,'',1,2800,,'',1,6700,,'',2
'25N-H55N100F-80-F1-E',3004,64500,4,'',1,8400,4,'',2,8200,4,'',1,3300,4,'',1,7600,4,'',2,3300,4,'',1,55400,4,'',2,3600,4,'',1,7600,4,'',2,3500,4,'',1,7600,4,'',1,7600,4,'',2,3500,4,'',1,50000,4,'',1,6700,4,'',2,3000,4,'',1
'25N-H55N100F-80-F1-NE',3003,53000,,'',1,39600,,'',2,3300,,'',1,7300,,'',1,7300,,'',2,3300,,'',1,7600,,'',1,3600,,'',2,7700,,'',1,7600,,'',2,40800,,'',2,3500,,'',1,7200,,'',1,3200,,'',2,7200,,'',1,3000,,'',1,6900,,'',2,3000,,'',1,6800,,'',1
'25N-H55N100F-80-F1-NE',3004,52300,4,'',1,8100,4,'',2,42300,4,'',1,7400,4,'',2,3300,4,'',1,7400,4,'',1,3700,4,'',2,7700,4,'',1,3500,4,'',2,7500,4,'',1,48000,4,'',1,3300,4,'',2,7300,4,'',1,2900,4,'',1,7000,4,'',2,3000,4,'',1,6800,4,'',1,2900,4,'',2,7000,4,'',1
'25N-H55N200F-80-F2-E',3003,61100,,'',2,4100,,'',1,8200,,'',2,8100,,'',1,3800,,'',1,58500,,'',1,7500,,'',2,3500,,'',1,7600,,'',2,3500,,'',1,7600,,'',1,51300,,'',2,7000,,'',1,2800,,'',1,6700,,'',2
'25N-H55N200F-80-F2-E',3004,64500,4,'',1,8400,4,'',2,8200,4,'',1,3300,4,'',1,7600,4,'',2,3300,4,'',1,55400,4,'',2,3600,4,'',1,7600,4,'',2,3500,4,'',1,7600,4,'',1,7600,4,'',2,3500,4,'',1,50000,4,'',1,6700,4,'',2,3000,4,'',1
'25N-H55N200F-80-F2-NE',3003,53000,,'',1,39600,,'',2,3300,,'',1,7300,,'',1,7300,,'',2,3300,,'',1,7600,,'',1,3600,,'',2,7700,,'',1,7600,,'',2,40800,,'',2,3500,,'',1,7200,,'',1,3200,,'',2,7200,,'',1,3000,,'',1,6900,,'',2,3000,,'',1,6800,,'',1
'25N-H55N200F-80-F2-NE',3004,52300,4,'',1,8100,4,'',2,42300,4,'',1,7400,4,'',2,3300,4,'',1,7400,4,'',1,3700,4,'',2,7700,4,'',1,3500,4,'',2,7500,4,'',1,48000,4,'',1,3300,4,'',2,7300,4,'',1,2900,4,'',1,7000,4,'',2,3000,4,'',1,6800,4,'',1,2900,4,'',2,7000,4,'',1
'25N-H55N300F-80-F3-E',3003,61100,,'',2,4100,,'',1,8200,,'',2,8100,,'',1,3800,,'',1,58500,,'',1,7500,,'',2,3500,,'',1,7600,,'',2,3500,,'',1,7600,,'',1,51300,,'',2,7000,,'',1,2800,,'',1,6700,,'',2
'25N-H55N300F-80-F3-E',3004,64500,4,'',1,8400,4,'',2,8200,4,'',1,3300,4,'',1,7600,4,'',2,3300,4,'',1,55400,4,'',2,3600,4,'',1,7600,4,'',2,3500,4,'',1,7600,4,'',1,7600,4,'',2,3500,4,'',1,50000,4,'',1,6700,4,'',2,3000,4,'',1
'25N-H55N300F-80-F3-NE',3003,53000,,'',1,39600,,'',2,3300,,'',1,7300,,'',1,7300,,'',2,3300,,'',1,7600,,'',1,3600,,'',2,7700,,'',1,7600,,'',2,40800,,'',2,3500,,'',1,7200,,'',1,3200,,'',2,7200,,'',1,3000,,'',1,6900,,'',2,3000,,'',1,6800,,'',1
'25N-H55N300F-80-F3-NE',3004,52300,4,'',1,8100,4,'',2,42300,4,'',1,7400,4,'',2,3300,4,'',1,7400,4,'',1,3700,4,'',2,7700,4,'',1,3500,4,'',2,7500,4,'',1,48000,4,'',1,3300,4,'',2,7300,4,'',1,2900,4,'',1,7000,4,'',2,3000,4,'',1,6800,4,'',1,2900,4,'',2,7000,4,'',1
'25N-H55N400F-80-F4-E',3003,61100,,'',2,4100,,'',1,8200,,'',2,8100,,'',1,3800,,'',1,58500,,'',1,7500,,'',2,3500,,'',1,7600,,'',2,3500,,'',1,7600,,'',1,51300,,'',2,7000,,'',1,2800,,'',1,6700,,'',2
'25N-H55N400F-80-F4-E',3004,64500,4,'',1,8400,4,'',2,8200,4,'',1,3300,4,'',1,7600,4,'',2,3300,4,'',1,55400,4,'',2,3600,4,'',1,7600,4,'',2,3500,4,'',1,7600,4,'',1,7600,4,'',2,3500,4,'',1,50000,4,'',1,6700,4,'',2,3000,4,'',1
'25N-H55N400F-80-F4-NE',3003,53000,,'',1,39600,,'',2,3300,,'',1,7300,,'',1,7300,,'',2,3300,,'',1,7600,,'',1,3600,,'',2,7700,,'',1,7600,,'',2,40800,,'',2,3500,,'',1,7200,,'',1,3200,,'',2,7200,,'',1,3000,,'',1,6900,,'',2,3000,,'',1,6800,,'',1
'25N-H55N400F-80-F4-NE',3004,52300,4,'',1,8100,4,'',2,42300,4,'',1,7400,4,'',2,3300,4,'',1,7400,4,'',1,3700,4,'',2,7700,4,'',1,3500,4,'',2,7500,4,'',1,48000,4,'',1,3300,4,'',2,7300,4,'',1,2900,4,'',1,7000,4,'',2,3000,4,'',1,6800,4,'',1,2900,4,'',2,7000,4,'',1
'25N-H55NV10A-80-A-E',3003,60800,,'',1,3900,,'',1,7900,,'',1,7900,,'',1,3200,,'',2,7200,,'',1,51300,,'',1,3500,,'',1,7500,,'',2,7500,,'',1,3400,,'',1,7400,,'',1,3400,,'',2,49700,,'',2,6900,,'',1,3000,,'',1,6900,,'',1,2900,,'',2
'25N-H55NV10A-80-A-E',3004,64300,4,'',1,7900,4,'',1,7900,4,'',1,3200,4,'',2,7000,4,'',1,3000,4,'',1,58900,4,'',2,3400,4,'',1,7500,4,'',1,7600,4,'',1,3600,4,'',2,7100,4,'',1,52700,4,'',1,6900,4,'',2,2800,4,'',1
'25N-H55NV10A-80-A-NE',3003,53000,,'',1,41100,,'',1,7200,,'',2,3200,,'',1,7700,,'',1,3700,,'',2,7600,,'',1,7600,,'',2,3600,,'',1,47600,,'',1,3400,,'',1,7400,,'',1,7400,,'',1,3300,,'',1,7200,,'',1,3200,,'',1,7200,,'',1
'25N-H55NV10A-80-A-NE',3004,52600,4,'',1,7800,4,'',1,40400,4,'',2,3200,4,'',1,7500,4,'',1,3800,4,'',2,7700,4,'',1,7600,4,'',2,3500,4,'',1,7300,4,'',2,3400,4,'',1,40100,4,'',1,7700,4,'',1,7400,4,'',1,3300,4,'',1,7300,4,'',1,3200,4,'',1,7200,4,'',1,3200,4,'',1,6900,4,'',1
'25N-H55NV10I-80-I-E',3003,61100,,'',2,4100,,'',1,8200,,'',2,8100,,'',1,3800,,'',1,58500,,'',1,7500,,'',2,3500,,'',1,7600,,'',2,3500,,'',1,7600,,'',1,51300,,'',2,7000,,'',1,2800,,'',1,6700,,'',2
'25N-H55NV10I-80-I-E',3004,64500,4,'',1,8400,4,'',2,8200,4,'',1,3300,4,'',1,7600,4,'',2,3300,4,'',1,55400,4,'',2,3600,4,'',1,7600,4,'',2,3500,4,'',1,7600,4,'',1,7600,4,'',2,3500,4,'',1,50000,4,'',1,6700,4,'',2,3000,4,'',1
'25N-H55NV10I-80-I-NE',3003,53000,,'',1,39600,,'',2,3300,,'',1,7300,,'',1,7300,,'',2,3300,,'',1,7600,,'',1,3600,,'',2,7700,,'',1,7600,,'',2,40800,,'',2,3500,,'',1,7200,,'',1,3200,,'',2,7200,,'',1,3000,,'',1,6900,,'',2,3000,,'',1,6800,,'',1
'25N-H55NV10I-80-I-NE',3004,52300,4,'',1,8100,4,'',2,42300,4,'',1,7400,4,'',2,3300,4,'',1,7400,4,'',1,3700,4,'',2,7700,4,'',1,3500,4,'',2,7500,4,'',1,48000,4,'',1,3300,4,'',2,7300,4,'',1,2900,4,'',1,7000,4,'',2,3000,4,'',1,6800,4,'',1,2900,4,'',2,7000,4,'',1
'25N-H55NV10S-85-S-E',3003,54300,,'',1,6900,,'',1,3300,,'',1,7400,,'',1,3300,,'',1,7200,,'',1,3000,,'',1,67100,,'',1,3300,,'',1,10100,,'',1,6800,,'',1,2800,,'',1,48800,,'',1,7100,,'',1,2900,,'',1,7000,,'',1
'25N-H55NV10S-85-S-E',3004,64000,4,'',1,7400,4,'',1,3300,4,'',1,7200,4,'',1,9800,4,'',1,2600,4,'',1,57500,4,'',1,3400,4,'',1,10100,4,'',1,6800,4,'',1,2800,4,'',1,6800,4,'',1,2800,4,'',2,49400,4,'',1,7000,4,'',1,3000,4,'',1
'25N-H55NV10S-85-S-NE',3003,51400,,'',1,40900,,'',1,2900,,'',1,6900,,'',1,2900,,'',1,6900,,'',1,2900,,'',1,6900,,'',1,3100,,'',1,7000,,'',1,3000,,'',1,47500,,'',1,2800,,'',2,6800,,'',1,2800,,'',1,6800,,'',1,2700,,'',2,6600,,'',1,3000,,'',1,7200,,'',1
'25N-H55NV10S-85-S-NE',3004,53000,4,'',1,7500,4,'',1,40500,4,'',1,3000,4,'',1,7000,4,'',1,3000,4,'',1,7200,4,'',1,3100,4,'',1,7000,4,'',1,3000,4,'',1,57100,4,'',1,2800,4,'',1,6800,4,'',1,2600,4,'',2,6800,4,'',1,3000,4,'',1,7200,4,'',1,3300,4,'',1,7100,4,'',1
'25N-H55NV20A-80-A-E',3003,60800,,'',1,3900,,'',1,7900,,'',1,7900,,'',1,3200,,'',2,7200,,'',1,51300,,'',1,3500,,'',1,7500,,'',2,7500,,'',1,3400,,'',1,7400,,'',1,3400,,'',2,49700,,'',2,6900,,'',1,3000,,'',1,6900,,'',1,2900,,'',2
'25N-H55NV20A-80-A-E',3004,64300,4,'',1,7900,4,'',1,7900,4,'',1,3200,4,'',2,7000,4,'',1,3000,4,'',1,58900,4,'',2,3400,4,'',1,7500,4,'',1,7600,4,'',1,3600,4,'',2,7100,4,'',1,52700,4,'',1,6900,4,'',2,2800,4,'',1
'25N-H55NV20A-80-A-NE',3003,53000,,'',1,41100,,'',1,7200,,'',2,3200,,'',1,7700,,'',1,3700,,'',2,7600,,'',1,7600,,'',2,3600,,'',1,47600,,'',1,3400,,'',1,7400,,'',1,7400,,'',1,3300,,'',1,7200,,'',1,3200,,'',1,7200,,'',1
'25N-H55NV20A-80-A-NE',3004,52600,4,'',1,7800,4,'',1,40400,4,'',2,3200,4,'',1,7500,4,'',1,3800,4,'',2,7700,4,'',1,7600,4,'',2,3500,4,'',1,7300,4,'',2,3400,4,'',1,40100,4,'',1,7700,4,'',1,7400,4,'',1,3300,4,'',1,7300,4,'',1,3200,4,'',1,7200,4,'',1,3200,4,'',1,6900,4,'',1
'25N-H55NV20I-80-I-E',3003,61100,,'',2,4100,,'',1,8200,,'',2,8100,,'',1,3800,,'',1,58500,,'',1,7500,,'',2,3500,,'',1,7600,,'',2,3500,,'',1,7600,,'',1,51300,,'',2,7000,,'',1,2800,,'',1,6700,,'',2
'25N-H55NV20I-80-I-E',3004,64500,4,'',1,8400,4,'',2,8200,4,'',1,3300,4,'',1,7600,4,'',2,3300,4,'',1,55400,4,'',2,3600,4,'',1,7600,4,'',2,3500,4,'',1,7600,4,'',1,7600,4,'',2,3500,4,'',1,50000,4,'',1,6700,4,'',2,3000,4,'',1
'25N-H55NV20I-80-I-NE',3003,53000,,'',1,39600,,'',2,3300,,'',1,7300,,'',1,7300,,'',2,3300,,'',1,7600,,'',1,3600,,'',2,7700,,'',1,7600,,'',2,40800,,'',2,3500,,'',1,7200,,'',1,3200,,'',2,7200,,'',1,3000,,'',1,6900,,'',2,3000,,'',1,6800,,'',1
'25N-H55NV20I-80-I-NE',3004,52300,4,'',1,8100,4,'',2,42300,4,'',1,7400,4,'',2,3300,4,'',1,7400,4,'',1,3700,4,'',2,7700,4,'',1,3500,4,'',2,7500,4,'',1,48000,4,'',1,3300,4,'',2,7300,4,'',1,2900,4,'',1,7000,4,'',2,3000,4,'',1,6800,4,'',1,2900,4,'',2,7000,4,'',1
'25N-H55NV20S-81-S-E',3003,54300,,'',1,6900,,'',1,3300,,'',1,7400,,'',1,3300,,'',1,7200,,'',1,3000,,'',1,67100,,'',1,3300,,'',1,10100,,'',1,6800,,'',1,2800,,'',1,48800,,'',1,7100,,'',1,2900,,'',1,7000,,'',1
'25N-H55NV20S-81-S-E',3004,64000,4,'',1,7400,4,'',1,3300,4,'',1,7200,4,'',1,9800,4,'',1,2600,4,'',1,57500,4,'',1,3400,4,'',1,10100,4,'',1,6800,4,'',1,2800,4,'',1,6800,4,'',1,2800,4,'',2,49400,4,'',1,7000,4,'',1,3000,4,'',1
'25N-H55NV20S-81-S-NE',3003,51400,,'',1,40900,,'',1,2900,,'',1,6900,,'',1,2900,,'',1,6900,,'',1,2900,,'',1,6900,,'',1,3100,,'',1,7000,,'',1,3000,,'',1,47500,,'',1,2800,,'',2,6800,,'',1,2800,,'',1,6800,,'',1,2700,,'',2,6600,,'',1,3000,,'',1,7200,,'',1
'25N-H55NV20S-81-S-NE',3004,53000,4,'',1,7500,4,'',1,40500,4,'',1,3000,4,'',1,7000,4,'',1,3000,4,'',1,7200,4,'',1,3100,4,'',1,7000,4,'',1,3000,4,'',1,57100,4,'',1,2800,4,'',1,6800,4,'',1,2600,4,'',2,6800,4,'',1,3000,4,'',1,7200,4,'',1,3300,4,'',1,7100,4,'',1
'25N-H58NV10S-80-S-E',3003,145200,,'',1,17800,,'',2
'25N-H58NV10S-80-S-E',3004,84800,4,'',2,77600,4,'',2
'25N-H58NV10S-80-S-NE',3004,144600,4,'',1
'25N-H58NV20S-80-S-E',3003,145200,,'',1,17800,,'',2
'25N-H58NV20S-80-S-E',3004,84800,4,'',2,77600,4,'',2
'25N-H58NV20S-80-S-NE',3004,144600,4,'',1
