17101,'H50U000A-82-A',507,,263248,11,0,5,2,31,,263268,11,0,5,1,71,,263249,11,0,5,2,32,,263269,11,0,5,1,71,,263250,11,0,5,2,31,,263270,11,0,5,1,71,,263251,11,0,5,2,31,,263271,11,0,5,1,71,,263252,11,0,5,2,30,,263272,11,0,5,1,70,,263253,11,0,5,2,30,,263273,11,0,5,1,70,,263254,11,0,5,2,31,,263274,11,0,5,1,71,,263255,11,0,5,2,30,,263275,11,0,5,1,70,,263256,11,0,5,2,31,,263276,11,0,5,1,71,,263257,11,0,5,2,30,,263277,11,0,5,1,70,,263258,11,0,5,2,30,,263278,11,0,5,1,71,,263259,11,0,5,2,31,,263279,11,0,5,1,71,,263260,11,0,5,2,31,,263280,11,0,5,1,70,,263261,11,0,5,2,31,,263281,11,0,5,1,71,,263262,11,0,5,2,32,,263282,11,0,5,1,71,,263263,11,0,5,2,71,,263283,11,0,5,1,31,,263264,11,0,5,2,71,,263284,11,0,5,1,31,,263265,11,0,5,2,71,,263285,11,0,5,1,30,,263266,11,0,5,2,71,,263286,11,0,5,1,31,,263267,11,0,5,2,71,,263287,11,0,5,1,29,,263247,11,0,5,1,72,,263288,11,0,5,1
17101,'H50U000I-82-I',507,,263290,11,0,5,2,30,,263310,11,0,5,1,70,,263291,11,0,5,2,30,,263311,11,0,5,1,70,,263292,11,0,5,2,27,,263289,11,0,5,1,67,,263312,11,0,5,1,31,,263293,11,0,5,2,70,,263313,11,0,5,1,31,,263294,11,0,5,2,71,,263314,11,0,5,1,30,,263295,11,0,5,2,70,,263315,11,0,5,1,30,,263296,11,0,5,2,70,,263316,11,0,5,1,31,,263297,11,0,5,2,73,,263317,11,0,5,1,30,,263298,11,0,5,2,70,,263318,11,0,5,1,30,,263299,11,0,5,2,70,,263319,11,0,5,1,30,,263300,11,0,5,2,70,,263320,11,0,5,1,30,,263301,11,0,5,2,70,,263321,11,0,5,1,30,,263302,11,0,5,2,70,,263322,11,0,5,1,30,,263303,11,0,5,2,68,,263323,11,0,5,1,30,,263304,11,0,5,2,70,,263324,11,0,5,1,29,,263305,11,0,5,2,70,,263325,11,0,5,1,30,,263306,11,0,5,2,70,,263326,11,0,5,1,30,,263307,11,0,5,2,70,,263327,11,0,5,1,31,,263308,11,0,5,2,71,,263328,11,0,5,1,31,,263309,11,0,5,2,71,,263329,11,0,5,1
17101,'H50U000S-83-S',508,,263347,11,0,5,1,30,,263338,11,0,5,1,69,,263348,11,0,5,1,21,,263358,11,0,5,1,17,,263339,11,0,5,1,56,,263341,11,0,5,1,17,,263349,11,0,5,1,17,,263359,11,0,5,1,16,,263340,11,0,5,1,57,,263342,11,0,5,1,19,,263350,11,0,5,1,20,,263360,11,0,5,1,61,,263378,11,0,5,1,22,,263351,11,0,5,1,23,,263361,11,0,5,1,65,,263379,11,0,5,1,27,,263352,11,0,5,1,68,,263362,11,0,5,1,28,,263380,11,0,5,1,70,,263363,11,0,5,1,29,,263381,11,0,5,1,70,,263373,11,0,5,1,30,,263343,11,0,5,1,70,,263374,11,0,5,1,30,,263353,11,0,5,1,68,,263344,11,0,5,1,23,,263375,11,0,5,1,23,,263354,11,0,5,1,61,,263345,11,0,5,1,17,,263364,11,0,5,1,17,,263376,11,0,5,1,56,,263355,11,0,5,1,16,,263346,11,0,5,1,14,,263330,11,0,5,2,14,,263365,11,0,5,1,55,,263377,11,0,5,1,15,,263356,11,0,5,1,19,,263331,11,0,5,2,19,,263366,11,0,5,1,63,,263357,11,0,5,1,24,,263332,11,0,5,2,69,,263367,11,0,5,1,29,,263333,11,0,5,2,69,,263368,11,0,5,1,29,,263334,11,0,5,2,68,,263369,11,0,5,1,30,,263335,11,0,5,2,70,,263370,11,0,5,1,30,,263336,11,0,5,2,70,,263371,11,0,5,1,29,,263337,11,0,5,2,70,,263372,11,0,5,1
17101,'H50U100F-80-F1',507,,263383,11,0,5,2,30,,263403,11,0,5,1,70,,263384,11,0,5,2,30,,263404,11,0,5,1,70,,263385,11,0,5,2,27,,263382,11,0,5,1,67,,263405,11,0,5,1,31,,263386,11,0,5,2,70,,263406,11,0,5,1,31,,263387,11,0,5,2,71,,263407,11,0,5,1,30,,263388,11,0,5,2,70,,263408,11,0,5,1,30,,263389,11,0,5,2,70,,263409,11,0,5,1,31,,263390,11,0,5,2,73,,263410,11,0,5,1,30,,263391,11,0,5,2,70,,263411,11,0,5,1,30,,263392,11,0,5,2,70,,263412,11,0,5,1,30,,263393,11,0,5,2,70,,263413,11,0,5,1,30,,263394,11,0,5,2,70,,263414,11,0,5,1,30,,263395,11,0,5,2,70,,263415,11,0,5,1,30,,263396,11,0,5,2,68,,263416,11,0,5,1,30,,263397,11,0,5,2,70,,263417,11,0,5,1,29,,263398,11,0,5,2,70,,263418,11,0,5,1,30,,263399,11,0,5,2,70,,263419,11,0,5,1,30,,263400,11,0,5,2,70,,263420,11,0,5,1,31,,263401,11,0,5,2,71,,263421,11,0,5,1,31,,263402,11,0,5,2,71,,263422,11,0,5,1
17101,'H50U200F-80-F2',507,,263424,11,0,5,2,30,,263444,11,0,5,1,70,,263425,11,0,5,2,30,,263445,11,0,5,1,70,,263426,11,0,5,2,27,,263423,11,0,5,1,67,,263446,11,0,5,1,31,,263427,11,0,5,2,70,,263447,11,0,5,1,31,,263428,11,0,5,2,71,,263448,11,0,5,1,30,,263429,11,0,5,2,70,,263449,11,0,5,1,30,,263430,11,0,5,2,70,,263450,11,0,5,1,31,,263431,11,0,5,2,73,,263451,11,0,5,1,30,,263432,11,0,5,2,70,,263452,11,0,5,1,30,,263433,11,0,5,2,70,,263453,11,0,5,1,30,,263434,11,0,5,2,70,,263454,11,0,5,1,30,,263435,11,0,5,2,70,,263455,11,0,5,1,30,,263436,11,0,5,2,70,,263456,11,0,5,1,30,,263437,11,0,5,2,68,,263457,11,0,5,1,30,,263438,11,0,5,2,70,,263458,11,0,5,1,29,,263439,11,0,5,2,70,,263459,11,0,5,1,30,,263440,11,0,5,2,70,,263460,11,0,5,1,30,,263441,11,0,5,2,70,,263461,11,0,5,1,31,,263442,11,0,5,2,71,,263462,11,0,5,1,31,,263443,11,0,5,2,71,,263463,11,0,5,1
38001,'H50U000A-82-A',2607,,277952,23,0,5,1,48,,277953,23,0,5,1,85,,277950,23,0,5,2,85,,277951,23,0,5,1
38001,'H50U000I-82-I',2521,,277956,23,0,5,1,86,,277958,23,0,5,1,44,,277957,23,0,5,1,84,,277955,23,0,5,1,85,,277959,23,0,5,1
38001,'H50U000S-83-S',2533,,277963,23,0,5,2,84,,277962,23,0,5,1,87,,277960,23,0,5,2,42,,277961,23,0,5,1
38001,'H50U100F-80-F1',2521,,277966,23,0,5,1,86,,277968,23,0,5,1,44,,277967,23,0,5,1,84,,277965,23,0,5,1,85,,277969,23,0,5,1
38001,'H50U200F-80-F2',2521,,277971,23,0,5,1,86,,277973,23,0,5,1,44,,277972,23,0,5,1,84,,277970,23,0,5,1,85,,277974,23,0,5,1
38001,'H54U000S-81-S',2834,,277975,23,0,5,1
