4302,'H58U000A-80-A',520,,230027,7,0,10,1,34,,230035,7,0,10,2,74,,230047,7,0,10,1,73,,230042,7,0,10,2,33,,230028,7,0,10,1,74,,230036,7,0,10,2,32,,230048,7,0,10,1,70,,230054,7,0,10,2,31,,230043,7,0,10,2,72,,230029,7,0,10,1,32,,230037,7,0,10,2,72,,230049,7,0,10,1,32,,230055,7,0,10,2,72,,230044,7,0,10,2,32,,230030,7,0,10,1,71,,230038,7,0,10,2,31,,230050,7,0,10,1,71,,230056,7,0,10,2,31,,230045,7,0,10,2,73,,230031,7,0,10,1,70,,230039,7,0,10,2,28,,230051,7,0,10,1,28,,230057,7,0,10,2,69,,230046,7,0,10,2,27,,230060,7,0,10,2,65,,230032,7,0,10,1,24,,230040,7,0,10,2,66,,230052,7,0,10,1,30,,230058,7,0,10,2,69,,230061,7,0,10,1,30,,230033,7,0,10,1,72,,230041,7,0,10,2,31,,230053,7,0,10,1,73,,230059,7,0,10,2,93,,230034,7,0,10,1,96,,230063,7,0,10,1,57,,230062,7,0,10,1
4302,'H58U000I-80-I',554,,230064,7,0,10,1,75,,230072,7,0,10,2,75,,230099,7,0,10,1,34,,230079,7,0,10,1,74,,230065,7,0,10,1,34,,230073,7,0,10,2,75,,230100,7,0,10,1,34,,230080,7,0,10,1,72,,230066,7,0,10,1,32,,230074,7,0,10,2,66,,230096,7,0,10,2,26,,230090,7,0,10,1,69,,230085,7,0,10,2,29,,230081,7,0,10,1,69,,230067,7,0,10,1,29,,230075,7,0,10,2,70,,230091,7,0,10,1,30,,230086,7,0,10,2,70,,230082,7,0,10,1,29,,230068,7,0,10,1,69,,230076,7,0,10,2,29,,230092,7,0,10,1,69,,230087,7,0,10,2,29,,230083,7,0,10,1,69,,230069,7,0,10,1,28,,230077,7,0,10,2,68,,230093,7,0,10,1,28,,230088,7,0,10,2,68,,230084,7,0,10,1,29,,230070,7,0,10,1,69,,230078,7,0,10,2,32,,230094,7,0,10,1,72,,230089,7,0,10,2,52,,230071,7,0,10,1,92,,230095,7,0,10,1,93,,230098,7,0,10,1,94,,230097,7,0,10,1
4302,'H58U000S-80-S',446,,230101,7,0,10,2,57,,230102,7,0,10,2,25,,230111,7,0,10,1,27,,230122,7,0,10,1,69,,230103,7,0,10,1,33,,230126,7,0,10,2,73,,230116,7,0,10,2,73,,230104,7,0,10,1,33,,230117,7,0,10,2,73,,230123,7,0,10,1,33,,230127,7,0,10,2,73,,230136,7,0,10,2,32,,230105,7,0,10,1,72,,230118,7,0,10,2,31,,230124,7,0,10,1,71,,230128,7,0,10,2,31,,230108,7,0,10,1,70,,230106,7,0,10,1,30,,230133,7,0,10,1,70,,230119,7,0,10,2,31,,230125,7,0,10,1,73,,230129,7,0,10,2,33,,230109,7,0,10,1,65,,230107,7,0,10,1,24,,230134,7,0,10,1,72,,230120,7,0,10,2,32,,230137,7,0,10,1,71,,230130,7,0,10,2,28,,230110,7,0,10,1,68,,230135,7,0,10,1,29,,230121,7,0,10,2,71,,230138,7,0,10,1,31,,230131,7,0,10,2,72,,230113,7,0,10,1,28,,230112,7,0,10,2,72,,230139,7,0,10,1,37,,230132,7,0,10,2,85,,230114,7,0,10,1,89,,230140,7,0,10,1,93,,230115,7,0,10,1
4302,'H58U100F-80-F1',554,,230141,7,0,10,1,75,,230149,7,0,10,2,75,,230176,7,0,10,1,34,,230156,7,0,10,1,74,,230142,7,0,10,1,34,,230150,7,0,10,2,75,,230177,7,0,10,1,34,,230157,7,0,10,1,72,,230143,7,0,10,1,32,,230151,7,0,10,2,66,,230173,7,0,10,2,26,,230167,7,0,10,1,69,,230162,7,0,10,2,29,,230158,7,0,10,1,69,,230144,7,0,10,1,29,,230152,7,0,10,2,70,,230168,7,0,10,1,30,,230163,7,0,10,2,70,,230159,7,0,10,1,29,,230145,7,0,10,1,69,,230153,7,0,10,2,29,,230169,7,0,10,1,69,,230164,7,0,10,2,29,,230160,7,0,10,1,69,,230146,7,0,10,1,28,,230154,7,0,10,2,68,,230170,7,0,10,1,28,,230165,7,0,10,2,68,,230161,7,0,10,1,29,,230147,7,0,10,1,69,,230155,7,0,10,2,32,,230171,7,0,10,1,72,,230166,7,0,10,2,52,,230148,7,0,10,1,92,,230172,7,0,10,1,93,,230175,7,0,10,1,94,,230174,7,0,10,1
4302,'H58U200F-80-F2',446,,230178,7,0,10,2,57,,230179,7,0,10,1,25,,230184,7,0,10,1,26,,230196,7,0,10,1,69,,230198,7,0,10,2,33,,230197,7,0,10,1,73,,230201,7,0,10,2,73,,230185,7,0,10,1,33,,230199,7,0,10,2,73,,230188,7,0,10,1,34,,230208,7,0,10,2,73,,230180,7,0,10,1,32,,230194,7,0,10,2,72,,230200,7,0,10,1,31,,230189,7,0,10,1,71,,230205,7,0,10,1,31,,230181,7,0,10,1,70,,230195,7,0,10,2,30,,230207,7,0,10,1,70,,230190,7,0,10,1,31,,230202,7,0,10,1,73,,230206,7,0,10,1,33,,230209,7,0,10,2,65,,230212,7,0,10,2,24,,230182,7,0,10,1,72,,230191,7,0,10,1,32,,230210,7,0,10,2,71,,230216,7,0,10,1,28,,230213,7,0,10,2,68,,230183,7,0,10,1,29,,230192,7,0,10,1,71,,230211,7,0,10,2,30,,230217,7,0,10,1,72,,230203,7,0,10,1,28,,230214,7,0,10,2,73,,230193,7,0,10,1,37,,230215,7,0,10,2,92,,230204,7,0,10,1,92,,230187,7,0,10,1,93,,230186,7,0,10,1
37202,'H54U000A-80-A',2541,,277841,8,0,10,1,90,,277842,8,0,10,1,85,,277843,8,0,10,1,84,,277844,8,0,10,1,50,,277840,8,0,10,2
37202,'H54U000I-80-I',2546,,277845,8,0,10,1,85,,277847,8,0,10,1,86,,277846,8,0,10,1,86,,277848,8,0,10,1,49,,277849,8,0,10,1
37202,'H54U000S-81-S',2522,,277850,8,0,10,2,80,,277855,8,0,10,1,40,,277852,8,0,10,1,82,,277853,8,0,10,1,82,,277854,8,0,10,1,47,,277851,8,0,10,2
37202,'H54U100F-80-F1',2546,,277856,8,0,10,1,85,,277858,8,0,10,1,86,,277857,8,0,10,1,86,,277859,8,0,10,1,49,,277860,8,0,10,1
37202,'H54U200F-82-F2',2546,,277863,8,0,10,1,85,,277864,8,0,10,1,86,,277862,8,0,10,1,86,,277861,8,0,10,1,49,,277865,8,0,10,1
44904,'H54U000S-81-S',537,,279921,19,0,9,1,10,,279924,19,0,9,2,10,,279928,19,0,9,1,50,,279929,19,0,9,2,9,,279930,19,0,9,1,9,,279936,19,0,9,2,10,,279938,19,0,9,2,10,,279940,19,0,9,1,11,,279916,19,0,9,1,51,,279943,19,0,9,2,12,,279925,19,0,9,2,12,,279935,19,0,9,2,11,,279944,19,0,9,1,11,,279920,19,0,9,1,54,,279937,19,0,9,2,22,,279939,19,0,9,2,22,,279941,19,0,9,1,61,,279926,19,0,9,2,21,,279945,19,0,9,1,22,,279931,19,0,9,1,61,,279917,19,0,9,1,21,,279942,19,0,9,1,21,,279946,19,0,9,1,62,,279922,19,0,9,1,22,,279932,19,0,9,1,62,,279918,19,0,9,1,20,,279953,19,0,9,1,20,,279947,19,0,9,1,61,,279923,19,0,9,1,21,,279957,19,0,9,1,26,,279933,19,0,9,1,66,,279954,19,0,9,1,27,,279948,19,0,9,1,67,,279958,19,0,9,1,26,,279934,19,0,9,1,64,,279955,19,0,9,1,23,,279952,19,0,9,1,28,,279961,19,0,9,2,69,,279927,19,0,9,1,28,,279956,19,0,9,1,70,,279949,19,0,9,1,28,,279962,19,0,9,2,68,,279963,19,0,9,2,27,,279919,19,0,9,1,67,,279950,19,0,9,1,31,,279959,19,0,9,1,70,,279964,19,0,9,2,30,,279951,19,0,9,1,72,,279960,19,0,9,1
44904,'H54U200F-82-F2',537,,279976,19,0,9,1,69,,279982,19,0,9,1,30,,279986,19,0,9,1,71,,279977,19,0,9,1,32,,279965,19,0,9,1,72,,279971,19,0,9,2,31,,279987,19,0,9,1,70,,279979,19,0,9,2,31,,279966,19,0,9,1,71,,279972,19,0,9,1,31,,279988,19,0,9,1,71,,279980,19,0,9,2,31,,279967,19,0,9,1,72,,279973,19,0,9,1,31,,279989,19,0,9,1,70,,279981,19,0,9,2,30,,279968,19,0,9,1,70,,279974,19,0,9,1,30,,279990,19,0,9,1,70,,279994,19,0,9,1,30,,279983,19,0,9,1,70,,279991,19,0,9,1,31,,279978,19,0,9,1,71,,279992,19,0,9,2,28,,279969,19,0,9,1,70,,279996,19,0,9,1,28,,279975,19,0,9,1,68,,279993,19,0,9,2,27,,279970,19,0,9,1,67,,279997,19,0,9,1,31,,279984,19,0,9,1,70,,279995,19,0,9,2,30,,279998,19,0,9,1,72,,279985,19,0,9,1
