4701,'H51M000S-70-S',1806,,100442,11,0,5,2
4701,'H57M000A-70-A',610,,100446,11,0,5,1,30,,100460,11,0,5,2,70,,100447,11,0,5,1,28,,100461,11,0,5,2,69,,100448,11,0,5,1,34,,100462,11,0,5,2,73,,100467,11,0,5,2,33,,100449,11,0,5,1,68,,100468,11,0,5,2,28,,100450,11,0,5,1,69,,100469,11,0,5,2,30,,100451,11,0,5,1,70,,100470,11,0,5,2,31,,100452,11,0,5,1,71,,100471,11,0,5,2,30,,100453,11,0,5,1,73,,100472,11,0,5,2,32,,100454,11,0,5,1,72,,100475,11,0,5,2,33,,100455,11,0,5,1,71,,100443,11,0,5,1,27,,100476,11,0,5,2,63,,100456,11,0,5,1,22,,100444,11,0,5,1,21,,100477,11,0,5,2,61,,100457,11,0,5,1,20,,100478,11,0,5,2,19,,100445,11,0,5,1,60,,100458,11,0,5,1,28,,100479,11,0,5,2,69,,100459,11,0,5,1,29,,100480,11,0,5,2,69,,100463,11,0,5,1,29,,100481,11,0,5,2,69,,100464,11,0,5,1,29,,100482,11,0,5,2,88,,100473,11,0,5,1,88,,100474,11,0,5,1,88,,100465,11,0,5,1,47,,100466,11,0,5,1
4701,'H57M000I-70-I',547,,100497,11,0,5,1,86,,100498,11,0,5,1,85,,100499,11,0,5,1,85,,100500,11,0,5,1,45,,100514,11,0,5,1,80,,100483,11,0,5,1,27,,100501,11,0,5,2,68,,100484,11,0,5,1,28,,100502,11,0,5,2,68,,100485,11,0,5,1,29,,100503,11,0,5,2,69,,100486,11,0,5,1,29,,100504,11,0,5,2,70,,100487,11,0,5,1,30,,100505,11,0,5,2,70,,100488,11,0,5,1,29,,100506,11,0,5,2,69,,100489,11,0,5,1,30,,100507,11,0,5,2,69,,100490,11,0,5,1,30,,100508,11,0,5,2,70,,100491,11,0,5,1,30,,100509,11,0,5,2,70,,100492,11,0,5,1,27,,100510,11,0,5,2,67,,100493,11,0,5,1,26,,100511,11,0,5,2,26,,100494,11,0,5,1,65,,100512,11,0,5,2,26,,100495,11,0,5,1,66,,100513,11,0,5,2,27,,100496,11,0,5,1,76,,100519,11,0,5,1,86,,100516,11,0,5,1,47,,100515,11,0,5,1,87,,100517,11,0,5,1,87,,100518,11,0,5,1
4701,'H57M000S-70-S',553,,100525,11,0,5,1,73,,100535,11,0,5,2,31,,100526,11,0,5,1,72,,100536,11,0,5,2,72,,100537,11,0,5,1,33,,100551,11,0,5,1,71,,100527,11,0,5,1,31,,100531,11,0,5,1,70,,100528,11,0,5,1,30,,100532,11,0,5,1,70,,100529,11,0,5,1,30,,100533,11,0,5,1,70,,100530,11,0,5,1,27,,100522,11,0,5,1,68,,100534,11,0,5,1,32,,100523,11,0,5,1,70,,100520,11,0,5,1,30,,100524,11,0,5,1,72,,100521,11,0,5,1,32,,100558,11,0,5,2,68,,100560,11,0,5,1,24,,100538,11,0,5,1,19,,100559,11,0,5,2,55,,100553,11,0,5,1,16,,100561,11,0,5,1,16,,100552,11,0,5,1,16,,100539,11,0,5,1,71,,100554,11,0,5,1,18,,100562,11,0,5,1,64,,100540,11,0,5,1,31,,100555,11,0,5,1,69,,100541,11,0,5,1,29,,100556,11,0,5,1,68,,100542,11,0,5,1,27,,100557,11,0,5,1,28,,100543,11,0,5,1,69,,100547,11,0,5,1,27,,100544,11,0,5,1,68,,100548,11,0,5,1,28,,100545,11,0,5,1,68,,100549,11,0,5,1,27,,100546,11,0,5,1,86,,100550,11,0,5,1
4701,'H57M100F-70-F1',547,,100563,11,0,5,1,86,,100564,11,0,5,1,85,,100565,11,0,5,1,85,,100566,11,0,5,1,45,,100594,11,0,5,1,80,,100567,11,0,5,2,27,,100581,11,0,5,1,68,,100568,11,0,5,2,28,,100582,11,0,5,1,68,,100569,11,0,5,2,29,,100583,11,0,5,1,69,,100570,11,0,5,2,29,,100584,11,0,5,1,70,,100571,11,0,5,2,30,,100585,11,0,5,1,70,,100572,11,0,5,2,29,,100586,11,0,5,1,69,,100573,11,0,5,2,30,,100587,11,0,5,1,69,,100574,11,0,5,2,30,,100588,11,0,5,1,70,,100575,11,0,5,2,30,,100589,11,0,5,1,70,,100576,11,0,5,2,27,,100590,11,0,5,1,67,,100577,11,0,5,2,26,,100591,11,0,5,1,26,,100578,11,0,5,2,65,,100592,11,0,5,1,26,,100579,11,0,5,2,66,,100593,11,0,5,1,27,,100580,11,0,5,2,76,,100596,11,0,5,2,86,,100595,11,0,5,1,47,,100597,11,0,5,2,87,,100598,11,0,5,2,87,,100599,11,0,5,2
4701,'H57M200F-70-F2',547,,100600,11,0,5,1,86,,100601,11,0,5,1,85,,100602,11,0,5,1,85,,100603,11,0,5,1,45,,100604,11,0,5,1,80,,100605,11,0,5,2,27,,100619,11,0,5,1,68,,100606,11,0,5,2,28,,100620,11,0,5,1,68,,100607,11,0,5,2,29,,100621,11,0,5,1,69,,100608,11,0,5,2,29,,100622,11,0,5,1,70,,100609,11,0,5,2,30,,100623,11,0,5,1,70,,100610,11,0,5,2,29,,100624,11,0,5,1,69,,100612,11,0,5,2,30,,100625,11,0,5,1,69,,100613,11,0,5,2,30,,100626,11,0,5,1,70,,100611,11,0,5,2,30,,100627,11,0,5,1,70,,100614,11,0,5,2,27,,100628,11,0,5,1,67,,100615,11,0,5,2,26,,100629,11,0,5,1,26,,100616,11,0,5,2,65,,100630,11,0,5,1,26,,100617,11,0,5,2,66,,100631,11,0,5,1,27,,100618,11,0,5,2,76,,100636,11,0,5,2,86,,100635,11,0,5,1,47,,100632,11,0,5,2,87,,100634,11,0,5,2,87,,100633,11,0,5,2
4701,'H57M300F-70-F3',547,,100637,11,0,5,1,86,,100638,11,0,5,1,85,,100639,11,0,5,1,85,,100640,11,0,5,1,45,,100641,11,0,5,1,80,,100643,11,0,5,1,27,,100657,11,0,5,2,68,,100644,11,0,5,1,28,,100658,11,0,5,2,68,,100645,11,0,5,1,29,,100659,11,0,5,2,69,,100646,11,0,5,1,29,,100660,11,0,5,2,70,,100647,11,0,5,1,30,,100661,11,0,5,2,70,,100648,11,0,5,1,29,,100662,11,0,5,2,69,,100649,11,0,5,1,30,,100663,11,0,5,2,69,,100650,11,0,5,1,30,,100664,11,0,5,2,70,,100651,11,0,5,1,30,,100665,11,0,5,2,70,,100652,11,0,5,1,27,,100666,11,0,5,2,67,,100653,11,0,5,1,26,,100667,11,0,5,2,26,,100654,11,0,5,1,65,,100668,11,0,5,2,26,,100655,11,0,5,1,66,,100669,11,0,5,2,27,,100656,11,0,5,1,76,,100670,11,0,5,1,86,,100671,11,0,5,1,47,,100642,11,0,5,1,87,,100672,11,0,5,1,87,,100673,11,0,5,1
35703,'H59M000A-70-A',2636,,154217,10,0,8,1,85,,154216,10,0,8,1,85,,154218,10,0,8,1
35703,'H59M000I-70-I',2550,,154221,10,0,8,1,85,,154219,10,0,8,1,85,,154222,10,0,8,1,85,,154220,10,0,8,1
35703,'H59M000S-70-S',2551,,154225,10,0,8,1,85,,154223,10,0,8,2,84,,154226,10,0,8,1,86,,154224,10,0,8,2
35703,'H59M100F-70-F1',2550,,154227,10,0,8,1,85,,154229,10,0,8,1,85,,154228,10,0,8,1,85,,154230,10,0,8,1
35703,'H59M200F-70-F2',2550,,154231,10,0,8,1,85,,154233,10,0,8,1,85,,154232,10,0,8,1,85,,154234,10,0,8,1
35703,'H59M300F-70-F3',2550,,154235,10,0,8,1,85,,154237,10,0,8,1,85,,154236,10,0,8,1,85,,154238,10,0,8,1
