20202,'H60U000A-85-A',634,,271054,35,0,10,1,15,,271066,35,0,10,2,58,,271074,35,0,10,1,18,,271082,35,0,10,2,20,,271050,35,0,10,1,65,,271067,35,0,10,2,30,,271062,35,0,10,1,71,,271055,35,0,10,1,29,,271075,35,0,10,1,72,,271051,35,0,10,1,33,,271068,35,0,10,2,67,,271063,35,0,10,1,33,,271056,35,0,10,1,71,,271076,35,0,10,1,29,,271052,35,0,10,1,70,,271070,35,0,10,2,30,,271065,35,0,10,1,66,,271057,35,0,10,1,24,,271083,35,0,10,1,20,,271077,35,0,10,1,62,,271053,35,0,10,1,20,,271081,35,0,10,2,63,,271069,35,0,10,2,25,,271064,35,0,10,1,27,,271058,35,0,10,1,68,,271084,35,0,10,1,29,,271078,35,0,10,1,71,,271047,35,0,10,1,32,,271071,35,0,10,2,69,,271059,35,0,10,1,30,,271085,35,0,10,1,68,,271080,35,0,10,1,28,,271048,35,0,10,1,68,,271072,35,0,10,2,29,,271060,35,0,10,1,71,,271086,35,0,10,1,30,,271079,35,0,10,1,71,,271049,35,0,10,1,24,,271073,35,0,10,2,66,,271061,35,0,10,1,27,,271087,35,0,10,1
20202,'H60U000I-84-I',634,,271092,35,0,10,1,70,,271093,35,0,10,1,26,,271104,35,0,10,1,70,,271111,35,0,10,1,33,,271106,35,0,10,1,71,,271114,35,0,10,2,32,,271119,35,0,10,1,72,,271091,35,0,10,2,33,,271094,35,0,10,1,73,,271107,35,0,10,1,33,,271095,35,0,10,1,70,,271103,35,0,10,1,31,,271105,35,0,10,1,70,,271115,35,0,10,1,31,,271108,35,0,10,1,70,,271096,35,0,10,1,32,,271120,35,0,10,1,70,,271099,35,0,10,1,33,,271116,35,0,10,1,73,,271109,35,0,10,1,29,,271097,35,0,10,1,72,,271121,35,0,10,1,30,,271100,35,0,10,1,70,,271117,35,0,10,1,73,,271110,35,0,10,1,32,,271098,35,0,10,1,71,,271122,35,0,10,1,30,,271101,35,0,10,1,67,,271112,35,0,10,1,28,,271118,35,0,10,1,28,,271089,35,0,10,1,70,,271123,35,0,10,1,32,,271102,35,0,10,1,72,,271113,35,0,10,1,73,,271088,35,0,10,1,25,,271090,35,0,10,1,22,,271124,35,0,10,1
20202,'H60U000S-86-S',616,,271138,35,0,10,1,31,,271145,35,0,10,1,71,,271131,35,0,10,1,29,,271132,35,0,10,1,70,,271133,35,0,10,1,29,,271144,35,0,10,1,69,,271149,35,0,10,2,32,,271146,35,0,10,1,70,,271153,35,0,10,1,30,,271126,35,0,10,1,69,,271156,35,0,10,1,28,,271134,35,0,10,1,67,,271139,35,0,10,1,30,,271150,35,0,10,1,64,,271154,35,0,10,1,25,,271147,35,0,10,1,23,,271127,35,0,10,1,64,,271157,35,0,10,1,28,,271135,35,0,10,1,66,,271140,35,0,10,1,29,,271151,35,0,10,1,60,,271155,35,0,10,1,20,,271160,35,0,10,2,20,,271148,35,0,10,1,19,,271128,35,0,10,1,62,,271158,35,0,10,1,28,,271136,35,0,10,1,64,,271141,35,0,10,1,31,,271152,35,0,10,1,67,,271125,35,0,10,1,27,,271162,35,0,10,1,68,,271159,35,0,10,1,29,,271137,35,0,10,1,71,,271142,35,0,10,1,32,,271129,35,0,10,1,69,,271163,35,0,10,2,30,,271161,35,0,10,1,71,,271165,35,0,10,2,32,,271143,35,0,10,1,70,,271130,35,0,10,1,30,,271164,35,0,10,2
20202,'H60U100F-85-F1',634,,271169,35,0,10,1,70,,271174,35,0,10,2,26,,271181,35,0,10,1,70,,271187,35,0,10,2,33,,271182,35,0,10,1,71,,271191,35,0,10,2,32,,271195,35,0,10,1,72,,271192,35,0,10,1,33,,271167,35,0,10,1,73,,271183,35,0,10,1,33,,271175,35,0,10,1,70,,271170,35,0,10,1,31,,271168,35,0,10,2,70,,271173,35,0,10,1,31,,271184,35,0,10,1,70,,271176,35,0,10,1,32,,271196,35,0,10,1,70,,271188,35,0,10,2,33,,271201,35,0,10,1,73,,271185,35,0,10,1,29,,271177,35,0,10,1,72,,271197,35,0,10,1,30,,271189,35,0,10,2,70,,271202,35,0,10,1,73,,271186,35,0,10,1,32,,271178,35,0,10,1,71,,271198,35,0,10,1,30,,271190,35,0,10,2,67,,271166,35,0,10,1,28,,271193,35,0,10,1,28,,271179,35,0,10,1,70,,271200,35,0,10,1,32,,271172,35,0,10,2,72,,271180,35,0,10,1,73,,271194,35,0,10,1,25,,271171,35,0,10,1,22,,271199,35,0,10,1
20202,'H60U200F-83-F2',634,,271206,35,0,10,1,70,,271211,35,0,10,2,26,,271218,35,0,10,1,70,,271224,35,0,10,2,33,,271219,35,0,10,1,71,,271228,35,0,10,2,32,,271232,35,0,10,1,72,,271229,35,0,10,1,33,,271204,35,0,10,1,73,,271220,35,0,10,1,33,,271212,35,0,10,1,70,,271207,35,0,10,1,31,,271205,35,0,10,2,70,,271210,35,0,10,1,31,,271221,35,0,10,1,70,,271213,35,0,10,1,32,,271233,35,0,10,1,70,,271225,35,0,10,2,33,,271238,35,0,10,1,73,,271222,35,0,10,1,29,,271214,35,0,10,1,72,,271234,35,0,10,1,30,,271226,35,0,10,2,70,,271239,35,0,10,1,73,,271223,35,0,10,1,32,,271215,35,0,10,1,71,,271235,35,0,10,1,30,,271227,35,0,10,2,67,,271203,35,0,10,1,28,,271230,35,0,10,1,28,,271216,35,0,10,1,70,,271237,35,0,10,1,32,,271209,35,0,10,2,72,,271217,35,0,10,1,73,,271231,35,0,10,1,25,,271208,35,0,10,1,22,,271236,35,0,10,1
37802,'H60U000A-85-A',2658,,277937,61,0,10,1,94,,277936,61,0,10,2,88,,277935,61,0,10,1
37802,'H60U000I-84-I',2657,,277938,61,0,10,1,91,,277939,61,0,10,1,90,,277940,61,0,10,1
37802,'H60U000S-86-S',2657,,277942,61,0,10,1,89,,277941,61,0,10,1,97,,277943,61,0,10,1
37802,'H60U100F-85-F1',2657,,277945,61,0,10,1,91,,277944,61,0,10,1,90,,277946,61,0,10,1
37802,'H60U200F-83-F2',2657,,277948,61,0,10,1,91,,277947,61,0,10,1,90,,277949,61,0,10,1
46002,'H58U000S-80-S',557,,280056,33,0,99 30,1,45,,280057,33,0,99 30,1,5,,280059,33,0,99 30,2,2,,280060,33,0,99 30,2,3,,280061,33,0,99 30,1,5,,280062,33,0,99 30,1,5,,280064,33,0,99 30,2,4,,280065,33,0,99 30,1,3,,280074,24,0,10,2,4,,280066,33,0,99 30,1,4,,280067,33,0,99 30,1,4,,280068,33,0,99 30,2,5,,280070,33,0,99 30,2,7,,280073,33,0,99 30,2,6,,280081,24,0,10,1,46,,280078,33,0,99 30,2,7,,280076,33,0,99 30,2,9,,280079,33,0,99 30,2,7,,280054,24,0,10,2,4,,280082,33,0,99 30,2,5,,280086,24,0,10,2,5,,280083,33,0,99 30,2,5,,280084,33,0,99 30,1,5,,280085,33,0,99 30,2,3,,280071,11,0,10,2,3,,280063,33,0,99 30,2,47,,280087,33,0,99 30,2,5,,280090,24,0,10,2,5,,280088,33,0,99 30,2,7,,280089,33,0,99 30,2,4,,280093,24,0,10,2,5,,280080,11,0,10,2,2,,280072,33,0,99 30,2,4,,280055,11,0,10,2,5,,280091,33,0,99 30,2,8,,280092,33,0,99 30,2,8,,280094,33,0,99 30,2,49,,280058,33,0,99 30,1,16,,280075,33,0,99 30,2,21,,280069,33,0,99 30,2,61,,280077,33,0,99 30,2,19,,280053,33,0,99 30,2,587,,280096,32,0,10,2,28,,280098,32,0,10,2,72,,280100,32,0,10,2,31,,280095,32,0,10,1,69,,280097,32,0,10,2,26,,280099,32,0,10,1,65,,280101,32,0,10,2,27,,280103,32,0,10,1,29,,280102,32,0,10,2
46002,'H58U200F-80-F2',602,,280104,33,0,99 30,1,15,,280106,33,0,99 30,1,26,,280108,33,0,99 30,2,71,,280111,33,0,99 30,2,34,,280113,33,0,99 30,1,65,,280114,33,0,99 30,2,25,,280110,33,0,99 30,2,66,,280105,33,0,99 30,1,18,,280107,33,0,99 30,1,21,,280109,33,0,99 30,2,62,,280112,33,0,99 30,2,19,,280115,33,0,99 30,1,587,,280121,32,0,10,2,28,,280116,32,0,10,2,72,,280118,32,0,10,2,31,,280119,32,0,10,1,69,,280120,32,0,10,2,26,,280123,32,0,10,2,65,,280124,32,0,10,1,27,,280122,32,0,10,2,29,,280117,32,0,10,2
