'25N-H56N100F-80-F1-E',3701,63000,4,'',1,2600,4,'',1,6300,4,'',1,2200,4,'',1,6200,4,'',1,2300,4,'',1,2400,4,'',1,6400,4,'',1,61400,4,'',1,3000,4,'',1,7000,4,'',1,3000,4,'',1,6800,4,'',1,2900,4,'',1,6800,4,'',1,50200,4,'',1,2600,4,'',1,6600,4,'',1,2500,4,'',1,6600,4,'',1
'25N-H56N100F-80-F1-NE',3701,53800,4,'',1,6600,4,'',1,34000,4,'',1,6500,4,'',1,2600,4,'',1,6800,4,'',1,3100,4,'',1,6800,4,'',1,2900,4,'',1,7100,4,'',1,3000,4,'',1,6900,4,'',1,2900,4,'',1,2900,4,'',1,39200,4,'',1,6900,4,'',1,2800,4,'',1,6900,4,'',1,2900,4,'',1,6700,4,'',1,2700,4,'',1,6700,4,'',1,2800,4,'',1,6500,4,'',1
'25N-H56N200F-80-F2-E',3701,63000,4,'',1,2600,4,'',1,6300,4,'',1,2200,4,'',1,6200,4,'',1,2300,4,'',1,2400,4,'',1,6400,4,'',1,61400,4,'',1,3000,4,'',1,7000,4,'',1,3000,4,'',1,6800,4,'',1,2900,4,'',1,6800,4,'',1,50200,4,'',1,2600,4,'',1,6600,4,'',1,2500,4,'',1,6600,4,'',1
'25N-H56N200F-80-F2-NE',3701,53800,4,'',1,6600,4,'',1,34000,4,'',1,6500,4,'',1,2600,4,'',1,6800,4,'',1,3100,4,'',1,6800,4,'',1,2900,4,'',1,7100,4,'',1,3000,4,'',1,6900,4,'',1,2900,4,'',1,2900,4,'',1,39200,4,'',1,6900,4,'',1,2800,4,'',1,6900,4,'',1,2900,4,'',1,6700,4,'',1,2700,4,'',1,6700,4,'',1,2800,4,'',1,6500,4,'',1
'25N-H56N300F-80-F3-E',3701,63000,4,'',1,2600,4,'',1,6300,4,'',1,2200,4,'',1,6200,4,'',1,2300,4,'',1,2400,4,'',1,6400,4,'',1,61400,4,'',1,3000,4,'',1,7000,4,'',1,3000,4,'',1,6800,4,'',1,2900,4,'',1,6800,4,'',1,50200,4,'',1,2600,4,'',1,6600,4,'',1,2500,4,'',1,6600,4,'',1
'25N-H56N300F-80-F3-NE',3701,53800,4,'',1,6600,4,'',1,34000,4,'',1,6500,4,'',1,2600,4,'',1,6800,4,'',1,3100,4,'',1,6800,4,'',1,2900,4,'',1,7100,4,'',1,3000,4,'',1,6900,4,'',1,2900,4,'',1,2900,4,'',1,39200,4,'',1,6900,4,'',1,2800,4,'',1,6900,4,'',1,2900,4,'',1,6700,4,'',1,2700,4,'',1,6700,4,'',1,2800,4,'',1,6500,4,'',1
'25N-H56N400F-80-F4-E',3701,63000,4,'',1,2600,4,'',1,6300,4,'',1,2200,4,'',1,6200,4,'',1,2300,4,'',1,2400,4,'',1,6400,4,'',1,61400,4,'',1,3000,4,'',1,7000,4,'',1,3000,4,'',1,6800,4,'',1,2900,4,'',1,6800,4,'',1,50200,4,'',1,2600,4,'',1,6600,4,'',1,2500,4,'',1,6600,4,'',1
'25N-H56N400F-80-F4-NE',3701,53800,4,'',1,6600,4,'',1,34000,4,'',1,6500,4,'',1,2600,4,'',1,6800,4,'',1,3100,4,'',1,6800,4,'',1,2900,4,'',1,7100,4,'',1,3000,4,'',1,6900,4,'',1,2900,4,'',1,2900,4,'',1,39200,4,'',1,6900,4,'',1,2800,4,'',1,6900,4,'',1,2900,4,'',1,6700,4,'',1,2700,4,'',1,6700,4,'',1,2800,4,'',1,6500,4,'',1
'25N-H56NV10A-80-A-E',3701,63200,4,'',1,2600,4,'',1,6200,4,'',1,2200,4,'',1,6200,4,'',1,2300,4,'',1,2400,4,'',1,6700,4,'',1,61100,4,'',1,3000,4,'',1,7000,4,'',1,3000,4,'',1,7100,4,'',1,2900,4,'',1,6900,4,'',1,49600,4,'',1,2600,4,'',1,6400,4,'',1,2600,4,'',1,6500,4,'',1,2600,4,'',1
'25N-H56NV10A-80-A-NE',3701,54000,4,'',1,6600,4,'',1,34000,4,'',1,6600,4,'',1,2500,4,'',1,6700,4,'',1,2900,4,'',1,6800,4,'',1,2900,4,'',1,7100,4,'',1,3000,4,'',1,7000,4,'',1,3000,4,'',1,6900,4,'',1,35700,4,'',1,6700,4,'',1,2500,4,'',1,6900,4,'',1,2800,4,'',1,6800,4,'',1,2600,4,'',1,6600,4,'',1,2600,4,'',1,2600,4,'',1
'25N-H56NV10I-80-I-E',3701,63000,4,'',1,2600,4,'',1,6300,4,'',1,2200,4,'',1,6200,4,'',1,2300,4,'',1,2400,4,'',1,6400,4,'',1,61400,4,'',1,3000,4,'',1,7000,4,'',1,3000,4,'',1,6800,4,'',1,2900,4,'',1,6800,4,'',1,50200,4,'',1,2600,4,'',1,6600,4,'',1,2500,4,'',1,6600,4,'',1
'25N-H56NV10I-80-I-NE',3701,53800,4,'',1,6600,4,'',1,34000,4,'',1,6500,4,'',1,2600,4,'',1,6800,4,'',1,3100,4,'',1,6800,4,'',1,2900,4,'',1,7100,4,'',1,3000,4,'',1,6900,4,'',1,2900,4,'',1,2900,4,'',1,39200,4,'',1,6900,4,'',1,2800,4,'',1,6900,4,'',1,2900,4,'',1,6700,4,'',1,2700,4,'',1,6700,4,'',1,2800,4,'',1,6500,4,'',1
'25N-H56NV10S-80-S-E',3701,63200,4,'',1,7300,4,'',1,2800,4,'',1,2600,4,'',1,6500,4,'',1,2200,4,'',1,6200,4,'',1,2300,4,'',1,57900,4,'',1,3400,4,'',1,7300,4,'',1,3100,4,'',1,7000,4,'',1,2900,4,'',1,7000,4,'',1,51400,4,'',1,7100,4,'',1,3300,4,'',1
'25N-H56NV10S-80-S-NE',3701,55900,4,'',1,39800,4,'',1,6900,4,'',1,2700,4,'',1,6700,4,'',1,2600,4,'',1,6900,4,'',1,2800,4,'',1,6800,4,'',1,2900,4,'',1,7000,4,'',1,3000,4,'',1,40200,4,'',1,7000,4,'',1,2800,4,'',1,6500,4,'',1,2800,4,'',1,6800,4,'',1,2600,4,'',1,2800,4,'',1,7100,4,'',1,3300,4,'',1
'25N-H56NV20A-80-A-E',3701,63200,4,'',1,2600,4,'',1,6200,4,'',1,2200,4,'',1,6200,4,'',1,2300,4,'',1,2400,4,'',1,6700,4,'',1,61100,4,'',1,3000,4,'',1,7000,4,'',1,3000,4,'',1,7100,4,'',1,2900,4,'',1,6900,4,'',1,49600,4,'',1,2600,4,'',1,6400,4,'',1,2600,4,'',1,6500,4,'',1,2600,4,'',1
'25N-H56NV20A-80-A-NE',3701,54000,4,'',1,6600,4,'',1,34000,4,'',1,6600,4,'',1,2500,4,'',1,6700,4,'',1,2900,4,'',1,6800,4,'',1,2900,4,'',1,7100,4,'',1,3000,4,'',1,7000,4,'',1,3000,4,'',1,6900,4,'',1,35700,4,'',1,6700,4,'',1,2500,4,'',1,6900,4,'',1,2800,4,'',1,6800,4,'',1,2600,4,'',1,6600,4,'',1,2600,4,'',1,2600,4,'',1
'25N-H56NV20I-80-I-E',3701,63000,4,'',1,2600,4,'',1,6300,4,'',1,2200,4,'',1,6200,4,'',1,2300,4,'',1,2400,4,'',1,6400,4,'',1,61400,4,'',1,3000,4,'',1,7000,4,'',1,3000,4,'',1,6800,4,'',1,2900,4,'',1,6800,4,'',1,50200,4,'',1,2600,4,'',1,6600,4,'',1,2500,4,'',1,6600,4,'',1
'25N-H56NV20I-80-I-NE',3701,53800,4,'',1,6600,4,'',1,34000,4,'',1,6500,4,'',1,2600,4,'',1,6800,4,'',1,3100,4,'',1,6800,4,'',1,2900,4,'',1,7100,4,'',1,3000,4,'',1,6900,4,'',1,2900,4,'',1,2900,4,'',1,39200,4,'',1,6900,4,'',1,2800,4,'',1,6900,4,'',1,2900,4,'',1,6700,4,'',1,2700,4,'',1,6700,4,'',1,2800,4,'',1,6500,4,'',1
'25N-H56NV20S-80-S-E',3701,63200,4,'',1,7300,4,'',1,2800,4,'',1,2600,4,'',1,6500,4,'',1,2200,4,'',1,6200,4,'',1,2300,4,'',1,57900,4,'',1,3400,4,'',1,7300,4,'',1,3100,4,'',1,7000,4,'',1,2900,4,'',1,7000,4,'',1,51400,4,'',1,7100,4,'',1,3300,4,'',1
'25N-H56NV20S-80-S-NE',3701,55900,4,'',1,39800,4,'',1,6900,4,'',1,2700,4,'',1,6700,4,'',1,2600,4,'',1,6900,4,'',1,2800,4,'',1,6800,4,'',1,2900,4,'',1,7000,4,'',1,3000,4,'',1,40200,4,'',1,7000,4,'',1,2800,4,'',1,6500,4,'',1,2800,4,'',1,6800,4,'',1,2600,4,'',1,2800,4,'',1,7100,4,'',1,3300,4,'',1
'25N-H56N100F-80-F1-E',3804,62600,4,'',1,3000,4,'',1,6900,4,'',1,2900,4,'',1,7100,4,'',1,3200,4,'',1,7000,4,'',1,57700,4,'',1,3000,4,'',1,7000,4,'',1,3000,4,'',1,6900,4,'',1,2900,4,'',1,7000,4,'',1,52500,4,'',1,2900,4,'',1,7000,4,'',1,3000,4,'',1,7000,4,'',1
'25N-H56N100F-80-F1-NE',3804,55600,4,'',1,40100,4,'',1,7300,4,'',1,7200,4,'',1,3000,4,'',1,7000,4,'',1,3100,4,'',1,7000,4,'',1,3000,4,'',1,7000,4,'',1,3000,4,'',1,39900,4,'',1,6900,4,'',1,2800,4,'',1,2800,4,'',1,7000,4,'',1,3000,4,'',1,7000,4,'',1,3000,4,'',1,7000,4,'',1,3000,4,'',1
'25N-H56N200F-80-F2-E',3804,62600,4,'',1,3000,4,'',1,6900,4,'',1,2900,4,'',1,7100,4,'',1,3200,4,'',1,7000,4,'',1,57700,4,'',1,3000,4,'',1,7000,4,'',1,3000,4,'',1,6900,4,'',1,2900,4,'',1,7000,4,'',1,52500,4,'',1,2900,4,'',1,7000,4,'',1,3000,4,'',1,7000,4,'',1
'25N-H56N200F-80-F2-NE',3804,55600,4,'',1,40100,4,'',1,7300,4,'',1,7200,4,'',1,3000,4,'',1,7000,4,'',1,3100,4,'',1,7000,4,'',1,3000,4,'',1,7000,4,'',1,3000,4,'',1,39900,4,'',1,6900,4,'',1,2800,4,'',1,2800,4,'',1,7000,4,'',1,3000,4,'',1,7000,4,'',1,3000,4,'',1,7000,4,'',1,3000,4,'',1
'25N-H56N300F-80-F3-E',3804,62600,4,'',1,3000,4,'',1,6900,4,'',1,2900,4,'',1,7100,4,'',1,3200,4,'',1,7000,4,'',1,57700,4,'',1,3000,4,'',1,7000,4,'',1,3000,4,'',1,6900,4,'',1,2900,4,'',1,7000,4,'',1,52500,4,'',1,2900,4,'',1,7000,4,'',1,3000,4,'',1,7000,4,'',1
'25N-H56N300F-80-F3-NE',3804,55600,4,'',1,40100,4,'',1,7300,4,'',1,7200,4,'',1,3000,4,'',1,7000,4,'',1,3100,4,'',1,7000,4,'',1,3000,4,'',1,7000,4,'',1,3000,4,'',1,39900,4,'',1,6900,4,'',1,2800,4,'',1,2800,4,'',1,7000,4,'',1,3000,4,'',1,7000,4,'',1,3000,4,'',1,7000,4,'',1,3000,4,'',1
'25N-H56N400F-80-F4-E',3804,62600,4,'',1,3000,4,'',1,6900,4,'',1,2900,4,'',1,7100,4,'',1,3200,4,'',1,7000,4,'',1,57700,4,'',1,3000,4,'',1,7000,4,'',1,3000,4,'',1,6900,4,'',1,2900,4,'',1,7000,4,'',1,52500,4,'',1,2900,4,'',1,7000,4,'',1,3000,4,'',1,7000,4,'',1
'25N-H56N400F-80-F4-NE',3804,55600,4,'',1,40100,4,'',1,7300,4,'',1,7200,4,'',1,3000,4,'',1,7000,4,'',1,3100,4,'',1,7000,4,'',1,3000,4,'',1,7000,4,'',1,3000,4,'',1,39900,4,'',1,6900,4,'',1,2800,4,'',1,2800,4,'',1,7000,4,'',1,3000,4,'',1,7000,4,'',1,3000,4,'',1,7000,4,'',1,3000,4,'',1
'25N-H56NV10A-80-A-E',3804,62700,4,'',2,3000,4,'',1,7000,4,'',2,2900,4,'',1,7100,4,'',2,3000,4,'',1,7000,4,'',2,57600,4,'',2,3000,4,'',1,7000,4,'',2,3000,4,'',2,7000,4,'',1,3100,4,'',2,7100,4,'',2,52200,4,'',1,2900,4,'',1,7000,4,'',1,3000,4,'',1,7000,4,'',1
'25N-H56NV10A-80-A-NE',3804,55700,4,'',1,40100,4,'',1,7100,4,'',2,7100,4,'',1,2900,4,'',1,3000,4,'',2,7100,4,'',1,7000,4,'',2,3100,4,'',2,7000,4,'',1,3100,4,'',2,40300,4,'',1,6800,4,'',2,3000,4,'',1,6800,4,'',1,2900,4,'',2,2900,4,'',1,6900,4,'',1,3100,4,'',1,6900,4,'',1,2900,4,'',1
'25N-H56NV10I-80-I-E',3804,62600,4,'',1,3000,4,'',1,6900,4,'',1,2900,4,'',1,7100,4,'',1,3200,4,'',1,7000,4,'',1,57700,4,'',1,3000,4,'',1,7000,4,'',1,3000,4,'',1,6900,4,'',1,2900,4,'',1,7000,4,'',1,52500,4,'',1,2900,4,'',1,7000,4,'',1,3000,4,'',1,7000,4,'',1
'25N-H56NV10I-80-I-NE',3804,55600,4,'',1,40100,4,'',1,7300,4,'',1,7200,4,'',1,3000,4,'',1,7000,4,'',1,3100,4,'',1,7000,4,'',1,3000,4,'',1,7000,4,'',1,3000,4,'',1,39900,4,'',1,6900,4,'',1,2800,4,'',1,2800,4,'',1,7000,4,'',1,3000,4,'',1,7000,4,'',1,3000,4,'',1,7000,4,'',1,3000,4,'',1
'25N-H56NV10S-80-S-E',3804,62500,4,'',1,3200,4,'',1,7800,4,'',1,7500,4,'',1,3500,4,'',1,6800,4,'',1,2700,4,'',2,56600,4,'',1,2900,4,'',2,6900,4,'',1,3100,4,'',1,7000,4,'',2,3000,4,'',1,6900,4,'',1,2600,4,'',2,50000,4,'',1,2900,4,'',1,6900,4,'',1,2800,4,'',1,6900,4,'',1
'25N-H56NV10S-80-S-NE',3804,55500,4,'',1,45400,4,'',1,3000,4,'',1,7000,4,'',2,3000,4,'',1,6900,4,'',1,2900,4,'',2,6900,4,'',1,2900,4,'',1,6900,4,'',2,3200,4,'',1,46400,4,'',1,2800,4,'',1,2600,4,'',1,6700,4,'',1,3200,4,'',1,7200,4,'',1,3200,4,'',1,7100,4,'',1,3100,4,'',1
'25N-H56NV20A-80-A-E',3804,62700,4,'',2,3000,4,'',1,7000,4,'',2,2900,4,'',1,7100,4,'',2,3000,4,'',1,7000,4,'',2,57600,4,'',2,3000,4,'',1,7000,4,'',2,3000,4,'',2,7000,4,'',1,3100,4,'',2,7100,4,'',2,52200,4,'',1,2900,4,'',1,7000,4,'',1,3000,4,'',1,7000,4,'',1
'25N-H56NV20A-80-A-NE',3804,55700,4,'',1,40100,4,'',1,7100,4,'',2,7100,4,'',1,2900,4,'',1,3000,4,'',2,7100,4,'',1,7000,4,'',2,3100,4,'',2,7000,4,'',1,3100,4,'',2,40300,4,'',1,6800,4,'',2,3000,4,'',1,6800,4,'',1,2900,4,'',2,2900,4,'',1,6900,4,'',1,3100,4,'',1,6900,4,'',1,2900,4,'',1
'25N-H56NV20I-80-I-E',3804,62600,4,'',1,3000,4,'',1,6900,4,'',1,2900,4,'',1,7100,4,'',1,3200,4,'',1,7000,4,'',1,57700,4,'',1,3000,4,'',1,7000,4,'',1,3000,4,'',1,6900,4,'',1,2900,4,'',1,7000,4,'',1,52500,4,'',1,2900,4,'',1,7000,4,'',1,3000,4,'',1,7000,4,'',1
'25N-H56NV20I-80-I-NE',3804,55600,4,'',1,40100,4,'',1,7300,4,'',1,7200,4,'',1,3000,4,'',1,7000,4,'',1,3100,4,'',1,7000,4,'',1,3000,4,'',1,7000,4,'',1,3000,4,'',1,39900,4,'',1,6900,4,'',1,2800,4,'',1,2800,4,'',1,7000,4,'',1,3000,4,'',1,7000,4,'',1,3000,4,'',1,7000,4,'',1,3000,4,'',1
'25N-H56NV20S-80-S-E',3804,62500,4,'',1,3200,4,'',1,7800,4,'',1,7500,4,'',1,3500,4,'',1,6800,4,'',1,2700,4,'',2,56600,4,'',1,2900,4,'',2,6900,4,'',1,3100,4,'',1,7000,4,'',2,3000,4,'',1,6900,4,'',1,2600,4,'',2,50000,4,'',1,2900,4,'',1,6900,4,'',1,2800,4,'',1,6900,4,'',1
'25N-H56NV20S-80-S-NE',3804,55500,4,'',1,45400,4,'',1,3000,4,'',1,7000,4,'',2,3000,4,'',1,6900,4,'',1,2900,4,'',2,6900,4,'',1,2900,4,'',1,6900,4,'',2,3200,4,'',1,46400,4,'',1,2800,4,'',1,2600,4,'',1,6700,4,'',1,3200,4,'',1,7200,4,'',1,3200,4,'',1,7100,4,'',1,3100,4,'',1
