1003,'H59M000A-80-A',551,,177562,7,0,8,1,67,,177525,7,0,8,1,30,,177563,7,0,8,1,68,,177526,7,0,8,1,29,,177564,7,0,8,1,70,,177527,7,0,8,1,28,,177536,7,0,8,1,66,,177547,7,0,8,1,26,,177528,7,0,8,1,66,,177537,7,0,8,1,25,,177548,7,0,8,1,26,,177529,7,0,8,1,66,,177538,7,0,8,1,28,,177549,7,0,8,1,68,,177530,7,0,8,1,28,,177539,7,0,8,1,68,,177550,7,0,8,1,27,,177531,7,0,8,1,66,,177540,7,0,8,1,30,,177551,7,0,8,1,71,,177532,7,0,8,1,30,,177541,7,0,8,1,66,,177552,7,0,8,1,27,,177533,7,0,8,1,28,,177542,7,0,8,1,71,,177553,7,0,8,1,27,,177534,7,0,8,1,68,,177543,7,0,8,1,29,,177554,7,0,8,1,68,,177535,7,0,8,1,28,,177544,7,0,8,1,73,,177555,7,0,8,1,33,,177545,7,0,8,1,72,,177556,7,0,8,1,31,,177546,7,0,8,1,73,,177557,7,0,8,1,28,,177565,7,0,8,2,72,,177558,7,0,8,1,29,,177566,7,0,8,2,70,,177559,7,0,8,1,29,,177567,7,0,8,2,69,,177560,7,0,8,1,18,,177561,7,0,8,1
1003,'H59M000I-80-I',551,,177605,7,0,8,1,67,,177568,7,0,8,1,28,,177606,7,0,8,1,69,,177569,7,0,8,1,28,,177607,7,0,8,1,69,,177570,7,0,8,1,28,,177608,7,0,8,1,70,,177571,7,0,8,1,29,,177586,7,0,8,2,70,,177591,7,0,8,2,30,,177572,7,0,8,1,70,,177587,7,0,8,2,30,,177592,7,0,8,2,70,,177573,7,0,8,1,30,,177588,7,0,8,2,66,,177593,7,0,8,2,31,,177574,7,0,8,1,68,,177589,7,0,8,2,28,,177594,7,0,8,2,68,,177575,7,0,8,1,28,,177590,7,0,8,2,30,,177595,7,0,8,2,70,,177576,7,0,8,1,31,,177577,7,0,8,1,73,,177596,7,0,8,2,73,,177578,7,0,8,1,32,,177597,7,0,8,2,72,,177579,7,0,8,1,29,,177598,7,0,8,2,72,,177580,7,0,8,1,29,,177599,7,0,8,2,71,,177581,7,0,8,1,25,,177600,7,0,8,2,71,,177582,7,0,8,1,27,,177601,7,0,8,2,68,,177583,7,0,8,1,28,,177602,7,0,8,2,27,,177584,7,0,8,1,66,,177603,7,0,8,2,26,,177585,7,0,8,1,66,,177604,7,0,8,2
1003,'H59M000S-80-S',551,,177623,7,0,8,1,68,,177638,7,0,8,2,34,,177609,7,0,8,2,72,,177624,7,0,8,1,30,,177639,7,0,8,2,71,,177610,7,0,8,2,30,,177625,7,0,8,1,67,,177640,7,0,8,2,29,,177611,7,0,8,2,68,,177626,7,0,8,1,31,,177641,7,0,8,2,68,,177612,7,0,8,2,28,,177627,7,0,8,1,68,,177642,7,0,8,2,28,,177613,7,0,8,2,67,,177628,7,0,8,1,28,,177643,7,0,8,2,69,,177614,7,0,8,2,30,,177629,7,0,8,1,73,,177644,7,0,8,2,31,,177615,7,0,8,2,72,,177630,7,0,8,1,33,,177645,7,0,8,2,71,,177616,7,0,8,2,33,,177631,7,0,8,1,66,,177646,7,0,8,2,31,,177617,7,0,8,2,65,,177632,7,0,8,1,26,,177647,7,0,8,2,66,,177618,7,0,8,2,28,,177633,7,0,8,1,68,,177648,7,0,8,2,29,,177619,7,0,8,2,29,,177634,7,0,8,1,68,,177649,7,0,8,2,28,,177620,7,0,8,2,69,,177635,7,0,8,1,31,,177621,7,0,8,2,66,,177636,7,0,8,1,30,,177622,7,0,8,2,65,,177637,7,0,8,1
4503,'H57M000S-80-S',1637,,184556,6,0,8,1
4503,'H58M000A-80-A',552,,184557,6,0,8,1,71,,184571,6,0,8,1,30,,184584,6,0,8,2,71,,184558,6,0,8,1,29,,184572,6,0,8,1,70,,184585,6,0,8,2,32,,184559,6,0,8,1,73,,184573,6,0,8,1,74,,184586,6,0,8,2,33,,184560,6,0,8,1,72,,184564,6,0,8,2,28,,184574,6,0,8,1,71,,184587,6,0,8,2,32,,184561,6,0,8,1,71,,184565,6,0,8,2,24,,184575,6,0,8,1,24,,184589,6,0,8,1,64,,184588,6,0,8,2,20,,184592,6,0,8,1,18,,184562,6,0,8,1,58,,184566,6,0,8,2,19,,184577,6,0,8,1,19,,184576,6,0,8,1,60,,184590,6,0,8,1,23,,184563,6,0,8,1,66,,184593,6,0,8,1,25,,184567,6,0,8,2,25,,184578,6,0,8,1,66,,184591,6,0,8,1,27,,184597,6,0,8,1,67,,184594,6,0,8,1,27,,184568,6,0,8,2,66,,184579,6,0,8,1,26,,184598,6,0,8,1,26,,184583,6,0,8,2,64,,184569,6,0,8,2,30,,184580,6,0,8,1,70,,184599,6,0,8,1,32,,184570,6,0,8,2,71,,184581,6,0,8,1,29,,184600,6,0,8,1,69,,184596,6,0,8,2,29,,184582,6,0,8,1,69,,184601,6,0,8,1,29,,184595,6,0,8,1
4503,'H58M000I-80-I',554,,184609,6,0,8,1,70,,184618,6,0,8,1,29,,184629,6,0,8,1,69,,184610,6,0,8,1,30,,184619,6,0,8,1,70,,184630,6,0,8,1,31,,184611,6,0,8,1,72,,184620,6,0,8,1,34,,184631,6,0,8,1,73,,184612,6,0,8,1,72,,184621,6,0,8,1,32,,184602,6,0,8,1,73,,184632,6,0,8,1,31,,184613,6,0,8,1,72,,184622,6,0,8,1,32,,184603,6,0,8,1,72,,184634,6,0,8,1,32,,184614,6,0,8,1,72,,184623,6,0,8,1,33,,184616,6,0,8,2,64,,184635,6,0,8,2,25,,184615,6,0,8,1,65,,184617,6,0,8,1,27,,184624,6,0,8,1,70,,184633,6,0,8,1,28,,184636,6,0,8,2,72,,184604,6,0,8,1,32,,184637,6,0,8,1,72,,184625,6,0,8,1,31,,184605,6,0,8,1,71,,184638,6,0,8,1,33,,184626,6,0,8,1,71,,184606,6,0,8,1,30,,184639,6,0,8,1,70,,184627,6,0,8,1,30,,184607,6,0,8,1,68,,184640,6,0,8,1,31,,184628,6,0,8,1,72,,184608,6,0,8,1
4503,'H58M000S-80-S',541,,184643,6,0,8,1,69,,184650,6,0,8,2,29,,184652,6,0,8,2,70,,184653,6,0,8,1,30,,184644,6,0,8,1,16,,184651,6,0,8,2,61,,184665,6,0,8,2,30,,184678,6,0,8,1,67,,184654,6,0,8,2,27,,184645,6,0,8,1,64,,184672,6,0,8,1,23,,184666,6,0,8,2,24,,184679,6,0,8,1,64,,184655,6,0,8,2,24,,184646,6,0,8,1,64,,184673,6,0,8,1,26,,184667,6,0,8,2,26,,184660,6,0,8,1,66,,184656,6,0,8,2,24,,184647,6,0,8,1,61,,184685,6,0,8,1,19,,184674,6,0,8,1,18,,184681,6,0,8,2,58,,184689,6,0,8,2,12,,184661,6,0,8,1,12,,184688,6,0,8,2,12,,184657,6,0,8,2,12,,184680,6,0,8,2,52,,184648,6,0,8,1,24,,184686,6,0,8,1,24,,184675,6,0,8,1,52,,184668,6,0,8,2,12,,184659,6,0,8,2,12,,184662,6,0,8,1,12,,184682,6,0,8,2,12,,184658,6,0,8,2,52,,184669,6,0,8,2,12,,184649,6,0,8,1,12,,184691,6,0,8,1,20,,184687,6,0,8,1,59,,184676,6,0,8,1,23,,184663,6,0,8,1,30,,184670,6,0,8,2,69,,184692,6,0,8,1,29,,184677,6,0,8,1,69,,184664,6,0,8,1,29,,184671,6,0,8,2,70,,184695,6,0,8,1,29,,184693,6,0,8,1,69,,184641,6,0,8,1,31,,184690,6,0,8,1,66,,184694,6,0,8,1,29,,184683,6,0,8,1,56,,184684,6,0,8,1,16,,184642,6,0,8,2
4503,'H59M000S-80-S',655,,184697,6,0,8,2,69,,184698,6,0,8,2,889,,184696,6,0,8,1
35903,'H57M000A-80-A',2616,,214407,6,0,8,1,20,,214403,6,0,8,1,20,,214409,6,0,8,1,68,,214408,6,0,8,1,35,,214404,6,0,8,1,76,,214406,6,0,8,1,75,,214405,6,0,8,1
35903,'H57M000I-80-I',2540,,214410,6,0,8,1,75,,214414,6,0,8,1,35,,214411,6,0,8,1,75,,214415,6,0,8,1,75,,214412,6,0,8,1,35,,214416,6,0,8,1,75,,214413,6,0,8,1
35903,'H57M000S-80-S',2539,,214420,6,0,8,1,75,,214417,6,0,8,1,39,,214421,6,0,8,1,72,,214418,6,0,8,1,76,,214422,6,0,8,1,34,,214419,6,0,8,1,76,,214423,6,0,8,1
44501,'H51M000S-80-S',1557,,216220,18,0,5,1,60,,216222,18,0,5,2,42,,216218,18,0,5,1,82,,216219,18,0,5,2,61,,216217,18,0,5,1,57,,216221,18,0,5,1
44501,'H59M000S-80-S',1639,,216226,18,0,5,2,81,,216224,18,0,5,1,100,,216223,18,0,5,2,19,,216225,18,0,5,1
