6801,'H50M000S-70-S',1629,,108842,33,0,5,1
6801,'H60M000A-71-A',618,,108851,27,0,5,2,32,,108843,27,0,5,1,73,,108852,27,0,5,2,33,,108868,27,0,5,1,73,,108870,27,0,5,1,73,,108862,27,0,5,1,34,,108853,27,0,5,1,69,,108878,33,0,5,2,28,,108869,27,0,5,1,69,,108871,27,0,5,1,30,,108844,27,0,5,1,70,,108854,27,0,5,1,30,,108863,27,0,5,1,70,,108872,27,0,5,1,30,,108845,27,0,5,1,70,,108855,27,0,5,1,29,,108864,27,0,5,1,70,,108873,27,0,5,1,30,,108846,27,0,5,1,70,,108856,27,0,5,1,29,,108865,27,0,5,1,28,,108874,27,0,5,1,69,,108847,27,0,5,1,30,,108857,27,0,5,1,69,,108866,27,0,5,1,28,,108875,27,0,5,1,68,,108848,27,0,5,1,30,,108858,27,0,5,1,72,,108867,27,0,5,1,33,,108876,27,0,5,1,73,,108849,12,0,5,1,73,,108880,12,0,5,2,33,,108861,12,0,5,1,72,,108877,12,0,5,1,32,,108850,12,0,5,1,71,,108860,12,0,5,1,22,,108859,12,0,5,2,22,,108879,12,0,5,1
6801,'H60M000I-71-I',616,,108881,27,0,5,1,35,,108884,27,0,5,2,75,,108894,27,0,5,1,75,,108882,27,0,5,1,32,,108885,27,0,5,2,68,,108913,33,0,5,1,30,,108895,27,0,5,1,28,,108883,27,0,5,1,69,,108886,27,0,5,2,28,,108906,27,0,5,1,69,,108914,27,0,5,2,30,,108896,27,0,5,1,71,,108887,27,0,5,2,30,,108907,27,0,5,1,70,,108915,27,0,5,2,30,,108897,27,0,5,1,70,,108888,27,0,5,2,30,,108908,27,0,5,1,70,,108916,27,0,5,2,30,,108898,27,0,5,1,70,,108889,27,0,5,2,30,,108909,27,0,5,1,70,,108917,27,0,5,2,30,,108900,27,0,5,1,70,,108890,27,0,5,2,30,,108910,27,0,5,1,70,,108918,27,0,5,2,33,,108899,27,0,5,1,71,,108891,27,0,5,2,73,,108911,27,0,5,1,33,,108904,12,0,5,1,72,,108901,12,0,5,1,29,,108892,12,0,5,2,69,,108912,12,0,5,1,29,,108905,12,0,5,1,68,,108902,12,0,5,1,28,,108903,12,0,5,1,24,,108893,12,0,5,1
6801,'H60M000S-71-S',457,,108919,12,0,5,1,70,,108920,33,0,5,2,31,,108921,33,0,5,1,75,,108926,33,0,5,2,74,,108943,33,0,5,2,32,,108944,33,0,5,1,75,,108938,33,0,5,1,33,,108945,33,0,5,1,74,,108927,33,0,5,2,13,,108934,27,0,5,1,68,,108922,27,0,5,1,29,,108939,27,0,5,1,69,,108946,27,0,5,1,29,,108935,27,0,5,1,29,,108923,27,0,5,1,69,,108940,27,0,5,1,29,,108947,27,0,5,1,68,,108936,27,0,5,1,29,,108924,27,0,5,1,69,,108941,27,0,5,1,30,,108948,27,0,5,1,76,,108937,27,0,5,1,28,,108925,27,0,5,1,100,,108942,33,0,5,1,68,,108949,33,0,5,1,28,,108951,33,0,5,2,69,,108931,33,0,5,1,29,,108953,33,0,5,2,64,,108928,27,0,5,1,26,,108954,27,0,5,1,67,,108958,27,0,5,1,31,,108932,27,0,5,1,71,,108929,27,0,5,1,29,,108955,12,0,5,1,67,,108959,12,0,5,1,27,,108933,12,0,5,1,27,,108930,12,0,5,1,67,,108956,12,0,5,1,74,,108952,12,0,5,1,35,,108950,12,0,5,1,72,,108957,12,0,5,1
6801,'H60M100F-71-F1',616,,108960,27,0,5,1,35,,108963,27,0,5,1,75,,108974,27,0,5,2,75,,108961,27,0,5,1,32,,108964,27,0,5,1,69,,108996,27,0,5,1,29,,108975,27,0,5,2,28,,108962,27,0,5,1,69,,108965,27,0,5,1,28,,108987,27,0,5,2,69,,108969,27,0,5,1,30,,108976,27,0,5,2,71,,108966,27,0,5,1,30,,108988,27,0,5,2,70,,108970,27,0,5,1,30,,108977,27,0,5,2,70,,108967,27,0,5,1,30,,108989,27,0,5,2,70,,108971,27,0,5,1,30,,108978,27,0,5,2,70,,108968,27,0,5,1,30,,108990,27,0,5,2,70,,108972,27,0,5,1,30,,108979,27,0,5,2,70,,108981,27,0,5,1,30,,108992,27,0,5,2,70,,108973,27,0,5,1,33,,108980,27,0,5,2,71,,108982,27,0,5,1,73,,108993,27,0,5,2,33,,108985,12,0,5,1,72,,108995,12,0,5,1,29,,108983,12,0,5,1,69,,108991,12,0,5,2,29,,108986,12,0,5,1,68,,108994,12,0,5,1,28,,108997,12,0,5,1,24,,108984,12,0,5,1
6801,'H60M200F-71-F2',616,,109011,27,0,5,1,35,,108998,27,0,5,1,75,,109010,27,0,5,2,75,,109012,27,0,5,1,32,,108999,27,0,5,1,69,,109027,27,0,5,1,29,,109004,27,0,5,2,28,,109013,27,0,5,1,69,,109000,27,0,5,1,28,,109019,27,0,5,2,69,,109014,27,0,5,1,30,,109005,27,0,5,2,71,,109001,27,0,5,1,30,,109020,27,0,5,2,70,,109015,27,0,5,1,30,,109006,27,0,5,2,70,,109002,27,0,5,1,30,,109022,27,0,5,2,70,,109016,27,0,5,1,30,,109007,27,0,5,2,70,,109003,27,0,5,1,30,,109021,27,0,5,2,70,,109017,27,0,5,1,30,,109008,27,0,5,2,70,,109030,27,0,5,1,30,,109023,27,0,5,2,70,,109018,27,0,5,1,33,,109009,27,0,5,2,71,,109031,27,0,5,1,73,,109024,27,0,5,2,33,,109034,12,0,5,1,72,,109029,12,0,5,1,29,,109032,12,0,5,1,69,,109025,12,0,5,2,29,,109035,12,0,5,1,68,,109028,12,0,5,1,28,,109026,12,0,5,1,24,,109033,12,0,5,1
6801,'H60M300F-71-F3',616,,109036,27,0,5,2,35,,109040,27,0,5,1,75,,109058,27,0,5,2,75,,109037,27,0,5,2,32,,109041,27,0,5,1,69,,109073,27,0,5,1,29,,109059,27,0,5,2,28,,109038,27,0,5,2,69,,109042,27,0,5,1,28,,109066,27,0,5,1,69,,109052,27,0,5,1,30,,109057,27,0,5,2,71,,109043,27,0,5,1,30,,109067,27,0,5,1,70,,109053,27,0,5,1,30,,109062,27,0,5,2,70,,109044,27,0,5,1,30,,109068,27,0,5,1,70,,109054,27,0,5,1,30,,109060,27,0,5,2,70,,109045,27,0,5,1,30,,109069,27,0,5,1,70,,109055,27,0,5,1,30,,109061,27,0,5,2,70,,109046,27,0,5,1,30,,109070,27,0,5,1,70,,109056,27,0,5,1,33,,109063,27,0,5,2,71,,109047,27,0,5,1,73,,109071,27,0,5,1,33,,109049,12,0,5,1,72,,109039,12,0,5,1,29,,109048,12,0,5,1,69,,109072,12,0,5,1,29,,109050,12,0,5,1,68,,109051,12,0,5,2,28,,109065,12,0,5,1,24,,109064,12,0,5,1
37601,'H60M000A-71-A',2450,,155343,12,0,5,1,85,,155347,12,0,5,1,85,,155345,12,0,5,1,85,,155346,12,0,5,1,45,,155344,12,0,5,1
37601,'H60M000I-71-I',2450,,155349,12,0,5,2,85,,155350,12,0,5,1,85,,155351,12,0,5,1,85,,155352,12,0,5,1,45,,155348,12,0,5,1
37601,'H60M000S-71-S',2449,,155355,12,0,5,1,85,,155354,12,0,5,1,85,,155353,12,0,5,1,85,,155357,12,0,5,1,45,,155356,12,0,5,1
37601,'H60M100F-71-F1',2450,,155360,12,0,5,1,85,,155362,12,0,5,1,85,,155358,12,0,5,1,85,,155359,12,0,5,1,45,,155361,12,0,5,1
37601,'H60M200F-71-F2',2450,,155365,12,0,5,1,85,,155367,12,0,5,1,85,,155364,12,0,5,1,85,,155363,12,0,5,1,45,,155366,12,0,5,1
37601,'H60M300F-71-F3',2450,,155372,12,0,5,1,85,,155368,12,0,5,1,85,,155370,12,0,5,1,85,,155371,12,0,5,1,45,,155369,12,0,5,1
