15001,'H56M000S-80-S',1624,,202609,1,0,5,1
15001,'H59M000A-80-A',855,,202611,1,0,5,2,66,,202637,1,0,5,1,27,,202612,1,0,5,2,66,,202638,1,0,5,1,18,,202625,1,0,5,2,19,,202613,1,0,5,2,60,,202639,1,0,5,1,19,,202626,1,0,5,2,20,,202614,1,0,5,2,59,,202640,1,0,5,1,19,,202627,1,0,5,2,20,,202615,1,0,5,2,59,,202641,1,0,5,1,21,,202628,1,0,5,2,21,,202616,1,0,5,2,61,,202642,1,0,5,1,23,,202629,1,0,5,2,21,,202617,1,0,5,2,61,,202643,1,0,5,1,23,,202630,1,0,5,2,20,,202618,1,0,5,2,61,,202644,1,0,5,1,23,,202631,1,0,5,2,60,,202619,1,0,5,2,22,,202645,1,0,5,1,22,,202632,1,0,5,2,61,,202620,1,0,5,2,21,,202646,1,0,5,1,22,,202633,1,0,5,2,62,,202621,1,0,5,2,21,,202647,1,0,5,1,21,,202634,1,0,5,2,62,,202622,1,0,5,2,22,,202648,1,0,5,1,21,,202635,1,0,5,2,61,,202623,1,0,5,2,22,,202649,1,0,5,1,63,,202636,1,0,5,2,25,,202624,1,0,5,2,72,,202650,1,0,5,1,32,,202610,1,0,5,1,72,,202651,1,0,5,1
15001,'H59M000I-80-I',855,,202667,1,0,5,1,65,,202652,1,0,5,1,26,,202668,1,0,5,1,65,,202681,1,0,5,1,19,,202653,1,0,5,1,19,,202669,1,0,5,1,59,,202682,1,0,5,1,19,,202654,1,0,5,1,19,,202670,1,0,5,1,60,,202683,1,0,5,1,20,,202655,1,0,5,1,20,,202671,1,0,5,1,60,,202684,1,0,5,1,21,,202656,1,0,5,1,20,,202672,1,0,5,1,61,,202685,1,0,5,1,21,,202657,1,0,5,1,21,,202673,1,0,5,1,60,,202686,1,0,5,1,21,,202658,1,0,5,1,21,,202674,1,0,5,1,61,,202687,1,0,5,1,21,,202659,1,0,5,1,21,,202675,1,0,5,1,60,,202688,1,0,5,1,20,,202660,1,0,5,1,20,,202676,1,0,5,1,60,,202689,1,0,5,1,19,,202661,1,0,5,1,19,,202677,1,0,5,1,60,,202690,1,0,5,1,19,,202662,1,0,5,1,19,,202678,1,0,5,1,59,,202691,1,0,5,1,20,,202663,1,0,5,1,19,,202679,1,0,5,1,60,,202692,1,0,5,1,19,,202664,1,0,5,1,19,,202680,1,0,5,1,59,,202693,1,0,5,1,27,,202665,1,0,5,1,70,,202694,1,0,5,1,29,,202666,1,0,5,1,68,,202695,1,0,5,1
15001,'H59M000S-80-S',624,,202714,1,0,5,1,23,,202725,1,0,5,2,62,,202696,1,0,5,2,23,,202715,1,0,5,1,24,,202726,1,0,5,2,65,,202697,1,0,5,2,23,,202716,1,0,5,1,61,,202702,1,0,5,1,19,,202727,1,0,5,2,18,,202698,1,0,5,2,59,,202717,1,0,5,1,19,,202703,1,0,5,1,20,,202728,1,0,5,2,60,,202699,1,0,5,2,21,,202718,1,0,5,1,21,,202704,1,0,5,1,60,,202729,1,0,5,2,20,,202700,1,0,5,2,21,,202719,1,0,5,1,60,,202705,1,0,5,1,20,,202730,1,0,5,2,21,,202701,1,0,5,2,60,,202720,1,0,5,1,19,,202706,1,0,5,1,20,,202731,1,0,5,2,60,,202738,1,0,5,2,20,,202721,1,0,5,1,20,,202707,1,0,5,1,60,,202732,1,0,5,2,40,,202722,1,0,5,1,60,,202708,1,0,5,1,19,,202733,1,0,5,2,20,,202739,1,0,5,1,61,,202723,1,0,5,1,21,,202709,1,0,5,1,21,,202734,1,0,5,2,61,,202740,1,0,5,1,21,,202724,1,0,5,1,21,,202710,1,0,5,1,61,,202735,1,0,5,2,23,,202741,1,0,5,1,68,,202711,1,0,5,1,30,,202736,1,0,5,2,70,,202742,1,0,5,1,30,,202712,1,0,5,1,70,,202737,1,0,5,2,30,,202743,1,0,5,1,73,,202713,1,0,5,1
15002,'H59M000A-80-A',919,,202772,28,4,,1,27,,202746,28,4,,2,66,,202773,28,4,,1,17,,202759,28,4,,2,19,,202747,28,4,,2,60,,202774,28,4,,1,19,,202760,28,4,,2,20,,202748,28,4,,2,59,,202775,28,4,,1,19,,202761,28,4,,2,20,,202749,28,4,,2,59,,202776,28,4,,1,21,,202762,28,4,,2,20,,202750,28,4,,2,61,,202777,28,4,,1,24,,202763,28,4,,2,21,,202751,28,4,,2,61,,202778,28,4,,1,23,,202764,28,4,,2,20,,202752,28,4,,2,61,,202779,28,4,,1,23,,202765,28,4,,2,20,,202753,28,4,,2,61,,202780,28,4,,1,23,,202766,28,4,,2,61,,202754,28,4,,2,21,,202781,28,4,,1,22,,202767,28,4,,2,62,,202755,28,4,,2,21,,202782,28,4,,1,21,,202768,28,4,,2,62,,202756,28,4,,2,22,,202783,28,4,,1,21,,202769,28,4,,2,61,,202757,28,4,,2,22,,202784,28,4,,1,61,,202770,28,4,,2,21,,202758,28,4,,2,22,,202785,28,4,,1,63,,202771,28,4,,2,25,,202744,28,4,,1,72,,202786,28,4,,1,32,,202745,28,4,,1,72,,202787,28,4,,1
15002,'H59M000I-80-I',918,,202788,28,4,,1,26,,202804,28,4,,1,65,,202817,28,4,,1,18,,202789,28,4,,1,19,,202805,28,4,,1,59,,202818,28,4,,1,19,,202790,28,4,,1,19,,202806,28,4,,1,60,,202819,28,4,,1,20,,202791,28,4,,1,20,,202807,28,4,,1,60,,202820,28,4,,1,21,,202792,28,4,,1,20,,202808,28,4,,1,60,,202821,28,4,,1,22,,202793,28,4,,1,20,,202809,28,4,,1,61,,202822,28,4,,1,21,,202794,28,4,,1,21,,202810,28,4,,1,61,,202823,28,4,,1,20,,202795,28,4,,1,21,,202811,28,4,,1,61,,202824,28,4,,1,19,,202796,28,4,,1,21,,202812,28,4,,1,60,,202825,28,4,,1,19,,202797,28,4,,1,19,,202813,28,4,,1,59,,202826,28,4,,1,19,,202798,28,4,,1,19,,202814,28,4,,1,60,,202827,28,4,,1,19,,202799,28,4,,1,20,,202815,28,4,,1,60,,202828,28,4,,1,19,,202800,28,4,,1,19,,202816,28,4,,1,59,,202829,28,4,,1,27,,202801,28,4,,1,70,,202830,28,4,,1,29,,202802,28,4,,1,28,,202831,28,4,,1,69,,202803,28,4,,1,29,,202832,28,4,,1
15002,'H59M000S-80-S',658,,202833,28,4,,2,70,,202853,28,4,,1,24,,202864,28,4,,2,66,,202834,28,4,,2,23,,202854,28,4,,1,61,,202840,28,4,,1,19,,202865,28,4,,2,18,,202835,28,4,,2,18,,202855,28,4,,1,56,,202841,28,4,,1,18,,202866,28,4,,2,19,,202836,28,4,,2,60,,202856,28,4,,1,19,,202842,28,4,,1,20,,202867,28,4,,2,61,,202837,28,4,,2,23,,202857,28,4,,1,21,,202843,28,4,,1,60,,202868,28,4,,2,20,,202838,28,4,,2,20,,202858,28,4,,1,61,,202844,28,4,,1,20,,202869,28,4,,2,21,,202839,28,4,,2,61,,202859,28,4,,1,20,,202845,28,4,,1,20,,202870,28,4,,2,60,,202877,28,4,,2,21,,202860,28,4,,1,21,,202846,28,4,,1,60,,202871,28,4,,2,20,,202878,28,4,,1,18,,202861,28,4,,1,57,,202847,28,4,,1,19,,202872,28,4,,2,18,,202879,28,4,,1,59,,202862,28,4,,1,20,,202848,28,4,,1,21,,202873,28,4,,2,61,,202880,28,4,,1,21,,202863,28,4,,1,21,,202849,28,4,,1,64,,202874,28,4,,2,27,,202881,28,4,,1,68,,202850,28,4,,1,31,,202875,28,4,,2,67,,202882,28,4,,1,27,,202851,28,4,,1,68,,202876,28,4,,2,30,,202883,28,4,,1,73,,202852,28,4,,1
36401,'H54M000A-80-A',2535,,214659,1,0,5,2,89,,214656,1,0,5,1,31,,214658,1,0,5,2,50,,214661,1,0,5,1,45,,214657,1,0,5,2,84,,214660,1,0,5,1
36401,'H54M000I-81-I',2534,,214663,1,0,5,1,86,,214662,1,0,5,1,31,,214665,1,0,5,1,71,,214667,1,0,5,1,31,,214666,1,0,5,2,81,,214664,1,0,5,1
36401,'H54M000S-81-S',2534,,214669,1,0,5,1,85,,214672,1,0,5,1,85,,214671,1,0,5,1,45,,214668,1,0,5,1,85,,214670,1,0,5,1
36402,'H54M000A-80-A',2552,,214673,86,4,,1,85,,214678,86,4,,1,86,,214677,86,4,,1,85,,214675,86,4,,1,45,,214674,86,4,,1,79,,214676,86,4,,1
36402,'H54M000I-81-I',2550,,214680,86,4,,1,85,,214683,86,4,,1,85,,214682,86,4,,2,86,,214679,86,4,,1,44,,214681,86,4,,1
36402,'H54M000S-81-S',2551,,214686,86,4,,1,86,,214687,86,4,,1,84,,214684,86,4,,1,86,,214685,86,4,,1,44,,214688,86,4,,1
37103,'H50M000A-81-A',2530,,214844,1,0,8,2,70,,214840,1,0,8,1,30,,214842,1,0,8,1,70,,214846,1,0,8,1,30,,214845,1,0,8,2,70,,214841,1,0,8,1,30,,214843,1,0,8,1
37103,'H50M000I-81-I',2530,,214847,1,0,8,1,70,,214849,1,0,8,1,30,,214852,1,0,8,1,70,,214851,1,0,8,1,30,,214848,1,0,8,1,70,,214850,1,0,8,1,30,,214853,1,0,8,1
37103,'H50M000S-81-S',2530,,214856,1,0,8,1,70,,214854,1,0,8,1,30,,214859,1,0,8,2,28,,214858,1,0,8,2,72,,214857,1,0,8,1,70,,214855,1,0,8,1,30,,214860,1,0,8,2
37104,'H50M000A-81-A',2616,,214862,63,4,,1,30,,214866,63,4,,1,70,,214864,63,4,,2,30,,214861,63,4,,1,70,,214863,63,4,,1,30,,214867,63,4,,1,70,,214865,63,4,,2
37104,'H50M000I-81-I',2616,,214873,63,4,,1,30,,214871,63,4,,1,71,,214868,63,4,,1,30,,214870,63,4,,1,70,,214874,63,4,,1,30,,214872,63,4,,1,70,,214869,63,4,,1
37104,'H50M000S-81-S',2619,,214880,63,4,,2,31,,214878,63,4,,2,70,,214876,63,4,,1,30,,214875,63,4,,1,68,,214881,63,4,,2,29,,214879,63,4,,2,69,,214877,63,4,,1
