'25N-H50NV10S-81-S-E',20002,65700,,'',1
'25N-H50NV20S-80-S-E',20002,65700,,'',1
'25N-H56NV10S-80-S-NE',20002,190700,,'',1
'25N-H56NV20S-80-S-NE',20002,190700,,'',1
'25N-H60N100F-81-F1-E',20001,81300,4,'',2,3000,4,'',1,7200,4,'',2,3000,4,'',2,57500,4,'',2,2900,4,'',2,7000,4,'',1,3000,4,'',2,7000,4,'',2,2900,4,'',1,6800,4,'',2
'25N-H60N100F-81-F1-E',20002,70000,,'',2,3000,,'',1,7000,,'',2,3000,,'',2,7000,,'',1,53000,,'',2,7000,,'',1,3000,,'',2,7000,,'',2,3000,,'',1,7000,,'',2,3200,,'',2
'25N-H60N100F-81-F1-NE',20001,101500,4,'',1,3100,4,'',2,7100,4,'',2,3000,4,'',1,7000,4,'',2,3000,4,'',2,7000,4,'',1,3100,4,'',2,7100,4,'',2,3100,4,'',1,39600,4,'',2,7100,4,'',1,3100,4,'',2
'25N-H60N100F-81-F1-NE',20002,93000,,'',2,7000,,'',2,3000,,'',1,7000,,'',2,3000,,'',2,7000,,'',1,3000,,'',2,7000,,'',2,3000,,'',1,7000,,'',2,40300,,'',1,3000,,'',2,6900,,'',2
'25N-H60N200F-81-F2-E',20001,81300,4,'',1,3000,4,'',2,7200,4,'',2,3000,4,'',1,57500,4,'',1,2900,4,'',2,7000,4,'',1,3000,4,'',1,7000,4,'',2,2900,4,'',1,6800,4,'',1
'25N-H60N200F-81-F2-E',20002,70000,,'',1,3000,,'',2,7000,,'',2,3000,,'',1,7000,,'',1,53000,,'',2,7000,,'',1,3000,,'',1,7000,,'',2,3000,,'',1,7000,,'',1,3200,,'',2
'25N-H60N200F-81-F2-NE',20001,101500,4,'',1,3100,4,'',1,7100,4,'',2,3000,4,'',1,7000,4,'',1,3000,4,'',2,7000,4,'',1,3100,4,'',1,7100,4,'',2,3100,4,'',1,39600,4,'',2,7100,4,'',1,3100,4,'',1
'25N-H60N200F-81-F2-NE',20002,93000,,'',1,7000,,'',2,3000,,'',1,7000,,'',1,3000,,'',2,7000,,'',1,3000,,'',1,7000,,'',2,3000,,'',1,7000,,'',1,40300,,'',1,3000,,'',1,6900,,'',2
'25N-H60N300F-82-F3-E',20001,81300,4,'',2,3000,4,'',1,7200,4,'',2,3000,4,'',2,57500,4,'',2,2900,4,'',2,7000,4,'',1,3000,4,'',2,7000,4,'',2,2900,4,'',1,6800,4,'',2
'25N-H60N300F-82-F3-E',20002,70000,,'',2,3000,,'',1,7000,,'',2,3000,,'',2,7000,,'',1,53000,,'',2,7000,,'',1,3000,,'',2,7000,,'',2,3000,,'',1,7000,,'',2,3200,,'',2
'25N-H60N300F-82-F3-NE',20001,101500,4,'',1,3100,4,'',2,7100,4,'',2,3000,4,'',1,7000,4,'',2,3000,4,'',2,7000,4,'',1,3100,4,'',2,7100,4,'',2,3100,4,'',1,39600,4,'',2,7100,4,'',1,3100,4,'',2
'25N-H60N300F-82-F3-NE',20002,93000,,'',2,7000,,'',2,3000,,'',1,7000,,'',2,3000,,'',2,7000,,'',1,3000,,'',2,7000,,'',2,3000,,'',1,7000,,'',2,40300,,'',1,3000,,'',2,6900,,'',2
'25N-H60N400F-81-F4-E',20001,81300,4,'',1,3000,4,'',2,7200,4,'',2,3000,4,'',1,57500,4,'',1,2900,4,'',2,7000,4,'',1,3000,4,'',1,7000,4,'',2,2900,4,'',1,6800,4,'',1
'25N-H60N400F-81-F4-E',20002,70000,,'',1,3000,,'',2,7000,,'',2,3000,,'',1,7000,,'',1,53000,,'',2,7000,,'',1,3000,,'',1,7000,,'',2,3000,,'',1,7000,,'',1,3200,,'',2
'25N-H60N400F-81-F4-NE',20001,101500,4,'',1,3100,4,'',1,7100,4,'',2,3000,4,'',1,7000,4,'',1,3000,4,'',2,7000,4,'',1,3100,4,'',1,7100,4,'',2,3100,4,'',1,39600,4,'',2,7100,4,'',1,3100,4,'',1
'25N-H60N400F-81-F4-NE',20002,93000,,'',1,7000,,'',2,3000,,'',1,7000,,'',1,3000,,'',2,7000,,'',1,3000,,'',1,7000,,'',2,3000,,'',1,7000,,'',1,40300,,'',1,3000,,'',1,6900,,'',2
'25N-H60NV10A-80-A-E',20001,71400,4,'',1,2400,4,'',2,6400,4,'',1,2500,4,'',1,2900,4,'',2,7000,4,'',1,60400,4,'',1,2700,4,'',1,6800,4,'',1,2800,4,'',1,6700,4,'',1,2600,4,'',1,6800,4,'',1
'25N-H60NV10A-80-A-E',20002,60000,,'',1,2600,,'',2,2600,,'',1,6600,,'',1,2800,,'',2,6800,,'',1,2900,,'',1,6900,,'',1,52600,,'',1,6800,,'',1,2800,,'',1,6700,,'',1,2800,,'',1,2800,,'',1,6700,,'',1,2600,,'',1
'25N-H60NV10A-80-A-NE',20001,95500,4,'',1,7000,4,'',1,3000,4,'',1,6900,4,'',1,2700,4,'',1,6700,4,'',1,2700,4,'',1,6700,4,'',1,2800,4,'',1,6700,4,'',1,2700,4,'',1,6800,4,'',1,33900,4,'',1,6400,4,'',1,2700,4,'',1,2700,4,'',1
'25N-H60NV10A-80-A-NE',20002,94100,,'',1,6600,,'',1,2700,,'',1,6700,,'',1,2700,,'',1,2700,,'',1,6700,,'',1,2700,,'',1,6700,,'',1,2800,,'',1,6700,,'',1,40700,,'',1,2700,,'',1,6700,,'',1
'25N-H60NV10I-80-I-E',20001,81300,4,'',1,3000,4,'',1,7200,4,'',2,3000,4,'',1,57500,4,'',2,2900,4,'',1,7000,4,'',1,3000,4,'',2,7000,4,'',1,2900,4,'',1,6800,4,'',2
'25N-H60NV10I-80-I-E',20002,70000,,'',1,3000,,'',1,7000,,'',2,3000,,'',1,7000,,'',1,53000,,'',1,7000,,'',1,3000,,'',2,7000,,'',1,3000,,'',1,7000,,'',2,3200,,'',1
'25N-H60NV10I-80-I-NE',20001,101500,4,'',1,3100,4,'',2,7100,4,'',1,3000,4,'',1,7000,4,'',2,3000,4,'',1,7000,4,'',1,3100,4,'',2,7100,4,'',1,3100,4,'',1,39600,4,'',1,7100,4,'',1,3100,4,'',2
'25N-H60NV10I-80-I-NE',20002,93000,,'',2,7000,,'',1,3000,,'',1,7000,,'',2,3000,,'',1,7000,,'',1,3000,,'',2,7000,,'',1,3000,,'',1,7000,,'',2,40300,,'',1,3000,,'',2,6900,,'',1
'25N-H60NV10S-83-S-E',20001,64300,4,'',2,7100,4,'',1,3300,4,'',1,6800,4,'',1,2800,4,'',1,7100,4,'',1,3200,4,'',2,55800,4,'',1,3100,4,'',2,6800,4,'',1,1500,4,'',1,3400,4,'',1,7600,4,'',2,1900,4,'',1,5800,4,'',1,2000,4,'',1
'25N-H60NV10S-83-S-E',20002,54800,,'',1,7700,,'',1,2100,,'',1,6600,,'',1,1500,,'',1,1500,,'',1,6600,,'',2,1100,,'',1,3300,,'',1,58400,,'',1,7200,,'',1,3100,,'',2,7100,,'',1,2700,,'',1,6700,,'',1,3300,,'',1
'25N-H60NV10S-83-S-NE',20001,101600,4,'',1,3200,4,'',1,7200,4,'',1,3300,4,'',1,7200,4,'',2,3200,4,'',1,7300,4,'',1,7100,4,'',2,3100,4,'',1,41100,4,'',1,6500,4,'',1,2500,4,'',1,2400,4,'',1
'25N-H60NV10S-83-S-NE',20002,92500,,'',1,3300,,'',1,7300,,'',1,7300,,'',2,3200,,'',1,7000,,'',1,3000,,'',2,7000,,'',1,3000,,'',1,7000,,'',2,40300,,'',1,2900,,'',1
'25N-H60NV20A-80-A-E',20001,71400,4,'',1,2400,4,'',2,6400,4,'',1,2500,4,'',1,2900,4,'',2,7000,4,'',1,60400,4,'',1,2700,4,'',1,6800,4,'',1,2800,4,'',1,6700,4,'',1,2600,4,'',1,6800,4,'',1
'25N-H60NV20A-80-A-E',20002,60000,,'',1,2600,,'',2,2600,,'',1,6600,,'',1,2800,,'',2,6800,,'',1,2900,,'',1,6900,,'',1,52600,,'',1,6800,,'',1,2800,,'',1,6700,,'',1,2800,,'',1,2800,,'',1,6700,,'',1,2600,,'',1
'25N-H60NV20A-80-A-NE',20001,95500,4,'',1,7000,4,'',1,3000,4,'',1,6900,4,'',1,2700,4,'',1,6700,4,'',1,2700,4,'',1,6700,4,'',1,2800,4,'',1,6700,4,'',1,2700,4,'',1,6800,4,'',1,33900,4,'',1,6400,4,'',1,2700,4,'',1,2700,4,'',1
'25N-H60NV20A-80-A-NE',20002,94100,,'',1,6600,,'',1,2700,,'',1,6700,,'',1,2700,,'',1,2700,,'',1,6700,,'',1,2700,,'',1,6700,,'',1,2800,,'',1,6700,,'',1,40700,,'',1,2700,,'',1,6700,,'',1
'25N-H60NV20I-80-I-E',20001,81300,4,'',1,3000,4,'',1,7200,4,'',2,3000,4,'',1,57500,4,'',2,2900,4,'',1,7000,4,'',1,3000,4,'',2,7000,4,'',1,2900,4,'',1,6800,4,'',2
'25N-H60NV20I-80-I-E',20002,70000,,'',1,3000,,'',1,7000,,'',2,3000,,'',1,7000,,'',1,53000,,'',1,7000,,'',1,3000,,'',2,7000,,'',1,3000,,'',1,7000,,'',2,3200,,'',1
'25N-H60NV20I-80-I-NE',20001,101500,4,'',1,3100,4,'',2,7100,4,'',1,3000,4,'',1,7000,4,'',2,3000,4,'',1,7000,4,'',1,3100,4,'',2,7100,4,'',1,3100,4,'',1,39600,4,'',1,7100,4,'',1,3100,4,'',2
'25N-H60NV20I-80-I-NE',20002,93000,,'',2,7000,,'',1,3000,,'',1,7000,,'',2,3000,,'',1,7000,,'',1,3000,,'',2,7000,,'',1,3000,,'',1,7000,,'',2,40300,,'',1,3000,,'',2,6900,,'',1
'25N-H60NV20S-80-S-E',20001,64300,4,'',2,7100,4,'',1,3300,4,'',1,6800,4,'',1,2800,4,'',1,7100,4,'',1,3200,4,'',2,55800,4,'',1,3100,4,'',2,6800,4,'',1,1500,4,'',1,3400,4,'',1,7600,4,'',2,1900,4,'',1,5800,4,'',1,2000,4,'',1
'25N-H60NV20S-80-S-E',20002,54800,,'',1,7700,,'',1,2100,,'',1,6600,,'',1,1500,,'',1,1500,,'',1,6600,,'',2,1100,,'',1,3300,,'',1,58400,,'',1,7200,,'',1,3100,,'',2,7100,,'',1,2700,,'',1,6700,,'',1,3300,,'',1
'25N-H60NV20S-80-S-NE',20001,101600,4,'',1,3200,4,'',1,7200,4,'',1,3300,4,'',1,7200,4,'',2,3200,4,'',1,7300,4,'',1,7100,4,'',2,3100,4,'',1,41100,4,'',1,6500,4,'',1,2500,4,'',1,2400,4,'',1
'25N-H60NV20S-80-S-NE',20002,92500,,'',1,3300,,'',1,7300,,'',1,7300,,'',2,3200,,'',1,7000,,'',1,3000,,'',2,7000,,'',1,3000,,'',1,7000,,'',2,40300,,'',1,2900,,'',1
'25N-H60N100F-81-F1-E',20103,223000,,'',1,7000,,'',1,3000,,'',1
'25N-H60N100F-81-F1-E',20104,232200,4,'',1,2900,4,'',2,6800,4,'',1,2900,4,'',1
'25N-H60N100F-81-F1-NE',20103,192500,,'',1,3300,,'',2,7300,,'',1,7200,,'',1,2900,,'',1,6900,,'',2
'25N-H60N100F-81-F1-NE',20104,202500,4,'',1,3200,4,'',1,6900,4,'',1,2900,4,'',2,7000,4,'',1,2800,4,'',1
'25N-H60N200F-81-F2-E',20103,223000,,'',1,7000,,'',2,3000,,'',2
'25N-H60N200F-81-F2-E',20104,232200,4,'',2,2900,4,'',1,6800,4,'',1,2900,4,'',1
'25N-H60N200F-81-F2-NE',20103,192500,,'',2,3300,,'',1,7300,,'',1,7200,,'',2,2900,,'',2,6900,,'',1
'25N-H60N200F-81-F2-NE',20104,202500,4,'',1,3200,4,'',2,6900,4,'',2,2900,4,'',1,7000,4,'',1,2800,4,'',2
'25N-H60N300F-82-F3-E',20103,223000,,'',1,7000,,'',1,3000,,'',1
'25N-H60N300F-82-F3-E',20104,232200,4,'',1,2900,4,'',2,6800,4,'',1,2900,4,'',1
'25N-H60N300F-82-F3-NE',20103,192500,,'',1,3300,,'',2,7300,,'',1,7200,,'',1,2900,,'',1,6900,,'',2
'25N-H60N300F-82-F3-NE',20104,202500,4,'',1,3200,4,'',1,6900,4,'',1,2900,4,'',2,7000,4,'',1,2800,4,'',1
'25N-H60N400F-81-F4-E',20103,223000,,'',1,7000,,'',2,3000,,'',2
'25N-H60N400F-81-F4-E',20104,232200,4,'',2,2900,4,'',1,6800,4,'',1,2900,4,'',1
'25N-H60N400F-81-F4-NE',20103,192500,,'',2,3300,,'',1,7300,,'',1,7200,,'',2,2900,,'',2,6900,,'',1
'25N-H60N400F-81-F4-NE',20104,202500,4,'',1,3200,4,'',2,6900,4,'',2,2900,4,'',1,7000,4,'',1,2800,4,'',2
'25N-H60NV10A-80-A-E',20103,222900,,'',1,7100,,'',2,3000,,'',1
'25N-H60NV10A-80-A-E',20104,232200,4,'',1,2900,4,'',2,7000,4,'',1,3100,4,'',2
'25N-H60NV10A-80-A-NE',20103,191600,,'',1,3300,,'',2,7200,,'',1,3200,,'',2,7200,,'',1,3200,,'',2
'25N-H60NV10A-80-A-NE',20104,201500,4,'',1,3200,4,'',2,7200,4,'',1,3200,4,'',2,7200,4,'',1,3000,4,'',2
'25N-H60NV10I-80-I-E',20103,223000,,'',1,7000,,'',1,3000,,'',1
'25N-H60NV10I-80-I-E',20104,232200,4,'',1,2900,4,'',2,6800,4,'',1,2900,4,'',2
'25N-H60NV10I-80-I-NE',20103,192500,,'',1,3300,,'',2,7300,,'',1,7200,,'',1,2900,,'',1,6900,,'',2
'25N-H60NV10I-80-I-NE',20104,202500,4,'',1,3200,4,'',1,6900,4,'',1,2900,4,'',2,7000,4,'',1,2800,4,'',1
'25N-H60NV10S-83-S-E',20103,223300,,'',1,6900,,'',1,2900,,'',1
'25N-H60NV10S-83-S-E',20104,232400,4,'',1,2800,4,'',1,7100,4,'',1,3200,4,'',1
'25N-H60NV10S-83-S-NE',20103,192500,,'',1,3100,,'',1,7300,,'',1,7300,,'',1,3100,,'',1,7000,,'',1
'25N-H60NV10S-83-S-NE',20104,203300,4,'',2,2500,4,'',1,6900,4,'',1,3000,4,'',1,6900,4,'',1,3000,4,'',1
'25N-H60NV20A-80-A-E',20103,222900,,'',1,7100,,'',2,3000,,'',1
'25N-H60NV20A-80-A-E',20104,232200,4,'',1,2900,4,'',2,7000,4,'',1,3100,4,'',2
'25N-H60NV20A-80-A-NE',20103,191600,,'',1,3300,,'',2,7200,,'',1,3200,,'',2,7200,,'',1,3200,,'',2
'25N-H60NV20A-80-A-NE',20104,201500,4,'',1,3200,4,'',2,7200,4,'',1,3200,4,'',2,7200,4,'',1,3000,4,'',2
'25N-H60NV20I-80-I-E',20103,223000,,'',1,7000,,'',1,3000,,'',1
'25N-H60NV20I-80-I-E',20104,232200,4,'',1,2900,4,'',2,6800,4,'',1,2900,4,'',2
'25N-H60NV20I-80-I-NE',20103,192500,,'',1,3300,,'',2,7300,,'',1,7200,,'',1,2900,,'',1,6900,,'',2
'25N-H60NV20I-80-I-NE',20104,202500,4,'',1,3200,4,'',1,6900,4,'',1,2900,4,'',2,7000,4,'',1,2800,4,'',1
'25N-H60NV20S-80-S-E',20103,223300,,'',1,6900,,'',1,2900,,'',1
'25N-H60NV20S-80-S-E',20104,232400,4,'',1,2800,4,'',1,7100,4,'',1,3200,4,'',1
'25N-H60NV20S-80-S-NE',20103,192500,,'',1,3100,,'',1,7300,,'',1,7300,,'',1,3100,,'',1,7000,,'',1
'25N-H60NV20S-80-S-NE',20104,203300,4,'',2,2500,4,'',1,6900,4,'',1,3000,4,'',1,6900,4,'',1,3000,4,'',1
