15001,'H59U000A-80-A',855,,258698,2,0,5,2,66,,258682,2,0,5,1,31,,258699,2,0,5,2,66,,258683,2,0,5,1,21,,258711,2,0,5,2,20,,258700,2,0,5,2,61,,258684,2,0,5,1,21,,258712,2,0,5,2,61,,258701,2,0,5,2,20,,258685,2,0,5,1,23,,258713,2,0,5,2,63,,258702,2,0,5,2,23,,258686,2,0,5,1,21,,258694,2,0,5,1,61,,258714,2,0,5,2,22,,258703,2,0,5,2,21,,258687,2,0,5,1,62,,258695,2,0,5,1,21,,258715,2,0,5,2,62,,258704,2,0,5,2,21,,258688,2,0,5,1,22,,258696,2,0,5,1,60,,258716,2,0,5,2,21,,258705,2,0,5,2,20,,258689,2,0,5,1,62,,258697,2,0,5,1,22,,258717,2,0,5,2,22,,258706,2,0,5,2,62,,258690,2,0,5,1,26,,258718,2,0,5,2,20,,258707,2,0,5,2,60,,258691,2,0,5,1,26,,258719,2,0,5,2,61,,258708,2,0,5,2,22,,258692,2,0,5,1,22,,258720,2,0,5,2,62,,258709,2,0,5,2,23,,258693,2,0,5,1,69,,258721,2,0,5,2,32,,258710,2,0,5,2,72,,258722,2,0,5,2
15001,'H59U000I-80-I',858,,258748,2,0,5,1,66,,258726,2,0,5,2,25,,258755,2,0,5,1,65,,258723,2,0,5,2,19,,258727,2,0,5,2,19,,258725,2,0,5,1,60,,258728,2,0,5,2,18,,258724,2,0,5,2,18,,258729,2,0,5,2,61,,258740,2,0,5,2,20,,258756,2,0,5,1,21,,258730,2,0,5,2,61,,258741,2,0,5,2,20,,258757,2,0,5,1,21,,258731,2,0,5,2,61,,258742,2,0,5,2,21,,258758,2,0,5,1,21,,258732,2,0,5,2,61,,258743,2,0,5,2,21,,258759,2,0,5,1,21,,258733,2,0,5,2,61,,258744,2,0,5,2,21,,258760,2,0,5,1,61,,258734,2,0,5,2,21,,258745,2,0,5,2,19,,258761,2,0,5,1,61,,258735,2,0,5,2,21,,258746,2,0,5,2,19,,258762,2,0,5,1,17,,258749,2,0,5,1,57,,258736,2,0,5,2,18,,258747,2,0,5,2,18,,258763,2,0,5,1,60,,258750,2,0,5,1,20,,258737,2,0,5,2,19,,258764,2,0,5,1,60,,258751,2,0,5,1,20,,258738,2,0,5,2,19,,258765,2,0,5,1,60,,258752,2,0,5,1,26,,258739,2,0,5,2,72,,258753,2,0,5,1,28,,258766,2,0,5,1,69,,258754,2,0,5,1
15001,'H59U000S-80-S',626,,258781,2,0,5,1,23,,258794,2,0,5,2,64,,258767,2,0,5,2,23,,258782,2,0,5,1,64,,258795,2,0,5,2,25,,258768,2,0,5,2,25,,258783,2,0,5,1,59,,258770,2,0,5,2,17,,258796,2,0,5,2,18,,258808,2,0,5,1,59,,258784,2,0,5,1,19,,258771,2,0,5,2,20,,258797,2,0,5,2,60,,258809,2,0,5,1,21,,258785,2,0,5,1,22,,258772,2,0,5,2,60,,258798,2,0,5,2,20,,258810,2,0,5,1,21,,258786,2,0,5,1,60,,258773,2,0,5,2,20,,258799,2,0,5,2,21,,258811,2,0,5,1,60,,258787,2,0,5,1,19,,258774,2,0,5,2,18,,258800,2,0,5,2,60,,258812,2,0,5,1,21,,258788,2,0,5,1,20,,258775,2,0,5,2,61,,258801,2,0,5,2,21,,258813,2,0,5,1,21,,258789,2,0,5,1,61,,258776,2,0,5,2,21,,258802,2,0,5,2,21,,258814,2,0,5,1,60,,258790,2,0,5,1,20,,258777,2,0,5,2,19,,258803,2,0,5,2,60,,258815,2,0,5,1,20,,258791,2,0,5,1,21,,258778,2,0,5,2,62,,258804,2,0,5,2,25,,258792,2,0,5,1,67,,258779,2,0,5,2,28,,258805,2,0,5,2,70,,258793,2,0,5,1,30,,258780,2,0,5,2,69,,258806,2,0,5,2,32,,258769,2,0,5,1,73,,258807,2,0,5,2
15001,'H59U100F-80-F1',858,,258841,2,0,5,1,66,,258819,2,0,5,2,25,,258848,2,0,5,1,65,,258816,2,0,5,2,19,,258820,2,0,5,2,19,,258818,2,0,5,1,60,,258821,2,0,5,2,18,,258817,2,0,5,2,18,,258822,2,0,5,2,61,,258833,2,0,5,2,20,,258849,2,0,5,1,21,,258823,2,0,5,2,61,,258834,2,0,5,2,20,,258850,2,0,5,1,21,,258824,2,0,5,2,61,,258835,2,0,5,2,21,,258851,2,0,5,1,21,,258825,2,0,5,2,61,,258836,2,0,5,2,21,,258852,2,0,5,1,21,,258826,2,0,5,2,61,,258837,2,0,5,2,21,,258853,2,0,5,1,61,,258827,2,0,5,2,21,,258838,2,0,5,2,19,,258854,2,0,5,1,61,,258828,2,0,5,2,21,,258839,2,0,5,2,19,,258855,2,0,5,1,17,,258842,2,0,5,1,57,,258829,2,0,5,2,18,,258840,2,0,5,2,18,,258856,2,0,5,1,60,,258843,2,0,5,1,20,,258830,2,0,5,2,19,,258857,2,0,5,1,60,,258844,2,0,5,1,20,,258831,2,0,5,2,19,,258858,2,0,5,1,60,,258845,2,0,5,1,26,,258832,2,0,5,2,72,,258846,2,0,5,1,28,,258859,2,0,5,1,69,,258847,2,0,5,1
15001,'H59U200F-80-F2',858,,258860,2,0,5,1,66,,258861,2,0,5,2,25,,258862,2,0,5,1,65,,258863,2,0,5,2,19,,258864,2,0,5,2,19,,258865,2,0,5,1,60,,258866,2,0,5,2,18,,258867,2,0,5,2,18,,258868,2,0,5,2,61,,258869,2,0,5,2,20,,258870,2,0,5,1,21,,258871,2,0,5,2,61,,258872,2,0,5,2,20,,258873,2,0,5,1,21,,258874,2,0,5,2,61,,258875,2,0,5,2,21,,258876,2,0,5,1,21,,258877,2,0,5,2,61,,258878,2,0,5,2,21,,258879,2,0,5,1,21,,258880,2,0,5,2,61,,258881,2,0,5,2,21,,258882,2,0,5,1,61,,258883,2,0,5,2,21,,258884,2,0,5,2,19,,258885,2,0,5,1,61,,258886,2,0,5,2,21,,258887,2,0,5,2,19,,258888,2,0,5,1,17,,258889,2,0,5,1,57,,258890,2,0,5,2,18,,258891,2,0,5,2,18,,258892,2,0,5,1,60,,258893,2,0,5,1,20,,258894,2,0,5,2,19,,258895,2,0,5,1,60,,258896,2,0,5,1,20,,258897,2,0,5,2,19,,258898,2,0,5,1,60,,258899,2,0,5,1,26,,258900,2,0,5,2,72,,258901,2,0,5,1,28,,258902,2,0,5,1,69,,258903,2,0,5,1
35001,'H56U000A-80-A',2608,,276616,84,0,5,1,93,,276614,84,0,5,2,54,,276612,84,0,5,1,83,,276613,84,0,5,1,84,,276615,84,0,5,1
35001,'H56U000I-80-I',2603,,276620,84,0,5,1,47,,276618,84,0,5,1,87,,276617,84,0,5,1,84,,276619,84,0,5,1,87,,276621,84,0,5,2
35001,'H56U000S-81-S',2603,,276622,84,0,5,1,47,,276626,84,0,5,2,88,,276623,84,0,5,1,85,,276624,84,0,5,2,88,,276625,84,0,5,1
35001,'H56U100F-80-F1',2603,,276630,84,0,5,1,47,,276628,84,0,5,1,87,,276627,84,0,5,1,84,,276629,84,0,5,1,87,,276631,84,0,5,2
35001,'H56U200F-80-F2',2603,,276635,84,0,5,1,47,,276633,84,0,5,1,87,,276632,84,0,5,1,84,,276634,84,0,5,1,87,,276636,84,0,5,2
35503,'H54U000A-80-A',2522,,276789,2,0,8,2,31,,276782,2,0,8,1,65,,276784,2,0,8,1,25,,276786,2,0,8,1,70,,276788,2,0,8,1,25,,276783,2,0,8,2,80,,276787,2,0,8,1,29,,276785,2,0,8,1
35503,'H54U000I-80-I',2522,,276790,2,0,8,1,85,,276791,2,0,8,1,45,,276795,2,0,8,2,85,,276794,2,0,8,1,85,,276793,2,0,8,1,26,,276792,2,0,8,2
35503,'H54U000S-81-S',2522,,276799,2,0,8,1,84,,276797,2,0,8,1,46,,276800,2,0,8,1,85,,276801,2,0,8,2,78,,276796,2,0,8,1,33,,276798,2,0,8,1
35503,'H54U100F-80-F1',2522,,276802,2,0,8,1,85,,276803,2,0,8,1,45,,276807,2,0,8,2,85,,276806,2,0,8,1,85,,276805,2,0,8,1,26,,276804,2,0,8,2
35503,'H54U200F-82-F2',2522,,276809,2,0,8,1,85,,276812,2,0,8,1,45,,276808,2,0,8,1,85,,276811,2,0,8,1,85,,276810,2,0,8,1,26,,276813,2,0,8,1
35801,'H59U000A-80-A',2428,,276960,2,0,5,1,28,,276965,2,0,5,2,72,,276961,2,0,5,1,31,,276966,2,0,5,2,71,,276962,2,0,5,1,19,,276958,2,0,5,1,58,,276967,2,0,5,2,23,,276963,2,0,5,1,19,,276959,2,0,5,1,57,,276968,2,0,5,2,26,,276964,2,0,5,1,70,,276969,2,0,5,2
35801,'H59U000I-80-I',2431,,276975,2,0,5,1,70,,276970,2,0,5,1,30,,276976,2,0,5,1,70,,276971,2,0,5,1,30,,276977,2,0,5,1,70,,276972,2,0,5,1,30,,276978,2,0,5,1,70,,276973,2,0,5,1,30,,276979,2,0,5,1,70,,276974,2,0,5,1
35801,'H59U000S-80-S',2431,,276985,2,0,5,1,70,,276980,2,0,5,1,30,,276986,2,0,5,1,70,,276981,2,0,5,1,30,,276987,2,0,5,1,70,,276982,2,0,5,1,30,,276988,2,0,5,1,70,,276983,2,0,5,1,30,,276989,2,0,5,1,70,,276984,2,0,5,1
35801,'H59U000S-80-SV',2616,,276990,2,0,5,2,30,,276993,2,0,5,2,70,,276991,2,0,5,2,30,,276994,2,0,5,2,70,,276992,2,0,5,2,30,,276995,2,0,5,2
35801,'H59U100F-80-F1',2431,,277001,2,0,5,1,70,,276996,2,0,5,1,30,,277002,2,0,5,1,70,,276997,2,0,5,1,30,,277003,2,0,5,1,70,,276998,2,0,5,1,30,,277004,2,0,5,1,70,,276999,2,0,5,1,30,,277005,2,0,5,1,70,,277000,2,0,5,1
35801,'H59U200F-80-F2',2431,,277006,2,0,5,1,70,,277007,2,0,5,1,30,,277008,2,0,5,1,70,,277009,2,0,5,1,30,,277010,2,0,5,1,70,,277011,2,0,5,1,30,,277012,2,0,5,1,70,,277013,2,0,5,1,30,,277014,2,0,5,1,70,,277015,2,0,5,1
36401,'H54U000A-80-A',2538,,277444,2,0,5,2,89,,277443,2,0,5,1,31,,277447,2,0,5,1,50,,277446,2,0,5,1,45,,277445,2,0,5,1,84,,277448,2,0,5,2
36401,'H54U000I-80-I',2537,,277450,2,0,5,2,86,,277453,2,0,5,1,31,,277454,2,0,5,1,71,,277451,2,0,5,1,31,,277449,2,0,5,1,81,,277452,2,0,5,1
36401,'H54U000S-81-S',2537,,277456,2,0,5,1,85,,277455,2,0,5,1,84,,277459,2,0,5,2,45,,277458,2,0,5,1,85,,277457,2,0,5,1
36401,'H54U100F-80-F1',2537,,277461,2,0,5,2,86,,277464,2,0,5,1,31,,277465,2,0,5,1,71,,277462,2,0,5,1,31,,277460,2,0,5,1,81,,277463,2,0,5,1
36401,'H54U200F-82-F2',2537,,277471,2,0,5,1,86,,277469,2,0,5,1,31,,277468,2,0,5,2,71,,277470,2,0,5,2,31,,277467,2,0,5,1,81,,277466,2,0,5,2
36903,'H50U000A-82-A',2532,,277617,2,0,8,1,70,,277623,2,0,8,2,17,,277613,2,0,8,1,12,,277611,2,0,8,2,12,,277620,2,0,8,1,10,,277614,2,0,8,1,51,,277622,2,0,8,2,13,,277618,2,0,8,1,14,,277612,2,0,8,2,17,,277621,2,0,8,1,56,,277615,2,0,8,1,13,,277616,2,0,8,1,14,,277619,2,0,8,1
36903,'H50U000I-82-I',2533,,277628,2,0,8,2,85,,277625,2,0,8,1,40,,277627,2,0,8,1,64,,277629,2,0,8,2,25,,277626,2,0,8,1,84,,277624,2,0,8,1
36903,'H50U000S-83-S',2533,,277634,2,0,8,2,12,,277630,2,0,8,1,66,,277633,2,0,8,1,22,,277635,2,0,8,1,79,,277631,2,0,8,1,40,,277636,2,0,8,1,79,,277632,2,0,8,2
36903,'H50U000S-83-SV',2557,,277637,2,0,8,2,63,,277638,2,0,8,2,32,,277640,2,0,8,2,80,,277639,2,0,8,2
36903,'H50U100F-80-F1',2533,,277645,2,0,8,2,85,,277642,2,0,8,1,40,,277644,2,0,8,1,64,,277646,2,0,8,2,25,,277643,2,0,8,1,84,,277641,2,0,8,1
36903,'H50U200F-80-F2',2533,,277651,2,0,8,2,85,,277648,2,0,8,1,40,,277650,2,0,8,1,64,,277652,2,0,8,2,25,,277649,2,0,8,1,84,,277647,2,0,8,1
