13603,'H59U000A-80-A',543,,255567,5,0,8,2,70,,255574,5,0,8,1,30,,255576,5,0,8,1,70,,255568,5,0,8,2,29,,255575,5,0,8,1,69,,255577,5,0,8,1,29,,255569,5,0,8,2,70,,255587,5,0,8,2,31,,255578,5,0,8,1,71,,255570,5,0,8,2,31,,255588,5,0,8,2,72,,255579,5,0,8,1,30,,255571,5,0,8,2,70,,255589,5,0,8,2,22,,255580,5,0,8,1,20,,255600,5,0,8,1,60,,255572,5,0,8,2,22,,255590,5,0,8,2,62,,255581,5,0,8,1,21,,255601,5,0,8,1,19,,255573,5,0,8,2,59,,255611,5,0,8,2,19,,255591,5,0,8,2,19,,255618,5,0,8,2,21,,255602,5,0,8,1,61,,255612,5,0,8,2,20,,255592,5,0,8,2,61,,255619,5,0,8,2,20,,255603,5,0,8,1,20,,255613,5,0,8,2,59,,255593,5,0,8,2,18,,255582,5,0,8,1,20,,255604,5,0,8,1,20,,255614,5,0,8,2,62,,255594,5,0,8,2,22,,255583,5,0,8,1,61,,255615,5,0,8,2,20,,255605,5,0,8,1,21,,255595,5,0,8,2,59,,255584,5,0,8,1,21,,255606,5,0,8,1,19,,255616,5,0,8,2,58,,255596,5,0,8,2,18,,255607,5,0,8,1,18,,255585,5,0,8,1,21,,255617,5,0,8,2,60,,255608,5,0,8,1,20,,255597,5,0,8,2,62,,255586,5,0,8,1,25,,255609,5,0,8,1,31,,255598,5,0,8,2,70,,255610,5,0,8,1,31,,255599,5,0,8,2
13603,'H59U000I-80-I',542,,255638,5,0,8,2,69,,255623,5,0,8,1,30,,255639,5,0,8,2,69,,255624,5,0,8,1,32,,255640,5,0,8,2,71,,255625,5,0,8,1,32,,255641,5,0,8,2,72,,255626,5,0,8,1,27,,255620,5,0,8,1,68,,255642,5,0,8,2,31,,255627,5,0,8,1,72,,255643,5,0,8,1,32,,255653,5,0,8,2,73,,255633,5,0,8,1,32,,255644,5,0,8,1,69,,255654,5,0,8,2,31,,255634,5,0,8,1,65,,255645,5,0,8,1,25,,255655,5,0,8,2,65,,255635,5,0,8,1,19,,255646,5,0,8,1,16,,255658,5,0,8,2,17,,255650,5,0,8,2,57,,255656,5,0,8,2,17,,255636,5,0,8,1,18,,255659,5,0,8,2,58,,255647,5,0,8,1,17,,255657,5,0,8,2,18,,255651,5,0,8,2,58,,255660,5,0,8,2,18,,255637,5,0,8,1,19,,255648,5,0,8,1,20,,255652,5,0,8,2,59,,255628,5,0,8,2,20,,255661,5,0,8,2,21,,255649,5,0,8,1,62,,255621,5,0,8,1,22,,255629,5,0,8,2,62,,255662,5,0,8,2,23,,255622,5,0,8,1,24,,255667,5,0,8,1,71,,255663,5,0,8,2,31,,255630,5,0,8,1,70,,255664,5,0,8,2,29,,255631,5,0,8,1,70,,255665,5,0,8,2,30,,255632,5,0,8,1,71,,255666,5,0,8,2
13603,'H59U000S-80-S',543,,255681,5,0,8,1,69,,255682,5,0,8,1,29,,255670,5,0,8,1,63,,255693,5,0,8,2,23,,255714,5,0,8,2,16,,255683,5,0,8,1,64,,255671,5,0,8,1,23,,255694,5,0,8,2,25,,255718,5,0,8,2,67,,255687,5,0,8,1,29,,255706,5,0,8,1,68,,255711,5,0,8,1,26,,255688,5,0,8,1,64,,255695,5,0,8,2,23,,255707,5,0,8,1,23,,255712,5,0,8,1,62,,255689,5,0,8,1,22,,255696,5,0,8,2,63,,255719,5,0,8,2,22,,255708,5,0,8,1,21,,255690,5,0,8,1,60,,255697,5,0,8,2,19,,255715,5,0,8,1,19,,255720,5,0,8,2,57,,255709,5,0,8,1,17,,255679,5,0,8,2,12,,255691,5,0,8,1,12,,255684,5,0,8,1,11,,255698,5,0,8,2,51,,255716,5,0,8,1,10,,255713,5,0,8,1,9,,255721,5,0,8,2,9,,255677,5,0,8,2,8,,255710,5,0,8,1,9,,255673,5,0,8,1,10,,255680,5,0,8,2,49,,255685,5,0,8,1,8,,255692,5,0,8,1,8,,255730,5,0,8,2,9,,255699,5,0,8,2,9,,255717,5,0,8,1,8,,255678,5,0,8,2,9,,255722,5,0,8,2,51,,255733,5,0,8,1,13,,255674,5,0,8,1,12,,255672,5,0,8,2,11,,255700,5,0,8,2,12,,255726,5,0,8,1,53,,255723,5,0,8,2,18,,255686,5,0,8,1,19,,255675,5,0,8,1,60,,255727,5,0,8,1,19,,255701,5,0,8,2,20,,255724,5,0,8,2,61,,255676,5,0,8,1,20,,255702,5,0,8,2,19,,255728,5,0,8,1,58,,255669,5,0,8,1,19,,255725,5,0,8,2,20,,255703,5,0,8,2,63,,255729,5,0,8,1,24,,255731,5,0,8,1,25,,255668,5,0,8,1,67,,255704,5,0,8,2,33,,255732,5,0,8,1,73,,255705,5,0,8,2
13603,'H59U100F-80-F1',542,,255752,5,0,8,2,69,,255737,5,0,8,1,30,,255753,5,0,8,2,69,,255738,5,0,8,1,32,,255754,5,0,8,2,71,,255739,5,0,8,1,32,,255755,5,0,8,2,72,,255740,5,0,8,1,27,,255734,5,0,8,1,68,,255756,5,0,8,2,31,,255741,5,0,8,1,72,,255757,5,0,8,1,32,,255767,5,0,8,2,73,,255747,5,0,8,1,32,,255758,5,0,8,1,69,,255768,5,0,8,2,31,,255748,5,0,8,1,65,,255759,5,0,8,1,25,,255769,5,0,8,2,65,,255749,5,0,8,1,19,,255760,5,0,8,1,16,,255772,5,0,8,2,17,,255764,5,0,8,2,57,,255770,5,0,8,2,17,,255750,5,0,8,1,18,,255773,5,0,8,2,58,,255761,5,0,8,1,17,,255771,5,0,8,2,18,,255765,5,0,8,2,58,,255774,5,0,8,2,18,,255751,5,0,8,1,19,,255762,5,0,8,1,20,,255766,5,0,8,2,59,,255742,5,0,8,2,20,,255775,5,0,8,2,21,,255763,5,0,8,1,62,,255735,5,0,8,1,22,,255743,5,0,8,2,62,,255776,5,0,8,2,23,,255736,5,0,8,1,24,,255781,5,0,8,1,71,,255777,5,0,8,2,31,,255744,5,0,8,1,70,,255778,5,0,8,2,29,,255745,5,0,8,1,70,,255779,5,0,8,2,30,,255746,5,0,8,1,71,,255780,5,0,8,2
13603,'H59U200F-80-F2',542,,255782,5,0,8,2,69,,255783,5,0,8,1,30,,255784,5,0,8,2,69,,255785,5,0,8,1,32,,255786,5,0,8,2,71,,255787,5,0,8,1,32,,255788,5,0,8,2,72,,255789,5,0,8,1,27,,255790,5,0,8,1,68,,255791,5,0,8,2,31,,255792,5,0,8,1,72,,255793,5,0,8,1,32,,255794,5,0,8,2,73,,255795,5,0,8,1,32,,255796,5,0,8,1,69,,255797,5,0,8,2,31,,255798,5,0,8,1,65,,255799,5,0,8,1,25,,255800,5,0,8,2,65,,255801,5,0,8,1,19,,255802,5,0,8,1,16,,255803,5,0,8,2,17,,255804,5,0,8,2,57,,255805,5,0,8,2,17,,255806,5,0,8,1,18,,255807,5,0,8,2,58,,255808,5,0,8,1,17,,255809,5,0,8,2,18,,255810,5,0,8,2,58,,255811,5,0,8,2,18,,255812,5,0,8,1,19,,255813,5,0,8,1,20,,255814,5,0,8,2,59,,255815,5,0,8,2,20,,255816,5,0,8,2,21,,255817,5,0,8,1,62,,255818,5,0,8,1,22,,255819,5,0,8,2,62,,255820,5,0,8,2,23,,255821,5,0,8,1,24,,255822,5,0,8,1,71,,255823,5,0,8,2,31,,255824,5,0,8,1,70,,255825,5,0,8,2,29,,255826,5,0,8,1,70,,255827,5,0,8,2,30,,255828,5,0,8,1,71,,255829,5,0,8,2
35301,'H54U000A-80-A',2634,,276683,26,0,5,1,87,,276682,26,0,5,1,85,,276685,26,0,5,2,40,,276684,26,0,5,1
35301,'H54U000I-80-I',2550,,276687,26,0,5,2,85,,276686,26,0,5,1,85,,276688,26,0,5,1,85,,276689,26,0,5,1,41,,276690,26,0,5,2
35301,'H54U000S-81-S',2549,,276691,26,0,5,1,85,,276695,26,0,5,1,85,,276693,26,0,5,1,85,,276692,26,0,5,1,40,,276694,26,0,5,1
35301,'H54U100F-80-F1',2550,,276697,26,0,5,2,85,,276696,26,0,5,1,85,,276698,26,0,5,1,85,,276699,26,0,5,1,41,,276700,26,0,5,2
35301,'H54U200F-82-F2',2550,,276702,26,0,5,2,85,,276703,26,0,5,1,85,,276705,26,0,5,1,85,,276704,26,0,5,1,41,,276701,26,0,5,1
