'24N-H55NV10S-83-S',4101,161010,,'',2
'24N-H58N200F-80-F2',4101,63610,,'',1,7200,,'',2,3200,,'',1,7100,,'',2,3100,,'',1,7000,,'',2,2900,,'',2,6800,,'',1,50100,,'',2,3100,,'',1,6900,,'',2,2800,,'',2,7100,,'',1,2800,,'',2,6800,,'',1,2500,,'',2,2400,,'',2,6400,,'',1
'24N-H58NV10S-80-S',4101,60610,,'',2,2900,,'',2,7000,,'',2,2400,,'',2,2500,,'',1,6400,,'',2,2600,,'',2,6800,,'',1,2900,,'',2,6800,,'',1,3000,,'',1,6800,,'',1,2700,,'',1,6600,,'',2,2700,,'',1,2700,,'',1,6700,,'',1,2800,,'',1,6300,,'',1,2800,,'',2,6900,,'',1,3200,,'',2,9700,,'',1,7100,,'',2,2800,,'',1,6800,,'',2,2500,,'',1,2400,,'',1,6400,,'',1,2700,,'',2,6600,,'',2,3100,,'',1,7000,,'',1,2700,,'',2
'24N-H50N100F-80-F1',9301,55100,4,'',1,7000,4,'',2,3000,4,'',1,7000,4,'',2,3000,4,'',1,7200,4,'',2,3200,4,'',1,7000,4,'',2,3000,4,'',1,7100,4,'',2,3200,4,'',1,7000,4,'',2,3000,4,'',1,7000,4,'',2,7200,4,'',1,3000,4,'',2,7000,4,'',1,3000,4,'',2,7300,4,'',1,2800,4,'',2,7100,4,'',1,3000,4,'',2,7000,4,'',1,3000,4,'',2,6900,4,'',1,2800,4,'',2,3000,4,'',1,7000,4,'',2,3000,4,'',1,6900,4,'',2,3000,4,'',1,7000,4,'',2,2700,4,'',1,7000,4,'',2,2900,4,'',1,7000,4,'',2,3000,4,'',1,7000,4,'',2,2900,4,'',1,6900,4,'',2
'24N-H50N100F-80-F1',9302,50700,,'',1,2900,,'',2,6900,,'',1,3000,,'',2,7000,,'',1,3000,,'',2,7000,,'',1,3000,,'',2,7000,,'',1,3000,,'',2,7000,,'',1,3000,,'',2,7000,,'',1,3000,,'',2,7000,,'',1,3000,,'',2,7000,,'',1,3000,,'',2,7000,,'',1,3000,,'',2,7100,,'',1,3000,,'',2,7000,,'',1,3000,,'',2,7000,,'',1,3000,,'',2,7000,,'',1,3000,,'',2,7000,,'',1,3000,,'',2,7000,,'',1,3000,,'',2,7000,,'',1,3000,,'',2,7000,,'',1,3000,,'',2,7000,,'',1,3000,,'',2,7000,,'',1,3000,,'',2,7100,,'',1
'24N-H50N200F-80-F2',9301,55100,4,'',1,7000,4,'',2,3000,4,'',1,7000,4,'',2,3000,4,'',1,7200,4,'',2,3200,4,'',1,7000,4,'',2,3000,4,'',1,7100,4,'',2,3200,4,'',1,7000,4,'',2,3000,4,'',1,7000,4,'',2,7200,4,'',1,3000,4,'',2,7000,4,'',1,3000,4,'',2,7300,4,'',1,2800,4,'',2,7100,4,'',1,3000,4,'',2,7000,4,'',1,3000,4,'',2,6900,4,'',1,2800,4,'',2,3000,4,'',1,7000,4,'',2,3000,4,'',1,6900,4,'',2,3000,4,'',1,7000,4,'',2,2700,4,'',1,7000,4,'',2,2900,4,'',1,7000,4,'',2,3000,4,'',1,7000,4,'',2,2900,4,'',1,6900,4,'',2
'24N-H50N200F-80-F2',9302,50700,,'',1,2900,,'',2,6900,,'',1,3000,,'',2,7000,,'',1,3000,,'',2,7000,,'',1,3000,,'',2,7000,,'',1,3000,,'',2,7000,,'',1,3000,,'',2,7000,,'',1,3000,,'',2,7000,,'',1,3000,,'',2,7000,,'',1,3000,,'',2,7000,,'',1,3000,,'',2,7100,,'',1,3000,,'',2,7000,,'',1,3000,,'',2,7000,,'',1,3000,,'',2,7000,,'',1,3000,,'',2,7000,,'',1,3000,,'',2,7000,,'',1,3000,,'',2,7000,,'',1,3000,,'',2,7000,,'',1,3000,,'',2,7000,,'',1,3000,,'',2,7000,,'',1,3000,,'',2,7100,,'',1
'24N-H50NV10A-80-A',9301,53200,4,'',1,7000,4,'',2,3000,4,'',1,7000,4,'',2,3100,4,'',1,7300,4,'',2,3000,4,'',1,6900,4,'',2,2900,4,'',1,7200,4,'',2,3100,4,'',1,7000,4,'',2,3200,4,'',1,7200,4,'',2,3100,4,'',1,7500,4,'',2,3300,4,'',1,7300,4,'',2,2800,4,'',2,7000,4,'',1,3300,4,'',2,7300,4,'',1,3000,4,'',2,7100,4,'',1,3100,4,'',2,6900,4,'',1,2800,4,'',2,6700,4,'',1,2900,4,'',2,6900,4,'',1,2900,4,'',2,6800,4,'',1,2900,4,'',2,6900,4,'',1,2900,4,'',2,7000,4,'',1,3000,4,'',2,7000,4,'',1,3000,4,'',2,7000,4,'',1
'24N-H50NV10A-80-A',9302,50800,,'',2,2900,,'',1,7000,,'',2,3000,,'',1,7000,,'',2,3000,,'',1,7100,,'',2,3000,,'',1,7000,,'',2,3100,,'',1,7100,,'',2,3100,,'',1,7100,,'',2,3100,,'',1,7100,,'',2,3300,,'',1,7300,,'',2,3300,,'',1,7300,,'',2,2900,,'',2,6900,,'',1,3300,,'',2,7300,,'',1,7000,,'',2,3100,,'',1,7100,,'',2,3100,,'',1,7000,,'',2,3000,,'',1,7000,,'',2,2900,,'',1,6900,,'',2,2900,,'',1,7000,,'',2,3000,,'',1,7000,,'',2,3000,,'',1,7000,,'',2,3000,,'',1,7000,,'',2
'24N-H50NV10I-80-I',9301,55100,4,'',1,7000,4,'',2,3000,4,'',1,7000,4,'',2,3000,4,'',1,7200,4,'',2,3200,4,'',1,7000,4,'',2,3000,4,'',1,7100,4,'',2,3200,4,'',1,7000,4,'',2,3000,4,'',1,7000,4,'',2,7200,4,'',1,3000,4,'',2,7000,4,'',1,3000,4,'',2,7300,4,'',1,2800,4,'',2,7100,4,'',1,3000,4,'',2,7000,4,'',1,3000,4,'',2,6900,4,'',1,2800,4,'',2,3000,4,'',1,7000,4,'',2,3000,4,'',1,6900,4,'',2,3000,4,'',1,7000,4,'',2,2700,4,'',1,7000,4,'',2,2900,4,'',1,7000,4,'',2,3000,4,'',1,7000,4,'',2,2900,4,'',1,6900,4,'',2
'24N-H50NV10I-80-I',9302,50700,,'',1,2900,,'',2,6900,,'',1,3000,,'',2,7000,,'',1,3000,,'',2,7000,,'',1,3000,,'',2,7000,,'',1,3000,,'',2,7000,,'',1,3000,,'',2,7000,,'',1,3000,,'',2,7000,,'',1,3000,,'',2,7000,,'',1,3000,,'',2,7000,,'',1,3000,,'',2,7100,,'',1,3000,,'',2,7000,,'',1,3000,,'',2,7000,,'',1,3000,,'',2,7000,,'',1,3000,,'',2,7000,,'',1,3000,,'',2,7000,,'',1,3000,,'',2,7000,,'',1,3000,,'',2,7000,,'',1,3000,,'',2,7000,,'',1,3000,,'',2,7000,,'',1,3000,,'',2,7100,,'',1
'24N-H50NV10S-81-S',9301,53300,4,'',1,2500,4,'',1,6500,4,'',1,2500,4,'',1,6900,4,'',1,2800,4,'',1,6800,4,'',1,3000,4,'',1,6900,4,'',1,2900,4,'',1,7000,4,'',1,3000,4,'',1,6900,4,'',1,2800,4,'',1,7000,4,'',1,3100,4,'',1,7100,4,'',1,3100,4,'',1,7100,4,'',1,3200,4,'',1,7600,4,'',1,13900,4,'',1,7300,4,'',1,7200,4,'',1,3200,4,'',2,7000,4,'',1,3000,4,'',2,6800,4,'',1,2600,4,'',2,2600,4,'',1,6600,4,'',2,2600,4,'',1,6500,4,'',2,2400,4,'',1,6600,4,'',2,2600,4,'',1,2600,4,'',2,6400,4,'',1,2600,4,'',2,6700,4,'',1
'24N-H50NV10S-81-S',9302,50700,,'',1,2800,,'',1,6700,,'',1,2600,,'',1,2600,,'',1,6600,,'',1,2700,,'',1,6900,,'',1,3000,,'',1,7000,,'',1,3000,,'',1,6900,,'',1,2900,,'',1,6900,,'',1,2800,,'',1,7000,,'',1,3100,,'',1,7200,,'',1,3200,,'',1,7200,,'',1,3300,,'',1,7300,,'',1,17900,,'',1,3300,,'',1,7200,,'',1,3100,,'',2,7100,,'',1,2900,,'',2,6700,,'',1,2700,,'',2,2600,,'',1,6600,,'',2,2700,,'',1,6700,,'',2,2700,,'',1,6700,,'',2,2700,,'',1,6700,,'',2,2700,,'',1,6800,,'',1
'24N-H55N100F-80-F1',9302,253500,0,'Ston Jean-Talon',1
'24N-H55N200F-80-F2',9302,253500,0,'Ston Jean-Talon',1
'24N-H55NV10A-80-A',9302,253200,0,'Ston Jean-Talon',2
'24N-H55NV10I-80-I',9302,253500,0,'Ston Jean-Talon',1
'24N-H55NV10S-83-S',9301,155300,4,'',2,7300,4,'',2
'24N-H55NV10S-83-S',9302,155700,,'',2,7300,,'',2,90500,0,'Ston Jean-Talon',1
