9301,'H50M000A-70-A',524,,114712,15,0,5,1,30,,114692,15,0,5,1,70,,114683,15,0,5,1,30,,114693,15,0,5,1,70,,114684,15,0,5,1,32,,114694,15,0,5,1,70,,114685,15,0,5,1,29,,114695,15,0,5,1,70,,114686,15,0,5,1,30,,114696,15,0,5,1,70,,114687,15,0,5,1,33,,114697,15,0,5,1,71,,114688,15,0,5,1,71,,114698,15,0,5,1,31,,114689,15,0,5,1,74,,114699,15,0,5,1,33,,114690,15,0,5,1,73,,114700,15,0,5,1,32,,114691,15,0,5,1,66,,114701,15,0,5,1,33,,114673,15,0,5,2,72,,114702,15,0,5,1,33,,114674,15,0,5,2,73,,114703,15,0,5,1,29,,114675,15,0,5,2,71,,114704,15,0,5,1,28,,114676,15,0,5,2,70,,114705,15,0,5,1,27,,114677,15,0,5,2,69,,114706,15,0,5,1,28,,114678,15,0,5,2,70,,114707,15,0,5,1,29,,114679,15,0,5,2,68,,114708,15,0,5,1,28,,114680,15,0,5,2,69,,114709,15,0,5,1,30,,114681,15,0,5,2,70,,114710,15,0,5,1,30,,114682,15,0,5,2,70,,114711,15,0,5,1
9301,'H50M000I-70-I',543,,114713,15,0,5,1,70,,114724,15,0,5,1,30,,114714,15,0,5,1,70,,114725,15,0,5,1,30,,114715,15,0,5,1,70,,114726,15,0,5,1,32,,114716,15,0,5,1,70,,114727,15,0,5,1,33,,114717,15,0,5,1,70,,114728,15,0,5,1,30,,114718,15,0,5,1,70,,114729,15,0,5,1,30,,114719,15,0,5,1,70,,114730,15,0,5,1,33,,114720,15,0,5,1,70,,114731,15,0,5,1,30,,114721,15,0,5,1,70,,114732,15,0,5,1,30,,114722,15,0,5,1,70,,114733,15,0,5,1,32,,114723,15,0,5,1,69,,114734,15,0,5,1,32,,114735,15,0,5,1,69,,114744,15,0,5,1,31,,114736,15,0,5,1,69,,114745,15,0,5,1,27,,114737,15,0,5,1,69,,114746,15,0,5,1,29,,114738,15,0,5,1,70,,114747,15,0,5,1,30,,114739,15,0,5,1,70,,114748,15,0,5,1,30,,114740,15,0,5,1,70,,114749,15,0,5,1,30,,114741,15,0,5,1,69,,114750,15,0,5,1,29,,114742,15,0,5,1,70,,114751,15,0,5,1,29,,114743,15,0,5,1,69,,114752,15,0,5,1
9301,'H50M000S-70-S',525,,114765,15,0,5,2,23,,114753,15,0,5,1,63,,114766,15,0,5,2,25,,114754,15,0,5,1,65,,114767,15,0,5,2,27,,114755,15,0,5,1,30,,114768,15,0,5,2,69,,114756,15,0,5,1,31,,114769,15,0,5,2,70,,114757,15,0,5,1,31,,114770,15,0,5,2,69,,114758,15,0,5,1,31,,114771,15,0,5,2,70,,114759,15,0,5,1,30,,114772,15,0,5,2,72,,114760,15,0,5,1,28,,114773,15,0,5,2,75,,114761,15,0,5,1,72,,114774,15,0,5,2,33,,114762,15,0,5,1,72,,114775,15,0,5,2,104,,114763,15,0,5,1,33,,114792,15,0,5,1,71,,114793,15,0,5,1,32,,114764,15,0,5,1,71,,114776,15,0,5,1,31,,114784,15,0,5,2,70,,114777,15,0,5,1,29,,114785,15,0,5,2,69,,114778,15,0,5,1,27,,114786,15,0,5,2,67,,114779,15,0,5,1,25,,114787,15,0,5,2,66,,114780,15,0,5,1,25,,114788,15,0,5,2,23,,114781,15,0,5,1,65,,114789,15,0,5,2,25,,114782,15,0,5,1,66,,114790,15,0,5,2,26,,114783,15,0,5,1,67,,114791,15,0,5,2
9301,'H50M100F-70-F1',543,,114794,15,0,5,1,70,,114804,15,0,5,1,30,,114795,15,0,5,1,70,,114806,15,0,5,1,30,,114796,15,0,5,1,70,,114807,15,0,5,1,32,,114797,15,0,5,1,70,,114808,15,0,5,1,33,,114798,15,0,5,1,70,,114809,15,0,5,1,30,,114799,15,0,5,1,70,,114810,15,0,5,1,30,,114800,15,0,5,1,70,,114811,15,0,5,1,33,,114801,15,0,5,1,70,,114812,15,0,5,1,30,,114802,15,0,5,1,70,,114813,15,0,5,1,30,,114803,15,0,5,1,70,,114814,15,0,5,1,32,,114805,15,0,5,1,69,,114815,15,0,5,1,32,,114816,15,0,5,2,69,,114825,15,0,5,1,31,,114817,15,0,5,2,69,,114826,15,0,5,1,27,,114818,15,0,5,2,69,,114827,15,0,5,1,29,,114819,15,0,5,2,70,,114828,15,0,5,1,30,,114820,15,0,5,2,70,,114829,15,0,5,1,30,,114821,15,0,5,2,70,,114830,15,0,5,1,30,,114823,15,0,5,2,69,,114831,15,0,5,1,29,,114822,15,0,5,2,70,,114832,15,0,5,1,29,,114824,15,0,5,2,69,,114833,15,0,5,1
9301,'H50M200F-70-F2',543,,114834,15,0,5,1,70,,114845,15,0,5,1,30,,114835,15,0,5,1,70,,114846,15,0,5,1,30,,114836,15,0,5,1,70,,114847,15,0,5,1,32,,114837,15,0,5,1,70,,114849,15,0,5,1,33,,114838,15,0,5,1,70,,114850,15,0,5,1,30,,114839,15,0,5,1,70,,114848,15,0,5,1,30,,114840,15,0,5,1,70,,114851,15,0,5,1,33,,114841,15,0,5,1,70,,114852,15,0,5,1,30,,114842,15,0,5,1,70,,114853,15,0,5,1,30,,114843,15,0,5,1,70,,114854,15,0,5,1,32,,114844,15,0,5,1,69,,114855,15,0,5,1,32,,114856,15,0,5,2,69,,114865,15,0,5,1,31,,114857,15,0,5,2,69,,114866,15,0,5,1,27,,114858,15,0,5,2,69,,114867,15,0,5,1,29,,114859,15,0,5,2,70,,114868,15,0,5,1,30,,114860,15,0,5,2,70,,114869,15,0,5,1,30,,114861,15,0,5,2,70,,114870,15,0,5,1,30,,114862,15,0,5,2,69,,114871,15,0,5,1,29,,114863,15,0,5,2,70,,114872,15,0,5,1,29,,114864,15,0,5,2,69,,114873,15,0,5,1
9301,'H50M300F-70-F3',543,,114874,15,0,5,1,70,,114885,15,0,5,1,30,,114875,15,0,5,1,70,,114886,15,0,5,1,30,,114876,15,0,5,1,70,,114887,15,0,5,1,32,,114877,15,0,5,1,70,,114888,15,0,5,1,33,,114878,15,0,5,1,70,,114889,15,0,5,1,30,,114879,15,0,5,1,70,,114890,15,0,5,1,30,,114880,15,0,5,1,70,,114891,15,0,5,1,33,,114881,15,0,5,1,70,,114892,15,0,5,1,30,,114882,15,0,5,1,70,,114893,15,0,5,1,30,,114883,15,0,5,1,70,,114894,15,0,5,1,32,,114884,15,0,5,1,69,,114895,15,0,5,1,32,,114896,15,0,5,1,69,,114905,15,0,5,1,31,,114897,15,0,5,1,69,,114906,15,0,5,1,27,,114898,15,0,5,1,69,,114907,15,0,5,1,29,,114899,15,0,5,1,70,,114908,15,0,5,1,30,,114900,15,0,5,1,70,,114909,15,0,5,1,30,,114901,15,0,5,1,70,,114910,15,0,5,1,30,,114902,15,0,5,1,69,,114911,15,0,5,1,29,,114903,15,0,5,1,70,,114912,15,0,5,1,29,,114904,15,0,5,1,69,,114913,15,0,5,1
9301,'H51M000S-70-S',1543,,114914,15,0,5,2
37201,'H54M000A-70-A',2538,,155275,37,0,5,1,85,,155280,37,0,5,1,84,,155278,37,0,5,1,50,,155276,37,0,5,1,85,,155277,37,0,5,1,84,,155279,37,0,6 7,1
37201,'H54M000I-70-I',2538,,155282,37,0,5,1,87,,155281,37,0,5,1,86,,155285,37,0,5,1,46,,155283,37,0,5,1,85,,155284,37,0,5,1,85,,155286,37,0,6 7,1
37201,'H54M000S-70-S',2539,,155287,37,0,5,1,74,,155291,37,0,5,1,38,,155290,37,0,5,1,80,,155293,37,0,5,1,80,,155289,37,0,5,1,41,,155288,37,0,5,1,85,,155292,37,0,6 7,1
37201,'H54M100F-70-F1',2538,,155298,37,0,5,1,87,,155295,37,0,5,1,86,,155294,37,0,5,1,46,,155296,37,0,5,1,85,,155297,37,0,5,1,85,,155299,37,0,6 7,1
37201,'H54M200F-70-F2',2538,,155303,37,0,5,1,87,,155300,37,0,5,1,86,,155301,37,0,5,1,46,,155302,37,0,5,1,85,,155305,37,0,5,2,85,,155304,37,0,6 7,1
37201,'H54M300F-70-F3',2538,,155307,37,0,5,1,87,,155310,37,0,5,1,86,,155306,37,0,5,1,46,,155309,37,0,5,1,85,,155311,37,0,5,1,85,,155308,37,0,6 7,1
