18501,'H59U000A-80-A',610,,265807,25,0,5,1,27,,265815,25,0,5,1,71,,265808,25,0,5,1,29,,265809,25,0,5,1,72,,265816,25,0,5,1,30,,265817,25,0,5,2,71,,265810,25,0,5,1,33,,265821,25,0,5,1,71,,265818,25,0,5,2,31,,265811,25,0,5,1,73,,265822,25,0,5,1,31,,265819,25,0,5,2,73,,265812,25,0,5,1,34,,265833,25,0,5,2,73,,265823,25,0,5,1,72,,265831,25,0,5,1,31,,265813,25,0,5,1,71,,265834,25,0,5,2,30,,265824,25,0,5,1,70,,265832,25,0,5,1,30,,265814,25,0,5,1,70,,265835,25,0,5,2,27,,265825,25,0,5,1,70,,265820,25,0,5,2,30,,265836,25,0,5,1,70,,265802,25,0,5,2,32,,265826,25,0,5,1,70,,265837,25,0,5,1,31,,265803,25,0,5,2,71,,265827,25,0,5,1,30,,265838,25,0,5,1,71,,265804,25,0,5,2,30,,265828,25,0,5,1,70,,265839,25,0,5,1,29,,265805,25,0,5,2,69,,265829,25,0,5,1,29,,265840,25,0,5,1,69,,265806,25,0,5,2,25,,265830,25,0,5,1
18501,'H59U000I-80-I',610,,265841,25,0,5,1,32,,265853,25,0,5,2,70,,265865,25,0,5,1,33,,265842,25,0,5,1,74,,265854,25,0,5,2,31,,265866,25,0,5,1,73,,265843,25,0,5,1,31,,265855,25,0,5,2,73,,265867,25,0,5,1,74,,265844,25,0,5,1,33,,265856,25,0,5,2,71,,265868,25,0,5,1,35,,265845,25,0,5,1,73,,265857,25,0,5,2,33,,265869,25,0,5,1,73,,265872,25,0,5,1,33,,265846,25,0,5,1,71,,265858,25,0,5,2,29,,265870,25,0,5,1,71,,265873,25,0,5,1,31,,265847,25,0,5,1,70,,265859,25,0,5,2,29,,265871,25,0,5,1,68,,265874,25,0,5,1,28,,265848,25,0,5,1,70,,265860,25,0,5,2,30,,265875,25,0,5,1,69,,265849,25,0,5,1,30,,265861,25,0,5,2,69,,265876,25,0,5,1,30,,265850,25,0,5,1,69,,265862,25,0,5,2,28,,265877,25,0,5,1,67,,265851,25,0,5,1,28,,265863,25,0,5,2,68,,265878,25,0,5,1,26,,265852,25,0,5,1,68,,265864,25,0,5,2,27,,265879,25,0,5,1
18501,'H59U000S-80-S',618,,265880,25,0,5,1,33,,265885,25,0,5,2,75,,265882,25,0,5,1,74,,265881,25,0,5,1,32,,265883,25,0,5,1,72,,265906,25,0,5,1,33,,265886,25,0,5,1,71,,265916,25,0,5,1,32,,265884,25,0,5,1,70,,265907,25,0,5,1,30,,265887,25,0,5,1,69,,265917,25,0,5,1,28,,265895,25,0,5,2,66,,265908,25,0,5,1,27,,265888,25,0,5,1,28,,265918,25,0,5,1,69,,265896,25,0,5,2,30,,265909,25,0,5,1,69,,265889,25,0,5,1,31,,265919,25,0,5,1,69,,265897,25,0,5,2,30,,265910,25,0,5,1,71,,265890,25,0,5,1,30,,265904,25,0,5,1,67,,265898,25,0,5,2,24,,265911,25,0,5,1,67,,265891,25,0,5,1,26,,265905,25,0,5,1,65,,265899,25,0,5,2,30,,265912,25,0,5,1,70,,265892,25,0,5,1,31,,265900,25,0,5,2,70,,265913,25,0,5,1,30,,265893,25,0,5,1,67,,265901,25,0,5,2,28,,265914,25,0,5,1,69,,265894,25,0,5,1,27,,265902,25,0,5,2,29,,265915,25,0,5,1,70,,265903,25,0,5,2
18501,'H59U100F-80-F1',610,,265920,25,0,5,1,32,,265932,25,0,5,2,70,,265944,25,0,5,1,33,,265921,25,0,5,1,74,,265933,25,0,5,2,31,,265945,25,0,5,1,73,,265922,25,0,5,1,31,,265934,25,0,5,2,73,,265946,25,0,5,1,74,,265923,25,0,5,1,33,,265935,25,0,5,2,71,,265947,25,0,5,1,35,,265924,25,0,5,1,73,,265936,25,0,5,2,33,,265948,25,0,5,1,73,,265951,25,0,5,1,33,,265925,25,0,5,1,71,,265937,25,0,5,2,29,,265949,25,0,5,1,71,,265952,25,0,5,1,31,,265926,25,0,5,1,70,,265938,25,0,5,2,29,,265950,25,0,5,1,68,,265953,25,0,5,1,28,,265927,25,0,5,1,70,,265939,25,0,5,2,30,,265954,25,0,5,1,69,,265928,25,0,5,1,30,,265940,25,0,5,2,69,,265955,25,0,5,1,30,,265929,25,0,5,1,69,,265941,25,0,5,2,28,,265956,25,0,5,1,67,,265930,25,0,5,1,28,,265942,25,0,5,2,68,,265957,25,0,5,1,26,,265931,25,0,5,1,68,,265943,25,0,5,2,27,,265958,25,0,5,1
18501,'H59U200F-80-F2',610,,265959,25,0,5,1,32,,265960,25,0,5,2,70,,265961,25,0,5,1,33,,265962,25,0,5,1,74,,265963,25,0,5,2,31,,265964,25,0,5,1,73,,265965,25,0,5,1,31,,265966,25,0,5,2,73,,265967,25,0,5,1,74,,265968,25,0,5,1,33,,265969,25,0,5,2,71,,265970,25,0,5,1,35,,265971,25,0,5,1,73,,265972,25,0,5,2,33,,265973,25,0,5,1,73,,265974,25,0,5,1,33,,265975,25,0,5,1,71,,265976,25,0,5,2,29,,265977,25,0,5,1,71,,265978,25,0,5,1,31,,265979,25,0,5,1,70,,265980,25,0,5,2,29,,265981,25,0,5,1,68,,265982,25,0,5,1,28,,265983,25,0,5,1,70,,265984,25,0,5,2,30,,265985,25,0,5,1,69,,265986,25,0,5,1,30,,265987,25,0,5,2,69,,265988,25,0,5,1,30,,265989,25,0,5,1,69,,265990,25,0,5,2,28,,265991,25,0,5,1,67,,265992,25,0,5,1,28,,265993,25,0,5,2,68,,265994,25,0,5,1,26,,265995,25,0,5,1,68,,265996,25,0,5,2,27,,265997,25,0,5,1
36401,'H54U000A-80-A',2617,,277444,46,0,5,2,87,,277443,46,0,5,1,31,,277447,46,0,5,1,10,,277446,46,0,5,1,85,,277445,46,0,5,1,84,,277448,46,0,5,2
36401,'H54U000I-80-I',2612,,277450,46,0,5,2,46,,277453,46,0,5,1,71,,277454,46,0,5,1,71,,277451,46,0,5,1,32,,277449,46,0,5,1,81,,277452,46,0,5,1
36401,'H54U000S-81-S',2615,,277456,46,0,5,1,44,,277455,46,0,5,1,84,,277459,46,0,5,2,84,,277458,46,0,5,1,85,,277457,46,0,5,1
36401,'H54U100F-80-F1',2612,,277461,46,0,5,2,46,,277464,46,0,5,1,71,,277465,46,0,5,1,71,,277462,46,0,5,1,32,,277460,46,0,5,1,81,,277463,46,0,5,1
36401,'H54U200F-82-F2',2612,,277471,46,0,5,1,46,,277469,46,0,5,1,71,,277468,46,0,5,2,71,,277470,46,0,5,2,32,,277467,46,0,5,1,81,,277466,46,0,5,2
