17102,'H50M000A-81-A',543,,205684,13,0,10,2,71,,205705,13,0,10,1,32,,205685,13,0,10,2,71,,205706,13,0,10,1,30,,205686,13,0,10,2,71,,205707,13,0,10,1,30,,205687,13,0,10,2,71,,205708,13,0,10,1,31,,205688,13,0,10,2,70,,205709,13,0,10,1,30,,205689,13,0,10,2,70,,205710,13,0,10,1,31,,205690,13,0,10,2,70,,205711,13,0,10,1,30,,205691,13,0,10,2,71,,205712,13,0,10,1,31,,205692,13,0,10,2,70,,205713,13,0,10,1,29,,205693,13,0,10,2,71,,205714,13,0,10,1,31,,205694,13,0,10,2,71,,205715,13,0,10,1,31,,205695,13,0,10,2,71,,205716,13,0,10,1,31,,205696,13,0,10,2,70,,205717,13,0,10,1,31,,205697,13,0,10,2,71,,205718,13,0,10,1,29,,205698,13,0,10,2,69,,205719,13,0,10,1,30,,205699,13,0,10,2,70,,205720,13,0,10,1,31,,205700,13,0,10,2,71,,205721,13,0,10,1,71,,205701,13,0,10,2,31,,205681,13,0,10,1,71,,205702,13,0,10,2,30,,205682,13,0,10,1,71,,205703,13,0,10,2,31,,205683,13,0,10,1,72,,205704,13,0,10,2
17102,'H50M000I-81-I',540,,205722,13,0,10,1,72,,205732,13,0,10,1,34,,205723,13,0,10,1,74,,205733,13,0,10,1,33,,205724,13,0,10,1,74,,205734,13,0,10,1,32,,205725,13,0,10,1,71,,205735,13,0,10,1,71,,205726,13,0,10,1,31,,205736,13,0,10,1,71,,205727,13,0,10,1,32,,205737,13,0,10,1,71,,205728,13,0,10,1,30,,205738,13,0,10,1,70,,205729,13,0,10,1,30,,205739,13,0,10,1,70,,205730,13,0,10,1,30,,205740,13,0,10,1,70,,205731,13,0,10,1,29,,205741,13,0,10,1,70,,205742,13,0,10,1,30,,205752,13,0,10,1,70,,205743,13,0,10,1,30,,205753,13,0,10,1,70,,205744,13,0,10,1,30,,205754,13,0,10,1,70,,205745,13,0,10,1,30,,205755,13,0,10,1,70,,205746,13,0,10,1,30,,205756,13,0,10,1,69,,205747,13,0,10,1,30,,205757,13,0,10,1,70,,205748,13,0,10,1,31,,205758,13,0,10,1,70,,205749,13,0,10,1,32,,205759,13,0,10,1,72,,205750,13,0,10,1,32,,205760,13,0,10,1,71,,205751,13,0,10,1,30,,205761,13,0,10,1
17102,'H50M000S-81-S',546,,205768,13,0,10,1,66,,205774,13,0,10,1,20,,205769,13,0,10,1,18,,205775,13,0,10,1,56,,205765,13,0,10,1,15,,205804,13,0,10,1,11,,205770,13,0,10,1,25,,205776,13,0,10,1,54,,205766,13,0,10,1,13,,205805,13,0,10,1,81,,205777,13,0,10,1,15,,205767,13,0,10,1,20,,205806,13,0,10,1,65,,205778,13,0,10,1,26,,205762,13,0,10,2,25,,205807,13,0,10,1,66,,205779,13,0,10,1,26,,205763,13,0,10,2,67,,205808,13,0,10,1,21,,205780,13,0,10,1,16,,205764,13,0,10,2,57,,205785,13,0,10,1,17,,205809,13,0,10,1,18,,205781,13,0,10,1,88,,205786,13,0,10,1,25,,205782,13,0,10,1,93,,205787,13,0,10,1,63,,205783,13,0,10,1,96,,205788,13,0,10,1,20,,205784,13,0,10,1,20,,205797,13,0,10,1,61,,205799,13,0,10,2,20,,205789,13,0,10,1,23,,205798,13,0,10,1,65,,205800,13,0,10,2,27,,205790,13,0,10,1,69,,205801,13,0,10,2,30,,205791,13,0,10,1,70,,205802,13,0,10,2,30,,205792,13,0,10,1,68,,205803,13,0,10,2,30,,205793,13,0,10,1,67,,205771,13,0,10,2,30,,205794,13,0,10,1,70,,205772,13,0,10,2,30,,205795,13,0,10,1,71,,205773,13,0,10,2,30,,205796,13,0,10,1
17102,'H58M000S-80-S',744,,205811,13,0,10,1,94,,205810,13,0,10,2
17102,'H60M000S-80-S',851,,205816,13,0,10,2,556,,205812,13,0,10,1,116,,205813,13,0,10,1,109,,205814,13,0,10,1,19,,205815,13,0,10,1
17702,'H60M000A-82-A',620,,206410,6,0,10,2,27,,206400,6,0,10,1,57,,206401,6,0,10,2,17,,206423,6,0,10,2,27,,206411,6,0,10,2,71,,206403,6,0,10,1,31,,206424,6,0,10,2,69,,206412,6,0,10,2,29,,206404,6,0,10,1,70,,206425,6,0,10,2,29,,206413,6,0,10,2,71,,206405,6,0,10,1,31,,206426,6,0,10,2,71,,206414,6,0,10,2,28,,206406,6,0,10,1,68,,206427,6,0,10,1,27,,206398,6,0,10,1,64,,206415,6,0,10,2,29,,206407,6,0,10,1,71,,206428,6,0,10,1,32,,206416,6,0,10,2,70,,206402,6,0,10,2,31,,206408,6,0,10,1,71,,206417,6,0,10,2,30,,206429,6,0,10,1,69,,206409,6,0,10,1,30,,206396,6,0,10,1,70,,206418,6,0,10,2,30,,206430,6,0,10,1,69,,206399,6,0,10,1,29,,206397,6,0,10,1
17702,'H60M000I-81-I',618,,206446,6,0,10,1,30,,206453,6,0,10,2,70,,206454,6,0,10,1,30,,206447,6,0,10,1,70,,206435,6,0,10,2,30,,206455,6,0,10,1,69,,206448,6,0,10,1,30,,206436,6,0,10,2,70,,206456,6,0,10,1,31,,206449,6,0,10,1,71,,206437,6,0,10,2,30,,206457,6,0,10,1,71,,206450,6,0,10,1,31,,206438,6,0,10,2,70,,206458,6,0,10,1,30,,206451,6,0,10,1,70,,206439,6,0,10,2,30,,206459,6,0,10,1,65,,206468,6,0,10,1,25,,206452,6,0,10,1,70,,206440,6,0,10,2,30,,206460,6,0,10,1,72,,206469,6,0,10,1,31,,206441,6,0,10,2,70,,206471,6,0,10,1,29,,206462,6,0,10,2,68,,206470,6,0,10,1,29,,206442,6,0,10,2,69,,206472,6,0,10,1,29,,206463,6,0,10,2
17702,'H60M000S-80-S',535,,206473,6,0,10,2,15,,206480,6,0,10,1,55,,206484,6,0,10,2,12,,206475,6,0,10,1,11,,206490,6,0,10,1,9,,206495,6,0,10,1,8,,206488,6,0,10,2,7,,206497,6,0,10,1,7,,206498,6,0,10,2,46,,206499,6,0,10,2,6,,206474,6,0,10,2,6,,206501,6,0,10,2,6,,206502,6,0,10,2,6,,206503,6,0,10,2,6,,206504,6,0,10,2,7,,206485,6,0,10,2,7,,206506,6,0,10,2,8,,206489,6,0,10,2,48,,206507,6,0,10,1,9,,206496,6,0,10,1,12,,206487,6,0,10,1,12,,206491,6,0,10,1,12,,206500,6,0,10,2,52,,206511,6,0,10,2,12,,206512,6,0,10,1,12,,206505,6,0,10,2,17,,206481,6,0,10,1,60,,206508,6,0,10,1,24,,206492,6,0,10,1,28,,206513,6,0,10,1,70,,206482,6,0,10,1,29,,206509,6,0,10,1,69,,206486,6,0,10,1,29,,206514,6,0,10,1,69,,206483,6,0,10,1,29,,206510,6,0,10,1,70,,206494,6,0,10,1,32,,206515,6,0,10,2,73,,206516,6,0,10,1,33,,206518,6,0,10,1,68,,206529,6,0,10,1,27,,206530,6,0,10,2,72,,206525,6,0,10,2,29,,206519,6,0,10,1,73,,206526,6,0,10,2,30,,206520,6,0,10,1,67,,206517,6,0,10,1,31,,206476,6,0,10,2,73,,206527,6,0,10,2,26,,206521,6,0,10,1
38002,'H50M000A-81-A',2643,,214986,58,0,10,1,86,,214984,58,0,10,1,83,,214983,58,0,10,2,45,,214985,58,0,10,1
38002,'H50M000I-81-I',2621,,214987,58,0,10,1,82,,214992,58,0,10,1,51,,214989,58,0,10,1,89,,214993,58,0,10,1,59,,214991,58,0,10,1,15,,214988,58,0,10,1,12,,214990,58,0,10,1
38002,'H50M000S-81-S',2623,,214994,58,0,10,1,82,,214996,58,0,10,2,49,,214999,58,0,10,1,94,,214997,58,0,10,2,55,,214995,58,0,10,1,29,,214998,58,0,10,2
38002,'H54M000I-81-I',2923,,215000,58,0,10,1
38002,'H54M000S-81-S',2911,,215001,58,0,10,1,7,,215002,58,0,10,1
