12404,'H50U000A-82-A',628,,253315,23,0,9,1,31,,253296,23,0,9,2,70,,253308,23,0,9,2,30,,253316,23,0,9,1,71,,253297,23,0,9,2,70,,253309,23,0,9,2,30,,253317,23,0,9,1,70,,253298,23,0,9,2,32,,253310,23,0,9,2,70,,253318,23,0,9,1,30,,253299,23,0,9,2,70,,253311,23,0,9,2,30,,253319,23,0,9,1,70,,253300,23,0,9,2,30,,253312,23,0,9,2,70,,253320,23,0,9,1,30,,253301,23,0,9,2,70,,253313,23,0,9,2,31,,253321,23,0,9,1,71,,253302,23,0,9,2,31,,253314,23,0,9,2,70,,253322,23,0,9,1,30,,253303,23,0,9,2,69,,253293,23,0,9,2,27,,253323,23,0,9,1,69,,253304,23,0,9,2,29,,253294,23,0,9,2,29,,253324,23,0,9,1,69,,253305,23,0,9,2,29,,253295,23,0,9,2,67,,253325,23,0,9,1,29,,253306,23,0,9,2,70,,253326,23,0,9,1,30,,253292,23,0,9,1,70,,253307,23,0,9,2,29,,253327,23,0,9,1
12404,'H50U000I-82-I',715,,253328,23,0,9,1,30,,253340,23,0,9,1,70,,253351,23,0,9,2,32,,253329,23,0,9,1,70,,253341,23,0,9,1,30,,253352,23,0,9,2,70,,253330,23,0,9,1,32,,253342,23,0,9,1,70,,253353,23,0,9,2,30,,253331,23,0,9,1,70,,253343,23,0,9,1,30,,253354,23,0,9,2,70,,253332,23,0,9,1,30,,253344,23,0,9,1,70,,253355,23,0,9,2,30,,253333,23,0,9,1,70,,253345,23,0,9,1,29,,253356,23,0,9,2,69,,253334,23,0,9,1,30,,253346,23,0,9,1,70,,253357,23,0,9,2,30,,253335,23,0,9,1,70,,253347,23,0,9,1,30,,253358,23,0,9,2,70,,253336,23,0,9,1,30,,253348,23,0,9,1,70,,253359,23,0,9,2,29,,253337,23,0,9,1,70,,253349,23,0,9,1,30,,253360,23,0,9,2,68,,253338,23,0,9,1,30,,253350,23,0,9,1,71,,253361,23,0,9,2,30,,253339,23,0,9,1
12404,'H50U000S-83-S',606,,253383,23,0,9,2,32,,253367,23,0,9,2,69,,253371,23,0,9,1,32,,253384,23,0,9,2,75,,253368,23,0,9,2,31,,253372,23,0,9,1,67,,253377,23,0,9,2,29,,253362,23,0,9,1,65,,253363,23,0,9,1,30,,253369,23,0,9,2,70,,253378,23,0,9,2,30,,253364,23,0,9,1,70,,253385,23,0,9,2,31,,253379,23,0,9,2,71,,253365,23,0,9,1,31,,253386,23,0,9,2,72,,253380,23,0,9,2,33,,253366,23,0,9,1,75,,253387,23,0,9,2,34,,253381,23,0,9,2,71,,253393,23,0,9,1,29,,253370,23,0,9,1,68,,253388,23,0,9,2,27,,253382,23,0,9,2,69,,253398,23,0,9,1,27,,253373,23,0,9,1,67,,253389,23,0,9,2,30,,253394,23,0,9,1,68,,253374,23,0,9,1,27,,253390,23,0,9,2,70,,253395,23,0,9,1,30,,253375,23,0,9,1,71,,253391,23,0,9,2,29,,253396,23,0,9,1,69,,253376,23,0,9,1,30,,253392,23,0,9,2,70,,253397,23,0,9,1
12404,'H50U100F-80-F1',715,,253399,23,0,9,1,30,,253411,23,0,9,1,70,,253422,23,0,9,2,32,,253400,23,0,9,1,70,,253412,23,0,9,1,30,,253423,23,0,9,2,70,,253401,23,0,9,1,32,,253413,23,0,9,1,70,,253424,23,0,9,2,30,,253402,23,0,9,1,70,,253414,23,0,9,1,30,,253425,23,0,9,2,70,,253403,23,0,9,1,30,,253415,23,0,9,1,70,,253426,23,0,9,2,30,,253404,23,0,9,1,70,,253416,23,0,9,1,29,,253427,23,0,9,2,69,,253405,23,0,9,1,30,,253417,23,0,9,1,70,,253428,23,0,9,2,30,,253406,23,0,9,1,70,,253418,23,0,9,1,30,,253429,23,0,9,2,70,,253407,23,0,9,1,30,,253419,23,0,9,1,70,,253430,23,0,9,2,29,,253408,23,0,9,1,70,,253420,23,0,9,1,30,,253431,23,0,9,2,68,,253409,23,0,9,1,30,,253421,23,0,9,1,71,,253432,23,0,9,2,30,,253410,23,0,9,1
12404,'H50U200F-80-F2',715,,253433,23,0,9,1,30,,253445,23,0,9,1,70,,253456,23,0,9,2,32,,253434,23,0,9,1,70,,253446,23,0,9,1,30,,253457,23,0,9,2,70,,253435,23,0,9,1,32,,253447,23,0,9,1,70,,253458,23,0,9,2,30,,253436,23,0,9,1,70,,253448,23,0,9,1,30,,253459,23,0,9,2,70,,253437,23,0,9,1,30,,253449,23,0,9,1,70,,253460,23,0,9,2,30,,253438,23,0,9,1,70,,253450,23,0,9,1,29,,253461,23,0,9,2,69,,253439,23,0,9,1,30,,253451,23,0,9,1,70,,253462,23,0,9,2,30,,253440,23,0,9,1,70,,253452,23,0,9,1,30,,253463,23,0,9,2,70,,253441,23,0,9,1,30,,253453,23,0,9,1,70,,253464,23,0,9,2,29,,253442,23,0,9,1,70,,253454,23,0,9,1,30,,253465,23,0,9,2,68,,253443,23,0,9,1,30,,253455,23,0,9,1,71,,253466,23,0,9,2,30,,253444,23,0,9,1
36801,'H57U000A-80-A',2541,,277559,22,0,5,1,85,,277563,22,0,5,2,88,,277562,22,0,5,1,42,,277561,22,0,5,1,83,,277560,22,0,5,1
36801,'H57U000I-80-I',2540,,277567,22,0,5,1,85,,277564,22,0,5,1,85,,277566,22,0,5,1,45,,277568,22,0,5,1,85,,277565,22,0,5,1
36801,'H57U000S-81-S',2537,,277569,22,0,5,1,87,,277572,22,0,5,1,94,,277573,22,0,5,1,38,,277570,22,0,5,1,94,,277571,22,0,5,1
36801,'H57U100F-80-F1',2540,,277577,22,0,5,1,85,,277574,22,0,5,1,85,,277576,22,0,5,1,45,,277578,22,0,5,1,85,,277575,22,0,5,1
36801,'H57U200F-80-F2',2540,,277582,22,0,5,1,85,,277579,22,0,5,1,85,,277581,22,0,5,1,45,,277583,22,0,5,1,85,,277580,22,0,5,1
