7901,'H58U000A-80-A',515,,240856,31,0,5,1,30,,240867,31,0,5,1,69,,240852,31,0,5,1,31,,240864,31,0,5,2,71,,240875,31,0,5,1,32,,240834,31,0,5,1,71,,240865,31,0,5,2,30,,240848,31,0,5,2,68,,240857,31,0,5,1,32,,240835,31,0,5,2,70,,240866,31,0,5,2,30,,240858,31,0,5,1,70,,240861,31,0,5,1,30,,240868,31,0,5,1,70,,240842,31,0,5,1,30,,240859,31,0,5,1,70,,240862,31,0,5,1,29,,240869,31,0,5,1,69,,240843,31,0,5,1,30,,240846,31,0,5,1,70,,240863,31,0,5,1,30,,240870,31,0,5,1,71,,240874,31,0,5,2,31,,240838,31,0,5,1,70,,240849,31,0,5,2,30,,240871,31,0,5,1,69,,240847,31,0,5,1,30,,240839,31,0,5,1,70,,240860,31,0,5,1,29,,240836,31,0,5,1,69,,240853,31,0,5,1,30,,240840,31,0,5,1,69,,240872,31,0,5,2,31,,240837,31,0,5,1,72,,240854,31,0,5,1,32,,240841,31,0,5,1,72,,240873,31,0,5,2,31,,240844,31,0,5,1,65,,240845,31,0,5,1,25,,240855,31,0,5,2,73,,240850,31,0,5,2,33,,240851,31,0,5,2
7901,'H58U000I-80-I',516,,240876,31,0,5,1,30,,240892,31,0,5,2,70,,240884,31,0,5,2,30,,240882,31,0,5,1,70,,240879,31,0,5,1,30,,240889,31,0,5,1,71,,240877,31,0,5,2,30,,240908,31,0,5,2,70,,240880,31,0,5,1,31,,240893,31,0,5,2,70,,240878,31,0,5,2,30,,240909,31,0,5,2,69,,240881,31,0,5,1,29,,240894,31,0,5,2,70,,240885,31,0,5,1,30,,240910,31,0,5,2,70,,240916,31,0,5,1,30,,240895,31,0,5,2,70,,240911,31,0,5,1,31,,240904,31,0,5,2,71,,240900,31,0,5,1,30,,240896,31,0,5,2,70,,240912,31,0,5,1,30,,240905,31,0,5,2,70,,240901,31,0,5,1,30,,240897,31,0,5,2,70,,240913,31,0,5,1,30,,240906,31,0,5,2,70,,240902,31,0,5,1,29,,240898,31,0,5,2,69,,240914,31,0,5,1,30,,240907,31,0,5,2,70,,240903,31,0,5,1,30,,240899,31,0,5,2,70,,240890,31,0,5,1,32,,240888,31,0,5,1,72,,240883,31,0,5,1,33,,240886,31,0,5,1,66,,240887,31,0,5,2,27,,240915,31,0,5,1,70,,240891,31,0,5,1
7901,'H58U000S-80-S',456,,240917,31,0,5,2,60,,240928,31,0,5,1,26,,240935,31,0,5,1,72,,240929,31,0,5,2,32,,240930,31,0,5,1,73,,240924,31,0,5,1,31,,240931,31,0,5,2,73,,240938,31,0,5,1,31,,240918,31,0,5,2,67,,240925,31,0,5,1,28,,240932,31,0,5,2,70,,240939,31,0,5,1,30,,240919,31,0,5,2,70,,240926,31,0,5,1,30,,240933,31,0,5,2,70,,240940,31,0,5,1,30,,240920,31,0,5,2,69,,240927,31,0,5,1,29,,240934,31,0,5,2,70,,240941,31,0,5,1,31,,240921,31,0,5,2,71,,240943,31,0,5,1,27,,240923,31,0,5,2,66,,240942,31,0,5,1,19,,240922,31,0,5,2,20,,240955,31,0,5,2,59,,240956,31,0,5,2,19,,240957,31,0,5,2,20,,240950,31,0,5,1,60,,240944,31,0,5,1,20,,240936,31,0,5,2,22,,240946,31,0,5,1,66,,240958,31,0,5,2,30,,240951,31,0,5,1,69,,240937,31,0,5,2,31,,240947,31,0,5,1,72,,240959,31,0,5,2,32,,240952,31,0,5,1,73,,240948,31,0,5,1,33,,240960,31,0,5,2,68,,240953,31,0,5,1,28,,240945,31,0,5,2,59,,240949,31,0,5,1,33,,240961,31,0,5,2,71,,240954,31,0,5,1
7901,'H58U100F-80-F1',516,,240962,31,0,5,1,30,,240978,31,0,5,2,70,,240970,31,0,5,2,30,,240968,31,0,5,1,70,,240965,31,0,5,1,30,,240975,31,0,5,1,71,,240963,31,0,5,2,30,,240994,31,0,5,2,70,,240966,31,0,5,1,31,,240979,31,0,5,2,70,,240964,31,0,5,2,30,,240995,31,0,5,2,69,,240967,31,0,5,1,29,,240980,31,0,5,2,70,,240971,31,0,5,1,30,,240996,31,0,5,2,70,,241002,31,0,5,1,30,,240981,31,0,5,2,70,,240997,31,0,5,1,31,,240990,31,0,5,2,71,,240986,31,0,5,1,30,,240982,31,0,5,2,70,,240998,31,0,5,1,30,,240991,31,0,5,2,70,,240987,31,0,5,1,30,,240983,31,0,5,2,70,,240999,31,0,5,1,30,,240992,31,0,5,2,70,,240988,31,0,5,1,29,,240984,31,0,5,2,69,,241000,31,0,5,1,30,,240993,31,0,5,2,70,,240989,31,0,5,1,30,,240985,31,0,5,2,70,,240976,31,0,5,1,32,,240974,31,0,5,1,72,,240969,31,0,5,1,33,,240972,31,0,5,1,66,,240973,31,0,5,2,27,,241001,31,0,5,1,70,,240977,31,0,5,1
7901,'H58U200F-80-F2',516,,241003,31,0,5,2,30,,241034,31,0,5,2,70,,241014,31,0,5,1,30,,241024,31,0,5,1,70,,241004,31,0,5,2,30,,241015,31,0,5,1,71,,241035,31,0,5,2,30,,241025,31,0,5,1,70,,241005,31,0,5,2,31,,241016,31,0,5,1,70,,241036,31,0,5,2,30,,241026,31,0,5,1,69,,241006,31,0,5,2,29,,241017,31,0,5,1,70,,241037,31,0,5,2,30,,241027,31,0,5,1,70,,241007,31,0,5,2,30,,241018,31,0,5,1,70,,241038,31,0,5,2,31,,241028,31,0,5,1,71,,241008,31,0,5,2,30,,241019,31,0,5,1,70,,241039,31,0,5,2,30,,241029,31,0,5,1,70,,241009,31,0,5,2,30,,241020,31,0,5,1,70,,241040,31,0,5,2,30,,241030,31,0,5,1,70,,241010,31,0,5,2,29,,241021,31,0,5,1,69,,241041,31,0,5,2,30,,241031,31,0,5,1,70,,241011,31,0,5,2,30,,241022,31,0,5,1,70,,241042,31,0,5,2,32,,241032,31,0,5,1,72,,241012,31,0,5,2,33,,241023,31,0,5,1,66,,241043,31,0,5,2,27,,241033,31,0,5,1,70,,241013,31,0,5,2
38201,'H60U000A-85-A',2633,,278012,69,0,5,1,85,,278015,69,0,5,1,85,,278013,69,0,5,2,45,,278014,69,0,5,1
38201,'H60U000I-84-I',2633,,278017,69,0,5,1,85,,278018,69,0,5,1,85,,278016,69,0,5,1,45,,278019,69,0,5,1
38201,'H60U000S-86-S',2627,,278021,69,0,5,1,89,,278020,69,0,5,1,85,,278023,69,0,5,2,49,,278022,69,0,5,1
38201,'H60U100F-85-F1',2633,,278025,69,0,5,1,85,,278026,69,0,5,1,85,,278024,69,0,5,1,45,,278027,69,0,5,2
38201,'H60U200F-83-F2',2633,,278029,69,0,5,1,85,,278030,69,0,5,1,85,,278028,69,0,5,1,45,,278031,69,0,5,2
