7901,'H58U000A-80-A',509,,240856,18,0,5,1,30,,240867,18,0,5,1,69,,240852,18,0,5,1,31,,240864,18,0,5,2,71,,240875,18,0,5,1,32,,240834,18,0,5,1,71,,240865,18,0,5,2,30,,240848,18,0,5,2,68,,240857,18,0,5,1,31,,240835,18,0,5,2,70,,240866,18,0,5,2,30,,240858,18,0,5,1,70,,240861,18,0,5,1,30,,240868,18,0,5,1,70,,240842,18,0,5,1,30,,240859,18,0,5,1,70,,240862,18,0,5,1,29,,240869,18,0,5,1,69,,240843,18,0,5,1,30,,240846,18,0,5,1,70,,240863,18,0,5,1,30,,240870,18,0,5,1,71,,240874,18,0,5,2,31,,240838,18,0,5,1,70,,240849,18,0,5,2,30,,240871,18,0,5,1,70,,240847,18,0,5,1,30,,240839,18,0,5,1,70,,240860,18,0,5,1,29,,240836,18,0,5,1,69,,240853,18,0,5,1,30,,240840,18,0,5,1,69,,240872,18,0,5,2,31,,240837,18,0,5,1,72,,240854,18,0,5,1,32,,240841,18,0,5,1,72,,240873,18,0,5,2,31,,240844,18,0,5,1,65,,240845,18,0,5,1,25,,240855,18,0,5,2,73,,240850,18,0,5,2,33,,240851,18,0,5,2
7901,'H58U000I-80-I',510,,240876,18,0,5,1,30,,240892,18,0,5,2,70,,240884,18,0,5,2,30,,240882,18,0,5,1,70,,240879,18,0,5,1,30,,240889,18,0,5,1,71,,240877,18,0,5,2,30,,240908,18,0,5,2,70,,240880,18,0,5,1,31,,240893,18,0,5,2,70,,240878,18,0,5,2,30,,240909,18,0,5,2,69,,240881,18,0,5,1,29,,240894,18,0,5,2,70,,240885,18,0,5,1,30,,240910,18,0,5,2,70,,240916,18,0,5,1,30,,240895,18,0,5,2,70,,240911,18,0,5,1,31,,240904,18,0,5,2,71,,240900,18,0,5,1,30,,240896,18,0,5,2,70,,240912,18,0,5,1,30,,240905,18,0,5,2,70,,240901,18,0,5,1,30,,240897,18,0,5,2,70,,240913,18,0,5,1,30,,240906,18,0,5,2,70,,240902,18,0,5,1,29,,240898,18,0,5,2,69,,240914,18,0,5,1,30,,240907,18,0,5,2,70,,240903,18,0,5,1,30,,240899,18,0,5,2,70,,240890,18,0,5,1,32,,240888,18,0,5,1,72,,240883,18,0,5,1,33,,240886,18,0,5,1,66,,240887,18,0,5,2,27,,240915,18,0,5,1,70,,240891,18,0,5,1
7901,'H58U000S-80-S',450,,240917,18,0,5,2,60,,240928,18,0,5,1,26,,240935,18,0,5,1,72,,240929,18,0,5,2,31,,240930,18,0,5,1,73,,240924,18,0,5,1,31,,240931,18,0,5,2,73,,240938,18,0,5,1,31,,240918,18,0,5,2,67,,240925,18,0,5,1,28,,240932,18,0,5,2,70,,240939,18,0,5,1,30,,240919,18,0,5,2,70,,240926,18,0,5,1,30,,240933,18,0,5,2,70,,240940,18,0,5,1,30,,240920,18,0,5,2,69,,240927,18,0,5,1,29,,240934,18,0,5,2,70,,240941,18,0,5,1,31,,240921,18,0,5,2,71,,240943,18,0,5,1,27,,240923,18,0,5,2,66,,240942,18,0,5,1,19,,240922,18,0,5,2,20,,240955,18,0,5,2,59,,240956,18,0,5,2,19,,240957,18,0,5,2,20,,240950,18,0,5,1,60,,240944,18,0,5,1,20,,240936,18,0,5,2,22,,240946,18,0,5,1,66,,240958,18,0,5,2,30,,240951,18,0,5,1,69,,240937,18,0,5,2,31,,240947,18,0,5,1,72,,240959,18,0,5,2,32,,240952,18,0,5,1,73,,240948,18,0,5,1,33,,240960,18,0,5,2,68,,240953,18,0,5,1,28,,240945,18,0,5,2,59,,240949,18,0,5,1,33,,240961,18,0,5,2,71,,240954,18,0,5,1
7901,'H58U100F-80-F1',510,,240962,18,0,5,1,30,,240978,18,0,5,2,70,,240970,18,0,5,2,30,,240968,18,0,5,1,70,,240965,18,0,5,1,30,,240975,18,0,5,1,71,,240963,18,0,5,2,30,,240994,18,0,5,2,70,,240966,18,0,5,1,31,,240979,18,0,5,2,70,,240964,18,0,5,2,30,,240995,18,0,5,2,69,,240967,18,0,5,1,29,,240980,18,0,5,2,70,,240971,18,0,5,1,30,,240996,18,0,5,2,70,,241002,18,0,5,1,30,,240981,18,0,5,2,70,,240997,18,0,5,1,31,,240990,18,0,5,2,71,,240986,18,0,5,1,30,,240982,18,0,5,2,70,,240998,18,0,5,1,30,,240991,18,0,5,2,70,,240987,18,0,5,1,30,,240983,18,0,5,2,70,,240999,18,0,5,1,30,,240992,18,0,5,2,70,,240988,18,0,5,1,29,,240984,18,0,5,2,69,,241000,18,0,5,1,30,,240993,18,0,5,2,70,,240989,18,0,5,1,30,,240985,18,0,5,2,70,,240976,18,0,5,1,32,,240974,18,0,5,1,72,,240969,18,0,5,1,33,,240972,18,0,5,1,66,,240973,18,0,5,2,27,,241001,18,0,5,1,70,,240977,18,0,5,1
7901,'H58U200F-80-F2',510,,241003,18,0,5,2,30,,241034,18,0,5,2,70,,241014,18,0,5,1,30,,241024,18,0,5,1,70,,241004,18,0,5,2,30,,241015,18,0,5,1,71,,241035,18,0,5,2,30,,241025,18,0,5,1,70,,241005,18,0,5,2,31,,241016,18,0,5,1,70,,241036,18,0,5,2,30,,241026,18,0,5,1,69,,241006,18,0,5,2,29,,241017,18,0,5,1,70,,241037,18,0,5,2,30,,241027,18,0,5,1,70,,241007,18,0,5,2,30,,241018,18,0,5,1,70,,241038,18,0,5,2,31,,241028,18,0,5,1,71,,241008,18,0,5,2,30,,241019,18,0,5,1,70,,241039,18,0,5,2,30,,241029,18,0,5,1,70,,241009,18,0,5,2,30,,241020,18,0,5,1,70,,241040,18,0,5,2,30,,241030,18,0,5,1,70,,241010,18,0,5,2,29,,241021,18,0,5,1,69,,241041,18,0,5,2,30,,241031,18,0,5,1,70,,241011,18,0,5,2,30,,241022,18,0,5,1,70,,241042,18,0,5,2,32,,241032,18,0,5,1,72,,241012,18,0,5,2,33,,241023,18,0,5,1,66,,241043,18,0,5,2,27,,241033,18,0,5,1,70,,241013,18,0,5,2
38201,'H60U000A-85-A',2627,,278012,56,0,5,1,85,,278015,56,0,5,1,45,,278013,56,0,5,2,85,,278014,56,0,5,1
38201,'H60U000I-84-I',2627,,278017,56,0,5,1,85,,278018,56,0,5,1,45,,278016,56,0,5,1,85,,278019,56,0,5,1
38201,'H60U000S-86-S',2621,,278021,56,0,5,1,89,,278020,56,0,5,1,45,,278023,56,0,5,2,88,,278022,56,0,5,1
38201,'H60U100F-85-F1',2627,,278025,56,0,5,1,85,,278026,56,0,5,1,45,,278024,56,0,5,1,85,,278027,56,0,5,2
38201,'H60U200F-83-F2',2627,,278029,56,0,5,1,85,,278030,56,0,5,1,45,,278028,56,0,5,1,85,,278031,56,0,5,2
