'25N-H56N100F-80-F1-E',10201,63000,,'',1,7000,,'',1,3000,,'',1,7000,,'',1,3000,,'',1,2900,,'',1,60000,,'',1,7000,,'',1,2900,,'',1,6900,,'',1,2900,,'',1,7000,,'',1,3000,,'',1,56500,,'',1,8800,,'',1,4800,,'',1
'25N-H56N100F-80-F1-E',10202,64900,4,'',1,7000,4,'',1,3100,4,'',1,7100,4,'',1,3000,4,'',1,7000,4,'',1,60200,4,'',1,3000,4,'',1,7000,4,'',1,3000,4,'',1,7100,4,'',1,3000,4,'',1,7000,4,'',1,49400,4,'',2,8700,4,'',1,4700,4,'',1
'25N-H56N100F-80-F1-NE',10201,92900,,'',1,3000,,'',1,7000,,'',1,3000,,'',1,7000,,'',1,3000,,'',1,7000,,'',1,3000,,'',1,7000,,'',1,3000,,'',1,7000,,'',1,39700,,'',1,3000,,'',1,7000,,'',1,3100,,'',1,7200,,'',1,7100,,'',1,3100,,'',1,7100,,'',1,3300,,'',1
'25N-H56N100F-80-F1-NE',10202,95200,4,'',1,7000,4,'',1,3000,4,'',1,7000,4,'',1,3000,4,'',1,7100,4,'',1,3000,4,'',1,7000,4,'',1,3000,4,'',1,7000,4,'',1,3000,4,'',1,40100,4,'',1,7000,4,'',1,2900,4,'',1,6900,4,'',1,3000,4,'',1,6900,4,'',1,3300,4,'',1,7900,4,'',1,30500,4,'',1
'25N-H56N200F-80-F2-E',10201,63000,,'',1,7000,,'',1,3000,,'',1,7000,,'',1,3000,,'',1,2900,,'',1,60000,,'',1,7000,,'',1,2900,,'',1,6900,,'',1,2900,,'',1,7000,,'',1,3000,,'',1,56500,,'',1,8800,,'',1,4800,,'',1
'25N-H56N200F-80-F2-E',10202,64900,4,'',1,7000,4,'',1,3100,4,'',1,7100,4,'',1,3000,4,'',1,7000,4,'',1,60200,4,'',1,3000,4,'',1,7000,4,'',1,3000,4,'',1,7100,4,'',1,3000,4,'',1,7000,4,'',1,49400,4,'',2,8700,4,'',1,4700,4,'',1
'25N-H56N200F-80-F2-NE',10201,92900,,'',1,3000,,'',1,7000,,'',1,3000,,'',1,7000,,'',1,3000,,'',1,7000,,'',1,3000,,'',1,7000,,'',1,3000,,'',1,7000,,'',1,39700,,'',1,3000,,'',1,7000,,'',1,3100,,'',1,7200,,'',1,7100,,'',1,3100,,'',1,7100,,'',1,3300,,'',1
'25N-H56N200F-80-F2-NE',10202,95200,4,'',1,7000,4,'',1,3000,4,'',1,7000,4,'',1,3000,4,'',1,7100,4,'',1,3000,4,'',1,7000,4,'',1,3000,4,'',1,7000,4,'',1,3000,4,'',1,40100,4,'',1,7000,4,'',1,2900,4,'',1,6900,4,'',1,3000,4,'',1,6900,4,'',1,3300,4,'',1,7900,4,'',1,30500,4,'',1
'25N-H56N300F-80-F3-E',10201,63000,,'',1,7000,,'',1,3000,,'',1,7000,,'',1,3000,,'',1,2900,,'',1,60000,,'',1,7000,,'',1,2900,,'',1,6900,,'',1,2900,,'',1,7000,,'',1,3000,,'',1,56500,,'',1,8800,,'',1,4800,,'',1
'25N-H56N300F-80-F3-E',10202,64900,4,'',1,7000,4,'',1,3100,4,'',1,7100,4,'',1,3000,4,'',1,7000,4,'',1,60200,4,'',1,3000,4,'',1,7000,4,'',1,3000,4,'',1,7100,4,'',1,3000,4,'',1,7000,4,'',1,49400,4,'',2,8700,4,'',1,4700,4,'',1
'25N-H56N300F-80-F3-NE',10201,92900,,'',1,3000,,'',1,7000,,'',1,3000,,'',1,7000,,'',1,3000,,'',1,7000,,'',1,3000,,'',1,7000,,'',1,3000,,'',1,7000,,'',1,39700,,'',1,3000,,'',1,7000,,'',1,3100,,'',1,7200,,'',1,7100,,'',1,3100,,'',1,7100,,'',1,3300,,'',1
'25N-H56N300F-80-F3-NE',10202,95200,4,'',1,7000,4,'',1,3000,4,'',1,7000,4,'',1,3000,4,'',1,7100,4,'',1,3000,4,'',1,7000,4,'',1,3000,4,'',1,7000,4,'',1,3000,4,'',1,40100,4,'',1,7000,4,'',1,2900,4,'',1,6900,4,'',1,3000,4,'',1,6900,4,'',1,3300,4,'',1,7900,4,'',1,30500,4,'',1
'25N-H56N400F-80-F4-E',10201,63000,,'',1,7000,,'',1,3000,,'',1,7000,,'',1,3000,,'',1,2900,,'',1,60000,,'',1,7000,,'',1,2900,,'',1,6900,,'',1,2900,,'',1,7000,,'',1,3000,,'',1,56500,,'',1,8800,,'',1,4800,,'',1
'25N-H56N400F-80-F4-E',10202,64900,4,'',1,7000,4,'',1,3100,4,'',1,7100,4,'',1,3000,4,'',1,7000,4,'',1,60200,4,'',1,3000,4,'',1,7000,4,'',1,3000,4,'',1,7100,4,'',1,3000,4,'',1,7000,4,'',1,49400,4,'',2,8700,4,'',1,4700,4,'',1
'25N-H56N400F-80-F4-NE',10201,92900,,'',1,3000,,'',1,7000,,'',1,3000,,'',1,7000,,'',1,3000,,'',1,7000,,'',1,3000,,'',1,7000,,'',1,3000,,'',1,7000,,'',1,39700,,'',1,3000,,'',1,7000,,'',1,3100,,'',1,7200,,'',1,7100,,'',1,3100,,'',1,7100,,'',1,3300,,'',1
'25N-H56N400F-80-F4-NE',10202,95200,4,'',1,7000,4,'',1,3000,4,'',1,7000,4,'',1,3000,4,'',1,7100,4,'',1,3000,4,'',1,7000,4,'',1,3000,4,'',1,7000,4,'',1,3000,4,'',1,40100,4,'',1,7000,4,'',1,2900,4,'',1,6900,4,'',1,3000,4,'',1,6900,4,'',1,3300,4,'',1,7900,4,'',1,30500,4,'',1
'25N-H56NV10A-80-A-E',10201,60000,,'',1,2900,,'',2,3000,,'',1,7100,,'',2,7000,,'',1,3000,,'',2,7000,,'',1,60000,,'',1,3000,,'',2,7000,,'',1,3000,,'',2,7000,,'',1,3000,,'',2,7000,,'',1,53500,,'',1,8600,,'',1,8500,,'',1
'25N-H56NV10A-80-A-E',10202,65100,4,'',1,7000,4,'',2,3000,4,'',1,7000,4,'',2,3100,4,'',1,7000,4,'',2,60400,4,'',2,3000,4,'',1,7000,4,'',2,3000,4,'',1,7000,4,'',2,2900,4,'',1,57800,4,'',1,8600,4,'',1,8500,4,'',1
'25N-H56NV10A-80-A-NE',10201,93000,,'',2,7000,,'',1,3000,,'',2,7000,,'',1,3000,,'',2,7000,,'',1,3000,,'',2,7000,,'',1,3000,,'',2,7000,,'',1,3000,,'',2,39900,,'',2,2900,,'',1,6900,,'',2,3000,,'',1,7100,,'',2,3000,,'',1,7000,,'',2,7200,,'',1,4900,,'',1,30200,,'',1
'25N-H56NV10A-80-A-NE',10202,95300,4,'',1,7100,4,'',2,3000,4,'',1,7000,4,'',2,3200,4,'',1,7000,4,'',2,3100,4,'',1,7000,4,'',2,3000,4,'',1,7000,4,'',2,3000,4,'',1,36800,4,'',2,2900,4,'',1,7000,4,'',2,3000,4,'',1,7000,4,'',2,2800,4,'',1,6800,4,'',2,2700,4,'',1,6800,4,'',1,3200,4,'',1,30200,4,'',1,8300,4,'',1
'25N-H56NV10I-80-I-E',10201,63000,,'',1,7000,,'',1,3000,,'',1,7000,,'',1,3000,,'',1,2900,,'',1,60000,,'',1,7000,,'',1,2900,,'',1,6900,,'',1,2900,,'',1,7000,,'',1,3000,,'',1,56500,,'',1,8800,,'',1,4800,,'',1
'25N-H56NV10I-80-I-E',10202,64900,4,'',1,7000,4,'',1,3100,4,'',1,7100,4,'',1,3000,4,'',1,7000,4,'',1,60200,4,'',1,3000,4,'',1,7000,4,'',1,3000,4,'',1,7100,4,'',1,3000,4,'',1,7000,4,'',1,49400,4,'',2,8700,4,'',1,4700,4,'',1
'25N-H56NV10I-80-I-NE',10201,92900,,'',1,3000,,'',1,7000,,'',1,3000,,'',1,7000,,'',1,3000,,'',1,7000,,'',1,3000,,'',1,7000,,'',1,3000,,'',1,7000,,'',1,39700,,'',1,3000,,'',1,7000,,'',1,3100,,'',1,7200,,'',1,7100,,'',1,3100,,'',1,7100,,'',1,3300,,'',1
'25N-H56NV10I-80-I-NE',10202,95200,4,'',1,7000,4,'',1,3000,4,'',1,7000,4,'',1,3000,4,'',1,7100,4,'',1,3000,4,'',1,7000,4,'',1,3000,4,'',1,7000,4,'',1,3000,4,'',1,40100,4,'',1,7000,4,'',1,2900,4,'',1,6900,4,'',1,3000,4,'',1,6900,4,'',1,3300,4,'',1,7900,4,'',1,30500,4,'',1
'25N-H56NV10S-80-S-E',10201,55900,,'',1,6900,,'',2,2900,,'',1,7100,,'',2,7300,,'',1,3400,,'',2,7200,,'',1,59300,,'',1,3300,,'',2,7200,,'',1,3200,,'',2,7200,,'',1,3100,,'',2,58300,,'',1,8700,,'',1,9000,,'',1
'25N-H56NV10S-80-S-E',10202,62000,4,'',2,2800,4,'',1,7100,4,'',2,3600,4,'',1,7300,4,'',2,7200,4,'',1,3200,4,'',2,59800,4,'',2,7200,4,'',1,3100,4,'',2,7200,4,'',1,3200,4,'',2,7100,4,'',1,51300,4,'',1,8700,4,'',1,4700,4,'',1
'25N-H56NV10S-80-S-NE',10201,53000,,'',2,40600,,'',2,6900,,'',1,2900,,'',2,6900,,'',1,2900,,'',2,6900,,'',1,3000,,'',2,7000,,'',1,3000,,'',2,7000,,'',1,3000,,'',2,38000,,'',1,2900,,'',2,6900,,'',1,2900,,'',2,6900,,'',1,2800,,'',2,7000,,'',1,2800,,'',1,7000,,'',1,3300,,'',1
'25N-H56NV10S-80-S-NE',10202,100000,4,'',1,3000,4,'',2,7000,4,'',1,2900,4,'',2,2900,4,'',1,7000,4,'',2,3100,4,'',1,7000,4,'',2,3000,4,'',1,7000,4,'',2,2900,4,'',1,37800,4,'',2,6900,4,'',1,2700,4,'',2,7000,4,'',1,3000,4,'',2,7000,4,'',1,2900,4,'',1,2800,4,'',1,6700,4,'',1,2800,4,'',1,29100,4,'',1
'25N-H56NV20A-80-A-E',10201,60000,,'',1,2900,,'',2,3000,,'',1,7100,,'',2,7000,,'',1,3000,,'',2,7000,,'',1,60000,,'',1,3000,,'',2,7000,,'',1,3000,,'',2,7000,,'',1,3000,,'',2,7000,,'',1,53500,,'',1,8600,,'',1,8500,,'',1
'25N-H56NV20A-80-A-E',10202,65100,4,'',1,7000,4,'',2,3000,4,'',1,7000,4,'',2,3100,4,'',1,7000,4,'',2,60400,4,'',2,3000,4,'',1,7000,4,'',2,3000,4,'',1,7000,4,'',2,2900,4,'',1,57800,4,'',1,8600,4,'',1,8500,4,'',1
'25N-H56NV20A-80-A-NE',10201,93000,,'',2,7000,,'',1,3000,,'',2,7000,,'',1,3000,,'',2,7000,,'',1,3000,,'',2,7000,,'',1,3000,,'',2,7000,,'',1,3000,,'',2,39900,,'',2,2900,,'',1,6900,,'',2,3000,,'',1,7100,,'',2,3000,,'',1,7000,,'',2,7200,,'',1,4900,,'',1,30200,,'',1
'25N-H56NV20A-80-A-NE',10202,95300,4,'',1,7100,4,'',2,3000,4,'',1,7000,4,'',2,3200,4,'',1,7000,4,'',2,3100,4,'',1,7000,4,'',2,3000,4,'',1,7000,4,'',2,3000,4,'',1,36800,4,'',2,2900,4,'',1,7000,4,'',2,3000,4,'',1,7000,4,'',2,2800,4,'',1,6800,4,'',2,2700,4,'',1,6800,4,'',1,3200,4,'',1,30200,4,'',1,8300,4,'',1
'25N-H56NV20I-80-I-E',10201,63000,,'',1,7000,,'',1,3000,,'',1,7000,,'',1,3000,,'',1,2900,,'',1,60000,,'',1,7000,,'',1,2900,,'',1,6900,,'',1,2900,,'',1,7000,,'',1,3000,,'',1,56500,,'',1,8800,,'',1,4800,,'',1
'25N-H56NV20I-80-I-E',10202,64900,4,'',1,7000,4,'',1,3100,4,'',1,7100,4,'',1,3000,4,'',1,7000,4,'',1,60200,4,'',1,3000,4,'',1,7000,4,'',1,3000,4,'',1,7100,4,'',1,3000,4,'',1,7000,4,'',1,49400,4,'',2,8700,4,'',1,4700,4,'',1
'25N-H56NV20I-80-I-NE',10201,92900,,'',1,3000,,'',1,7000,,'',1,3000,,'',1,7000,,'',1,3000,,'',1,7000,,'',1,3000,,'',1,7000,,'',1,3000,,'',1,7000,,'',1,39700,,'',1,3000,,'',1,7000,,'',1,3100,,'',1,7200,,'',1,7100,,'',1,3100,,'',1,7100,,'',1,3300,,'',1
'25N-H56NV20I-80-I-NE',10202,95200,4,'',1,7000,4,'',1,3000,4,'',1,7000,4,'',1,3000,4,'',1,7100,4,'',1,3000,4,'',1,7000,4,'',1,3000,4,'',1,7000,4,'',1,3000,4,'',1,40100,4,'',1,7000,4,'',1,2900,4,'',1,6900,4,'',1,3000,4,'',1,6900,4,'',1,3300,4,'',1,7900,4,'',1,30500,4,'',1
'25N-H56NV20S-80-S-E',10201,55900,,'',1,6900,,'',2,2900,,'',1,7100,,'',2,7300,,'',1,3400,,'',2,7200,,'',1,59300,,'',1,3300,,'',2,7200,,'',1,3200,,'',2,7200,,'',1,3100,,'',2,58300,,'',1,8700,,'',1,9000,,'',1
'25N-H56NV20S-80-S-E',10202,62000,4,'',2,2800,4,'',1,7100,4,'',2,3600,4,'',1,7300,4,'',2,7200,4,'',1,3200,4,'',2,59800,4,'',2,7200,4,'',1,3100,4,'',2,7200,4,'',1,3200,4,'',2,7100,4,'',1,51300,4,'',1,8700,4,'',1,4700,4,'',1
'25N-H56NV20S-80-S-NE',10201,53000,,'',2,40600,,'',2,6900,,'',1,2900,,'',2,6900,,'',1,2900,,'',2,6900,,'',1,3000,,'',2,7000,,'',1,3000,,'',2,7000,,'',1,3000,,'',2,38000,,'',1,2900,,'',2,6900,,'',1,2900,,'',2,6900,,'',1,2800,,'',2,7000,,'',1,2800,,'',1,7000,,'',1,3300,,'',1
'25N-H56NV20S-80-S-NE',10202,100000,4,'',1,3000,4,'',2,7000,4,'',1,2900,4,'',2,2900,4,'',1,7000,4,'',2,3100,4,'',1,7000,4,'',2,3000,4,'',1,7000,4,'',2,2900,4,'',1,37800,4,'',2,6900,4,'',1,2700,4,'',2,7000,4,'',1,3000,4,'',2,7000,4,'',1,2900,4,'',1,2800,4,'',1,6700,4,'',1,2800,4,'',1,29100,4,'',1
