'26J-H50J000A-84-A',16603,85600,4,'',1,7200,4,'',1,3100,4,'',2,7100,4,'',1,7300,4,'',1,3100,4,'',2,7100,4,'',1,3100,4,'',1,7100,4,'',2,3000,4,'',1,7100,4,'',1,3000,4,'',2,7000,4,'',1,3000,4,'',1,7000,4,'',2,3000,4,'',1,7000,4,'',1,2900,4,'',2,7000,4,'',1,2900,4,'',1,7000,4,'',2,2900,4,'',1,7000,4,'',1,3200,4,'',2,7200,4,'',1,4200,4,'',2,6900,4,'',1,8000,4,'',2,3900,4,'',1,8000,4,'',2,4000,4,'',1,8200,4,'',2
'26J-H50J000A-84-A',16604,82400,,'',1,2900,,'',2,6900,,'',1,2900,,'',1,7000,,'',2,3000,,'',1,7000,,'',1,3000,,'',2,7000,,'',1,3100,,'',1,7100,,'',2,3100,,'',1,7000,,'',1,2900,,'',2,6900,,'',1,2900,,'',1,6900,,'',2,3000,,'',1,7200,,'',1,3300,,'',2,7300,,'',1,7200,,'',1,3300,,'',2,7300,,'',1,3400,,'',2,7200,,'',1,3200,,'',2,7900,,'',1,8100,,'',2,4000,,'',1,8200,,'',2
'26J-H50J000I-84-I',16603,92700,4,'',1,3200,4,'',1,6900,4,'',2,3000,4,'',1,7000,4,'',1,7200,4,'',2,3000,4,'',1,7000,4,'',1,3000,4,'',2,7000,4,'',1,3000,4,'',1,7000,4,'',2,3000,4,'',1,7000,4,'',1,3100,4,'',2,6900,4,'',1,2800,4,'',1,3000,4,'',2,7000,4,'',1,3000,4,'',1,6900,4,'',2,2900,4,'',1,7100,4,'',1,3100,4,'',1,7800,4,'',1,7900,4,'',1,3800,4,'',1,7900,4,'',1,7800,4,'',1,3800,4,'',1,8300,4,'',1
'26J-H50J000I-84-I',16604,90000,,'',2,3100,,'',1,7100,,'',1,3100,,'',2,7100,,'',1,3100,,'',1,7100,,'',2,3000,,'',1,7000,,'',1,3000,,'',2,7000,,'',1,3000,,'',1,7000,,'',2,3000,,'',1,7000,,'',1,3000,,'',2,7000,,'',1,3000,,'',1,7000,,'',2,2900,,'',1,6800,,'',1,2800,,'',2,2800,,'',1,7100,,'',1,7300,,'',1,3800,,'',1,7800,,'',1,3900,,'',1,7900,,'',1,8000,,'',1
'26J-H50J000S-83-S',16603,71500,4,'',1,2400,4,'',1,6300,4,'',1,2600,4,'',1,2800,4,'',2,6800,4,'',1,2800,4,'',1,7000,4,'',2,3000,4,'',1,7000,4,'',1,2900,4,'',2,6900,4,'',1,3100,4,'',1,7000,4,'',2,3000,4,'',1,7000,4,'',1,3100,4,'',2,7100,4,'',1,3000,4,'',1,7200,4,'',1,2900,4,'',1,7000,4,'',1,2900,4,'',1,6800,4,'',1,3000,4,'',1,6800,4,'',1,3000,4,'',1,7000,4,'',1,3100,4,'',1,7100,4,'',1,3800,4,'',1,6900,4,'',1,7300,4,'',1,3400,4,'',1,7800,4,'',1,3800,4,'',1,7600,4,'',1
'26J-H50J000S-83-S',16604,60000,,'',1,3200,,'',1,7100,,'',1,3100,,'',2,7100,,'',1,3100,,'',1,7100,,'',2,3000,,'',1,7000,,'',1,2900,,'',2,6900,,'',1,2900,,'',1,6900,,'',2,3000,,'',1,6900,,'',1,2900,,'',2,6900,,'',1,3000,,'',1,7000,,'',2,3000,,'',1,7000,,'',1,3000,,'',1,7000,,'',1,3000,,'',1,7000,,'',1,3000,,'',1,7100,,'',1,3100,,'',1,7200,,'',1,3200,,'',1,7300,,'',1,3400,,'',1,7400,,'',1,4000,,'',1,8100,,'',1,7900,,'',1
'26J-H50JV00A-81-A',16603,85600,4,'',1,7200,4,'',1,3100,4,'',2,7100,4,'',1,7300,4,'',1,3100,4,'',2,7100,4,'',1,3100,4,'',1,7100,4,'',2,3000,4,'',1,7100,4,'',1,3000,4,'',2,7000,4,'',1,3000,4,'',1,7000,4,'',2,3000,4,'',1,7000,4,'',1,2900,4,'',2,7000,4,'',1,2900,4,'',1,7000,4,'',2,2900,4,'',1,7000,4,'',1,3200,4,'',2,7200,4,'',1,4200,4,'',2,6900,4,'',1,8000,4,'',2,3900,4,'',1,8000,4,'',2,4000,4,'',1,8200,4,'',2
'26J-H50JV00A-81-A',16604,82400,,'',1,2900,,'',2,6900,,'',1,2900,,'',1,7000,,'',2,3000,,'',1,7000,,'',1,3000,,'',2,7000,,'',1,3100,,'',1,7100,,'',2,3100,,'',1,7000,,'',1,2900,,'',2,6900,,'',1,2900,,'',1,6900,,'',2,3000,,'',1,7200,,'',1,3300,,'',2,7300,,'',1,7200,,'',1,3300,,'',2,7300,,'',1,3400,,'',2,7200,,'',1,3200,,'',2,7900,,'',1,8100,,'',2,4000,,'',1,8200,,'',2
'26J-H50JV00I-81-I',16603,92700,4,'',1,3200,4,'',1,6900,4,'',2,3000,4,'',1,7000,4,'',1,7200,4,'',2,3000,4,'',1,7000,4,'',1,3000,4,'',2,7000,4,'',1,3000,4,'',1,7000,4,'',2,3000,4,'',1,7000,4,'',1,3100,4,'',2,6900,4,'',1,2800,4,'',1,3000,4,'',2,7000,4,'',1,3000,4,'',1,6900,4,'',2,2900,4,'',1,7100,4,'',1,3100,4,'',1,7800,4,'',1,7900,4,'',1,3800,4,'',1,7900,4,'',1,7800,4,'',1,3800,4,'',1,8300,4,'',1
'26J-H50JV00I-81-I',16604,90000,,'',2,3100,,'',1,7100,,'',1,3100,,'',2,7100,,'',1,3100,,'',1,7100,,'',2,3000,,'',1,7000,,'',1,3000,,'',2,7000,,'',1,3000,,'',1,7000,,'',2,3000,,'',1,7000,,'',1,3000,,'',2,7000,,'',1,3000,,'',1,7000,,'',2,2900,,'',1,6800,,'',1,2800,,'',2,2800,,'',1,7100,,'',1,7300,,'',1,3800,,'',1,7800,,'',1,3900,,'',1,7900,,'',1,8000,,'',1
'26J-H50JV00S-82-S',16603,71500,4,'',1,2400,4,'',1,6300,4,'',1,2600,4,'',1,2800,4,'',2,6800,4,'',1,2800,4,'',1,7000,4,'',2,3000,4,'',1,7000,4,'',1,2900,4,'',2,6900,4,'',1,3100,4,'',1,7000,4,'',2,3000,4,'',1,7000,4,'',1,3100,4,'',2,7100,4,'',1,3000,4,'',1,7200,4,'',1,2900,4,'',1,7000,4,'',1,2900,4,'',1,6800,4,'',1,3000,4,'',1,6800,4,'',1,3000,4,'',1,7000,4,'',1,3100,4,'',1,7100,4,'',1,3800,4,'',1,6900,4,'',1,7300,4,'',1,3400,4,'',1,7800,4,'',1,3800,4,'',1,7600,4,'',1
'26J-H50JV00S-82-S',16604,60000,,'',1,3200,,'',1,7100,,'',1,3100,,'',2,7100,,'',1,3100,,'',1,7100,,'',2,3000,,'',1,7000,,'',1,2900,,'',2,6900,,'',1,2900,,'',1,6900,,'',2,3000,,'',1,6900,,'',1,2900,,'',2,6900,,'',1,3000,,'',1,7000,,'',2,3000,,'',1,7000,,'',1,3000,,'',1,7000,,'',1,3000,,'',1,7000,,'',1,3000,,'',1,7100,,'',1,3100,,'',1,7200,,'',1,3200,,'',1,7300,,'',1,3400,,'',1,7400,,'',1,4000,,'',1,8100,,'',1,7900,,'',1
'26J-H51J000S-80-S',16603,64700,4,'',2
'26J-H51JV00S-84-S',16603,64700,4,'',2
