'25N-H50NV10S-81-S-E',4801,165500,4,'',1
'25N-H50NV10S-81-S-NE',4801,192100,4,'',2
'25N-H50NV20S-80-S-E',4801,165500,4,'',1
'25N-H50NV20S-80-S-NE',4801,192100,4,'',2
'25N-H54NV10S-82-S-E',4801,93200,4,'',1,69000,4,'',1,22000,4,'',1
'25N-H54NV10S-82-S-NE',4801,145300,4,'',1
'25N-H54NV20S-80-S-E',4801,93200,4,'',1,69000,4,'',1,22000,4,'',1
'25N-H54NV20S-80-S-NE',4801,145300,4,'',1
'25N-H55NV10S-85-S-E',4801,154100,4,'',1,26600,4,'',2,4000,4,'',2
'25N-H55NV20S-81-S-E',4801,154100,4,'',1,26600,4,'',2,4000,4,'',2
'25N-H57NV10S-84-S-NE',4801,200700,4,'',2
'25N-H57NV20S-80-S-NE',4801,200700,4,'',2
'25N-H58N100F-80-F1-E',4801,63500,4,'',1,7900,4,'',2,2900,4,'',2,7500,4,'',1,2800,4,'',2,7300,4,'',2,1600,4,'',2,1900,4,'',1,55600,4,'',2,1500,4,'',2,1800,4,'',2,1200,4,'',1,5700,4,'',2,1100,4,'',1,1500,4,'',2,900,4,'',2,1200,4,'',1,5300,4,'',2,700,4,'',2,1000,4,'',2,1300,4,'',2,800,4,'',1,5000,4,'',1,1300,4,'',2,700,4,'',1,1000,4,'',1,1300,4,'',2,49700,4,'',2,6400,4,'',1,3300,4,'',2,6600,4,'',1,3200,4,'',2
'25N-H58N100F-80-F1-NE',4801,61400,4,'',1,40300,4,'',1,1800,4,'',2,6500,4,'',2,1900,4,'',2,2500,4,'',2,5800,4,'',1,2200,4,'',1,1400,4,'',2,2100,4,'',2,5300,4,'',2,1800,4,'',2,1200,4,'',2,1500,4,'',1,5800,4,'',2,1300,4,'',1,1300,4,'',2,1700,4,'',2,39300,4,'',2,5200,4,'',1,1500,4,'',2,900,4,'',1,1500,4,'',2,800,4,'',2,5200,4,'',1,1600,4,'',1,1200,4,'',1,1400,4,'',2,5700,4,'',1,1100,4,'',1,1500,4,'',1,1800,4,'',2,1200,4,'',2,5500,4,'',1,2000,4,'',1,1600,4,'',2,6500,4,'',1,29100,4,'',1
'25N-H58N200F-80-F2-E',4801,63500,4,'',1,7900,4,'',2,2900,4,'',2,7500,4,'',1,2800,4,'',2,7300,4,'',2,1600,4,'',2,1900,4,'',1,55600,4,'',1,1500,4,'',2,1800,4,'',2,1200,4,'',2,5700,4,'',2,1100,4,'',1,1500,4,'',2,900,4,'',2,1200,4,'',2,5300,4,'',2,700,4,'',1,1000,4,'',2,1300,4,'',2,800,4,'',1,5000,4,'',1,1300,4,'',2,700,4,'',1,1000,4,'',2,1300,4,'',2,49700,4,'',2,6400,4,'',1,3300,4,'',1,6600,4,'',1,3200,4,'',2
'25N-H58N200F-80-F2-NE',4801,61400,4,'',2,40300,4,'',1,1800,4,'',1,6500,4,'',1,1900,4,'',2,2500,4,'',2,5800,4,'',2,2200,4,'',1,1400,4,'',2,2100,4,'',1,5300,4,'',1,1800,4,'',2,1200,4,'',2,1500,4,'',2,5800,4,'',2,1300,4,'',1,1300,4,'',2,1700,4,'',1,39300,4,'',1,5200,4,'',2,1500,4,'',1,900,4,'',1,1500,4,'',2,800,4,'',2,5200,4,'',1,1600,4,'',1,1200,4,'',2,1400,4,'',1,5700,4,'',2,1100,4,'',1,1500,4,'',1,1800,4,'',2,1200,4,'',1,5500,4,'',1,2000,4,'',2,1600,4,'',1,6500,4,'',1,29100,4,'',1
'25N-H58N300F-80-F3-E',4801,63500,4,'',1,7900,4,'',2,2900,4,'',2,7500,4,'',1,2800,4,'',2,7300,4,'',2,1600,4,'',2,1900,4,'',1,55600,4,'',2,1500,4,'',2,1800,4,'',2,1200,4,'',1,5700,4,'',2,1100,4,'',1,1500,4,'',2,900,4,'',2,1200,4,'',1,5300,4,'',2,700,4,'',2,1000,4,'',2,1300,4,'',2,800,4,'',1,5000,4,'',1,1300,4,'',2,700,4,'',1,1000,4,'',1,1300,4,'',2,49700,4,'',2,6400,4,'',1,3300,4,'',2,6600,4,'',1,3200,4,'',2
'25N-H58N300F-80-F3-NE',4801,61400,4,'',1,40300,4,'',1,1800,4,'',2,6500,4,'',2,1900,4,'',2,2500,4,'',2,5800,4,'',1,2200,4,'',1,1400,4,'',2,2100,4,'',2,5300,4,'',2,1800,4,'',2,1200,4,'',2,1500,4,'',1,5800,4,'',2,1300,4,'',1,1300,4,'',2,1700,4,'',2,39300,4,'',2,5200,4,'',1,1500,4,'',2,900,4,'',1,1500,4,'',2,800,4,'',2,5200,4,'',1,1600,4,'',1,1200,4,'',1,1400,4,'',2,5700,4,'',1,1100,4,'',1,1500,4,'',1,1800,4,'',2,1200,4,'',2,5500,4,'',1,2000,4,'',1,1600,4,'',2,6500,4,'',1,29100,4,'',1
'25N-H58N400F-80-F4-E',4801,63500,4,'',1,7900,4,'',2,2900,4,'',2,7500,4,'',1,2800,4,'',2,7300,4,'',2,1600,4,'',2,1900,4,'',1,55600,4,'',1,1500,4,'',2,1800,4,'',2,1200,4,'',2,5700,4,'',2,1100,4,'',1,1500,4,'',2,900,4,'',2,1200,4,'',2,5300,4,'',2,700,4,'',1,1000,4,'',2,1300,4,'',2,800,4,'',1,5000,4,'',1,1300,4,'',2,700,4,'',1,1000,4,'',2,1300,4,'',2,49700,4,'',2,6400,4,'',1,3300,4,'',1,6600,4,'',1,3200,4,'',2
'25N-H58N400F-80-F4-NE',4801,61400,4,'',2,40300,4,'',1,1800,4,'',1,6500,4,'',1,1900,4,'',2,2500,4,'',2,5800,4,'',2,2200,4,'',1,1400,4,'',2,2100,4,'',1,5300,4,'',1,1800,4,'',2,1200,4,'',2,1500,4,'',2,5800,4,'',2,1300,4,'',1,1300,4,'',2,1700,4,'',1,39300,4,'',1,5200,4,'',2,1500,4,'',1,900,4,'',1,1500,4,'',2,800,4,'',2,5200,4,'',1,1600,4,'',1,1200,4,'',2,1400,4,'',1,5700,4,'',2,1100,4,'',1,1500,4,'',1,1800,4,'',2,1200,4,'',1,5500,4,'',1,2000,4,'',2,1600,4,'',1,6500,4,'',1,29100,4,'',1
'25N-H58NV10A-80-A-E',4801,61800,4,'',2,2700,4,'',2,7200,4,'',1,2900,4,'',2,7200,4,'',2,2800,4,'',2,6300,4,'',1,1800,4,'',2,2100,4,'',1,5900,4,'',2,49900,4,'',2,800,4,'',2,1400,4,'',1,800,4,'',2,1100,4,'',1,5400,4,'',2,800,4,'',1,1300,4,'',2,1700,4,'',2,1100,4,'',2,5500,4,'',1,1700,4,'',2,1000,4,'',2,1500,4,'',2,700,4,'',1,4900,4,'',2,1300,4,'',2,600,4,'',1,1300,4,'',2,1300,4,'',2,47100,4,'',2,1900,4,'',1,1400,4,'',1,6200,4,'',2,1400,4,'',1,1700,4,'',2,6100,4,'',1,1300,4,'',2,1900,4,'',1,1300,4,'',2
'25N-H58NV10A-80-A-NE',4801,101900,4,'',2,1800,4,'',1,1300,4,'',2,5700,4,'',1,1900,4,'',1,1200,4,'',2,1500,4,'',1,5700,4,'',2,1200,4,'',2,1800,4,'',1,1200,4,'',2,5900,4,'',2,1200,4,'',1,1800,4,'',1,1100,4,'',2,5200,4,'',1,1500,4,'',2,900,4,'',2,1500,4,'',2,900,4,'',1,44900,4,'',1,1600,4,'',1,900,4,'',1,1200,4,'',2,1600,4,'',2,5000,4,'',2,1900,4,'',2,1200,4,'',1,1400,4,'',2,5800,4,'',1,1200,4,'',1,1400,4,'',2,1800,4,'',2,5100,4,'',2,1500,4,'',1,1700,4,'',1,1300,4,'',2,5600,4,'',2,31300,4,'',1,2200,4,'',1
'25N-H58NV10I-80-I-E',4801,63500,4,'',1,7900,4,'',2,2900,4,'',2,7500,4,'',1,2800,4,'',2,7300,4,'',2,1600,4,'',2,1900,4,'',1,55600,4,'',2,1500,4,'',2,1800,4,'',2,1200,4,'',1,5700,4,'',2,1100,4,'',1,1500,4,'',2,900,4,'',2,1200,4,'',1,5300,4,'',2,700,4,'',2,1000,4,'',2,1300,4,'',2,800,4,'',1,5000,4,'',1,1300,4,'',2,700,4,'',1,1000,4,'',1,1300,4,'',2,49700,4,'',2,6400,4,'',1,3300,4,'',2,6600,4,'',1,3200,4,'',2
'25N-H58NV10I-80-I-NE',4801,61400,4,'',1,40300,4,'',1,1800,4,'',2,6500,4,'',2,1900,4,'',2,2500,4,'',2,5800,4,'',1,2200,4,'',1,1400,4,'',2,2100,4,'',2,5300,4,'',2,1800,4,'',2,1200,4,'',2,1500,4,'',1,5800,4,'',2,1300,4,'',1,1300,4,'',2,1700,4,'',2,39300,4,'',2,5200,4,'',1,1500,4,'',2,900,4,'',1,1500,4,'',2,800,4,'',2,5200,4,'',1,1600,4,'',1,1200,4,'',1,1400,4,'',2,5700,4,'',1,1100,4,'',1,1500,4,'',1,1800,4,'',2,1200,4,'',2,5500,4,'',1,2000,4,'',1,1600,4,'',2,6500,4,'',1,29100,4,'',1
'25N-H58NV10S-80-S-E',4801,63600,4,'',2,1700,4,'',2,6000,4,'',2,2200,4,'',2,1700,4,'',1,6100,4,'',1,2000,4,'',2,2100,4,'',1,5800,4,'',2,4100,4,'',2,5300,4,'',1,49800,4,'',1,800,4,'',2,1700,4,'',1,3000,4,'',1,5100,4,'',1,2600,4,'',1,1300,4,'',1,5300,4,'',1,400,4,'',2,600,4,'',2,600,4,'',1,500,4,'',1,500,4,'',1,1000,4,'',2,500,4,'',2,900,4,'',2,600,4,'',1,5400,4,'',1,600,4,'',1,700,4,'',1,500,4,'',2,700,4,'',2,49500,4,'',1,1300,4,'',1,5700,4,'',1,1500,4,'',1,1600,4,'',1,1200,4,'',2,5600,4,'',1,1700,4,'',1,1300,4,'',1,1900,4,'',1
'25N-H58NV10S-80-S-NE',4801,55300,4,'',2,6000,4,'',1,40900,4,'',1,1800,4,'',1,6000,4,'',1,2100,4,'',1,1800,4,'',1,6200,4,'',2,1400,4,'',1,1700,4,'',1,1300,4,'',1,5700,4,'',2,1300,4,'',1,1700,4,'',1,1300,4,'',1,5600,4,'',1,900,4,'',2,1300,4,'',1,1000,4,'',1,1200,4,'',2,40800,4,'',1,4900,4,'',1,400,4,'',1,800,4,'',1,1700,4,'',1,400,4,'',2,800,4,'',2,1500,4,'',2,6000,4,'',1,1500,4,'',1,800,4,'',2,1100,4,'',1,5500,4,'',1,800,4,'',2,1500,4,'',1,900,4,'',2,1600,4,'',1,5000,4,'',1,1400,4,'',1,600,4,'',1,1100,4,'',1,1400,4,'',2,5100,4,'',1,1500,4,'',1,29000,4,'',1
'25N-H58NV20A-80-A-E',4801,61800,4,'',2,2700,4,'',2,7200,4,'',1,2900,4,'',2,7200,4,'',2,2800,4,'',2,6300,4,'',1,1800,4,'',2,2100,4,'',1,5900,4,'',2,49900,4,'',2,800,4,'',2,1400,4,'',1,800,4,'',2,1100,4,'',1,5400,4,'',2,800,4,'',1,1300,4,'',2,1700,4,'',2,1100,4,'',2,5500,4,'',1,1700,4,'',2,1000,4,'',2,1500,4,'',2,700,4,'',1,4900,4,'',2,1300,4,'',2,600,4,'',1,1300,4,'',2,1300,4,'',2,47100,4,'',2,1900,4,'',1,1400,4,'',1,6200,4,'',2,1400,4,'',1,1700,4,'',2,6100,4,'',1,1300,4,'',2,1900,4,'',1,1300,4,'',2
'25N-H58NV20A-80-A-NE',4801,101900,4,'',2,1800,4,'',1,1300,4,'',2,5700,4,'',1,1900,4,'',1,1200,4,'',2,1500,4,'',1,5700,4,'',2,1200,4,'',2,1800,4,'',1,1200,4,'',2,5900,4,'',2,1200,4,'',1,1800,4,'',1,1100,4,'',2,5200,4,'',1,1500,4,'',2,900,4,'',2,1500,4,'',2,900,4,'',1,44900,4,'',1,1600,4,'',1,900,4,'',1,1200,4,'',2,1600,4,'',2,5000,4,'',2,1900,4,'',2,1200,4,'',1,1400,4,'',2,5800,4,'',1,1200,4,'',1,1400,4,'',2,1800,4,'',2,5100,4,'',2,1500,4,'',1,1700,4,'',1,1300,4,'',2,5600,4,'',2,31300,4,'',1,2200,4,'',1
'25N-H58NV20I-80-I-E',4801,63500,4,'',1,7900,4,'',2,2900,4,'',2,7500,4,'',1,2800,4,'',2,7300,4,'',2,1600,4,'',2,1900,4,'',1,55600,4,'',2,1500,4,'',2,1800,4,'',2,1200,4,'',1,5700,4,'',2,1100,4,'',1,1500,4,'',2,900,4,'',2,1200,4,'',1,5300,4,'',2,700,4,'',2,1000,4,'',2,1300,4,'',2,800,4,'',1,5000,4,'',1,1300,4,'',2,700,4,'',1,1000,4,'',1,1300,4,'',2,49700,4,'',2,6400,4,'',1,3300,4,'',2,6600,4,'',1,3200,4,'',2
'25N-H58NV20I-80-I-NE',4801,61400,4,'',1,40300,4,'',1,1800,4,'',2,6500,4,'',2,1900,4,'',2,2500,4,'',2,5800,4,'',1,2200,4,'',1,1400,4,'',2,2100,4,'',2,5300,4,'',2,1800,4,'',2,1200,4,'',2,1500,4,'',1,5800,4,'',2,1300,4,'',1,1300,4,'',2,1700,4,'',2,39300,4,'',2,5200,4,'',1,1500,4,'',2,900,4,'',1,1500,4,'',2,800,4,'',2,5200,4,'',1,1600,4,'',1,1200,4,'',1,1400,4,'',2,5700,4,'',1,1100,4,'',1,1500,4,'',1,1800,4,'',2,1200,4,'',2,5500,4,'',1,2000,4,'',1,1600,4,'',2,6500,4,'',1,29100,4,'',1
'25N-H58NV20S-80-S-E',4801,63600,4,'',2,1700,4,'',2,6000,4,'',2,2200,4,'',2,1700,4,'',1,6100,4,'',1,2000,4,'',2,2100,4,'',1,5800,4,'',2,4100,4,'',2,5300,4,'',1,49800,4,'',1,800,4,'',2,1700,4,'',1,3000,4,'',1,5100,4,'',1,2600,4,'',1,1300,4,'',1,5300,4,'',1,400,4,'',2,600,4,'',2,600,4,'',1,500,4,'',1,500,4,'',1,1000,4,'',2,500,4,'',2,900,4,'',2,600,4,'',1,5400,4,'',1,600,4,'',1,700,4,'',1,500,4,'',2,700,4,'',2,49500,4,'',1,1300,4,'',1,5700,4,'',1,1500,4,'',1,1600,4,'',1,1200,4,'',2,5600,4,'',1,1700,4,'',1,1300,4,'',1,1900,4,'',1
'25N-H58NV20S-80-S-NE',4801,55300,4,'',2,6000,4,'',1,40900,4,'',1,1800,4,'',1,6000,4,'',1,2100,4,'',1,1800,4,'',1,6200,4,'',2,1400,4,'',1,1700,4,'',1,1300,4,'',1,5700,4,'',2,1300,4,'',1,1700,4,'',1,1300,4,'',1,5600,4,'',1,900,4,'',2,1300,4,'',1,1000,4,'',1,1200,4,'',2,40800,4,'',1,4900,4,'',1,400,4,'',1,800,4,'',1,1700,4,'',1,400,4,'',2,800,4,'',2,1500,4,'',2,6000,4,'',1,1500,4,'',1,800,4,'',2,1100,4,'',1,5500,4,'',1,800,4,'',2,1500,4,'',1,900,4,'',2,1600,4,'',1,5000,4,'',1,1400,4,'',1,600,4,'',1,1100,4,'',1,1400,4,'',2,5100,4,'',1,1500,4,'',1,29000,4,'',1
'25N-H59NV10S-84-S-E',4801,164300,4,'',1
'25N-H59NV20S-80-S-E',4801,164300,4,'',1
'25N-H54NV10S-82-S-E',42803,64000,4,'',1,6200,4,'',2,3200,4,'',2,7100,4,'',1,3200,4,'',1,7100,4,'',2
'25N-H54NV20S-80-S-E',42803,64000,4,'',1,6200,4,'',2,3200,4,'',2,7100,4,'',1,3200,4,'',1,7100,4,'',2
'25N-H54NV10S-82-S-E',44903,71200,4,'',2,3400,4,'',1,7400,4,'',2,2900,4,'',2,6800,4,'',1,2800,4,'',1,57000,4,'',1,2900,4,'',1,6600,4,'',1,1500,4,'',1,1500,4,'',1,1200,4,'',1,5100,4,'',1,900,4,'',1,800,4,'',1,2000,4,'',1,1000,4,'',1,700,4,'',1,4900,4,'',1,900,4,'',1,1000,4,'',1,1100,4,'',1
'25N-H54NV10S-82-S-NE',44903,101400,4,'',1,2900,4,'',1,7100,4,'',1,3400,4,'',1,7100,4,'',1,3000,4,'',1,7000,4,'',1,3000,4,'',1,6900,4,'',1,2900,4,'',1,40100,4,'',1,5800,4,'',1,2500,4,'',1,6900,4,'',1,2900,4,'',1,2900,4,'',1,6900,4,'',1,2800,4,'',1,6900,4,'',1,2900,4,'',1
'25N-H54NV20S-80-S-E',44903,71200,4,'',2,3400,4,'',1,7400,4,'',2,2900,4,'',2,6800,4,'',1,2800,4,'',1,57000,4,'',1,2900,4,'',1,6600,4,'',1,1500,4,'',1,1500,4,'',1,1200,4,'',1,5100,4,'',1,900,4,'',1,800,4,'',1,2000,4,'',1,1000,4,'',1,700,4,'',1,4900,4,'',1,900,4,'',1,1000,4,'',1,1100,4,'',1
'25N-H54NV20S-80-S-NE',44903,101400,4,'',1,2900,4,'',1,7100,4,'',1,3400,4,'',1,7100,4,'',1,3000,4,'',1,7000,4,'',1,3000,4,'',1,6900,4,'',1,2900,4,'',1,40100,4,'',1,5800,4,'',1,2500,4,'',1,6900,4,'',1,2900,4,'',1,2900,4,'',1,6900,4,'',1,2800,4,'',1,6900,4,'',1,2900,4,'',1
'25N-H57NV10S-84-S-E',44903,63600,4,'',2
'25N-H57NV20S-80-S-E',44903,63600,4,'',2
'25N-H58NV10S-80-S-E',44903,173000,4,'',1
'25N-H58NV20S-80-S-E',44903,173000,4,'',1
