18901,'H54U000A-80-A',547,,267207,53,0,5,1,69,,267217,53,0,5,1,28,,267219,53,0,5,1,68,,267208,53,0,5,1,28,,267218,53,0,5,1,73,,267220,53,0,5,1,36,,267215,53,0,5,2,73,,267230,53,0,5,1,28,,267239,53,0,5,2,68,,267209,53,0,5,1,32,,267231,53,0,5,1,71,,267240,53,0,5,1,30,,267210,53,0,5,1,69,,267221,53,0,5,1,28,,267241,53,0,5,1,65,,267249,53,0,5,2,23,,267211,53,0,5,1,22,,267222,53,0,5,1,62,,267232,53,0,5,1,22,,267250,53,0,5,2,62,,267212,53,0,5,1,22,,267223,53,0,5,1,22,,267233,53,0,5,1,62,,267251,53,0,5,2,22,,267213,53,0,5,1,16,,267257,53,0,5,2,55,,267229,53,0,5,2,15,,267234,53,0,5,1,16,,267259,53,0,5,2,14,,267252,53,0,5,2,55,,267224,53,0,5,1,15,,267258,53,0,5,2,15,,267216,53,0,5,1,19,,267235,53,0,5,1,61,,267214,53,0,5,1,21,,267225,53,0,5,1,19,,267228,53,0,5,2,58,,267248,53,0,5,1,19,,267236,53,0,5,1,27,,267253,53,0,5,2,70,,267242,53,0,5,1,29,,267237,53,0,5,1,69,,267254,53,0,5,2,29,,267243,53,0,5,1,65,,267245,53,0,5,1,19,,267238,53,0,5,1,20,,267226,53,0,5,2,60,,267255,53,0,5,2,18,,267244,53,0,5,1,19,,267246,53,0,5,1,63,,267227,53,0,5,2,29,,267256,53,0,5,2,70,,267247,53,0,5,1
18901,'H54U000I-80-I',544,,267260,53,0,5,2,69,,267276,53,0,5,1,31,,267290,53,0,5,2,69,,267261,53,0,5,2,29,,267277,53,0,5,1,69,,267291,53,0,5,2,30,,267262,53,0,5,2,70,,267278,53,0,5,1,30,,267292,53,0,5,2,70,,267263,53,0,5,2,30,,267279,53,0,5,1,74,,267293,53,0,5,2,31,,267264,53,0,5,2,72,,267281,53,0,5,1,31,,267280,53,0,5,1,70,,267273,53,0,5,2,32,,267282,53,0,5,1,72,,267303,53,0,5,2,24,,267274,53,0,5,2,61,,267300,53,0,5,1,19,,267267,53,0,5,1,19,,267283,53,0,5,1,60,,267304,53,0,5,2,20,,267275,53,0,5,2,20,,267270,53,0,5,1,56,,267268,53,0,5,1,15,,267305,53,0,5,2,15,,267284,53,0,5,1,15,,267296,53,0,5,2,54,,267265,53,0,5,2,14,,267269,53,0,5,1,14,,267271,53,0,5,1,15,,267297,53,0,5,1,61,,267285,53,0,5,1,21,,267306,53,0,5,1,20,,267266,53,0,5,2,59,,267272,53,0,5,1,23,,267286,53,0,5,1,30,,267307,53,0,5,1,70,,267298,53,0,5,1,30,,267287,53,0,5,1,69,,267308,53,0,5,1,30,,267299,53,0,5,1,69,,267288,53,0,5,1,29,,267301,53,0,5,1,68,,267294,53,0,5,1,26,,267289,53,0,5,1,70,,267302,53,0,5,1,31,,267295,53,0,5,1
18901,'H54U000S-81-S',544,,267309,53,0,5,1,69,,267312,53,0,5,1,35,,267315,53,0,5,2,73,,267314,53,0,5,1,33,,267310,53,0,5,1,71,,267335,53,0,5,1,29,,267339,53,0,5,1,68,,267343,53,0,5,2,29,,267328,53,0,5,1,68,,267336,53,0,5,1,29,,267340,53,0,5,1,70,,267327,53,0,5,1,30,,267322,53,0,5,2,71,,267341,53,0,5,1,32,,267329,53,0,5,1,70,,267323,53,0,5,2,21,,267344,53,0,5,2,60,,267334,53,0,5,1,18,,267342,53,0,5,1,17,,267330,53,0,5,1,20,,267348,53,0,5,2,58,,267324,53,0,5,2,17,,267345,53,0,5,2,18,,267353,53,0,5,1,56,,267357,53,0,5,2,15,,267331,53,0,5,1,14,,267365,53,0,5,2,12,,267349,53,0,5,2,53,,267325,53,0,5,2,10,,267350,53,0,5,2,8,,267346,53,0,5,2,8,,267358,53,0,5,2,9,,267363,53,0,5,2,8,,267354,53,0,5,1,11,,267337,53,0,5,2,51,,267332,53,0,5,1,11,,267326,53,0,5,2,8,,267338,53,0,5,2,10,,267316,53,0,5,2,12,,267351,53,0,5,2,12,,267355,53,0,5,1,55,,267364,53,0,5,2,16,,267367,53,0,5,1,17,,267359,53,0,5,2,56,,267317,53,0,5,2,19,,267366,53,0,5,2,18,,267356,53,0,5,1,19,,267368,53,0,5,1,58,,267347,53,0,5,1,15,,267318,53,0,5,2,15,,267360,53,0,5,1,55,,267333,53,0,5,1,15,,267311,53,0,5,1,15,,267369,53,0,5,1,15,,267352,53,0,5,1,56,,267319,53,0,5,2,21,,267361,53,0,5,1,21,,267313,53,0,5,1,61,,267370,53,0,5,1,23,,267320,53,0,5,2,23,,267362,53,0,5,1,70,,267371,53,0,5,1,30,,267321,53,0,5,2
18901,'H54U100F-80-F1',544,,267372,53,0,5,2,69,,267388,53,0,5,1,31,,267402,53,0,5,2,69,,267373,53,0,5,2,29,,267389,53,0,5,1,69,,267403,53,0,5,2,30,,267374,53,0,5,2,70,,267390,53,0,5,1,30,,267404,53,0,5,2,70,,267375,53,0,5,2,30,,267391,53,0,5,1,74,,267405,53,0,5,2,31,,267376,53,0,5,2,72,,267393,53,0,5,1,31,,267392,53,0,5,1,70,,267385,53,0,5,2,32,,267394,53,0,5,1,72,,267415,53,0,5,2,24,,267386,53,0,5,2,61,,267412,53,0,5,1,19,,267379,53,0,5,1,19,,267395,53,0,5,1,60,,267416,53,0,5,2,20,,267387,53,0,5,2,20,,267382,53,0,5,1,56,,267380,53,0,5,1,15,,267417,53,0,5,2,15,,267396,53,0,5,1,15,,267408,53,0,5,2,54,,267377,53,0,5,2,14,,267381,53,0,5,1,14,,267383,53,0,5,1,15,,267409,53,0,5,1,61,,267397,53,0,5,1,21,,267418,53,0,5,1,20,,267378,53,0,5,2,59,,267384,53,0,5,1,23,,267398,53,0,5,1,30,,267419,53,0,5,1,70,,267410,53,0,5,1,30,,267399,53,0,5,1,69,,267420,53,0,5,1,30,,267411,53,0,5,1,69,,267400,53,0,5,1,29,,267413,53,0,5,1,68,,267406,53,0,5,1,26,,267401,53,0,5,1,70,,267414,53,0,5,1,31,,267407,53,0,5,1
18901,'H54U200F-82-F2',544,,267421,53,0,5,1,69,,267427,53,0,5,2,31,,267436,53,0,5,2,69,,267422,53,0,5,1,29,,267428,53,0,5,2,69,,267437,53,0,5,2,30,,267423,53,0,5,1,70,,267429,53,0,5,2,30,,267438,53,0,5,2,70,,267424,53,0,5,1,30,,267430,53,0,5,2,74,,267439,53,0,5,2,31,,267425,53,0,5,1,72,,267431,53,0,5,2,31,,267451,53,0,5,1,70,,267442,53,0,5,1,32,,267432,53,0,5,2,72,,267433,53,0,5,1,24,,267452,53,0,5,1,61,,267443,53,0,5,1,19,,267456,53,0,5,2,19,,267444,53,0,5,1,60,,267466,53,0,5,2,20,,267453,53,0,5,1,20,,267459,53,0,5,1,56,,267457,53,0,5,2,15,,267450,53,0,5,1,15,,267445,53,0,5,1,15,,267455,53,0,5,2,54,,267454,53,0,5,1,14,,267458,53,0,5,2,14,,267460,53,0,5,1,15,,267426,53,0,5,1,61,,267446,53,0,5,1,21,,267434,53,0,5,1,20,,267449,53,0,5,1,59,,267461,53,0,5,1,23,,267447,53,0,5,1,30,,267435,53,0,5,1,70,,267462,53,0,5,1,30,,267448,53,0,5,1,69,,267467,53,0,5,2,30,,267463,53,0,5,1,69,,267440,53,0,5,2,29,,267468,53,0,5,1,68,,267464,53,0,5,1,26,,267441,53,0,5,2,70,,267469,53,0,5,1,31,,267465,53,0,5,1
36201,'H54U000A-80-A',2716,,277314,99,0,5,1,85,,277315,99,0,5,2,45,,277316,99,0,5,1,85,,277317,99,0,5,1
36201,'H54U000I-80-I',2632,,277318,99,0,5,1,84,,277320,99,0,5,1,84,,277321,99,0,5,2,45,,277322,99,0,5,1,85,,277319,99,0,5,1
36201,'H54U000S-81-S',2631,,277324,99,0,5,1,85,,277327,99,0,5,2,85,,277323,99,0,5,1,45,,277326,99,0,5,2,85,,277325,99,0,5,1
36201,'H54U100F-80-F1',2632,,277328,99,0,5,1,84,,277330,99,0,5,1,84,,277331,99,0,5,2,45,,277332,99,0,5,1,85,,277329,99,0,5,1
36201,'H54U200F-82-F2',2632,,277336,99,0,5,1,84,,277335,99,0,5,1,84,,277334,99,0,5,2,45,,277333,99,0,5,1,85,,277337,99,0,5,1
