'24U-H55U000A-82-A',36103,254400,4,'',1,1000,4,'',1,5000,4,'',2,1000,4,'',1,500,4,'',1,600,4,'',2,500,4,'',1,500,4,'',1,400,4,'',1,600,4,'',1,700,4,'',2,4900,4,'',2,500,4,'',1,500,4,'',2,600,4,'',1,500,4,'',1,500,4,'',1,300,4,'',2,300,4,'',1,300,4,'',1,400,4,'',1,300,4,'',1,400,4,'',2,500,4,'',2,400,4,'',1,4600,4,'',1,600,4,'',1,300,4,'',1,700,4,'',1,900,4,'',1,900,4,'',1,1000,4,'',2,1100,4,'',1,5400,4,'',1
'24U-H55U000A-82-A',36104,241500,,'',1,8500,,'',1,4500,,'',2,7000,,'',2,3000,,'',1,7000,,'',2,3000,,'',1,7000,,'',1
'24U-H55U000I-80-I',36103,252400,4,'',1,2400,4,'',1,6400,4,'',1,4000,4,'',1,8500,4,'',1,8500,4,'',1,8500,4,'',1
'24U-H55U000I-80-I',36104,243000,,'',1,7000,,'',1,3100,,'',1,8200,,'',1,4400,,'',1,8500,,'',1,8600,,'',1
'24U-H55U000S-80-S',36103,252300,4,'',1,2300,4,'',1,1100,4,'',2,4600,4,'',1,1700,4,'',1,1100,4,'',1,1500,4,'',1,1200,4,'',2,5500,4,'',1,1100,4,'',2,800,4,'',1,700,4,'',1,1100,4,'',1,800,4,'',2,6500,4,'',2,8500,4,'',1
'24U-H55U000S-80-S',36104,242500,,'',2,7500,,'',1,3300,,'',2,2100,,'',1,6100,,'',1,2100,,'',2,7100,,'',1,3300,,'',1,8700,,'',2
'24U-H55U000S-80-SV',36103,252900,4,'',2,500,4,'',2,700,4,'',2,1100,4,'',2,600,4,'',2,5100,4,'',2,500,4,'',2,900,4,'',2,400,4,'',2,800,4,'',2,600,4,'',2,1200,4,'',2,4900,4,'',2,1500,4,'',2,2600,4,'',2,5900,4,'',2,600,4,'',2,900,4,'',2
'24U-H55U100F-80-F1',36103,252400,4,'',1,2400,4,'',1,6400,4,'',1,4000,4,'',1,8500,4,'',1,8500,4,'',1,8500,4,'',1
'24U-H55U100F-80-F1',36104,243000,,'',1,7000,,'',1,3100,,'',1,8200,,'',1,4400,,'',1,8500,,'',1,8600,,'',1
'24U-H55U200F-80-F2',36103,252400,4,'',1,2400,4,'',1,6400,4,'',1,4000,4,'',1,8500,4,'',1,8500,4,'',1,8500,4,'',1
'24U-H55U200F-80-F2',36104,243000,,'',1,7000,,'',1,3100,,'',1,8200,,'',1,4400,,'',1,8500,,'',1,8600,,'',1
'24U-H58U000S-84-S',46901,60000,,'',2,2900,,'',1,7100,,'',2,3100,,'',2,7100,,'',1,3100,,'',1,6900,,'',2,2800,,'',2,7000,,'',1,3000,,'',2,7000,,'',2,3000,,'',1,7000,,'',2,3000,,'',1,7000,,'',1,3000,,'',2,7000,,'',1,3000,,'',1,2700,,'',2,6000,,'',1,1500,,'',1,1400,,'',2,5500,,'',2,1400,,'',2,1000,,'',1,900,,'',1,800,,'',1,800,,'',1,800,,'',2,5000,,'',2,1000,,'',2,900,,'',2,1000,,'',2,1300,,'',2,5800,,'',1,1800,,'',2,2000,,'',2,6300,,'',2
'24U-H58U200F-82-F2',46901,60000,,'',1,2900,,'',2,7100,,'',2,3100,,'',1,7100,,'',2,3100,,'',1,6900,,'',2,2800,,'',2,50000,,'',1,2700,,'',2,6000,,'',2,2900,,'',1,6900,,'',1,2700,,'',2,6600,,'',1,3000,,'',1,7000,,'',2,3000,,'',1
