12903,'H51U000A-83-A',2034,,254616,42,0,98,1,69,,254633,42,0,98,1,30,,254641,42,0,98,2,69,,254617,42,0,98,1,30,,254634,42,0,98,1,70,,254642,42,0,98,2,29,,254618,42,0,98,1,80,,254635,42,0,98,1,41,,254619,42,0,98,1,80,,254636,42,0,98,1
12903,'H51U000I-83-I',2032,,254668,42,0,98,2,73,,254660,42,0,98,1,37,,254678,42,0,98,2,77,,254669,42,0,98,2,37,,254661,42,0,98,1,76,,254679,42,0,98,2,79,,254662,42,0,98,1,41,,254680,42,0,98,2,82,,254663,42,0,98,1
12903,'H51U000S-83-S',2012,,254687,43,0,98,1,28,,254710,42,0,98,1,71,,254721,42,0,98,2,31,,254694,42,0,98,1,67,,254688,42,0,98,1,29,,254711,42,0,98,1,70,,254722,42,0,98,2,30,,254695,42,0,98,1,67,,254689,42,0,98,1,29,,254712,42,0,98,1,70,,254723,42,0,98,2,31,,254690,42,0,98,1
12903,'H51U100F-80-F1',2032,,254748,42,0,98,2,73,,254725,42,0,98,1,37,,254741,42,0,98,2,77,,254749,42,0,98,2,37,,254726,42,0,98,1,76,,254742,42,0,98,2,79,,254727,42,0,98,1,41,,254743,42,0,98,2,82,,254728,42,0,98,1
12903,'H51U200F-80-F2',2032,,254783,42,0,98,2,73,,254760,42,0,98,1,37,,254776,42,0,98,2,77,,254784,42,0,98,2,37,,254761,42,0,98,1,76,,254777,42,0,98,2,79,,254762,42,0,98,1,41,,254778,42,0,98,2,82,,254763,42,0,98,1
12904,'H51U000A-83-A',621,,254805,3,0,9,1,30,,254794,3,0,9,1,70,,254811,3,0,9,1,30,,254806,3,0,9,1,70,,254795,3,0,9,1,30,,254812,3,0,9,1,70,,254807,3,0,9,1,32,,254796,3,0,9,1,72,,254813,3,0,9,1,32,,254808,3,0,9,1,72,,254797,3,0,9,1,72,,254814,3,0,9,1,33,,254809,3,0,9,1,73,,254798,3,0,9,1,33,,254815,3,0,9,1,68,,254823,3,0,9,2,24,,254810,3,0,9,1,20,,254829,3,0,9,2,64,,254799,3,0,9,1,28,,254816,3,0,9,1,68,,254824,3,0,9,2,28,,254830,3,0,9,2,68,,254800,3,0,9,1,28,,254817,3,0,9,1,68,,254825,3,0,9,2,28,,254831,3,0,9,2,68,,254801,3,0,9,1,28,,254818,3,0,9,1
12904,'H51U000I-83-I',611,,254843,3,0,9,2,42,,254838,3,0,9,1,82,,254844,3,0,9,2,78,,254839,3,0,9,1,33,,254833,3,0,9,1,73,,254845,3,0,9,2,33,,254840,3,0,9,1,73,,254834,3,0,9,1,33,,254846,3,0,9,2,73,,254841,3,0,9,1,70,,254835,3,0,9,1,23,,254852,3,0,9,2,22,,254847,3,0,9,2,62,,254842,3,0,9,1,23,,254861,3,0,9,2,26,,254836,3,0,9,1,66,,254853,3,0,9,2,26,,254858,3,0,9,1,66,,254862,3,0,9,2,26,,254837,3,0,9,1,67,,254854,3,0,9,2,31,,254859,3,0,9,1,71,,254863,3,0,9,2,31,,254855,3,0,9,2,70,,254860,3,0,9,1,30,,254864,3,0,9,2,68,,254856,3,0,9,2
12904,'H51U000S-83-S',602,,254869,3,0,9,1,30,,254889,3,0,9,1,70,,254883,3,0,9,1,12,,254901,3,0,9,2,10,,254888,3,0,9,2,8,,254902,3,0,9,1,10,,254907,3,0,9,2,10,,254899,3,0,9,1,52,,254870,3,0,9,1,15,,254900,3,0,9,2,18,,254890,3,0,9,1,20,,254908,3,0,9,2,64,,254884,3,0,9,1,28,,254903,3,0,9,1,70,,254871,3,0,9,1,30,,254891,3,0,9,1,70,,254885,3,0,9,1,30,,254904,3,0,9,1,70,,254872,3,0,9,1,30,,254892,3,0,9,1,70,,254886,3,0,9,1,29,,254905,3,0,9,1,67,,254873,3,0,9,1,27,,254893,3,0,9,1,66,,254887,3,0,9,1,27,,254879,3,0,9,1,67,,254906,3,0,9,1,27,,254874,3,0,9,1,27,,254894,3,0,9,1,66,,254910,3,0,9,2,26,,254880,3,0,9,1,65,,254909,3,0,9,2,25,,254875,3,0,9,1,65,,254895,3,0,105,1,29,,254911,3,0,105,2
12904,'H51U100F-80-F1',611,,254917,3,0,9,2,42,,254945,3,0,9,1,82,,254918,3,0,9,2,78,,254946,3,0,9,1,33,,254922,3,0,9,1,73,,254919,3,0,9,2,33,,254947,3,0,9,1,73,,254923,3,0,9,1,33,,254920,3,0,9,2,73,,254948,3,0,9,1,70,,254924,3,0,9,1,23,,254935,3,0,9,2,22,,254921,3,0,9,2,62,,254949,3,0,9,1,23,,254927,3,0,9,2,26,,254925,3,0,9,1,66,,254936,3,0,9,2,26,,254941,3,0,9,1,66,,254928,3,0,9,2,26,,254926,3,0,9,1,67,,254937,3,0,9,2,31,,254942,3,0,9,1,71,,254929,3,0,9,2,31,,254938,3,0,9,2,70,,254943,3,0,9,1,30,,254930,3,0,9,2,68,,254939,3,0,9,2
12904,'H51U200F-80-F2',611,,254953,3,0,9,2,42,,254981,3,0,9,1,82,,254954,3,0,9,2,78,,254982,3,0,9,1,33,,254958,3,0,9,1,73,,254955,3,0,9,2,33,,254983,3,0,9,1,73,,254959,3,0,9,1,33,,254956,3,0,9,2,73,,254984,3,0,9,1,70,,254960,3,0,9,1,23,,254971,3,0,9,2,22,,254957,3,0,9,2,62,,254985,3,0,9,1,23,,254963,3,0,9,2,26,,254961,3,0,9,1,66,,254972,3,0,9,2,26,,254977,3,0,9,1,66,,254964,3,0,9,2,26,,254962,3,0,9,1,67,,254973,3,0,9,2,31,,254978,3,0,9,1,71,,254965,3,0,9,2,31,,254974,3,0,9,2,70,,254979,3,0,9,1,30,,254966,3,0,9,2,68,,254975,3,0,9,2
16603,'H50U000A-82-A',848,,262140,29,0,8,1,71,,262154,29,0,8,1,32,,262141,29,0,8,1,72,,262155,29,0,8,1,33,,262142,29,0,8,1,72,,262156,29,0,8,1,73,,262143,29,0,8,1,32,,262157,29,0,8,1,71,,262130,29,0,8,2,30,,262144,29,0,8,1,69,,262158,29,0,8,1,29,,262131,29,0,8,2,70,,262145,29,0,8,1,29,,262159,29,0,8,1,69,,262132,29,0,8,2,29,,262146,29,0,8,1,29,,262160,29,0,8,1,69,,262133,29,0,8,2,29,,262147,29,0,8,1,69,,262161,29,0,8,1,27,,262134,29,0,8,2,73,,262148,29,0,8,1,33,,262135,29,0,8,2,73,,262149,29,0,8,1,73,,262136,29,0,8,2,38,,262150,29,0,8,1,77,,262137,29,0,8,2,37,,262151,29,0,8,1,77,,262138,29,0,8,2,78,,262152,29,0,8,1,40,,262139,29,0,8,2,80,,262153,29,0,8,1
16603,'H50U000I-82-I',920,,262166,29,0,8,1,33,,262180,29,0,8,2,71,,262167,29,0,8,1,31,,262181,29,0,8,2,71,,262168,29,0,8,1,74,,262182,29,0,8,2,33,,262169,29,0,8,1,73,,262183,29,0,8,2,33,,262170,29,0,8,1,70,,262162,29,0,8,1,28,,262184,29,0,8,2,68,,262171,29,0,8,1,28,,262163,29,0,8,1,68,,262185,29,0,8,2,28,,262172,29,0,8,1,28,,262164,29,0,8,1,68,,262186,29,0,8,2,28,,262173,29,0,8,1,69,,262165,29,0,8,1,29,,262187,29,0,8,2,72,,262174,29,0,8,1,32,,262188,29,0,8,2,71,,262175,29,0,8,1,33,,262189,29,0,8,2,75,,262176,29,0,8,1,76,,262190,29,0,8,2,37,,262177,29,0,8,1,77,,262191,29,0,8,2,77,,262178,29,0,8,1,37,,262192,29,0,8,2,84,,262179,29,0,8,1
16603,'H50U000S-83-S',639,,262201,29,0,8,2,74,,262203,29,0,8,2,31,,262202,29,0,8,1,72,,262220,29,0,8,1,32,,262204,29,0,8,2,70,,262213,29,0,8,1,27,,262221,29,0,8,1,70,,262205,29,0,8,2,29,,262214,29,0,8,1,71,,262222,29,0,8,1,31,,262206,29,0,8,2,70,,262215,29,0,8,1,30,,262223,29,0,8,1,70,,262207,29,0,8,2,30,,262216,29,0,8,1,71,,262224,29,0,8,1,30,,262208,29,0,8,2,72,,262217,29,0,8,1,31,,262225,29,0,8,1,70,,262209,31,0,8,2,29,,262218,31,0,8,1,69,,262226,31,0,8,1,29,,262210,31,0,8,2,69,,262219,31,0,8,1,28,,262227,31,0,8,1,67,,262211,29,0,8,2,28,,262199,29,0,8,1,70,,262228,29,0,8,1,29,,262212,29,0,8,2,71,,262200,29,0,8,1,31,,262229,29,0,8,1,71,,262193,29,0,8,2,31,,262195,29,0,8,1,67,,262230,29,0,8,1,27,,262194,29,0,8,2,72,,262196,29,0,8,1,34,,262198,29,0,8,2,75,,262197,29,0,8,1
16603,'H50U100F-80-F1',920,,262235,29,0,8,1,33,,262249,29,0,8,2,71,,262236,29,0,8,1,31,,262250,29,0,8,2,71,,262237,29,0,8,1,74,,262251,29,0,8,2,33,,262238,29,0,8,1,73,,262252,29,0,8,2,33,,262239,29,0,8,1,70,,262231,29,0,8,1,28,,262253,29,0,8,2,68,,262240,29,0,8,1,28,,262232,29,0,8,1,68,,262254,29,0,8,2,28,,262241,29,0,8,1,28,,262233,29,0,8,1,68,,262255,29,0,8,2,28,,262242,29,0,8,1,69,,262234,29,0,8,1,29,,262256,29,0,8,2,72,,262243,29,0,8,1,32,,262257,29,0,8,2,71,,262244,29,0,8,1,33,,262258,29,0,8,2,75,,262245,29,0,8,1,76,,262259,29,0,8,2,37,,262246,29,0,8,1,77,,262260,29,0,8,2,77,,262247,29,0,8,1,37,,262261,29,0,8,2,84,,262248,29,0,8,1
16603,'H50U200F-80-F2',920,,262266,29,0,8,1,33,,262280,29,0,8,2,71,,262267,29,0,8,1,31,,262281,29,0,8,2,71,,262268,29,0,8,1,74,,262282,29,0,8,2,33,,262269,29,0,8,1,73,,262283,29,0,8,2,33,,262270,29,0,8,1,70,,262262,29,0,8,1,28,,262284,29,0,8,2,68,,262271,29,0,8,1,28,,262263,29,0,8,1,68,,262285,29,0,8,2,28,,262272,29,0,8,1,28,,262264,29,0,8,1,68,,262286,29,0,8,2,28,,262273,29,0,8,1,69,,262265,29,0,8,1,29,,262287,29,0,8,2,72,,262274,29,0,8,1,32,,262288,29,0,8,2,71,,262275,29,0,8,1,33,,262289,29,0,8,2,75,,262276,29,0,8,1,76,,262290,29,0,8,2,37,,262277,29,0,8,1,77,,262291,29,0,8,2,77,,262278,29,0,8,1,37,,262292,29,0,8,2,84,,262279,29,0,8,1
