9202,'H51M000A-70-A',559,,114434,23,0,10,1,70,,114429,23,0,10,1,30,,114435,23,0,10,1,71,,114430,23,0,10,1,70,,114436,23,0,10,1,30,,114431,23,0,10,1,70,,114437,23,0,10,1,32,,114432,23,0,10,1,71,,114438,23,0,10,1,34,,114433,23,0,10,1,73,,114439,23,0,10,1,31,,114447,23,0,10,2,73,,114428,23,0,10,1,32,,114446,23,0,10,2,74,,114448,23,0,10,1,34,,114458,23,0,10,1,74,,114457,23,0,10,1,75,,114449,23,0,10,1,33,,114459,23,0,10,1,74,,114440,23,0,10,1,34,,114450,23,0,10,1,75,,114461,23,0,10,2,32,,114451,23,0,10,1,72,,114441,23,0,10,1,30,,114452,23,0,10,1,70,,114442,23,0,10,1,30,,114453,23,0,10,1,70,,114443,23,0,10,1,29,,114454,23,0,10,1,70,,114444,23,0,10,1,30,,114455,23,0,10,1,70,,114445,23,0,10,1,30,,114456,23,0,10,1,70,,114464,23,0,10,2,32,,114462,23,0,10,1,72,,114465,23,0,10,2,31,,114463,23,0,10,1,73,,114466,23,0,10,2,74,,114460,23,0,10,1
9202,'H51M000I-70-I',525,,114470,23,0,10,1,33,,114479,23,0,10,1,71,,114471,23,0,10,1,30,,114480,23,0,10,1,70,,114472,23,0,10,1,29,,114481,23,0,10,1,71,,114473,23,0,10,1,29,,114482,23,0,10,1,69,,114474,23,0,10,1,30,,114483,23,0,10,1,72,,114475,23,0,10,1,72,,114484,23,0,10,1,32,,114476,23,0,10,1,74,,114485,23,0,10,1,35,,114477,23,0,10,1,73,,114467,23,0,10,1,33,,114487,23,0,10,1,73,,114478,23,0,10,1,33,,114468,23,0,10,1,73,,114488,23,0,10,1,32,,114498,23,0,10,2,72,,114469,23,0,10,1,71,,114489,23,0,10,1,33,,114499,23,0,10,2,73,,114490,23,0,10,1,33,,114500,23,0,10,2,72,,114491,23,0,10,1,33,,114501,23,0,10,2,71,,114492,23,0,10,1,30,,114502,23,0,10,2,72,,114493,23,0,10,1,32,,114503,23,0,10,2,72,,114494,23,0,10,1,31,,114504,23,0,10,2,72,,114495,23,0,10,1,31,,114505,23,0,10,2,73,,114496,23,0,10,1,73,,114506,23,0,10,2,33,,114497,23,0,10,1,69,,114486,23,0,10,1
9202,'H51M000S-70-S',520,,114513,23,0,10,1,31,,114515,23,0,10,2,67,,114518,23,0,10,2,20,,114514,23,0,10,1,62,,114516,23,0,10,2,20,,114521,23,0,10,1,22,,114519,23,0,10,2,61,,114534,23,0,10,1,22,,114517,23,0,10,2,21,,114522,23,0,10,1,57,,114507,23,0,10,1,20,,114520,23,0,10,2,18,,114523,23,0,10,1,70,,114528,23,0,10,2,30,,114508,23,0,10,1,70,,114524,23,0,10,1,30,,114529,23,0,10,2,70,,114509,23,0,10,1,32,,114525,23,0,10,1,70,,114530,23,0,10,2,30,,114510,23,0,10,1,71,,114526,23,0,10,1,30,,114531,23,0,10,2,68,,114511,23,0,10,1,28,,114527,23,0,10,1,68,,114532,23,0,10,2,29,,114512,23,0,10,1,68,,114544,23,0,10,2,28,,114533,23,0,10,2,69,,114536,23,0,10,1,28,,114545,23,0,10,2,23,,114546,23,0,10,2,72,,114537,23,0,10,1,31,,114547,23,0,10,2,69,,114538,23,0,10,1,28,,114548,23,0,10,2,70,,114539,23,0,10,1,30,,114549,23,0,10,2,70,,114540,23,0,10,1,30,,114550,23,0,10,2,70,,114541,23,0,10,1,27,,114551,23,0,10,2,68,,114542,23,0,10,1,30,,114552,23,0,10,2,74,,114543,23,0,10,1,81,,114535,23,0,10,1
9202,'H51M100F-70-F1',525,,114556,23,0,10,1,33,,114566,23,0,10,1,71,,114557,23,0,10,1,30,,114565,23,0,10,1,70,,114558,23,0,10,1,29,,114567,23,0,10,1,71,,114559,23,0,10,1,29,,114568,23,0,10,1,69,,114560,23,0,10,1,30,,114569,23,0,10,1,72,,114561,23,0,10,1,72,,114570,23,0,10,1,32,,114562,23,0,10,1,74,,114571,23,0,10,1,35,,114563,23,0,10,1,73,,114553,23,0,10,1,33,,114573,23,0,10,1,73,,114564,23,0,10,1,33,,114554,23,0,10,1,73,,114574,23,0,10,1,32,,114584,23,0,10,2,72,,114555,23,0,10,1,71,,114575,23,0,10,1,33,,114585,23,0,10,2,73,,114576,23,0,10,1,33,,114586,23,0,10,2,72,,114577,23,0,10,1,33,,114587,23,0,10,2,71,,114579,23,0,10,1,30,,114588,23,0,10,2,72,,114578,23,0,10,1,32,,114589,23,0,10,2,72,,114580,23,0,10,1,31,,114590,23,0,10,2,72,,114581,23,0,10,1,31,,114591,23,0,10,2,73,,114582,23,0,10,1,73,,114592,23,0,10,2,33,,114583,23,0,10,1,69,,114572,23,0,10,1
9202,'H51M200F-70-F2',525,,114596,23,0,10,1,33,,114605,23,0,10,1,71,,114597,23,0,10,1,30,,114606,23,0,10,1,70,,114598,23,0,10,1,29,,114607,23,0,10,1,71,,114599,23,0,10,1,29,,114608,23,0,10,1,69,,114600,23,0,10,1,30,,114609,23,0,10,1,72,,114601,23,0,10,1,72,,114610,23,0,10,1,32,,114602,23,0,10,1,74,,114611,23,0,10,1,35,,114603,23,0,10,1,73,,114593,23,0,10,1,33,,114613,23,0,10,1,73,,114604,23,0,10,1,33,,114594,23,0,10,1,73,,114614,23,0,10,1,32,,114624,23,0,10,2,72,,114595,23,0,10,1,71,,114615,23,0,10,1,33,,114625,23,0,10,2,73,,114616,23,0,10,1,33,,114626,23,0,10,2,72,,114617,23,0,10,1,33,,114627,23,0,10,2,71,,114618,23,0,10,1,30,,114628,23,0,10,2,72,,114619,23,0,10,1,32,,114629,23,0,10,2,72,,114620,23,0,10,1,31,,114630,23,0,10,2,72,,114621,23,0,10,1,31,,114631,23,0,10,2,73,,114622,23,0,10,1,73,,114632,23,0,10,2,33,,114623,23,0,10,1,69,,114612,23,0,10,1
9202,'H51M300F-70-F3',525,,114636,23,0,10,1,33,,114645,23,0,10,1,71,,114637,23,0,10,1,30,,114646,23,0,10,1,70,,114638,23,0,10,1,29,,114647,23,0,10,1,71,,114639,23,0,10,1,29,,114648,23,0,10,1,69,,114641,23,0,10,1,30,,114649,23,0,10,1,72,,114640,23,0,10,1,72,,114650,23,0,10,1,32,,114642,23,0,10,1,74,,114651,23,0,10,1,35,,114643,23,0,10,1,73,,114633,23,0,10,1,33,,114653,23,0,10,1,73,,114644,23,0,10,1,33,,114634,23,0,10,1,73,,114654,23,0,10,1,32,,114664,23,0,10,2,72,,114635,23,0,10,1,71,,114655,23,0,10,1,33,,114665,23,0,10,2,73,,114656,23,0,10,1,33,,114666,23,0,10,2,72,,114657,23,0,10,1,33,,114667,23,0,10,2,71,,114658,23,0,10,1,30,,114668,23,0,10,2,72,,114659,23,0,10,1,32,,114669,23,0,10,2,72,,114660,23,0,10,1,31,,114670,23,0,10,2,72,,114661,23,0,10,1,31,,114671,23,0,10,2,73,,114662,23,0,10,1,73,,114672,23,0,10,2,33,,114663,23,0,10,1,69,,114652,23,0,10,1
36903,'H50M000A-70-A',2553,,155041,32,0,8,2,70,,155040,32,0,8,1,17,,155049,32,0,8,1,12,,155051,32,0,8,1,51,,155042,32,0,8,2,10,,155044,32,0,8,1,11,,155046,32,0,8,1,13,,155047,32,0,8,2,16,,155050,32,0,8,1,57,,155052,32,0,8,1,14,,155045,32,0,8,1,13,,155043,32,0,8,2,14,,155048,32,0,8,2
36903,'H50M000I-70-I',2553,,155056,32,0,8,1,86,,155055,32,0,8,1,77,,155053,32,0,8,2,24,,155057,32,0,8,1,64,,155054,32,0,8,1,43,,155058,32,0,8,1
36903,'H50M000S-70-S',2554,,155062,32,0,8,1,52,,155065,32,0,8,1,26,,155063,32,0,8,1,22,,155060,32,0,8,2,79,,155064,32,0,8,1,80,,155061,32,0,8,2,37,,155059,32,0,8,1
36903,'H50M000S-70-SV',2618,,155066,32,0,8,1,23,,155067,32,0,8,1,72,,155069,32,0,8,1,40,,155068,32,0,8,1
36903,'H50M100F-70-F1',2553,,155073,32,0,8,1,86,,155072,32,0,8,1,77,,155070,32,0,8,2,24,,155074,32,0,8,1,64,,155071,32,0,8,1,43,,155075,32,0,8,1
36903,'H50M200F-70-F2',2553,,155079,32,0,8,1,86,,155078,32,0,8,1,77,,155076,32,0,8,2,24,,155080,32,0,8,1,64,,155077,32,0,8,1,43,,155081,32,0,8,1
36903,'H50M300F-70-F3',2553,,155085,32,0,8,1,86,,155084,32,0,8,1,77,,155082,32,0,8,2,24,,155086,32,0,8,1,64,,155083,32,0,8,1,43,,155087,32,0,8,1
37202,'H54M000A-70-A',2633,,155312,97,0,10,1,90,,155313,97,0,10,1,85,,155315,97,0,10,1,44,,155316,97,0,10,1,90,,155314,97,0,10,1
37202,'H54M000I-70-I',2638,,155317,97,0,10,1,85,,155318,97,0,10,1,86,,155320,97,0,10,1,46,,155319,97,0,10,1,89,,155321,97,0,10,1
37202,'H54M000S-70-S',2615,,155326,97,0,10,1,40,,155323,97,0,10,1,80,,155322,97,0,10,1,82,,155325,97,0,10,1,86,,155324,97,0,10,1,49,,155327,97,0,10,1
37202,'H54M100F-70-F1',2638,,155330,97,0,10,1,85,,155331,97,0,10,1,86,,155332,97,0,10,1,46,,155329,97,0,10,1,89,,155328,97,0,10,1
37202,'H54M200F-70-F2',2638,,155333,97,0,10,1,85,,155337,97,0,10,2,86,,155335,97,0,10,1,46,,155336,97,0,10,2,89,,155334,97,0,10,1
37202,'H54M300F-70-F3',2638,,155338,97,0,10,1,85,,155342,97,0,10,1,86,,155340,97,0,10,1,46,,155339,97,0,10,1,89,,155341,97,0,10,1
