11901,'H50U000A-82-A',730,,251839,1,0,5,2,70,,251847,1,0,5,1,30,,251855,1,0,5,2,70,,251840,1,0,5,2,30,,251848,1,0,5,1,70,,251856,1,0,5,2,30,,251841,1,0,5,2,70,,251849,1,0,5,1,30,,251857,1,0,5,2,70,,251842,1,0,5,2,30,,251850,1,0,5,1,70,,251858,1,0,5,2,30,,251843,1,0,5,2,70,,251851,1,0,5,1,30,,251859,1,0,5,2,70,,251844,1,0,5,2,30,,251852,1,0,5,1,70,,251860,1,0,5,2,30,,251845,1,0,5,2,70,,251853,1,0,5,1,30,,251861,1,0,5,2,70,,251846,1,0,5,2,29,,251854,1,0,5,1,71,,251862,1,0,5,2
11901,'H50U000I-82-I',730,,251863,1,0,5,2,70,,251871,1,0,5,2,30,,251879,1,0,5,1,70,,251864,1,0,5,2,30,,251872,1,0,5,2,70,,251880,1,0,5,1,30,,251865,1,0,5,2,70,,251873,1,0,5,2,30,,251881,1,0,5,1,70,,251866,1,0,5,2,30,,251874,1,0,5,2,70,,251882,1,0,5,1,30,,251867,1,0,5,2,70,,251875,1,0,5,2,30,,251883,1,0,5,1,70,,251868,1,0,5,2,30,,251876,1,0,5,2,70,,251884,1,0,5,1,30,,251869,1,0,5,2,70,,251877,1,0,5,2,30,,251885,1,0,5,1,70,,251870,1,0,5,2,29,,251878,1,0,5,2,71,,251886,1,0,5,1
11901,'H50U000S-83-S',700,,251906,1,0,5,1,30,,251898,1,0,5,2,70,,251890,1,0,5,1,30,,251911,1,0,5,2,70,,251907,1,0,5,1,30,,251899,1,0,5,2,70,,251891,1,0,5,1,28,,251912,1,0,5,2,28,,251908,1,0,5,1,68,,251900,1,0,5,2,32,,251892,1,0,5,1,71,,251909,1,0,5,1,29,,251901,1,0,5,2,69,,251913,1,0,5,2,29,,251893,1,0,5,1,70,,251910,1,0,5,1,29,,251902,1,0,5,2,69,,251914,1,0,5,2,33,,251894,1,0,5,1,73,,251887,1,0,5,2,25,,251903,1,0,5,2,64,,251915,1,0,5,2,21,,251889,1,0,5,1,21,,251895,1,0,5,1,65,,251888,1,0,5,2,27,,251904,1,0,5,2,69,,251916,1,0,5,2,29,,251896,1,0,5,1,69,,251905,1,0,5,2,29,,251917,1,0,5,2,68,,251897,1,0,5,1
11901,'H50U100F-80-F1',730,,251918,1,0,5,2,70,,251926,1,0,5,2,30,,251934,1,0,5,1,70,,251919,1,0,5,2,30,,251927,1,0,5,2,70,,251935,1,0,5,1,30,,251920,1,0,5,2,70,,251928,1,0,5,2,30,,251936,1,0,5,1,70,,251921,1,0,5,2,30,,251929,1,0,5,2,70,,251937,1,0,5,1,30,,251922,1,0,5,2,70,,251930,1,0,5,2,30,,251938,1,0,5,1,70,,251923,1,0,5,2,30,,251931,1,0,5,2,70,,251939,1,0,5,1,30,,251924,1,0,5,2,70,,251932,1,0,5,2,30,,251940,1,0,5,1,70,,251925,1,0,5,2,29,,251933,1,0,5,2,71,,251941,1,0,5,1
11901,'H50U200F-80-F2',730,,251942,1,0,5,2,70,,251950,1,0,5,2,30,,251958,1,0,5,1,70,,251943,1,0,5,2,30,,251951,1,0,5,2,70,,251959,1,0,5,1,30,,251944,1,0,5,2,70,,251952,1,0,5,2,30,,251960,1,0,5,1,70,,251945,1,0,5,2,30,,251953,1,0,5,2,70,,251961,1,0,5,1,30,,251946,1,0,5,2,70,,251954,1,0,5,2,30,,251962,1,0,5,1,70,,251947,1,0,5,2,30,,251955,1,0,5,2,70,,251963,1,0,5,1,30,,251948,1,0,5,2,70,,251956,1,0,5,2,30,,251964,1,0,5,1,70,,251949,1,0,5,2,29,,251957,1,0,5,2,71,,251965,1,0,5,1
11902,'H50U000A-82-A',721,,251966,37,4,,2,31,,251975,37,4,,1,70,,251983,37,4,,2,29,,251967,37,4,,2,69,,251976,37,4,,1,30,,251984,37,4,,2,71,,251968,37,4,,2,30,,251977,37,4,,1,70,,251985,37,4,,2,30,,251969,37,4,,2,71,,251978,37,4,,1,30,,251986,37,4,,2,70,,251970,37,4,,2,30,,251979,37,4,,1,71,,251987,37,4,,2,31,,251971,37,4,,2,71,,251980,37,4,,1,27,,251988,37,4,,2,70,,251972,37,4,,2,30,,251981,37,4,,1,70,,251989,37,4,,2,30,,251973,37,4,,2,70,,251982,37,4,,1,30,,251990,37,4,,2,70,,251974,37,4,,2
11902,'H50U000I-82-I',712,,251991,37,4,,2,31,,252000,37,4,,2,72,,252008,37,4,,1,30,,251992,37,4,,2,70,,252001,37,4,,2,31,,252009,37,4,,1,70,,251993,37,4,,2,30,,252002,37,4,,2,71,,252010,37,4,,1,30,,251994,37,4,,2,70,,252003,37,4,,2,31,,252011,37,4,,1,70,,251995,37,4,,2,31,,252004,37,4,,2,71,,252012,37,4,,1,31,,251996,37,4,,2,71,,252005,37,4,,2,31,,252013,37,4,,1,71,,251997,37,4,,2,30,,252006,37,4,,2,69,,252014,37,4,,1,30,,251998,37,4,,2,70,,252007,37,4,,2,27,,252015,37,4,,1,69,,251999,37,4,,2
11902,'H50U000S-83-S',735,,252018,37,4,,1,69,,252039,37,4,,2,33,,252034,37,4,,1,72,,252026,37,4,,2,31,,252019,37,4,,1,69,,252040,37,4,,2,28,,252035,37,4,,1,68,,252027,37,4,,2,27,,252020,37,4,,1,26,,252041,37,4,,2,65,,252036,37,4,,1,26,,252028,37,4,,2,62,,252042,37,4,,2,22,,252021,37,4,,1,25,,252037,37,4,,1,68,,252029,37,4,,2,30,,252043,37,4,,2,76,,252022,37,4,,1,76,,252038,37,4,,1,32,,252030,37,4,,2,72,,252044,37,4,,2,32,,252023,37,4,,1,64,,252016,37,4,,2,26,,252031,37,4,,2,68,,252045,37,4,,2,25,,252024,37,4,,1,23,,252017,37,4,,2,65,,252032,37,4,,2,27,,252046,37,4,,2,68,,252025,37,4,,1,28,,252033,37,4,,2
11902,'H50U100F-80-F1',712,,252047,37,4,,2,31,,252056,37,4,,2,72,,252064,37,4,,1,30,,252048,37,4,,2,70,,252057,37,4,,2,31,,252065,37,4,,1,70,,252049,37,4,,2,30,,252058,37,4,,2,71,,252066,37,4,,1,30,,252050,37,4,,2,70,,252059,37,4,,2,31,,252067,37,4,,1,70,,252051,37,4,,2,31,,252060,37,4,,2,71,,252068,37,4,,1,31,,252052,37,4,,2,71,,252061,37,4,,2,31,,252069,37,4,,1,71,,252053,37,4,,2,30,,252062,37,4,,2,69,,252070,37,4,,1,30,,252054,37,4,,2,70,,252063,37,4,,2,27,,252071,37,4,,1,69,,252055,37,4,,2
11902,'H50U200F-80-F2',712,,252072,37,4,,2,31,,252081,37,4,,2,72,,252089,37,4,,1,30,,252073,37,4,,2,70,,252082,37,4,,2,31,,252090,37,4,,1,70,,252074,37,4,,2,30,,252083,37,4,,2,71,,252091,37,4,,1,30,,252075,37,4,,2,70,,252084,37,4,,2,31,,252092,37,4,,1,70,,252076,37,4,,2,31,,252085,37,4,,2,71,,252093,37,4,,1,31,,252077,37,4,,2,71,,252086,37,4,,2,31,,252094,37,4,,1,71,,252078,37,4,,2,30,,252087,37,4,,2,69,,252095,37,4,,1,30,,252079,37,4,,2,70,,252088,37,4,,2,27,,252096,37,4,,1,69,,252080,37,4,,2
