35402,'H56U000A-80-A',2611,,276756,5,0,10,1,33,,276761,5,0,10,1,66,,276759,5,0,10,1,30,,276760,5,0,10,1,85,,276757,5,0,10,1,85,,276758,5,0,10,1
35402,'H56U000I-80-I',2610,,276763,5,0,10,1,47,,276764,5,0,10,2,84,,276766,5,0,10,1,84,,276762,5,0,10,1,85,,276765,5,0,10,2
35402,'H56U000S-81-S',2614,,276768,5,0,10,1,86,,276770,5,0,10,1,44,,276767,5,0,10,2,86,,276769,5,0,10,1,86,,276771,5,0,10,1
35402,'H56U100F-80-F1',2610,,276773,5,0,10,1,47,,276774,5,0,10,2,84,,276776,5,0,10,1,84,,276772,5,0,10,1,85,,276775,5,0,10,2
35402,'H56U200F-80-F2',2610,,276778,5,0,10,1,47,,276779,5,0,10,2,84,,276781,5,0,10,1,84,,276777,5,0,10,1,85,,276780,5,0,10,2
35602,'H56U000A-80-A',2632,,276884,96,0,10,1,18,,276874,96,0,10,1,53,,276883,96,0,10,1,13,,276881,96,0,10,2,13,,276873,96,0,10,1,13,,276882,96,0,10,2,13,,276876,96,0,10,1,53,,276875,96,0,10,1,13,,276880,96,0,10,2,13,,276878,96,0,10,2,13,,276877,96,0,10,1,53,,276879,96,0,10,1,13,,276886,96,0,10,1,13,,276885,96,0,10,1,13,,276887,96,0,10,1
35602,'H56U000I-80-I',2626,,276888,96,0,10,1,88,,276891,96,0,10,1,45,,276892,96,0,10,2,88,,276889,96,0,10,1,81,,276890,96,0,10,2
35602,'H56U000S-81-S',2622,,276894,96,0,10,1,86,,276899,96,0,10,2,45,,276896,96,0,10,1,67,,276893,96,0,10,1,25,,276895,96,0,10,1,65,,276897,96,0,10,2,25,,276898,96,0,10,1
35602,'H56U100F-80-F1',2626,,276900,96,0,10,1,88,,276903,96,0,10,1,45,,276904,96,0,10,2,88,,276901,96,0,10,1,81,,276902,96,0,10,2
35602,'H56U200F-80-F2',2626,,276905,96,0,10,1,88,,276908,96,0,10,1,45,,276909,96,0,10,2,88,,276906,96,0,10,1,81,,276907,96,0,10,2
