8003,'H50M000A-81-A',522,,191392,9,0,8,1,30,,191445,9,0,8,1,71,,191402,9,0,8,1,30,,191393,9,0,8,1,70,,191446,9,0,8,1,30,,191403,9,0,8,1,71,,191394,9,0,8,1,30,,191447,9,0,8,1,71,,191404,9,0,8,1,31,,191395,9,0,8,1,71,,191448,9,0,8,1,31,,191405,9,0,8,1,72,,191396,9,0,8,1,70,,191449,9,0,8,1,27,,191410,9,0,8,1,24,,191406,9,0,8,1,61,,191397,9,0,8,1,20,,191424,9,0,8,1,21,,191416,9,0,8,1,59,,191411,9,0,8,1,17,,191407,9,0,8,1,14,,191433,9,0,8,1,14,,191398,9,0,8,1,53,,191425,9,0,8,1,14,,191436,9,0,8,1,15,,191417,9,0,8,1,14,,191412,9,0,8,1,54,,191408,9,0,8,1,14,,191434,9,0,8,1,14,,191399,9,0,8,1,13,,191426,9,0,8,1,52,,191437,9,0,8,1,12,,191438,9,0,8,1,11,,191409,9,0,8,1,10,,191418,9,0,8,1,14,,191413,9,0,8,1,53,,191435,9,0,8,1,13,,191400,9,0,8,1,11,,191444,9,0,8,1,10,,191427,9,0,8,1,15,,191439,9,0,8,1,58,,191419,9,0,8,1,20,,191414,9,0,8,1,20,,191401,9,0,8,1,61,,191428,9,0,8,1,21,,191440,9,0,8,1,21,,191420,9,0,8,1,61,,191415,9,0,8,1,24,,191429,9,0,8,1,68,,191441,9,0,8,1,29,,191421,9,0,8,1,69,,191430,9,0,8,1,29,,191442,9,0,8,1,29,,191422,9,0,8,1,69,,191431,9,0,8,1,30,,191443,9,0,8,1,70,,191423,9,0,8,1,30,,191432,9,0,8,1
8003,'H50M000I-81-I',522,,191450,9,0,8,1,33,,191469,9,0,8,1,75,,191458,9,0,8,1,73,,191451,9,0,8,1,33,,191470,9,0,8,1,74,,191459,9,0,8,1,32,,191452,9,0,8,1,71,,191471,9,0,8,1,31,,191460,9,0,8,1,70,,191453,9,0,8,1,30,,191472,9,0,8,1,68,,191482,9,0,8,1,24,,191461,9,0,8,1,64,,191492,9,0,8,1,24,,191473,9,0,8,1,24,,191483,9,0,8,1,65,,191454,9,0,8,1,25,,191493,9,0,8,1,63,,191496,9,0,8,1,22,,191484,9,0,8,1,18,,191462,9,0,8,1,17,,191455,9,0,8,1,57,,191494,9,0,8,1,17,,191474,9,0,8,1,16,,191497,9,0,8,1,57,,191485,9,0,8,1,18,,191463,9,0,8,1,16,,191456,9,0,8,1,15,,191495,9,0,8,1,55,,191475,9,0,8,1,14,,191498,9,0,8,1,13,,191500,9,0,8,1,13,,191486,9,0,8,1,52,,191501,9,0,8,1,12,,191464,9,0,8,1,13,,191457,9,0,8,1,17,,191476,9,0,8,1,59,,191499,9,0,8,1,21,,191487,9,0,8,1,28,,191465,9,0,8,1,69,,191477,9,0,8,1,30,,191488,9,0,8,1,68,,191466,9,0,8,1,28,,191478,9,0,8,1,68,,191489,9,0,8,1,28,,191467,9,0,8,1,67,,191479,9,0,8,1,28,,191490,9,0,8,1,68,,191468,9,0,8,1,29,,191480,9,0,8,1,68,,191491,9,0,8,1,26,,191481,9,0,8,1
8003,'H50M000S-81-S',522,,191502,9,0,8,1,23,,191566,9,0,8,1,64,,191565,9,0,8,1,23,,191503,9,0,8,1,22,,191517,9,0,8,1,61,,191506,9,0,8,1,25,,191524,9,0,8,1,64,,191504,9,0,8,1,25,,191518,9,0,8,1,23,,191507,9,0,8,1,61,,191538,9,0,8,1,22,,191525,9,0,8,1,22,,191505,9,0,8,1,63,,191519,9,0,8,1,23,,191508,9,0,8,1,63,,191539,9,0,8,1,22,,191526,9,0,8,1,22,,191529,9,0,8,1,60,,191520,9,0,8,1,20,,191509,9,0,8,1,20,,191540,9,0,8,1,60,,191527,9,0,8,1,20,,191530,9,0,8,1,20,,191521,9,0,8,1,59,,191510,9,0,8,1,18,,191544,9,0,8,1,18,,191541,9,0,8,1,14,,191549,9,0,8,1,52,,191528,9,0,8,1,12,,191531,9,0,8,1,12,,191555,9,0,8,1,12,,191522,9,0,8,1,11,,191511,9,0,8,1,52,,191559,9,0,8,1,11,,191545,9,0,8,1,12,,191542,9,0,8,1,10,,191567,9,0,8,1,10,,191550,9,0,8,1,52,,191552,9,0,8,1,8,,191532,9,0,8,1,12,,191557,9,0,8,1,11,,191523,9,0,8,1,12,,191512,9,0,8,1,11,,191543,9,0,8,1,52,,191546,9,0,8,1,11,,191564,9,0,8,1,13,,191553,9,0,8,1,8,,191551,9,0,8,1,59,,191533,9,0,8,1,19,,191558,9,0,8,1,11,,191513,9,0,8,1,22,,191547,9,0,8,1,61,,191554,9,0,8,1,22,,191534,9,0,8,1,22,,191560,9,0,8,1,62,,191514,9,0,8,1,23,,191548,9,0,8,1,63,,191535,9,0,8,1,26,,191561,9,0,8,1,70,,191515,9,0,8,1,29,,191536,9,0,8,1,69,,191562,9,0,8,1,28,,191516,9,0,8,1,27,,191537,9,0,8,1,68,,191563,9,0,8,1
36503,'H58M000A-80-A',2625,,214691,11,0,8,2,32,,214690,11,0,8,1,73,,214694,11,0,8,1,72,,214689,11,0,8,1,36,,214693,11,0,8,2,77,,214692,11,0,8,2
36503,'H58M000I-80-I',2554,,214695,11,0,8,1,80,,214699,11,0,8,1,80,,214697,11,0,8,2,40,,214696,11,0,8,1,80,,214700,11,0,8,1,80,,214698,11,0,8,2
36503,'H58M000S-80-S',2554,,214703,11,0,8,1,80,,214705,11,0,8,1,80,,214702,11,0,8,2,40,,214701,11,0,8,1,80,,214704,11,0,8,1,80,,214706,11,0,8,1
36802,'H57M000A-80-A',2608,,214743,25,0,10,1,21,,214741,25,0,10,1,19,,214746,25,0,10,1,70,,214744,25,0,10,1,30,,214742,25,0,10,1,74,,214747,25,0,10,1,83,,214745,25,0,10,1
36802,'H57M000I-80-I',2604,,214749,25,0,10,1,46,,214751,25,0,10,1,85,,214748,25,0,10,1,85,,214750,25,0,10,1,87,,214752,25,0,10,1
36802,'H57M000S-80-S',2605,,214753,25,0,10,1,41,,214754,25,0,10,1,93,,214756,25,0,10,1,99,,214755,25,0,10,1,72,,214757,25,0,10,2
48003,'H50M000S-81-S',1519,,217086,18,0,8,1,23,,217077,18,0,8,1,63,,217082,18,0,8,1,23,,217079,18,0,8,1,72,,217076,18,0,8,1,20,,217083,18,0,8,1,23,,217085,18,0,8,1,63,,217087,18,0,8,1,23,,217081,18,0,8,1,24,,217080,18,0,8,1,60,,217084,18,0,8,1,32,,217078,18,0,8,1
