15002,'H59M000A-80-A',914,,202772,24,0,10,1,27,,202746,24,0,10,2,66,,202773,24,0,10,1,17,,202759,24,0,10,2,19,,202747,24,0,10,2,60,,202774,24,0,10,1,19,,202760,24,0,10,2,20,,202748,24,0,10,2,59,,202775,24,0,10,1,19,,202761,24,0,10,2,20,,202749,24,0,10,2,19,,202776,24,0,10,1,61,,202762,24,0,10,2,20,,202750,24,0,10,2,61,,202777,24,0,10,1,24,,202763,24,0,10,2,21,,202751,24,0,10,2,61,,202778,24,0,10,1,23,,202764,24,0,10,2,20,,202752,24,0,10,2,61,,202779,24,0,10,1,23,,202765,24,0,10,2,20,,202753,24,0,10,2,61,,202780,24,0,10,1,23,,202766,24,0,10,2,21,,202754,24,0,10,2,61,,202781,24,0,10,1,22,,202767,24,0,10,2,62,,202755,24,0,10,2,21,,202782,24,0,10,1,21,,202768,24,0,10,2,62,,202756,24,0,10,2,22,,202783,24,0,10,1,21,,202769,24,0,10,2,61,,202757,24,0,10,2,22,,202784,24,0,10,1,21,,202770,24,0,10,2,61,,202758,24,0,10,2,22,,202785,24,0,10,1,63,,202771,24,0,10,2,25,,202744,24,0,10,1,32,,202786,24,0,10,1,72,,202745,24,0,10,1,72,,202787,24,0,10,1
15002,'H59M000I-80-I',913,,202788,24,0,10,1,26,,202804,24,0,10,1,65,,202817,24,0,10,1,18,,202789,24,0,10,1,19,,202805,24,0,10,1,59,,202818,24,0,10,1,19,,202790,24,0,10,1,19,,202806,24,0,10,1,20,,202819,24,0,10,1,60,,202791,24,0,10,1,20,,202807,24,0,10,1,20,,202820,24,0,10,1,61,,202792,24,0,10,1,20,,202808,24,0,10,1,20,,202821,24,0,10,1,62,,202793,24,0,10,1,20,,202809,24,0,10,1,61,,202822,24,0,10,1,21,,202794,24,0,10,1,21,,202810,24,0,10,1,61,,202823,24,0,10,1,20,,202795,24,0,10,1,21,,202811,24,0,10,1,61,,202824,24,0,10,1,19,,202796,24,0,10,1,21,,202812,24,0,10,1,60,,202825,24,0,10,1,19,,202797,24,0,10,1,19,,202813,24,0,10,1,59,,202826,24,0,10,1,19,,202798,24,0,10,1,19,,202814,24,0,10,1,60,,202827,24,0,10,1,19,,202799,24,0,10,1,20,,202815,24,0,10,1,60,,202828,24,0,10,1,19,,202800,24,0,10,1,19,,202816,24,0,10,1,19,,202829,24,0,10,1,67,,202801,24,0,10,1,30,,202830,24,0,10,1,69,,202802,24,0,10,1,28,,202831,24,0,10,1,69,,202803,24,0,10,1,29,,202832,24,0,10,1
15002,'H59M000S-80-S',653,,202833,24,0,10,2,70,,202853,24,0,10,1,24,,202864,24,0,10,2,66,,202834,24,0,10,2,23,,202854,24,0,10,1,21,,202840,24,0,10,1,59,,202865,24,0,10,2,18,,202835,24,0,10,2,18,,202855,24,0,10,1,56,,202841,24,0,10,1,18,,202866,24,0,10,2,19,,202836,24,0,10,2,60,,202856,24,0,10,1,19,,202842,24,0,10,1,20,,202867,24,0,10,2,61,,202837,24,0,10,2,23,,202857,24,0,10,1,21,,202843,24,0,10,1,60,,202868,24,0,10,2,20,,202838,24,0,10,2,20,,202858,24,0,10,1,61,,202844,24,0,10,1,20,,202869,24,0,10,2,20,,202839,24,0,10,2,61,,202859,24,0,10,1,20,,202845,24,0,10,1,20,,202870,24,0,10,2,60,,202877,24,0,10,2,21,,202860,24,0,10,1,21,,202846,24,0,10,1,60,,202871,24,0,10,2,20,,202878,24,0,10,1,18,,202861,24,0,10,1,58,,202847,24,0,10,1,19,,202872,24,0,10,2,18,,202879,24,0,10,1,59,,202862,24,0,10,1,20,,202848,24,0,10,1,21,,202873,24,0,10,2,61,,202880,24,0,10,1,21,,202863,24,0,10,1,21,,202849,24,0,10,1,64,,202874,24,0,10,2,27,,202881,24,0,10,1,68,,202850,24,0,10,1,31,,202875,24,0,10,2,67,,202882,24,0,10,1,27,,202851,24,0,10,1,68,,202876,24,0,10,2,30,,202883,24,0,10,1,73,,202852,24,0,10,1
35002,'H56M000A-80-A',2521,,214136,23,0,10,1,80,,214141,23,0,10,1,29,,214144,23,0,10,2,10,,214134,23,0,10,2,10,,214143,23,0,10,1,9,,214138,23,0,10,1,49,,214132,23,0,10,1,10,,214133,23,0,10,1,10,,214137,23,0,10,1,10,,214139,23,0,10,1,10,,214140,23,0,10,2,10,,214146,23,0,10,2,50,,214142,23,0,10,1,11,,214135,23,0,10,2,21,,214145,23,0,10,2
35002,'H56M000I-80-I',2514,,214147,23,0,10,1,28,,214152,23,0,10,1,66,,214150,23,0,10,1,27,,214153,23,0,10,2,67,,214148,23,0,10,1,26,,214149,23,0,10,2,26,,214154,23,0,10,2,66,,214151,23,0,10,1
35002,'H56M000S-80-S',2518,,214160,23,0,10,1,85,,214156,23,0,10,2,52,,214159,23,0,10,1,86,,214155,23,0,10,1,69,,214157,23,0,10,2,15,,214158,23,0,10,1
35504,'H54M000A-80-A',2616,,214241,74,0,9,1,42,,214245,74,0,9,2,84,,214242,74,0,9,1,85,,214243,74,0,9,2,85,,214244,74,0,9,1,25,,214246,74,0,9,1
35504,'H54M000I-81-I',2609,,214247,74,0,9,1,45,,214251,74,0,9,1,86,,214249,74,0,9,1,86,,214252,74,0,9,1,88,,214248,74,0,9,1,29,,214250,74,0,9,2
35504,'H54M000S-81-S',2613,,214253,74,0,9,1,43,,214257,74,0,9,1,85,,214256,74,0,9,1,87,,214255,74,0,9,1,84,,214254,74,0,9,1,32,,214258,74,0,9,1
35802,'H59M000A-80-A',2521,,214374,31,0,10,2,29,,214369,31,0,10,1,71,,214375,31,0,10,2,31,,214370,31,0,10,1,69,,214376,31,0,10,2,20,,214373,31,0,10,1,17,,214371,31,0,10,1,67,,214377,31,0,10,2,30,,214372,31,0,10,1,69,,214378,31,0,10,2
35802,'H59M000I-80-I',2520,,214379,31,0,10,1,30,,214384,31,0,10,2,70,,214380,31,0,10,1,30,,214385,31,0,10,2,70,,214381,31,0,10,1,30,,214386,31,0,10,2,70,,214382,31,0,10,1,30,,214387,31,0,10,2,70,,214383,31,0,10,1
35802,'H59M000S-80-S',2521,,214388,31,0,10,2,30,,214393,31,0,10,1,70,,214389,31,0,10,2,30,,214394,31,0,10,1,70,,214390,31,0,10,2,30,,214395,31,0,10,1,70,,214391,31,0,10,2,30,,214396,31,0,10,1,70,,214392,31,0,10,2
35802,'H59M000S-80-SV',2636,,214400,31,0,10,2,70,,214397,31,0,10,2,30,,214401,31,0,10,2,70,,214398,31,0,10,2,30,,214402,31,0,10,2,70,,214399,31,0,10,2
36402,'H54M000A-80-A',2545,,214673,83,0,10,1,85,,214678,83,0,10,1,86,,214677,83,0,10,1,85,,214675,83,0,10,1,45,,214674,83,0,10,1,79,,214676,83,0,10,1
36402,'H54M000I-81-I',2544,,214680,83,0,10,1,85,,214683,83,0,10,1,85,,214682,83,0,10,2,86,,214679,83,0,10,1,44,,214681,83,0,10,1
36402,'H54M000S-81-S',2544,,214686,83,0,10,1,86,,214687,83,0,10,1,84,,214684,83,0,10,1,86,,214685,83,0,10,1,44,,214688,83,0,10,1
36904,'H50M000A-81-A',2550,,214788,33,0,9,1,73,,214791,33,0,9,2,30,,214789,33,0,9,1,69,,214793,33,0,9,1,31,,214792,33,0,9,2,67,,214794,33,0,9,1,84,,214790,33,0,9,1
36904,'H50M000I-81-I',2521,,214795,33,0,9,1,84,,214798,33,0,9,1,44,,214796,33,0,9,1,85,,214799,33,0,9,1,85,,214797,33,0,9,1,84,,214800,33,0,9,1
36904,'H50M000S-81-S',2522,,214803,33,0,9,1,79,,214806,33,0,9,2,40,,214801,33,0,9,2,100,,214804,33,0,9,1,80,,214802,33,0,9,2,84,,214805,33,0,9,1
36904,'H50M000S-81-SV',2713,,214807,33,0,9,1
