'25N-H56NV10S-80-S',1703,54900,4,'',1
'25N-H56NV20S-80-S',1703,54900,4,'',1
'25N-H60N100F-81-F1',1703,53000,4,'',1,7000,4,'',1,3400,4,'',1,8400,4,'',1,3500,4,'',1,8400,4,'',1,8100,4,'',1,8500,4,'',1,4300,4,'',1,8500,4,'',1,8500,4,'',1,3600,4,'',1,8000,4,'',1,8000,4,'',1,4000,4,'',1,8000,4,'',1,8000,4,'',1,4100,4,'',1,8200,4,'',1,8200,4,'',1,3800,4,'',1,8400,4,'',1,8200,4,'',1,8400,4,'',1,4100,4,'',1,8300,4,'',1,8200,4,'',1,4200,4,'',1,8000,4,'',1,8200,4,'',1
'25N-H60N100F-81-F1',1704,51000,,'',1,2900,,'',1,7000,,'',1,3400,,'',1,8400,,'',1,7500,,'',1,4400,,'',1,8200,,'',1,8500,,'',1,4300,,'',1,8500,,'',1,8500,,'',1,7600,,'',1,4300,,'',1,8100,,'',1,8000,,'',1,4000,,'',1,8000,,'',1,8000,,'',1,4000,,'',1,8100,,'',1,7800,,'',1,4400,,'',1,8200,,'',1,8400,,'',1,4000,,'',1,8300,,'',1,8300,,'',1,8300,,'',1,4300,,'',1
'25N-H60N200F-81-F2',1703,53000,4,'',1,7000,4,'',1,3400,4,'',1,8400,4,'',1,3500,4,'',1,8400,4,'',1,8100,4,'',1,8500,4,'',1,4300,4,'',1,8500,4,'',1,8500,4,'',1,3600,4,'',1,8000,4,'',1,8000,4,'',1,4000,4,'',1,8000,4,'',1,8000,4,'',1,4100,4,'',1,8200,4,'',1,8200,4,'',1,3800,4,'',1,8400,4,'',1,8200,4,'',1,8400,4,'',1,4100,4,'',1,8300,4,'',1,8200,4,'',1,4200,4,'',1,8000,4,'',1,8200,4,'',1
'25N-H60N200F-81-F2',1704,51000,,'',1,2900,,'',1,7000,,'',1,3400,,'',1,8400,,'',1,7500,,'',1,4400,,'',1,8200,,'',1,8500,,'',1,4300,,'',1,8500,,'',1,8500,,'',1,7600,,'',1,4300,,'',1,8100,,'',1,8000,,'',1,4000,,'',1,8000,,'',1,8000,,'',1,4000,,'',1,8100,,'',1,7800,,'',1,4400,,'',1,8200,,'',1,8400,,'',1,4000,,'',1,8300,,'',1,8300,,'',1,8300,,'',1,4300,,'',1
'25N-H60N300F-82-F3',1703,53000,4,'',1,7000,4,'',1,3400,4,'',1,8400,4,'',1,3500,4,'',1,8400,4,'',1,8100,4,'',1,8500,4,'',1,4300,4,'',1,8500,4,'',1,8500,4,'',1,3600,4,'',1,8000,4,'',1,8000,4,'',1,4000,4,'',1,8000,4,'',1,8000,4,'',1,4100,4,'',1,8200,4,'',1,8200,4,'',1,3800,4,'',1,8400,4,'',1,8200,4,'',1,8400,4,'',1,4100,4,'',1,8300,4,'',1,8200,4,'',1,4200,4,'',1,8000,4,'',1,8200,4,'',1
'25N-H60N300F-82-F3',1704,51000,,'',1,2900,,'',1,7000,,'',1,3400,,'',1,8400,,'',1,7500,,'',1,4400,,'',1,8200,,'',1,8500,,'',1,4300,,'',1,8500,,'',1,8500,,'',1,7600,,'',1,4300,,'',1,8100,,'',1,8000,,'',1,4000,,'',1,8000,,'',1,8000,,'',1,4000,,'',1,8100,,'',1,7800,,'',1,4400,,'',1,8200,,'',1,8400,,'',1,4000,,'',1,8300,,'',1,8300,,'',1,8300,,'',1,4300,,'',1
'25N-H60N400F-81-F4',1703,53000,4,'',1,7000,4,'',1,3400,4,'',1,8400,4,'',1,3500,4,'',1,8400,4,'',1,8100,4,'',1,8500,4,'',1,4300,4,'',1,8500,4,'',1,8500,4,'',1,3600,4,'',1,8000,4,'',1,8000,4,'',1,4000,4,'',1,8000,4,'',1,8000,4,'',1,4100,4,'',1,8200,4,'',1,8200,4,'',1,3800,4,'',1,8400,4,'',1,8200,4,'',1,8400,4,'',1,4100,4,'',1,8300,4,'',1,8200,4,'',1,4200,4,'',1,8000,4,'',1,8200,4,'',1
'25N-H60N400F-81-F4',1704,51000,,'',1,2900,,'',1,7000,,'',1,3400,,'',1,8400,,'',1,7500,,'',1,4400,,'',1,8200,,'',1,8500,,'',1,4300,,'',1,8500,,'',1,8500,,'',1,7600,,'',1,4300,,'',1,8100,,'',1,8000,,'',1,4000,,'',1,8000,,'',1,8000,,'',1,4000,,'',1,8100,,'',1,7800,,'',1,4400,,'',1,8200,,'',1,8400,,'',1,4000,,'',1,8300,,'',1,8300,,'',1,8300,,'',1,4300,,'',1
'25N-H60NV10A-80-A',1703,52400,4,'',1,8600,4,'',1,3500,4,'',1,8400,4,'',1,7700,4,'',1,4500,4,'',1,8800,4,'',1,8500,4,'',1,7900,4,'',1,4500,4,'',1,8500,4,'',1,8300,4,'',1,4100,4,'',1,8200,4,'',1,8100,4,'',1,8100,4,'',1,4000,4,'',1,8000,4,'',1,7900,4,'',1,3600,4,'',1,7700,4,'',1,3800,4,'',1,7500,4,'',1,3300,4,'',1,8500,4,'',1,8100,4,'',1,8300,4,'',1,4100,4,'',1,8200,4,'',1,8100,4,'',1
'25N-H60NV10A-80-A',1704,50000,,'',1,3500,,'',1,8400,,'',1,3500,,'',1,8400,,'',1,7800,,'',1,8500,,'',1,3900,,'',1,8300,,'',1,8300,,'',1,4000,,'',1,8000,,'',1,8000,,'',1,4000,,'',1,8000,,'',1,8100,,'',1,4100,,'',1,8100,,'',1,7900,,'',1,4100,,'',1,7900,,'',1,7700,,'',1,3800,,'',1,8500,,'',1,8100,,'',1,4500,,'',1,8100,,'',1,8200,,'',1,4100,,'',1,8200,,'',1,8100,,'',1
'25N-H60NV10I-80-I',1703,53000,4,'',1,7000,4,'',1,3400,4,'',1,8400,4,'',1,3500,4,'',1,8400,4,'',1,8100,4,'',1,8500,4,'',1,4300,4,'',1,8500,4,'',1,8500,4,'',1,3600,4,'',1,8000,4,'',1,8000,4,'',1,4000,4,'',1,8000,4,'',1,8000,4,'',1,4100,4,'',1,8200,4,'',1,8200,4,'',1,3800,4,'',1,8400,4,'',1,8200,4,'',1,8400,4,'',1,4100,4,'',1,8300,4,'',1,8200,4,'',1,4200,4,'',1,8000,4,'',1,8200,4,'',1
'25N-H60NV10I-80-I',1704,51000,,'',1,2900,,'',1,7000,,'',1,3400,,'',1,8400,,'',1,7500,,'',1,4400,,'',1,8200,,'',1,8500,,'',1,4300,,'',1,8500,,'',1,8500,,'',1,7600,,'',1,4300,,'',1,8100,,'',1,8000,,'',1,4000,,'',1,8000,,'',1,8000,,'',1,4000,,'',1,8100,,'',1,7800,,'',1,4400,,'',1,8200,,'',1,8400,,'',1,4000,,'',1,8300,,'',1,8300,,'',1,8300,,'',1,4300,,'',1
'25N-H60NV10S-83-S',1703,52800,4,'',1,1000,4,'',1,2100,4,'',1,5500,4,'',1,1700,4,'',1,7400,4,'',1,3900,4,'',1,7500,4,'',1,3300,4,'',1,7300,4,'',1,3300,4,'',1,7000,4,'',1,7500,4,'',1,3500,4,'',1,7500,4,'',1,3800,4,'',1,7700,4,'',1,7700,4,'',1,3900,4,'',1,7200,4,'',1,3000,4,'',1,7200,4,'',1,3200,4,'',1,7200,4,'',1,2900,4,'',1,6900,4,'',1,3200,4,'',1,6700,4,'',1,2300,4,'',1,6900,4,'',1,3000,4,'',1,7000,4,'',1,3100,4,'',1,7000,4,'',1,3000,4,'',1,7200,4,'',1,3700,4,'',1,8400,4,'',1,7600,4,'',1
'25N-H60NV10S-83-S',1704,51000,,'',1,2900,,'',1,7100,,'',1,3100,,'',1,7100,,'',1,3200,,'',1,7300,,'',1,3300,,'',1,7300,,'',1,7700,,'',1,3800,,'',1,7800,,'',1,3800,,'',1,7800,,'',1,7800,,'',1,3700,,'',1,7600,,'',1,3200,,'',1,7300,,'',1,7300,,'',1,3300,,'',1,7200,,'',1,3300,,'',1,7300,,'',1,3300,,'',1,7300,,'',1,3400,,'',1,7200,,'',1,3000,,'',1,7000,,'',1,3200,,'',1,8200,,'',1,8500,,'',1,7700,,'',1,4400,,'',1
'25N-H60NV20A-80-A',1703,52400,4,'',1,8600,4,'',1,3500,4,'',1,8400,4,'',1,7700,4,'',1,4500,4,'',1,8800,4,'',1,8500,4,'',1,7900,4,'',1,4500,4,'',1,8500,4,'',1,8300,4,'',1,4100,4,'',1,8200,4,'',1,8100,4,'',1,8100,4,'',1,4000,4,'',1,8000,4,'',1,7900,4,'',1,3600,4,'',1,7700,4,'',1,3800,4,'',1,7500,4,'',1,3300,4,'',1,8500,4,'',1,8100,4,'',1,8300,4,'',1,4100,4,'',1,8200,4,'',1,8100,4,'',1
'25N-H60NV20A-80-A',1704,50000,,'',1,3500,,'',1,8400,,'',1,3500,,'',1,8400,,'',1,7800,,'',1,8500,,'',1,3900,,'',1,8300,,'',1,8300,,'',1,4000,,'',1,8000,,'',1,8000,,'',1,4000,,'',1,8000,,'',1,8100,,'',1,4100,,'',1,8100,,'',1,7900,,'',1,4100,,'',1,7900,,'',1,7700,,'',1,3800,,'',1,8500,,'',1,8100,,'',1,4500,,'',1,8100,,'',1,8200,,'',1,4100,,'',1,8200,,'',1,8100,,'',1
'25N-H60NV20I-80-I',1703,53000,4,'',1,7000,4,'',1,3400,4,'',1,8400,4,'',1,3500,4,'',1,8400,4,'',1,8100,4,'',1,8500,4,'',1,4300,4,'',1,8500,4,'',1,8500,4,'',1,3600,4,'',1,8000,4,'',1,8000,4,'',1,4000,4,'',1,8000,4,'',1,8000,4,'',1,4100,4,'',1,8200,4,'',1,8200,4,'',1,3800,4,'',1,8400,4,'',1,8200,4,'',1,8400,4,'',1,4100,4,'',1,8300,4,'',1,8200,4,'',1,4200,4,'',1,8000,4,'',1,8200,4,'',1
'25N-H60NV20I-80-I',1704,51000,,'',1,2900,,'',1,7000,,'',1,3400,,'',1,8400,,'',1,7500,,'',1,4400,,'',1,8200,,'',1,8500,,'',1,4300,,'',1,8500,,'',1,8500,,'',1,7600,,'',1,4300,,'',1,8100,,'',1,8000,,'',1,4000,,'',1,8000,,'',1,8000,,'',1,4000,,'',1,8100,,'',1,7800,,'',1,4400,,'',1,8200,,'',1,8400,,'',1,4000,,'',1,8300,,'',1,8300,,'',1,8300,,'',1,4300,,'',1
'25N-H60NV20S-80-S',1703,52800,4,'',1,1000,4,'',1,2100,4,'',1,5500,4,'',1,1700,4,'',1,7400,4,'',1,3900,4,'',1,7500,4,'',1,3300,4,'',1,7300,4,'',1,3300,4,'',1,7000,4,'',1,7500,4,'',1,3500,4,'',1,7500,4,'',1,3800,4,'',1,7700,4,'',1,7700,4,'',1,3900,4,'',1,7200,4,'',1,3000,4,'',1,7200,4,'',1,3200,4,'',1,7200,4,'',1,2900,4,'',1,6900,4,'',1,3200,4,'',1,6700,4,'',1,2300,4,'',1,6900,4,'',1,3000,4,'',1,7000,4,'',1,3100,4,'',1,7000,4,'',1,3000,4,'',1,7200,4,'',1,3700,4,'',1,8400,4,'',1,7600,4,'',1
'25N-H60NV20S-80-S',1704,51000,,'',1,2900,,'',1,7100,,'',1,3100,,'',1,7100,,'',1,3200,,'',1,7300,,'',1,3300,,'',1,7300,,'',1,7700,,'',1,3800,,'',1,7800,,'',1,3800,,'',1,7800,,'',1,7800,,'',1,3700,,'',1,7600,,'',1,3200,,'',1,7300,,'',1,7300,,'',1,3300,,'',1,7200,,'',1,3300,,'',1,7300,,'',1,3300,,'',1,7300,,'',1,3400,,'',1,7200,,'',1,3000,,'',1,7000,,'',1,3200,,'',1,8200,,'',1,8500,,'',1,7700,,'',1,4400,,'',1
