15002,'H59M000A-80-A',916,,202772,26,0,10,1,27,,202746,26,0,10,2,66,,202773,26,0,10,1,17,,202759,26,0,10,2,19,,202747,26,0,10,2,60,,202774,26,0,10,1,19,,202760,26,0,10,2,20,,202748,26,0,10,2,59,,202775,26,0,10,1,19,,202761,26,0,10,2,20,,202749,26,0,10,2,59,,202776,26,0,10,1,21,,202762,26,0,10,2,20,,202750,26,0,10,2,61,,202777,26,0,10,1,24,,202763,26,0,10,2,21,,202751,26,0,10,2,61,,202778,26,0,10,1,23,,202764,26,0,10,2,20,,202752,26,0,10,2,61,,202779,26,0,10,1,23,,202765,26,0,10,2,20,,202753,26,0,10,2,61,,202780,26,0,10,1,23,,202766,26,0,10,2,61,,202754,26,0,10,2,21,,202781,26,0,10,1,22,,202767,26,0,10,2,62,,202755,26,0,10,2,21,,202782,26,0,10,1,21,,202768,26,0,10,2,62,,202756,26,0,10,2,22,,202783,26,0,10,1,21,,202769,26,0,10,2,61,,202757,26,0,10,2,22,,202784,26,0,10,1,21,,202770,26,0,10,2,61,,202758,26,0,10,2,22,,202785,26,0,10,1,63,,202771,26,0,10,2,25,,202744,26,0,10,1,72,,202786,26,0,10,1,32,,202745,26,0,10,1,72,,202787,26,0,10,1
15002,'H59M000I-80-I',915,,202788,26,0,10,1,26,,202804,26,0,10,1,65,,202817,26,0,10,1,18,,202789,26,0,10,1,19,,202805,26,0,10,1,59,,202818,26,0,10,1,19,,202790,26,0,10,1,19,,202806,26,0,10,1,60,,202819,26,0,10,1,20,,202791,26,0,10,1,20,,202807,26,0,10,1,60,,202820,26,0,10,1,21,,202792,26,0,10,1,20,,202808,26,0,10,1,60,,202821,26,0,10,1,22,,202793,26,0,10,1,20,,202809,26,0,10,1,61,,202822,26,0,10,1,21,,202794,26,0,10,1,21,,202810,26,0,10,1,61,,202823,26,0,10,1,20,,202795,26,0,10,1,21,,202811,26,0,10,1,61,,202824,26,0,10,1,19,,202796,26,0,10,1,21,,202812,26,0,10,1,60,,202825,26,0,10,1,19,,202797,26,0,10,1,19,,202813,26,0,10,1,59,,202826,26,0,10,1,19,,202798,26,0,10,1,19,,202814,26,0,10,1,60,,202827,26,0,10,1,19,,202799,26,0,10,1,20,,202815,26,0,10,1,60,,202828,26,0,10,1,19,,202800,26,0,10,1,19,,202816,26,0,10,1,59,,202829,26,0,10,1,27,,202801,26,0,10,1,30,,202830,26,0,10,1,69,,202802,26,0,10,1,28,,202831,26,0,10,1,69,,202803,26,0,10,1,29,,202832,26,0,10,1
15002,'H59M000S-80-S',655,,202833,26,0,10,2,70,,202853,26,0,10,1,24,,202864,26,0,10,2,66,,202834,26,0,10,2,23,,202854,26,0,10,1,21,,202840,26,0,10,1,59,,202865,26,0,10,2,18,,202835,26,0,10,2,18,,202855,26,0,10,1,56,,202841,26,0,10,1,18,,202866,26,0,10,2,19,,202836,26,0,10,2,60,,202856,26,0,10,1,19,,202842,26,0,10,1,20,,202867,26,0,10,2,61,,202837,26,0,10,2,23,,202857,26,0,10,1,21,,202843,26,0,10,1,60,,202868,26,0,10,2,20,,202838,26,0,10,2,20,,202858,26,0,10,1,61,,202844,26,0,10,1,20,,202869,26,0,10,2,20,,202839,26,0,10,2,61,,202859,26,0,10,1,20,,202845,26,0,10,1,20,,202870,26,0,10,2,60,,202877,26,0,10,2,21,,202860,26,0,10,1,21,,202846,26,0,10,1,60,,202871,26,0,10,2,20,,202878,26,0,10,1,18,,202861,26,0,10,1,58,,202847,26,0,10,1,19,,202872,26,0,10,2,18,,202879,26,0,10,1,59,,202862,26,0,10,1,20,,202848,26,0,10,1,21,,202873,26,0,10,2,61,,202880,26,0,10,1,21,,202863,26,0,10,1,21,,202849,26,0,10,1,64,,202874,26,0,10,2,27,,202881,26,0,10,1,68,,202850,26,0,10,1,31,,202875,26,0,10,2,67,,202882,26,0,10,1,27,,202851,26,0,10,1,68,,202876,26,0,10,2,30,,202883,26,0,10,1,73,,202852,26,0,10,1
35504,'H54M000A-80-A',2618,,214241,76,0,9,1,82,,214245,76,0,9,2,44,,214242,76,0,9,1,85,,214243,76,0,9,2,85,,214244,76,0,9,1,25,,214246,76,0,9,1
35504,'H54M000I-81-I',2610,,214247,76,0,9,1,45,,214251,76,0,9,1,86,,214249,76,0,9,1,86,,214252,76,0,9,1,88,,214248,76,0,9,1,29,,214250,76,0,9,2
35504,'H54M000S-81-S',2614,,214253,76,0,9,1,43,,214257,76,0,9,1,85,,214256,76,0,9,1,87,,214255,76,0,9,1,85,,214254,76,0,9,1,32,,214258,76,0,9,1
35802,'H59M000A-80-A',2522,,214374,33,0,10,2,30,,214369,33,0,10,1,71,,214375,33,0,10,2,31,,214370,33,0,10,1,69,,214376,33,0,10,2,20,,214373,33,0,10,1,57,,214371,33,0,10,1,26,,214377,33,0,10,2,30,,214372,33,0,10,1,69,,214378,33,0,10,2
35802,'H59M000I-80-I',2522,,214379,33,0,10,1,30,,214384,33,0,10,2,70,,214380,33,0,10,1,30,,214385,33,0,10,2,70,,214381,33,0,10,1,30,,214386,33,0,10,2,70,,214382,33,0,10,1,30,,214387,33,0,10,2,70,,214383,33,0,10,1
35802,'H59M000S-80-S',2523,,214388,33,0,10,2,30,,214393,33,0,10,1,70,,214389,33,0,10,2,30,,214394,33,0,10,1,70,,214390,33,0,10,2,30,,214395,33,0,10,1,70,,214391,33,0,10,2,30,,214396,33,0,10,1,70,,214392,33,0,10,2
35802,'H59M000S-80-SV',2638,,214400,33,0,10,2,70,,214397,33,0,10,2,30,,214401,33,0,10,2,70,,214398,33,0,10,2,30,,214402,33,0,10,2,70,,214399,33,0,10,2
36402,'H54M000A-80-A',2547,,214673,85,0,10,1,85,,214678,85,0,10,1,86,,214677,85,0,10,1,85,,214675,85,0,10,1,45,,214674,85,0,10,1,79,,214676,85,0,10,1
36402,'H54M000I-81-I',2545,,214680,85,0,10,1,85,,214683,85,0,10,1,85,,214682,85,0,10,2,86,,214679,85,0,10,1,44,,214681,85,0,10,1
36402,'H54M000S-81-S',2546,,214686,85,0,10,1,86,,214687,85,0,10,1,84,,214684,85,0,10,1,86,,214685,85,0,10,1,44,,214688,85,0,10,1
36904,'H50M000A-81-A',2551,,214788,35,0,9,1,73,,214791,35,0,9,2,30,,214789,35,0,9,1,69,,214793,35,0,9,1,31,,214792,35,0,9,2,67,,214794,35,0,9,1,84,,214790,35,0,9,1
36904,'H50M000I-81-I',2522,,214795,35,0,9,1,84,,214798,35,0,9,1,44,,214796,35,0,9,1,85,,214799,35,0,9,1,85,,214797,35,0,9,1,84,,214800,35,0,9,1
36904,'H50M000S-81-S',2524,,214803,35,0,9,1,79,,214806,35,0,9,2,40,,214801,35,0,9,2,100,,214804,35,0,9,1,80,,214802,35,0,9,2,84,,214805,35,0,9,1
36904,'H50M000S-81-SV',2715,,214807,35,0,9,1
