'25N-H56N100F-80-F1-E',3501,64100,4,'',1,7100,4,'',1,3100,4,'',1,7000,4,'',1,3000,4,'',1,7100,4,'',1,3100,4,'',1,57800,4,'',1,3100,4,'',1,6900,4,'',2,2700,4,'',1,7100,4,'',1,2700,4,'',1,7100,4,'',2
'25N-H56N100F-80-F1-NE',3501,102200,4,'',1,3300,4,'',1,6800,4,'',1,3000,4,'',1,7100,4,'',2,3000,4,'',1,7000,4,'',1,3000,4,'',1,7000,4,'',2,3000,4,'',1,39600,4,'',1,7200,4,'',1,3100,4,'',1,6800,4,'',2,2800,4,'',1,6800,4,'',1,2900,4,'',1,6900,4,'',1,3000,4,'',1,7000,4,'',1
'25N-H56N200F-80-F2-E',3501,64100,4,'',1,7100,4,'',1,3100,4,'',1,7000,4,'',1,3000,4,'',1,7100,4,'',1,3100,4,'',1,57800,4,'',1,3100,4,'',1,6900,4,'',2,2700,4,'',1,7100,4,'',1,2700,4,'',1,7100,4,'',2
'25N-H56N200F-80-F2-NE',3501,102200,4,'',1,3300,4,'',1,6800,4,'',1,3000,4,'',1,7100,4,'',2,3000,4,'',1,7000,4,'',1,3000,4,'',1,7000,4,'',2,3000,4,'',1,39600,4,'',1,7200,4,'',1,3100,4,'',1,6800,4,'',2,2800,4,'',1,6800,4,'',1,2900,4,'',1,6900,4,'',1,3000,4,'',1,7000,4,'',1
'25N-H56N300F-80-F3-E',3501,64100,4,'',1,7100,4,'',1,3100,4,'',1,7000,4,'',1,3000,4,'',1,7100,4,'',1,3100,4,'',1,57800,4,'',1,3100,4,'',1,6900,4,'',2,2700,4,'',1,7100,4,'',1,2700,4,'',1,7100,4,'',2
'25N-H56N300F-80-F3-NE',3501,102200,4,'',1,3300,4,'',1,6800,4,'',1,3000,4,'',1,7100,4,'',2,3000,4,'',1,7000,4,'',1,3000,4,'',1,7000,4,'',2,3000,4,'',1,39600,4,'',1,7200,4,'',1,3100,4,'',1,6800,4,'',2,2800,4,'',1,6800,4,'',1,2900,4,'',1,6900,4,'',1,3000,4,'',1,7000,4,'',1
'25N-H56N400F-80-F4-E',3501,64100,4,'',1,7100,4,'',1,3100,4,'',1,7000,4,'',1,3000,4,'',1,7100,4,'',1,3100,4,'',1,57800,4,'',1,3100,4,'',1,6900,4,'',2,2700,4,'',1,7100,4,'',1,2700,4,'',1,7100,4,'',2
'25N-H56N400F-80-F4-NE',3501,102200,4,'',1,3300,4,'',1,6800,4,'',1,3000,4,'',1,7100,4,'',2,3000,4,'',1,7000,4,'',1,3000,4,'',1,7000,4,'',2,3000,4,'',1,39600,4,'',1,7200,4,'',1,3100,4,'',1,6800,4,'',2,2800,4,'',1,6800,4,'',1,2900,4,'',1,6900,4,'',1,3000,4,'',1,7000,4,'',1
'25N-H56NV10A-80-A-E',3501,64200,4,'',2,7000,4,'',1,3100,4,'',1,7100,4,'',2,3100,4,'',2,7200,4,'',1,3200,4,'',1,58100,4,'',1,7200,4,'',1,3100,4,'',1,7000,4,'',1,3100,4,'',1,7100,4,'',1,2800,4,'',1,48600,4,'',1
'25N-H56NV10A-80-A-NE',3501,102100,4,'',1,3500,4,'',1,6800,4,'',1,2900,4,'',1,7300,4,'',1,3100,4,'',1,7000,4,'',1,3000,4,'',1,7000,4,'',1,3100,4,'',1,44400,4,'',1,3000,4,'',1,6800,4,'',1,2600,4,'',1,2900,4,'',1,6800,4,'',1,2800,4,'',1,7000,4,'',1,2900,4,'',1
'25N-H56NV10I-80-I-E',3501,64100,4,'',1,7100,4,'',1,3100,4,'',1,7000,4,'',1,3000,4,'',1,7100,4,'',1,3100,4,'',1,57800,4,'',1,3100,4,'',1,6900,4,'',2,2700,4,'',1,7100,4,'',1,2700,4,'',1,7100,4,'',2
'25N-H56NV10I-80-I-NE',3501,102200,4,'',1,3300,4,'',1,6800,4,'',1,3000,4,'',1,7100,4,'',2,3000,4,'',1,7000,4,'',1,3000,4,'',1,7000,4,'',2,3000,4,'',1,39600,4,'',1,7200,4,'',1,3100,4,'',1,6800,4,'',2,2800,4,'',1,6800,4,'',1,2900,4,'',1,6900,4,'',1,3000,4,'',1,7000,4,'',1
'25N-H56NV10S-80-S-E',3501,70400,4,'',1,1700,4,'',1,2000,4,'',1,6000,4,'',2,1700,4,'',2,2000,4,'',2,1700,4,'',1,5700,4,'',1,1900,4,'',1,1900,4,'',1,5900,4,'',2,51100,4,'',1,2600,4,'',1,6600,4,'',1,2900,4,'',1,6600,4,'',2,2300,4,'',1,2300,4,'',1,6500,4,'',1,2200,4,'',1,6200,4,'',2,43400,4,'',1
'25N-H56NV10S-80-S-NE',3501,103200,4,'',2,2400,4,'',2,7000,4,'',1,2900,4,'',1,6800,4,'',2,2800,4,'',2,6900,4,'',1,3200,4,'',1,6900,4,'',1,3000,4,'',2,47500,4,'',2,2500,4,'',1,6700,4,'',2,2500,4,'',1,6300,4,'',2,2900,4,'',1,7000,4,'',1,3100,4,'',2,7000,4,'',2
'25N-H56NV20A-80-A-E',3501,64200,4,'',2,7000,4,'',1,3100,4,'',1,7100,4,'',2,3100,4,'',2,7200,4,'',1,3200,4,'',1,58100,4,'',1,7200,4,'',1,3100,4,'',1,7000,4,'',1,3100,4,'',1,7100,4,'',1,2800,4,'',1,48600,4,'',1
'25N-H56NV20A-80-A-NE',3501,102100,4,'',1,3500,4,'',1,6800,4,'',1,2900,4,'',1,7300,4,'',1,3100,4,'',1,7000,4,'',1,3000,4,'',1,7000,4,'',1,3100,4,'',1,44400,4,'',1,3000,4,'',1,6800,4,'',1,2600,4,'',1,2900,4,'',1,6800,4,'',1,2800,4,'',1,7000,4,'',1,2900,4,'',1
'25N-H56NV20I-80-I-E',3501,64100,4,'',1,7100,4,'',1,3100,4,'',1,7000,4,'',1,3000,4,'',1,7100,4,'',1,3100,4,'',1,57800,4,'',1,3100,4,'',1,6900,4,'',2,2700,4,'',1,7100,4,'',1,2700,4,'',1,7100,4,'',2
'25N-H56NV20I-80-I-NE',3501,102200,4,'',1,3300,4,'',1,6800,4,'',1,3000,4,'',1,7100,4,'',2,3000,4,'',1,7000,4,'',1,3000,4,'',1,7000,4,'',2,3000,4,'',1,39600,4,'',1,7200,4,'',1,3100,4,'',1,6800,4,'',2,2800,4,'',1,6800,4,'',1,2900,4,'',1,6900,4,'',1,3000,4,'',1,7000,4,'',1
'25N-H56NV20S-80-S-E',3501,70400,4,'',1,1700,4,'',1,2000,4,'',1,6000,4,'',2,1700,4,'',2,2000,4,'',2,1700,4,'',1,5700,4,'',1,1900,4,'',1,1900,4,'',1,5900,4,'',2,51100,4,'',1,2600,4,'',1,6600,4,'',1,2900,4,'',1,6600,4,'',2,2300,4,'',1,2300,4,'',1,6500,4,'',1,2200,4,'',1,6200,4,'',2,43400,4,'',1
'25N-H56NV20S-80-S-NE',3501,103200,4,'',2,2400,4,'',2,7000,4,'',1,2900,4,'',1,6800,4,'',2,2800,4,'',2,6900,4,'',1,3200,4,'',1,6900,4,'',1,3000,4,'',2,47500,4,'',2,2500,4,'',1,6700,4,'',2,2500,4,'',1,6300,4,'',2,2900,4,'',1,7000,4,'',1,3100,4,'',2,7000,4,'',2
'25N-H59N100F-80-F1-E',16803,62600,4,'',2,3100,4,'',1,7000,4,'',2,2900,4,'',2,7000,4,'',1,3000,4,'',2,7000,4,'',2,60300,4,'',2,2800,4,'',1,7100,4,'',2,2900,4,'',2,7100,4,'',1,3100,4,'',2,6900,4,'',2,49700,4,'',1,3100,4,'',2,7200,4,'',2,7200,4,'',1
'25N-H59N100F-80-F1-NE',16803,95700,4,'',1,6800,4,'',2,3200,4,'',2,7000,4,'',1,3000,4,'',2,7300,4,'',2,2900,4,'',1,7000,4,'',2,2900,4,'',2,7000,4,'',1,3100,4,'',2,39900,4,'',1,6700,4,'',2,3100,4,'',2,7000,4,'',1,3000,4,'',2,7000,4,'',2,3000,4,'',1,6800,4,'',2,3000,4,'',2
'25N-H59N200F-81-F2-E',16803,62600,4,'',2,3100,4,'',1,7000,4,'',2,2900,4,'',2,7000,4,'',1,3000,4,'',2,7000,4,'',2,60300,4,'',2,2800,4,'',1,7100,4,'',2,2900,4,'',2,7100,4,'',1,3100,4,'',2,6900,4,'',2,49700,4,'',1,3100,4,'',2,7200,4,'',2,7200,4,'',1
'25N-H59N200F-81-F2-NE',16803,95700,4,'',1,6800,4,'',2,3200,4,'',2,7000,4,'',1,3000,4,'',2,7300,4,'',2,2900,4,'',1,7000,4,'',2,2900,4,'',2,7000,4,'',1,3100,4,'',2,39900,4,'',1,6700,4,'',2,3100,4,'',2,7000,4,'',1,3000,4,'',2,7000,4,'',2,3000,4,'',1,6800,4,'',2,3000,4,'',2
'25N-H59N300F-80-F3-E',16803,62600,4,'',2,3100,4,'',1,7000,4,'',2,2900,4,'',2,7000,4,'',1,3000,4,'',2,7000,4,'',2,60300,4,'',2,2800,4,'',1,7100,4,'',2,2900,4,'',2,7100,4,'',1,3100,4,'',2,6900,4,'',2,49700,4,'',1,3100,4,'',2,7200,4,'',2,7200,4,'',1
'25N-H59N300F-80-F3-NE',16803,95700,4,'',1,6800,4,'',2,3200,4,'',2,7000,4,'',1,3000,4,'',2,7300,4,'',2,2900,4,'',1,7000,4,'',2,2900,4,'',2,7000,4,'',1,3100,4,'',2,39900,4,'',1,6700,4,'',2,3100,4,'',2,7000,4,'',1,3000,4,'',2,7000,4,'',2,3000,4,'',1,6800,4,'',2,3000,4,'',2
'25N-H59N400F-80-F4-E',16803,62600,4,'',2,3100,4,'',1,7000,4,'',2,2900,4,'',2,7000,4,'',1,3000,4,'',2,7000,4,'',2,60300,4,'',2,2800,4,'',1,7100,4,'',2,2900,4,'',2,7100,4,'',1,3100,4,'',2,6900,4,'',2,49700,4,'',1,3100,4,'',2,7200,4,'',2,7200,4,'',1
'25N-H59N400F-80-F4-NE',16803,95700,4,'',1,6800,4,'',2,3200,4,'',2,7000,4,'',1,3000,4,'',2,7300,4,'',2,2900,4,'',1,7000,4,'',2,2900,4,'',2,7000,4,'',1,3100,4,'',2,39900,4,'',1,6700,4,'',2,3100,4,'',2,7000,4,'',1,3000,4,'',2,7000,4,'',2,3000,4,'',1,6800,4,'',2,3000,4,'',2
'25N-H59NV10A-80-A-E',16803,62600,4,'',1,3100,4,'',2,7000,4,'',2,2900,4,'',1,7200,4,'',2,3000,4,'',2,7000,4,'',1,60200,4,'',1,2900,4,'',2,7000,4,'',2,2900,4,'',1,7000,4,'',2,7200,4,'',2,3000,4,'',1,49600,4,'',2,3100,4,'',2,7000,4,'',1,3100,4,'',2,7300,4,'',1
'25N-H59NV10A-80-A-NE',16803,95900,4,'',2,6900,4,'',2,7200,4,'',1,3000,4,'',2,2800,4,'',2,7200,4,'',1,7000,4,'',2,3000,4,'',2,2800,4,'',1,7200,4,'',2,7000,4,'',2,35800,4,'',2,6800,4,'',2,3200,4,'',1,7100,4,'',2,7100,4,'',2,3000,4,'',1,2500,4,'',2,7100,4,'',2,3000,4,'',1
'25N-H59NV10I-80-I-E',16803,62600,4,'',2,3100,4,'',1,7000,4,'',2,2900,4,'',2,7000,4,'',1,3000,4,'',2,7000,4,'',2,60300,4,'',2,2800,4,'',1,7100,4,'',2,2900,4,'',2,7100,4,'',1,3100,4,'',2,6900,4,'',2,49700,4,'',1,3100,4,'',2,7200,4,'',2,7200,4,'',1
'25N-H59NV10I-80-I-NE',16803,95700,4,'',1,6800,4,'',2,3200,4,'',2,7000,4,'',1,3000,4,'',2,7300,4,'',2,2900,4,'',1,7000,4,'',2,2900,4,'',2,7000,4,'',1,3100,4,'',2,39900,4,'',1,6700,4,'',2,3100,4,'',2,7000,4,'',1,3000,4,'',2,7000,4,'',2,3000,4,'',1,6800,4,'',2,3000,4,'',2
'25N-H59NV10S-84-S-E',16803,64300,4,'',1,7000,4,'',1,2100,4,'',2,2100,4,'',2,5900,4,'',1,2300,4,'',2,2100,4,'',1,6300,4,'',2,59400,4,'',2,3000,4,'',1,7200,4,'',1,3400,4,'',2,7300,4,'',1,3000,4,'',1,7000,4,'',2,49600,4,'',1,3300,4,'',1,7300,4,'',2,3200,4,'',1
'25N-H59NV10S-84-S-NE',16803,53300,4,'',1,7700,4,'',2,33800,4,'',1,7200,4,'',1,3100,4,'',2,7000,4,'',1,2900,4,'',1,6900,4,'',2,2900,4,'',1,6900,4,'',1,3000,4,'',2,6900,4,'',1,3000,4,'',1,40400,4,'',1,7000,4,'',1,3100,4,'',2,7000,4,'',1,3100,4,'',1,6900,4,'',2,2700,4,'',1,6900,4,'',1,3100,4,'',2
'25N-H59NV20I-80-I-E',16803,62600,4,'',2,3100,4,'',1,7000,4,'',2,2900,4,'',2,7000,4,'',1,3000,4,'',2,7000,4,'',2,60300,4,'',2,2800,4,'',1,7100,4,'',2,2900,4,'',2,7100,4,'',1,3100,4,'',2,6900,4,'',2,49700,4,'',1,3100,4,'',2,7200,4,'',2,7200,4,'',1
'25N-H59NV20I-80-I-NE',16803,95700,4,'',1,6800,4,'',2,3200,4,'',2,7000,4,'',1,3000,4,'',2,7300,4,'',2,2900,4,'',1,7000,4,'',2,2900,4,'',2,7000,4,'',1,3100,4,'',2,39900,4,'',1,6700,4,'',2,3100,4,'',2,7000,4,'',1,3000,4,'',2,7000,4,'',2,3000,4,'',1,6800,4,'',2,3000,4,'',2
'25N-H59NV20S-80-S-E',16803,64300,4,'',1,7000,4,'',1,2100,4,'',2,2100,4,'',2,5900,4,'',1,2300,4,'',2,2100,4,'',1,6300,4,'',2,59400,4,'',2,3000,4,'',1,7200,4,'',1,3400,4,'',2,7300,4,'',1,3000,4,'',1,7000,4,'',2,49600,4,'',1,3300,4,'',1,7300,4,'',2,3200,4,'',1
'25N-H59NV20S-80-S-NE',16803,53300,4,'',1,7700,4,'',2,33800,4,'',1,7200,4,'',1,3100,4,'',2,7000,4,'',1,2900,4,'',1,6900,4,'',2,2900,4,'',1,6900,4,'',1,3000,4,'',2,6900,4,'',1,3000,4,'',1,40400,4,'',1,7000,4,'',1,3100,4,'',2,7000,4,'',1,3100,4,'',1,6900,4,'',2,2700,4,'',1,6900,4,'',1,3100,4,'',2
'25N-H59VN20A-80-A-E',16803,62600,4,'',1,3100,4,'',2,7000,4,'',2,2900,4,'',1,7200,4,'',2,3000,4,'',2,7000,4,'',1,60200,4,'',1,2900,4,'',2,7000,4,'',2,2900,4,'',1,7000,4,'',2,7200,4,'',2,3000,4,'',1,49600,4,'',2,3100,4,'',2,7000,4,'',1,3100,4,'',2,7300,4,'',1
'25N-H59VN20A-80-A-NE',16803,95900,4,'',2,6900,4,'',2,7200,4,'',1,3000,4,'',2,2800,4,'',2,7200,4,'',1,7000,4,'',2,3000,4,'',2,2800,4,'',1,7200,4,'',2,7000,4,'',2,35800,4,'',2,6800,4,'',2,3200,4,'',1,7100,4,'',2,7100,4,'',2,3000,4,'',1,2500,4,'',2,7100,4,'',2,3000,4,'',1
'25N-H59NV10S-84-S-E',87203,70000,4,'',1,3100,4,'',1,7600,4,'',1,2900,4,'',1,6900,4,'',1,2800,4,'',1
'25N-H59NV20S-80-S-E',87203,70000,4,'',1,3100,4,'',1,7600,4,'',1,2900,4,'',1,6900,4,'',1,2800,4,'',1
