9201,'H50M000S-81-S',819,,192746,34,0,5,2
9201,'H51M000A-80-A',608,,192782,34,0,5,2,31,,192748,34,0,5,1,70,,192770,34,0,5,2,31,,192759,34,0,5,1,70,,192749,34,0,5,1,30,,192771,34,0,5,2,70,,192760,34,0,5,1,33,,192750,34,0,5,1,70,,192772,34,0,5,2,32,,192761,34,0,5,1,75,,192751,34,0,5,1,32,,192773,34,0,5,2,73,,192762,34,0,5,1,33,,192752,34,0,5,1,75,,192774,34,0,5,2,73,,192763,34,0,5,1,29,,192783,34,0,5,2,68,,192753,34,0,5,1,28,,192775,34,0,5,2,26,,192764,34,0,5,1,63,,192784,34,0,5,2,29,,192754,34,0,5,1,73,,192776,34,0,5,2,33,,192765,34,0,5,1,71,,192755,34,0,5,1,29,,192777,34,0,5,2,72,,192766,34,0,5,1,31,,192756,34,0,5,1,70,,192778,34,0,5,2,72,,192767,34,0,5,1,31,,192757,34,0,5,1,72,,192779,34,0,5,2,32,,192768,34,0,5,1,70,,192758,34,0,5,1,30,,192780,34,0,5,2,70,,192769,34,0,5,1,28,,192747,34,0,5,1,70,,192781,34,0,5,2
9201,'H51M000I-80-I',616,,192796,34,0,5,1,24,,192798,34,0,5,2,69,,192785,34,0,5,1,29,,192804,34,0,5,1,68,,192799,34,0,5,2,28,,192786,34,0,5,1,71,,192805,34,0,5,1,32,,192800,34,0,5,2,73,,192787,34,0,5,1,31,,192806,34,0,5,1,72,,192801,34,0,5,2,32,,192788,34,0,5,1,72,,192807,34,0,5,1,32,,192802,34,0,5,2,75,,192789,34,0,5,1,34,,192808,34,0,5,1,73,,192803,34,0,5,2,73,,192790,34,0,5,1,34,,192809,34,0,5,1,73,,192816,34,0,5,2,32,,192791,34,0,5,1,70,,192810,34,0,5,1,32,,192817,34,0,5,2,72,,192792,34,0,5,1,32,,192811,34,0,5,1,71,,192818,34,0,5,2,29,,192793,34,0,5,1,72,,192812,34,0,5,1,32,,192819,34,0,5,2,69,,192794,34,0,5,1,32,,192813,34,0,5,1,72,,192820,34,0,5,2,31,,192795,34,0,5,1,72,,192814,34,0,5,1,30,,192821,34,0,5,2,69,,192797,34,0,5,1,28,,192815,34,0,5,1
9201,'H51M000S-80-S',614,,192828,34,0,5,1,27,,192840,34,0,5,1,71,,192846,34,0,5,1,21,,192853,34,0,5,1,24,,192829,34,0,5,1,85,,192855,34,0,5,2,62,,192847,34,0,5,1,20,,192827,34,0,5,1,21,,192830,34,0,5,1,64,,192841,34,0,5,2,28,,192856,34,0,5,2,68,,192848,34,0,5,1,28,,192831,34,0,5,1,69,,192842,34,0,5,2,28,,192857,34,0,5,2,28,,192849,34,0,5,1,68,,192832,34,0,5,1,29,,192843,34,0,5,2,69,,192858,34,0,5,2,28,,192850,34,0,5,1,67,,192833,34,0,5,1,29,,192844,34,0,5,2,60,,192861,34,0,5,2,17,,192859,34,0,5,2,16,,192864,34,0,5,2,16,,192851,34,0,5,1,56,,192834,34,0,5,1,16,,192854,34,0,5,1,15,,192865,34,0,5,2,15,,192845,34,0,5,2,51,,192862,34,0,5,2,13,,192860,34,0,5,2,14,,192822,34,0,5,1,15,,192852,34,0,5,1,56,,192835,34,0,5,1,20,,192866,34,0,5,2,21,,192863,34,0,5,2,62,,192823,34,0,5,1,26,,192836,34,0,5,1,69,,192867,34,0,5,2,29,,192824,34,0,5,1,70,,192837,34,0,5,1,30,,192868,34,0,5,2,70,,192825,34,0,5,1,30,,192838,34,0,5,1,68,,192869,34,0,5,2,28,,192826,34,0,5,1,70,,192839,34,0,5,1
9301,'H50M000A-81-A',519,,193002,7,0,5,2,31,,193013,7,0,5,1,70,,193041,7,0,5,2,30,,193014,7,0,5,1,70,,193033,7,0,5,1,31,,193015,7,0,5,1,69,,193034,7,0,5,1,29,,193016,7,0,5,1,70,,193035,7,0,5,1,30,,193017,7,0,5,1,70,,193036,7,0,5,1,32,,193018,7,0,5,1,71,,193037,7,0,5,1,31,,193019,7,0,5,1,71,,193038,7,0,5,1,31,,193020,7,0,5,1,73,,193039,7,0,5,1,75,,193021,7,0,5,1,32,,193040,7,0,5,1,66,,193022,7,0,5,1,33,,193003,7,0,5,1,73,,193023,7,0,5,1,33,,193004,7,0,5,1,73,,193024,7,0,5,1,29,,193005,7,0,5,1,71,,193025,7,0,5,1,28,,193006,7,0,5,1,70,,193026,7,0,5,1,28,,193007,7,0,5,1,69,,193027,7,0,5,1,29,,193008,7,0,5,1,70,,193028,7,0,5,1,29,,193009,7,0,5,1,68,,193029,7,0,5,1,28,,193010,7,0,5,1,69,,193030,7,0,5,1,30,,193011,7,0,5,1,70,,193031,7,0,5,1,30,,193012,7,0,5,1,70,,193032,7,0,5,1
9301,'H50M000I-81-I',539,,193042,7,0,5,2,70,,193044,7,0,5,1,30,,193043,7,0,5,2,70,,193045,7,0,5,1,30,,193064,7,0,5,1,70,,193046,7,0,5,1,31,,193065,7,0,5,1,70,,193047,7,0,5,1,32,,193066,7,0,5,1,70,,193048,7,0,5,1,30,,193067,7,0,5,1,70,,193049,7,0,5,1,30,,193068,7,0,5,1,70,,193050,7,0,5,1,31,,193069,7,0,5,1,70,,193051,7,0,5,1,30,,193070,7,0,5,1,70,,193052,7,0,5,1,30,,193071,7,0,5,1,70,,193053,7,0,5,1,32,,193072,7,0,5,1,69,,193054,7,0,5,1,32,,193073,7,0,5,1,69,,193055,7,0,5,1,31,,193074,7,0,5,1,70,,193056,7,0,5,1,28,,193075,7,0,5,1,70,,193057,7,0,5,1,29,,193076,7,0,5,1,70,,193058,7,0,5,1,30,,193077,7,0,5,1,70,,193059,7,0,5,1,30,,193078,7,0,5,1,70,,193060,7,0,5,1,30,,193079,7,0,5,1,69,,193061,7,0,5,1,30,,193080,7,0,5,1,70,,193062,7,0,5,1,29,,193081,7,0,5,1,69,,193063,7,0,5,1
9301,'H50M000S-81-S',520,,193110,7,0,5,1,30,,193082,7,0,5,1,70,,193111,7,0,5,1,31,,193083,7,0,5,1,71,,193112,7,0,5,1,30,,193084,7,0,5,1,69,,193113,7,0,5,1,30,,193085,7,0,5,1,70,,193114,7,0,5,1,31,,193086,7,0,5,1,69,,193115,7,0,5,1,30,,193087,7,0,5,1,70,,193116,7,0,5,1,30,,193088,7,0,5,1,72,,193117,7,0,5,1,28,,193089,7,0,5,1,75,,193118,7,0,5,1,32,,193090,7,0,5,1,73,,193119,7,0,5,1,72,,193091,7,0,5,1,29,,193099,7,0,5,1,72,,193120,7,0,5,1,32,,193101,7,0,5,2,72,,193100,7,0,5,1,32,,193121,7,0,5,1,73,,193102,7,0,5,2,32,,193092,7,0,5,1,72,,193103,7,0,5,2,29,,193093,7,0,5,1,69,,193104,7,0,5,2,30,,193094,7,0,5,1,70,,193105,7,0,5,2,29,,193095,7,0,5,1,70,,193106,7,0,5,2,29,,193096,7,0,5,1,67,,193107,7,0,5,2,28,,193097,7,0,5,1,67,,193108,7,0,5,2,27,,193098,7,0,5,1,27,,193109,7,0,5,2
37201,'H54M000A-80-A',2532,,214883,28,0,5,1,85,,214885,28,0,5,1,84,,214886,28,0,5,1,50,,214884,28,0,5,1,85,,214887,28,0,5,1,84,,214882,28,0,6 7,2
37201,'H54M000I-81-I',2534,,214890,28,0,5,1,87,,214888,28,0,5,1,86,,214893,28,0,5,1,46,,214889,28,0,5,1,85,,214892,28,0,5,1,85,,214891,28,0,6 7,1
37201,'H54M000S-81-S',2534,,214894,28,0,5,2,75,,214897,28,0,5,1,38,,214900,28,0,5,1,80,,214895,28,0,5,1,80,,214896,28,0,5,2,41,,214899,28,0,5,1,85,,214898,28,0,6 7,1
