10401,'H50M000S-81-S',713,,195256,15,0,5,1,42,,195255,15,0,5,1
10401,'H56M000A-80-A',633,,195257,15,0,5,2,74,,195263,15,0,5,2,18,,195261,15,0,5,1,75,,195258,15,0,5,2,35,,195264,15,0,5,2,21,,195262,15,0,5,1,76,,195259,15,0,5,2,81,,195265,15,0,5,2,28,,195283,15,0,5,1,72,,195275,15,0,5,2,41,,195266,15,0,5,2,69,,195284,15,0,5,1,77,,195276,15,0,5,2,38,,195267,15,0,5,2,69,,195285,15,0,5,1,37,,195277,15,0,5,2,78,,195268,15,0,5,2,29,,195286,15,0,5,1,77,,195278,15,0,5,2,78,,195269,15,0,5,2,31,,195287,15,0,5,1,72,,195279,15,0,5,2,39,,195270,15,0,5,2,70,,195288,15,0,5,1,31,,195280,15,0,5,2,73,,195271,15,0,5,2,29,,195289,15,0,5,1,70,,195281,15,0,5,2,33,,195272,15,0,5,2,68,,195290,15,0,5,1,29,,195282,15,0,5,2,71,,195273,15,0,5,2,30,,195291,15,0,5,1,68,,195260,15,0,5,2,28,,195274,15,0,5,2,69,,195292,15,0,5,1
10401,'H56M000I-80-I',647,,195322,15,0,5,1,70,,195297,15,0,5,2,41,,195323,15,0,5,2,76,,195293,15,0,5,1,14,,195298,15,0,5,2,80,,195324,15,0,5,2,84,,195294,15,0,5,1,38,,195318,15,0,5,1,55,,195325,15,0,5,2,43,,195295,15,0,5,1,83,,195319,15,0,5,1,80,,195299,15,0,5,2,16,,195296,15,0,5,1,85,,195320,15,0,5,1,41,,195300,15,0,5,2,82,,195312,15,0,5,1,19,,195321,15,0,5,1,81,,195301,15,0,5,2,82,,195313,15,0,5,1,40,,195307,15,0,5,2,56,,195302,15,0,5,2,38,,195314,15,0,5,1,83,,195308,15,0,5,2,73,,195303,15,0,5,2,18,,195315,15,0,5,1,77,,195309,15,0,5,2,32,,195304,15,0,5,2,72,,195316,15,0,5,1,33,,195310,15,0,5,2,72,,195305,15,0,5,2,33,,195317,15,0,5,1,73,,195311,15,0,5,2,32,,195306,15,0,5,2
10401,'H56M000S-80-S',626,,195329,15,0,5,1,25,,195362,15,0,5,1,50,,195330,15,0,5,2,18,,195338,15,0,5,2,6,,195339,15,0,5,2,6,,195335,15,0,5,1,6,,195340,15,0,5,2,6,,195361,15,0,5,1,6,,195337,15,0,5,1,70,,195354,15,0,5,1,13,,195336,15,0,5,2,105,,195347,15,0,5,1,76,,195355,15,0,5,1,35,,195351,15,0,5,1,76,,195348,15,0,5,1,76,,195356,15,0,5,1,36,,195352,15,0,5,1,76,,195349,15,0,5,1,39,,195357,15,0,5,1,77,,195353,15,0,5,1,79,,195350,15,0,5,1,42,,195358,15,0,5,1,77,,195359,15,0,5,1,76,,195334,15,0,5,1,41,,195363,15,0,5,1,79,,195343,15,0,5,1,79,,195360,15,0,5,1,33,,195364,15,0,5,1,75,,195344,15,0,5,1,30,,195345,15,0,5,2,72,,195331,15,0,5,1,33,,195326,15,0,5,2,70,,195346,15,0,5,2,31,,195332,15,0,5,1,69,,195327,15,0,5,2,29,,195341,15,0,5,1,69,,195333,15,0,5,1,27,,195328,15,0,5,2,66,,195342,15,0,5,1
10401,'H57M000S-80-S',901,,195365,15,0,5,2
13801,'H50M000S-81-S',739,,201004,15,0,5,1
13801,'H56M000A-80-A',611,,201005,15,0,5,1,40,,201009,15,0,5,1,81,,201006,15,0,5,1,85,,201010,15,0,5,1,83,,201007,15,0,5,1,45,,201011,15,0,5,1,87,,201008,15,0,5,1,89,,201012,15,0,5,1,89,,201018,15,0,5,1,48,,201013,15,0,5,1,91,,201019,15,0,5,1,88,,201014,15,0,5,1,90,,201020,15,0,5,1,90,,201015,15,0,5,1,90,,201021,15,0,5,1,48,,201016,15,0,5,1,86,,201022,15,0,5,1,86,,201017,15,0,5,1,86,,201023,15,0,5,1
13801,'H56M000I-80-I',620,,201027,15,0,5,1,38,,201024,15,0,5,1,79,,201028,15,0,5,1,81,,201029,15,0,5,1,84,,201042,15,0,5,1,47,,201030,15,0,5,1,82,,201043,15,0,5,1,88,,201031,15,0,5,1,89,,201025,15,0,5,1,43,,201032,15,0,5,1,91,,201026,15,0,5,1,88,,201033,15,0,5,1,89,,201038,15,0,5,1,87,,201034,15,0,5,1,48,,201039,15,0,5,1,86,,201035,15,0,5,1,89,,201040,15,0,5,1,85,,201036,15,0,5,1,45,,201041,15,0,5,1,84,,201037,15,0,5,1
13801,'H56M000S-80-S',600,,201045,15,0,5,1,41,,201044,15,0,5,1,67,,201057,15,0,5,1,98,,201046,15,0,5,1,39,,201058,15,0,5,1,76,,201068,15,0,5,1,33,,201047,15,0,5,1,75,,201059,15,0,5,1,76,,201069,15,0,5,1,36,,201048,15,0,5,1,76,,201060,15,0,5,1,37,,201070,15,0,5,1,77,,201049,15,0,5,1,78,,201061,15,0,5,1,36,,201071,15,0,5,1,77,,201050,15,0,5,1,81,,201062,15,0,5,1,42,,201072,15,0,5,1,78,,201051,15,0,5,1,80,,201063,15,0,5,1,39,,201073,15,0,5,1,75,,201052,15,0,5,1,34,,201064,15,0,5,1,73,,201074,15,0,5,1,30,,201053,15,0,5,1,72,,201065,15,0,5,1,32,,201075,15,0,5,1,70,,201054,15,0,5,1,31,,201066,15,0,5,1,70,,201076,15,0,5,1,28,,201055,15,0,5,1,68,,201067,15,0,5,1,27,,201077,15,0,5,1,65,,201056,15,0,5,1
42001,'H56M000S-80-S',623,,215326,5,0,5,1,25,,215330,5,0,5,2,64,,215334,5,0,5,2,22,,215337,5,0,5,2,22,,215327,5,0,5,1,63,,215331,5,0,5,2,24,,215338,5,0,5,2,70,,215335,5,0,5,2,31,,215328,5,0,5,1,72,,215332,5,0,5,2,33,,215336,5,0,5,2,72,,215329,5,0,5,1,29,,215333,5,0,5,2,68,,215339,5,0,5,2
