5503,'H51M000S-80-S',821,,187089,23,0,8,2
5503,'H57M000S-80-S',1418,,187092,23,0,8,1,141,,187091,23,0,8,2,60,,187090,23,0,8,1,29,,187093,23,0,8,1
5503,'H58M000A-80-A',518,,187100,23,0,8,1,28,,187113,23,0,8,1,70,,187109,23,0,8,2,30,,187115,23,0,8,1,70,,187101,23,0,8,1,33,,187095,23,0,8,1,70,,187118,23,0,8,1,32,,187123,23,0,8,1,73,,187102,23,0,8,1,31,,187096,23,0,8,1,72,,187119,23,0,8,1,31,,187124,23,0,8,1,62,,187141,23,0,8,1,14,,187103,23,0,8,1,13,,187145,23,0,8,1,53,,187110,23,0,8,1,16,,187097,23,0,8,1,14,,187148,23,0,8,1,13,,187131,23,0,8,1,13,,187134,23,0,8,1,51,,187152,23,0,8,2,10,,187125,23,0,8,1,11,,187138,23,0,8,1,9,,187157,23,0,8,1,9,,187142,23,0,8,1,8,,187160,23,0,8,1,48,,187104,23,0,8,1,9,,187146,23,0,8,1,9,,187111,23,0,8,1,8,,187165,23,0,8,1,8,,187128,23,0,8,1,8,,187098,23,0,8,1,8,,187149,23,0,8,1,49,,187122,23,0,8,1,8,,187167,23,0,8,1,8,,187132,23,0,8,1,8,,187135,23,0,8,1,9,,187153,23,0,8,2,9,,187126,23,0,8,1,9,,187139,23,0,8,1,7,,187147,23,0,8,1,48,,187162,23,0,8,1,8,,187158,23,0,8,1,8,,187161,23,0,8,1,9,,187105,23,0,8,1,8,,187112,23,0,8,1,7,,187171,23,0,8,2,7,,187166,23,0,8,1,47,,187129,23,0,8,1,8,,187099,23,0,8,1,7,,187173,23,0,8,2,6,,187150,23,0,8,1,6,,187174,23,0,8,1,6,,187168,23,0,8,1,6,,187133,23,0,8,1,6,,187127,23,0,8,1,6,,187136,23,0,8,1,6,,187154,23,0,8,2,46,,187175,23,0,8,1,7,,187140,23,0,8,1,8,,187179,23,0,8,1,8,,187163,23,0,8,1,8,,187181,23,0,8,2,9,,187159,23,0,8,1,10,,187116,23,0,8,1,49,,187106,23,0,8,1,8,,187172,23,0,8,2,8,,187107,23,0,8,1,9,,187130,23,0,8,1,9,,187151,23,0,8,1,9,,187094,23,0,8,1,10,,187169,23,0,8,1,50,,187137,23,0,8,1,8,,187176,23,0,8,1,10,,187155,23,0,8,1,11,,187180,23,0,8,1,12,,187182,23,0,8,2,12,,187117,23,0,8,1,52,,187164,23,0,8,1,12,,187143,23,0,8,1,13,,187108,23,0,8,1,13,,187177,23,0,8,1,52,,187170,23,0,8,1,12,,187184,23,0,8,2,14,,187156,23,0,8,1,14,,187120,23,0,8,1,14,,187183,23,0,8,2,53,,187114,23,0,8,1,14,,187186,23,0,8,1,14,,187144,23,0,8,1,18,,187178,23,0,8,1,61,,187185,23,0,8,2,26,,187121,23,0,8,1
5503,'H58M000I-80-I',521,,187188,23,0,8,1,32,,187209,23,0,8,1,72,,187202,23,0,8,1,32,,187215,23,0,8,1,70,,187189,23,0,8,1,29,,187210,23,0,8,1,67,,187203,23,0,8,1,28,,187197,23,0,8,1,70,,187190,23,0,8,1,30,,187211,23,0,8,1,70,,187204,23,0,8,1,21,,187226,23,0,8,1,64,,187198,23,0,8,1,23,,187191,23,0,8,1,18,,187194,23,0,8,1,57,,187212,23,0,8,1,17,,187233,23,0,8,1,17,,187221,23,0,8,1,14,,187224,23,0,8,2,53,,187227,23,0,8,1,13,,187199,23,0,8,1,12,,187237,23,0,8,1,10,,187231,23,0,8,2,10,,187192,23,0,8,1,50,,187240,23,0,8,2,10,,187195,23,0,8,1,10,,187213,23,0,8,1,10,,187245,23,0,8,2,10,,187234,23,0,8,1,10,,187236,23,0,8,2,50,,187222,23,0,8,1,10,,187225,23,0,8,2,10,,187228,23,0,8,1,9,,187232,23,0,8,2,8,,187200,23,0,8,1,8,,187247,23,0,8,2,8,,187238,23,0,8,1,49,,187248,23,0,8,1,8,,187193,23,0,8,1,8,,187241,23,0,8,2,7,,187187,23,0,8,1,8,,187196,23,0,8,1,8,,187219,23,0,8,1,8,,187246,23,0,8,2,8,,187217,23,0,8,1,48,,187235,23,0,8,1,7,,187252,23,0,8,2,7,,187223,23,0,8,1,10,,187256,23,0,8,1,10,,187229,23,0,8,1,8,,187216,23,0,8,1,9,,187201,23,0,8,1,51,,187208,23,0,8,2,9,,187249,23,0,8,1,10,,187214,23,0,8,1,10,,187242,23,0,8,2,12,,187239,23,0,8,1,53,,187220,23,0,8,1,13,,187205,23,0,8,1,19,,187253,23,0,8,2,21,,187230,23,0,8,1,63,,187250,23,0,8,1,25,,187243,23,0,8,2,68,,187206,23,0,8,1,30,,187254,23,0,8,2,69,,187251,23,0,8,1,30,,187244,23,0,8,2,70,,187207,23,0,8,1,29,,187255,23,0,8,2,69,,187218,23,0,8,1
5503,'H58M000S-80-S',524,,187330,23,0,8,1,22,,187257,23,0,8,2,66,,187265,23,0,8,1,29,,187272,23,0,8,2,73,,187277,23,0,8,1,9,,187287,23,0,8,2,14,,187271,23,0,8,1,97,,187266,23,0,8,1,13,,187299,23,0,8,1,53,,187291,23,0,8,1,15,,187278,23,0,8,1,17,,187292,23,0,8,1,20,,187288,23,0,8,1,60,,187306,23,0,8,1,20,,187303,23,0,8,1,20,,187273,23,0,8,1,58,,187300,23,0,8,1,20,,187279,23,0,8,1,20,,187293,23,0,8,1,59,,187289,23,0,8,1,20,,187307,23,0,8,1,18,,187270,23,0,8,1,55,,187304,23,0,8,1,13,,187274,23,0,8,1,13,,187261,23,0,8,1,13,,187301,23,0,8,1,13,,187280,23,0,8,1,53,,187321,23,0,8,1,22,,187294,23,0,8,1,10,,187290,23,0,8,1,11,,187312,23,0,8,2,50,,187308,23,0,8,1,10,,187260,23,0,8,2,10,,187262,23,0,8,1,9,,187267,23,0,8,2,11,,187268,23,0,8,1,9,,187275,23,0,8,1,60,,187302,23,0,8,1,20,,187281,23,0,8,1,9,,187318,23,0,8,1,20,,187269,23,0,8,1,49,,187295,23,0,8,1,10,,187264,23,0,8,1,8,,187313,23,0,8,2,9,,187322,23,0,8,1,7,,187309,23,0,8,1,7,,187329,23,0,8,2,7,,187263,23,0,8,1,48,,187305,23,0,8,1,8,,187282,23,0,8,1,8,,187326,23,0,8,2,9,,187276,23,0,8,1,10,,187316,23,0,8,1,9,,187258,23,0,8,1,9,,187327,23,0,8,2,50,,187314,23,0,8,1,10,,187319,23,0,8,2,10,,187323,23,0,8,1,11,,187296,23,0,8,1,14,,187259,23,0,8,1,54,,187310,23,0,8,1,13,,187328,23,0,8,2,14,,187283,23,0,8,1,14,,187317,23,0,8,1,59,,187285,23,0,8,2,20,,187315,23,0,8,1,20,,187297,23,0,8,1,62,,187324,23,0,8,1,19,,187311,23,0,8,1,19,,187284,23,0,8,1,59,,187320,23,0,8,1,16,,187286,23,0,8,2,23,,187298,23,0,8,1,65,,187325,23,0,8,1
5503,'H59M000S-80-S',751,,187331,23,0,8,1,53,,187332,23,0,8,1
36303,'H51M000A-80-A',2458,,214603,25,0,8,1,65,,214609,25,0,8,1,22,,214606,25,0,8,1,58,,214617,25,0,8,1,9,,214602,25,0,8,1,9,,214605,25,0,8,1,9,,214613,25,0,8,2,9,,214610,25,0,8,2,10,,214611,25,0,8,1,10,,214604,25,0,8,1,49,,214608,25,0,8,1,9,,214607,25,0,8,1,9,,214619,25,0,8,2,8,,214615,25,0,8,1,10,,214618,25,0,8,1,12,,214614,25,0,8,2,60,,214612,25,0,8,1,24,,214620,25,0,8,1,67,,214616,25,0,8,1
36303,'H51M000I-80-I',2431,,214622,25,0,8,1,87,,214621,25,0,8,2,85,,214623,25,0,8,1,44,,214626,25,0,8,2,85,,214624,25,0,8,1,85,,214627,25,0,8,2,85,,214625,25,0,8,1
36303,'H51M000S-80-S',2432,,214631,25,0,8,1,87,,214630,25,0,8,1,86,,214632,25,0,8,1,43,,214628,25,0,8,1,84,,214633,25,0,8,1,83,,214629,25,0,8,1,86,,214634,25,0,8,1
36303,'H51M000S-80-SV',2618,,214635,25,0,8,2,15,,214636,25,0,8,2,69,,214637,25,0,8,2,14,,214638,25,0,8,2
