9403,'H59U000A-80-A',521,,244179,11,0,8,1,29,,244181,11,0,8,2,70,,244180,11,0,8,1,29,,244182,11,0,8,2,68,,244185,11,0,8,1,28,,244183,11,0,8,2,68,,244186,11,0,8,1,31,,244184,11,0,8,2,71,,244187,11,0,8,1,30,,244188,11,0,8,1,72,,244197,11,0,8,1,31,,244196,11,0,8,1,71,,244199,11,0,8,1,32,,244198,11,0,8,1,73,,244200,11,0,8,2,33,,244174,11,0,8,1,71,,244212,11,0,8,2,27,,244201,11,0,8,2,67,,244175,11,0,8,1,26,,244213,11,0,8,2,66,,244202,11,0,8,2,27,,244176,11,0,8,1,66,,244214,11,0,8,2,26,,244203,11,0,8,2,26,,244177,11,0,8,1,67,,244215,11,0,8,2,25,,244204,11,0,8,2,67,,244178,11,0,8,1,29,,244216,11,0,8,2,70,,244205,11,0,8,2,30,,244189,11,0,8,1,72,,244206,11,0,8,2,31,,244190,11,0,8,1,71,,244207,11,0,8,2,31,,244191,11,0,8,1,71,,244208,11,0,8,2,31,,244192,11,0,8,1,70,,244209,11,0,8,2,30,,244193,11,0,8,1,70,,244210,11,0,8,2,31,,244194,11,0,8,1,73,,244211,11,0,8,2,72,,244195,11,0,8,1
9403,'H59U000I-80-I',520,,244229,11,0,8,1,24,,244219,11,0,8,1,68,,244230,11,0,8,1,29,,244220,11,0,8,1,69,,244231,11,0,8,1,27,,244249,11,0,8,2,69,,244232,11,0,8,1,29,,244250,11,0,8,2,70,,244233,11,0,8,1,29,,244217,11,0,8,2,68,,244247,11,0,8,1,29,,244222,11,0,8,1,70,,244252,11,0,8,1,29,,244248,11,0,8,1,29,,244218,11,0,8,2,69,,244253,11,0,8,1,31,,244251,11,0,8,2,69,,244225,11,0,8,2,30,,244254,11,0,8,1,71,,244246,11,0,8,1,71,,244226,11,0,8,2,31,,244255,11,0,8,1,72,,244228,11,0,8,2,32,,244227,11,0,8,2,72,,244256,11,0,8,1,31,,244223,11,0,8,1,72,,244221,11,0,8,1,33,,244240,11,0,8,2,72,,244234,11,0,8,1,32,,244241,11,0,8,2,70,,244235,11,0,8,1,31,,244242,11,0,8,2,69,,244236,11,0,8,1,30,,244243,11,0,8,2,69,,244237,11,0,8,1,30,,244244,11,0,8,2,73,,244238,11,0,8,1,33,,244245,11,0,8,2,80,,244239,11,0,8,1,80,,244224,11,0,8,1
9403,'H59U000S-80-S',522,,244258,11,0,8,1,26,,244276,11,0,8,2,71,,244259,11,0,8,1,16,,244283,11,0,8,2,16,,244277,11,0,8,2,63,,244302,11,0,8,1,22,,244260,11,0,8,1,64,,244284,11,0,8,2,25,,244278,11,0,8,2,30,,244261,11,0,8,1,66,,244285,11,0,8,2,21,,244279,11,0,8,2,59,,244257,11,0,8,2,18,,244262,11,0,8,1,22,,244286,11,0,8,2,65,,244280,11,0,8,2,26,,244263,11,0,8,1,27,,244287,11,0,8,2,67,,244281,11,0,8,2,29,,244264,11,0,8,1,69,,244288,11,0,8,2,29,,244282,11,0,8,2,69,,244265,11,0,8,1,31,,244289,11,0,8,2,70,,244298,11,0,8,1,29,,244266,11,0,8,1,66,,244290,11,0,8,2,24,,244274,11,0,8,2,62,,244299,11,0,8,1,22,,244267,11,0,8,1,22,,244291,11,0,8,2,61,,244275,11,0,8,2,20,,244300,11,0,8,1,25,,244268,11,0,8,1,65,,244292,11,0,8,2,25,,244301,11,0,8,1,67,,244269,11,0,8,1,31,,244293,11,0,8,2,72,,244270,11,0,8,1,32,,244294,11,0,8,2,72,,244271,11,0,8,1,32,,244295,11,0,8,2,72,,244272,11,0,8,1,31,,244296,11,0,8,2,81,,244273,11,0,8,1,80,,244297,11,0,8,2
9403,'H59U100F-80-F1',520,,244315,11,0,8,1,24,,244305,11,0,8,1,68,,244316,11,0,8,1,29,,244306,11,0,8,1,69,,244317,11,0,8,1,27,,244335,11,0,8,2,69,,244318,11,0,8,1,29,,244336,11,0,8,2,70,,244319,11,0,8,1,29,,244303,11,0,8,2,68,,244333,11,0,8,1,29,,244308,11,0,8,1,70,,244338,11,0,8,1,29,,244334,11,0,8,1,29,,244304,11,0,8,2,69,,244339,11,0,8,1,31,,244337,11,0,8,2,69,,244311,11,0,8,2,30,,244340,11,0,8,1,71,,244332,11,0,8,1,71,,244312,11,0,8,2,31,,244341,11,0,8,1,72,,244314,11,0,8,2,32,,244313,11,0,8,2,72,,244342,11,0,8,1,31,,244309,11,0,8,1,72,,244307,11,0,8,1,33,,244326,11,0,8,2,72,,244320,11,0,8,1,32,,244327,11,0,8,2,70,,244321,11,0,8,1,31,,244328,11,0,8,2,69,,244322,11,0,8,1,30,,244329,11,0,8,2,69,,244323,11,0,8,1,30,,244330,11,0,8,2,73,,244324,11,0,8,1,33,,244331,11,0,8,2,80,,244325,11,0,8,1,80,,244310,11,0,8,1
9403,'H59U200F-80-F2',520,,244343,11,0,8,1,24,,244344,11,0,8,1,68,,244345,11,0,8,1,29,,244346,11,0,8,1,69,,244347,11,0,8,1,27,,244348,11,0,8,2,69,,244349,11,0,8,1,29,,244350,11,0,8,2,70,,244351,11,0,8,1,29,,244352,11,0,8,2,68,,244353,11,0,8,1,29,,244354,11,0,8,1,70,,244355,11,0,8,1,29,,244356,11,0,8,1,29,,244357,11,0,8,2,69,,244358,11,0,8,1,31,,244359,11,0,8,2,69,,244360,11,0,8,2,30,,244361,11,0,8,1,71,,244362,11,0,8,1,71,,244363,11,0,8,2,31,,244364,11,0,8,1,72,,244365,11,0,8,2,32,,244366,11,0,8,2,72,,244367,11,0,8,1,31,,244368,11,0,8,1,72,,244369,11,0,8,1,33,,244370,11,0,8,2,72,,244371,11,0,8,1,32,,244372,11,0,8,2,70,,244373,11,0,8,1,31,,244374,11,0,8,2,69,,244375,11,0,8,1,30,,244376,11,0,8,2,69,,244377,11,0,8,1,30,,244378,11,0,8,2,73,,244379,11,0,8,1,33,,244380,11,0,8,2,80,,244381,11,0,8,1,80,,244382,11,0,8,1
35703,'H59U000A-80-A',2633,,276910,6,0,8,2,85,,276912,6,0,8,1,85,,276911,6,0,8,2
35703,'H59U000I-80-I',2548,,276915,6,0,8,1,85,,276913,6,0,8,1,85,,276916,6,0,8,1,85,,276914,6,0,8,1
35703,'H59U000S-80-S',2548,,276917,6,0,8,1,85,,276919,6,0,8,1,85,,276918,6,0,8,1,85,,276920,6,0,8,1
35703,'H59U100F-80-F1',2548,,276923,6,0,8,1,85,,276921,6,0,8,1,85,,276924,6,0,8,1,85,,276922,6,0,8,1
35703,'H59U200F-80-F2',2548,,276925,6,0,8,1,85,,276926,6,0,8,1,85,,276927,6,0,8,1,85,,276928,6,0,8,1
