14402,'H51U000A-83-A',517,,258459,11,0,10,1,20,,258435,11,0,10,2,22,,258460,11,0,10,1,62,,258436,11,0,10,2,23,,258461,11,0,10,1,62,,258437,11,0,10,2,22,,258462,11,0,10,1,21,,258438,11,0,10,2,61,,258463,11,0,10,1,21,,258439,11,0,10,2,21,,258464,11,0,10,1,61,,258440,11,0,10,2,21,,258465,11,0,10,1,22,,258441,11,0,10,2,63,,258466,11,0,10,1,22,,258442,11,0,10,2,64,,258467,11,0,10,1,24,,258443,11,0,10,2,26,,258468,11,0,10,1,68,,258444,11,0,10,2,27,,258469,11,0,10,1,67,,258445,11,0,10,2,27,,258470,11,0,10,1,68,,258446,11,0,10,2,27,,258471,11,0,10,1,66,,258447,11,0,10,2,27,,258472,11,0,10,1,27,,258448,11,0,10,2,67,,258473,11,0,10,1,26,,258449,11,0,10,2,66,,258474,11,0,10,1,26,,258450,11,0,10,2,66,,258475,11,0,10,1,26,,258451,11,0,10,2,66,,258476,11,0,10,1,25,,258452,11,0,10,2,26,,258477,11,0,10,1,66,,258453,11,0,10,2,26,,258478,11,0,10,1,66,,258454,11,0,10,2,24,,258479,11,0,10,1,23,,258455,11,0,10,2,62,,258480,11,0,10,1,22,,258456,11,0,10,2,62,,258481,11,0,10,1,22,,258484,11,0,10,2,21,,258457,11,0,10,2,62,,258486,11,0,10,2,21,,258482,11,0,10,1,22,,258485,11,0,10,2,61,,258458,11,0,10,2,22,,258487,11,0,10,2,22,,258483,11,0,10,1
14402,'H51U000I-83-I',518,,258489,11,0,10,1,21,,258515,11,0,10,2,61,,258490,11,0,10,1,22,,258516,11,0,10,2,23,,258491,11,0,10,1,63,,258517,11,0,10,2,22,,258492,11,0,10,1,22,,258518,11,0,10,2,62,,258493,11,0,10,1,22,,258519,11,0,10,2,22,,258494,11,0,10,1,62,,258520,11,0,10,2,20,,258495,11,0,10,1,60,,258521,11,0,10,2,21,,258496,11,0,10,1,22,,258522,11,0,10,2,62,,258497,11,0,10,1,22,,258523,11,0,10,2,22,,258498,11,0,10,1,63,,258524,11,0,10,2,23,,258499,11,0,10,1,66,,258525,11,0,10,2,28,,258500,11,0,10,1,28,,258526,11,0,10,2,68,,258501,11,0,10,1,28,,258527,11,0,10,2,68,,258502,11,0,10,1,28,,258528,11,0,10,2,68,,258503,11,0,10,1,28,,258529,11,0,10,2,68,,258504,11,0,10,1,28,,258530,11,0,10,2,68,,258505,11,0,10,1,27,,258531,11,0,10,2,66,,258506,11,0,10,1,26,,258532,11,0,10,2,26,,258507,11,0,10,1,66,,258533,11,0,10,2,26,,258508,11,0,10,1,64,,258534,11,0,10,2,22,,258509,11,0,10,1,22,,258535,11,0,10,2,62,,258510,11,0,10,1,22,,258536,11,0,10,2,62,,258511,11,0,10,1,22,,258537,11,0,10,2,22,,258512,11,0,10,1,62,,258538,11,0,10,2,22,,258513,11,0,10,1,21,,258488,11,0,10,2,63,,258514,11,0,10,1
14402,'H51U000S-83-S',523,,258539,11,0,10,2,33,,258553,11,0,10,1,71,,258540,11,0,10,2,29,,258554,11,0,10,1,71,,258541,11,0,10,2,31,,258555,11,0,10,1,70,,258542,11,0,10,2,30,,258556,11,0,10,1,70,,258543,11,0,10,2,30,,258557,11,0,10,1,68,,258544,11,0,10,2,30,,258558,11,0,10,1,70,,258545,11,0,10,2,30,,258559,11,0,10,1,70,,258546,11,0,10,2,30,,258560,11,0,10,1,68,,258547,11,0,10,2,28,,258561,11,0,10,1,68,,258548,11,0,10,2,28,,258562,11,0,10,1,68,,258549,11,0,10,2,29,,258563,11,0,10,1,68,,258550,11,0,10,2,28,,258564,11,0,10,1,70,,258551,11,0,10,2,30,,258565,11,0,10,1,70,,258552,11,0,10,2,30,,258566,11,0,10,1,70,,258573,11,0,10,1,29,,258567,11,0,10,1,70,,258574,11,0,10,1,30,,258568,11,0,10,1,70,,258575,11,0,10,1,30,,258569,11,0,10,1,70,,258576,11,0,10,1,30,,258570,11,0,10,1,70,,258577,11,0,10,1,30,,258571,11,0,10,1,70,,258578,11,0,10,1,31,,258572,11,0,10,1,73,,258579,11,0,10,1
14402,'H51U100F-80-F1',518,,258581,11,0,10,1,21,,258607,11,0,10,2,61,,258582,11,0,10,1,22,,258608,11,0,10,2,23,,258583,11,0,10,1,63,,258609,11,0,10,2,22,,258584,11,0,10,1,22,,258610,11,0,10,2,62,,258585,11,0,10,1,22,,258611,11,0,10,2,22,,258586,11,0,10,1,62,,258612,11,0,10,2,20,,258587,11,0,10,1,60,,258613,11,0,10,2,21,,258588,11,0,10,1,22,,258614,11,0,10,2,62,,258589,11,0,10,1,22,,258615,11,0,10,2,22,,258590,11,0,10,1,63,,258616,11,0,10,2,23,,258591,11,0,10,1,66,,258617,11,0,10,2,28,,258592,11,0,10,1,28,,258618,11,0,10,2,68,,258593,11,0,10,1,28,,258619,11,0,10,2,68,,258594,11,0,10,1,28,,258620,11,0,10,2,68,,258595,11,0,10,1,28,,258621,11,0,10,2,68,,258596,11,0,10,1,28,,258622,11,0,10,2,68,,258597,11,0,10,1,27,,258623,11,0,10,2,66,,258598,11,0,10,1,26,,258624,11,0,10,2,26,,258599,11,0,10,1,66,,258625,11,0,10,2,26,,258600,11,0,10,1,64,,258626,11,0,10,2,22,,258601,11,0,10,1,22,,258627,11,0,10,2,62,,258602,11,0,10,1,22,,258628,11,0,10,2,62,,258603,11,0,10,1,22,,258629,11,0,10,2,22,,258604,11,0,10,1,62,,258630,11,0,10,2,22,,258605,11,0,10,1,21,,258580,11,0,10,2,63,,258606,11,0,10,1
14402,'H51U200F-80-F2',518,,258632,11,0,10,1,21,,258658,11,0,10,2,61,,258633,11,0,10,1,22,,258659,11,0,10,2,23,,258634,11,0,10,1,63,,258660,11,0,10,2,22,,258635,11,0,10,1,22,,258661,11,0,10,2,62,,258636,11,0,10,1,22,,258662,11,0,10,2,22,,258637,11,0,10,1,62,,258663,11,0,10,2,20,,258638,11,0,10,1,60,,258664,11,0,10,2,21,,258639,11,0,10,1,22,,258665,11,0,10,2,62,,258640,11,0,10,1,22,,258666,11,0,10,2,22,,258641,11,0,10,1,63,,258667,11,0,10,2,23,,258642,11,0,10,1,66,,258668,11,0,10,2,28,,258643,11,0,10,1,28,,258669,11,0,10,2,68,,258644,11,0,10,1,28,,258670,11,0,10,2,68,,258645,11,0,10,1,28,,258671,11,0,10,2,68,,258646,11,0,10,1,28,,258672,11,0,10,2,68,,258647,11,0,10,1,28,,258673,11,0,10,2,68,,258648,11,0,10,1,27,,258674,11,0,10,2,66,,258649,11,0,10,1,26,,258675,11,0,10,2,26,,258650,11,0,10,1,66,,258676,11,0,10,2,26,,258651,11,0,10,1,64,,258677,11,0,10,2,22,,258652,11,0,10,1,22,,258678,11,0,10,2,62,,258653,11,0,10,1,22,,258679,11,0,10,2,62,,258654,11,0,10,1,22,,258680,11,0,10,2,22,,258655,11,0,10,1,62,,258681,11,0,10,2,22,,258656,11,0,10,1,21,,258631,11,0,10,2,63,,258657,11,0,10,1
36002,'H56U000A-80-A',2548,,277166,22,0,10,1,85,,277165,22,0,10,1,83,,277162,22,0,10,1,85,,277164,22,0,10,1,45,,277163,22,0,10,1
36002,'H56U000I-80-I',2547,,277171,22,0,10,2,85,,277167,22,0,10,1,83,,277169,22,0,10,1,85,,277168,22,0,10,1,45,,277170,22,0,10,1
36002,'H56U000S-81-S',2548,,277173,22,0,10,2,83,,277176,22,0,10,1,84,,277174,22,0,10,1,44,,277175,22,0,10,2,85,,277172,22,0,10,1
36002,'H56U100F-80-F1',2547,,277181,22,0,10,2,85,,277177,22,0,10,1,83,,277179,22,0,10,1,85,,277178,22,0,10,1,45,,277180,22,0,10,1
36002,'H56U200F-80-F2',2547,,277186,22,0,10,2,85,,277182,22,0,10,1,83,,277184,22,0,10,1,85,,277183,22,0,10,1,45,,277185,22,0,10,1
