1704,'H60U000A-85-A',515,,222269,22,0,9,1,35,,222257,22,0,9,1,84,,222270,22,0,9,1,75,,222258,22,0,9,1,44,,222271,22,0,9,1,78,,222259,22,0,9,1,88,,222272,22,0,9,1,39,,222278,22,0,9,1,84,,222260,22,0,9,1,83,,222273,22,0,9,1,80,,222279,22,0,9,1,42,,222261,22,0,9,1,80,,222274,22,0,9,1,80,,222280,22,0,9,1,40,,222262,22,0,9,1,81,,222275,22,0,9,1,81,,222281,22,0,9,1,41,,222263,22,0,9,1,79,,222276,22,0,9,1,80,,222283,22,0,9,1,38,,222264,22,0,9,1,76,,222277,22,0,9,1,36,,222282,22,0,9,1,85,,222265,22,0,9,1,81,,222284,22,0,9,1,85,,222266,22,0,9,1,41,,222285,22,0,9,1,82,,222267,22,0,9,1,81,,222286,22,0,9,1,41,,222268,22,0,9,1,81,,222287,22,0,9,1
1704,'H60U000I-84-I',524,,222288,22,0,9,1,29,,222317,22,0,9,1,70,,222297,22,0,9,1,35,,222289,22,0,9,1,84,,222298,22,0,9,1,75,,222290,22,0,9,1,84,,222299,22,0,9,1,43,,222291,22,0,9,1,85,,222300,22,0,9,1,83,,222292,22,0,9,1,89,,222301,22,0,9,1,45,,222293,22,0,9,1,76,,222309,22,0,9,1,83,,222302,22,0,9,1,41,,222294,22,0,9,1,80,,222310,22,0,9,1,80,,222303,22,0,9,1,40,,222295,22,0,9,1,80,,222311,22,0,9,1,80,,222304,22,0,9,1,39,,222296,22,0,9,1,77,,222312,22,0,9,1,84,,222305,22,0,9,1,41,,222313,22,0,9,1,84,,222306,22,0,9,1,80,,222314,22,0,9,1,43,,222307,22,0,9,1,82,,222315,22,0,9,1,83,,222308,22,0,9,1,83,,222316,22,0,9,1
1704,'H60U000S-86-S',526,,222327,22,0,9,1,29,,222318,22,0,9,1,73,,222351,22,0,9,1,72,,222328,22,0,9,1,32,,222339,22,0,9,1,74,,222319,22,0,9,1,33,,222352,22,0,9,1,73,,222329,22,0,9,1,33,,222340,22,0,9,1,77,,222320,22,0,9,1,78,,222330,22,0,9,1,38,,222341,22,0,9,1,78,,222321,22,0,9,1,38,,222331,22,0,9,1,78,,222342,22,0,9,1,77,,222322,22,0,9,1,38,,222332,22,0,9,1,72,,222345,22,0,9,1,34,,222343,22,0,9,1,73,,222323,22,0,9,1,33,,222333,22,0,9,1,73,,222346,22,0,9,1,73,,222344,22,0,9,1,29,,222324,22,0,9,1,71,,222334,22,0,9,1,30,,222347,22,0,9,1,74,,222325,22,0,9,1,32,,222335,22,0,9,1,70,,222348,22,0,9,1,30,,222326,22,0,9,1,72,,222336,22,0,9,1,42,,222349,22,0,9,1,84,,222337,22,0,9,1,77,,222350,22,0,9,1,43,,222338,22,0,9,1
1704,'H60U100F-85-F1',524,,222353,22,0,9,1,29,,222382,22,0,9,1,70,,222362,22,0,9,1,35,,222354,22,0,9,1,84,,222363,22,0,9,1,75,,222355,22,0,9,1,84,,222364,22,0,9,1,43,,222356,22,0,9,1,85,,222365,22,0,9,1,83,,222357,22,0,9,1,89,,222366,22,0,9,1,45,,222358,22,0,9,1,76,,222374,22,0,9,1,83,,222367,22,0,9,1,41,,222359,22,0,9,1,80,,222375,22,0,9,1,80,,222368,22,0,9,1,40,,222360,22,0,9,1,80,,222377,22,0,9,1,80,,222369,22,0,9,1,39,,222361,22,0,9,1,77,,222378,22,0,9,1,84,,222371,22,0,9,1,41,,222376,22,0,9,1,84,,222370,22,0,9,1,80,,222379,22,0,9,1,43,,222372,22,0,9,1,82,,222380,22,0,9,1,83,,222373,22,0,9,1,83,,222381,22,0,9,1
1704,'H60U200F-83-F2',524,,222383,22,0,9,1,29,,222412,22,0,9,1,70,,222392,22,0,9,1,35,,222384,22,0,9,1,84,,222393,22,0,9,1,75,,222385,22,0,9,1,84,,222394,22,0,9,1,43,,222386,22,0,9,1,85,,222395,22,0,9,1,83,,222387,22,0,9,1,89,,222396,22,0,9,1,45,,222388,22,0,9,1,76,,222404,22,0,9,1,83,,222397,22,0,9,1,41,,222389,22,0,9,1,80,,222405,22,0,9,1,80,,222398,22,0,9,1,40,,222390,22,0,9,1,80,,222407,22,0,9,1,80,,222399,22,0,9,1,39,,222391,22,0,9,1,77,,222408,22,0,9,1,84,,222401,22,0,9,1,41,,222406,22,0,9,1,84,,222400,22,0,9,1,80,,222409,22,0,9,1,43,,222402,22,0,9,1,82,,222410,22,0,9,1,83,,222403,22,0,9,1,83,,222411,22,0,9,1
37104,'H50U000A-82-A',2558,,277775,43,0,9,1,70,,277779,43,0,9,1,30,,277777,43,0,9,2,70,,277774,43,0,9,1,30,,277776,43,0,9,1,70,,277780,43,0,9,1,30,,277778,43,0,9,2
37104,'H50U000I-82-I',2557,,277781,43,0,9,1,70,,277786,43,0,9,1,31,,277784,43,0,9,1,70,,277783,43,0,9,2,30,,277782,43,0,9,1,70,,277787,43,0,9,1,30,,277785,43,0,9,1
37104,'H50U000S-83-S',2559,,277793,43,0,9,1,70,,277789,43,0,9,1,71,,277792,43,0,9,2,30,,277791,43,0,9,1,28,,277794,43,0,9,1,70,,277790,43,0,9,1,29,,277788,43,0,9,1
37104,'H50U100F-80-F1',2557,,277795,43,0,9,1,70,,277800,43,0,9,1,31,,277798,43,0,9,1,70,,277797,43,0,9,2,30,,277796,43,0,9,1,70,,277801,43,0,9,1,30,,277799,43,0,9,1
37104,'H50U200F-80-F2',2557,,277802,43,0,9,1,70,,277807,43,0,9,1,31,,277805,43,0,9,1,70,,277804,43,0,9,2,30,,277803,43,0,9,1,70,,277808,43,0,9,1,30,,277806,43,0,9,1
