2401,'H56M000S-80-S',1632,,180060,6,0,5,1
2401,'H57M000S-80-S',1645,,180061,6,0,5,2,408,,180062,6,0,5,1
2401,'H59M000A-80-A',619,,180068,6,0,5,1,29,,180078,6,0,5,1,70,,180086,6,0,5,1,32,,180069,6,0,5,1,71,,180079,6,0,5,1,31,,180087,6,0,5,1,68,,180089,6,0,5,1,24,,180070,6,0,5,1,64,,180097,6,0,5,1,23,,180080,6,0,5,1,23,,180088,6,0,5,1,64,,180107,6,0,5,1,22,,180071,6,0,5,1,61,,180066,6,0,5,1,20,,180098,6,0,5,1,20,,180081,6,0,5,1,59,,180090,6,0,5,1,20,,180063,6,0,5,1,16,,180108,6,0,5,1,15,,180072,6,0,5,1,54,,180115,6,0,5,1,13,,180067,6,0,5,1,12,,180099,6,0,5,1,13,,180105,6,0,5,1,12,,180082,6,0,5,1,52,,180118,6,0,5,2,11,,180091,6,0,5,1,12,,180124,6,0,5,2,12,,180064,6,0,5,1,11,,180109,6,0,5,1,50,,180127,6,0,5,2,9,,180073,6,0,5,1,9,,180119,6,0,5,2,9,,180116,6,0,5,1,9,,180126,6,0,5,2,9,,180100,6,0,5,1,8,,180106,6,0,5,1,49,,180120,6,0,5,2,11,,180083,6,0,5,1,12,,180092,6,0,5,1,13,,180125,6,0,5,2,13,,180065,6,0,5,1,53,,180110,6,0,5,1,13,,180123,6,0,5,2,12,,180074,6,0,5,1,11,,180117,6,0,5,1,13,,180101,6,0,5,1,54,,180121,6,0,5,2,20,,180084,6,0,5,1,21,,180093,6,0,5,1,61,,180111,6,0,5,1,20,,180075,6,0,5,1,21,,180102,6,0,5,1,60,,180122,6,0,5,2,20,,180085,6,0,5,1,20,,180094,6,0,5,1,66,,180112,6,0,5,1,26,,180076,6,0,5,1,67,,180103,6,0,5,1,31,,180095,6,0,5,1,69,,180113,6,0,5,1,27,,180077,6,0,5,1,67,,180104,6,0,5,1,27,,180096,6,0,5,1,67,,180114,6,0,5,1
2401,'H59M000I-80-I',619,,180134,6,0,5,1,31,,180129,6,0,5,1,71,,180176,6,0,5,1,31,,180135,6,0,5,1,72,,180130,6,0,5,1,32,,180177,6,0,5,1,73,,180136,6,0,5,1,73,,180144,6,0,5,1,30,,180131,6,0,5,1,70,,180149,6,0,5,1,28,,180137,6,0,5,1,25,,180175,6,0,5,1,64,,180145,6,0,5,1,19,,180132,6,0,5,1,20,,180157,6,0,5,1,60,,180150,6,0,5,1,19,,180138,6,0,5,1,18,,180160,6,0,5,2,57,,180162,6,0,5,1,15,,180146,6,0,5,1,14,,180133,6,0,5,1,15,,180164,6,0,5,2,55,,180158,6,0,5,1,15,,180151,6,0,5,1,14,,180128,6,0,5,1,13,,180139,6,0,5,1,54,,180161,6,0,5,2,13,,180166,6,0,5,1,14,,180163,6,0,5,1,13,,180147,6,0,5,1,54,,180165,6,0,5,2,13,,180168,6,0,5,1,12,,180159,6,0,5,1,13,,180152,6,0,5,1,12,,180174,6,0,5,2,53,,180140,6,0,5,1,14,,180173,6,0,5,2,15,,180167,6,0,5,1,17,,180148,6,0,5,1,57,,180178,6,0,5,1,21,,180169,6,0,5,1,24,,180153,6,0,5,1,71,,180141,6,0,5,1,32,,180179,6,0,5,1,69,,180170,6,0,5,1,28,,180154,6,0,5,1,68,,180142,6,0,5,1,28,,180180,6,0,5,1,69,,180171,6,0,5,1,30,,180155,6,0,5,1,71,,180143,6,0,5,1,30,,180172,6,0,5,1,73,,180156,6,0,5,1
2401,'H59M000S-80-S',526,,180181,6,0,5,1,76,,180183,6,0,5,1,12,,180193,6,0,5,1,12,,180205,6,0,5,1,11,,180200,6,0,5,1,11,,180228,6,0,5,1,9,,180199,6,0,5,2,52,,180182,6,0,5,1,12,,180247,6,0,5,1,10,,180221,6,0,5,1,11,,180241,6,0,5,1,13,,180184,6,0,5,1,52,,180194,6,0,5,1,12,,180248,6,0,5,1,12,,180252,6,0,5,1,11,,180253,6,0,5,1,12,,180262,6,0,5,1,52,,180207,6,0,5,1,12,,180202,6,0,5,1,12,,180213,6,0,5,1,12,,180230,6,0,5,1,12,,180222,6,0,5,1,52,,180242,6,0,5,1,12,,180185,6,0,5,1,12,,180195,6,0,5,1,12,,180249,6,0,5,1,13,,180254,6,0,5,1,52,,180263,6,0,5,1,12,,180208,6,0,5,1,12,,180203,6,0,5,1,12,,180214,6,0,5,1,12,,180231,6,0,5,1,52,,180223,6,0,5,1,12,,180243,6,0,5,1,12,,180186,6,0,5,1,12,,180196,6,0,5,1,11,,180250,6,0,5,1,52,,180255,6,0,5,1,13,,180264,6,0,5,1,12,,180209,6,0,5,1,12,,180204,6,0,5,1,12,,180215,6,0,5,1,52,,180232,6,0,5,1,12,,180224,6,0,5,1,12,,180244,6,0,5,1,11,,180187,6,0,5,1,11,,180197,6,0,5,1,52,,180251,6,0,5,1,12,,180256,6,0,5,1,11,,180268,6,0,5,2,10,,180265,6,0,5,1,9,,180282,6,0,5,2,8,,180210,6,0,5,1,51,,180271,6,0,5,1,7,,180283,6,0,5,2,7,,180216,6,0,5,1,6,,180233,6,0,5,1,13,,180225,6,0,5,1,11,,180270,6,0,5,1,5,,180236,6,0,5,2,47,,180245,6,0,5,1,7,,180278,6,0,5,2,9,,180198,6,0,5,1,11,,180259,6,0,5,1,10,,180276,6,0,5,2,10,,180257,6,0,5,1,51,,180189,6,0,5,1,12,,180266,6,0,5,1,11,,180280,6,0,5,1,12,,180272,6,0,5,1,12,,180217,6,0,5,1,12,,180212,6,0,5,1,50,,180237,6,0,5,2,11,,180235,6,0,5,1,12,,180227,6,0,5,1,11,,180260,6,0,5,1,12,,180258,6,0,5,1,51,,180190,6,0,5,1,11,,180267,6,0,5,1,11,,180281,6,0,5,1,11,,180273,6,0,5,1,70,,180218,6,0,5,1,18,,180238,6,0,5,2,21,,180261,6,0,5,1,61,,180191,6,0,5,1,27,,180274,6,0,5,1,68,,180219,6,0,5,1,27,,180239,6,0,5,2,27,,180192,6,0,5,1,68,,180275,6,0,5,1,28,,180220,6,0,5,1,67,,180240,6,0,5,2
6304,'H56M000A-80-A',858,,188375,16,0,9,2,65,,188357,16,0,9,1,31,,188376,16,0,9,2,71,,188358,16,0,9,1,31,,188367,16,0,9,2,71,,188359,16,0,9,1,31,,188368,16,0,9,2,70,,188360,16,0,9,1,31,,188369,16,0,9,2,70,,188361,16,0,9,1,71,,188370,16,0,9,2,31,,188362,16,0,9,1,71,,188371,16,0,9,2,30,,188363,16,0,9,1,70,,188372,16,0,9,2,30,,188364,16,0,9,1,69,,188373,16,0,9,2,29,,188365,16,0,9,1,29,,188374,16,0,9,2,68,,188366,16,0,9,1
6304,'H56M000S-80-S',625,,188384,16,0,9,1,27,,188402,16,0,9,2,69,,188385,16,0,9,1,35,,188377,16,0,9,1,75,,188386,16,0,9,2,74,,188378,16,0,9,1,32,,188387,16,0,9,2,71,,188379,16,0,9,1,30,,188388,16,0,9,2,70,,188380,16,0,9,1,32,,188389,16,0,9,2,72,,188381,16,0,9,1,32,,188390,16,0,9,2,72,,188382,16,0,9,1,32,,188391,16,0,9,2,72,,188383,16,0,9,1,33,,188392,16,0,9,2,76,,188397,16,0,9,1,74,,188393,16,0,9,2,34,,188398,16,0,9,1,73,,188394,16,0,9,2,33,,188399,16,0,9,1,73,,188395,16,0,9,2,32,,188400,16,0,9,1,70,,188396,16,0,9,2,29,,188401,16,0,9,1
35601,'H56M000A-80-A',2631,,214260,88,0,5,1,83,,214259,88,0,5,1,91,,214263,88,0,5,1,51,,214261,88,0,5,2,83,,214262,88,0,5,1
35601,'H56M000I-80-I',2630,,214265,88,0,5,1,81,,214267,88,0,5,2,40,,214264,88,0,5,1,80,,214266,88,0,5,1,84,,214269,88,0,5,2,44,,214268,88,0,5,1
35601,'H56M000S-80-S',2643,,214272,88,0,5,2,73,,214275,88,0,5,1,34,,214270,88,0,5,1,74,,214271,88,0,5,1,86,,214273,88,0,5,1,49,,214274,88,0,5,1
