18501,'H59U000A-80-A',604,,265807,14,0,5,1,27,,265815,14,0,5,1,71,,265808,14,0,5,1,29,,265809,14,0,5,1,69,,265816,14,0,5,1,30,,265817,14,0,5,2,71,,265810,14,0,5,1,31,,265821,14,0,5,1,71,,265818,14,0,5,2,31,,265811,14,0,5,1,73,,265822,14,0,5,1,31,,265819,14,0,5,2,73,,265812,14,0,5,1,34,,265833,14,0,5,2,73,,265823,14,0,5,1,32,,265831,14,0,5,1,71,,265813,14,0,5,1,31,,265834,14,0,5,2,70,,265824,14,0,5,1,30,,265832,14,0,5,1,70,,265814,14,0,5,1,30,,265835,14,0,5,2,70,,265825,14,0,5,1,30,,265820,14,0,5,2,70,,265836,14,0,5,1,31,,265802,14,0,5,2,72,,265826,14,0,5,1,30,,265837,14,0,5,1,71,,265803,14,0,5,2,31,,265827,14,0,5,1,70,,265838,14,0,5,1,31,,265804,14,0,5,2,70,,265828,14,0,5,1,30,,265839,14,0,5,1,69,,265805,14,0,5,2,29,,265829,14,0,5,1,69,,265840,14,0,5,1,29,,265806,14,0,5,2,65,,265830,14,0,5,1
18501,'H59U000I-80-I',604,,265841,14,0,5,1,31,,265853,14,0,5,2,70,,265865,14,0,5,1,33,,265842,14,0,5,1,74,,265854,14,0,5,2,31,,265866,14,0,5,1,71,,265843,14,0,5,1,31,,265855,14,0,5,2,73,,265867,14,0,5,1,34,,265844,14,0,5,1,73,,265856,14,0,5,2,31,,265868,14,0,5,1,74,,265845,14,0,5,1,73,,265857,14,0,5,2,33,,265869,14,0,5,1,73,,265872,14,0,5,1,33,,265846,14,0,5,1,71,,265858,14,0,5,2,30,,265870,14,0,5,1,71,,265873,14,0,5,1,31,,265847,14,0,5,1,70,,265859,14,0,5,2,29,,265871,14,0,5,1,69,,265874,14,0,5,1,29,,265848,14,0,5,1,70,,265860,14,0,5,2,30,,265875,14,0,5,1,69,,265849,14,0,5,1,30,,265861,14,0,5,2,69,,265876,14,0,5,1,30,,265850,14,0,5,1,69,,265862,14,0,5,2,28,,265877,14,0,5,1,67,,265851,14,0,5,1,28,,265863,14,0,5,2,68,,265878,14,0,5,1,26,,265852,14,0,5,1,28,,265864,14,0,5,2,67,,265879,14,0,5,1
18501,'H59U000S-80-S',610,,265880,14,0,5,1,32,,265885,14,0,5,2,75,,265882,14,0,5,1,34,,265881,14,0,5,1,72,,265883,14,0,5,1,32,,265906,14,0,5,1,73,,265886,14,0,5,1,31,,265916,14,0,5,1,71,,265884,14,0,5,1,70,,265907,14,0,5,1,30,,265887,14,0,5,1,29,,265917,14,0,5,1,68,,265895,14,0,5,2,26,,265908,14,0,5,1,67,,265888,14,0,5,1,28,,265918,14,0,5,1,69,,265896,14,0,5,2,30,,265909,14,0,5,1,69,,265889,14,0,5,1,31,,265919,14,0,5,1,69,,265897,14,0,5,2,30,,265910,14,0,5,1,71,,265890,14,0,5,1,30,,265904,14,0,5,1,67,,265898,14,0,5,2,25,,265911,14,0,5,1,67,,265891,14,0,5,1,26,,265905,14,0,5,1,25,,265899,14,0,5,2,70,,265912,14,0,5,1,30,,265892,14,0,5,1,71,,265900,14,0,5,2,30,,265913,14,0,5,1,70,,265893,14,0,5,1,28,,265901,14,0,5,2,68,,265914,14,0,5,1,29,,265894,14,0,5,1,68,,265902,14,0,5,2,29,,265915,14,0,5,1,70,,265903,14,0,5,2
18501,'H59U100F-80-F1',604,,265920,14,0,5,1,31,,265932,14,0,5,2,70,,265944,14,0,5,1,33,,265921,14,0,5,1,74,,265933,14,0,5,2,31,,265945,14,0,5,1,71,,265922,14,0,5,1,31,,265934,14,0,5,2,73,,265946,14,0,5,1,34,,265923,14,0,5,1,73,,265935,14,0,5,2,31,,265947,14,0,5,1,74,,265924,14,0,5,1,73,,265936,14,0,5,2,33,,265948,14,0,5,1,73,,265951,14,0,5,1,33,,265925,14,0,5,1,71,,265937,14,0,5,2,30,,265949,14,0,5,1,71,,265952,14,0,5,1,31,,265926,14,0,5,1,70,,265938,14,0,5,2,29,,265950,14,0,5,1,69,,265953,14,0,5,1,29,,265927,14,0,5,1,70,,265939,14,0,5,2,30,,265954,14,0,5,1,69,,265928,14,0,5,1,30,,265940,14,0,5,2,69,,265955,14,0,5,1,30,,265929,14,0,5,1,69,,265941,14,0,5,2,28,,265956,14,0,5,1,67,,265930,14,0,5,1,28,,265942,14,0,5,2,68,,265957,14,0,5,1,26,,265931,14,0,5,1,28,,265943,14,0,5,2,67,,265958,14,0,5,1
18501,'H59U200F-80-F2',604,,265959,14,0,5,1,31,,265960,14,0,5,2,70,,265961,14,0,5,1,33,,265962,14,0,5,1,74,,265963,14,0,5,2,31,,265964,14,0,5,1,71,,265965,14,0,5,1,31,,265966,14,0,5,2,73,,265967,14,0,5,1,34,,265968,14,0,5,1,73,,265969,14,0,5,2,31,,265970,14,0,5,1,74,,265971,14,0,5,1,73,,265972,14,0,5,2,33,,265973,14,0,5,1,73,,265974,14,0,5,1,33,,265975,14,0,5,1,71,,265976,14,0,5,2,30,,265977,14,0,5,1,71,,265978,14,0,5,1,31,,265979,14,0,5,1,70,,265980,14,0,5,2,29,,265981,14,0,5,1,69,,265982,14,0,5,1,29,,265983,14,0,5,1,70,,265984,14,0,5,2,30,,265985,14,0,5,1,69,,265986,14,0,5,1,30,,265987,14,0,5,2,69,,265988,14,0,5,1,30,,265989,14,0,5,1,69,,265990,14,0,5,2,28,,265991,14,0,5,1,67,,265992,14,0,5,1,28,,265993,14,0,5,2,68,,265994,14,0,5,1,26,,265995,14,0,5,1,28,,265996,14,0,5,2,67,,265997,14,0,5,1
36401,'H54U000A-80-A',2610,,277444,35,0,5,2,47,,277443,35,0,5,1,71,,277447,35,0,5,1,10,,277446,35,0,5,1,85,,277445,35,0,5,1,84,,277448,35,0,5,2
36401,'H54U000I-80-I',2604,,277450,35,0,5,2,46,,277453,35,0,5,1,71,,277454,35,0,5,1,31,,277451,35,0,5,1,71,,277449,35,0,5,1,81,,277452,35,0,5,1
36401,'H54U000S-81-S',2607,,277456,35,0,5,1,44,,277455,35,0,5,1,84,,277459,35,0,5,2,84,,277458,35,0,5,1,85,,277457,35,0,5,1
36401,'H54U100F-80-F1',2604,,277461,35,0,5,2,46,,277464,35,0,5,1,71,,277465,35,0,5,1,31,,277462,35,0,5,1,71,,277460,35,0,5,1,81,,277463,35,0,5,1
36401,'H54U200F-82-F2',2604,,277471,35,0,5,1,46,,277469,35,0,5,1,71,,277468,35,0,5,2,31,,277470,35,0,5,2,71,,277467,35,0,5,1,81,,277466,35,0,5,2
