19201,'H50M000S-70-S',611,,144469,18,0,5,1,145,,144468,18,0,5,2
19201,'H51M000S-70-S',1501,,144470,18,0,5,2
19201,'H54M000A-70-A',542,,144478,18,0,5,1,70,,144491,18,0,5,2,30,,144471,18,0,5,1,70,,144479,18,0,5,1,30,,144492,18,0,5,1,70,,144472,18,0,5,1,29,,144480,18,0,5,1,71,,144493,18,0,5,1,30,,144473,18,0,5,1,70,,144481,18,0,5,1,31,,144494,18,0,5,1,72,,144474,18,0,5,1,31,,144482,18,0,5,1,72,,144495,18,0,5,1,31,,144503,18,0,5,1,70,,144475,18,0,5,1,30,,144483,18,0,5,1,70,,144496,18,0,5,1,28,,144504,18,0,5,1,68,,144476,18,0,5,1,29,,144484,18,0,5,1,69,,144497,18,0,5,1,30,,144505,18,0,5,1,71,,144477,18,0,5,1,31,,144485,18,0,5,1,71,,144498,18,0,5,1,30,,144506,18,0,5,1,71,,144486,18,0,5,1,30,,144499,18,0,5,1,68,,144507,18,0,5,1,29,,144489,18,0,5,1,69,,144500,18,0,5,1,30,,144508,18,0,5,1,70,,144487,18,0,5,1,30,,144501,18,0,5,1,70,,144509,18,0,5,1,29,,144488,18,0,5,1,70,,144502,18,0,5,1,29,,144511,18,0,5,1,72,,144490,18,0,5,1,41,,144510,18,0,5,1
19201,'H54M000I-70-I',544,,144512,18,0,5,1,67,,144527,18,0,5,2,31,,144519,18,0,5,1,70,,144513,18,0,5,1,30,,144528,18,0,5,2,70,,144520,18,0,5,1,30,,144514,18,0,5,1,71,,144529,18,0,5,2,30,,144521,18,0,5,1,70,,144515,18,0,5,1,30,,144530,18,0,5,2,70,,144522,18,0,5,1,30,,144516,18,0,5,1,70,,144531,18,0,5,2,30,,144544,18,0,5,1,70,,144523,18,0,5,1,30,,144517,18,0,5,1,67,,144532,18,0,5,2,28,,144545,18,0,5,1,69,,144524,18,0,5,1,30,,144518,18,0,5,1,72,,144533,18,0,5,2,32,,144546,18,0,5,1,73,,144525,18,0,5,1,32,,144534,18,0,5,2,72,,144547,18,0,5,1,30,,144526,18,0,5,1,69,,144535,18,0,5,2,30,,144548,18,0,5,1,69,,144540,18,0,5,1,29,,144536,18,0,5,2,70,,144549,18,0,5,1,30,,144542,18,0,5,1,70,,144538,18,0,5,2,29,,144550,18,0,5,1,70,,144541,18,0,5,1,30,,144537,18,0,5,2,70,,144551,18,0,5,1,29,,144543,18,0,5,1,71,,144539,18,0,5,2,32,,144552,18,0,5,1
19201,'H54M000S-70-S',547,,144554,18,0,5,1,12,,144553,18,0,5,2,68,,144560,18,0,5,1,17,,144574,18,0,5,1,56,,144575,18,0,5,1,17,,144576,18,0,5,1,19,,144555,18,0,5,1,80,,144561,18,0,5,1,22,,144572,18,0,5,1,68,,144577,18,0,5,1,29,,144556,18,0,5,1,68,,144562,18,0,5,1,28,,144573,18,0,5,1,69,,144578,18,0,5,1,29,,144557,18,0,5,1,29,,144563,18,0,5,1,70,,144586,18,0,5,2,72,,144579,18,0,5,1,30,,144558,18,0,5,1,70,,144564,18,0,5,1,132,,144559,18,0,5,1,70,,144565,18,0,5,1,101,,144588,18,0,5,2,30,,144580,18,0,5,1,68,,144566,18,0,5,1,29,,144587,18,0,5,1,24,,144589,18,0,5,2,65,,144581,18,0,5,1,29,,144567,18,0,5,1,70,,144590,18,0,5,1,30,,144582,18,0,5,1,70,,144568,18,0,5,1,30,,144591,18,0,5,1,68,,144583,18,0,5,1,29,,144569,18,0,5,1,70,,144592,18,0,5,1,30,,144584,18,0,5,1,70,,144570,18,0,5,1,30,,144593,18,0,5,1,70,,144585,18,0,5,1,32,,144571,18,0,5,1
19201,'H54M100F-70-F1',542,,144601,18,0,5,1,70,,144602,18,0,5,1,30,,144594,18,0,5,1,70,,144603,18,0,5,2,30,,144615,18,0,5,1,70,,144595,18,0,5,1,29,,144604,18,0,5,2,71,,144616,18,0,5,1,30,,144596,18,0,5,1,70,,144605,18,0,5,2,31,,144617,18,0,5,1,72,,144597,18,0,5,1,31,,144606,18,0,5,2,72,,144618,18,0,5,1,31,,144627,18,0,5,1,70,,144598,18,0,5,1,30,,144607,18,0,5,2,70,,144619,18,0,5,1,28,,144628,18,0,5,1,68,,144599,18,0,5,1,29,,144608,18,0,5,2,69,,144620,18,0,5,1,30,,144629,18,0,5,1,71,,144600,18,0,5,1,31,,144609,18,0,5,2,71,,144623,18,0,5,1,30,,144630,18,0,5,1,71,,144610,18,0,5,2,30,,144621,18,0,5,1,68,,144631,18,0,5,1,29,,144611,18,0,5,2,69,,144622,18,0,5,1,30,,144632,18,0,5,1,70,,144612,18,0,5,2,30,,144624,18,0,5,1,70,,144634,18,0,5,1,29,,144613,18,0,5,2,70,,144625,18,0,5,1,29,,144633,18,0,5,1,72,,144614,18,0,5,2,33,,144626,18,0,5,1
19201,'H54M200F-70-F2',544,,144635,18,0,5,1,67,,144650,18,0,5,2,31,,144642,18,0,5,2,70,,144636,18,0,5,1,30,,144651,18,0,5,2,70,,144643,18,0,5,2,30,,144637,18,0,5,1,71,,144652,18,0,5,2,30,,144644,18,0,5,2,70,,144638,18,0,5,1,30,,144653,18,0,5,2,70,,144645,18,0,5,2,30,,144640,18,0,5,1,70,,144655,18,0,5,2,30,,144667,18,0,5,1,70,,144646,18,0,5,2,30,,144639,18,0,5,1,67,,144654,18,0,5,2,28,,144668,18,0,5,1,69,,144647,18,0,5,2,30,,144641,18,0,5,1,72,,144656,18,0,5,2,32,,144669,18,0,5,1,73,,144648,18,0,5,2,32,,144657,18,0,5,2,72,,144670,18,0,5,1,30,,144649,18,0,5,2,69,,144658,18,0,5,2,30,,144671,18,0,5,1,69,,144663,18,0,5,1,29,,144659,18,0,5,2,70,,144672,18,0,5,1,30,,144664,18,0,5,1,70,,144660,18,0,5,2,29,,144673,18,0,5,1,70,,144665,18,0,5,1,30,,144661,18,0,5,2,70,,144674,18,0,5,1,29,,144666,18,0,5,1,71,,144662,18,0,5,2,32,,144675,18,0,5,1
19201,'H54M300F-70-F3',544,,144710,18,0,5,1,67,,144680,18,0,5,2,31,,144702,18,0,5,1,70,,144711,18,0,5,1,30,,144681,18,0,5,2,70,,144703,18,0,5,1,30,,144712,18,0,5,1,71,,144682,18,0,5,2,30,,144704,18,0,5,1,70,,144713,18,0,5,1,30,,144683,18,0,5,2,70,,144705,18,0,5,1,30,,144714,18,0,5,1,70,,144684,18,0,5,2,30,,144693,18,0,5,1,70,,144706,18,0,5,1,30,,144715,18,0,5,1,67,,144685,18,0,5,2,28,,144694,18,0,5,1,69,,144707,18,0,5,1,30,,144716,18,0,5,1,72,,144686,18,0,5,2,32,,144695,18,0,5,1,73,,144708,18,0,5,1,32,,144687,18,0,5,2,72,,144696,18,0,5,1,30,,144709,18,0,5,1,69,,144688,18,0,5,2,30,,144697,18,0,5,1,69,,144676,18,0,5,1,29,,144689,18,0,5,2,70,,144698,18,0,5,1,30,,144677,18,0,5,1,70,,144690,18,0,5,2,29,,144699,18,0,5,1,70,,144678,18,0,5,1,30,,144691,18,0,5,2,70,,144700,18,0,5,1,29,,144679,18,0,5,1,71,,144692,18,0,5,2,32,,144701,18,0,5,1
19201,'H57M000S-70-S',1430,,144717,18,0,5,2
19201,'H58M000S-70-S',1633,,144718,18,0,5,1
19301,'H50M000S-70-S',1647,,144975,28,0,5,2
19301,'H51M000S-70-S',1611,,144976,28,0,5,2
19301,'H54M000S-70-S',1541,,144978,28,0,5,2,213,,144979,28,0,5,2,283,,144977,28,0,5,1
19301,'H58M000A-70-A',542,,145001,28,0,5,2,68,,144981,28,0,5,2,30,,145009,28,0,5,1,71,,145002,28,0,5,2,30,,144982,28,0,5,2,64,,145025,28,0,5,2,21,,145010,28,0,5,1,22,,145003,28,0,5,2,62,,144991,28,0,5,2,24,,144983,28,0,5,2,22,,145026,28,0,5,2,64,,145011,28,0,5,1,24,,145021,28,0,5,1,57,,145004,28,0,5,2,15,,144992,28,0,5,2,15,,144987,28,0,5,2,16,,144984,28,0,5,2,55,,145027,28,0,5,2,16,,145012,28,0,5,1,15,,145033,28,0,5,2,15,,145022,28,0,5,1,55,,145005,28,0,5,2,13,,144993,28,0,5,2,12,,144988,28,0,5,2,12,,144985,28,0,5,2,13,,145028,28,0,5,2,53,,145039,28,0,5,2,13,,145013,28,0,5,1,13,,145034,28,0,5,2,11,,145023,28,0,5,1,12,,145006,28,0,5,2,52,,145043,28,0,5,2,11,,144994,28,0,5,2,10,,144989,28,0,5,2,11,,144986,28,0,5,2,11,,145029,28,0,5,2,51,,145040,28,0,5,2,12,,145014,28,0,5,1,12,,145035,28,0,5,2,13,,145024,28,0,5,1,12,,145007,28,0,5,2,52,,145044,28,0,5,2,12,,144995,28,0,5,2,12,,144990,28,0,5,2,11,,145045,28,0,5,2,12,,145030,28,0,5,2,52,,145041,28,0,5,2,13,,145015,28,0,5,1,11,,144980,28,0,5,1,12,,145036,28,0,5,2,15,,145008,28,0,5,2,59,,144996,28,0,5,2,20,,145046,28,0,5,2,21,,145042,28,0,5,2,64,,145016,28,0,5,1,25,,145037,28,0,5,2,64,,144997,28,0,5,2,23,,145047,28,0,5,2,24,,145017,28,0,5,1,70,,145038,28,0,5,2,32,,144998,28,0,5,2,70,,145018,28,0,5,1,31,,145031,28,0,5,2,71,,144999,28,0,5,2,26,,145019,28,0,5,1,71,,145032,28,0,5,2,28,,145000,28,0,5,2,68,,145020,28,0,5,1
19301,'H58M000I-70-I',607,,145062,28,0,5,1,30,,145055,28,0,5,1,71,,145070,28,0,5,2,30,,145063,28,0,5,1,70,,145056,28,0,5,1,32,,145071,28,0,5,2,70,,145058,28,0,5,1,30,,145064,28,0,5,1,72,,145057,28,0,5,1,20,,145072,28,0,5,2,20,,145049,28,0,5,2,61,,145059,28,0,5,1,21,,145065,28,0,5,1,20,,145086,28,0,5,2,60,,145098,28,0,5,2,15,,145073,28,0,5,2,15,,145050,28,0,5,2,15,,145094,28,0,5,2,55,,145060,28,0,5,1,15,,145068,28,0,5,1,16,,145087,28,0,5,2,55,,145101,28,0,5,2,15,,145099,28,0,5,2,15,,145074,28,0,5,2,15,,145051,28,0,5,2,55,,145095,28,0,5,2,15,,145061,28,0,5,1,15,,145066,28,0,5,1,15,,145088,28,0,5,2,55,,145102,28,0,5,2,15,,145100,28,0,5,2,15,,145075,28,0,5,2,14,,145052,28,0,5,2,14,,145048,28,0,5,1,53,,145096,28,0,5,2,14,,145067,28,0,5,1,15,,145089,28,0,5,2,15,,145054,28,0,5,2,55,,145103,28,0,5,2,14,,145076,28,0,5,2,16,,145053,28,0,5,2,16,,145081,28,0,5,1,55,,145097,28,0,5,2,16,,145069,28,0,5,1,31,,145090,28,0,5,2,71,,145077,28,0,5,2,72,,145082,28,0,5,1,32,,145091,28,0,5,2,71,,145078,28,0,5,2,29,,145083,28,0,5,1,70,,145092,28,0,5,2,28,,145079,28,0,5,2,70,,145084,28,0,5,1,28,,145093,28,0,5,2,30,,145080,28,0,5,2,69,,145085,28,0,5,1
19301,'H58M000S-70-S',546,,145107,28,0,5,2,75,,145111,28,0,5,2,25,,145106,28,0,5,2,66,,145109,28,0,5,2,26,,145110,28,0,5,1,17,,145112,28,0,5,2,50,,145117,28,0,5,2,12,,145141,28,0,5,1,13,,145123,28,0,5,2,12,,145124,28,0,5,2,11,,145140,28,0,5,2,56,,145119,28,0,5,1,20,,145104,28,0,5,2,21,,145118,28,0,5,2,68,,145142,28,0,5,1,30,,145125,28,0,5,2,69,,145120,28,0,5,1,27,,145105,28,0,5,2,58,,145130,28,0,5,1,15,,145143,28,0,5,1,15,,145134,28,0,5,1,16,,145126,28,0,5,2,59,,145137,28,0,5,2,18,,145121,28,0,5,1,18,,145146,28,0,5,2,16,,145148,28,0,5,2,53,,145131,28,0,5,1,12,,145144,28,0,5,1,13,,145135,28,0,5,1,12,,145108,28,0,5,1,10,,145151,28,0,5,2,50,,145127,28,0,5,2,11,,145138,28,0,5,2,11,,145122,28,0,5,1,20,,145147,28,0,5,2,6,,145164,28,0,5,2,46,,145165,28,0,5,2,15,,145167,28,0,5,1,6,,145150,28,0,5,2,7,,145132,28,0,5,1,8,,145145,28,0,5,1,16,,145136,28,0,5,1,48,,145169,28,0,5,1,8,,145152,28,0,5,2,8,,145149,28,0,5,2,9,,145128,28,0,5,2,9,,145139,28,0,5,2,8,,145155,28,0,5,2,58,,145154,28,0,5,2,10,,145166,28,0,5,2,11,,145113,28,0,5,1,10,,145168,28,0,5,1,12,,145133,28,0,5,1,11,,145160,28,0,5,2,52,,145153,28,0,5,2,14,,145170,28,0,5,1,17,,145129,28,0,5,1,18,,145156,28,0,5,2,59,,145114,28,0,5,1,40,,145161,28,0,5,2,60,,145171,28,0,5,1,19,,145174,28,0,5,1,18,,145157,28,0,5,2,60,,145115,28,0,5,1,27,,145162,28,0,5,2,70,,145172,28,0,5,1,31,,145158,28,0,5,2,71,,145116,28,0,5,1,31,,145163,28,0,5,2,71,,145173,28,0,5,1,20,,145159,28,0,5,2
19301,'H58M100F-70-F1',607,,145184,28,0,5,1,30,,145180,28,0,5,1,71,,145230,28,0,5,2,30,,145185,28,0,5,1,70,,145179,28,0,5,1,32,,145177,28,0,5,2,70,,145215,28,0,5,1,30,,145187,28,0,5,1,72,,145181,28,0,5,1,20,,145176,28,0,5,2,20,,145221,28,0,5,1,61,,145216,28,0,5,1,21,,145188,28,0,5,1,20,,145199,28,0,5,2,60,,145191,28,0,5,2,15,,145182,28,0,5,1,15,,145226,28,0,5,1,15,,145222,28,0,5,1,55,,145217,28,0,5,1,15,,145189,28,0,5,1,16,,145200,28,0,5,2,55,,145207,28,0,5,2,15,,145192,28,0,5,2,15,,145183,28,0,5,1,15,,145227,28,0,5,1,55,,145223,28,0,5,1,15,,145218,28,0,5,1,15,,145190,28,0,5,1,15,,145201,28,0,5,2,55,,145208,28,0,5,2,15,,145193,28,0,5,2,15,,145186,28,0,5,1,14,,145228,28,0,5,1,14,,145178,28,0,5,1,53,,145224,28,0,5,1,14,,145219,28,0,5,1,15,,145202,28,0,5,2,15,,145175,28,0,5,1,55,,145209,28,0,5,2,14,,145194,28,0,5,2,16,,145229,28,0,5,1,16,,145210,28,0,5,1,55,,145225,28,0,5,1,16,,145220,28,0,5,1,31,,145205,28,0,5,2,71,,145195,28,0,5,2,72,,145211,28,0,5,1,32,,145203,28,0,5,2,71,,145196,28,0,5,2,29,,145212,28,0,5,1,70,,145206,28,0,5,2,28,,145197,28,0,5,2,70,,145213,28,0,5,1,28,,145204,28,0,5,2,30,,145198,28,0,5,2,69,,145214,28,0,5,1
19301,'H58M200F-70-F2',607,,145240,28,0,5,1,30,,145236,28,0,5,1,71,,145286,28,0,5,2,30,,145241,28,0,5,1,70,,145235,28,0,5,1,32,,145233,28,0,5,2,70,,145271,28,0,5,1,30,,145243,28,0,5,1,72,,145237,28,0,5,1,20,,145232,28,0,5,2,20,,145277,28,0,5,1,61,,145272,28,0,5,1,21,,145244,28,0,5,1,20,,145255,28,0,5,2,60,,145247,28,0,5,2,15,,145238,28,0,5,1,15,,145282,28,0,5,1,15,,145278,28,0,5,1,55,,145273,28,0,5,1,15,,145245,28,0,5,1,16,,145256,28,0,5,2,55,,145263,28,0,5,2,15,,145248,28,0,5,2,15,,145239,28,0,5,1,15,,145283,28,0,5,1,55,,145279,28,0,5,1,15,,145274,28,0,5,1,15,,145246,28,0,5,1,15,,145257,28,0,5,2,55,,145264,28,0,5,2,15,,145249,28,0,5,2,15,,145242,28,0,5,1,14,,145284,28,0,5,1,14,,145234,28,0,5,1,53,,145280,28,0,5,1,14,,145275,28,0,5,1,15,,145258,28,0,5,2,15,,145231,28,0,5,1,55,,145265,28,0,5,2,14,,145250,28,0,5,2,16,,145285,28,0,5,1,16,,145266,28,0,5,1,55,,145281,28,0,5,1,16,,145276,28,0,5,1,31,,145261,28,0,5,2,71,,145251,28,0,5,2,72,,145267,28,0,5,1,32,,145259,28,0,5,2,71,,145252,28,0,5,2,29,,145268,28,0,5,1,70,,145262,28,0,5,2,28,,145253,28,0,5,2,70,,145269,28,0,5,1,28,,145260,28,0,5,2,30,,145254,28,0,5,2,69,,145270,28,0,5,1
19301,'H58M300F-70-F3',607,,145296,28,0,5,1,30,,145292,28,0,5,1,71,,145342,28,0,5,2,30,,145297,28,0,5,1,70,,145291,28,0,5,1,32,,145289,28,0,5,2,70,,145327,28,0,5,1,30,,145299,28,0,5,1,72,,145293,28,0,5,1,20,,145288,28,0,5,2,20,,145333,28,0,5,1,61,,145328,28,0,5,1,21,,145300,28,0,5,1,20,,145311,28,0,5,2,60,,145303,28,0,5,2,15,,145294,28,0,5,1,15,,145338,28,0,5,1,15,,145334,28,0,5,1,55,,145329,28,0,5,1,15,,145301,28,0,5,1,16,,145312,28,0,5,2,55,,145319,28,0,5,2,15,,145304,28,0,5,2,15,,145295,28,0,5,1,15,,145339,28,0,5,1,55,,145335,28,0,5,1,15,,145330,28,0,5,1,15,,145302,28,0,5,1,15,,145313,28,0,5,2,55,,145320,28,0,5,2,15,,145305,28,0,5,2,15,,145298,28,0,5,1,14,,145340,28,0,5,1,14,,145290,28,0,5,1,53,,145336,28,0,5,1,14,,145331,28,0,5,1,15,,145314,28,0,5,2,15,,145287,28,0,5,1,55,,145321,28,0,5,2,14,,145306,28,0,5,2,16,,145341,28,0,5,1,16,,145322,28,0,5,1,55,,145337,28,0,5,1,16,,145332,28,0,5,1,31,,145317,28,0,5,2,71,,145307,28,0,5,2,72,,145323,28,0,5,1,32,,145315,28,0,5,2,71,,145308,28,0,5,2,29,,145324,28,0,5,1,70,,145318,28,0,5,2,28,,145309,28,0,5,2,70,,145325,28,0,5,1,28,,145316,28,0,5,2,30,,145310,28,0,5,2,69,,145326,28,0,5,1
46001,'H51M000S-70-S',1727,,157671,31,0,22 30,2
46001,'H56M000S-70-S',1808,,157672,31,0,22 30,1
46001,'H58M000S-70-S',1545,,157687,31,0,22 30,2,9,,157688,31,0,22 30,2,49,,157689,31,0,22 30,1,8,,157691,31,0,22 30,2,12,,157694,31,0,22 30,1,10,,157697,31,0,22 30,2,10,,157700,31,0,22 30,2,9,,157701,31,0,22 30,2,50,,157703,31,0,22 30,2,10,,157684,31,0,22 30,2,8,,157699,31,0,22 30,2,15,,157705,31,0,22 30,1,7,,157685,31,0,22 30,2,4,,157695,22,0,22 30,2,5,,157692,31,0,22 30,2,7,,157702,31,0,22 30,2,60,,157676,31,0,22 30,1,16,,157693,31,0,22 30,2,17,,157696,31,0,22 30,2,57,,157686,31,0,22 30,2,16,,157690,31,0,22 30,1,17,,157698,31,0,22 30,2,18,,157704,31,0,22 30,2,61,,157706,31,0,22 30,1
46001,'H58M100F-70-F1',1545,,157710,31,0,22 30,1,56,,157719,31,0,22 30,1,16,,157727,31,0,22 30,2,10,,157707,31,0,22 30,1,10,,157723,31,0,22 30,1,68,,157730,31,0,22 30,2,5,,157725,31,0,22 30,2,7,,157726,31,0,22 30,2,12,,157715,31,0,22 30,1,8,,157732,31,0,22 30,1,10,,157728,31,0,22 30,2,10,,157721,31,0,22 30,2,55,,157729,31,0,22 30,2,10,,157722,31,0,22 30,2,16,,157712,31,0,22 30,1,16,,157713,31,0,22 30,1,67,,157720,31,0,22 30,1,27,,157724,31,0,22 30,1,72,,157733,31,0,22 30,1
46001,'H58M200F-70-F2',1545,,157737,31,0,22 30,1,56,,157746,31,0,22 30,1,16,,157754,31,0,22 30,2,10,,157734,31,0,22 30,1,10,,157750,31,0,22 30,1,68,,157757,31,0,22 30,2,5,,157752,31,0,22 30,2,7,,157753,31,0,22 30,2,12,,157742,31,0,22 30,1,8,,157759,31,0,22 30,1,10,,157755,31,0,22 30,2,10,,157748,31,0,22 30,2,55,,157756,31,0,22 30,2,10,,157749,31,0,22 30,2,16,,157739,31,0,22 30,1,16,,157740,31,0,22 30,1,67,,157747,31,0,22 30,1,27,,157751,31,0,22 30,1,72,,157760,31,0,22 30,1
46001,'H58M300F-70-F3',1545,,157764,31,0,22 30,1,56,,157773,31,0,22 30,1,16,,157781,31,0,22 30,2,10,,157761,31,0,22 30,1,10,,157777,31,0,22 30,1,68,,157784,31,0,22 30,2,5,,157779,31,0,22 30,2,7,,157780,31,0,22 30,2,12,,157769,31,0,22 30,1,8,,157786,31,0,22 30,1,10,,157782,31,0,22 30,2,10,,157775,31,0,22 30,2,55,,157783,31,0,22 30,2,10,,157776,31,0,22 30,2,16,,157766,31,0,22 30,1,16,,157767,31,0,22 30,1,67,,157774,31,0,22 30,1,27,,157778,31,0,22 30,1,72,,157787,31,0,22 30,1
