4701,'H51M000S-70-S',1810,,100442,14,0,5,2
4701,'H57M000A-70-A',612,,100446,14,0,5,1,30,,100460,14,0,5,2,70,,100447,14,0,5,1,28,,100461,14,0,5,2,69,,100448,14,0,5,1,34,,100462,14,0,5,2,73,,100467,14,0,5,2,33,,100449,14,0,5,1,68,,100468,14,0,5,2,30,,100450,14,0,5,1,69,,100469,14,0,5,2,30,,100451,14,0,5,1,70,,100470,14,0,5,2,31,,100452,14,0,5,1,71,,100471,14,0,5,2,30,,100453,14,0,5,1,73,,100472,14,0,5,2,32,,100454,14,0,5,1,72,,100475,14,0,5,2,33,,100455,14,0,5,1,71,,100443,14,0,5,1,27,,100476,14,0,5,2,63,,100456,14,0,5,1,22,,100444,14,0,5,1,61,,100477,14,0,5,2,21,,100457,14,0,5,1,20,,100478,14,0,5,2,59,,100445,14,0,5,1,20,,100458,14,0,5,1,28,,100479,14,0,5,2,69,,100459,14,0,5,1,29,,100480,14,0,5,2,69,,100463,14,0,5,1,27,,100481,14,0,5,2,69,,100464,14,0,5,1,29,,100482,14,0,5,2,88,,100473,14,0,5,1,88,,100474,14,0,5,1,88,,100465,14,0,5,1,47,,100466,14,0,5,1
4701,'H57M000I-70-I',549,,100497,14,0,5,1,86,,100498,14,0,5,1,85,,100499,14,0,5,1,85,,100500,14,0,5,1,45,,100514,14,0,5,1,80,,100483,14,0,5,1,28,,100501,14,0,5,2,68,,100484,14,0,5,1,28,,100502,14,0,5,2,68,,100485,14,0,5,1,29,,100503,14,0,5,2,69,,100486,14,0,5,1,29,,100504,14,0,5,2,70,,100487,14,0,5,1,30,,100505,14,0,5,2,70,,100488,14,0,5,1,29,,100506,14,0,5,2,70,,100489,14,0,5,1,30,,100507,14,0,5,2,69,,100490,14,0,5,1,30,,100508,14,0,5,2,70,,100491,14,0,5,1,30,,100509,14,0,5,2,69,,100492,14,0,5,1,27,,100510,14,0,5,2,67,,100493,14,0,5,1,26,,100511,14,0,5,2,66,,100494,14,0,5,1,25,,100512,14,0,5,2,26,,100495,14,0,5,1,66,,100513,14,0,5,2,27,,100496,14,0,5,1,76,,100519,14,0,5,1,86,,100516,14,0,5,1,47,,100515,14,0,5,1,87,,100517,14,0,5,1,86,,100518,14,0,5,1
4701,'H57M000S-70-S',555,,100525,14,0,5,1,73,,100535,14,0,5,2,31,,100526,14,0,5,1,72,,100536,14,0,5,2,74,,100537,14,0,5,1,33,,100551,14,0,5,1,70,,100527,14,0,5,1,31,,100531,14,0,5,1,70,,100528,14,0,5,1,30,,100532,14,0,5,1,70,,100529,14,0,5,1,30,,100533,14,0,5,1,70,,100530,14,0,5,1,27,,100522,14,0,5,1,68,,100534,14,0,5,1,32,,100523,14,0,5,1,70,,100520,14,0,5,1,31,,100524,14,0,5,1,72,,100521,14,0,5,1,32,,100558,14,0,5,2,68,,100560,14,0,5,1,24,,100538,14,0,5,1,19,,100559,14,0,5,2,55,,100553,14,0,5,1,16,,100561,14,0,5,1,16,,100552,14,0,5,1,16,,100539,14,0,5,1,71,,100554,14,0,5,1,18,,100562,14,0,5,1,64,,100540,14,0,5,1,31,,100555,14,0,5,1,69,,100541,14,0,5,1,29,,100556,14,0,5,1,68,,100542,14,0,5,1,27,,100557,14,0,5,1,68,,100543,14,0,5,1,29,,100547,14,0,5,1,26,,100544,14,0,5,1,68,,100548,14,0,5,1,28,,100545,14,0,5,1,68,,100549,14,0,5,1,26,,100546,14,0,5,1,86,,100550,14,0,5,1
4701,'H57M100F-70-F1',549,,100563,14,0,5,1,86,,100564,14,0,5,1,85,,100565,14,0,5,1,85,,100566,14,0,5,1,45,,100594,14,0,5,1,80,,100567,14,0,5,2,28,,100581,14,0,5,1,68,,100568,14,0,5,2,28,,100582,14,0,5,1,68,,100569,14,0,5,2,29,,100583,14,0,5,1,69,,100570,14,0,5,2,29,,100584,14,0,5,1,70,,100571,14,0,5,2,30,,100585,14,0,5,1,70,,100572,14,0,5,2,29,,100586,14,0,5,1,70,,100573,14,0,5,2,30,,100587,14,0,5,1,69,,100574,14,0,5,2,30,,100588,14,0,5,1,70,,100575,14,0,5,2,30,,100589,14,0,5,1,69,,100576,14,0,5,2,27,,100590,14,0,5,1,67,,100577,14,0,5,2,26,,100591,14,0,5,1,66,,100578,14,0,5,2,25,,100592,14,0,5,1,26,,100579,14,0,5,2,66,,100593,14,0,5,1,27,,100580,14,0,5,2,76,,100596,14,0,5,2,86,,100595,14,0,5,1,47,,100597,14,0,5,2,87,,100598,14,0,5,2,86,,100599,14,0,5,2
4701,'H57M200F-70-F2',549,,100600,14,0,5,1,86,,100601,14,0,5,1,85,,100602,14,0,5,1,85,,100603,14,0,5,1,45,,100604,14,0,5,1,80,,100605,14,0,5,2,28,,100619,14,0,5,1,68,,100606,14,0,5,2,28,,100620,14,0,5,1,68,,100607,14,0,5,2,29,,100621,14,0,5,1,69,,100608,14,0,5,2,29,,100622,14,0,5,1,70,,100609,14,0,5,2,30,,100623,14,0,5,1,70,,100610,14,0,5,2,29,,100624,14,0,5,1,70,,100612,14,0,5,2,30,,100625,14,0,5,1,69,,100613,14,0,5,2,30,,100626,14,0,5,1,70,,100611,14,0,5,2,30,,100627,14,0,5,1,69,,100614,14,0,5,2,27,,100628,14,0,5,1,67,,100615,14,0,5,2,26,,100629,14,0,5,1,66,,100616,14,0,5,2,25,,100630,14,0,5,1,26,,100617,14,0,5,2,66,,100631,14,0,5,1,27,,100618,14,0,5,2,76,,100636,14,0,5,2,86,,100635,14,0,5,1,47,,100632,14,0,5,2,87,,100634,14,0,5,2,86,,100633,14,0,5,2
4701,'H57M300F-70-F3',549,,100637,14,0,5,1,86,,100638,14,0,5,1,85,,100639,14,0,5,1,85,,100640,14,0,5,1,45,,100641,14,0,5,1,80,,100643,14,0,5,1,28,,100657,14,0,5,2,68,,100644,14,0,5,1,28,,100658,14,0,5,2,68,,100645,14,0,5,1,29,,100659,14,0,5,2,69,,100646,14,0,5,1,29,,100660,14,0,5,2,70,,100647,14,0,5,1,30,,100661,14,0,5,2,70,,100648,14,0,5,1,29,,100662,14,0,5,2,70,,100649,14,0,5,1,30,,100663,14,0,5,2,69,,100650,14,0,5,1,30,,100664,14,0,5,2,70,,100651,14,0,5,1,30,,100665,14,0,5,2,69,,100652,14,0,5,1,27,,100666,14,0,5,2,67,,100653,14,0,5,1,26,,100667,14,0,5,2,66,,100654,14,0,5,1,25,,100668,14,0,5,2,26,,100655,14,0,5,1,66,,100669,14,0,5,2,27,,100656,14,0,5,1,76,,100670,14,0,5,1,86,,100671,14,0,5,1,47,,100642,14,0,5,1,87,,100672,14,0,5,1,86,,100673,14,0,5,1
35703,'H59M000A-70-A',2639,,154217,13,0,8,1,85,,154216,13,0,8,1,84,,154218,13,0,8,1
35703,'H59M000I-70-I',2552,,154221,13,0,8,1,85,,154219,13,0,8,1,85,,154222,13,0,8,1,85,,154220,13,0,8,1
35703,'H59M000S-70-S',2552,,154225,13,0,8,1,85,,154223,13,0,8,2,84,,154226,13,0,8,1,86,,154224,13,0,8,2
35703,'H59M100F-70-F1',2552,,154227,13,0,8,1,85,,154229,13,0,8,1,85,,154228,13,0,8,1,85,,154230,13,0,8,1
35703,'H59M200F-70-F2',2552,,154231,13,0,8,1,85,,154233,13,0,8,1,85,,154232,13,0,8,1,85,,154234,13,0,8,1
35703,'H59M300F-70-F3',2552,,154235,13,0,8,1,85,,154237,13,0,8,1,85,,154236,13,0,8,1,85,,154238,13,0,8,1
