37801,'H60U000A-85-A',2524,,277917,1,0,5,1,91,,277916,1,0,5,2,91,,277915,1,0,5,1,52,,277918,1,0,5,1
37801,'H60U000I-84-I',2524,,277921,1,0,5,1,91,,277920,1,0,5,1,90,,277922,1,0,5,1,53,,277919,1,0,5,1
37801,'H60U000S-86-S',2524,,277925,1,0,5,1,91,,277923,1,0,5,1,97,,277926,1,0,5,1,89,,277924,1,0,5,1
37801,'H60U100F-85-F1',2524,,277929,1,0,5,1,91,,277927,1,0,5,1,90,,277930,1,0,5,1,53,,277928,1,0,5,1
37801,'H60U200F-83-F2',2524,,277933,1,0,5,1,91,,277931,1,0,5,1,90,,277934,1,0,5,1,53,,277932,1,0,5,1
37802,'H60U000A-85-A',2707,,277937,67,4,,1,94,,277936,67,4,,2,48,,277935,67,4,,1
37802,'H60U000I-84-I',2706,,277938,67,4,,1,51,,277939,67,4,,1,91,,277940,67,4,,1
37802,'H60U000S-86-S',2707,,277942,67,4,,1,49,,277941,67,4,,1,97,,277943,67,4,,1
37802,'H60U100F-85-F1',2706,,277945,67,4,,1,51,,277944,67,4,,1,91,,277946,67,4,,1
37802,'H60U200F-83-F2',2706,,277948,67,4,,1,51,,277947,67,4,,1,91,,277949,67,4,,1
46001,'H58U000S-80-S',530,,280002,1,0,5,2,70,,280004,1,0,5,2,30,,280000,1,0,5,1,24,,280005,1,0,5,2,58,,280003,1,0,5,2,31,,280006,1,0,5,2,72,,280007,1,0,5,1,28,,280008,1,0,5,2,62,,279999,1,0,5,2,30,,280001,1,0,5,1,502,,280010,1,0,99 30,2,14,,280011,1,0,99 30,1,50,,280013,1,0,99 30,1,10,,280015,1,0,99 30,2,10,,280016,1,0,99 30,2,9,,280018,1,0,99 30,2,9,,280009,1,0,99 30,2,8,,280020,1,0,99 30,1,9,,280021,1,0,99 30,1,48,,280023,1,0,99 30,2,9,,280025,1,0,99 30,2,9,,280026,1,0,99 30,2,9,,280028,1,0,99 30,2,9,,280014,1,0,99 30,2,10,,280030,1,0,99 30,1,59,,280019,1,0,99 30,2,20,,280029,1,0,99 30,2,21,,280024,1,0,99 30,2,65,,280012,1,0,99 30,1,25,,280017,1,0,99 30,2,65,,280022,1,0,99 30,1,26,,280027,1,0,99 30,2
46001,'H58U200F-80-F2',530,,280034,1,0,5,2,70,,280036,1,0,5,2,30,,280031,1,0,5,1,24,,280033,1,0,5,1,58,,280035,1,0,5,2,31,,280037,1,0,5,2,72,,280040,1,0,5,1,28,,280038,1,0,5,1,62,,280039,1,0,5,2,30,,280032,1,0,5,1,502,,280043,1,0,99 30,1,70,,280045,1,0,99 30,2,25,,280048,1,0,99 30,2,25,,280049,1,0,99 30,2,65,,280051,1,0,99 30,1,25,,280047,1,0,99 30,2,66,,280041,1,0,99 30,2,30,,280042,1,0,99 30,2,70,,280044,1,0,99 30,1,30,,280046,1,0,99 30,2,70,,280050,1,0,99 30,2,18,,280052,1,0,99 30,1
46002,'H58U000S-80-S',611,,280056,40,4,,1,5,,280057,40,4,,1,6,,280059,40,4,,2,2,,280060,40,4,,2,3,,280061,40,4,,1,5,,280062,40,4,,1,5,,280064,40,4,,2,4,,280065,40,4,,1,3,,280074,31,4,,2,4,,280066,40,4,,1,4,,280067,40,4,,1,4,,280068,40,4,,2,45,,280070,40,4,,2,7,,280073,40,4,,2,6,,280081,31,4,,1,6,,280078,40,4,,2,7,,280076,40,4,,2,9,,280079,40,4,,2,7,,280054,31,4,,2,4,,280082,40,4,,2,5,,280086,31,4,,2,5,,280083,40,4,,2,45,,280084,40,4,,1,5,,280085,40,4,,2,3,,280071,18,4,,2,3,,280063,40,4,,2,7,,280087,40,4,,2,5,,280090,31,4,,2,5,,280088,40,4,,2,7,,280089,40,4,,2,4,,280093,31,4,,2,5,,280080,18,4,,2,2,,280072,40,4,,2,4,,280055,18,4,,2,5,,280091,40,4,,2,48,,280092,40,4,,2,8,,280094,40,4,,2,9,,280058,40,4,,1,16,,280075,40,4,,2,21,,280069,40,4,,2,61,,280077,40,4,,2,19,,280053,40,4,,2,588,,280096,39,4,,2,28,,280098,39,4,,2,72,,280100,39,4,,2,31,,280095,39,4,,1,69,,280097,39,4,,2,25,,280099,39,4,,1,65,,280101,39,4,,2,27,,280103,39,4,,1,69,,280102,39,4,,2
46002,'H58U200F-80-F2',616,,280104,40,4,,1,16,,280106,40,4,,1,26,,280108,40,4,,2,71,,280111,40,4,,2,74,,280113,40,4,,1,25,,280114,40,4,,2,25,,280110,40,4,,2,66,,280105,40,4,,1,18,,280107,40,4,,1,21,,280109,40,4,,2,62,,280112,40,4,,2,19,,280115,40,4,,1,588,,280121,39,4,,2,28,,280116,39,4,,2,72,,280118,39,4,,2,31,,280119,39,4,,1,69,,280120,39,4,,2,25,,280123,39,4,,2,65,,280124,39,4,,1,27,,280122,39,4,,2,69,,280117,39,4,,2
