12404,'H50M000A-70-A',603,,126783,4,0,9,1,34,,126799,4,0,9,2,74,,126784,4,0,9,1,36,,126800,4,0,9,2,75,,126785,4,0,9,1,36,,126801,4,0,9,2,76,,126786,4,0,9,1,22,,126810,4,0,9,2,66,,126802,4,0,9,2,28,,126787,4,0,9,1,66,,126811,4,0,9,2,26,,126803,4,0,9,2,69,,126788,4,0,9,1,27,,126812,4,0,9,2,67,,126804,4,0,9,2,29,,126789,4,0,9,1,67,,126813,4,0,9,2,28,,126805,4,0,9,2,28,,126790,4,0,9,1,67,,126814,4,0,9,2,28,,126806,4,0,9,2,68,,126791,4,0,9,1,29,,126815,4,0,9,2,69,,126807,4,0,9,2,27,,126792,4,0,9,1,66,,126816,4,0,9,2,29,,126808,4,0,9,2,68,,126793,4,0,9,1,32,,126817,4,0,9,2,74,,126809,4,0,9,2,14,,126794,4,0,9,1,78,,126818,4,0,9,2,37,,126795,4,0,9,1,74,,126819,4,0,9,2,34,,126796,4,0,9,1,74,,126820,4,0,9,2,33,,126797,4,0,9,1,73,,126821,4,0,9,2,69,,126798,4,0,9,1
12404,'H50M000I-70-I',719,,126827,4,0,9,1,34,,126854,4,0,9,2,74,,126839,4,0,9,1,74,,126855,4,0,9,2,38,,126840,4,0,9,1,75,,126856,4,0,9,2,36,,126828,4,0,9,1,75,,126841,4,0,9,1,33,,126847,4,0,9,2,71,,126829,4,0,9,1,29,,126842,4,0,9,1,68,,126848,4,0,9,2,29,,126830,4,0,9,1,70,,126843,4,0,9,1,28,,126849,4,0,9,2,68,,126831,4,0,9,1,28,,126844,4,0,9,1,68,,126850,4,0,9,2,27,,126832,4,0,9,1,70,,126845,4,0,9,1,23,,126851,4,0,9,2,67,,126833,4,0,9,1,26,,126846,4,0,9,1,73,,126852,4,0,9,2,32,,126834,4,0,9,1,72,,126822,4,0,9,2,32,,126853,4,0,9,1,70,,126835,4,0,9,1,32,,126823,4,0,9,2,74,,126836,4,0,9,1,32,,126824,4,0,9,2,73,,126837,4,0,9,1,32,,126825,4,0,9,2,75,,126838,4,0,9,1,73,,126826,4,0,9,2
12404,'H50M000S-70-S',547,,126868,4,0,9,1,72,,126861,4,0,9,1,28,,126860,4,0,9,2,68,,126869,4,0,9,1,31,,126862,4,0,9,1,73,,126873,4,0,9,1,28,,126874,4,0,9,1,70,,126870,4,0,9,1,30,,126889,4,0,9,1,71,,126875,4,0,9,1,29,,126871,4,0,9,1,69,,126890,4,0,9,1,31,,126876,4,0,9,1,70,,126872,4,0,9,1,30,,126891,4,0,9,1,71,,126877,4,0,9,1,26,,126864,4,0,9,2,68,,126894,4,0,9,1,27,,126857,4,0,9,1,72,,126878,4,0,9,1,33,,126885,4,0,9,1,78,,126858,4,0,9,1,78,,126879,4,0,9,1,32,,126886,4,0,9,1,77,,126859,4,0,9,1,31,,126880,4,0,9,1,68,,126887,4,0,9,1,27,,126892,4,0,9,1,68,,126881,4,0,9,1,29,,126888,4,0,9,1,70,,126893,4,0,9,1,38,,126882,4,0,9,1,72,,126867,4,0,9,2,30,,126863,4,0,9,1,67,,126883,4,0,9,1,33,,126865,4,0,9,2,75,,126884,4,0,9,1,32,,126866,4,0,9,2
12404,'H50M100F-70-F1',719,,126901,4,0,9,1,34,,126927,4,0,9,2,74,,126913,4,0,9,1,74,,126928,4,0,9,2,38,,126914,4,0,9,1,75,,126929,4,0,9,2,36,,126902,4,0,9,1,75,,126915,4,0,9,1,33,,126920,4,0,9,2,71,,126903,4,0,9,1,29,,126916,4,0,9,1,68,,126922,4,0,9,2,29,,126904,4,0,9,1,70,,126917,4,0,9,1,28,,126926,4,0,9,2,68,,126905,4,0,9,1,28,,126918,4,0,9,1,68,,126923,4,0,9,2,27,,126906,4,0,9,1,70,,126919,4,0,9,1,23,,126924,4,0,9,2,67,,126907,4,0,9,1,26,,126921,4,0,9,1,73,,126925,4,0,9,2,32,,126908,4,0,9,1,72,,126895,4,0,9,2,32,,126900,4,0,9,1,70,,126909,4,0,9,1,32,,126896,4,0,9,2,74,,126910,4,0,9,1,32,,126898,4,0,9,2,73,,126911,4,0,9,1,32,,126897,4,0,9,2,75,,126912,4,0,9,1,73,,126899,4,0,9,2
12404,'H50M200F-70-F2',719,,126936,4,0,9,1,34,,126962,4,0,9,2,74,,126948,4,0,9,1,74,,126963,4,0,9,2,38,,126949,4,0,9,1,75,,126964,4,0,9,2,36,,126937,4,0,9,1,75,,126950,4,0,9,1,33,,126956,4,0,9,2,71,,126938,4,0,9,1,29,,126951,4,0,9,1,68,,126959,4,0,9,2,29,,126939,4,0,9,1,70,,126952,4,0,9,1,28,,126957,4,0,9,2,68,,126941,4,0,9,1,28,,126953,4,0,9,1,68,,126958,4,0,9,2,27,,126942,4,0,9,1,70,,126954,4,0,9,1,23,,126960,4,0,9,2,67,,126940,4,0,9,1,26,,126955,4,0,9,1,73,,126961,4,0,9,2,32,,126943,4,0,9,1,72,,126930,4,0,9,2,32,,126935,4,0,9,1,70,,126944,4,0,9,1,32,,126931,4,0,9,2,74,,126945,4,0,9,1,32,,126932,4,0,9,2,73,,126946,4,0,9,1,32,,126933,4,0,9,2,75,,126947,4,0,9,1,73,,126934,4,0,9,2
12404,'H50M300F-70-F3',719,,126970,4,0,9,1,34,,126997,4,0,9,2,74,,126982,4,0,9,1,74,,126998,4,0,9,2,38,,126983,4,0,9,1,75,,126999,4,0,9,2,36,,126971,4,0,9,1,75,,126984,4,0,9,1,33,,126990,4,0,9,2,71,,126972,4,0,9,1,29,,126985,4,0,9,1,68,,126991,4,0,9,2,29,,126973,4,0,9,1,70,,126986,4,0,9,1,28,,126992,4,0,9,2,68,,126975,4,0,9,1,28,,126987,4,0,9,1,68,,126993,4,0,9,2,27,,126974,4,0,9,1,70,,126988,4,0,9,1,23,,126994,4,0,9,2,67,,126976,4,0,9,1,26,,126989,4,0,9,1,73,,126995,4,0,9,2,32,,126977,4,0,9,1,72,,126965,4,0,9,2,32,,126996,4,0,9,1,70,,126978,4,0,9,1,32,,126966,4,0,9,2,74,,126979,4,0,9,1,32,,126967,4,0,9,2,73,,126980,4,0,9,1,32,,126968,4,0,9,2,75,,126981,4,0,9,1,73,,126969,4,0,9,2
38001,'H50M000A-70-A',2555,,155447,4,0,5,2,85,,155446,4,0,5,1,85,,155444,4,0,5,2,85,,155445,4,0,5,1
38001,'H50M000I-70-I',2506,,155452,4,0,5,1,45,,155449,4,0,5,1,85,,155453,4,0,5,2,85,,155450,4,0,5,1,85,,155451,4,0,5,2
38001,'H50M000S-70-S',2519,,155456,4,0,5,1,84,,155454,4,0,5,2,47,,155457,4,0,5,1,82,,155458,4,0,5,1,89,,155455,4,0,5,2
38001,'H50M100F-70-F1',2506,,155463,4,0,5,1,45,,155460,4,0,5,2,85,,155464,4,0,5,2,85,,155461,4,0,5,1,85,,155462,4,0,5,2
38001,'H50M200F-70-F2',2506,,155468,4,0,5,1,45,,155465,4,0,5,2,85,,155469,4,0,5,2,85,,155466,4,0,5,1,85,,155467,4,0,5,2
38001,'H50M300F-70-F3',2506,,155473,4,0,5,1,45,,155470,4,0,5,1,85,,155474,4,0,5,2,85,,155471,4,0,5,1,85,,155472,4,0,5,2
