6802,'H60M000A-71-A',536,,109082,40,0,10,2,71,,109074,40,0,10,1,32,,109084,40,0,10,2,73,,109102,40,0,10,1,32,,109110,40,0,10,1,72,,109095,40,0,10,1,33,,109085,40,0,10,1,73,,109103,40,0,10,1,34,,109104,40,0,10,1,73,,109075,40,0,10,1,73,,109086,40,0,10,1,33,,109096,40,0,10,1,73,,109105,40,0,10,1,32,,109076,40,0,10,1,71,,109087,40,0,10,1,30,,109097,40,0,10,1,71,,109106,40,0,10,1,29,,109077,40,0,10,1,70,,109088,40,0,10,1,31,,109098,40,0,10,1,68,,109107,40,0,10,1,29,,109078,40,0,10,1,70,,109089,40,0,10,1,29,,109099,40,0,10,1,68,,109108,40,0,10,1,29,,109079,40,0,10,1,68,,109090,40,0,10,1,28,,109100,40,0,10,1,27,,109109,40,0,10,1,65,,109080,40,0,10,1,29,,109091,40,0,18 1 19,1,67,,109114,40,0,10,2,32,,109094,40,0,10,1,72,,109111,40,0,10,1,33,,109081,40,0,10,1,71,,109093,40,0,10,1,73,,109112,40,0,10,1,33,,109101,40,0,18 1 19,1,72,,109083,40,0,18 1 19,1,28,,109092,40,0,18 1 19,2,68,,109113,40,0,18 1 19,1
6802,'H60M000I-71-I',535,,109115,40,0,10,1,68,,109118,40,0,10,2,36,,109128,40,0,10,1,76,,109116,40,0,10,1,36,,109119,40,0,10,2,78,,109129,40,0,10,1,77,,109117,40,0,10,1,37,,109120,40,0,10,2,77,,109148,40,0,10,2,36,,109130,40,0,10,1,75,,109121,40,0,10,2,72,,109142,40,0,10,1,31,,109149,40,0,10,2,71,,109131,40,0,10,1,30,,109122,40,0,10,2,70,,109143,40,0,10,1,30,,109150,40,0,10,2,70,,109132,40,0,10,1,31,,109123,40,0,10,2,70,,109144,40,0,10,1,30,,109151,40,0,10,2,70,,109133,40,0,10,1,30,,109124,40,0,10,2,70,,109145,40,0,10,1,28,,109152,40,0,10,2,68,,109134,40,0,10,1,28,,109125,40,0,10,2,28,,109146,40,0,10,1,68,,109153,40,0,18 1 19,2,27,,109140,40,0,10,1,68,,109135,40,0,10,1,28,,109126,40,0,10,2,68,,109147,40,0,10,1,29,,109141,40,0,10,1,71,,109136,40,0,10,1,33,,109127,40,0,18 1 19,1,73,,109137,40,0,18 1 19,1,31,,109138,40,0,18 1 19,1,72,,109139,40,0,18 1 19,1
6802,'H60M000S-71-S',544,,109156,40,0,18 1 19,1,59,,109154,40,0,18 1 19,1,29,,109155,40,0,18 1 19,2,68,,109169,40,0,18 1 19,1,32,,109177,40,0,18 1 19,1,75,,109160,40,0,18 1 19,2,30,,109175,40,0,18 1 19,2,64,,109176,40,0,18 1 19,1,22,,109185,40,0,18 1 19,1,20,,109170,40,0,10,1,69,,109178,40,0,10,1,29,,109166,40,0,10,1,68,,109157,40,0,10,1,29,,109171,40,0,10,1,69,,109179,40,0,10,1,29,,109167,40,0,10,1,69,,109158,40,0,10,1,29,,109172,40,0,10,1,69,,109180,40,0,10,1,33,,109168,40,0,10,1,66,,109159,40,0,10,1,33,,109173,40,0,18 1 19,1,72,,109181,40,0,18 1 19,1,25,,109187,40,0,18 1 19,2,25,,109163,40,0,18 1 19,1,65,,109192,40,0,18 1 19,2,25,,109186,40,0,18 1 19,1,66,,109174,40,0,18 1 19,1,25,,109182,40,0,18 1 19,1,66,,109188,40,0,18 1 19,2,26,,109164,40,0,18 1 19,1,25,,109191,40,0,18 1 19,2,65,,109161,40,0,10,1,26,,109193,40,0,10,1,66,,109196,40,0,10,1,29,,109165,40,0,10,1,69,,109162,40,0,10,1,29,,109194,40,0,10,1,76,,109189,40,0,10,1,36,,109183,40,0,10,1,72,,109195,40,0,10,1,34,,109190,40,0,18 1 19,1,76,,109184,40,0,18 1 19,1
6802,'H60M100F-71-F1',535,,109197,40,0,10,1,68,,109200,40,0,10,1,36,,109212,40,0,10,2,76,,109198,40,0,10,1,36,,109201,40,0,10,1,78,,109213,40,0,10,2,77,,109199,40,0,10,1,37,,109202,40,0,10,1,77,,109206,40,0,10,1,36,,109214,40,0,10,2,75,,109203,40,0,10,1,72,,109225,40,0,10,2,31,,109207,40,0,10,1,71,,109215,40,0,10,2,30,,109204,40,0,10,1,70,,109226,40,0,10,2,30,,109208,40,0,10,1,70,,109216,40,0,10,2,31,,109205,40,0,10,1,70,,109227,40,0,10,2,30,,109209,40,0,10,1,70,,109217,40,0,10,2,30,,109219,40,0,10,1,70,,109228,40,0,10,2,28,,109210,40,0,10,1,68,,109218,40,0,10,2,28,,109220,40,0,10,1,28,,109229,40,0,10,2,68,,109211,40,0,10,1,27,,109223,40,0,10,1,68,,109233,40,0,10,1,28,,109221,40,0,10,1,68,,109230,40,0,10,2,29,,109224,40,0,10,1,71,,109232,40,0,10,1,33,,109222,40,0,18 1 19,1,73,,109235,40,0,18 1 19,1,31,,109231,40,0,18 1 19,2,72,,109234,40,0,18 1 19,1
6802,'H60M200F-71-F2',535,,109249,40,0,10,1,68,,109236,40,0,10,1,36,,109242,40,0,10,2,76,,109250,40,0,10,1,36,,109238,40,0,10,1,78,,109243,40,0,10,2,77,,109251,40,0,10,1,37,,109237,40,0,10,1,77,,109252,40,0,10,1,36,,109244,40,0,10,2,75,,109239,40,0,10,1,72,,109259,40,0,10,2,31,,109253,40,0,10,1,71,,109247,40,0,10,2,30,,109240,40,0,10,1,70,,109260,40,0,10,2,30,,109254,40,0,10,1,70,,109245,40,0,10,2,31,,109241,40,0,10,1,70,,109258,40,0,10,2,30,,109255,40,0,10,1,70,,109246,40,0,10,2,30,,109268,40,0,10,1,70,,109261,40,0,10,2,28,,109256,40,0,10,1,68,,109248,40,0,10,2,28,,109271,40,0,10,1,28,,109262,40,0,10,2,68,,109257,40,0,10,1,27,,109272,40,0,10,1,68,,109267,40,0,10,1,28,,109269,40,0,10,1,68,,109263,40,0,10,2,29,,109273,40,0,10,1,71,,109266,40,0,10,1,33,,109270,40,0,18 1 19,1,73,,109274,40,0,18 1 19,1,31,,109264,40,0,18 1 19,2,72,,109265,40,0,18 1 19,1
6802,'H60M300F-71-F3',535,,109275,40,0,10,2,68,,109280,40,0,10,1,36,,109298,40,0,10,2,76,,109276,40,0,10,2,36,,109281,40,0,10,1,78,,109299,40,0,10,2,77,,109277,40,0,10,2,37,,109282,40,0,10,1,77,,109292,40,0,10,1,36,,109300,40,0,10,2,75,,109283,40,0,10,1,72,,109307,40,0,10,1,31,,109293,40,0,10,1,71,,109301,40,0,10,2,30,,109284,40,0,10,1,70,,109308,40,0,10,1,30,,109294,40,0,10,1,70,,109302,40,0,10,2,31,,109285,40,0,10,1,70,,109309,40,0,10,1,30,,109295,40,0,10,1,70,,109303,40,0,10,2,30,,109286,40,0,10,1,70,,109310,40,0,10,1,28,,109296,40,0,10,1,68,,109304,40,0,10,2,28,,109287,40,0,10,1,28,,109311,40,0,10,1,68,,109297,40,0,10,1,27,,109289,40,0,10,1,68,,109279,40,0,10,1,28,,109288,40,0,10,1,68,,109312,40,0,10,1,29,,109290,40,0,10,1,71,,109291,40,0,10,2,33,,109305,40,0,18 1 19,1,73,,109278,40,0,18 1 19,1,31,,109313,40,0,18 1 19,1,72,,109306,40,0,18 1 19,1
38202,'H60M000A-71-A',2624,,155543,67,0,10,1,85,,155546,67,0,10,1,45,,155545,67,0,10,1,85,,155544,67,0,10,2
38202,'H60M000I-71-I',2624,,155547,67,0,10,1,85,,155550,67,0,10,1,44,,155548,67,0,10,1,85,,155549,67,0,10,1
38202,'H60M000S-71-S',2625,,155551,67,0,10,1,85,,155553,67,0,10,1,44,,155554,67,0,10,1,85,,155552,67,0,10,1
38202,'H60M100F-71-F1',2624,,155555,67,0,10,1,85,,155556,67,0,10,1,44,,155557,67,0,10,2,85,,155558,67,0,10,1
38202,'H60M200F-71-F2',2624,,155561,67,0,10,1,85,,155562,67,0,10,1,44,,155559,67,0,10,2,85,,155560,67,0,10,1
38202,'H60M300F-71-F3',2624,,155566,67,0,10,1,85,,155563,67,0,10,1,44,,155565,67,0,10,1,85,,155564,67,0,10,1
