18502,'H59U000A-80-A',536,,266002,32,0,10,1,73,,266010,32,0,10,1,33,,266011,32,0,10,1,79,,266012,32,0,10,1,32,,266003,32,0,10,1,72,,266004,32,0,10,1,31,,266013,32,0,10,1,73,,266014,32,0,10,2,71,,266005,32,0,10,1,32,,266018,32,0,10,1,71,,266015,32,0,10,2,33,,266006,32,0,10,1,76,,266019,32,0,10,1,31,,266016,32,0,10,2,69,,266027,32,0,10,1,29,,266007,32,0,10,1,69,,266030,32,0,10,2,28,,266020,32,0,10,1,67,,266028,32,0,10,1,27,,266008,32,0,10,1,69,,266031,32,0,10,2,29,,266021,32,0,10,1,70,,266029,32,0,10,1,29,,266009,32,0,10,1,27,,266032,32,0,10,2,69,,266022,32,0,10,1,29,,266017,32,0,10,2,68,,266033,32,0,10,1,26,,265998,32,0,10,2,71,,266023,32,0,10,1,31,,266034,32,0,10,1,71,,265999,32,0,10,2,31,,266024,32,0,10,1,69,,266035,32,0,10,1,30,,266000,32,0,10,2,71,,266025,32,0,10,1,30,,266036,32,0,10,1,69,,266001,32,0,10,2,28,,266026,32,0,10,1
18502,'H59U000I-80-I',536,,266037,32,0,10,1,71,,266049,32,0,10,2,29,,266061,32,0,10,1,71,,266038,32,0,10,1,30,,266050,32,0,10,2,69,,266062,32,0,10,1,32,,266039,32,0,10,1,72,,266051,32,0,10,2,31,,266063,32,0,10,1,73,,266040,32,0,10,1,34,,266052,32,0,10,2,73,,266064,32,0,10,1,32,,266041,32,0,10,1,73,,266053,32,0,10,2,32,,266065,32,0,10,1,72,,266068,32,0,10,1,70,,266042,32,0,10,1,30,,266054,32,0,10,2,71,,266066,32,0,10,1,30,,266069,32,0,10,1,70,,266043,32,0,10,1,30,,266055,32,0,10,2,69,,266067,32,0,10,1,32,,266070,32,0,10,1,73,,266044,32,0,10,1,31,,266056,32,0,10,2,71,,266071,32,0,10,1,31,,266045,32,0,10,1,69,,266057,32,0,10,2,29,,266072,32,0,10,1,70,,266046,32,0,10,1,29,,266058,32,0,10,2,66,,266073,32,0,10,1,29,,266047,32,0,10,1,29,,266059,32,0,10,2,68,,266074,32,0,10,1,26,,266048,32,0,10,1,67,,266060,32,0,10,2,30,,266075,32,0,10,1
18502,'H59U000S-80-S',537,,266076,32,0,10,1,70,,266084,32,0,10,2,31,,266079,32,0,10,1,72,,266077,32,0,10,1,35,,266085,32,0,10,2,70,,266083,32,0,10,2,27,,266088,32,0,10,1,70,,266078,32,0,10,1,31,,266081,32,0,10,1,70,,266107,32,0,10,1,30,,266089,32,0,10,1,70,,266116,32,0,10,1,29,,266082,32,0,10,1,69,,266108,32,0,10,1,28,,266090,32,0,10,1,69,,266117,32,0,10,1,28,,266098,32,0,10,2,67,,266109,32,0,10,1,27,,266091,32,0,10,1,28,,266118,32,0,10,1,69,,266099,32,0,10,2,30,,266110,32,0,10,1,71,,266092,32,0,10,1,29,,266105,32,0,10,1,71,,266100,32,0,10,2,29,,266111,32,0,10,1,70,,266093,32,0,10,1,26,,266106,32,0,10,1,69,,266101,32,0,10,2,30,,266112,32,0,10,1,71,,266094,32,0,10,1,30,,266102,32,0,10,2,71,,266113,32,0,10,1,30,,266095,32,0,10,1,69,,266103,32,0,10,2,29,,266114,32,0,10,1,70,,266096,32,0,10,1,28,,266104,32,0,10,2,70,,266115,32,0,10,1,32,,266097,32,0,10,1
18502,'H59U100F-80-F1',536,,266119,32,0,10,1,71,,266131,32,0,10,2,29,,266143,32,0,10,1,71,,266120,32,0,10,1,30,,266132,32,0,10,2,69,,266144,32,0,10,1,32,,266121,32,0,10,1,72,,266133,32,0,10,2,31,,266145,32,0,10,1,73,,266122,32,0,10,1,34,,266134,32,0,10,2,73,,266146,32,0,10,1,32,,266123,32,0,10,1,73,,266135,32,0,10,2,32,,266147,32,0,10,1,72,,266150,32,0,10,1,70,,266124,32,0,10,1,30,,266136,32,0,10,2,71,,266148,32,0,10,1,30,,266151,32,0,10,1,70,,266125,32,0,10,1,30,,266137,32,0,10,2,69,,266149,32,0,10,1,32,,266152,32,0,10,1,73,,266126,32,0,10,1,31,,266138,32,0,10,2,71,,266153,32,0,10,1,31,,266127,32,0,10,1,69,,266139,32,0,10,2,29,,266154,32,0,10,1,70,,266128,32,0,10,1,29,,266140,32,0,10,2,66,,266155,32,0,10,1,29,,266129,32,0,10,1,29,,266141,32,0,10,2,68,,266156,32,0,10,1,26,,266130,32,0,10,1,67,,266142,32,0,10,2,30,,266157,32,0,10,1
18502,'H59U200F-80-F2',536,,266158,32,0,10,1,71,,266159,32,0,10,2,29,,266160,32,0,10,1,71,,266161,32,0,10,1,30,,266162,32,0,10,2,69,,266163,32,0,10,1,32,,266164,32,0,10,1,72,,266165,32,0,10,2,31,,266166,32,0,10,1,73,,266167,32,0,10,1,34,,266168,32,0,10,2,73,,266169,32,0,10,1,32,,266170,32,0,10,1,73,,266171,32,0,10,2,32,,266172,32,0,10,1,72,,266173,32,0,10,1,70,,266174,32,0,10,1,30,,266175,32,0,10,2,71,,266176,32,0,10,1,30,,266177,32,0,10,1,70,,266178,32,0,10,1,30,,266179,32,0,10,2,69,,266180,32,0,10,1,32,,266181,32,0,10,1,73,,266182,32,0,10,1,31,,266183,32,0,10,2,71,,266184,32,0,10,1,31,,266185,32,0,10,1,69,,266186,32,0,10,2,29,,266187,32,0,10,1,70,,266188,32,0,10,1,29,,266189,32,0,10,2,66,,266190,32,0,10,1,29,,266191,32,0,10,1,29,,266192,32,0,10,2,68,,266193,32,0,10,1,26,,266194,32,0,10,1,67,,266195,32,0,10,2,30,,266196,32,0,10,1
36402,'H54U000A-80-A',2512,,277474,46,0,10,1,45,,277476,46,0,10,1,86,,277473,46,0,10,1,85,,277472,46,0,10,1,85,,277477,46,0,10,1,39,,277475,46,0,10,1
36402,'H54U000I-80-I',2513,,277478,46,0,10,1,45,,277482,46,0,10,1,85,,277479,46,0,10,1,86,,277480,46,0,10,1,84,,277481,46,0,10,1
36402,'H54U000S-81-S',2513,,277484,46,0,10,1,46,,277487,46,0,10,2,84,,277485,46,0,10,1,86,,277483,46,0,10,1,84,,277486,46,0,10,2
36402,'H54U100F-80-F1',2513,,277488,46,0,10,1,45,,277492,46,0,10,1,85,,277489,46,0,10,1,86,,277490,46,0,10,1,84,,277491,46,0,10,1
36402,'H54U200F-82-F2',2513,,277497,46,0,10,1,45,,277495,46,0,10,2,85,,277494,46,0,10,1,86,,277493,46,0,10,2,84,,277496,46,0,10,1
