4504,'H58U000A-80-A',501,,231030,3,0,9,1,29,,231055,3,0,9,2,70,,231019,3,0,9,1,33,,231031,3,0,9,1,70,,231056,3,0,9,2,30,,231020,3,0,9,1,70,,231032,3,0,9,1,31,,231057,3,0,9,2,70,,231021,3,0,9,1,32,,231033,3,0,9,1,69,,231047,3,0,9,1,28,,231043,3,0,9,2,69,,231022,3,0,9,1,30,,231034,3,0,9,1,70,,231048,3,0,9,1,29,,231044,3,0,9,2,69,,231023,3,0,9,1,26,,231051,3,0,9,1,20,,231035,3,0,9,1,60,,231049,3,0,9,1,20,,231037,3,0,9,2,21,,231045,3,0,9,2,62,,231024,3,0,9,1,21,,231052,3,0,9,1,22,,231036,3,0,9,1,61,,231050,3,0,9,1,25,,231038,3,0,9,2,69,,231046,3,0,9,2,30,,231025,3,0,9,1,70,,231053,3,0,9,1,30,,231058,3,0,9,1,69,,231039,3,0,9,2,29,,231026,3,0,9,1,66,,231054,3,0,9,1,30,,231059,3,0,9,1,71,,231040,3,0,9,2,30,,231027,3,0,9,1,72,,231060,3,0,9,1,32,,231041,3,0,9,2,70,,231028,3,0,9,1,30,,231061,3,0,9,1,71,,231042,3,0,9,2,29,,231029,3,0,9,1,70,,231062,3,0,9,2
4504,'H58U000I-80-I',508,,231063,3,0,9,1,28,,231079,3,0,9,1,69,,231086,3,0,9,2,28,,231064,3,0,9,1,70,,231080,3,0,9,1,29,,231087,3,0,9,2,70,,231065,3,0,9,1,30,,231081,3,0,9,1,70,,231088,3,0,9,2,32,,231066,3,0,9,1,73,,231082,3,0,9,1,30,,231098,3,0,9,1,69,,231089,3,0,9,2,30,,231067,3,0,9,1,70,,231083,3,0,9,1,30,,231099,3,0,9,1,70,,231090,3,0,9,2,30,,231068,3,0,9,1,70,,231084,3,0,9,1,30,,231100,3,0,9,1,71,,231091,3,0,9,2,30,,231069,3,0,9,1,71,,231101,3,0,9,1,31,,231085,3,0,9,1,72,,231092,3,0,9,2,33,,231070,3,0,9,1,72,,231075,3,0,9,1,32,,231094,3,0,9,2,72,,231093,3,0,9,2,31,,231071,3,0,9,1,71,,231076,3,0,9,1,33,,231095,3,0,9,2,71,,231072,3,0,9,1,30,,231077,3,0,9,1,70,,231096,3,0,9,2,30,,231073,3,0,9,1,71,,231078,3,0,9,1,30,,231097,3,0,9,2,64,,231074,3,0,9,1
4504,'H58U000S-80-S',451,,231107,3,0,9,2,65,,231118,3,0,9,2,28,,231132,3,0,9,2,68,,231143,3,0,9,2,25,,231116,3,0,9,1,12,,231119,3,0,9,2,8,,231108,3,0,9,2,49,,231131,3,0,9,2,10,,231111,3,0,9,1,10,,231133,3,0,9,2,13,,231106,3,0,9,2,12,,231146,3,0,9,2,51,,231144,3,0,9,2,12,,231120,3,0,9,2,12,,231126,3,0,9,1,11,,231117,3,0,9,1,12,,231145,3,0,9,2,52,,231109,3,0,9,2,12,,231123,3,0,9,1,12,,231151,3,0,9,1,21,,231134,3,0,9,2,62,,231147,3,0,9,2,22,,231127,3,0,9,1,22,,231110,3,0,9,2,62,,231124,3,0,9,1,20,,231138,3,0,9,2,20,,231135,3,0,9,2,63,,231148,3,0,9,2,24,,231128,3,0,9,1,66,,231125,3,0,9,1,24,,231112,3,0,9,1,25,,231102,3,0,9,1,64,,231136,3,0,9,2,25,,231149,3,0,9,2,63,,231129,3,0,9,1,22,,231113,3,0,9,1,20,,231152,3,0,9,2,60,,231103,3,0,9,1,23,,231137,3,0,9,2,24,,231150,3,0,9,2,64,,231130,3,0,9,1,30,,231114,3,0,9,1,72,,231104,3,0,9,1,31,,231153,3,0,9,2,72,,231139,3,0,9,1,30,,231115,3,0,9,1,70,,231105,3,0,9,1,31,,231154,3,0,9,2,71,,231140,3,0,9,1,30,,231121,3,0,9,2,72,,231155,3,0,9,2,71,,231141,3,0,9,1,28,,231122,3,0,9,2,71,,231156,3,0,9,2,33,,231142,3,0,9,1
4504,'H58U100F-80-F1',508,,231157,3,0,9,1,28,,231173,3,0,9,1,69,,231180,3,0,9,2,28,,231158,3,0,9,1,70,,231174,3,0,9,1,29,,231181,3,0,9,2,70,,231159,3,0,9,1,30,,231175,3,0,9,1,70,,231182,3,0,9,2,32,,231160,3,0,9,1,73,,231176,3,0,9,1,30,,231192,3,0,9,1,69,,231183,3,0,9,2,30,,231161,3,0,9,1,70,,231177,3,0,9,1,30,,231193,3,0,9,1,70,,231184,3,0,9,2,30,,231162,3,0,9,1,70,,231178,3,0,9,1,30,,231194,3,0,9,1,71,,231185,3,0,9,2,30,,231163,3,0,9,1,71,,231195,3,0,9,1,31,,231179,3,0,9,1,72,,231186,3,0,9,2,33,,231164,3,0,9,1,72,,231169,3,0,9,1,32,,231188,3,0,9,2,72,,231187,3,0,9,2,31,,231165,3,0,9,1,71,,231170,3,0,9,1,33,,231189,3,0,9,2,71,,231166,3,0,9,1,30,,231171,3,0,9,1,70,,231190,3,0,9,2,30,,231167,3,0,9,1,71,,231172,3,0,9,1,30,,231191,3,0,9,2,64,,231168,3,0,9,1
4504,'H58U200F-80-F2',508,,231203,3,0,9,2,28,,231215,3,0,9,1,69,,231222,3,0,9,2,28,,231204,3,0,9,2,70,,231216,3,0,9,1,29,,231223,3,0,9,2,70,,231205,3,0,9,2,30,,231217,3,0,9,1,70,,231224,3,0,9,2,32,,231206,3,0,9,2,73,,231218,3,0,9,1,30,,231196,3,0,9,2,69,,231225,3,0,9,2,30,,231212,3,0,9,1,70,,231219,3,0,9,1,30,,231197,3,0,9,2,70,,231226,3,0,9,2,30,,231213,3,0,9,1,70,,231220,3,0,9,1,30,,231198,3,0,9,2,71,,231227,3,0,9,2,30,,231214,3,0,9,1,71,,231207,3,0,9,2,31,,231221,3,0,9,1,72,,231228,3,0,9,2,33,,231230,3,0,9,1,72,,231199,3,0,9,2,32,,231208,3,0,9,1,72,,231229,3,0,9,2,31,,231231,3,0,9,1,71,,231200,3,0,9,2,33,,231209,3,0,9,1,71,,231232,3,0,9,1,30,,231201,3,0,9,2,70,,231210,3,0,9,1,30,,231233,3,0,9,1,71,,231202,3,0,9,2,30,,231211,3,0,9,1,64,,231234,3,0,9,1
35904,'H57U000A-80-A',2536,,277103,3,0,9,1,77,,277104,3,0,9,1,34,,277106,3,0,9,1,74,,277107,3,0,9,1,35,,277105,3,0,9,1,75,,277108,3,0,9,1
35904,'H57U000I-80-I',2501,,277112,3,0,9,1,35,,277109,3,0,9,1,75,,277113,3,0,9,1,35,,277110,3,0,9,1,75,,277114,3,0,9,1,35,,277111,3,0,9,1,75,,277115,3,0,9,1
35904,'H57U000S-81-S',2501,,277118,3,0,9,1,34,,277116,3,0,9,1,77,,277121,3,0,9,1,35,,277119,3,0,9,1,73,,277117,3,0,9,1,38,,277120,3,0,9,1,73,,277122,3,0,9,1
35904,'H57U100F-80-F1',2501,,277126,3,0,9,1,35,,277123,3,0,9,1,75,,277127,3,0,9,1,35,,277124,3,0,9,1,75,,277128,3,0,9,1,35,,277125,3,0,9,1,75,,277129,3,0,9,1
35904,'H57U200F-80-F2',2501,,277133,3,0,9,1,35,,277130,3,0,9,1,75,,277134,3,0,9,1,35,,277131,3,0,9,1,75,,277135,3,0,9,1,35,,277132,3,0,9,1,75,,277136,3,0,9,1
