9201,'H51U000A-83-A',559,,243368,21,0,5,1,71,,243356,21,0,5,2,70,,243380,21,0,5,1,30,,243369,21,0,5,1,70,,243357,21,0,5,2,30,,243381,21,0,5,1,70,,243370,21,0,5,1,31,,243358,21,0,5,2,70,,243382,21,0,5,1,30,,243371,21,0,5,1,75,,243359,21,0,5,2,32,,243383,21,0,5,1,72,,243372,21,0,5,1,33,,243360,21,0,5,2,73,,243384,21,0,5,1,33,,243373,21,0,5,1,69,,243392,21,0,5,2,28,,243361,21,0,5,2,68,,243385,21,0,5,1,27,,243374,21,0,5,1,64,,243393,21,0,5,2,30,,243362,21,0,5,2,73,,243386,21,0,5,1,33,,243375,21,0,5,1,72,,243363,21,0,5,2,29,,243387,21,0,5,1,72,,243376,21,0,5,1,32,,243364,21,0,5,2,70,,243388,21,0,5,1,32,,243377,21,0,5,1,71,,243365,21,0,5,2,32,,243389,21,0,5,1,72,,243378,21,0,5,1,30,,243366,21,0,5,2,70,,243390,21,0,5,1,30,,243379,21,0,5,1,69,,243367,21,0,5,2,30,,243391,21,0,5,1
9201,'H51U000I-83-I',607,,243394,21,0,5,1,24,,243407,21,0,5,2,28,,243396,21,0,5,1,69,,243413,21,0,5,2,28,,243408,21,0,5,2,68,,243397,21,0,5,1,29,,243414,21,0,5,2,71,,243409,21,0,5,2,33,,243398,21,0,5,1,71,,243415,21,0,5,2,72,,243410,21,0,5,2,32,,243399,21,0,5,1,72,,243416,21,0,5,2,32,,243411,21,0,5,2,73,,243400,21,0,5,1,34,,243417,21,0,5,2,73,,243412,21,0,5,2,33,,243401,21,0,5,1,74,,243418,21,0,5,2,33,,243425,21,0,5,2,73,,243402,21,0,5,1,30,,243419,21,0,5,2,72,,243426,21,0,5,2,72,,243403,21,0,5,1,32,,243420,21,0,5,2,72,,243427,21,0,5,2,31,,243404,21,0,5,1,72,,243421,21,0,5,2,32,,243428,21,0,5,2,70,,243405,21,0,5,1,32,,243422,21,0,5,2,72,,243429,21,0,5,2,31,,243406,21,0,5,1,72,,243423,21,0,5,2,30,,243430,21,0,5,2,70,,243395,21,0,5,1,28,,243424,21,0,5,2
9201,'H51U000S-83-S',604,,243432,21,0,5,1,26,,243444,21,0,5,1,27,,243445,21,0,5,2,61,,243451,21,0,5,1,24,,243433,21,0,5,1,62,,243453,21,0,5,2,23,,243454,21,0,5,2,22,,243446,21,0,5,2,60,,243431,21,0,5,1,21,,243434,21,0,5,1,24,,243460,21,0,5,1,68,,243455,21,0,5,2,28,,243469,21,0,5,1,68,,243435,21,0,5,1,29,,243461,21,0,5,1,68,,243456,21,0,5,2,28,,243470,21,0,5,1,68,,243436,21,0,5,1,28,,243462,21,0,5,1,68,,243457,21,0,5,2,28,,243471,21,0,5,1,67,,243437,21,0,5,1,28,,243463,21,0,5,1,20,,243474,21,0,5,2,57,,243458,21,0,5,2,16,,243477,21,0,5,1,16,,243472,21,0,5,1,16,,243438,21,0,5,1,56,,243478,21,0,5,2,15,,243464,21,0,5,1,15,,243479,21,0,5,2,15,,243475,21,0,5,2,53,,243459,21,0,5,2,14,,243447,21,0,5,1,15,,243473,21,0,5,1,16,,243439,21,0,5,1,61,,243465,21,0,5,1,21,,243476,21,0,5,2,22,,243448,21,0,5,1,67,,243440,21,0,5,1,29,,243466,21,0,5,1,69,,243449,21,0,5,1,30,,243441,21,0,5,1,70,,243467,21,0,5,1,30,,243450,21,0,5,1,70,,243442,21,0,5,1,30,,243468,21,0,5,1,68,,243452,21,0,5,1,30,,243443,21,0,5,1
9201,'H51U100F-80-F1',607,,243480,21,0,5,1,24,,243492,21,0,5,2,28,,243481,21,0,5,1,69,,243498,21,0,5,2,28,,243493,21,0,5,2,68,,243482,21,0,5,1,29,,243499,21,0,5,2,71,,243494,21,0,5,2,33,,243483,21,0,5,1,71,,243500,21,0,5,2,72,,243495,21,0,5,2,32,,243484,21,0,5,1,72,,243501,21,0,5,2,32,,243496,21,0,5,2,73,,243485,21,0,5,1,34,,243502,21,0,5,2,73,,243497,21,0,5,2,33,,243486,21,0,5,1,74,,243503,21,0,5,2,33,,243510,21,0,5,2,73,,243487,21,0,5,1,30,,243504,21,0,5,2,72,,243511,21,0,5,2,72,,243488,21,0,5,1,32,,243505,21,0,5,2,72,,243512,21,0,5,2,31,,243489,21,0,5,1,72,,243506,21,0,5,2,32,,243513,21,0,5,2,70,,243490,21,0,5,1,32,,243507,21,0,5,2,72,,243514,21,0,5,2,31,,243491,21,0,5,1,72,,243508,21,0,5,2,30,,243515,21,0,5,2,70,,243516,21,0,5,1,28,,243509,21,0,5,2
9201,'H51U200F-80-F2',607,,243517,21,0,5,1,24,,243529,21,0,5,2,28,,243518,21,0,5,1,69,,243535,21,0,5,2,28,,243530,21,0,5,2,68,,243519,21,0,5,1,29,,243536,21,0,5,2,71,,243531,21,0,5,2,33,,243520,21,0,5,1,71,,243537,21,0,5,2,72,,243532,21,0,5,2,32,,243521,21,0,5,1,72,,243538,21,0,5,2,32,,243533,21,0,5,2,73,,243522,21,0,5,1,34,,243539,21,0,5,2,73,,243534,21,0,5,2,33,,243523,21,0,5,1,74,,243540,21,0,5,2,33,,243547,21,0,5,2,73,,243524,21,0,5,1,30,,243541,21,0,5,2,72,,243548,21,0,5,2,72,,243525,21,0,5,1,32,,243542,21,0,5,2,72,,243549,21,0,5,2,31,,243526,21,0,5,1,72,,243543,21,0,5,2,32,,243550,21,0,5,2,70,,243527,21,0,5,1,32,,243544,21,0,5,2,72,,243551,21,0,5,2,31,,243528,21,0,5,1,72,,243545,21,0,5,2,30,,243552,21,0,5,2,70,,243553,21,0,5,1,28,,243546,21,0,5,2
37201,'H54U000A-80-A',2523,,277812,15,0,5,1,85,,277814,15,0,5,1,44,,277809,15,0,5,1,90,,277810,15,0,5,1,85,,277811,15,0,5,1,84,,277813,15,0,6 7,1
37201,'H54U000I-80-I',2525,,277819,15,0,5,2,87,,277818,15,0,5,1,46,,277820,15,0,5,1,86,,277817,15,0,5,1,85,,277816,15,0,5,1,85,,277815,15,0,6 7,2
37201,'H54U000S-81-S',2525,,277821,15,0,5,1,75,,277827,15,0,5,2,38,,277825,15,0,5,1,80,,277822,15,0,5,2,40,,277826,15,0,5,1,81,,277823,15,0,5,1,85,,277824,15,0,6 7,1
37201,'H54U100F-80-F1',2525,,277832,15,0,5,2,87,,277831,15,0,5,1,46,,277833,15,0,5,1,86,,277830,15,0,5,1,85,,277829,15,0,5,1,85,,277828,15,0,6 7,2
37201,'H54U200F-82-F2',2525,,277835,15,0,5,1,87,,277834,15,0,5,1,46,,277839,15,0,5,1,86,,277838,15,0,5,1,85,,277837,15,0,5,1,85,,277836,15,0,6 7,1
