18901,'H54U000A-80-A',548,,267207,57,0,5,1,69,,267217,57,0,5,1,28,,267219,57,0,5,1,68,,267208,57,0,5,1,28,,267218,57,0,5,1,73,,267220,57,0,5,1,36,,267215,57,0,5,2,73,,267230,57,0,5,1,28,,267239,57,0,5,2,68,,267209,57,0,5,1,32,,267231,57,0,5,1,71,,267240,57,0,5,1,30,,267210,57,0,5,1,69,,267221,57,0,5,1,28,,267241,57,0,5,1,65,,267249,57,0,5,2,23,,267211,57,0,5,1,22,,267222,57,0,5,1,62,,267232,57,0,5,1,22,,267250,57,0,5,2,62,,267212,57,0,5,1,22,,267223,57,0,5,1,22,,267233,57,0,5,1,62,,267251,57,0,5,2,22,,267213,57,0,5,1,16,,267257,57,0,5,2,55,,267229,57,0,5,2,15,,267234,57,0,5,1,16,,267259,57,0,5,2,14,,267252,57,0,5,2,55,,267224,57,0,5,1,15,,267258,57,0,5,2,15,,267216,57,0,5,1,19,,267235,57,0,5,1,61,,267214,57,0,5,1,21,,267225,57,0,5,1,19,,267228,57,0,5,2,58,,267248,57,0,5,1,19,,267236,57,0,5,1,27,,267253,57,0,5,2,70,,267242,57,0,5,1,29,,267237,57,0,5,1,69,,267254,57,0,5,2,29,,267243,57,0,5,1,65,,267245,57,0,5,1,19,,267238,57,0,5,1,20,,267226,57,0,5,2,60,,267255,57,0,5,2,18,,267244,57,0,5,1,19,,267246,57,0,5,1,63,,267227,57,0,5,2,29,,267256,57,0,5,2,70,,267247,57,0,5,1
18901,'H54U000I-80-I',545,,267260,57,0,5,2,69,,267276,57,0,5,1,31,,267290,57,0,5,2,69,,267261,57,0,5,2,29,,267277,57,0,5,1,69,,267291,57,0,5,2,30,,267262,57,0,5,2,70,,267278,57,0,5,1,30,,267292,57,0,5,2,70,,267263,57,0,5,2,30,,267279,57,0,5,1,74,,267293,57,0,5,2,31,,267264,57,0,5,2,72,,267281,57,0,5,1,31,,267280,57,0,5,1,70,,267273,57,0,5,2,32,,267282,57,0,5,1,72,,267303,57,0,5,2,24,,267274,57,0,5,2,61,,267300,57,0,5,1,19,,267267,57,0,5,1,19,,267283,57,0,5,1,60,,267304,57,0,5,2,20,,267275,57,0,5,2,20,,267270,57,0,5,1,56,,267268,57,0,5,1,15,,267305,57,0,5,2,15,,267284,57,0,5,1,15,,267296,57,0,5,2,54,,267265,57,0,5,2,14,,267269,57,0,5,1,14,,267271,57,0,5,1,15,,267297,57,0,5,1,61,,267285,57,0,5,1,21,,267306,57,0,5,1,20,,267266,57,0,5,2,59,,267272,57,0,5,1,23,,267286,57,0,5,1,30,,267307,57,0,5,1,70,,267298,57,0,5,1,30,,267287,57,0,5,1,69,,267308,57,0,5,1,30,,267299,57,0,5,1,69,,267288,57,0,5,1,29,,267301,57,0,5,1,68,,267294,57,0,5,1,26,,267289,57,0,5,1,70,,267302,57,0,5,1,31,,267295,57,0,5,1
18901,'H54U000S-81-S',545,,267309,57,0,5,1,69,,267312,57,0,5,1,35,,267315,57,0,5,2,73,,267314,57,0,5,1,33,,267310,57,0,5,1,71,,267335,57,0,5,1,29,,267339,57,0,5,1,68,,267343,57,0,5,2,29,,267328,57,0,5,1,68,,267336,57,0,5,1,29,,267340,57,0,5,1,70,,267327,57,0,5,1,30,,267322,57,0,5,2,71,,267341,57,0,5,1,32,,267329,57,0,5,1,70,,267323,57,0,5,2,21,,267344,57,0,5,2,60,,267334,57,0,5,1,18,,267342,57,0,5,1,17,,267330,57,0,5,1,20,,267348,57,0,5,2,58,,267324,57,0,5,2,17,,267345,57,0,5,2,18,,267353,57,0,5,1,56,,267357,57,0,5,2,15,,267331,57,0,5,1,14,,267365,57,0,5,2,12,,267349,57,0,5,2,53,,267325,57,0,5,2,10,,267350,57,0,5,2,8,,267346,57,0,5,2,8,,267358,57,0,5,2,9,,267363,57,0,5,2,8,,267354,57,0,5,1,11,,267337,57,0,5,2,51,,267332,57,0,5,1,11,,267326,57,0,5,2,8,,267338,57,0,5,2,10,,267316,57,0,5,2,12,,267351,57,0,5,2,12,,267355,57,0,5,1,55,,267364,57,0,5,2,16,,267367,57,0,5,1,17,,267359,57,0,5,2,56,,267317,57,0,5,2,19,,267366,57,0,5,2,18,,267356,57,0,5,1,19,,267368,57,0,5,1,58,,267347,57,0,5,1,15,,267318,57,0,5,2,15,,267360,57,0,5,1,55,,267333,57,0,5,1,15,,267311,57,0,5,1,15,,267369,57,0,5,1,15,,267352,57,0,5,1,56,,267319,57,0,5,2,21,,267361,57,0,5,1,21,,267313,57,0,5,1,61,,267370,57,0,5,1,23,,267320,57,0,5,2,23,,267362,57,0,5,1,70,,267371,57,0,5,1,30,,267321,57,0,5,2
18901,'H54U100F-80-F1',545,,267372,57,0,5,2,69,,267388,57,0,5,1,31,,267402,57,0,5,2,69,,267373,57,0,5,2,29,,267389,57,0,5,1,69,,267403,57,0,5,2,30,,267374,57,0,5,2,70,,267390,57,0,5,1,30,,267404,57,0,5,2,70,,267375,57,0,5,2,30,,267391,57,0,5,1,74,,267405,57,0,5,2,31,,267376,57,0,5,2,72,,267393,57,0,5,1,31,,267392,57,0,5,1,70,,267385,57,0,5,2,32,,267394,57,0,5,1,72,,267415,57,0,5,2,24,,267386,57,0,5,2,61,,267412,57,0,5,1,19,,267379,57,0,5,1,19,,267395,57,0,5,1,60,,267416,57,0,5,2,20,,267387,57,0,5,2,20,,267382,57,0,5,1,56,,267380,57,0,5,1,15,,267417,57,0,5,2,15,,267396,57,0,5,1,15,,267408,57,0,5,2,54,,267377,57,0,5,2,14,,267381,57,0,5,1,14,,267383,57,0,5,1,15,,267409,57,0,5,1,61,,267397,57,0,5,1,21,,267418,57,0,5,1,20,,267378,57,0,5,2,59,,267384,57,0,5,1,23,,267398,57,0,5,1,30,,267419,57,0,5,1,70,,267410,57,0,5,1,30,,267399,57,0,5,1,69,,267420,57,0,5,1,30,,267411,57,0,5,1,69,,267400,57,0,5,1,29,,267413,57,0,5,1,68,,267406,57,0,5,1,26,,267401,57,0,5,1,70,,267414,57,0,5,1,31,,267407,57,0,5,1
18901,'H54U200F-82-F2',545,,267421,57,0,5,1,69,,267427,57,0,5,2,31,,267436,57,0,5,2,69,,267422,57,0,5,1,29,,267428,57,0,5,2,69,,267437,57,0,5,2,30,,267423,57,0,5,1,70,,267429,57,0,5,2,30,,267438,57,0,5,2,70,,267424,57,0,5,1,30,,267430,57,0,5,2,74,,267439,57,0,5,2,31,,267425,57,0,5,1,72,,267431,57,0,5,2,31,,267451,57,0,5,1,70,,267442,57,0,5,1,32,,267432,57,0,5,2,72,,267433,57,0,5,1,24,,267452,57,0,5,1,61,,267443,57,0,5,1,19,,267456,57,0,5,2,19,,267444,57,0,5,1,60,,267466,57,0,5,2,20,,267453,57,0,5,1,20,,267459,57,0,5,1,56,,267457,57,0,5,2,15,,267450,57,0,5,1,15,,267445,57,0,5,1,15,,267455,57,0,5,2,54,,267454,57,0,5,1,14,,267458,57,0,5,2,14,,267460,57,0,5,1,15,,267426,57,0,5,1,61,,267446,57,0,5,1,21,,267434,57,0,5,1,20,,267449,57,0,5,1,59,,267461,57,0,5,1,23,,267447,57,0,5,1,30,,267435,57,0,5,1,70,,267462,57,0,5,1,30,,267448,57,0,5,1,69,,267467,57,0,5,2,30,,267463,57,0,5,1,69,,267440,57,0,5,2,29,,267468,57,0,5,1,68,,267464,57,0,5,1,26,,267441,57,0,5,2,70,,267469,57,0,5,1,31,,267465,57,0,5,1
36201,'H54U000A-80-A',2718,,277314,103,0,5,1,85,,277315,103,0,5,2,45,,277316,103,0,5,1,85,,277317,103,0,5,1
36201,'H54U000I-80-I',2634,,277318,103,0,5,1,84,,277320,103,0,5,1,84,,277321,103,0,5,2,45,,277322,103,0,5,1,85,,277319,103,0,5,1
36201,'H54U000S-81-S',2633,,277324,103,0,5,1,85,,277327,103,0,5,2,85,,277323,103,0,5,1,44,,277326,103,0,5,2,85,,277325,103,0,5,1
36201,'H54U100F-80-F1',2634,,277328,103,0,5,1,84,,277330,103,0,5,1,84,,277331,103,0,5,2,45,,277332,103,0,5,1,85,,277329,103,0,5,1
36201,'H54U200F-82-F2',2634,,277336,103,0,5,1,84,,277335,103,0,5,1,84,,277334,103,0,5,2,45,,277333,103,0,5,1,85,,277337,103,0,5,1
48701,'H54U000S-81-S',1530,,281073,26,0,99 125,1,29,,281077,26,0,99 125,2,73,,281078,26,0,99 125,2,68,,281074,26,0,99 125,1,16,,281081,26,0,99 125,2,16,,281071,26,0,99 125,1,25,,281079,26,0,99 125,2,69,,281075,26,0,99 125,1,29,,281072,26,0,99 125,1,69,,281080,26,0,99 125,2,30,,281076,26,0,99 125,1
48701,'H54U200F-82-F2',1530,,281083,26,0,99 125,2,29,,281091,26,0,99 125,1,73,,281095,26,0,99 125,1,68,,281084,26,0,99 125,2,29,,281093,26,0,99 125,2,29,,281096,26,0,99 125,1,68,,281085,26,0,99 125,2,29,,281094,26,0,99 125,2,69,,281092,26,0,99 125,1,30,,281086,26,0,99 125,2
