12403,'H50U000A-82-A',614,,253114,21,0,8,2,30,,253127,21,0,8,2,70,,253134,21,0,8,1,30,,253115,21,0,8,2,70,,253128,21,0,8,2,31,,253135,21,0,8,1,71,,253116,21,0,8,2,31,,253129,21,0,8,2,70,,253136,21,0,8,1,29,,253117,21,0,8,2,69,,253130,21,0,8,2,31,,253137,21,0,8,1,71,,253118,21,0,8,2,30,,253131,21,0,8,2,70,,253138,21,0,8,1,30,,253119,21,0,8,2,70,,253132,21,0,8,2,31,,253139,21,0,8,1,71,,253120,21,0,8,2,30,,253133,21,0,8,2,69,,253140,21,0,8,1,30,,253121,21,0,8,2,69,,253111,21,0,8,2,29,,253141,21,0,8,1,70,,253122,21,0,8,2,30,,253112,21,0,8,2,69,,253142,21,0,8,1,30,,253123,21,0,8,2,70,,253113,21,0,8,2,30,,253143,21,0,8,1,70,,253124,21,0,8,2,29,,253144,21,0,8,1,70,,253109,21,0,8,1,30,,253125,21,0,8,2,70,,253145,21,0,8,1,30,,253110,21,0,8,1,67,,253126,21,0,8,2
12403,'H50U000I-82-I',655,,253158,21,0,8,1,72,,253170,21,0,8,2,32,,253146,21,0,8,1,69,,253159,21,0,8,1,29,,253171,21,0,8,2,70,,253147,21,0,8,1,29,,253160,21,0,8,1,70,,253172,21,0,8,2,30,,253148,21,0,8,1,71,,253161,21,0,8,1,30,,253173,21,0,8,2,70,,253149,21,0,8,1,31,,253162,21,0,8,1,70,,253174,21,0,8,2,30,,253150,21,0,8,1,70,,253163,21,0,8,1,30,,253175,21,0,8,2,71,,253151,21,0,8,1,30,,253164,21,0,8,1,69,,253176,21,0,8,2,30,,253152,21,0,8,1,70,,253165,21,0,8,1,29,,253177,21,0,8,2,69,,253153,21,0,8,1,29,,253166,21,0,8,1,70,,253178,21,0,8,2,30,,253154,21,0,8,1,69,,253167,21,0,8,1,29,,253179,21,0,8,2,68,,253155,21,0,8,1,29,,253168,21,0,8,1,69,,253180,21,0,8,2,29,,253156,21,0,8,1,68,,253169,21,0,8,1,29,,253181,21,0,8,2,70,,253157,21,0,8,1
12403,'H50U000S-83-S',549,,253188,21,0,8,2,70,,253192,21,0,8,1,29,,253205,21,0,8,2,70,,253189,21,0,8,2,32,,253193,21,0,8,1,71,,253199,21,0,8,2,29,,253182,21,0,8,1,69,,253184,21,0,8,1,28,,253190,21,0,8,2,71,,253200,21,0,8,2,31,,253185,21,0,8,1,70,,253206,21,0,8,2,31,,253201,21,0,8,2,71,,253186,21,0,8,1,30,,253207,21,0,8,2,71,,253202,21,0,8,2,31,,253187,21,0,8,1,72,,253208,21,0,8,2,31,,253203,21,0,8,2,71,,253214,21,0,8,1,28,,253191,21,0,8,1,68,,253209,21,0,8,2,31,,253204,21,0,8,2,69,,253219,21,0,8,1,31,,253194,21,0,8,1,71,,253210,21,0,8,2,32,,253215,21,0,8,1,70,,253195,21,0,8,1,29,,253211,21,0,8,2,70,,253216,21,0,8,1,29,,253196,21,0,8,1,67,,253212,21,0,8,2,29,,253217,21,0,8,1,69,,253197,21,0,8,1,29,,253213,21,0,8,2,69,,253218,21,0,8,1,28,,253198,21,0,8,1,67,,253183,21,0,8,2
12403,'H50U100F-80-F1',655,,253232,21,0,8,1,72,,253244,21,0,8,2,32,,253220,21,0,8,1,69,,253233,21,0,8,1,29,,253245,21,0,8,2,70,,253221,21,0,8,1,29,,253234,21,0,8,1,70,,253246,21,0,8,2,30,,253222,21,0,8,1,71,,253235,21,0,8,1,30,,253247,21,0,8,2,70,,253223,21,0,8,1,31,,253236,21,0,8,1,70,,253248,21,0,8,2,30,,253224,21,0,8,1,70,,253237,21,0,8,1,30,,253249,21,0,8,2,71,,253225,21,0,8,1,30,,253238,21,0,8,1,69,,253250,21,0,8,2,30,,253226,21,0,8,1,70,,253239,21,0,8,1,29,,253251,21,0,8,2,69,,253227,21,0,8,1,29,,253240,21,0,8,1,70,,253252,21,0,8,2,30,,253228,21,0,8,1,69,,253241,21,0,8,1,29,,253253,21,0,8,2,68,,253229,21,0,8,1,29,,253242,21,0,8,1,69,,253254,21,0,8,2,29,,253230,21,0,8,1,68,,253243,21,0,8,1,29,,253255,21,0,8,2,70,,253231,21,0,8,1
12403,'H50U200F-80-F2',655,,253268,21,0,8,1,72,,253280,21,0,8,2,32,,253256,21,0,8,1,69,,253269,21,0,8,1,29,,253281,21,0,8,2,70,,253257,21,0,8,1,29,,253270,21,0,8,1,70,,253282,21,0,8,2,30,,253258,21,0,8,1,71,,253271,21,0,8,1,30,,253283,21,0,8,2,70,,253259,21,0,8,1,31,,253272,21,0,8,1,70,,253284,21,0,8,2,30,,253260,21,0,8,1,70,,253273,21,0,8,1,30,,253285,21,0,8,2,71,,253261,21,0,8,1,30,,253274,21,0,8,1,69,,253286,21,0,8,2,30,,253262,21,0,8,1,70,,253275,21,0,8,1,29,,253287,21,0,8,2,69,,253263,21,0,8,1,29,,253276,21,0,8,1,70,,253288,21,0,8,2,30,,253264,21,0,8,1,69,,253277,21,0,8,1,29,,253289,21,0,8,2,68,,253265,21,0,8,1,29,,253278,21,0,8,1,69,,253290,21,0,8,2,29,,253266,21,0,8,1,68,,253279,21,0,8,1,29,,253291,21,0,8,2,70,,253267,21,0,8,1
36802,'H57U000A-80-A',2632,,277589,54,0,10,1,21,,277588,54,0,10,1,59,,277586,54,0,10,2,30,,277584,54,0,10,1,70,,277590,54,0,10,2,34,,277587,54,0,10,2,83,,277585,54,0,10,1
36802,'H57U000I-80-I',2626,,277592,54,0,10,1,86,,277594,54,0,10,1,45,,277591,54,0,10,1,87,,277593,54,0,10,1,87,,277595,54,0,10,1
36802,'H57U000S-81-S',2628,,277596,54,0,10,1,81,,277597,54,0,10,1,93,,277599,54,0,10,1,54,,277598,54,0,10,1,78,,277600,54,0,10,1
36802,'H57U100F-80-F1',2626,,277602,54,0,10,1,86,,277604,54,0,10,1,45,,277601,54,0,10,1,87,,277603,54,0,10,1,87,,277605,54,0,10,1
36802,'H57U200F-80-F2',2626,,277607,54,0,10,1,86,,277609,54,0,10,1,45,,277606,54,0,10,1,87,,277608,54,0,10,1,87,,277610,54,0,10,1
