14401,'H51U000A-83-A',510,,258185,3,0,5,2,22,,258210,3,0,5,1,22,,258186,3,0,5,2,62,,258211,3,0,5,1,22,,258187,3,0,5,2,62,,258212,3,0,5,1,22,,258188,3,0,5,2,21,,258213,3,0,5,1,61,,258189,3,0,5,2,21,,258214,3,0,5,1,21,,258190,3,0,5,2,61,,258215,3,0,5,1,22,,258191,3,0,5,2,22,,258216,3,0,5,1,62,,258192,3,0,5,2,22,,258217,3,0,5,1,24,,258193,3,0,5,2,64,,258218,3,0,5,1,26,,258194,3,0,5,2,67,,258219,3,0,5,1,27,,258195,3,0,5,2,67,,258220,3,0,5,1,27,,258196,3,0,5,2,67,,258221,3,0,5,1,27,,258197,3,0,5,2,27,,258222,3,0,5,1,67,,258198,3,0,5,2,26,,258223,3,0,5,1,66,,258199,3,0,5,2,26,,258224,3,0,5,1,66,,258200,3,0,5,2,26,,258225,3,0,5,1,66,,258201,3,0,5,2,26,,258226,3,0,5,1,26,,258202,3,0,5,2,66,,258227,3,0,5,1,26,,258203,3,0,5,2,66,,258228,3,0,5,1,26,,258204,3,0,5,2,65,,258229,3,0,5,1,24,,258205,3,0,5,2,24,,258230,3,0,5,1,63,,258206,3,0,5,2,22,,258231,3,0,5,1,22,,258207,3,0,5,2,62,,258235,3,0,5,2,22,,258232,3,0,5,1,61,,258234,3,0,5,2,22,,258208,3,0,5,2,21,,258236,3,0,5,2,60,,258233,3,0,5,1,21,,258209,3,0,5,2
14401,'H51U000I-83-I',513,,258264,3,0,5,2,22,,258238,3,0,5,1,22,,258265,3,0,5,2,62,,258239,3,0,5,1,22,,258266,3,0,5,2,62,,258240,3,0,5,1,22,,258267,3,0,5,2,22,,258241,3,0,5,1,62,,258268,3,0,5,2,22,,258242,3,0,5,1,22,,258269,3,0,5,2,61,,258243,3,0,5,1,20,,258270,3,0,5,2,21,,258244,3,0,5,1,60,,258271,3,0,5,2,21,,258245,3,0,5,1,22,,258272,3,0,5,2,62,,258246,3,0,5,1,22,,258273,3,0,5,2,62,,258247,3,0,5,1,25,,258274,3,0,5,2,28,,258248,3,0,5,1,68,,258275,3,0,5,2,28,,258249,3,0,5,1,68,,258276,3,0,5,2,28,,258250,3,0,5,1,68,,258277,3,0,5,2,28,,258251,3,0,5,1,68,,258278,3,0,5,2,28,,258252,3,0,5,1,68,,258279,3,0,5,2,26,,258253,3,0,5,1,66,,258280,3,0,5,2,26,,258254,3,0,5,1,26,,258281,3,0,5,2,66,,258255,3,0,5,1,26,,258282,3,0,5,2,66,,258256,3,0,5,1,26,,258283,3,0,5,2,64,,258257,3,0,5,1,24,,258284,3,0,5,2,24,,258258,3,0,5,1,62,,258285,3,0,5,2,21,,258259,3,0,5,1,22,,258286,3,0,5,2,62,,258260,3,0,5,1,22,,258287,3,0,5,2,62,,258261,3,0,5,1,22,,258288,3,0,5,2,22,,258262,3,0,5,1,62,,258237,3,0,5,2,23,,258263,3,0,5,1
14401,'H51U000S-83-S',520,,258303,3,0,5,1,28,,258289,3,0,5,2,68,,258304,3,0,5,1,30,,258290,3,0,5,2,70,,258305,3,0,5,1,30,,258291,3,0,5,2,70,,258306,3,0,5,1,30,,258292,3,0,5,2,70,,258307,3,0,5,1,30,,258293,3,0,5,2,70,,258308,3,0,5,1,30,,258294,3,0,5,2,70,,258309,3,0,5,1,30,,258295,3,0,5,2,70,,258310,3,0,5,1,30,,258296,3,0,5,2,69,,258311,3,0,5,1,28,,258297,3,0,5,2,68,,258312,3,0,5,1,28,,258298,3,0,5,2,68,,258313,3,0,5,1,28,,258299,3,0,5,2,68,,258314,3,0,5,1,28,,258300,3,0,5,2,70,,258315,3,0,5,1,30,,258301,3,0,5,2,70,,258316,3,0,5,1,30,,258302,3,0,5,2,70,,258317,3,0,5,1,30,,258324,3,0,5,1,70,,258318,3,0,5,1,30,,258325,3,0,5,1,70,,258319,3,0,5,1,30,,258326,3,0,5,1,70,,258320,3,0,5,1,30,,258327,3,0,5,1,70,,258321,3,0,5,1,30,,258328,3,0,5,1,70,,258322,3,0,5,1,30,,258329,3,0,5,1,70,,258323,3,0,5,1,30,,258330,3,0,5,1
14401,'H51U100F-80-F1',513,,258358,3,0,5,2,22,,258332,3,0,5,1,22,,258359,3,0,5,2,62,,258333,3,0,5,1,22,,258360,3,0,5,2,62,,258334,3,0,5,1,22,,258361,3,0,5,2,22,,258335,3,0,5,1,62,,258362,3,0,5,2,22,,258336,3,0,5,1,22,,258363,3,0,5,2,61,,258337,3,0,5,1,20,,258364,3,0,5,2,21,,258338,3,0,5,1,60,,258365,3,0,5,2,21,,258339,3,0,5,1,22,,258366,3,0,5,2,62,,258340,3,0,5,1,22,,258367,3,0,5,2,62,,258341,3,0,5,1,25,,258368,3,0,5,2,28,,258342,3,0,5,1,68,,258369,3,0,5,2,28,,258343,3,0,5,1,68,,258370,3,0,5,2,28,,258344,3,0,5,1,68,,258371,3,0,5,2,28,,258345,3,0,5,1,68,,258372,3,0,5,2,28,,258346,3,0,5,1,68,,258373,3,0,5,2,26,,258347,3,0,5,1,66,,258374,3,0,5,2,26,,258348,3,0,5,1,26,,258375,3,0,5,2,66,,258349,3,0,5,1,26,,258376,3,0,5,2,66,,258350,3,0,5,1,26,,258377,3,0,5,2,64,,258351,3,0,5,1,24,,258378,3,0,5,2,24,,258352,3,0,5,1,62,,258379,3,0,5,2,21,,258353,3,0,5,1,22,,258380,3,0,5,2,62,,258354,3,0,5,1,22,,258381,3,0,5,2,62,,258355,3,0,5,1,22,,258382,3,0,5,2,22,,258356,3,0,5,1,62,,258331,3,0,5,2,23,,258357,3,0,5,1
14401,'H51U200F-80-F2',513,,258410,3,0,5,2,22,,258384,3,0,5,1,22,,258411,3,0,5,2,62,,258385,3,0,5,1,22,,258412,3,0,5,2,62,,258386,3,0,5,1,22,,258413,3,0,5,2,22,,258387,3,0,5,1,62,,258414,3,0,5,2,22,,258388,3,0,5,1,22,,258415,3,0,5,2,61,,258389,3,0,5,1,20,,258416,3,0,5,2,21,,258390,3,0,5,1,60,,258417,3,0,5,2,21,,258391,3,0,5,1,22,,258418,3,0,5,2,62,,258392,3,0,5,1,22,,258419,3,0,5,2,62,,258393,3,0,5,1,25,,258420,3,0,5,2,28,,258394,3,0,5,1,68,,258421,3,0,5,2,28,,258395,3,0,5,1,68,,258422,3,0,5,2,28,,258396,3,0,5,1,68,,258423,3,0,5,2,28,,258397,3,0,5,1,68,,258424,3,0,5,2,28,,258398,3,0,5,1,68,,258425,3,0,5,2,26,,258399,3,0,5,1,66,,258426,3,0,5,2,26,,258400,3,0,5,1,26,,258427,3,0,5,2,66,,258401,3,0,5,1,26,,258428,3,0,5,2,66,,258402,3,0,5,1,26,,258429,3,0,5,2,64,,258403,3,0,5,1,24,,258430,3,0,5,2,24,,258404,3,0,5,1,62,,258431,3,0,5,2,21,,258405,3,0,5,1,22,,258432,3,0,5,2,62,,258406,3,0,5,1,22,,258433,3,0,5,2,62,,258407,3,0,5,1,22,,258434,3,0,5,2,22,,258408,3,0,5,1,62,,258383,3,0,5,2,23,,258409,3,0,5,1
36001,'H56U000A-80-A',2601,,277137,3,0,5,1,43,,277140,3,0,5,1,85,,277138,3,0,5,1,86,,277139,3,0,5,1,86,,277141,3,0,5,1
36001,'H56U000I-80-I',2601,,277146,3,0,5,2,45,,277142,3,0,5,1,85,,277144,3,0,5,1,84,,277143,3,0,5,1,86,,277145,3,0,5,1
36001,'H56U000S-81-S',2601,,277149,3,0,5,2,45,,277147,3,0,5,1,85,,277150,3,0,5,1,85,,277151,3,0,5,2,85,,277148,3,0,5,1
36001,'H56U100F-80-F1',2601,,277156,3,0,5,2,45,,277152,3,0,5,1,85,,277154,3,0,5,1,84,,277153,3,0,5,1,86,,277155,3,0,5,1
36001,'H56U200F-80-F2',2601,,277161,3,0,5,2,45,,277157,3,0,5,1,85,,277159,3,0,5,1,84,,277158,3,0,5,1,86,,277160,3,0,5,1
