19603,'H60U000S-86-S',548,,269167,5,0,8,1,60,,269174,5,0,8,2,24,,269176,5,0,8,2,25,,269169,5,0,8,1,64,,269159,5,0,8,1,21,,269178,5,0,8,2,63,,269175,5,0,8,2,26,,269177,5,0,8,2,25,,269170,5,0,8,1,66,,269160,5,0,8,1,29,,269179,5,0,8,2,69,,269185,5,0,8,1,28,,269171,5,0,8,1,68,,269161,5,0,8,1,27,,269180,5,0,8,2,67,,269186,5,0,8,1,28,,269172,5,0,8,1,67,,269162,5,0,8,1,30,,269181,5,0,8,2,68,,269187,5,0,8,1,20,,269193,5,0,8,2,12,,269173,5,0,8,1,10,,269195,5,0,8,1,8,,269196,5,0,8,2,48,,269163,5,0,8,1,7,,269197,5,0,8,2,7,,269198,5,0,8,2,7,,269194,5,0,8,2,6,,269200,5,0,8,1,6,,269203,5,0,8,1,7,,269207,5,0,8,1,6,,269191,5,0,8,1,5,,269209,5,0,8,2,6,,269210,5,0,8,2,46,,269211,5,0,8,2,6,,269212,5,0,8,2,9,,269183,5,0,8,1,10,,269164,5,0,8,1,10,,269182,5,0,8,1,12,,269202,5,0,8,2,50,,269204,5,0,8,1,12,,269214,5,0,8,1,12,,269199,5,0,8,2,11,,269216,5,0,8,2,12,,269192,5,0,8,1,52,,269217,5,0,8,1,20,,269184,5,0,8,1,25,,269206,5,0,8,2,73,,269215,5,0,8,1,33,,269166,5,0,8,1,73,,269218,5,0,8,1,33,,269208,5,0,8,1,73,,269188,5,0,8,1,71,,269189,5,0,8,1,31,,269168,5,0,8,1,22,,269158,5,0,8,1,55,,269213,5,0,8,1
19603,'H60U100F-85-F1',548,,269221,5,0,8,1,60,,269233,5,0,8,2,24,,269238,5,0,8,1,25,,269225,5,0,8,1,64,,269234,5,0,8,1,21,,269245,5,0,8,1,63,,269222,5,0,8,1,26,,269244,5,0,8,2,25,,269224,5,0,8,1,66,,269247,5,0,8,2,29,,269235,5,0,8,1,69,,269229,5,0,8,2,28,,269226,5,0,8,1,68,,269248,5,0,8,2,27,,269236,5,0,8,1,67,,269230,5,0,8,2,28,,269227,5,0,8,1,67,,269249,5,0,8,2,30,,269237,5,0,8,1,68,,269231,5,0,8,2,32,,269228,5,0,8,1,73,,269250,5,0,8,2,33,,269252,5,0,8,1,69,,269256,5,0,8,2,19,,269232,5,0,8,2,72,,269241,5,0,8,1,29,,269251,5,0,8,2,28,,269253,5,0,8,1,68,,269257,5,0,8,2,27,,269264,5,0,8,1,70,,269242,5,0,8,1,28,,269220,5,0,8,1,73,,269255,5,0,8,1,33,,269246,5,0,8,1,73,,269260,5,0,8,1,71,,269223,5,0,8,1,31,,269258,5,0,8,1,22,,269261,5,0,8,1,55,,269243,5,0,8,1
19603,'H60U200F-83-F2',548,,269266,5,0,8,1,60,,269278,5,0,8,2,24,,269283,5,0,8,1,25,,269270,5,0,8,1,64,,269279,5,0,8,1,21,,269290,5,0,8,1,63,,269267,5,0,8,1,26,,269289,5,0,8,2,25,,269269,5,0,8,1,66,,269292,5,0,8,2,29,,269280,5,0,8,1,69,,269274,5,0,8,2,28,,269271,5,0,8,1,68,,269293,5,0,8,2,27,,269281,5,0,8,1,67,,269275,5,0,8,2,28,,269272,5,0,8,1,67,,269294,5,0,8,2,30,,269282,5,0,8,1,68,,269276,5,0,8,2,32,,269273,5,0,8,1,73,,269295,5,0,8,2,33,,269297,5,0,8,1,69,,269301,5,0,8,2,19,,269277,5,0,8,2,72,,269286,5,0,8,1,29,,269296,5,0,8,2,28,,269298,5,0,8,1,68,,269302,5,0,8,2,27,,269309,5,0,8,1,70,,269287,5,0,8,1,28,,269265,5,0,8,1,73,,269300,5,0,8,1,33,,269291,5,0,8,1,73,,269305,5,0,8,1,71,,269268,5,0,8,1,31,,269303,5,0,8,1,22,,269306,5,0,8,1,55,,269288,5,0,8,1
35602,'H56U000A-80-A',2609,,276884,80,0,10,1,18,,276874,80,0,10,1,13,,276883,80,0,10,1,14,,276881,80,0,10,2,53,,276873,80,0,10,1,13,,276882,80,0,10,2,13,,276876,80,0,10,1,13,,276875,80,0,10,1,13,,276880,80,0,10,2,53,,276878,80,0,10,2,13,,276877,80,0,10,1,13,,276879,80,0,10,1,13,,276886,80,0,10,1,53,,276885,80,0,10,1,13,,276887,80,0,10,1
35602,'H56U000I-80-I',2606,,276888,80,0,10,1,48,,276891,80,0,10,1,85,,276892,80,0,10,2,88,,276889,80,0,10,1,81,,276890,80,0,10,2
35602,'H56U000S-81-S',2600,,276894,80,0,10,1,46,,276899,80,0,10,2,85,,276896,80,0,10,1,27,,276893,80,0,10,1,65,,276895,80,0,10,1,25,,276897,80,0,10,2,65,,276898,80,0,10,1
35602,'H56U100F-80-F1',2606,,276900,80,0,10,1,48,,276903,80,0,10,1,85,,276904,80,0,10,2,88,,276901,80,0,10,1,81,,276902,80,0,10,2
35602,'H56U200F-80-F2',2606,,276905,80,0,10,1,48,,276908,80,0,10,1,85,,276909,80,0,10,2,88,,276906,80,0,10,1,81,,276907,80,0,10,2
49602,'H56U000A-80-A',723,,281466,13,0,10,1,26,,281452,13,0,10,1,68,,281448,13,0,10,1,28,,281467,13,0,10,1,70,,281453,13,0,10,1,32,,281485,13,0,10,1,72,,281468,13,0,10,1,32,,281472,13,0,10,2,71,,281486,13,0,10,1,30,,281469,13,0,10,1,69,,281473,13,0,10,2,30,,281487,13,0,10,1,70,,281470,13,0,10,1,29,,281474,13,0,10,2,65,,281488,13,0,10,1,22,,281478,13,0,10,1,20,,281459,13,0,10,2,60,,281475,13,0,10,2,20,,281489,13,0,10,1,19,,281479,13,0,10,1,58,,281460,13,0,10,2,16,,281463,13,0,10,1,15,,281476,13,0,10,2,56,,281490,13,0,10,1,17,,281480,13,0,10,1,16,,281461,13,0,10,2,14,,281449,13,0,10,2,54,,281464,13,0,10,1,14,,281491,13,0,10,1,15,,281477,13,0,10,2,16,,281481,13,0,10,1,58,,281450,13,0,10,2,20,,281465,13,0,10,2,22,,281492,13,0,10,1,62,,281482,13,0,10,1,23,,281451,13,0,10,2,22,,281454,13,0,10,1,64,,281493,13,0,10,1,25,,281483,13,0,10,1,67,,281455,13,0,10,1,24,,281456,13,0,10,1,24,,281462,13,0,10,2,63,,281457,13,0,10,2,27,,281471,13,0,10,2,72,,281484,13,0,10,1,33,,281458,13,0,10,2
49602,'H56U000I-80-I',723,,281499,13,0,10,1,28,,281520,13,0,10,2,68,,281514,13,0,10,1,28,,281500,13,0,10,1,71,,281521,13,0,10,2,31,,281515,13,0,10,1,71,,281501,13,0,10,1,32,,281522,13,0,10,2,71,,281516,13,0,10,1,31,,281502,13,0,10,1,70,,281523,13,0,10,2,30,,281517,13,0,10,1,70,,281532,13,0,10,1,29,,281524,13,0,10,2,67,,281511,13,0,10,2,21,,281533,13,0,10,1,59,,281528,13,0,10,1,19,,281525,13,0,10,2,19,,281512,13,0,10,2,20,,281534,13,0,10,1,60,,281529,13,0,10,1,19,,281526,13,0,10,2,17,,281513,13,0,10,2,57,,281497,13,0,10,1,16,,281535,13,0,10,1,16,,281530,13,0,10,1,16,,281496,13,0,10,1,55,,281527,13,0,10,2,15,,281498,13,0,10,1,15,,281536,13,0,10,1,60,,281531,13,0,10,1,22,,281507,13,0,10,2,21,,281494,13,0,10,1,61,,281537,13,0,10,1,22,,281518,13,0,10,1,22,,281495,13,0,10,1,62,,281508,13,0,10,1,22,,281538,13,0,10,1,21,,281509,13,0,10,1,63,,281505,13,0,10,2,23,,281503,13,0,10,1,71,,281510,13,0,10,1,33,,281519,13,0,10,1,73,,281504,13,0,10,1,33,,281506,13,0,10,1
49602,'H56U000S-81-S',556,,281545,13,0,10,1,73,,281547,13,0,10,1,23,,281542,13,0,10,1,65,,281546,13,0,10,1,14,,281559,13,0,10,2,16,,281587,13,0,10,1,56,,281582,13,0,10,2,16,,281600,13,0,10,1,16,,281562,13,0,10,2,17,,281551,13,0,10,1,59,,281575,13,0,10,1,19,,281583,13,0,10,2,17,,281601,13,0,10,1,60,,281596,13,0,10,1,21,,281564,13,0,10,2,21,,281576,13,0,10,1,63,,281602,13,0,10,1,23,,281597,13,0,10,1,22,,281565,13,0,10,2,62,,281577,13,0,10,1,24,,281603,13,0,10,1,62,,281598,13,0,10,1,24,,281566,13,0,10,2,23,,281584,13,0,10,2,62,,281578,13,0,10,1,26,,281599,13,0,10,1,63,,281567,13,0,10,2,24,,281585,13,0,10,2,17,,281579,13,0,10,1,12,,281539,13,0,10,1,52,,281588,13,0,10,1,12,,281595,13,0,10,2,12,,281563,13,0,10,2,13,,281568,13,0,10,2,12,,281604,13,0,10,1,52,,281586,13,0,10,2,11,,281580,13,0,10,1,11,,281540,13,0,10,1,12,,281589,13,0,10,1,11,,281561,13,0,10,1,49,,281543,13,0,10,2,11,,281569,13,0,10,2,10,,281556,13,0,10,1,12,,281553,13,0,10,2,12,,281581,13,0,10,1,11,,281593,13,0,10,2,50,,281541,13,0,10,1,9,,281590,13,0,10,1,11,,281558,13,0,10,2,12,,281570,13,0,10,2,12,,281560,13,0,10,2,52,,281554,13,0,10,2,14,,281594,13,0,10,2,14,,281557,13,0,10,1,14,,281591,13,0,10,1,59,,281571,13,0,10,2,21,,281555,13,0,10,2,20,,281548,13,0,10,2,61,,281592,13,0,10,1,24,,281572,13,0,10,2,69,,281549,13,0,10,2,29,,281552,13,0,10,1,70,,281573,13,0,10,2,31,,281550,13,0,10,2,72,,281544,13,0,10,1,33,,281574,13,0,10,2
49602,'H56U100F-80-F1',723,,281610,13,0,10,1,28,,281631,13,0,10,2,68,,281625,13,0,10,1,28,,281611,13,0,10,1,71,,281632,13,0,10,2,31,,281626,13,0,10,1,71,,281612,13,0,10,1,32,,281633,13,0,10,2,71,,281627,13,0,10,1,31,,281613,13,0,10,1,70,,281634,13,0,10,2,30,,281628,13,0,10,1,70,,281643,13,0,10,1,29,,281635,13,0,10,2,67,,281622,13,0,10,2,21,,281644,13,0,10,1,59,,281639,13,0,10,1,19,,281636,13,0,10,2,19,,281623,13,0,10,2,20,,281645,13,0,10,1,60,,281640,13,0,10,1,19,,281637,13,0,10,2,17,,281624,13,0,10,2,57,,281608,13,0,10,1,16,,281646,13,0,10,1,16,,281641,13,0,10,1,16,,281607,13,0,10,1,55,,281638,13,0,10,2,15,,281609,13,0,10,1,15,,281647,13,0,10,1,60,,281642,13,0,10,1,22,,281618,13,0,10,2,21,,281605,13,0,10,1,61,,281648,13,0,10,1,22,,281629,13,0,10,1,22,,281606,13,0,10,1,62,,281619,13,0,10,1,22,,281649,13,0,10,1,21,,281620,13,0,10,1,63,,281616,13,0,10,2,23,,281614,13,0,10,1,71,,281621,13,0,10,1,33,,281630,13,0,10,1,73,,281615,13,0,10,1,33,,281617,13,0,10,1
49602,'H56U200F-80-F2',723,,281655,13,0,10,1,28,,281676,13,0,10,2,68,,281670,13,0,10,1,28,,281656,13,0,10,1,71,,281677,13,0,10,2,31,,281671,13,0,10,1,71,,281657,13,0,10,1,32,,281678,13,0,10,2,71,,281672,13,0,10,1,31,,281658,13,0,10,1,70,,281679,13,0,10,2,30,,281673,13,0,10,1,70,,281688,13,0,10,1,29,,281680,13,0,10,2,67,,281667,13,0,10,2,21,,281689,13,0,10,1,59,,281684,13,0,10,1,19,,281681,13,0,10,2,19,,281668,13,0,10,2,20,,281690,13,0,10,1,60,,281685,13,0,10,1,19,,281682,13,0,10,2,17,,281669,13,0,10,2,57,,281653,13,0,10,1,16,,281691,13,0,10,1,16,,281686,13,0,10,1,16,,281652,13,0,10,1,55,,281683,13,0,10,2,15,,281654,13,0,10,1,15,,281692,13,0,10,1,60,,281687,13,0,10,1,22,,281663,13,0,10,2,21,,281650,13,0,10,1,61,,281693,13,0,10,1,22,,281674,13,0,10,1,22,,281651,13,0,10,1,62,,281664,13,0,10,1,22,,281694,13,0,10,1,21,,281665,13,0,10,1,63,,281661,13,0,10,2,23,,281659,13,0,10,1,71,,281666,13,0,10,1,33,,281675,13,0,10,1,73,,281660,13,0,10,1,33,,281662,13,0,10,1
