2803,'H54U000A-80-A',510,,225289,16,0,8,2,33,,225285,16,0,8,1,72,,225294,16,0,8,2,32,,225290,16,0,8,2,72,,225286,16,0,8,1,32,,225295,16,0,8,2,72,,225291,16,0,8,2,32,,225287,16,0,8,1,72,,225296,16,0,8,2,32,,225292,16,0,8,2,72,,225288,16,0,8,1,72,,225297,16,0,8,2,28,,225293,16,0,8,2,26,,225307,16,0,8,1,68,,225316,16,0,8,1,31,,225298,16,0,8,2,72,,225308,16,0,8,1,72,,225317,16,0,8,1,32,,225299,16,0,8,2,72,,225309,16,0,8,1,32,,225318,16,0,8,1,72,,225300,16,0,8,2,32,,225310,16,0,8,1,72,,225319,16,0,8,1,32,,225301,16,0,8,2,72,,225311,16,0,8,1,33,,225320,16,0,8,1,73,,225302,16,0,8,2,33,,225312,16,0,8,1,73,,225321,16,0,8,1,73,,225303,16,0,8,2,33,,225313,16,0,8,1,73,,225322,16,0,8,1,33,,225304,16,0,8,2,73,,225314,16,0,8,1,33,,225323,16,0,8,1,73,,225305,16,0,8,2,33,,225315,16,0,8,1,73,,225324,16,0,8,1,33,,225306,16,0,8,2,73,,225325,16,0,8,1
2803,'H54U000I-80-I',509,,225327,16,0,8,1,25,,225332,16,0,8,1,71,,225335,16,0,8,2,31,,225328,16,0,8,1,71,,225333,16,0,8,1,32,,225336,16,0,8,2,71,,225329,16,0,8,1,32,,225334,16,0,8,1,72,,225337,16,0,8,2,32,,225330,16,0,8,1,73,,225349,16,0,8,1,25,,225347,16,0,8,2,68,,225338,16,0,8,2,31,,225350,16,0,8,1,71,,225348,16,0,8,2,32,,225339,16,0,8,2,72,,225351,16,0,8,1,32,,225359,16,0,8,2,73,,225340,16,0,8,2,33,,225352,16,0,8,1,73,,225360,16,0,8,2,73,,225341,16,0,8,2,33,,225353,16,0,8,1,73,,225361,16,0,8,2,33,,225342,16,0,8,2,73,,225354,16,0,8,1,33,,225362,16,0,8,2,73,,225343,16,0,8,2,33,,225355,16,0,8,1,73,,225363,16,0,8,2,33,,225344,16,0,8,2,73,,225356,16,0,8,1,72,,225364,16,0,8,2,31,,225345,16,0,8,2,73,,225357,16,0,8,1,33,,225365,16,0,8,2,73,,225346,16,0,8,2,33,,225358,16,0,8,1,71,,225326,16,0,8,1,34,,225331,16,0,8,1
2803,'H54U000S-81-S',511,,225367,16,0,8,1,31,,225366,16,0,8,1,16,,225385,16,0,8,2,54,,225378,16,0,8,1,14,,225394,16,0,8,2,12,,225392,16,0,8,2,11,,225400,16,0,8,1,52,,225397,16,0,8,1,9,,225407,16,0,8,2,9,,225393,16,0,8,1,10,,225386,16,0,8,2,9,,225405,16,0,8,2,10,,225404,16,0,8,2,11,,225395,16,0,8,2,57,,225380,16,0,8,1,17,,225398,16,0,8,1,23,,225387,16,0,8,2,70,,225396,16,0,8,2,30,,225381,16,0,8,1,69,,225388,16,0,8,2,31,,225368,16,0,8,1,70,,225382,16,0,8,1,31,,225389,16,0,8,2,71,,225369,16,0,8,1,28,,225383,16,0,8,1,69,,225390,16,0,8,2,28,,225370,16,0,8,1,70,,225384,16,0,8,1,31,,225391,16,0,8,2,71,,225371,16,0,8,1,31,,225411,16,0,8,1,71,,225413,16,0,8,2,20,,225419,3,0,8,2,10,,225372,16,0,8,1,56,,225421,3,0,8,2,14,,225373,16,0,8,1,14,,225418,3,0,8,2,14,,225414,16,0,8,2,58,,225377,3,0,8,1,12,,225420,16,0,8,2,16,,225409,3,0,8,1,15,,225374,16,0,8,1,70,,225415,16,0,8,2,30,,225401,16,0,8,1,71,,225375,16,0,8,1,31,,225416,16,0,8,2,70,,225402,16,0,8,1,29,,225376,16,0,8,1,71,,225417,16,0,8,2,30,,225403,16,0,8,1,70,,225422,16,0,8,2,29,,225408,16,0,8,1,70,,225412,16,0,8,1,30,,225423,16,0,8,2,70,,225399,16,0,8,1,28,,225410,16,0,8,1
2803,'H54U100F-80-F1',509,,225425,16,0,8,1,25,,225430,16,0,8,1,71,,225433,16,0,8,2,31,,225426,16,0,8,1,71,,225431,16,0,8,1,32,,225434,16,0,8,2,71,,225427,16,0,8,1,32,,225432,16,0,8,1,72,,225435,16,0,8,2,32,,225428,16,0,8,1,73,,225447,16,0,8,1,25,,225445,16,0,8,2,68,,225436,16,0,8,2,31,,225448,16,0,8,1,71,,225446,16,0,8,2,32,,225437,16,0,8,2,72,,225449,16,0,8,1,32,,225457,16,0,8,2,73,,225438,16,0,8,2,33,,225450,16,0,8,1,73,,225458,16,0,8,2,73,,225439,16,0,8,2,33,,225451,16,0,8,1,73,,225459,16,0,8,2,33,,225440,16,0,8,2,73,,225452,16,0,8,1,33,,225460,16,0,8,2,73,,225441,16,0,8,2,33,,225453,16,0,8,1,73,,225461,16,0,8,2,33,,225442,16,0,8,2,73,,225454,16,0,8,1,72,,225462,16,0,8,2,31,,225443,16,0,8,2,73,,225455,16,0,8,1,33,,225463,16,0,8,2,73,,225444,16,0,8,2,33,,225456,16,0,8,1,71,,225424,16,0,8,1,34,,225429,16,0,8,1
2803,'H54U200F-82-F2',509,,225464,16,0,8,1,22,,225476,16,0,8,2,20,,225486,16,0,8,1,60,,225497,16,0,8,2,18,,225465,16,0,8,1,18,,225489,16,0,8,1,64,,225475,16,0,8,1,32,,225498,16,0,8,2,72,,225490,16,0,8,1,32,,225503,16,0,8,1,71,,225499,16,0,8,2,30,,225491,16,0,8,1,71,,225504,16,0,8,1,25,,225466,16,0,8,1,65,,225477,16,0,8,2,32,,225492,16,0,8,1,72,,225467,16,0,8,1,32,,225478,16,0,8,2,72,,225493,16,0,8,1,33,,225468,16,0,8,1,73,,225479,16,0,8,2,33,,225494,16,0,8,1,73,,225469,16,0,8,1,73,,225480,16,0,8,2,33,,225495,16,0,8,1,73,,225470,16,0,8,1,33,,225481,16,0,8,2,73,,225496,16,0,8,1,33,,225471,16,0,8,1,73,,225482,16,0,8,2,33,,225500,16,0,8,1,73,,225472,16,0,8,1,33,,225483,16,0,8,2,73,,225501,16,0,8,1,72,,225473,16,0,8,1,31,,225484,16,0,8,2,73,,225505,16,0,8,1,33,,225474,16,0,8,1,73,,225485,16,0,8,2,33,,225502,16,0,8,1,71,,225487,16,0,8,1,34,,225488,16,0,8,2
36401,'H54U000A-80-A',2624,,277444,59,0,5,2,87,,277443,59,0,5,1,31,,277447,59,0,5,1,10,,277446,59,0,5,1,85,,277445,59,0,5,1,84,,277448,59,0,5,2
36401,'H54U000I-80-I',2619,,277450,59,0,5,2,86,,277453,59,0,5,1,31,,277454,59,0,5,1,71,,277451,59,0,5,1,32,,277449,59,0,5,1,81,,277452,59,0,5,1
36401,'H54U000S-81-S',2622,,277456,59,0,5,1,84,,277455,59,0,5,1,44,,277459,59,0,5,2,84,,277458,59,0,5,1,85,,277457,59,0,5,1
36401,'H54U100F-80-F1',2619,,277461,59,0,5,2,86,,277464,59,0,5,1,31,,277465,59,0,5,1,71,,277462,59,0,5,1,32,,277460,59,0,5,1,81,,277463,59,0,5,1
36401,'H54U200F-82-F2',2619,,277471,59,0,5,1,86,,277469,59,0,5,1,31,,277468,59,0,5,2,71,,277470,59,0,5,2,32,,277467,59,0,5,1,81,,277466,59,0,5,2
