7901,'H58U000A-80-A',513,,240856,25,0,5,1,30,,240867,25,0,5,1,69,,240852,25,0,5,1,31,,240864,25,0,5,2,71,,240875,25,0,5,1,32,,240834,25,0,5,1,71,,240865,25,0,5,2,30,,240848,25,0,5,2,68,,240857,25,0,5,1,31,,240835,25,0,5,2,70,,240866,25,0,5,2,30,,240858,25,0,5,1,70,,240861,25,0,5,1,30,,240868,25,0,5,1,70,,240842,25,0,5,1,30,,240859,25,0,5,1,70,,240862,25,0,5,1,29,,240869,25,0,5,1,69,,240843,25,0,5,1,30,,240846,25,0,5,1,70,,240863,25,0,5,1,30,,240870,25,0,5,1,71,,240874,25,0,5,2,31,,240838,25,0,5,1,70,,240849,25,0,5,2,30,,240871,25,0,5,1,70,,240847,25,0,5,1,30,,240839,25,0,5,1,70,,240860,25,0,5,1,29,,240836,25,0,5,1,69,,240853,25,0,5,1,30,,240840,25,0,5,1,69,,240872,25,0,5,2,31,,240837,25,0,5,1,72,,240854,25,0,5,1,32,,240841,25,0,5,1,72,,240873,25,0,5,2,31,,240844,25,0,5,1,65,,240845,25,0,5,1,25,,240855,25,0,5,2,73,,240850,25,0,5,2,33,,240851,25,0,5,2
7901,'H58U000I-80-I',514,,240876,25,0,5,1,30,,240892,25,0,5,2,70,,240884,25,0,5,2,30,,240882,25,0,5,1,70,,240879,25,0,5,1,30,,240889,25,0,5,1,71,,240877,25,0,5,2,30,,240908,25,0,5,2,70,,240880,25,0,5,1,31,,240893,25,0,5,2,70,,240878,25,0,5,2,30,,240909,25,0,5,2,69,,240881,25,0,5,1,29,,240894,25,0,5,2,70,,240885,25,0,5,1,30,,240910,25,0,5,2,70,,240916,25,0,5,1,30,,240895,25,0,5,2,70,,240911,25,0,5,1,31,,240904,25,0,5,2,71,,240900,25,0,5,1,30,,240896,25,0,5,2,70,,240912,25,0,5,1,30,,240905,25,0,5,2,70,,240901,25,0,5,1,30,,240897,25,0,5,2,70,,240913,25,0,5,1,30,,240906,25,0,5,2,70,,240902,25,0,5,1,29,,240898,25,0,5,2,69,,240914,25,0,5,1,30,,240907,25,0,5,2,70,,240903,25,0,5,1,30,,240899,25,0,5,2,70,,240890,25,0,5,1,32,,240888,25,0,5,1,72,,240883,25,0,5,1,33,,240886,25,0,5,1,66,,240887,25,0,5,2,27,,240915,25,0,5,1,70,,240891,25,0,5,1
7901,'H58U000S-80-S',454,,240917,25,0,5,2,60,,240928,25,0,5,1,26,,240935,25,0,5,1,72,,240929,25,0,5,2,31,,240930,25,0,5,1,73,,240924,25,0,5,1,31,,240931,25,0,5,2,73,,240938,25,0,5,1,31,,240918,25,0,5,2,67,,240925,25,0,5,1,28,,240932,25,0,5,2,70,,240939,25,0,5,1,30,,240919,25,0,5,2,70,,240926,25,0,5,1,30,,240933,25,0,5,2,70,,240940,25,0,5,1,30,,240920,25,0,5,2,69,,240927,25,0,5,1,29,,240934,25,0,5,2,70,,240941,25,0,5,1,31,,240921,25,0,5,2,71,,240943,25,0,5,1,27,,240923,25,0,5,2,66,,240942,25,0,5,1,19,,240922,25,0,5,2,20,,240955,25,0,5,2,59,,240956,25,0,5,2,19,,240957,25,0,5,2,20,,240950,25,0,5,1,60,,240944,25,0,5,1,20,,240936,25,0,5,2,22,,240946,25,0,5,1,66,,240958,25,0,5,2,30,,240951,25,0,5,1,69,,240937,25,0,5,2,31,,240947,25,0,5,1,72,,240959,25,0,5,2,32,,240952,25,0,5,1,73,,240948,25,0,5,1,33,,240960,25,0,5,2,68,,240953,25,0,5,1,28,,240945,25,0,5,2,59,,240949,25,0,5,1,33,,240961,25,0,5,2,71,,240954,25,0,5,1
7901,'H58U100F-80-F1',514,,240962,25,0,5,1,30,,240978,25,0,5,2,70,,240970,25,0,5,2,30,,240968,25,0,5,1,70,,240965,25,0,5,1,30,,240975,25,0,5,1,71,,240963,25,0,5,2,30,,240994,25,0,5,2,70,,240966,25,0,5,1,31,,240979,25,0,5,2,70,,240964,25,0,5,2,30,,240995,25,0,5,2,69,,240967,25,0,5,1,29,,240980,25,0,5,2,70,,240971,25,0,5,1,30,,240996,25,0,5,2,70,,241002,25,0,5,1,30,,240981,25,0,5,2,70,,240997,25,0,5,1,31,,240990,25,0,5,2,71,,240986,25,0,5,1,30,,240982,25,0,5,2,70,,240998,25,0,5,1,30,,240991,25,0,5,2,70,,240987,25,0,5,1,30,,240983,25,0,5,2,70,,240999,25,0,5,1,30,,240992,25,0,5,2,70,,240988,25,0,5,1,29,,240984,25,0,5,2,69,,241000,25,0,5,1,30,,240993,25,0,5,2,70,,240989,25,0,5,1,30,,240985,25,0,5,2,70,,240976,25,0,5,1,32,,240974,25,0,5,1,72,,240969,25,0,5,1,33,,240972,25,0,5,1,66,,240973,25,0,5,2,27,,241001,25,0,5,1,70,,240977,25,0,5,1
7901,'H58U200F-80-F2',514,,241003,25,0,5,2,30,,241034,25,0,5,2,70,,241014,25,0,5,1,30,,241024,25,0,5,1,70,,241004,25,0,5,2,30,,241015,25,0,5,1,71,,241035,25,0,5,2,30,,241025,25,0,5,1,70,,241005,25,0,5,2,31,,241016,25,0,5,1,70,,241036,25,0,5,2,30,,241026,25,0,5,1,69,,241006,25,0,5,2,29,,241017,25,0,5,1,70,,241037,25,0,5,2,30,,241027,25,0,5,1,70,,241007,25,0,5,2,30,,241018,25,0,5,1,70,,241038,25,0,5,2,31,,241028,25,0,5,1,71,,241008,25,0,5,2,30,,241019,25,0,5,1,70,,241039,25,0,5,2,30,,241029,25,0,5,1,70,,241009,25,0,5,2,30,,241020,25,0,5,1,70,,241040,25,0,5,2,30,,241030,25,0,5,1,70,,241010,25,0,5,2,29,,241021,25,0,5,1,69,,241041,25,0,5,2,30,,241031,25,0,5,1,70,,241011,25,0,5,2,30,,241022,25,0,5,1,70,,241042,25,0,5,2,32,,241032,25,0,5,1,72,,241012,25,0,5,2,33,,241023,25,0,5,1,66,,241043,25,0,5,2,27,,241033,25,0,5,1,70,,241013,25,0,5,2
38201,'H60U000A-85-A',2630,,278012,63,0,5,1,85,,278015,63,0,5,1,85,,278013,63,0,5,2,45,,278014,63,0,5,1
38201,'H60U000I-84-I',2630,,278017,63,0,5,1,85,,278018,63,0,5,1,85,,278016,63,0,5,1,45,,278019,63,0,5,1
38201,'H60U000S-86-S',2624,,278021,63,0,5,1,89,,278020,63,0,5,1,45,,278023,63,0,5,2,89,,278022,63,0,5,1
38201,'H60U100F-85-F1',2630,,278025,63,0,5,1,85,,278026,63,0,5,1,85,,278024,63,0,5,1,45,,278027,63,0,5,2
38201,'H60U200F-83-F2',2630,,278029,63,0,5,1,85,,278030,63,0,5,1,85,,278028,63,0,5,1,45,,278031,63,0,5,2
