12403,'H50U000A-82-A',618,,253114,26,0,8,2,30,,253127,26,0,8,2,70,,253134,26,0,8,1,30,,253115,26,0,8,2,70,,253128,26,0,8,2,31,,253135,26,0,8,1,71,,253116,26,0,8,2,31,,253129,26,0,8,2,70,,253136,26,0,8,1,29,,253117,26,0,8,2,70,,253130,26,0,8,2,31,,253137,26,0,8,1,71,,253118,26,0,8,2,30,,253131,26,0,8,2,70,,253138,26,0,8,1,30,,253119,26,0,8,2,70,,253132,26,0,8,2,31,,253139,26,0,8,1,71,,253120,26,0,8,2,30,,253133,26,0,8,2,69,,253140,26,0,8,1,30,,253121,26,0,8,2,68,,253111,26,0,8,2,29,,253141,26,0,8,1,70,,253122,26,0,8,2,30,,253112,26,0,8,2,69,,253142,26,0,8,1,30,,253123,26,0,8,2,70,,253113,26,0,8,2,30,,253143,26,0,8,1,70,,253124,26,0,8,2,29,,253144,26,0,8,1,70,,253109,26,0,8,1,30,,253125,26,0,8,2,70,,253145,26,0,8,1,30,,253110,26,0,8,1,67,,253126,26,0,8,2
12403,'H50U000I-82-I',659,,253158,26,0,8,1,72,,253170,26,0,8,2,72,,253146,26,0,8,1,29,,253159,26,0,8,1,69,,253171,26,0,8,2,31,,253147,26,0,8,1,69,,253160,26,0,8,1,30,,253172,26,0,8,2,70,,253148,26,0,8,1,31,,253161,26,0,8,1,70,,253173,26,0,8,2,30,,253149,26,0,8,1,71,,253162,26,0,8,1,30,,253174,26,0,8,2,70,,253150,26,0,8,1,30,,253163,26,0,8,1,70,,253175,26,0,8,2,31,,253151,26,0,8,1,70,,253164,26,0,8,1,29,,253176,26,0,8,2,70,,253152,26,0,8,1,30,,253165,26,0,8,1,68,,253177,26,0,8,2,29,,253153,26,0,8,1,29,,253166,26,0,8,1,70,,253178,26,0,8,2,30,,253154,26,0,8,1,69,,253167,26,0,8,1,29,,253179,26,0,8,2,68,,253155,26,0,8,1,29,,253168,26,0,8,1,69,,253180,26,0,8,2,29,,253156,26,0,8,1,68,,253169,26,0,8,1,29,,253181,26,0,8,2,70,,253157,26,0,8,1
12403,'H50U000S-83-S',553,,253188,26,0,8,2,70,,253192,26,0,8,1,29,,253205,26,0,8,2,71,,253189,26,0,8,2,34,,253193,26,0,8,1,71,,253199,26,0,8,2,29,,253182,26,0,8,1,67,,253184,26,0,8,1,28,,253190,26,0,8,2,71,,253200,26,0,8,2,31,,253185,26,0,8,1,70,,253206,26,0,8,2,31,,253201,26,0,8,2,71,,253186,26,0,8,1,30,,253207,26,0,8,2,71,,253202,26,0,8,2,32,,253187,26,0,8,1,72,,253208,26,0,8,2,72,,253203,26,0,8,2,31,,253214,26,0,8,1,69,,253191,26,0,8,1,28,,253209,26,0,8,2,70,,253204,26,0,8,2,29,,253219,26,0,8,1,71,,253194,26,0,8,1,29,,253210,26,0,8,2,72,,253215,26,0,8,1,30,,253195,26,0,8,1,69,,253211,26,0,8,2,30,,253216,26,0,8,1,69,,253196,26,0,8,1,26,,253212,26,0,8,2,29,,253217,26,0,8,1,69,,253197,26,0,8,1,29,,253213,26,0,8,2,69,,253218,26,0,8,1,27,,253198,26,0,8,1,67,,253183,26,0,8,2
12403,'H50U100F-80-F1',659,,253232,26,0,8,1,72,,253244,26,0,8,2,72,,253220,26,0,8,1,29,,253233,26,0,8,1,69,,253245,26,0,8,2,31,,253221,26,0,8,1,69,,253234,26,0,8,1,30,,253246,26,0,8,2,70,,253222,26,0,8,1,31,,253235,26,0,8,1,70,,253247,26,0,8,2,30,,253223,26,0,8,1,71,,253236,26,0,8,1,30,,253248,26,0,8,2,70,,253224,26,0,8,1,30,,253237,26,0,8,1,70,,253249,26,0,8,2,31,,253225,26,0,8,1,70,,253238,26,0,8,1,29,,253250,26,0,8,2,70,,253226,26,0,8,1,30,,253239,26,0,8,1,68,,253251,26,0,8,2,29,,253227,26,0,8,1,29,,253240,26,0,8,1,70,,253252,26,0,8,2,30,,253228,26,0,8,1,69,,253241,26,0,8,1,29,,253253,26,0,8,2,68,,253229,26,0,8,1,29,,253242,26,0,8,1,69,,253254,26,0,8,2,29,,253230,26,0,8,1,68,,253243,26,0,8,1,29,,253255,26,0,8,2,70,,253231,26,0,8,1
12403,'H50U200F-80-F2',659,,253268,26,0,8,1,72,,253280,26,0,8,2,72,,253256,26,0,8,1,29,,253269,26,0,8,1,69,,253281,26,0,8,2,31,,253257,26,0,8,1,69,,253270,26,0,8,1,30,,253282,26,0,8,2,70,,253258,26,0,8,1,31,,253271,26,0,8,1,70,,253283,26,0,8,2,30,,253259,26,0,8,1,71,,253272,26,0,8,1,30,,253284,26,0,8,2,70,,253260,26,0,8,1,30,,253273,26,0,8,1,70,,253285,26,0,8,2,31,,253261,26,0,8,1,70,,253274,26,0,8,1,29,,253286,26,0,8,2,70,,253262,26,0,8,1,30,,253275,26,0,8,1,68,,253287,26,0,8,2,29,,253263,26,0,8,1,29,,253276,26,0,8,1,70,,253288,26,0,8,2,30,,253264,26,0,8,1,69,,253277,26,0,8,1,29,,253289,26,0,8,2,68,,253265,26,0,8,1,29,,253278,26,0,8,1,69,,253290,26,0,8,2,29,,253266,26,0,8,1,68,,253279,26,0,8,1,29,,253291,26,0,8,2,70,,253267,26,0,8,1
36802,'H57U000A-80-A',2635,,277589,59,0,10,1,21,,277588,59,0,10,1,59,,277586,59,0,10,2,30,,277584,59,0,10,1,70,,277590,59,0,10,2,34,,277587,59,0,10,2,83,,277585,59,0,10,1
36802,'H57U000I-80-I',2629,,277592,59,0,10,1,86,,277594,59,0,10,1,85,,277591,59,0,10,1,47,,277593,59,0,10,1,87,,277595,59,0,10,1
36802,'H57U000S-81-S',2631,,277596,59,0,10,1,81,,277597,59,0,10,1,93,,277599,59,0,10,1,95,,277598,59,0,10,1,38,,277600,59,0,10,1
36802,'H57U100F-80-F1',2629,,277602,59,0,10,1,86,,277604,59,0,10,1,85,,277601,59,0,10,1,47,,277603,59,0,10,1,87,,277605,59,0,10,1
36802,'H57U200F-80-F2',2629,,277607,59,0,10,1,86,,277609,59,0,10,1,85,,277606,59,0,10,1,47,,277608,59,0,10,1,87,,277610,59,0,10,1
