2804,'H54U000A-80-A',515,,225513,19,0,9,2,35,,225509,19,0,9,2,75,,225506,19,0,9,1,75,,225514,19,0,9,2,35,,225510,19,0,9,2,75,,225507,19,0,9,1,34,,225515,19,0,9,2,73,,225511,19,0,9,2,33,,225508,19,0,9,1,73,,225516,19,0,9,2,34,,225512,19,0,9,2,74,,225535,19,0,9,1,74,,225517,19,0,9,2,34,,225526,19,0,9,1,73,,225536,19,0,9,1,33,,225518,19,0,9,2,72,,225527,19,0,9,1,32,,225537,19,0,9,1,72,,225519,19,0,9,2,31,,225528,19,0,9,1,72,,225538,19,0,9,1,32,,225520,19,0,9,2,72,,225529,19,0,9,1,73,,225539,19,0,9,1,33,,225521,19,0,9,2,72,,225530,19,0,9,1,33,,225540,19,0,9,1,73,,225522,19,0,9,2,33,,225531,19,0,9,1,73,,225541,19,0,9,1,33,,225523,19,0,9,2,72,,225532,19,0,9,1,32,,225542,19,0,9,1,71,,225524,19,0,9,2,32,,225533,19,0,9,1,73,,225543,19,0,9,1,73,,225525,19,0,9,2,33,,225534,19,0,9,1,66,,225544,19,0,9,1
2804,'H54U000I-80-I',515,,225550,19,0,9,2,34,,225545,19,0,9,1,73,,225548,19,0,9,1,33,,225551,19,0,9,2,73,,225546,19,0,9,1,73,,225549,19,0,9,1,34,,225552,19,0,9,2,74,,225547,19,0,9,1,34,,225564,19,0,9,1,74,,225553,19,0,9,2,34,,225565,19,0,9,1,74,,225563,19,0,9,2,33,,225554,19,0,9,2,73,,225566,19,0,9,1,73,,225575,19,0,9,2,33,,225555,19,0,9,2,72,,225567,19,0,9,1,31,,225576,19,0,9,2,71,,225556,19,0,9,2,31,,225568,19,0,9,1,72,,225577,19,0,9,2,33,,225557,19,0,9,2,73,,225569,19,0,9,1,33,,225578,19,0,9,2,73,,225558,19,0,9,2,33,,225570,19,0,9,1,73,,225579,19,0,9,2,73,,225559,19,0,9,2,33,,225571,19,0,9,1,73,,225580,19,0,9,2,33,,225560,19,0,9,2,73,,225572,19,0,9,1,33,,225581,19,0,9,2,72,,225561,19,0,9,2,31,,225573,19,0,9,1,70,,225582,19,0,9,2,31,,225562,19,0,9,2,72,,225574,19,0,9,1
2804,'H54U000S-81-S',512,,225601,19,0,9,2,30,,225609,19,0,9,2,70,,225614,19,0,9,1,20,,225618,2,0,9,1,12,,225602,19,0,9,2,56,,225595,2,0,9,1,15,,225610,19,0,9,2,12,,225594,2,0,9,1,10,,225621,2,0,9,2,10,,225612,19,0,9,1,54,,225613,2,0,9,2,15,,225603,19,0,9,2,28,,225611,19,0,9,2,14,,225593,2,0,9,1,53,,225596,19,0,9,1,6,,225622,2,0,9,2,25,,225604,19,0,9,2,71,,225583,19,0,9,1,30,,225597,19,0,9,1,70,,225605,19,0,9,2,30,,225584,19,0,9,1,71,,225598,19,0,9,1,30,,225606,19,0,9,2,70,,225585,19,0,9,1,30,,225599,19,0,9,1,70,,225607,19,0,9,2,30,,225586,19,0,9,1,58,,225623,19,0,9,1,18,,225600,19,0,9,1,18,,225626,19,0,9,2,19,,225608,19,0,9,2,57,,225587,19,0,9,1,5,,225632,19,0,9,2,12,,225588,19,0,9,1,20,,225624,19,0,9,1,63,,225627,19,0,9,2,22,,225633,19,0,9,2,20,,225634,19,0,9,2,63,,225589,19,0,9,1,24,,225628,19,0,9,2,71,,225615,19,0,9,1,31,,225590,19,0,9,1,70,,225629,19,0,9,2,30,,225616,19,0,9,1,70,,225591,19,0,9,1,31,,225630,19,0,9,2,70,,225617,19,0,9,1,29,,225592,19,0,9,1,71,,225631,19,0,9,2,30,,225625,19,0,9,1,69,,225635,19,0,9,2,32,,225619,19,0,9,1,73,,225620,19,0,9,1
2804,'H54U100F-80-F1',515,,225641,19,0,9,2,34,,225636,19,0,9,1,73,,225639,19,0,9,1,33,,225642,19,0,9,2,73,,225637,19,0,9,1,73,,225640,19,0,9,1,34,,225643,19,0,9,2,74,,225638,19,0,9,1,34,,225655,19,0,9,1,74,,225644,19,0,9,2,34,,225656,19,0,9,1,74,,225654,19,0,9,2,33,,225645,19,0,9,2,73,,225657,19,0,9,1,73,,225666,19,0,9,2,33,,225646,19,0,9,2,72,,225658,19,0,9,1,31,,225667,19,0,9,2,71,,225647,19,0,9,2,31,,225659,19,0,9,1,72,,225668,19,0,9,2,33,,225648,19,0,9,2,73,,225660,19,0,9,1,33,,225669,19,0,9,2,73,,225649,19,0,9,2,33,,225661,19,0,9,1,73,,225670,19,0,9,2,73,,225650,19,0,9,2,33,,225662,19,0,9,1,73,,225671,19,0,9,2,33,,225651,19,0,9,2,73,,225663,19,0,9,1,33,,225672,19,0,9,2,72,,225652,19,0,9,2,31,,225664,19,0,9,1,70,,225673,19,0,9,2,31,,225653,19,0,9,2,72,,225665,19,0,9,1
2804,'H54U200F-82-F2',515,,225694,19,0,9,1,34,,225674,19,0,9,1,73,,225684,19,0,9,1,33,,225703,19,0,9,2,73,,225695,19,0,9,1,73,,225709,19,0,9,1,34,,225704,19,0,9,2,74,,225696,19,0,9,1,34,,225710,19,0,9,1,74,,225702,19,0,9,1,34,,225697,19,0,9,1,74,,225675,19,0,9,1,33,,225685,19,0,9,2,73,,225698,19,0,9,1,73,,225676,19,0,9,1,33,,225686,19,0,9,2,72,,225699,19,0,9,1,31,,225677,19,0,9,1,71,,225687,19,0,9,2,31,,225700,19,0,9,1,72,,225678,19,0,9,1,33,,225688,19,0,9,2,73,,225701,19,0,9,1,33,,225679,19,0,9,1,73,,225689,19,0,9,2,33,,225705,19,0,9,1,73,,225680,19,0,9,1,73,,225690,19,0,9,2,33,,225706,19,0,9,1,73,,225681,19,0,9,1,33,,225691,19,0,9,2,73,,225711,19,0,9,1,33,,225682,19,0,9,1,72,,225692,19,0,9,2,31,,225707,19,0,9,1,70,,225683,19,0,9,1,31,,225693,19,0,9,2,72,,225708,19,0,9,1
36402,'H54U000A-80-A',2455,,277474,14,0,10,1,85,,277476,14,0,10,1,86,,277473,14,0,10,1,85,,277472,14,0,10,1,45,,277477,14,0,10,1,79,,277475,14,0,10,1
36402,'H54U000I-80-I',2456,,277478,14,0,10,1,85,,277482,14,0,10,1,85,,277479,14,0,10,1,85,,277480,14,0,10,1,45,,277481,14,0,10,1
36402,'H54U000S-81-S',2455,,277484,14,0,10,1,87,,277487,14,0,10,2,84,,277485,14,0,10,1,86,,277483,14,0,10,1,44,,277486,14,0,10,2
36402,'H54U100F-80-F1',2456,,277488,14,0,10,1,85,,277492,14,0,10,1,85,,277489,14,0,10,1,85,,277490,14,0,10,1,45,,277491,14,0,10,1
36402,'H54U200F-82-F2',2456,,277497,14,0,10,1,85,,277495,14,0,10,2,85,,277494,14,0,10,1,85,,277493,14,0,10,2,45,,277496,14,0,10,1
42804,'H54U000S-81-S',1527,,278544,29,0,9,2,29,,278538,29,0,9,1,70,,278541,29,0,9,2,30,,278539,29,0,9,1,70,,278542,29,0,9,1,28,,278545,29,0,9,2,71,,278540,29,0,9,1,29,,278546,29,0,9,1,67,,278543,29,0,9,1
42804,'H54U200F-82-F2',1527,,278550,29,0,9,2,29,,278547,29,0,9,1,70,,278548,29,0,9,1,30,,278554,29,0,9,2,70,,278552,29,0,9,1,28,,278551,29,0,9,1,71,,278549,29,0,9,1,29,,278555,29,0,9,2,67,,278553,29,0,9,2
44802,'H54U000S-81-S',1525,,279820,21,0,99 119 67,2,33,,279817,21,0,99 119 67,1,70,,279823,21,0,99 119 67,2,30,,279821,21,0,99 119 67,2,69,,279818,21,0,99 119 67,1,29,,279824,21,0,99 119 67,2,70,,279822,21,0,99 119 67,2,33,,279819,21,0,99 119 67,1
44802,'H54U200F-82-F2',1525,,279839,21,0,99 119 67,2,33,,279828,21,0,99 119 67,1,70,,279841,21,0,99 119 67,2,30,,279833,21,0,99 119 67,1,69,,279840,21,0,99 119 67,2,29,,279829,21,0,99 119 67,1,70,,279836,21,0,99 119 67,1,33,,279838,21,0,99 119 67,1
44904,'H54U000S-81-S',556,,279921,39,0,9,1,50,,279924,39,0,9,2,10,,279928,39,0,9,1,9,,279929,39,0,9,2,10,,279930,39,0,9,1,9,,279936,39,0,9,2,10,,279938,39,0,9,2,51,,279940,39,0,9,1,11,,279916,39,0,9,1,11,,279943,39,0,9,2,12,,279925,39,0,9,2,12,,279935,39,0,9,2,51,,279944,39,0,9,1,11,,279920,39,0,9,1,14,,279937,39,0,9,2,19,,279939,39,0,9,2,62,,279941,39,0,9,1,21,,279926,39,0,9,2,22,,279945,39,0,9,1,62,,279931,39,0,9,1,21,,279917,39,0,9,1,21,,279942,39,0,9,1,60,,279946,39,0,9,1,22,,279922,39,0,9,1,22,,279932,39,0,9,1,62,,279918,39,0,9,1,20,,279953,39,0,9,1,60,,279947,39,0,9,1,21,,279923,39,0,9,1,21,,279957,39,0,9,1,66,,279933,39,0,9,1,27,,279954,39,0,9,1,67,,279948,39,0,9,1,29,,279958,39,0,9,1,26,,279934,39,0,9,1,64,,279955,39,0,9,1,23,,279952,39,0,9,1,68,,279961,39,0,9,2,29,,279927,39,0,9,1,67,,279956,39,0,9,1,27,,279949,39,0,9,1,68,,279962,39,0,9,2,27,,279963,39,0,9,2,27,,279919,39,0,9,1,67,,279950,39,0,9,1,31,,279959,39,0,9,1,70,,279964,39,0,9,2,31,,279951,39,0,9,1,72,,279960,39,0,9,1
44904,'H54U200F-82-F2',556,,279976,39,0,9,1,68,,279982,39,0,9,1,31,,279986,39,0,9,1,72,,279977,39,0,9,1,32,,279965,39,0,9,1,72,,279971,39,0,9,2,28,,279987,39,0,9,1,70,,279979,39,0,9,2,72,,279966,39,0,9,1,31,,279972,39,0,9,1,71,,279988,39,0,9,1,30,,279980,39,0,9,2,71,,279967,39,0,9,1,32,,279973,39,0,9,1,71,,279989,39,0,9,1,30,,279981,39,0,9,2,70,,279968,39,0,9,1,31,,279974,39,0,9,1,70,,279990,39,0,9,1,32,,279994,39,0,9,1,70,,279983,39,0,9,1,30,,279991,39,0,9,1,71,,279978,39,0,9,1,31,,279992,39,0,9,2,67,,279969,39,0,9,1,27,,279996,39,0,9,1,68,,279975,39,0,9,1,27,,279993,39,0,9,2,27,,279970,39,0,9,1,67,,279997,39,0,9,1,31,,279984,39,0,9,1,70,,279995,39,0,9,2,31,,279998,39,0,9,1,72,,279985,39,0,9,1
