20502,'H60M000A-71-A',502,,149863,5,0,10,2,30,,149876,5,0,10,1,70,,149864,5,0,10,2,30,,149877,5,0,10,1,71,,149865,5,0,10,2,31,,149878,5,0,10,1,70,,149866,5,0,10,2,31,,149879,5,0,10,1,71,,149867,5,0,10,2,31,,149880,5,0,10,1,71,,149868,5,0,10,2,34,,149881,5,0,10,1,75,,149869,5,0,10,2,35,,149882,5,0,10,1,75,,149870,5,0,10,2,75,,149883,5,0,10,1,35,,149871,5,0,10,2,75,,149884,5,0,10,1,36,,149872,5,0,10,2,76,,149885,5,0,10,1,76,,149873,5,0,10,2,36,,149886,5,0,10,1,76,,149874,5,0,10,2,35,,149887,5,0,10,1,75,,149875,5,0,10,2,35,,149888,5,0,10,1,74,,149895,5,0,10,1,74,,149889,5,0,10,1,33,,149896,5,0,10,1,73,,149890,5,0,10,1,34,,149897,5,0,10,1,74,,149891,5,0,10,1,34,,149893,5,0,10,1,74,,149892,5,0,10,1,75,,149894,5,0,10,1
20502,'H60M000I-71-I',617,,149910,5,0,10,1,30,,149904,5,0,10,2,70,,149909,5,0,10,1,30,,149905,5,0,10,2,70,,149911,5,0,10,1,30,,149906,5,0,10,2,71,,149912,5,0,10,1,30,,149907,5,0,10,2,71,,149913,5,0,10,1,31,,149908,5,0,10,2,71,,149903,5,0,10,1,34,,149898,5,0,10,1,75,,149914,5,0,10,1,76,,149899,5,0,10,1,36,,149926,5,0,10,1,76,,149900,5,0,10,1,36,,149927,5,0,10,1,76,,149901,5,0,10,1,76,,149928,5,0,10,1,36,,149902,5,0,10,1,76,,149929,5,0,10,1,36,,149915,5,0,10,2,75,,149930,5,0,10,1,75,,149916,5,0,10,2,35,,149921,5,0,10,1,75,,149917,5,0,10,2,34,,149922,5,0,10,1,73,,149918,5,0,10,2,33,,149925,5,0,10,1,73,,149919,5,0,10,2,32,,149923,5,0,10,1,72,,149920,5,0,10,2,71,,149924,5,0,10,1
20502,'H60M000S-71-S',432,,149932,5,0,10,1,70,,149938,5,0,10,2,31,,149933,5,0,10,1,71,,149939,5,0,10,2,32,,149934,5,0,10,1,69,,149960,5,0,10,2,28,,149941,5,0,10,1,68,,149958,5,0,10,1,28,,149931,5,0,10,1,27,,149942,5,0,10,1,67,,149959,5,0,10,1,30,,149950,5,0,10,1,71,,149943,5,0,10,1,31,,149935,5,0,10,1,73,,149951,5,0,10,1,73,,149944,5,0,10,1,33,,149936,5,0,10,1,73,,149952,5,0,10,1,33,,149945,5,0,10,1,72,,149937,5,0,10,1,33,,149953,5,0,10,1,73,,149964,5,0,10,2,33,,149963,5,0,10,1,68,,149954,5,0,10,1,28,,149965,5,0,10,2,68,,149961,5,0,10,1,26,,149955,5,0,10,1,67,,149966,5,0,10,2,26,,149962,5,0,10,1,66,,149956,5,0,10,1,27,,149957,5,0,10,1,28,,149940,5,0,10,1,68,,149967,5,0,10,2,33,,149946,5,0,10,1,72,,149968,5,0,10,2,72,,149947,5,0,10,1,32,,149969,5,0,10,2,72,,149948,5,0,10,1,31,,149970,5,0,10,2,70,,149949,5,0,10,1
20502,'H60M100F-71-F1',617,,149987,5,0,10,1,30,,149982,5,0,10,1,70,,149988,5,0,10,1,30,,149983,5,0,10,1,70,,149989,5,0,10,1,30,,149984,5,0,10,1,71,,149990,5,0,10,1,30,,149985,5,0,10,1,71,,149991,5,0,10,1,31,,149986,5,0,10,1,71,,149993,5,0,10,1,34,,149971,5,0,10,1,75,,149992,5,0,10,1,76,,149972,5,0,10,1,36,,149994,5,0,10,1,76,,149973,5,0,10,1,36,,149995,5,0,10,1,76,,149974,5,0,10,1,76,,149996,5,0,10,1,36,,149975,5,0,10,1,76,,149997,5,0,10,1,36,,149976,5,0,10,1,75,,149998,5,0,10,1,75,,149977,5,0,10,1,35,,149999,5,0,10,2,75,,149978,5,0,10,1,34,,150000,5,0,10,2,73,,149979,5,0,10,1,33,,150001,5,0,10,2,73,,149980,5,0,10,1,32,,150002,5,0,10,2,72,,149981,5,0,10,1,71,,150003,5,0,10,2
20502,'H60M200F-71-F2',617,,150004,5,0,10,1,30,,150009,5,0,10,1,70,,150005,5,0,10,1,30,,150010,5,0,10,1,70,,150006,5,0,10,1,30,,150011,5,0,10,1,71,,150007,5,0,10,1,30,,150012,5,0,10,1,71,,150008,5,0,10,1,31,,150013,5,0,10,1,71,,150014,5,0,10,1,34,,150016,5,0,10,1,75,,150015,5,0,10,1,76,,150017,5,0,10,1,36,,150027,5,0,10,1,76,,150018,5,0,10,1,36,,150029,5,0,10,1,76,,150019,5,0,10,1,76,,150030,5,0,10,1,36,,150020,5,0,10,1,76,,150028,5,0,10,1,36,,150021,5,0,10,1,75,,150031,5,0,10,1,75,,150022,5,0,10,1,35,,150032,5,0,10,2,75,,150023,5,0,10,1,34,,150033,5,0,10,2,73,,150024,5,0,10,1,33,,150034,5,0,10,2,73,,150025,5,0,10,1,32,,150035,5,0,10,2,72,,150026,5,0,10,1,71,,150036,5,0,10,2
20502,'H60M300F-71-F3',617,,150053,5,0,10,1,30,,150040,5,0,10,1,70,,150054,5,0,10,1,30,,150037,5,0,10,1,70,,150055,5,0,10,1,30,,150038,5,0,10,1,71,,150056,5,0,10,1,30,,150039,5,0,10,1,71,,150057,5,0,10,1,31,,150041,5,0,10,1,71,,150058,5,0,10,1,34,,150042,5,0,10,1,75,,150059,5,0,10,1,76,,150043,5,0,10,1,36,,150060,5,0,10,2,76,,150044,5,0,10,1,36,,150061,5,0,10,2,76,,150045,5,0,10,1,76,,150062,5,0,10,2,36,,150046,5,0,10,1,76,,150063,5,0,10,2,36,,150047,5,0,10,1,75,,150064,5,0,10,2,75,,150048,5,0,10,1,35,,150065,5,0,10,2,75,,150049,5,0,10,1,34,,150066,5,0,10,2,73,,150050,5,0,10,1,33,,150067,5,0,10,2,73,,150051,5,0,10,1,32,,150068,5,0,10,2,72,,150052,5,0,10,1,71,,150069,5,0,10,2
21302,'H50M000S-70-S',630,,152597,38,0,10,1,84,,152599,38,0,10,1,24,,152604,38,0,10,1,70,,152591,38,0,10,1,22,,152601,38,0,10,1,70,,152595,38,0,10,1,8,,152600,38,0,10,1,49,,152592,38,0,10,1,581,,152606,38,0,10,1,68,,152602,38,0,10,1,32,,152605,38,0,10,1,70,,152603,38,0,10,1,34,,152607,38,0,10,1,69,,152593,38,0,10,1,100,,152594,38,0,10,1
21302,'H50M100F-70-F1',630,,152612,38,0,10,2,18,,152617,38,0,10,2,66,,152610,38,0,10,1,24,,152624,38,0,10,2,69,,152615,38,0,10,1,23,,152623,38,0,10,2,18,,152621,38,0,10,2,52,,152626,38,0,10,2,8,,152611,38,0,10,1,12,,152614,38,0,10,2,17,,152625,38,0,10,2,20,,152616,38,0,10,1,581,,152628,38,0,10,1,68,,152630,38,0,10,2,31,,152627,38,0,10,2,71,,152629,38,0,10,1,34,,152631,38,0,10,1,69,,152632,38,0,10,2,30,,152633,38,0,10,2,70,,152634,38,0,10,2
21302,'H50M200F-70-F2',630,,152639,38,0,10,2,18,,152644,38,0,10,2,66,,152637,38,0,10,1,24,,152651,38,0,10,2,69,,152642,38,0,10,1,23,,152650,38,0,10,2,18,,152648,38,0,10,2,52,,152653,38,0,10,2,8,,152638,38,0,10,1,12,,152641,38,0,10,2,17,,152652,38,0,10,2,20,,152643,38,0,10,1,581,,152655,38,0,10,1,68,,152658,38,0,10,2,31,,152654,38,0,10,2,71,,152657,38,0,10,1,34,,152656,38,0,10,1,69,,152659,38,0,10,2,30,,152660,38,0,10,2,70,,152661,38,0,10,2
21302,'H50M300F-70-F3',630,,152666,38,0,10,2,18,,152671,38,0,10,2,66,,152664,38,0,10,1,24,,152678,38,0,10,2,69,,152669,38,0,10,2,23,,152677,38,0,10,2,18,,152675,38,0,10,1,52,,152680,38,0,10,2,8,,152665,38,0,10,1,12,,152668,38,0,10,2,17,,152679,38,0,10,2,20,,152670,38,0,10,2,581,,152682,38,0,10,1,68,,152685,38,0,10,2,31,,152681,38,0,10,2,71,,152684,38,0,10,1,34,,152683,38,0,10,1,69,,152687,38,0,10,2,30,,152686,38,0,10,2,70,,152688,38,0,10,1
21302,'H60M000S-71-S',648,,152690,38,0,10,1,200,,152698,38,0,10,2,72,,152691,38,0,10,2,17,,152692,38,0,10,1,904,,152689,38,0,10,1
