4504,'H58U000A-80-A',531,,231030,38,0,9,1,69,,231055,38,0,9,2,30,,231019,38,0,9,1,73,,231031,38,0,9,1,31,,231056,38,0,9,2,73,,231020,38,0,9,1,30,,231032,38,0,9,1,73,,231057,38,0,9,2,32,,231021,38,0,9,1,73,,231033,38,0,9,1,30,,231047,38,0,9,1,68,,231043,38,0,9,2,32,,231022,38,0,9,1,71,,231034,38,0,9,1,30,,231048,38,0,9,1,71,,231044,38,0,9,2,29,,231023,38,0,9,1,66,,231051,38,0,9,1,20,,231035,38,0,9,1,20,,231049,38,0,9,1,60,,231037,38,0,9,2,21,,231045,38,0,9,2,22,,231024,38,0,9,1,61,,231052,38,0,9,1,22,,231036,38,0,9,1,21,,231050,38,0,9,1,65,,231038,38,0,9,2,28,,231046,38,0,9,2,68,,231025,38,0,9,1,28,,231053,38,0,9,1,66,,231058,38,0,9,1,29,,231039,38,0,9,2,67,,231026,38,0,9,1,24,,231054,38,0,9,1,70,,231059,38,0,9,1,31,,231040,38,0,9,2,70,,231027,38,0,9,1,32,,231060,38,0,9,1,72,,231041,38,0,9,2,28,,231028,38,0,9,1,68,,231061,38,0,9,1,31,,231042,38,0,9,2,69,,231029,38,0,9,1,30,,231062,38,0,9,2
4504,'H58U000I-80-I',537,,231063,38,0,9,1,68,,231079,38,0,9,1,29,,231086,38,0,9,2,69,,231064,38,0,9,1,31,,231080,38,0,9,1,69,,231087,38,0,9,2,30,,231065,38,0,9,1,75,,231081,38,0,9,1,32,,231088,38,0,9,2,72,,231066,38,0,9,1,33,,231082,38,0,9,1,70,,231098,38,0,9,1,33,,231089,38,0,9,2,70,,231067,38,0,9,1,31,,231083,38,0,9,1,72,,231099,38,0,9,1,30,,231090,38,0,9,2,70,,231068,38,0,9,1,31,,231084,38,0,9,1,70,,231100,38,0,9,1,28,,231091,38,0,9,2,69,,231069,38,0,9,1,31,,231101,38,0,9,1,69,,231085,38,0,9,1,32,,231092,38,0,9,2,71,,231070,38,0,9,1,32,,231075,38,0,9,1,72,,231094,38,0,9,2,29,,231093,38,0,9,2,67,,231071,38,0,9,1,31,,231076,38,0,9,1,73,,231095,38,0,9,2,31,,231072,38,0,9,1,70,,231077,38,0,9,1,28,,231096,38,0,9,2,70,,231073,38,0,9,1,31,,231078,38,0,9,1,70,,231097,38,0,9,2,24,,231074,38,0,9,1
4504,'H58U000S-80-S',523,,231107,38,0,9,2,25,,231118,38,0,9,2,72,,231132,38,0,9,2,28,,231143,38,0,9,2,67,,231116,38,0,9,1,13,,231119,38,0,9,2,11,,231108,38,0,9,2,9,,231131,38,0,9,2,10,,231111,38,0,9,1,51,,231133,38,0,9,2,13,,231106,38,0,9,2,12,,231146,38,0,9,2,11,,231144,38,0,9,2,10,,231120,38,0,9,2,50,,231126,38,0,9,1,11,,231117,38,0,9,1,11,,231145,38,0,9,2,12,,231109,38,0,9,2,12,,231123,38,0,9,1,52,,231151,38,0,9,1,20,,231134,38,0,9,2,22,,231147,38,0,9,2,62,,231127,38,0,9,1,26,,231110,38,0,9,2,23,,231124,38,0,9,1,60,,231138,38,0,9,2,20,,231135,38,0,9,2,23,,231148,38,0,9,2,64,,231128,38,0,9,1,26,,231125,38,0,9,1,64,,231112,38,0,9,1,28,,231102,38,0,9,1,64,,231136,38,0,9,2,25,,231149,38,0,9,2,23,,231129,38,0,9,1,64,,231113,38,0,9,1,20,,231152,38,0,9,2,20,,231103,38,0,9,1,63,,231137,38,0,9,2,24,,231150,38,0,9,2,60,,231130,38,0,9,1,27,,231114,38,0,9,1,71,,231104,38,0,9,1,30,,231153,38,0,9,2,70,,231139,38,0,9,1,28,,231115,38,0,9,1,70,,231105,38,0,9,1,31,,231154,38,0,9,2,71,,231140,38,0,9,1,30,,231121,38,0,9,2,71,,231155,38,0,9,2,29,,231141,38,0,9,1,68,,231122,38,0,9,2,31,,231156,38,0,9,2,73,,231142,38,0,9,1
4504,'H58U100F-80-F1',537,,231157,38,0,9,1,68,,231173,38,0,9,1,29,,231180,38,0,9,2,69,,231158,38,0,9,1,31,,231174,38,0,9,1,69,,231181,38,0,9,2,30,,231159,38,0,9,1,75,,231175,38,0,9,1,32,,231182,38,0,9,2,72,,231160,38,0,9,1,33,,231176,38,0,9,1,70,,231192,38,0,9,1,33,,231183,38,0,9,2,70,,231161,38,0,9,1,31,,231177,38,0,9,1,72,,231193,38,0,9,1,30,,231184,38,0,9,2,70,,231162,38,0,9,1,31,,231178,38,0,9,1,70,,231194,38,0,9,1,28,,231185,38,0,9,2,69,,231163,38,0,9,1,31,,231195,38,0,9,1,69,,231179,38,0,9,1,32,,231186,38,0,9,2,71,,231164,38,0,9,1,32,,231169,38,0,9,1,72,,231188,38,0,9,2,29,,231187,38,0,9,2,67,,231165,38,0,9,1,31,,231170,38,0,9,1,73,,231189,38,0,9,2,31,,231166,38,0,9,1,70,,231171,38,0,9,1,28,,231190,38,0,9,2,70,,231167,38,0,9,1,31,,231172,38,0,9,1,70,,231191,38,0,9,2,24,,231168,38,0,9,1
4504,'H58U200F-80-F2',537,,231203,38,0,9,2,68,,231215,38,0,9,1,29,,231222,38,0,9,2,69,,231204,38,0,9,2,31,,231216,38,0,9,1,69,,231223,38,0,9,2,30,,231205,38,0,9,2,75,,231217,38,0,9,1,32,,231224,38,0,9,2,72,,231206,38,0,9,2,33,,231218,38,0,9,1,70,,231196,38,0,9,2,33,,231225,38,0,9,2,70,,231212,38,0,9,1,31,,231219,38,0,9,1,72,,231197,38,0,9,2,30,,231226,38,0,9,2,70,,231213,38,0,9,1,31,,231220,38,0,9,1,70,,231198,38,0,9,2,28,,231227,38,0,9,2,69,,231214,38,0,9,1,31,,231207,38,0,9,2,69,,231221,38,0,9,1,32,,231228,38,0,9,2,71,,231230,38,0,9,1,32,,231199,38,0,9,2,72,,231208,38,0,9,1,29,,231229,38,0,9,2,67,,231231,38,0,9,1,31,,231200,38,0,9,2,73,,231209,38,0,9,1,31,,231232,38,0,9,1,70,,231201,38,0,9,2,28,,231210,38,0,9,1,70,,231233,38,0,9,1,31,,231202,38,0,9,2,70,,231211,38,0,9,1,24,,231234,38,0,9,1
35904,'H57U000A-80-A',2601,,277103,38,0,9,1,35,,277104,38,0,9,1,72,,277106,38,0,9,1,34,,277107,38,0,9,1,75,,277105,38,0,9,1,35,,277108,38,0,9,1
35904,'H57U000I-80-I',2524,,277112,38,0,9,1,35,,277109,38,0,9,1,74,,277113,38,0,9,1,75,,277110,38,0,9,1,35,,277114,38,0,9,1,76,,277111,38,0,9,1,35,,277115,38,0,9,1
35904,'H57U000S-81-S',2526,,277118,38,0,9,1,74,,277116,38,0,9,1,37,,277121,38,0,9,1,75,,277119,38,0,9,1,32,,277117,38,0,9,1,78,,277120,38,0,9,1,33,,277122,38,0,9,1
35904,'H57U100F-80-F1',2524,,277126,38,0,9,1,35,,277123,38,0,9,1,74,,277127,38,0,9,1,75,,277124,38,0,9,1,35,,277128,38,0,9,1,76,,277125,38,0,9,1,35,,277129,38,0,9,1
35904,'H57U200F-80-F2',2524,,277133,38,0,9,1,35,,277130,38,0,9,1,74,,277134,38,0,9,1,75,,277131,38,0,9,1,35,,277135,38,0,9,1,76,,277132,38,0,9,1,35,,277136,38,0,9,1
44502,'H51U000S-83-S',657,,279759,23,0,10,1,55,,279760,23,0,10,2,15,,279761,23,0,10,2,16,,279762,23,0,10,2,16,,279764,23,0,10,1,55,,279766,23,0,10,1,15,,279767,23,0,10,2,16,,279768,23,0,10,2,55,,279769,23,0,10,2,14,,279763,23,0,10,2,16,,279765,23,0,10,1
