18001,'H58M000A-70-A',505,,141415,8,0,5,1,30,,141425,8,0,5,1,71,,141416,8,0,5,1,33,,141422,8,0,5,1,72,,141417,8,0,5,1,30,,141423,8,0,5,1,70,,141410,8,0,5,1,27,,141418,8,0,5,1,67,,141420,8,0,5,2,28,,141411,8,0,5,1,69,,141419,8,0,5,1,30,,141421,8,0,5,2,73,,141412,8,0,5,1,33,,141439,8,0,5,2,73,,141433,8,0,5,2,33,,141413,8,0,5,1,73,,141440,8,0,5,1,32,,141431,8,0,5,2,73,,141414,8,0,5,2,33,,141424,8,0,5,1,73,,141432,8,0,5,2,72,,141442,8,0,5,2,33,,141441,8,0,5,1,73,,141434,8,0,5,2,33,,141435,8,0,5,1,73,,141426,8,0,5,1,32,,141443,8,0,5,2,70,,141436,8,0,5,1,29,,141427,8,0,5,1,70,,141444,8,0,5,2,28,,141437,8,0,5,1,68,,141428,8,0,5,1,28,,141445,8,0,5,2,67,,141448,8,0,5,1,28,,141429,8,0,5,1,27,,141446,8,0,5,2,64,,141449,8,0,5,1,23,,141430,8,0,5,1,64,,141447,8,0,5,2,24,,141450,8,0,5,1,70,,141438,8,0,5,2,31,,141451,8,0,5,1
18001,'H58M000I-70-I',535,,141453,8,0,5,1,71,,141462,8,0,5,1,32,,141465,8,0,5,2,72,,141472,8,0,5,1,32,,141466,8,0,5,2,72,,141473,8,0,5,1,33,,141467,8,0,5,2,72,,141474,8,0,5,1,29,,141457,8,0,5,2,68,,141468,8,0,5,2,29,,141475,8,0,5,1,69,,141458,8,0,5,2,30,,141469,8,0,5,2,70,,141476,8,0,5,1,30,,141460,8,0,5,2,70,,141470,8,0,5,2,30,,141477,8,0,5,1,70,,141459,8,0,5,2,29,,141471,8,0,5,2,71,,141478,8,0,5,1,31,,141479,8,0,5,2,71,,141456,8,0,5,1,30,,141455,8,0,5,1,70,,141454,8,0,5,1,29,,141463,8,0,5,1,70,,141452,8,0,5,2,29,,141480,8,0,5,2,69,,141464,8,0,5,1,30,,141484,8,0,5,2,70,,141481,8,0,5,1,29,,141482,8,0,5,2,68,,141485,8,0,5,2,28,,141461,8,0,5,1,68,,141483,8,0,5,2,26,,141486,8,0,5,2,68,,141487,8,0,5,1,30,,141490,8,0,5,1,29,,141488,8,0,5,1,68,,141491,8,0,5,1,29,,141489,8,0,5,1
18001,'H58M000S-70-S',530,,141492,8,0,5,2,83,,141497,8,0,5,2,18,,141494,8,0,5,2,18,,141503,8,0,5,2,56,,141510,8,0,5,1,17,,141495,8,0,5,1,15,,141501,8,0,5,1,15,,141512,8,0,5,2,52,,141499,8,0,5,2,9,,141493,8,0,5,2,15,,141518,8,0,5,2,16,,141498,8,0,5,2,70,,141502,8,0,5,1,32,,141519,8,0,5,1,72,,141513,8,0,5,1,32,,141508,8,0,5,1,72,,141520,8,0,5,1,33,,141514,8,0,5,1,57,,141496,8,0,5,1,10,,141505,8,0,5,2,19,,141509,8,0,5,1,60,,141521,8,0,5,1,29,,141515,8,0,5,1,72,,141506,8,0,5,2,32,,141522,8,0,5,1,73,,141516,8,0,5,1,33,,141507,8,0,5,2,68,,141504,8,0,5,1,26,,141536,8,0,5,1,70,,141529,8,0,5,2,31,,141523,8,0,5,1,73,,141526,8,0,5,1,27,,141530,8,0,5,2,70,,141527,8,0,5,1,28,,141533,8,0,5,2,70,,141524,8,0,5,1,33,,141525,8,0,5,2,73,,141511,8,0,5,1,33,,141532,8,0,5,2,63,,141534,8,0,5,1,28,,141537,8,0,5,1,69,,141500,8,0,5,1,28,,141531,8,0,5,1,28,,141517,8,0,5,1,70,,141535,8,0,5,1,72,,141528,8,0,5,2
18001,'H58M100F-70-F1',535,,141551,8,0,5,1,71,,141547,8,0,5,1,32,,141558,8,0,5,2,72,,141563,8,0,5,1,32,,141559,8,0,5,2,72,,141564,8,0,5,1,33,,141560,8,0,5,2,72,,141565,8,0,5,1,29,,141541,8,0,5,2,68,,141569,8,0,5,1,29,,141566,8,0,5,1,69,,141538,8,0,5,2,30,,141570,8,0,5,1,70,,141567,8,0,5,1,30,,141539,8,0,5,2,70,,141571,8,0,5,1,30,,141568,8,0,5,1,70,,141540,8,0,5,2,29,,141572,8,0,5,1,71,,141546,8,0,5,2,31,,141561,8,0,5,1,71,,141557,8,0,5,1,30,,141550,8,0,5,1,70,,141552,8,0,5,1,29,,141548,8,0,5,1,70,,141553,8,0,5,1,29,,141562,8,0,5,1,69,,141549,8,0,5,1,30,,141577,8,0,5,2,70,,141574,8,0,5,1,29,,141542,8,0,5,2,68,,141575,8,0,5,1,28,,141573,8,0,5,1,68,,141543,8,0,5,2,26,,141576,8,0,5,1,68,,141555,8,0,5,1,30,,141544,8,0,5,2,29,,141556,8,0,5,1,68,,141545,8,0,5,2,29,,141554,8,0,5,1
18001,'H58M200F-70-F2',535,,141591,8,0,5,1,71,,141587,8,0,5,1,32,,141598,8,0,5,2,72,,141603,8,0,5,1,32,,141599,8,0,5,2,72,,141604,8,0,5,1,33,,141600,8,0,5,2,72,,141605,8,0,5,1,29,,141581,8,0,5,2,68,,141609,8,0,5,1,29,,141606,8,0,5,1,69,,141578,8,0,5,2,30,,141610,8,0,5,1,70,,141607,8,0,5,1,30,,141579,8,0,5,2,70,,141611,8,0,5,1,30,,141608,8,0,5,1,70,,141580,8,0,5,2,29,,141612,8,0,5,1,71,,141586,8,0,5,2,31,,141601,8,0,5,1,71,,141597,8,0,5,1,30,,141590,8,0,5,1,70,,141592,8,0,5,1,29,,141588,8,0,5,1,70,,141593,8,0,5,1,29,,141602,8,0,5,1,69,,141589,8,0,5,1,30,,141617,8,0,5,2,70,,141614,8,0,5,1,29,,141582,8,0,5,2,68,,141615,8,0,5,1,28,,141613,8,0,5,1,68,,141583,8,0,5,2,26,,141616,8,0,5,1,68,,141595,8,0,5,1,30,,141584,8,0,5,2,29,,141596,8,0,5,1,68,,141585,8,0,5,2,29,,141594,8,0,5,1
18001,'H58M300F-70-F3',535,,141631,8,0,5,1,71,,141627,8,0,5,1,32,,141638,8,0,5,2,72,,141643,8,0,5,1,32,,141639,8,0,5,2,72,,141644,8,0,5,1,33,,141640,8,0,5,2,72,,141645,8,0,5,1,29,,141621,8,0,5,2,68,,141649,8,0,5,1,29,,141646,8,0,5,1,69,,141618,8,0,5,2,30,,141650,8,0,5,1,70,,141647,8,0,5,1,30,,141619,8,0,5,2,70,,141651,8,0,5,1,30,,141648,8,0,5,1,70,,141620,8,0,5,2,29,,141652,8,0,5,1,71,,141626,8,0,5,2,31,,141641,8,0,5,1,71,,141637,8,0,5,1,30,,141630,8,0,5,1,70,,141632,8,0,5,1,29,,141628,8,0,5,1,70,,141633,8,0,5,1,29,,141642,8,0,5,1,69,,141629,8,0,5,1,30,,141657,8,0,5,2,70,,141654,8,0,5,1,29,,141622,8,0,5,2,68,,141655,8,0,5,1,28,,141653,8,0,5,1,68,,141623,8,0,5,2,26,,141656,8,0,5,1,68,,141635,8,0,5,1,30,,141624,8,0,5,2,29,,141636,8,0,5,1,68,,141625,8,0,5,2,29,,141634,8,0,5,1
18001,'H60M000S-71-S',505,,141658,8,0,5,2,47,,141659,8,0,5,1
36504,'H58M000A-70-A',2523,,154945,8,0,9,2,35,,154942,8,0,9,2,73,,154947,8,0,9,1,76,,154944,8,0,9,2,33,,154941,8,0,9,1,72,,154946,8,0,9,2,32,,154943,8,0,9,2
36504,'H58M000I-70-I',2523,,154952,8,0,9,1,80,,154948,8,0,9,1,40,,154950,8,0,9,1,80,,154949,8,0,9,1,80,,154953,8,0,9,1,40,,154951,8,0,9,1
36504,'H58M000S-70-S',2523,,154954,8,0,9,1,80,,154956,8,0,9,2,41,,154958,8,0,9,2,80,,154955,8,0,9,1,80,,154957,8,0,9,2,40,,154959,8,0,9,2
36504,'H58M100F-70-F1',2523,,154960,8,0,9,2,80,,154964,8,0,9,2,40,,154962,8,0,9,1,80,,154961,8,0,9,2,80,,154965,8,0,9,2,40,,154963,8,0,9,1
36504,'H58M200F-70-F2',2523,,154966,8,0,9,2,80,,154970,8,0,9,2,40,,154968,8,0,9,1,80,,154967,8,0,9,2,80,,154971,8,0,9,2,40,,154969,8,0,9,1
36504,'H58M300F-70-F3',2523,,154972,8,0,9,2,80,,154976,8,0,9,2,40,,154974,8,0,9,1,80,,154973,8,0,9,2,80,,154977,8,0,9,2,40,,154975,8,0,9,1
