21102,'H56U000A-80-A',618,,274140,9,0,10,2,28,,274146,9,0,10,1,68,,274131,9,0,10,1,28,,274137,9,0,10,2,69,,274152,9,0,10,1,29,,274141,9,0,10,2,69,,274147,9,0,10,1,29,,274132,9,0,10,1,71,,274138,9,0,10,2,31,,274153,9,0,10,1,69,,274142,9,0,10,2,29,,274148,9,0,10,1,70,,274133,9,0,10,1,32,,274139,9,0,10,2,71,,274154,9,0,10,1,31,,274143,9,0,10,2,70,,274149,9,0,10,1,32,,274134,9,0,10,1,68,,274130,9,0,10,2,33,,274150,9,0,10,1,71,,274144,9,0,10,2,30,,274155,9,0,10,1,70,,274135,9,0,10,1,30,,274157,9,0,10,1,68,,274151,9,0,10,1,30,,274145,9,0,10,2,67,,274156,9,0,10,1,29,,274136,9,0,10,1,70,,274158,9,0,10,1,29,,274129,9,0,10,1,69,,274126,9,0,10,1,30,,274160,9,0,10,2,71,,274159,9,0,10,1,31,,274125,9,0,10,2,71,,274127,9,0,10,1,30,,274124,9,0,10,1,69,,274128,9,0,10,1
21102,'H56U000I-80-I',618,,274161,9,0,10,1,28,,274169,9,0,10,2,69,,274168,9,0,10,1,26,,274182,9,0,10,1,68,,274165,9,0,10,1,30,,274162,9,0,10,1,69,,274170,9,0,10,2,30,,274183,9,0,10,1,69,,274178,9,0,10,2,30,,274188,9,0,10,1,69,,274171,9,0,10,2,33,,274184,9,0,10,1,72,,274179,9,0,10,2,31,,274189,9,0,10,1,72,,274172,9,0,10,2,30,,274175,9,0,10,1,70,,274185,9,0,10,1,30,,274180,9,0,10,2,70,,274190,9,0,10,1,30,,274173,9,0,10,2,70,,274176,9,0,10,1,30,,274186,9,0,10,1,70,,274181,9,0,10,2,29,,274191,9,0,10,1,68,,274174,9,0,10,2,27,,274177,9,0,10,1,68,,274187,9,0,10,1,30,,274195,9,0,10,2,71,,274166,9,0,10,1,30,,274196,9,0,10,1,70,,274163,9,0,10,1,32,,274193,9,0,10,2,69,,274167,9,0,10,1,30,,274197,9,0,10,1,70,,274164,9,0,10,1,30,,274194,9,0,10,2,70,,274192,9,0,10,2
21102,'H56U000S-81-S',609,,274215,9,0,10,2,17,,274205,9,0,10,1,15,,274221,9,0,99 137,2,18,,274265,9,0,10,2,56,,274224,9,0,99 137,1,16,,274263,9,0,10,2,16,,274228,9,0,99 137,2,54,,274220,9,0,10,2,14,,274223,9,0,99 137,2,15,,274216,9,0,10,2,15,,274206,9,0,99 137,1,60,,274261,9,0,10,2,16,,274222,9,0,99 137,2,9,,274246,9,0,10,1,17,,274225,9,0,10,1,57,,274264,9,0,10,2,17,,274203,9,0,10,1,10,,274242,9,0,10,2,21,,274217,9,0,10,2,64,,274258,9,0,10,2,22,,274229,9,0,10,1,20,,274247,9,0,10,1,60,,274255,9,0,10,1,19,,274250,9,0,10,1,19,,274243,9,0,10,2,63,,274218,9,0,10,2,20,,274233,9,0,10,2,19,,274230,9,0,10,1,59,,274226,9,0,10,1,18,,274256,9,0,10,2,17,,274251,9,0,10,1,64,,274244,9,0,10,2,18,,274235,9,0,10,2,14,,274198,9,0,10,2,11,,274234,9,0,10,2,52,,274211,9,0,10,2,12,,274231,9,0,10,1,10,,274248,9,0,99 137,1,12,,274227,9,0,10,1,12,,274257,9,0,10,2,52,,274260,9,0,99 137,2,11,,274252,9,0,10,1,11,,274238,9,0,99 137,2,11,,274239,9,0,10,2,11,,274245,9,0,99 137,2,51,,274214,9,0,10,2,12,,274236,9,0,10,2,10,,274219,9,0,99 137,2,8,,274266,9,0,10,1,8,,274208,9,0,10,1,11,,274232,9,0,99 137,1,48,,274200,9,0,10,2,8,,274249,9,0,10,1,14,,274210,9,0,10,1,14,,274213,9,0,10,2,16,,274199,9,0,10,1,56,,274240,9,0,10,2,15,,274237,9,0,10,2,15,,274241,9,0,10,1,19,,274259,9,0,10,2,60,,274204,9,0,10,1,21,,274202,9,0,10,1,65,,274212,9,0,10,1,29,,274262,9,0,10,1,70,,274209,9,0,10,1,30,,274201,9,0,10,2,69,,274253,9,0,10,1,30,,274207,9,0,10,1,70,,274254,9,0,10,1
21102,'H56U100F-80-F1',618,,274267,9,0,10,1,28,,274275,9,0,10,2,69,,274274,9,0,10,1,26,,274288,9,0,10,1,68,,274271,9,0,10,1,30,,274268,9,0,10,1,69,,274276,9,0,10,2,30,,274289,9,0,10,1,69,,274284,9,0,10,2,30,,274294,9,0,10,1,69,,274277,9,0,10,2,33,,274290,9,0,10,1,72,,274285,9,0,10,2,31,,274295,9,0,10,1,72,,274278,9,0,10,2,30,,274281,9,0,10,1,70,,274291,9,0,10,1,30,,274286,9,0,10,2,70,,274296,9,0,10,1,30,,274279,9,0,10,2,70,,274282,9,0,10,1,30,,274292,9,0,10,1,70,,274287,9,0,10,2,29,,274297,9,0,10,1,68,,274280,9,0,10,2,27,,274283,9,0,10,1,68,,274293,9,0,10,1,30,,274301,9,0,10,2,71,,274272,9,0,10,1,30,,274302,9,0,10,1,70,,274269,9,0,10,1,32,,274299,9,0,10,2,69,,274273,9,0,10,1,30,,274303,9,0,10,1,70,,274270,9,0,10,1,30,,274300,9,0,10,2,70,,274298,9,0,10,2
21102,'H56U200F-80-F2',618,,274304,9,0,10,1,28,,274312,9,0,10,2,69,,274311,9,0,10,1,26,,274325,9,0,10,1,68,,274308,9,0,10,1,30,,274305,9,0,10,1,69,,274313,9,0,10,2,30,,274326,9,0,10,1,69,,274321,9,0,10,2,30,,274331,9,0,10,1,69,,274314,9,0,10,2,33,,274327,9,0,10,1,72,,274322,9,0,10,2,31,,274332,9,0,10,1,72,,274315,9,0,10,2,30,,274318,9,0,10,1,70,,274328,9,0,10,1,30,,274323,9,0,10,2,70,,274333,9,0,10,1,30,,274316,9,0,10,2,70,,274319,9,0,10,1,30,,274329,9,0,10,1,70,,274324,9,0,10,2,29,,274334,9,0,10,1,68,,274317,9,0,10,2,27,,274320,9,0,10,1,68,,274330,9,0,10,1,30,,274338,9,0,10,2,71,,274309,9,0,10,1,30,,274339,9,0,10,1,70,,274306,9,0,10,1,32,,274336,9,0,10,2,69,,274310,9,0,10,1,30,,274340,9,0,10,1,70,,274307,9,0,10,1,30,,274337,9,0,10,2,70,,274335,9,0,10,2
35402,'H56U000A-80-A',2616,,276756,8,0,10,1,33,,276761,8,0,10,1,66,,276759,8,0,10,1,30,,276760,8,0,10,1,85,,276757,8,0,10,1,85,,276758,8,0,10,1
35402,'H56U000I-80-I',2615,,276763,8,0,10,1,87,,276764,8,0,10,2,44,,276766,8,0,10,1,84,,276762,8,0,10,1,85,,276765,8,0,10,2
35402,'H56U000S-81-S',2620,,276768,8,0,10,1,86,,276770,8,0,10,1,44,,276767,8,0,10,2,86,,276769,8,0,10,1,86,,276771,8,0,10,1
35402,'H56U100F-80-F1',2615,,276773,8,0,10,1,87,,276774,8,0,10,2,44,,276776,8,0,10,1,84,,276772,8,0,10,1,85,,276775,8,0,10,2
35402,'H56U200F-80-F2',2615,,276778,8,0,10,1,87,,276779,8,0,10,2,44,,276781,8,0,10,1,84,,276777,8,0,10,1,85,,276780,8,0,10,2
41102,'H56U000A-80-A',525,,278302,4,0,10,1,30,,278290,4,0,10,1,73,,278306,4,0,10,2,28,,278280,4,0,10,1,68,,278299,4,0,10,2,28,,278291,4,0,10,1,69,,278307,4,0,10,2,29,,278281,4,0,10,1,69,,278300,4,0,10,2,28,,278292,4,0,10,1,72,,278308,4,0,10,2,30,,278282,4,0,10,1,68,,278301,4,0,10,2,30,,278293,4,0,10,1,71,,278309,4,0,10,2,32,,278283,4,0,10,1,70,,278313,4,0,10,2,30,,278294,4,0,10,1,71,,278310,4,0,10,2,30,,278303,4,0,10,1,72,,278314,4,0,10,2,31,,278295,4,0,10,1,70,,278311,4,0,10,2,30,,278304,4,0,10,1,70,,278315,4,0,10,2,30,,278296,4,0,10,1,69,,278312,4,0,10,2,28,,278305,4,0,10,1,68,,278316,4,0,10,2,31,,278297,4,0,10,1,70,,278285,4,0,10,1,29,,278284,4,0,10,2,69,,278287,4,0,10,1,30,,278298,4,0,10,1,71,,278286,4,0,10,1,31,,278317,4,0,10,1,71,,278288,4,0,10,1,30,,278277,4,0,10,2,68,,278289,4,0,10,2,29,,278318,4,0,10,1,69,,278276,4,0,10,1,29,,278278,4,0,10,2,69,,278279,4,0,10,2
41102,'H56U000I-80-I',555,,278332,4,0,10,1,73,,278350,4,0,10,2,28,,278343,4,0,10,1,68,,278339,4,0,10,2,26,,278333,4,0,10,1,69,,278351,4,0,10,2,30,,278344,4,0,10,1,69,,278340,4,0,10,2,28,,278334,4,0,10,1,71,,278352,4,0,10,2,30,,278345,4,0,10,1,69,,278341,4,0,10,2,33,,278335,4,0,10,1,72,,278353,4,0,10,2,31,,278346,4,0,10,1,71,,278342,4,0,10,2,30,,278336,4,0,10,1,70,,278357,4,0,10,1,30,,278347,4,0,10,1,70,,278354,4,0,10,2,30,,278337,4,0,10,1,70,,278358,4,0,10,1,30,,278348,4,0,10,1,69,,278355,4,0,10,2,28,,278338,4,0,10,1,69,,278359,4,0,10,1,29,,278349,4,0,10,1,70,,278356,4,0,10,2,32,,278331,4,0,10,1,68,,278328,4,0,10,2,30,,278329,4,0,10,1,69,,278319,4,0,10,1,32,,278324,4,0,10,1,70,,278322,4,0,10,1,30,,278330,4,0,10,1,70,,278320,4,0,10,1,30,,278325,4,0,10,1,70,,278323,4,0,10,1,26,,278327,4,0,10,1,69,,278321,4,0,10,1,30,,278326,4,0,10,1
41102,'H56U000S-81-S',554,,278364,4,0,10,1,63,,278389,4,0,10,2,28,,278370,4,0,10,1,56,,278382,4,0,10,2,16,,278385,4,0,10,1,13,,278381,4,0,10,2,12,,278403,4,0,10,1,8,,278366,4,0,10,2,53,,278365,4,0,10,1,14,,278377,4,0,10,2,12,,278390,4,0,10,2,19,,278369,4,0,10,1,59,,278398,4,0,10,2,24,,278367,4,0,10,2,20,,278404,4,0,10,1,57,,278386,4,0,10,1,25,,278391,4,0,10,2,25,,278409,4,0,10,1,64,,278405,4,0,10,2,20,,278414,4,0,10,2,60,,278372,4,0,10,1,22,,278392,4,0,10,2,20,,278393,4,0,10,2,59,,278410,4,0,10,1,20,,278406,4,0,10,2,19,,278383,4,0,10,1,59,,278378,4,0,10,1,19,,278387,4,0,10,1,18,,278401,4,0,10,2,18,,278394,4,0,10,2,58,,278411,4,0,10,1,22,,278407,4,0,10,2,18,,278373,4,0,10,2,56,,278384,4,0,10,1,21,,278399,4,0,10,2,22,,278402,4,0,10,1,59,,278395,4,0,10,2,19,,278371,4,0,10,2,21,,278408,4,0,10,2,66,,278388,4,0,10,1,29,,278400,4,0,10,2,67,,278396,4,0,10,2,32,,278379,4,0,10,1,70,,278412,4,0,10,1,31,,278368,4,0,10,1,68,,278397,4,0,10,2,32,,278380,4,0,10,1,68,,278374,4,0,10,2,29,,278376,4,0,10,1,70,,278360,4,0,10,1,30,,278362,4,0,10,1,70,,278375,4,0,10,2,30,,278413,4,0,10,1,70,,278361,4,0,10,1,31,,278363,4,0,10,1
41102,'H56U100F-80-F1',555,,278428,4,0,10,1,73,,278446,4,0,10,2,28,,278439,4,0,10,1,68,,278435,4,0,10,2,26,,278429,4,0,10,1,69,,278447,4,0,10,2,30,,278440,4,0,10,1,69,,278436,4,0,10,2,28,,278430,4,0,10,1,71,,278448,4,0,10,2,30,,278441,4,0,10,1,69,,278437,4,0,10,2,33,,278431,4,0,10,1,72,,278449,4,0,10,2,31,,278442,4,0,10,1,71,,278438,4,0,10,2,30,,278432,4,0,10,1,70,,278453,4,0,10,1,30,,278443,4,0,10,1,70,,278450,4,0,10,2,30,,278433,4,0,10,1,70,,278454,4,0,10,1,30,,278444,4,0,10,1,69,,278451,4,0,10,2,28,,278434,4,0,10,1,69,,278455,4,0,10,1,29,,278445,4,0,10,1,70,,278452,4,0,10,2,32,,278427,4,0,10,1,68,,278424,4,0,10,2,30,,278425,4,0,10,1,69,,278415,4,0,10,1,32,,278420,4,0,10,1,70,,278418,4,0,10,1,30,,278426,4,0,10,1,70,,278416,4,0,10,1,30,,278421,4,0,10,1,70,,278419,4,0,10,1,26,,278423,4,0,10,1,69,,278417,4,0,10,1,30,,278422,4,0,10,1
41102,'H56U200F-80-F2',555,,278469,4,0,10,1,73,,278487,4,0,10,2,28,,278480,4,0,10,1,68,,278476,4,0,10,2,26,,278470,4,0,10,1,69,,278488,4,0,10,2,30,,278481,4,0,10,1,69,,278477,4,0,10,2,28,,278471,4,0,10,1,71,,278489,4,0,10,2,30,,278482,4,0,10,1,69,,278478,4,0,10,2,33,,278472,4,0,10,1,72,,278490,4,0,10,2,31,,278483,4,0,10,1,71,,278479,4,0,10,2,30,,278473,4,0,10,1,70,,278494,4,0,10,1,30,,278484,4,0,10,1,70,,278491,4,0,10,2,30,,278474,4,0,10,1,70,,278495,4,0,10,1,30,,278485,4,0,10,1,69,,278492,4,0,10,2,28,,278475,4,0,10,1,69,,278496,4,0,10,1,29,,278486,4,0,10,1,70,,278493,4,0,10,2,32,,278468,4,0,10,1,68,,278465,4,0,10,2,30,,278466,4,0,10,1,69,,278456,4,0,10,1,32,,278461,4,0,10,1,70,,278459,4,0,10,1,30,,278467,4,0,10,1,70,,278457,4,0,10,1,30,,278462,4,0,10,1,70,,278460,4,0,10,1,26,,278464,4,0,10,1,69,,278458,4,0,10,1,30,,278463,4,0,10,1
