'25N-H60N100F-81-F1-E',20601,72300,4,'',1,3000,4,'',1,7000,4,'',1,3000,4,'',1,7000,4,'',1,60400,4,'',1,3000,4,'',1,6800,4,'',1,3000,4,'',1,7000,4,'',1,3000,4,'',1,6900,4,'',1,49900,4,'',1,9800,4,'',1
'25N-H60N100F-81-F1-E',20602,73000,,'',1,7000,,'',1,3000,,'',1,7000,,'',1,60000,,'',1,3000,,'',1,7000,,'',1,3000,,'',1,7000,,'',1,3000,,'',1,7000,,'',1,53000,,'',1
'25N-H60N100F-81-F1-NE',20601,95300,4,'',1,7000,4,'',1,3000,4,'',1,7100,4,'',1,3100,4,'',1,7000,4,'',1,3000,4,'',1,7000,4,'',1,3000,4,'',1,7000,4,'',1,3200,4,'',1,39700,4,'',1,7000,4,'',1,3000,4,'',1,7000,4,'',1,3000,4,'',1,6900,4,'',1,3000,4,'',1,7000,4,'',1
'25N-H60N100F-81-F1-NE',20602,93000,,'',1,7000,,'',1,3000,,'',1,7000,,'',1,3000,,'',1,7000,,'',1,3000,,'',1,7000,,'',1,3000,,'',1,7000,,'',1,3000,,'',1,40000,,'',1,7000,,'',1,3000,,'',1,7000,,'',1,3000,,'',1,7000,,'',1,3000,,'',1,7000,,'',1,3000,,'',1
'25N-H60N200F-81-F2-E',20601,72300,4,'',1,3000,4,'',1,7000,4,'',1,3000,4,'',1,7000,4,'',1,60400,4,'',1,3000,4,'',1,6800,4,'',1,3000,4,'',1,7000,4,'',1,3000,4,'',1,6900,4,'',1,49900,4,'',1,9800,4,'',1
'25N-H60N200F-81-F2-E',20602,73000,,'',1,7000,,'',1,3000,,'',1,7000,,'',1,60000,,'',1,3000,,'',1,7000,,'',1,3000,,'',1,7000,,'',1,3000,,'',1,7000,,'',1,53000,,'',1
'25N-H60N200F-81-F2-NE',20601,95300,4,'',1,7000,4,'',1,3000,4,'',1,7100,4,'',1,3100,4,'',1,7000,4,'',1,3000,4,'',1,7000,4,'',1,3000,4,'',1,7000,4,'',1,3200,4,'',1,39700,4,'',1,7000,4,'',1,3000,4,'',1,7000,4,'',1,3000,4,'',1,6900,4,'',1,3000,4,'',1,7000,4,'',1
'25N-H60N200F-81-F2-NE',20602,93000,,'',1,7000,,'',1,3000,,'',1,7000,,'',1,3000,,'',1,7000,,'',1,3000,,'',1,7000,,'',1,3000,,'',1,7000,,'',1,3000,,'',1,40000,,'',1,7000,,'',1,3000,,'',1,7000,,'',1,3000,,'',1,7000,,'',1,3000,,'',1,7000,,'',1,3000,,'',1
'25N-H60N300F-82-F3-E',20601,72300,4,'',1,3000,4,'',1,7000,4,'',1,3000,4,'',1,7000,4,'',1,60400,4,'',1,3000,4,'',1,6800,4,'',1,3000,4,'',1,7000,4,'',1,3000,4,'',1,6900,4,'',1,49900,4,'',1,9800,4,'',1
'25N-H60N300F-82-F3-E',20602,73000,,'',1,7000,,'',1,3000,,'',1,7000,,'',1,60000,,'',1,3000,,'',1,7000,,'',1,3000,,'',1,7000,,'',1,3000,,'',1,7000,,'',1,53000,,'',1
'25N-H60N300F-82-F3-NE',20601,95300,4,'',1,7000,4,'',1,3000,4,'',1,7100,4,'',1,3100,4,'',1,7000,4,'',1,3000,4,'',1,7000,4,'',1,3000,4,'',1,7000,4,'',1,3200,4,'',1,39700,4,'',1,7000,4,'',1,3000,4,'',1,7000,4,'',1,3000,4,'',1,6900,4,'',1,3000,4,'',1,7000,4,'',1
'25N-H60N300F-82-F3-NE',20602,93000,,'',1,7000,,'',1,3000,,'',1,7000,,'',1,3000,,'',1,7000,,'',1,3000,,'',1,7000,,'',1,3000,,'',1,7000,,'',1,3000,,'',1,40000,,'',1,7000,,'',1,3000,,'',1,7000,,'',1,3000,,'',1,7000,,'',1,3000,,'',1,7000,,'',1,3000,,'',1
'25N-H60N400F-81-F4-E',20601,72300,4,'',1,3000,4,'',1,7000,4,'',1,3000,4,'',1,7000,4,'',1,60400,4,'',1,3000,4,'',1,6800,4,'',1,3000,4,'',1,7000,4,'',1,3000,4,'',1,6900,4,'',1,49900,4,'',1,9800,4,'',1
'25N-H60N400F-81-F4-E',20602,73000,,'',1,7000,,'',1,3000,,'',1,7000,,'',1,60000,,'',1,3000,,'',1,7000,,'',1,3000,,'',1,7000,,'',1,3000,,'',1,7000,,'',1,53000,,'',1
'25N-H60N400F-81-F4-NE',20601,95300,4,'',1,7000,4,'',1,3000,4,'',1,7100,4,'',1,3100,4,'',1,7000,4,'',1,3000,4,'',1,7000,4,'',1,3000,4,'',1,7000,4,'',1,3200,4,'',1,39700,4,'',1,7000,4,'',1,3000,4,'',1,7000,4,'',1,3000,4,'',1,6900,4,'',1,3000,4,'',1,7000,4,'',1
'25N-H60N400F-81-F4-NE',20602,93000,,'',1,7000,,'',1,3000,,'',1,7000,,'',1,3000,,'',1,7000,,'',1,3000,,'',1,7000,,'',1,3000,,'',1,7000,,'',1,3000,,'',1,40000,,'',1,7000,,'',1,3000,,'',1,7000,,'',1,3000,,'',1,7000,,'',1,3000,,'',1,7000,,'',1,3000,,'',1
'25N-H60NV10A-80-A-E',20601,65300,4,'',1,7000,4,'',1,3100,4,'',1,7000,4,'',1,3000,4,'',1,7000,4,'',1,60100,4,'',1,3000,4,'',1,7200,4,'',1,3000,4,'',1,7000,4,'',1,3000,4,'',1,7000,4,'',1,49800,4,'',1,9800,4,'',1
'25N-H60NV10A-80-A-E',20602,70000,,'',1,3000,,'',1,7000,,'',1,3000,,'',1,7000,,'',1,60000,,'',1,3000,,'',1,7000,,'',1,3000,,'',1,7000,,'',1,3000,,'',1,7000,,'',1,53000,,'',1
'25N-H60NV10A-80-A-NE',20601,95400,4,'',1,7000,4,'',1,3000,4,'',1,7000,4,'',1,3000,4,'',1,7100,4,'',1,3000,4,'',1,7000,4,'',1,3000,4,'',1,7000,4,'',1,3000,4,'',1,40000,4,'',1,7000,4,'',1,3000,4,'',1,7000,4,'',1,3000,4,'',1,7000,4,'',1,3000,4,'',1,7000,4,'',1
'25N-H60NV10A-80-A-NE',20602,93000,,'',1,7000,,'',1,3000,,'',1,7000,,'',1,3000,,'',1,7000,,'',1,3000,,'',1,7000,,'',1,3000,,'',1,7000,,'',1,3000,,'',1,40000,,'',1,7000,,'',1,3000,,'',1,7000,,'',1,3000,,'',1,7000,,'',1,3000,,'',1,7000,,'',1,3000,,'',1
'25N-H60NV10I-80-I-E',20601,72300,4,'',1,3000,4,'',1,7000,4,'',1,3000,4,'',1,7000,4,'',1,60400,4,'',1,3000,4,'',1,6800,4,'',1,3000,4,'',1,7000,4,'',1,3000,4,'',1,6900,4,'',1,49900,4,'',1,9800,4,'',1
'25N-H60NV10I-80-I-E',20602,73000,,'',1,7000,,'',1,3000,,'',1,7000,,'',1,60000,,'',1,3000,,'',1,7000,,'',1,3000,,'',1,7000,,'',1,3000,,'',1,7000,,'',1,53000,,'',1
'25N-H60NV10I-80-I-NE',20601,95300,4,'',1,7000,4,'',1,3000,4,'',1,7100,4,'',1,3100,4,'',1,7000,4,'',1,3000,4,'',1,7000,4,'',1,3000,4,'',1,7000,4,'',1,3200,4,'',1,39700,4,'',1,7000,4,'',1,3000,4,'',1,7000,4,'',1,3000,4,'',1,6900,4,'',1,3000,4,'',1,7000,4,'',1
'25N-H60NV10I-80-I-NE',20602,93000,,'',1,7000,,'',1,3000,,'',1,7000,,'',1,3000,,'',1,7000,,'',1,3000,,'',1,7000,,'',1,3000,,'',1,7000,,'',1,3000,,'',1,40000,,'',1,7000,,'',1,3000,,'',1,7000,,'',1,3000,,'',1,7000,,'',1,3000,,'',1,7000,,'',1,3000,,'',1
'25N-H60NV10S-83-S-E',20601,65000,4,'',2,7100,4,'',1,3200,4,'',1,7000,4,'',1,3100,4,'',1,7100,4,'',1,58400,4,'',1,3300,4,'',2,7300,4,'',1,3500,4,'',2,7100,4,'',1,3200,4,'',2,7100,4,'',1,50300,4,'',1,9800,4,'',1
'25N-H60NV10S-83-S-E',20602,60000,,'',1,2800,,'',1,2800,,'',2,7000,,'',1,3000,,'',1,7000,,'',1,3100,,'',1,58400,,'',2,7300,,'',1,3300,,'',2,7300,,'',1,3300,,'',2,7200,,'',1,3100,,'',2,57400,,'',1
'25N-H60NV10S-83-S-NE',20601,54400,4,'',1,7300,4,'',1,33900,4,'',1,7000,4,'',1,3000,4,'',1,7100,4,'',1,3000,4,'',1,7100,4,'',1,7200,4,'',1,3100,4,'',1,7200,4,'',1,3300,4,'',2,41900,4,'',2,7000,4,'',1,3000,4,'',1,7000,4,'',1,3000,4,'',1,7000,4,'',1,3000,4,'',1,8100,4,'',1
'25N-H60NV10S-83-S-NE',20602,92800,,'',1,3100,,'',1,7100,,'',1,7000,,'',1,3100,,'',1,7000,,'',1,3100,,'',1,7100,,'',1,3300,,'',1,7300,,'',1,41800,,'',1,3100,,'',2,7000,,'',1,3000,,'',1,7000,,'',1,3000,,'',1,7000,,'',1,8000,,'',1,4100,,'',1
'25N-H60NV20A-80-A-E',20601,65300,4,'',1,7000,4,'',1,3100,4,'',1,7000,4,'',1,3000,4,'',1,7000,4,'',1,60100,4,'',1,3000,4,'',1,7200,4,'',1,3000,4,'',1,7000,4,'',1,3000,4,'',1,7000,4,'',1,49800,4,'',1,9800,4,'',1
'25N-H60NV20A-80-A-E',20602,70000,,'',1,3000,,'',1,7000,,'',1,3000,,'',1,7000,,'',1,60000,,'',1,3000,,'',1,7000,,'',1,3000,,'',1,7000,,'',1,3000,,'',1,7000,,'',1,53000,,'',1
'25N-H60NV20A-80-A-NE',20601,95400,4,'',1,7000,4,'',1,3000,4,'',1,7000,4,'',1,3000,4,'',1,7100,4,'',1,3000,4,'',1,7000,4,'',1,3000,4,'',1,7000,4,'',1,3000,4,'',1,40000,4,'',1,7000,4,'',1,3000,4,'',1,7000,4,'',1,3000,4,'',1,7000,4,'',1,3000,4,'',1,7000,4,'',1
'25N-H60NV20A-80-A-NE',20602,93000,,'',1,7000,,'',1,3000,,'',1,7000,,'',1,3000,,'',1,7000,,'',1,3000,,'',1,7000,,'',1,3000,,'',1,7000,,'',1,3000,,'',1,40000,,'',1,7000,,'',1,3000,,'',1,7000,,'',1,3000,,'',1,7000,,'',1,3000,,'',1,7000,,'',1,3000,,'',1
'25N-H60NV20I-80-I-E',20601,72300,4,'',1,3000,4,'',1,7000,4,'',1,3000,4,'',1,7000,4,'',1,60400,4,'',1,3000,4,'',1,6800,4,'',1,3000,4,'',1,7000,4,'',1,3000,4,'',1,6900,4,'',1,49900,4,'',1,9800,4,'',1
'25N-H60NV20I-80-I-E',20602,73000,,'',1,7000,,'',1,3000,,'',1,7000,,'',1,60000,,'',1,3000,,'',1,7000,,'',1,3000,,'',1,7000,,'',1,3000,,'',1,7000,,'',1,53000,,'',1
'25N-H60NV20I-80-I-NE',20601,95300,4,'',1,7000,4,'',1,3000,4,'',1,7100,4,'',1,3100,4,'',1,7000,4,'',1,3000,4,'',1,7000,4,'',1,3000,4,'',1,7000,4,'',1,3200,4,'',1,39700,4,'',1,7000,4,'',1,3000,4,'',1,7000,4,'',1,3000,4,'',1,6900,4,'',1,3000,4,'',1,7000,4,'',1
'25N-H60NV20I-80-I-NE',20602,93000,,'',1,7000,,'',1,3000,,'',1,7000,,'',1,3000,,'',1,7000,,'',1,3000,,'',1,7000,,'',1,3000,,'',1,7000,,'',1,3000,,'',1,40000,,'',1,7000,,'',1,3000,,'',1,7000,,'',1,3000,,'',1,7000,,'',1,3000,,'',1,7000,,'',1,3000,,'',1
'25N-H60NV20S-80-S-E',20601,65000,4,'',2,7100,4,'',1,3200,4,'',1,7000,4,'',1,3100,4,'',1,7100,4,'',1,58400,4,'',1,3300,4,'',2,7300,4,'',1,3500,4,'',2,7100,4,'',1,3200,4,'',2,7100,4,'',1,50300,4,'',1,9800,4,'',1
'25N-H60NV20S-80-S-E',20602,60000,,'',1,2800,,'',1,2800,,'',2,7000,,'',1,3000,,'',1,7000,,'',1,3100,,'',1,58400,,'',2,7300,,'',1,3300,,'',2,7300,,'',1,3300,,'',2,7200,,'',1,3100,,'',2,57400,,'',1
'25N-H60NV20S-80-S-NE',20601,54400,4,'',1,7300,4,'',1,33900,4,'',1,7000,4,'',1,3000,4,'',1,7100,4,'',1,3000,4,'',1,7100,4,'',1,7200,4,'',1,3100,4,'',1,7200,4,'',1,3300,4,'',2,41900,4,'',2,7000,4,'',1,3000,4,'',1,7000,4,'',1,3000,4,'',1,7000,4,'',1,3000,4,'',1,8100,4,'',1
'25N-H60NV20S-80-S-NE',20602,92800,,'',1,3100,,'',1,7100,,'',1,7000,,'',1,3100,,'',1,7000,,'',1,3100,,'',1,7100,,'',1,3300,,'',1,7300,,'',1,41800,,'',1,3100,,'',2,7000,,'',1,3000,,'',1,7000,,'',1,3000,,'',1,7000,,'',1,8000,,'',1,4100,,'',1
