'26J-H50J000A-84-A',16001,55100,,'',2,7300,,'',1,3400,,'',2,7600,,'',1,7300,,'',2,3300,,'',2,7300,,'',1,3200,,'',2,7000,,'',2,3000,,'',1,6900,,'',2,3100,,'',2,7000,,'',1,3000,,'',2,7000,,'',1,3000,,'',1,7000,,'',2,2700,,'',1,6100,,'',1,2000,,'',1,2000,,'',2,6000,,'',1,2000,,'',1,2000,,'',1,6000,,'',2,2100,,'',2,2100,,'',1,6500,,'',1,3000,,'',2,7100,,'',1,3100,,'',1,7200,,'',2,3200,,'',1,7200,,'',1,3200,,'',1,7200,,'',1,3400,,'',1,7500,,'',1,7400,,'',1,3400,,'',1,7300,,'',1,3200,,'',1,6900,,'',2
'26J-H50J000A-84-A',16002,54600,4,'',2,7400,4,'',1,3400,4,'',2,7700,4,'',1,7300,4,'',2,3100,4,'',2,7200,4,'',1,3300,4,'',2,7000,4,'',2,3000,4,'',1,7000,4,'',2,2900,4,'',2,6800,4,'',1,2600,4,'',2,2500,4,'',1,5900,4,'',2,2100,4,'',1,2100,4,'',2,5900,4,'',2,2000,4,'',1,2100,4,'',1,6000,4,'',1,2000,4,'',2,6600,4,'',1,3000,4,'',1,7000,4,'',2,3000,4,'',1,7000,4,'',1,3100,4,'',2,7100,4,'',1,2900,4,'',1,6900,4,'',2,3000,4,'',1,6900,4,'',1,2900,4,'',2,7100,4,'',1,3100,4,'',1,6900,4,'',1,3000,4,'',1,7300,4,'',1,2900,4,'',1,7300,4,'',1,3200,4,'',1,7300,4,'',1
'26J-H50J000I-84-I',16001,70200,,'',2,2900,,'',2,7600,,'',1,3600,,'',2,7800,,'',1,3600,,'',2,7300,,'',2,7300,,'',1,3100,,'',2,7200,,'',2,3200,,'',1,7300,,'',2,3200,,'',2,7300,,'',1,3300,,'',2,7300,,'',2,3300,,'',1,6900,,'',2,2900,,'',2,6900,,'',1,3000,,'',2,7000,,'',2,3000,,'',1,7000,,'',2,3000,,'',2,7000,,'',1,3000,,'',2,7000,,'',2,3400,,'',1,7500,,'',2,7400,,'',1,3400,,'',2,7100,,'',1,3300,,'',2,7000,,'',1
'26J-H50J000I-84-I',16002,65800,4,'',2,7000,4,'',2,7600,4,'',1,3600,4,'',2,7800,4,'',1,3600,4,'',2,7300,4,'',2,2800,4,'',1,6900,4,'',2,2600,4,'',2,6300,4,'',1,2100,4,'',1,2200,4,'',2,6200,4,'',1,2100,4,'',2,6100,4,'',1,2000,4,'',1,2200,4,'',2,6300,4,'',2,2300,4,'',1,2300,4,'',1,6600,4,'',2,3000,4,'',2,6900,4,'',1,3000,4,'',2,7000,4,'',2,2900,4,'',1,7100,4,'',2,3100,4,'',2,7000,4,'',1,3100,4,'',2,7100,4,'',2,3300,4,'',1,7600,4,'',2,7400,4,'',1,3400,4,'',2,7100,4,'',1,3300,4,'',2,7000,4,'',1,3200,4,'',2
'26J-H50J000S-83-S',16001,55600,,'',1,6300,,'',1,2600,,'',1,6800,,'',1,2800,,'',1,6800,,'',1,2800,,'',1,7000,,'',1,3000,,'',1,6800,,'',1,2600,,'',1,2500,,'',1,6600,,'',1,2700,,'',1,7100,,'',1,3200,,'',1,7200,,'',1,3200,,'',1,7100,,'',1,3000,,'',1,6300,,'',1,3500,,'',1,5400,,'',1,1400,,'',1,1400,,'',1,1400,,'',1,6800,,'',2,1500,,'',1,1900,,'',1,6300,,'',1,2900,,'',1,7000,,'',1,2900,,'',1,7000,,'',1,3000,,'',1,7000,,'',1,3000,,'',1,7000,,'',1,3000,,'',1,7100,,'',1,3100,,'',1,7100,,'',1,3200,,'',1,7200,,'',1
'26J-H50J000S-83-S',16002,55200,4,'',1,6300,4,'',1,2600,4,'',1,6700,4,'',1,1200,4,'',2,1500,4,'',1,7000,4,'',1,2100,4,'',1,1400,4,'',1,6200,4,'',1,2500,4,'',1,2200,4,'',1,6500,4,'',1,2600,4,'',1,6600,4,'',1,2600,4,'',1,2600,4,'',1,6800,4,'',1,2600,4,'',1,6600,4,'',1,2400,4,'',1,6300,4,'',1,2300,4,'',1,2200,4,'',1,6600,4,'',1,3000,4,'',1,6900,4,'',1,2900,4,'',1,6900,4,'',2,3000,4,'',1,6900,4,'',1,2900,4,'',1,7000,4,'',1,2800,4,'',1,6900,4,'',1,2900,4,'',1,7000,4,'',1,3000,4,'',1,7100,4,'',1,3100,4,'',1,6900,4,'',1,3200,4,'',1,7200,4,'',1,2700,4,'',1,7200,4,'',1,3200,4,'',1
'26J-H50JV00A-81-A',16001,55100,,'',2,7300,,'',1,3400,,'',2,7600,,'',1,7300,,'',2,3300,,'',2,7300,,'',1,3200,,'',2,7000,,'',2,3000,,'',1,6900,,'',2,3100,,'',2,7000,,'',1,3000,,'',2,7000,,'',1,3000,,'',1,7000,,'',2,2700,,'',1,6100,,'',1,2000,,'',1,2000,,'',2,6000,,'',1,2000,,'',1,2000,,'',1,6000,,'',2,2100,,'',2,2100,,'',1,6500,,'',1,3000,,'',2,7100,,'',1,3100,,'',1,7200,,'',2,3200,,'',1,7200,,'',1,3200,,'',1,7200,,'',1,3400,,'',1,7500,,'',1,7400,,'',1,3400,,'',1,7300,,'',1,3200,,'',1,6900,,'',2
'26J-H50JV00A-81-A',16002,54600,4,'',2,7400,4,'',1,3400,4,'',2,7700,4,'',1,7300,4,'',2,3100,4,'',2,7200,4,'',1,3300,4,'',2,7000,4,'',2,3000,4,'',1,7000,4,'',2,2900,4,'',2,6800,4,'',1,2600,4,'',2,2500,4,'',1,5900,4,'',2,2100,4,'',1,2100,4,'',2,5900,4,'',2,2000,4,'',1,2100,4,'',1,6000,4,'',1,2000,4,'',2,6600,4,'',1,3000,4,'',1,7000,4,'',2,3000,4,'',1,7000,4,'',1,3100,4,'',2,7100,4,'',1,2900,4,'',1,6900,4,'',2,3000,4,'',1,6900,4,'',1,2900,4,'',2,7100,4,'',1,3100,4,'',1,6900,4,'',1,3000,4,'',1,7300,4,'',1,2900,4,'',1,7300,4,'',1,3200,4,'',1,7300,4,'',1
'26J-H50JV00I-81-I',16001,70200,,'',2,2900,,'',2,7600,,'',1,3600,,'',2,7800,,'',1,3600,,'',2,7300,,'',2,7300,,'',1,3100,,'',2,7200,,'',2,3200,,'',1,7300,,'',2,3200,,'',2,7300,,'',1,3300,,'',2,7300,,'',2,3300,,'',1,6900,,'',2,2900,,'',2,6900,,'',1,3000,,'',2,7000,,'',2,3000,,'',1,7000,,'',2,3000,,'',2,7000,,'',1,3000,,'',2,7000,,'',2,3400,,'',1,7500,,'',2,7400,,'',1,3400,,'',2,7100,,'',1,3300,,'',2,7000,,'',1
'26J-H50JV00I-81-I',16002,65800,4,'',2,7000,4,'',2,7600,4,'',1,3600,4,'',2,7800,4,'',1,3600,4,'',2,7300,4,'',2,2800,4,'',1,6900,4,'',2,2600,4,'',2,6300,4,'',1,2100,4,'',1,2200,4,'',2,6200,4,'',1,2100,4,'',2,6100,4,'',1,2000,4,'',1,2200,4,'',2,6300,4,'',2,2300,4,'',1,2300,4,'',1,6600,4,'',2,3000,4,'',2,6900,4,'',1,3000,4,'',2,7000,4,'',2,2900,4,'',1,7100,4,'',2,3100,4,'',2,7000,4,'',1,3100,4,'',2,7100,4,'',2,3300,4,'',1,7600,4,'',2,7400,4,'',1,3400,4,'',2,7100,4,'',1,3300,4,'',2,7000,4,'',1,3200,4,'',2
'26J-H50JV00S-82-S',16001,55600,,'',1,6300,,'',1,2600,,'',1,6800,,'',1,2800,,'',1,6800,,'',1,2800,,'',1,7000,,'',1,3000,,'',1,6800,,'',1,2600,,'',1,2500,,'',1,6600,,'',1,2700,,'',1,7100,,'',1,3200,,'',1,7200,,'',1,3200,,'',1,7100,,'',1,3000,,'',1,6300,,'',1,3500,,'',1,5400,,'',1,1400,,'',1,1400,,'',1,1400,,'',1,6800,,'',2,1500,,'',1,1900,,'',1,6300,,'',1,2900,,'',1,7000,,'',1,2900,,'',1,7000,,'',1,3000,,'',1,7000,,'',1,3000,,'',1,7000,,'',1,3000,,'',1,7100,,'',1,3100,,'',1,7100,,'',1,3200,,'',1,7200,,'',1
'26J-H50JV00S-82-S',16002,55200,4,'',1,6300,4,'',1,2600,4,'',1,6700,4,'',1,1200,4,'',2,1500,4,'',1,7000,4,'',1,2100,4,'',1,1400,4,'',1,6200,4,'',1,2500,4,'',1,2200,4,'',1,6500,4,'',1,2600,4,'',1,6600,4,'',1,2600,4,'',1,2600,4,'',1,6800,4,'',1,2600,4,'',1,6600,4,'',1,2400,4,'',1,6300,4,'',1,2300,4,'',1,2200,4,'',1,6600,4,'',1,3000,4,'',1,6900,4,'',1,2900,4,'',1,6900,4,'',2,3000,4,'',1,6900,4,'',1,2900,4,'',1,7000,4,'',1,2800,4,'',1,6900,4,'',1,2900,4,'',1,7000,4,'',1,3000,4,'',1,7100,4,'',1,3100,4,'',1,6900,4,'',1,3200,4,'',1,7200,4,'',1,2700,4,'',1,7200,4,'',1,3200,4,'',1
'26J-H51J000S-80-S',16001,154100,,'',2,16400,,'',2
'26J-H51J000S-80-S',16002,60400,4,'',2,2300,4,'',2,2800,4,'',1,9000,4,'',1,1100,4,'',2,5900,4,'',2
'26J-H51JV00S-84-S',16001,154100,,'',2,16400,,'',2
'26J-H51JV00S-84-S',16002,60400,4,'',2,2300,4,'',2,2800,4,'',1,9000,4,'',1,1100,4,'',2,5900,4,'',2
