8501,'H59U000A-80-A',559,,242108,23,0,5,2,85,,242105,23,0,5,1,82,,242118,23,0,5,1,82,,242109,23,0,5,2,42,,242106,23,0,5,1,82,,242119,23,0,5,1,82,,242110,23,0,5,2,42,,242107,23,0,5,1,82,,242120,23,0,5,1,80,,242111,23,0,5,2,38,,242123,23,0,5,1,73,,242121,23,0,5,2,73,,242134,23,0,5,1,33,,242112,23,0,5,2,73,,242124,23,0,5,1,33,,242122,23,0,5,2,73,,242135,23,0,5,1,33,,242113,23,0,5,2,77,,242125,23,0,5,1,81,,242114,23,0,5,1,40,,242130,23,0,5,2,82,,242126,23,0,5,1,82,,242115,23,0,5,1,40,,242131,23,0,5,2,83,,242127,23,0,5,1,83,,242116,23,0,5,1,44,,242132,23,0,5,2,83,,242128,23,0,5,1,82,,242117,23,0,5,1,84,,242133,23,0,5,2,45,,242129,23,0,5,1
8501,'H59U000I-80-I',547,,242164,23,0,5,2,82,,242147,23,0,5,1,82,,242136,23,0,5,1,42,,242142,23,0,5,1,83,,242148,23,0,5,1,82,,242149,23,0,5,1,82,,242143,23,0,5,1,41,,242156,23,0,5,1,81,,242150,23,0,5,1,81,,242144,23,0,5,1,42,,242157,23,0,5,1,81,,242151,23,0,5,1,81,,242145,23,0,5,1,34,,242160,23,0,5,2,72,,242158,23,0,5,1,32,,242152,23,0,5,1,73,,242146,23,0,5,1,34,,242161,23,0,5,2,74,,242159,23,0,5,1,33,,242139,23,0,5,2,74,,242162,23,0,5,1,76,,242153,23,0,5,1,41,,242165,23,0,5,2,80,,242163,23,0,5,1,81,,242154,23,0,5,1,41,,242166,23,0,5,2,81,,242140,23,0,5,1,82,,242155,23,0,5,1,44,,242138,23,0,5,1,84,,242141,23,0,5,1,82,,242137,23,0,5,1
8501,'H59U000S-80-S',520,,242175,23,0,5,2,29,,242182,23,0,5,2,68,,242204,23,0,5,1,29,,242187,23,0,5,2,76,,242188,23,0,5,1,32,,242176,23,0,5,2,68,,242189,23,0,5,1,30,,242183,23,0,5,2,72,,242172,23,0,5,1,33,,242178,23,0,5,1,72,,242190,23,0,5,1,71,,242184,23,0,5,2,32,,242173,23,0,5,1,72,,242179,23,0,5,1,32,,242191,23,0,5,1,71,,242185,23,0,5,2,27,,242196,23,0,5,1,67,,242198,23,0,5,2,28,,242180,23,0,5,1,28,,242192,23,0,5,1,72,,242186,23,0,5,2,71,,242197,23,0,5,1,30,,242199,23,0,5,2,26,,242181,23,0,5,1,66,,242201,23,0,5,2,24,,242193,23,0,5,1,68,,242169,23,0,5,1,26,,242174,23,0,5,2,65,,242200,23,0,5,2,29,,242202,23,0,5,2,72,,242194,23,0,5,1,44,,242167,23,0,5,1,84,,242170,23,0,5,1,84,,242195,23,0,5,1,83,,242168,23,0,5,1,49,,242171,23,0,5,1,88,,242177,23,0,5,1,87,,242203,23,0,5,1
8501,'H59U100F-80-F1',547,,242233,23,0,5,2,82,,242216,23,0,5,1,82,,242205,23,0,5,1,42,,242211,23,0,5,1,83,,242217,23,0,5,1,82,,242218,23,0,5,1,82,,242212,23,0,5,1,41,,242225,23,0,5,1,81,,242219,23,0,5,1,81,,242213,23,0,5,1,42,,242226,23,0,5,1,81,,242220,23,0,5,1,81,,242214,23,0,5,1,34,,242229,23,0,5,2,72,,242227,23,0,5,1,32,,242221,23,0,5,1,73,,242215,23,0,5,1,34,,242230,23,0,5,2,74,,242228,23,0,5,1,33,,242208,23,0,5,2,74,,242231,23,0,5,1,76,,242222,23,0,5,1,41,,242234,23,0,5,2,80,,242232,23,0,5,1,81,,242223,23,0,5,1,41,,242235,23,0,5,2,81,,242209,23,0,5,1,82,,242224,23,0,5,1,44,,242207,23,0,5,1,84,,242210,23,0,5,1,82,,242206,23,0,5,1
8501,'H59U200F-80-F2',547,,242236,23,0,5,2,82,,242237,23,0,5,1,82,,242238,23,0,5,1,42,,242239,23,0,5,1,83,,242240,23,0,5,1,82,,242241,23,0,5,1,82,,242242,23,0,5,1,41,,242243,23,0,5,1,81,,242244,23,0,5,1,81,,242245,23,0,5,1,42,,242246,23,0,5,1,81,,242247,23,0,5,1,81,,242248,23,0,5,1,34,,242249,23,0,5,2,72,,242250,23,0,5,1,32,,242251,23,0,5,1,73,,242252,23,0,5,1,34,,242253,23,0,5,2,74,,242254,23,0,5,1,33,,242255,23,0,5,2,74,,242256,23,0,5,1,76,,242257,23,0,5,1,41,,242258,23,0,5,2,80,,242259,23,0,5,1,81,,242260,23,0,5,1,41,,242261,23,0,5,2,81,,242262,23,0,5,1,82,,242263,23,0,5,1,44,,242264,23,0,5,1,84,,242265,23,0,5,1,82,,242266,23,0,5,1
36201,'H54U000A-80-A',2639,,277314,22,0,5,1,85,,277315,22,0,5,2,85,,277316,22,0,5,1,45,,277317,22,0,5,1
36201,'H54U000I-80-I',2553,,277318,22,0,5,1,85,,277320,22,0,5,1,84,,277321,22,0,5,2,85,,277322,22,0,5,1,45,,277319,22,0,5,1
36201,'H54U000S-81-S',2553,,277324,22,0,5,1,85,,277327,22,0,5,2,85,,277323,22,0,5,1,85,,277326,22,0,5,2,45,,277325,22,0,5,1
36201,'H54U100F-80-F1',2553,,277328,22,0,5,1,85,,277330,22,0,5,1,84,,277331,22,0,5,2,85,,277332,22,0,5,1,45,,277329,22,0,5,1
36201,'H54U200F-82-F2',2553,,277336,22,0,5,1,85,,277335,22,0,5,1,84,,277334,22,0,5,2,85,,277333,22,0,5,1,45,,277337,22,0,5,1
