9701,'H57U000A-80-A',512,,245021,18,0,5,1,30,,245042,18,0,5,1,72,,245031,18,0,5,1,33,,245022,18,0,5,1,73,,245043,18,0,5,1,34,,245032,18,0,5,1,73,,245023,18,0,5,1,30,,245044,18,0,5,1,72,,245033,18,0,5,1,71,,245024,18,0,5,1,33,,245045,18,0,5,1,71,,245034,18,0,5,1,33,,245025,18,0,5,1,76,,245046,18,0,5,1,32,,245035,18,0,5,1,72,,245026,18,0,5,1,30,,245055,18,0,5,1,70,,245047,18,0,5,1,30,,245036,18,0,5,1,70,,245027,18,0,5,1,29,,245056,18,0,5,1,70,,245048,18,0,5,1,29,,245037,18,0,5,1,70,,245028,18,0,5,1,30,,245057,18,0,5,1,69,,245049,18,0,5,1,28,,245038,18,0,5,1,69,,245059,18,0,5,2,28,,245058,18,0,5,1,67,,245050,18,0,5,1,29,,245039,18,0,5,1,73,,245060,18,0,5,2,33,,245051,18,0,5,1,72,,245040,18,0,5,1,32,,245061,18,0,5,2,72,,245052,18,0,5,1,28,,245041,18,0,5,1,70,,245029,18,0,5,1,28,,245062,18,0,5,2,70,,245054,18,0,5,1,27,,245030,18,0,5,1,67,,245053,18,0,5,1
9701,'H57U000I-80-I',514,,245071,18,0,5,1,33,,245063,18,0,5,1,73,,245073,18,0,5,1,33,,245072,18,0,5,1,74,,245064,18,0,5,1,74,,245074,18,0,5,1,31,,245084,18,0,5,2,70,,245065,18,0,5,1,30,,245075,18,0,5,1,72,,245085,18,0,5,2,31,,245066,18,0,5,1,72,,245076,18,0,5,1,34,,245086,18,0,5,2,71,,245067,18,0,5,1,32,,245077,18,0,5,1,70,,245093,18,0,5,2,30,,245101,18,0,5,1,71,,245068,18,0,5,1,30,,245078,18,0,5,1,70,,245094,18,0,5,2,30,,245102,18,0,5,1,72,,245069,18,0,5,1,29,,245079,18,0,5,1,69,,245095,18,0,5,2,26,,245103,18,0,5,1,67,,245070,18,0,5,1,27,,245080,18,0,5,1,71,,245096,18,0,5,2,31,,245088,18,0,5,1,69,,245081,18,0,5,1,31,,245097,18,0,5,2,71,,245089,18,0,5,1,31,,245082,18,0,5,1,71,,245098,18,0,5,2,32,,245090,18,0,5,1,71,,245083,18,0,5,1,27,,245099,18,0,5,2,71,,245091,18,0,5,1,30,,245087,18,0,5,1,69,,245100,18,0,5,2,28,,245092,18,0,5,1
9701,'H57U000S-81-S',519,,245107,18,0,5,1,27,,245129,18,0,5,2,68,,245110,18,0,5,1,32,,245108,18,0,5,1,69,,245130,18,0,5,2,30,,245111,18,0,5,1,69,,245137,18,0,5,1,23,,245109,18,0,5,1,63,,245139,18,0,5,1,22,,245144,18,0,5,1,22,,245112,18,0,5,1,62,,245138,18,0,5,1,25,,245131,18,0,5,1,25,,245140,18,0,5,1,66,,245145,18,0,5,1,29,,245113,18,0,5,1,71,,245125,18,0,5,1,23,,245141,18,0,5,1,60,,245135,18,0,5,1,21,,245146,18,0,5,1,19,,245114,18,0,5,1,60,,245121,18,0,5,1,18,,245126,18,0,5,1,16,,245142,18,0,5,1,16,,245136,18,0,5,1,55,,245150,18,0,5,1,14,,245147,18,0,5,1,13,,245115,18,0,5,1,12,,245159,18,0,5,2,53,,245122,18,0,5,1,14,,245160,18,0,5,1,12,,245127,18,0,5,1,12,,245161,18,0,5,1,12,,245104,18,0,5,1,52,,245162,18,0,5,2,12,,245151,18,0,5,1,11,,245163,18,0,5,2,12,,245116,18,0,5,1,11,,245143,18,0,5,1,52,,245123,18,0,5,1,12,,245156,18,0,5,2,19,,245148,18,0,5,1,19,,245105,18,0,5,1,58,,245152,18,0,5,1,20,,245124,18,0,5,1,17,,245117,18,0,5,1,61,,245157,18,0,5,2,20,,245149,18,0,5,1,19,,245132,18,0,5,1,61,,245153,18,0,5,1,24,,245118,18,0,5,1,25,,245158,18,0,5,2,66,,245133,18,0,5,1,29,,245154,18,0,5,1,71,,245119,18,0,5,1,30,,245134,18,0,5,1,65,,245155,18,0,5,1,28,,245128,18,0,5,1,70,,245120,18,0,5,1,23,,245106,18,0,5,1
9701,'H57U100F-80-F1',514,,245172,18,0,5,1,33,,245164,18,0,5,1,73,,245174,18,0,5,1,33,,245173,18,0,5,1,74,,245165,18,0,5,1,74,,245175,18,0,5,1,31,,245185,18,0,5,2,70,,245166,18,0,5,1,30,,245176,18,0,5,1,72,,245186,18,0,5,2,31,,245167,18,0,5,1,72,,245177,18,0,5,1,34,,245187,18,0,5,2,71,,245168,18,0,5,1,32,,245178,18,0,5,1,70,,245194,18,0,5,2,30,,245202,18,0,5,1,71,,245169,18,0,5,1,30,,245179,18,0,5,1,70,,245195,18,0,5,2,30,,245203,18,0,5,1,72,,245170,18,0,5,1,29,,245180,18,0,5,1,69,,245196,18,0,5,2,26,,245204,18,0,5,1,67,,245171,18,0,5,1,27,,245181,18,0,5,1,71,,245197,18,0,5,2,31,,245189,18,0,5,1,69,,245182,18,0,5,1,31,,245198,18,0,5,2,71,,245190,18,0,5,1,31,,245183,18,0,5,1,71,,245199,18,0,5,2,32,,245191,18,0,5,1,71,,245184,18,0,5,1,27,,245200,18,0,5,2,71,,245192,18,0,5,1,30,,245188,18,0,5,1,69,,245201,18,0,5,2,28,,245193,18,0,5,1
9701,'H57U200F-80-F2',514,,245213,18,0,5,1,33,,245205,18,0,5,1,73,,245215,18,0,5,1,33,,245214,18,0,5,1,74,,245206,18,0,5,1,74,,245216,18,0,5,1,31,,245226,18,0,5,2,70,,245207,18,0,5,1,30,,245217,18,0,5,1,72,,245227,18,0,5,2,31,,245208,18,0,5,1,72,,245218,18,0,5,1,34,,245228,18,0,5,2,71,,245209,18,0,5,1,32,,245219,18,0,5,1,70,,245235,18,0,5,2,30,,245243,18,0,5,1,71,,245210,18,0,5,1,30,,245220,18,0,5,1,70,,245236,18,0,5,2,30,,245244,18,0,5,1,72,,245211,18,0,5,1,29,,245221,18,0,5,1,69,,245237,18,0,5,2,26,,245245,18,0,5,1,67,,245212,18,0,5,1,27,,245222,18,0,5,1,71,,245238,18,0,5,2,31,,245230,18,0,5,1,69,,245223,18,0,5,1,31,,245239,18,0,5,2,71,,245231,18,0,5,1,31,,245224,18,0,5,1,71,,245240,18,0,5,2,32,,245232,18,0,5,1,71,,245225,18,0,5,1,27,,245241,18,0,5,2,71,,245233,18,0,5,1,30,,245229,18,0,5,1,69,,245242,18,0,5,2,28,,245234,18,0,5,1
36801,'H57U000A-80-A',2623,,277559,68,0,5,1,84,,277563,68,0,5,2,47,,277562,68,0,5,1,82,,277561,68,0,5,1,81,,277560,68,0,5,1
36801,'H57U000I-80-I',2617,,277567,68,0,5,1,85,,277564,68,0,5,1,45,,277566,68,0,5,1,85,,277568,68,0,5,1,85,,277565,68,0,5,1
36801,'H57U000S-81-S',2618,,277569,68,0,5,1,87,,277572,68,0,5,1,54,,277573,68,0,5,1,78,,277570,68,0,5,1,92,,277571,68,0,5,1
36801,'H57U100F-80-F1',2617,,277577,68,0,5,1,85,,277574,68,0,5,1,45,,277576,68,0,5,1,85,,277578,68,0,5,1,85,,277575,68,0,5,1
36801,'H57U200F-80-F2',2617,,277582,68,0,5,1,85,,277579,68,0,5,1,45,,277581,68,0,5,1,85,,277583,68,0,5,1,85,,277580,68,0,5,1
