7901,'H58U000A-80-A',504,,240856,11,0,5,1,30,,240867,11,0,5,1,69,,240852,11,0,5,1,31,,240864,11,0,5,2,71,,240875,11,0,5,1,32,,240834,11,0,5,1,70,,240865,11,0,5,2,30,,240848,11,0,5,2,68,,240857,11,0,5,1,31,,240835,11,0,5,2,70,,240866,11,0,5,2,30,,240858,11,0,5,1,70,,240861,11,0,5,1,30,,240868,11,0,5,1,70,,240842,11,0,5,1,30,,240859,11,0,5,1,70,,240862,11,0,5,1,29,,240869,11,0,5,1,69,,240843,11,0,5,1,30,,240846,11,0,5,1,70,,240863,11,0,5,1,30,,240870,11,0,5,1,71,,240874,11,0,5,2,31,,240838,11,0,5,1,70,,240849,11,0,5,2,30,,240871,11,0,5,1,70,,240847,11,0,5,1,30,,240839,11,0,5,1,70,,240860,11,0,5,1,30,,240836,11,0,5,1,69,,240853,11,0,5,1,30,,240840,11,0,5,1,70,,240872,11,0,5,2,31,,240837,11,0,5,1,72,,240854,11,0,5,1,32,,240841,11,0,5,1,72,,240873,11,0,5,2,31,,240844,11,0,5,1,65,,240845,11,0,5,1,25,,240855,11,0,5,2,73,,240850,11,0,5,2,33,,240851,11,0,5,2
7901,'H58U000I-80-I',505,,240876,11,0,5,1,30,,240892,11,0,5,2,70,,240884,11,0,5,2,30,,240882,11,0,5,1,70,,240879,11,0,5,1,30,,240889,11,0,5,1,70,,240877,11,0,5,2,30,,240908,11,0,5,2,70,,240880,11,0,5,1,31,,240893,11,0,5,2,70,,240878,11,0,5,2,30,,240909,11,0,5,2,69,,240881,11,0,5,1,29,,240894,11,0,5,2,70,,240885,11,0,5,1,30,,240910,11,0,5,2,70,,240916,11,0,5,1,30,,240895,11,0,5,2,70,,240911,11,0,5,1,31,,240904,11,0,5,2,71,,240900,11,0,5,1,30,,240896,11,0,5,2,70,,240912,11,0,5,1,30,,240905,11,0,5,2,70,,240901,11,0,5,1,30,,240897,11,0,5,2,70,,240913,11,0,5,1,30,,240906,11,0,5,2,70,,240902,11,0,5,1,30,,240898,11,0,5,2,69,,240914,11,0,5,1,30,,240907,11,0,5,2,70,,240903,11,0,5,1,30,,240899,11,0,5,2,70,,240890,11,0,5,1,32,,240888,11,0,5,1,72,,240883,11,0,5,1,33,,240886,11,0,5,1,66,,240887,11,0,5,2,27,,240915,11,0,5,1,70,,240891,11,0,5,1
7901,'H58U000S-80-S',445,,240917,11,0,5,2,60,,240928,11,0,5,1,26,,240935,11,0,5,1,71,,240929,11,0,5,2,31,,240930,11,0,5,1,72,,240924,11,0,5,1,31,,240931,11,0,5,2,71,,240938,11,0,5,1,31,,240918,11,0,5,2,70,,240925,11,0,5,1,28,,240932,11,0,5,2,70,,240939,11,0,5,1,30,,240919,11,0,5,2,70,,240926,11,0,5,1,30,,240933,11,0,5,2,70,,240940,11,0,5,1,30,,240920,11,0,5,2,69,,240927,11,0,5,1,29,,240934,11,0,5,2,70,,240941,11,0,5,1,31,,240921,11,0,5,2,71,,240943,11,0,5,1,26,,240923,11,0,5,2,26,,240942,11,0,5,1,60,,240922,11,0,5,2,20,,240955,11,0,5,2,19,,240956,11,0,5,2,59,,240957,11,0,5,2,20,,240950,11,0,5,1,20,,240944,11,0,5,1,60,,240936,11,0,5,2,22,,240946,11,0,5,1,67,,240958,11,0,5,2,30,,240951,11,0,5,1,70,,240937,11,0,5,2,31,,240947,11,0,5,1,72,,240959,11,0,5,2,32,,240952,11,0,5,1,73,,240948,11,0,5,1,33,,240960,11,0,5,2,68,,240953,11,0,5,1,28,,240945,11,0,5,2,59,,240949,11,0,5,1,33,,240961,11,0,5,2,71,,240954,11,0,5,1
7901,'H58U100F-80-F1',505,,240962,11,0,5,1,30,,240978,11,0,5,2,70,,240970,11,0,5,2,30,,240968,11,0,5,1,70,,240965,11,0,5,1,30,,240975,11,0,5,1,70,,240963,11,0,5,2,30,,240994,11,0,5,2,70,,240966,11,0,5,1,31,,240979,11,0,5,2,70,,240964,11,0,5,2,30,,240995,11,0,5,2,69,,240967,11,0,5,1,29,,240980,11,0,5,2,70,,240971,11,0,5,1,30,,240996,11,0,5,2,70,,241002,11,0,5,1,30,,240981,11,0,5,2,70,,240997,11,0,5,1,31,,240990,11,0,5,2,71,,240986,11,0,5,1,30,,240982,11,0,5,2,70,,240998,11,0,5,1,30,,240991,11,0,5,2,70,,240987,11,0,5,1,30,,240983,11,0,5,2,70,,240999,11,0,5,1,30,,240992,11,0,5,2,70,,240988,11,0,5,1,30,,240984,11,0,5,2,69,,241000,11,0,5,1,30,,240993,11,0,5,2,70,,240989,11,0,5,1,30,,240985,11,0,5,2,70,,240976,11,0,5,1,32,,240974,11,0,5,1,72,,240969,11,0,5,1,33,,240972,11,0,5,1,66,,240973,11,0,5,2,27,,241001,11,0,5,1,70,,240977,11,0,5,1
7901,'H58U200F-80-F2',505,,241003,11,0,5,2,30,,241034,11,0,5,2,70,,241014,11,0,5,1,30,,241024,11,0,5,1,70,,241004,11,0,5,2,30,,241015,11,0,5,1,70,,241035,11,0,5,2,30,,241025,11,0,5,1,70,,241005,11,0,5,2,31,,241016,11,0,5,1,70,,241036,11,0,5,2,30,,241026,11,0,5,1,69,,241006,11,0,5,2,29,,241017,11,0,5,1,70,,241037,11,0,5,2,30,,241027,11,0,5,1,70,,241007,11,0,5,2,30,,241018,11,0,5,1,70,,241038,11,0,5,2,31,,241028,11,0,5,1,71,,241008,11,0,5,2,30,,241019,11,0,5,1,70,,241039,11,0,5,2,30,,241029,11,0,5,1,70,,241009,11,0,5,2,30,,241020,11,0,5,1,70,,241040,11,0,5,2,30,,241030,11,0,5,1,70,,241010,11,0,5,2,30,,241021,11,0,5,1,69,,241041,11,0,5,2,30,,241031,11,0,5,1,70,,241011,11,0,5,2,30,,241022,11,0,5,1,70,,241042,11,0,5,2,32,,241032,11,0,5,1,72,,241012,11,0,5,2,33,,241023,11,0,5,1,66,,241043,11,0,5,2,27,,241033,11,0,5,1,70,,241013,11,0,5,2
38201,'H60U000A-85-A',2622,,278012,50,0,5,1,85,,278015,50,0,5,1,45,,278013,50,0,5,2,85,,278014,50,0,5,1
38201,'H60U000I-84-I',2622,,278017,50,0,5,1,85,,278018,50,0,5,1,45,,278016,50,0,5,1,85,,278019,50,0,5,1
38201,'H60U000S-86-S',2616,,278021,50,0,5,1,89,,278020,50,0,5,1,45,,278023,50,0,5,2,88,,278022,50,0,5,1
38201,'H60U100F-85-F1',2622,,278025,50,0,5,1,85,,278026,50,0,5,1,45,,278024,50,0,5,1,85,,278027,50,0,5,2
38201,'H60U200F-83-F2',2622,,278029,50,0,5,1,85,,278030,50,0,5,1,45,,278028,50,0,5,1,85,,278031,50,0,5,2
