10401,'H50M000S-81-S',715,,195256,16,0,5,1,42,,195255,16,0,5,1
10401,'H56M000A-80-A',635,,195257,16,0,5,2,74,,195263,16,0,5,2,18,,195261,16,0,5,1,75,,195258,16,0,5,2,35,,195264,16,0,5,2,21,,195262,16,0,5,1,76,,195259,16,0,5,2,81,,195265,16,0,5,2,28,,195283,16,0,5,1,72,,195275,16,0,5,2,41,,195266,16,0,5,2,69,,195284,16,0,5,1,77,,195276,16,0,5,2,38,,195267,16,0,5,2,69,,195285,16,0,5,1,37,,195277,16,0,5,2,78,,195268,16,0,5,2,29,,195286,16,0,5,1,77,,195278,16,0,5,2,78,,195269,16,0,5,2,31,,195287,16,0,5,1,72,,195279,16,0,5,2,39,,195270,16,0,5,2,70,,195288,16,0,5,1,31,,195280,16,0,5,2,73,,195271,16,0,5,2,29,,195289,16,0,5,1,70,,195281,16,0,5,2,33,,195272,16,0,5,2,68,,195290,16,0,5,1,29,,195282,16,0,5,2,71,,195273,16,0,5,2,30,,195291,16,0,5,1,68,,195260,16,0,5,2,28,,195274,16,0,5,2,69,,195292,16,0,5,1
10401,'H56M000I-80-I',649,,195322,16,0,5,1,70,,195297,16,0,5,2,81,,195323,16,0,5,2,36,,195293,16,0,5,1,14,,195298,16,0,5,2,80,,195324,16,0,5,2,84,,195294,16,0,5,1,38,,195318,16,0,5,1,55,,195325,16,0,5,2,43,,195295,16,0,5,1,83,,195319,16,0,5,1,80,,195299,16,0,5,2,16,,195296,16,0,5,1,85,,195320,16,0,5,1,41,,195300,16,0,5,2,82,,195312,16,0,5,1,19,,195321,16,0,5,1,81,,195301,16,0,5,2,82,,195313,16,0,5,1,40,,195307,16,0,5,2,56,,195302,16,0,5,2,37,,195314,16,0,5,1,83,,195308,16,0,5,2,73,,195303,16,0,5,2,18,,195315,16,0,5,1,77,,195309,16,0,5,2,32,,195304,16,0,5,2,72,,195316,16,0,5,1,33,,195310,16,0,5,2,72,,195305,16,0,5,2,33,,195317,16,0,5,1,73,,195311,16,0,5,2,32,,195306,16,0,5,2
10401,'H56M000S-80-S',628,,195329,16,0,5,1,25,,195362,16,0,5,1,50,,195330,16,0,5,2,18,,195338,16,0,5,2,6,,195339,16,0,5,2,6,,195335,16,0,5,1,6,,195340,16,0,5,2,6,,195361,16,0,5,1,6,,195337,16,0,5,1,70,,195354,16,0,5,1,13,,195336,16,0,5,2,105,,195347,16,0,5,1,76,,195355,16,0,5,1,35,,195351,16,0,5,1,76,,195348,16,0,5,1,76,,195356,16,0,5,1,36,,195352,16,0,5,1,76,,195349,16,0,5,1,39,,195357,16,0,5,1,77,,195353,16,0,5,1,79,,195350,16,0,5,1,42,,195358,16,0,5,1,77,,195359,16,0,5,1,76,,195334,16,0,5,1,41,,195363,16,0,5,1,79,,195343,16,0,5,1,79,,195360,16,0,5,1,33,,195364,16,0,5,1,75,,195344,16,0,5,1,30,,195345,16,0,5,2,72,,195331,16,0,5,1,32,,195326,16,0,5,2,70,,195346,16,0,5,2,31,,195332,16,0,5,1,69,,195327,16,0,5,2,29,,195341,16,0,5,1,69,,195333,16,0,5,1,27,,195328,16,0,5,2,66,,195342,16,0,5,1
10401,'H57M000S-80-S',903,,195365,16,0,5,2
13801,'H50M000S-81-S',741,,201004,16,0,5,1
13801,'H56M000A-80-A',612,,201005,16,0,5,1,40,,201009,16,0,5,1,81,,201006,16,0,5,1,86,,201010,16,0,5,1,83,,201007,16,0,5,1,45,,201011,16,0,5,1,87,,201008,16,0,5,1,89,,201012,16,0,5,1,89,,201018,16,0,5,1,88,,201013,16,0,5,1,51,,201019,16,0,5,1,88,,201014,16,0,5,1,90,,201020,16,0,5,1,90,,201015,16,0,5,1,90,,201021,16,0,5,1,48,,201016,16,0,5,1,86,,201022,16,0,5,1,86,,201017,16,0,5,1,86,,201023,16,0,5,1
13801,'H56M000I-80-I',621,,201027,16,0,5,1,38,,201024,16,0,5,1,79,,201028,16,0,5,1,81,,201029,16,0,5,1,84,,201042,16,0,5,1,48,,201030,16,0,5,1,82,,201043,16,0,5,1,88,,201031,16,0,5,1,89,,201025,16,0,5,1,43,,201032,16,0,5,1,91,,201026,16,0,5,1,88,,201033,16,0,5,1,89,,201038,16,0,5,1,87,,201034,16,0,5,1,47,,201039,16,0,5,1,86,,201035,16,0,5,1,89,,201040,16,0,5,1,85,,201036,16,0,5,1,85,,201041,16,0,5,1,44,,201037,16,0,5,1
13801,'H56M000S-80-S',601,,201045,16,0,5,1,41,,201044,16,0,5,1,68,,201057,16,0,5,1,98,,201046,16,0,5,1,39,,201058,16,0,5,1,76,,201068,16,0,5,1,33,,201047,16,0,5,1,75,,201059,16,0,5,1,76,,201069,16,0,5,1,36,,201048,16,0,5,1,76,,201060,16,0,5,1,37,,201070,16,0,5,1,77,,201049,16,0,5,1,78,,201061,16,0,5,1,36,,201071,16,0,5,1,77,,201050,16,0,5,1,81,,201062,16,0,5,1,42,,201072,16,0,5,1,78,,201051,16,0,5,1,80,,201063,16,0,5,1,39,,201073,16,0,5,1,75,,201052,16,0,5,1,34,,201064,16,0,5,1,73,,201074,16,0,5,1,30,,201053,16,0,5,1,72,,201065,16,0,5,1,72,,201075,16,0,5,1,30,,201054,16,0,5,1,71,,201066,16,0,5,1,30,,201076,16,0,5,1,27,,201055,16,0,5,1,68,,201067,16,0,5,1,27,,201077,16,0,5,1,65,,201056,16,0,5,1
42001,'H56M000S-80-S',623,,215326,6,0,5,1,25,,215330,6,0,5,2,65,,215334,6,0,5,2,22,,215337,6,0,5,2,22,,215327,6,0,5,1,63,,215331,6,0,5,2,24,,215338,6,0,5,2,70,,215335,6,0,5,2,31,,215328,6,0,5,1,72,,215332,6,0,5,2,33,,215336,6,0,5,2,72,,215329,6,0,5,1,29,,215333,6,0,5,2,68,,215339,6,0,5,2
