20201,'H60U000A-85-A',639,,270857,52,0,5,1,71,,270873,52,0,5,2,30,,270871,52,0,5,1,71,,270861,52,0,5,1,32,,270880,52,0,5,1,67,,270858,52,0,5,1,30,,270874,52,0,5,2,72,,270868,52,0,5,1,32,,270862,52,0,5,1,72,,270881,52,0,5,1,30,,270859,52,0,5,1,68,,270875,52,0,5,2,28,,270869,52,0,5,1,62,,270863,52,0,5,1,24,,270887,52,0,5,1,25,,270882,52,0,5,1,67,,270860,52,0,5,1,30,,270876,52,0,5,2,73,,270870,52,0,5,1,24,,270864,52,0,5,1,63,,270888,52,0,5,1,24,,270885,52,0,5,1,24,,270892,52,0,5,2,62,,270853,52,0,5,1,22,,270877,52,0,5,2,60,,270872,52,0,5,1,22,,270865,52,0,5,1,28,,270889,52,0,5,1,69,,270883,52,0,5,1,31,,270856,52,0,5,1,67,,270878,52,0,5,2,27,,270866,52,0,5,1,70,,270890,52,0,5,1,30,,270884,52,0,5,1,69,,270854,52,0,5,1,28,,270879,52,0,5,2,67,,270867,52,0,5,1,30,,270891,52,0,5,1,70,,270886,52,0,5,1,29,,270855,52,0,5,1
20201,'H60U000I-84-I',740,,270909,52,0,5,1,71,,270917,52,0,5,2,32,,270922,52,0,5,1,71,,270895,52,0,5,2,33,,270896,52,0,5,1,73,,270910,52,0,5,1,33,,270897,52,0,5,1,69,,270907,52,0,5,1,30,,270908,52,0,5,1,70,,270918,52,0,5,1,31,,270911,52,0,5,1,70,,270898,52,0,5,1,32,,270923,52,0,5,1,70,,270902,52,0,5,1,33,,270919,52,0,5,1,73,,270912,52,0,5,1,69,,270899,52,0,5,1,32,,270924,52,0,5,1,70,,270903,52,0,5,1,30,,270920,52,0,5,1,73,,270913,52,0,5,1,32,,270900,52,0,5,1,72,,270925,52,0,5,1,28,,270904,52,0,5,1,71,,270914,52,0,5,1,29,,270921,52,0,5,1,68,,270901,52,0,5,1,30,,270926,52,0,5,1,68,,270905,52,0,5,1,30,,270915,52,0,5,1,70,,270893,52,0,5,1,30,,270894,52,0,5,1,67,,270927,52,0,5,1,25,,270906,52,0,5,1,24,,270916,52,0,5,1
20201,'H60U000S-86-S',627,,270936,52,0,5,1,28,,270950,52,0,5,2,62,,270937,12,0,5,1,6,,270949,52,0,5,1,18,,270948,52,0,5,1,3,,270951,12,0,5,1,65,,270954,52,0,5,2,30,,270952,52,0,5,1,73,,270958,52,0,5,1,32,,270930,52,0,5,1,68,,270961,52,0,5,1,30,,270939,52,0,5,1,67,,270943,52,0,5,1,27,,270955,52,0,5,1,23,,270959,52,0,5,1,68,,270931,52,0,5,1,32,,270962,52,0,5,1,67,,270940,52,0,5,1,27,,270944,52,0,5,1,71,,270956,52,0,5,1,26,,270960,52,0,5,1,57,,270966,12,0,5,2,12,,270953,52,0,5,1,23,,270932,52,0,5,1,60,,270938,52,0,5,1,10,,270968,12,0,5,2,7,,270963,12,0,5,1,1,,270935,52,0,5,1,6,,270969,12,0,5,2,14,,270941,52,0,5,1,17,,270967,12,0,5,1,48,,270945,52,0,5,1,27,,270929,12,0,5,1,6,,270957,52,0,5,1,71,,270928,52,0,5,1,29,,270972,52,0,5,1,69,,270964,52,0,5,1,27,,270942,52,0,5,1,73,,270946,52,0,5,1,32,,270933,52,0,5,1,69,,270973,52,0,5,2,22,,270970,52,0,5,1,19,,270965,52,0,5,1,62,,270975,52,0,5,2,32,,270947,52,0,5,1,67,,270934,52,0,5,1,29,,270974,52,0,5,2,69,,270971,52,0,5,1,32,,270976,52,0,5,2
20201,'H60U100F-85-F1',740,,270992,52,0,5,1,71,,271000,52,0,5,2,32,,271004,52,0,5,1,71,,271001,52,0,5,1,33,,270978,52,0,5,1,73,,270993,52,0,5,1,33,,270985,52,0,5,1,69,,270980,52,0,5,1,30,,270979,52,0,5,2,70,,270984,52,0,5,1,31,,270994,52,0,5,1,70,,270986,52,0,5,1,32,,271005,52,0,5,1,70,,270997,52,0,5,2,33,,271010,52,0,5,1,73,,270995,52,0,5,1,69,,270987,52,0,5,1,32,,271006,52,0,5,1,70,,270998,52,0,5,2,30,,271011,52,0,5,1,73,,270996,52,0,5,1,32,,270988,52,0,5,1,72,,271007,52,0,5,1,28,,270999,52,0,5,2,71,,270977,52,0,5,1,29,,271002,52,0,5,1,68,,270989,52,0,5,1,30,,271009,52,0,5,1,68,,270982,52,0,5,2,30,,270990,52,0,5,1,70,,271003,52,0,5,1,30,,270981,52,0,5,1,67,,271008,52,0,5,1,25,,270983,52,0,5,2,24,,270991,52,0,5,1
20201,'H60U200F-83-F2',740,,271027,52,0,5,1,71,,271035,52,0,5,2,32,,271039,52,0,5,1,71,,271036,52,0,5,1,33,,271013,52,0,5,1,73,,271028,52,0,5,1,33,,271020,52,0,5,1,69,,271015,52,0,5,1,30,,271014,52,0,5,2,70,,271019,52,0,5,1,31,,271029,52,0,5,1,70,,271021,52,0,5,1,32,,271040,52,0,5,1,70,,271032,52,0,5,2,33,,271045,52,0,5,1,73,,271030,52,0,5,1,69,,271022,52,0,5,1,32,,271041,52,0,5,1,70,,271033,52,0,5,2,30,,271046,52,0,5,1,73,,271031,52,0,5,1,32,,271023,52,0,5,1,72,,271042,52,0,5,1,28,,271034,52,0,5,2,71,,271012,52,0,5,1,29,,271037,52,0,5,1,68,,271024,52,0,5,1,30,,271044,52,0,5,1,68,,271017,52,0,5,2,30,,271025,52,0,5,1,70,,271038,52,0,5,1,30,,271016,52,0,5,1,67,,271043,52,0,5,1,25,,271018,52,0,5,2,24,,271026,52,0,5,1
37801,'H60U000A-85-A',2536,,277917,13,0,5,1,91,,277916,13,0,5,2,91,,277915,13,0,5,1,91,,277918,13,0,5,1
37801,'H60U000I-84-I',2536,,277921,13,0,5,1,91,,277920,13,0,5,1,90,,277922,13,0,5,1,93,,277919,13,0,5,1
37801,'H60U000S-86-S',2536,,277925,13,0,5,1,91,,277923,13,0,5,1,97,,277926,13,0,5,1,89,,277924,13,0,5,1
37801,'H60U100F-85-F1',2536,,277929,13,0,5,1,91,,277927,13,0,5,1,90,,277930,13,0,5,1,93,,277928,13,0,5,1
37801,'H60U200F-83-F2',2536,,277933,13,0,5,1,91,,277931,13,0,5,1,90,,277934,13,0,5,1,93,,277932,13,0,5,1
46001,'H58U000S-80-S',542,,280002,9,0,5,2,70,,280004,9,0,5,2,31,,280000,9,0,5,1,64,,280005,9,0,5,2,18,,280003,9,0,5,2,31,,280006,9,0,5,2,71,,280007,9,0,5,1,28,,280008,9,0,5,2,62,,279999,9,0,5,2,30,,280001,9,0,5,1,503,,280010,9,0,99 30,2,54,,280011,9,0,99 30,1,10,,280013,9,0,99 30,1,10,,280015,9,0,99 30,2,10,,280016,9,0,99 30,2,9,,280018,9,0,99 30,2,9,,280009,9,0,99 30,2,48,,280020,9,0,99 30,1,9,,280021,9,0,99 30,1,8,,280023,9,0,99 30,2,9,,280025,9,0,99 30,2,9,,280026,9,0,99 30,2,9,,280028,9,0,99 30,2,9,,280014,9,0,99 30,2,50,,280030,9,0,99 30,1,19,,280019,9,0,99 30,2,20,,280029,9,0,99 30,2,60,,280024,9,0,99 30,2,25,,280012,9,0,99 30,1,25,,280017,9,0,99 30,2,65,,280022,9,0,99 30,1,25,,280027,9,0,99 30,2
46001,'H58U200F-80-F2',542,,280034,9,0,5,2,70,,280036,9,0,5,2,31,,280031,9,0,5,1,64,,280033,9,0,5,1,18,,280035,9,0,5,2,31,,280037,9,0,5,2,71,,280040,9,0,5,1,28,,280038,9,0,5,1,62,,280039,9,0,5,2,30,,280032,9,0,5,1,503,,280043,9,0,99 30,1,70,,280045,9,0,99 30,2,25,,280048,9,0,99 30,2,65,,280049,9,0,99 30,2,25,,280051,9,0,99 30,1,65,,280047,9,0,99 30,2,26,,280041,9,0,99 30,2,29,,280042,9,0,99 30,2,70,,280044,9,0,99 30,1,30,,280046,9,0,99 30,2,69,,280050,9,0,99 30,2,18,,280052,9,0,99 30,1
