'25J-H56J000A-81-A',3803,52000,4,'',1,3000,4,'',2,7000,4,'',1,3000,4,'',2,6800,4,'',1,3100,4,'',2,7100,4,'',1,3100,4,'',2,7200,4,'',1,3000,4,'',2,7000,4,'',1,3000,4,'',2,7300,4,'',1,3000,4,'',2,7000,4,'',1,3000,4,'',2,7000,4,'',1,3000,4,'',2,7000,4,'',1,3000,4,'',2,7100,4,'',1,3000,4,'',2,7000,4,'',1,3100,4,'',2,7100,4,'',1,7200,4,'',2,3000,4,'',1,7000,4,'',2,2900,4,'',1,2900,4,'',2,6900,4,'',1,2600,4,'',2,6900,4,'',1,2900,4,'',2,7000,4,'',1,3000,4,'',2,7000,4,'',1,3000,4,'',2,6800,4,'',1,3000,4,'',2,7000,4,'',1
'25J-H56J000A-81-A',3804,53000,,'',1,7000,,'',2,3000,,'',1,2900,,'',2,6900,,'',1,3100,,'',2,7100,,'',1,7000,,'',2,3000,,'',1,7000,,'',2,3000,,'',1,7000,,'',2,3000,,'',1,7000,,'',2,3000,,'',1,7000,,'',2,3000,,'',1,7000,,'',2,3100,,'',1,7100,,'',2,3000,,'',1,7000,,'',2,3000,,'',1,7100,,'',2,3100,,'',1,7200,,'',2,2900,,'',1,7000,,'',2,2900,,'',1,6800,,'',2,2900,,'',1,6900,,'',2,3000,,'',1,7000,,'',2,3000,,'',1,7000,,'',2,3000,,'',1,7000,,'',2,3000,,'',1,7000,,'',2
'25J-H56J000I-81-I',3803,52100,4,'',1,3000,4,'',2,7000,4,'',1,3000,4,'',2,6800,4,'',1,3000,4,'',2,7100,4,'',1,3100,4,'',2,7000,4,'',1,3200,4,'',2,7000,4,'',1,3000,4,'',2,7200,4,'',1,3100,4,'',2,7000,4,'',1,3000,4,'',2,7000,4,'',1,3000,4,'',2,7000,4,'',1,3000,4,'',2,7100,4,'',1,3000,4,'',2,7000,4,'',1,3100,4,'',2,7000,4,'',1,3000,4,'',2,7100,4,'',1,3000,4,'',2,6900,4,'',1,2900,4,'',2,6900,4,'',1,2900,4,'',2,6900,4,'',1,2900,4,'',2,7000,4,'',1,3000,4,'',2,6900,4,'',1,3000,4,'',2,7000,4,'',1,3000,4,'',2,7000,4,'',1
'25J-H56J000I-81-I',3804,53000,,'',1,7000,,'',2,3000,,'',1,2900,,'',2,6900,,'',1,3100,,'',2,7100,,'',1,7000,,'',2,3000,,'',1,7000,,'',2,3000,,'',1,7000,,'',2,3000,,'',1,7000,,'',2,3000,,'',1,7000,,'',2,3000,,'',1,7000,,'',2,3100,,'',1,7000,,'',2,3000,,'',1,7000,,'',2,3100,,'',1,7100,,'',2,3100,,'',1,7200,,'',2,2900,,'',1,7000,,'',2,2900,,'',1,6900,,'',2,2900,,'',1,6900,,'',2,2900,,'',1,7000,,'',2,3000,,'',1,7000,,'',2,3000,,'',1,7000,,'',2,3000,,'',1,7000,,'',2
'25J-H56J000S-80-S',3803,52100,4,'',1,3000,4,'',2,7100,4,'',1,3100,4,'',2,7200,4,'',1,3100,4,'',2,7100,4,'',1,3000,4,'',2,6800,4,'',1,3000,4,'',2,7000,4,'',1,3000,4,'',2,7100,4,'',1,3000,4,'',2,7000,4,'',1,3000,4,'',2,7000,4,'',1,3100,4,'',2,7100,4,'',1,3000,4,'',2,7100,4,'',1,2900,4,'',2,6900,4,'',2,3200,4,'',1,7200,4,'',2,7200,4,'',1,2900,4,'',2,7100,4,'',1,2900,4,'',2,2700,4,'',1,6700,4,'',2,2800,4,'',1,7000,4,'',2,2900,4,'',1,7000,4,'',2,3000,4,'',1,7000,4,'',2,2800,4,'',1,7000,4,'',2,2900,4,'',1,7000,4,'',2
'25J-H56J000S-80-S',3804,53000,,'',1,7000,,'',2,3000,,'',1,2900,,'',2,6900,,'',1,3100,,'',2,7100,,'',1,7000,,'',2,3000,,'',1,7000,,'',2,3000,,'',1,7000,,'',2,3000,,'',1,7000,,'',2,3000,,'',1,7000,,'',2,3000,,'',1,7000,,'',2,3100,,'',1,7100,,'',2,3000,,'',1,7000,,'',2,3000,,'',2,7100,,'',1,3100,,'',2,7200,,'',1,2900,,'',2,7100,,'',1,2800,,'',2,6800,,'',1,2800,,'',2,7000,,'',1,3000,,'',2,7000,,'',1,3000,,'',2,7000,,'',1,3000,,'',2,7000,,'',1,3000,,'',2,7000,,'',1
'25J-H56JV00A-80-A',3803,52000,4,'',1,3000,4,'',2,7000,4,'',1,3000,4,'',2,6800,4,'',1,3100,4,'',2,7100,4,'',1,3100,4,'',2,7200,4,'',1,3000,4,'',2,7000,4,'',1,3000,4,'',2,7300,4,'',1,3000,4,'',2,7000,4,'',1,3000,4,'',2,7000,4,'',1,3000,4,'',2,7000,4,'',1,3000,4,'',2,7100,4,'',1,3000,4,'',2,7000,4,'',1,3100,4,'',2,7100,4,'',1,7200,4,'',2,3000,4,'',1,7000,4,'',2,2900,4,'',1,2900,4,'',2,6900,4,'',1,2600,4,'',2,6900,4,'',1,2900,4,'',2,7000,4,'',1,3000,4,'',2,7000,4,'',1,3000,4,'',2,6800,4,'',1,3000,4,'',2,7000,4,'',1
'25J-H56JV00A-80-A',3804,53000,,'',1,7000,,'',2,3000,,'',1,2900,,'',2,6900,,'',1,3100,,'',2,7100,,'',1,7000,,'',2,3000,,'',1,7000,,'',2,3000,,'',1,7000,,'',2,3000,,'',1,7000,,'',2,3000,,'',1,7000,,'',2,3000,,'',1,7000,,'',2,3100,,'',1,7100,,'',2,3000,,'',1,7000,,'',2,3000,,'',1,7100,,'',2,3100,,'',1,7200,,'',2,2900,,'',1,7000,,'',2,2900,,'',1,6800,,'',2,2900,,'',1,6900,,'',2,3000,,'',1,7000,,'',2,3000,,'',1,7000,,'',2,3000,,'',1,7000,,'',2,3000,,'',1,7000,,'',2
'25J-H56JV00I-80-I',3803,52100,4,'',1,3000,4,'',2,7000,4,'',1,3000,4,'',2,6800,4,'',1,3000,4,'',2,7100,4,'',1,3100,4,'',2,7000,4,'',1,3200,4,'',2,7000,4,'',1,3000,4,'',2,7200,4,'',1,3100,4,'',2,7000,4,'',1,3000,4,'',2,7000,4,'',1,3000,4,'',2,7000,4,'',1,3000,4,'',2,7100,4,'',1,3000,4,'',2,7000,4,'',1,3100,4,'',2,7000,4,'',1,3000,4,'',2,7100,4,'',1,3000,4,'',2,6900,4,'',1,2900,4,'',2,6900,4,'',1,2900,4,'',2,6900,4,'',1,2900,4,'',2,7000,4,'',1,3000,4,'',2,6900,4,'',1,3000,4,'',2,7000,4,'',1,3000,4,'',2,7000,4,'',1
'25J-H56JV00I-80-I',3804,53000,,'',1,7000,,'',2,3000,,'',1,2900,,'',2,6900,,'',1,3100,,'',2,7100,,'',1,7000,,'',2,3000,,'',1,7000,,'',2,3000,,'',1,7000,,'',2,3000,,'',1,7000,,'',2,3000,,'',1,7000,,'',2,3000,,'',1,7000,,'',2,3100,,'',1,7000,,'',2,3000,,'',1,7000,,'',2,3100,,'',1,7100,,'',2,3100,,'',1,7200,,'',2,2900,,'',1,7000,,'',2,2900,,'',1,6900,,'',2,2900,,'',1,6900,,'',2,2900,,'',1,7000,,'',2,3000,,'',1,7000,,'',2,3000,,'',1,7000,,'',2,3000,,'',1,7000,,'',2
'25J-H56JV00S-80-S',3803,52100,4,'',1,3000,4,'',2,7100,4,'',1,3100,4,'',2,7200,4,'',1,3100,4,'',2,7100,4,'',1,3000,4,'',2,6800,4,'',1,3000,4,'',2,7000,4,'',1,3000,4,'',2,7100,4,'',1,3000,4,'',2,7000,4,'',1,3000,4,'',2,7000,4,'',1,3100,4,'',2,7100,4,'',1,3000,4,'',2,7100,4,'',1,2900,4,'',2,6900,4,'',2,3200,4,'',1,7200,4,'',2,7200,4,'',1,2900,4,'',2,7100,4,'',1,2900,4,'',2,2700,4,'',1,6700,4,'',2,2800,4,'',1,7000,4,'',2,2900,4,'',1,7000,4,'',2,3000,4,'',1,7000,4,'',2,2800,4,'',1,7000,4,'',2,2900,4,'',1,7000,4,'',2
'25J-H56JV00S-80-S',3804,53000,,'',1,7000,,'',2,3000,,'',1,2900,,'',2,6900,,'',1,3100,,'',2,7100,,'',1,7000,,'',2,3000,,'',1,7000,,'',2,3000,,'',1,7000,,'',2,3000,,'',1,7000,,'',2,3000,,'',1,7000,,'',2,3000,,'',1,7000,,'',2,3100,,'',1,7100,,'',2,3000,,'',1,7000,,'',2,3000,,'',2,7100,,'',1,3100,,'',2,7200,,'',1,2900,,'',2,7100,,'',1,2800,,'',2,6800,,'',1,2800,,'',2,7000,,'',1,3000,,'',2,7000,,'',1,3000,,'',2,7000,,'',1,3000,,'',2,7000,,'',1,3000,,'',2,7000,,'',1
