1601,'H50U000A-82-A',605,,221792,14,0,5,1,28,,221777,14,0,5,2,70,,221793,14,0,5,1,30,,221778,14,0,5,2,70,,221794,14,0,5,1,31,,221779,14,0,5,2,71,,221795,14,0,5,1,31,,221780,14,0,5,2,72,,221796,14,0,5,1,33,,221781,14,0,5,2,71,,221797,14,0,5,1,30,,221772,14,0,5,1,70,,221782,14,0,5,2,31,,221798,14,0,5,1,70,,221773,14,0,5,1,30,,221783,14,0,5,2,69,,221799,14,0,5,1,29,,221774,14,0,5,1,70,,221784,14,0,5,2,30,,221786,14,0,5,2,69,,221775,14,0,5,1,29,,221785,14,0,5,2,70,,221787,14,0,5,2,29,,221776,14,0,5,1,68,,221800,14,0,5,1,30,,221788,14,0,5,2,73,,221801,14,0,5,1,30,,221789,14,0,5,2,72,,221802,14,0,5,1,30,,221790,14,0,5,2,70,,221803,14,0,5,1,29,,221791,14,0,5,2
1601,'H50U000I-82-I',607,,221815,14,0,5,1,29,,221804,14,0,5,2,69,,221816,14,0,5,1,29,,221805,14,0,5,2,70,,221817,14,0,5,1,29,,221806,14,0,5,2,70,,221818,14,0,5,1,31,,221807,14,0,5,2,71,,221819,14,0,5,1,31,,221808,14,0,5,2,72,,221820,14,0,5,1,32,,221809,14,0,5,2,72,,221821,14,0,5,1,32,,221810,14,0,5,2,72,,221822,14,0,5,1,28,,221830,14,0,5,1,68,,221811,14,0,5,2,27,,221823,14,0,5,1,67,,221831,14,0,5,1,27,,221812,14,0,5,2,26,,221824,14,0,5,1,67,,221832,14,0,5,1,27,,221813,14,0,5,2,67,,221825,14,0,5,1,27,,221833,14,0,5,1,65,,221814,14,0,5,2,27,,221826,14,0,5,1,70,,221834,14,0,5,1,31,,221827,14,0,5,1,70,,221835,14,0,5,1,29,,221828,14,0,5,1,70,,221836,14,0,5,1,29,,221829,14,0,5,1
1601,'H50U000S-83-S',603,,221848,14,0,5,2,26,,221857,14,0,5,1,26,,221837,14,0,5,2,68,,221849,14,0,5,2,30,,221858,14,0,5,1,67,,221838,14,0,5,2,25,,221868,14,0,5,2,64,,221850,14,0,5,2,27,,221859,14,0,5,1,66,,221839,14,0,5,2,30,,221851,14,0,5,2,70,,221860,14,0,5,1,30,,221840,14,0,5,2,71,,221852,14,0,5,2,30,,221861,14,0,5,1,70,,221841,14,0,5,2,31,,221853,14,0,5,2,71,,221862,14,0,5,1,31,,221842,14,0,5,2,71,,221854,14,0,5,2,35,,221863,14,0,5,1,75,,221843,14,0,5,2,34,,221855,14,0,5,2,71,,221864,14,0,5,1,31,,221844,14,0,5,2,73,,221856,14,0,5,2,30,,221865,14,0,5,1,73,,221845,14,0,5,2,72,,221866,14,0,5,1,32,,221846,14,0,5,2,72,,221867,14,0,5,1,32,,221847,14,0,5,2
1601,'H50U100F-80-F1',607,,221880,14,0,5,1,29,,221869,14,0,5,2,69,,221881,14,0,5,1,29,,221870,14,0,5,2,70,,221882,14,0,5,1,29,,221871,14,0,5,2,70,,221883,14,0,5,1,31,,221872,14,0,5,2,71,,221884,14,0,5,1,31,,221873,14,0,5,2,72,,221885,14,0,5,1,32,,221874,14,0,5,2,72,,221886,14,0,5,1,32,,221875,14,0,5,2,72,,221887,14,0,5,1,28,,221895,14,0,5,1,68,,221876,14,0,5,2,27,,221888,14,0,5,1,67,,221896,14,0,5,1,27,,221877,14,0,5,2,26,,221889,14,0,5,1,67,,221897,14,0,5,1,27,,221878,14,0,5,2,67,,221890,14,0,5,1,27,,221898,14,0,5,1,65,,221879,14,0,5,2,27,,221891,14,0,5,1,70,,221899,14,0,5,1,31,,221892,14,0,5,1,70,,221900,14,0,5,1,29,,221893,14,0,5,1,70,,221901,14,0,5,1,29,,221894,14,0,5,1
1601,'H50U200F-80-F2',607,,221913,14,0,5,1,29,,221902,14,0,5,2,69,,221914,14,0,5,1,29,,221903,14,0,5,2,70,,221915,14,0,5,1,29,,221904,14,0,5,2,70,,221916,14,0,5,1,31,,221905,14,0,5,2,71,,221917,14,0,5,1,31,,221906,14,0,5,2,72,,221918,14,0,5,1,32,,221907,14,0,5,2,72,,221919,14,0,5,1,32,,221908,14,0,5,2,72,,221920,14,0,5,1,28,,221928,14,0,5,1,68,,221909,14,0,5,2,27,,221921,14,0,5,1,67,,221929,14,0,5,1,27,,221910,14,0,5,2,26,,221922,14,0,5,1,67,,221930,14,0,5,1,27,,221911,14,0,5,2,67,,221923,14,0,5,1,27,,221931,14,0,5,1,65,,221912,14,0,5,2,27,,221924,14,0,5,1,70,,221932,14,0,5,1,31,,221925,14,0,5,1,70,,221933,14,0,5,1,29,,221926,14,0,5,1,70,,221934,14,0,5,1,29,,221927,14,0,5,1
11704,'H60U000A-85-A',726,,251755,25,0,9,1,86,,251756,25,0,9,1,46,,251757,25,0,9,1,87,,251758,25,0,9,1,87,,251759,25,0,9,1,87,,251760,25,0,9,1,87,,251761,25,0,9,1,48,,251762,25,0,9,1,88,,251763,25,0,9,1,88,,251764,25,0,9,1,89,,251765,25,0,9,1,91,,251766,25,0,9,1,90,,251767,25,0,9,1,49,,251768,25,0,9,1,87,,251769,25,0,9,1,86,,251770,25,0,9,1,86,,251771,25,0,9,1
11704,'H60U000I-84-I',927,,251772,25,0,9,1,88,,251773,25,0,9,1,89,,251774,25,0,9,1,49,,251775,25,0,9,1,89,,251776,25,0,9,1,89,,251777,25,0,9,1,90,,251778,25,0,9,1,90,,251779,25,0,9,1,90,,251780,25,0,9,1,49,,251781,25,0,9,1,88,,251782,25,0,9,1,85,,251783,25,0,9,1,85,,251784,25,0,9,1,45,,251785,25,0,9,1,85,,251786,25,0,9,1
11704,'H60U000S-86-S',624,,251796,25,0,9,1,27,,251799,25,0,9,2,70,,251797,25,0,9,1,32,,251800,25,0,9,2,70,,251802,25,0,9,2,33,,251798,25,0,9,1,70,,251795,25,0,9,1,33,,251801,25,0,9,2,84,,251787,25,0,9,1,91,,251788,25,0,9,1,91,,251789,25,0,9,1,91,,251790,25,0,9,1,92,,251791,25,0,9,1,92,,251792,25,0,9,1,33,,251803,25,0,9,1,71,,251793,25,0,9,1,32,,251804,25,0,9,1,70,,251794,25,0,9,1,30,,251805,25,0,9,1,70,,251807,25,0,9,2,31,,251806,25,0,9,1,78,,251808,25,0,9,2
11704,'H60U100F-85-F1',927,,251809,25,0,9,1,88,,251810,25,0,9,1,89,,251811,25,0,9,1,49,,251812,25,0,9,1,89,,251813,25,0,9,1,89,,251814,25,0,9,1,90,,251815,25,0,9,1,90,,251816,25,0,9,1,90,,251817,25,0,9,1,49,,251818,25,0,9,1,88,,251819,25,0,9,1,85,,251820,25,0,9,1,85,,251821,25,0,9,1,45,,251822,25,0,9,1,85,,251823,25,0,9,1
11704,'H60U200F-83-F2',927,,251824,25,0,9,1,88,,251825,25,0,9,1,89,,251826,25,0,9,1,49,,251827,25,0,9,1,89,,251828,25,0,9,1,89,,251829,25,0,9,1,90,,251830,25,0,9,1,90,,251831,25,0,9,1,90,,251832,25,0,9,1,49,,251833,25,0,9,1,88,,251834,25,0,9,1,85,,251835,25,0,9,1,85,,251836,25,0,9,1,45,,251837,25,0,9,1,85,,251838,25,0,9,1
36801,'H57U000A-80-A',2526,,277559,6,0,5,1,85,,277563,6,0,5,2,89,,277562,6,0,5,1,42,,277561,6,0,5,1,84,,277560,6,0,5,1
36801,'H57U000I-80-I',2527,,277567,6,0,5,1,85,,277564,6,0,5,1,45,,277566,6,0,5,1,85,,277568,6,0,5,1,85,,277565,6,0,5,1
36801,'H57U000S-81-S',2524,,277569,6,0,5,1,86,,277572,6,0,5,1,94,,277573,6,0,5,1,37,,277570,6,0,5,1,95,,277571,6,0,5,1
36801,'H57U100F-80-F1',2527,,277577,6,0,5,1,85,,277574,6,0,5,1,45,,277576,6,0,5,1,85,,277578,6,0,5,1,85,,277575,6,0,5,1
36801,'H57U200F-80-F2',2527,,277582,6,0,5,1,85,,277579,6,0,5,1,45,,277581,6,0,5,1,85,,277583,6,0,5,1,85,,277580,6,0,5,1
