1601,'H50U000A-82-A',607,,221792,15,0,5,1,28,,221777,15,0,5,2,70,,221793,15,0,5,1,30,,221778,15,0,5,2,70,,221794,15,0,5,1,31,,221779,15,0,5,2,71,,221795,15,0,5,1,31,,221780,15,0,5,2,72,,221796,15,0,5,1,33,,221781,15,0,5,2,71,,221797,15,0,5,1,30,,221772,15,0,5,1,70,,221782,15,0,5,2,31,,221798,15,0,5,1,70,,221773,15,0,5,1,30,,221783,15,0,5,2,69,,221799,15,0,5,1,29,,221774,15,0,5,1,70,,221784,15,0,5,2,30,,221786,15,0,5,2,69,,221775,15,0,5,1,29,,221785,15,0,5,2,70,,221787,15,0,5,2,29,,221776,15,0,5,1,68,,221800,15,0,5,1,30,,221788,15,0,5,2,73,,221801,15,0,5,1,30,,221789,15,0,5,2,72,,221802,15,0,5,1,30,,221790,15,0,5,2,70,,221803,15,0,5,1,29,,221791,15,0,5,2
1601,'H50U000I-82-I',609,,221815,15,0,5,1,29,,221804,15,0,5,2,69,,221816,15,0,5,1,29,,221805,15,0,5,2,70,,221817,15,0,5,1,29,,221806,15,0,5,2,70,,221818,15,0,5,1,31,,221807,15,0,5,2,71,,221819,15,0,5,1,31,,221808,15,0,5,2,72,,221820,15,0,5,1,32,,221809,15,0,5,2,72,,221821,15,0,5,1,32,,221810,15,0,5,2,72,,221822,15,0,5,1,28,,221830,15,0,5,1,68,,221811,15,0,5,2,27,,221823,15,0,5,1,67,,221831,15,0,5,1,27,,221812,15,0,5,2,66,,221824,15,0,5,1,27,,221832,15,0,5,1,27,,221813,15,0,5,2,67,,221825,15,0,5,1,27,,221833,15,0,5,1,65,,221814,15,0,5,2,27,,221826,15,0,5,1,70,,221834,15,0,5,1,31,,221827,15,0,5,1,70,,221835,15,0,5,1,29,,221828,15,0,5,1,70,,221836,15,0,5,1,29,,221829,15,0,5,1
1601,'H50U000S-83-S',605,,221848,15,0,5,2,26,,221857,15,0,5,1,26,,221837,15,0,5,2,69,,221849,15,0,5,2,30,,221858,15,0,5,1,67,,221838,15,0,5,2,25,,221868,15,0,5,2,64,,221850,15,0,5,2,27,,221859,15,0,5,1,66,,221839,15,0,5,2,30,,221851,15,0,5,2,70,,221860,15,0,5,1,30,,221840,15,0,5,2,71,,221852,15,0,5,2,30,,221861,15,0,5,1,70,,221841,15,0,5,2,31,,221853,15,0,5,2,71,,221862,15,0,5,1,31,,221842,15,0,5,2,72,,221854,15,0,5,2,35,,221863,15,0,5,1,75,,221843,15,0,5,2,34,,221855,15,0,5,2,71,,221864,15,0,5,1,31,,221844,15,0,5,2,73,,221856,15,0,5,2,28,,221865,15,0,5,1,73,,221845,15,0,5,2,72,,221866,15,0,5,1,32,,221846,15,0,5,2,72,,221867,15,0,5,1,32,,221847,15,0,5,2
1601,'H50U100F-80-F1',609,,221880,15,0,5,1,29,,221869,15,0,5,2,69,,221881,15,0,5,1,29,,221870,15,0,5,2,70,,221882,15,0,5,1,29,,221871,15,0,5,2,70,,221883,15,0,5,1,31,,221872,15,0,5,2,71,,221884,15,0,5,1,31,,221873,15,0,5,2,72,,221885,15,0,5,1,32,,221874,15,0,5,2,72,,221886,15,0,5,1,32,,221875,15,0,5,2,72,,221887,15,0,5,1,28,,221895,15,0,5,1,68,,221876,15,0,5,2,27,,221888,15,0,5,1,67,,221896,15,0,5,1,27,,221877,15,0,5,2,66,,221889,15,0,5,1,27,,221897,15,0,5,1,27,,221878,15,0,5,2,67,,221890,15,0,5,1,27,,221898,15,0,5,1,65,,221879,15,0,5,2,27,,221891,15,0,5,1,70,,221899,15,0,5,1,31,,221892,15,0,5,1,70,,221900,15,0,5,1,29,,221893,15,0,5,1,70,,221901,15,0,5,1,29,,221894,15,0,5,1
1601,'H50U200F-80-F2',609,,221913,15,0,5,1,29,,221902,15,0,5,2,69,,221914,15,0,5,1,29,,221903,15,0,5,2,70,,221915,15,0,5,1,29,,221904,15,0,5,2,70,,221916,15,0,5,1,31,,221905,15,0,5,2,71,,221917,15,0,5,1,31,,221906,15,0,5,2,72,,221918,15,0,5,1,32,,221907,15,0,5,2,72,,221919,15,0,5,1,32,,221908,15,0,5,2,72,,221920,15,0,5,1,28,,221928,15,0,5,1,68,,221909,15,0,5,2,27,,221921,15,0,5,1,67,,221929,15,0,5,1,27,,221910,15,0,5,2,66,,221922,15,0,5,1,27,,221930,15,0,5,1,27,,221911,15,0,5,2,67,,221923,15,0,5,1,27,,221931,15,0,5,1,65,,221912,15,0,5,2,27,,221924,15,0,5,1,70,,221932,15,0,5,1,31,,221925,15,0,5,1,70,,221933,15,0,5,1,29,,221926,15,0,5,1,70,,221934,15,0,5,1,29,,221927,15,0,5,1
36801,'H57U000A-80-A',2527,,277559,7,0,5,1,85,,277563,7,0,5,2,89,,277562,7,0,5,1,42,,277561,7,0,5,1,84,,277560,7,0,5,1
36801,'H57U000I-80-I',2528,,277567,7,0,5,1,85,,277564,7,0,5,1,45,,277566,7,0,5,1,85,,277568,7,0,5,1,85,,277565,7,0,5,1
36801,'H57U000S-81-S',2525,,277569,7,0,5,1,86,,277572,7,0,5,1,94,,277573,7,0,5,1,37,,277570,7,0,5,1,95,,277571,7,0,5,1
36801,'H57U100F-80-F1',2528,,277577,7,0,5,1,85,,277574,7,0,5,1,45,,277576,7,0,5,1,85,,277578,7,0,5,1,85,,277575,7,0,5,1
36801,'H57U200F-80-F2',2528,,277582,7,0,5,1,85,,277579,7,0,5,1,45,,277581,7,0,5,1,85,,277583,7,0,5,1,85,,277580,7,0,5,1
