6802,'H60U000A-85-A',452,,238618,6,0,10,1,69,,238620,6,0,10,1,28,,238636,6,0,10,2,70,,238623,6,0,10,2,30,,238621,6,0,10,1,70,,238637,6,0,10,2,30,,238624,6,0,10,2,71,,238619,6,0,10,1,30,,238638,6,0,10,2,71,,238625,6,0,10,2,31,,238649,6,0,10,1,72,,238639,6,0,10,2,33,,238626,6,0,10,2,73,,238650,6,0,10,1,70,,238622,6,0,10,1,33,,238640,6,0,10,2,71,,238627,6,0,10,1,29,,238651,6,0,10,1,72,,238641,6,0,10,2,31,,238628,6,0,10,1,69,,238652,6,0,10,1,32,,238642,6,0,10,2,71,,238629,6,0,10,1,29,,238653,6,0,10,1,72,,238643,6,0,10,2,31,,238630,6,0,10,1,69,,238654,6,0,10,1,30,,238644,6,0,10,2,71,,238631,6,0,10,1,30,,238655,6,0,10,1,70,,238645,6,0,10,2,27,,238632,6,0,10,1,69,,238656,6,0,10,1,30,,238646,6,0,10,2,67,,238633,6,0,10,1,28,,238657,6,0,10,1,70,,238647,6,0,10,2,32,,238634,6,0,10,1,72,,238658,6,0,10,1,32,,238648,6,0,10,2,70,,238635,6,0,10,1,30,,238659,6,0,10,1
6802,'H60U000I-84-I',454,,238660,6,0,10,1,76,,238682,6,0,10,2,76,,238695,6,0,10,1,34,,238661,6,0,10,1,73,,238683,6,0,10,2,33,,238696,6,0,10,1,73,,238662,6,0,10,1,32,,238684,6,0,10,2,73,,238697,6,0,10,1,33,,238663,6,0,10,1,71,,238685,6,0,10,2,29,,238698,6,0,10,1,68,,238664,6,0,10,1,30,,238686,6,0,10,2,71,,238673,6,0,10,1,30,,238665,6,0,10,1,70,,238687,6,0,10,2,30,,238674,6,0,10,1,70,,238666,6,0,10,1,30,,238688,6,0,10,2,70,,238675,6,0,10,1,30,,238667,6,0,10,1,70,,238689,6,0,10,2,31,,238676,6,0,10,1,70,,238668,6,0,10,1,29,,238690,6,0,10,2,70,,238677,6,0,10,1,30,,238669,6,0,10,1,70,,238691,6,0,10,2,30,,238678,6,0,10,1,67,,238670,6,0,10,1,29,,238692,6,0,10,2,70,,238679,6,0,10,1,27,,238671,6,0,10,1,67,,238693,6,0,10,2,30,,238680,6,0,10,1,67,,238672,6,0,10,1,28,,238694,6,0,10,2,75,,238681,6,0,10,1,35,,238700,6,0,10,2,75,,238699,6,0,10,1
6802,'H60U000S-86-S',449,,238701,6,0,10,1,77,,238711,6,0,10,1,77,,238709,6,0,10,1,32,,238702,6,0,10,2,73,,238720,6,0,10,1,36,,238710,6,0,10,1,74,,238703,6,0,10,2,33,,238721,6,0,10,1,72,,238730,6,0,10,1,27,,238729,6,0,10,1,68,,238704,6,0,10,2,31,,238722,6,0,10,1,72,,238717,6,0,10,1,32,,238705,6,0,10,2,72,,238723,6,0,10,1,31,,238718,6,0,10,1,72,,238706,6,0,10,2,72,,238724,6,0,10,1,33,,238719,6,0,10,1,73,,238707,6,0,10,2,25,,238735,6,0,10,2,20,,238741,6,0,96 97,2,58,,238725,6,0,10,1,21,,238712,6,0,10,1,24,,238708,6,0,96 97,2,61,,238731,6,0,10,1,23,,238736,6,0,10,2,64,,238726,6,0,10,1,26,,238742,6,0,10,1,28,,238732,6,0,10,1,65,,238737,6,0,10,2,27,,238727,6,0,10,1,73,,238713,6,0,10,1,33,,238738,6,0,10,2,69,,238728,6,0,10,1,29,,238714,6,0,10,1,73,,238739,6,0,10,2,34,,238733,6,0,10,1,76,,238715,6,0,10,1,73,,238740,6,0,10,2,30,,238734,6,0,10,1,70,,238716,6,0,10,1
6802,'H60U100F-85-F1',454,,238743,6,0,10,1,76,,238767,6,0,10,1,76,,238769,6,0,10,2,34,,238744,6,0,10,1,73,,238768,6,0,10,1,33,,238770,6,0,10,2,73,,238745,6,0,10,1,32,,238756,6,0,10,1,73,,238771,6,0,10,2,33,,238746,6,0,10,1,71,,238757,6,0,10,1,29,,238772,6,0,10,2,68,,238747,6,0,10,1,30,,238758,6,0,10,1,71,,238773,6,0,10,2,30,,238748,6,0,10,1,70,,238759,6,0,10,1,30,,238774,6,0,10,2,70,,238749,6,0,10,1,30,,238760,6,0,10,1,70,,238776,6,0,10,2,30,,238750,6,0,10,1,70,,238761,6,0,10,1,31,,238775,6,0,10,2,70,,238751,6,0,10,1,29,,238763,6,0,10,1,70,,238777,6,0,10,1,30,,238752,6,0,10,1,70,,238762,6,0,10,1,30,,238778,6,0,10,1,67,,238753,6,0,10,1,29,,238764,6,0,10,1,70,,238779,6,0,10,1,27,,238755,6,0,10,1,67,,238765,6,0,10,1,30,,238780,6,0,10,1,67,,238754,6,0,10,1,28,,238766,6,0,10,1,75,,238781,6,0,10,1,35,,238783,6,0,10,1,75,,238782,6,0,10,2
6802,'H60U200F-83-F2',454,,238784,6,0,10,1,76,,238808,6,0,10,1,76,,238810,6,0,10,2,34,,238785,6,0,10,1,73,,238809,6,0,10,1,33,,238811,6,0,10,2,73,,238786,6,0,10,1,32,,238797,6,0,10,1,73,,238812,6,0,10,2,33,,238787,6,0,10,1,71,,238798,6,0,10,1,29,,238813,6,0,10,2,68,,238788,6,0,10,1,30,,238799,6,0,10,1,71,,238814,6,0,10,2,30,,238789,6,0,10,1,70,,238800,6,0,10,1,30,,238815,6,0,10,2,70,,238790,6,0,10,1,30,,238801,6,0,10,1,70,,238817,6,0,10,2,30,,238791,6,0,10,1,70,,238802,6,0,10,1,31,,238816,6,0,10,2,70,,238792,6,0,10,1,29,,238804,6,0,10,1,70,,238818,6,0,10,1,30,,238793,6,0,10,1,70,,238803,6,0,10,1,30,,238819,6,0,10,1,67,,238794,6,0,10,1,29,,238805,6,0,10,1,70,,238820,6,0,10,1,27,,238796,6,0,10,1,67,,238806,6,0,10,1,30,,238821,6,0,10,1,67,,238795,6,0,10,1,28,,238807,6,0,10,1,75,,238822,6,0,10,1,35,,238824,6,0,10,1,75,,238823,6,0,10,2
38202,'H60U000A-85-A',2623,,278033,66,0,10,2,85,,278034,66,0,10,1,45,,278032,66,0,10,1,85,,278035,66,0,10,1
38202,'H60U000I-84-I',2624,,278036,66,0,10,1,84,,278039,66,0,10,1,44,,278037,66,0,10,1,85,,278038,66,0,10,1
38202,'H60U000S-86-S',2624,,278043,66,0,10,2,85,,278042,66,0,10,1,44,,278041,66,0,10,1,85,,278040,66,0,10,1
38202,'H60U100F-85-F1',2624,,278044,66,0,10,1,84,,278047,66,0,10,2,44,,278045,66,0,10,1,85,,278046,66,0,10,1
38202,'H60U200F-83-F2',2624,,278048,66,0,10,1,84,,278051,66,0,10,2,44,,278049,66,0,10,1,85,,278050,66,0,10,1
