19702,'H51U000A-83-A',539,,269657,18,0,10,2,71,,269664,18,0,10,1,31,,269658,18,0,10,2,70,,269672,18,0,10,1,29,,269665,18,0,10,1,70,,269659,18,0,10,2,28,,269673,18,0,10,1,68,,269666,18,0,10,1,28,,269660,18,0,10,2,68,,269674,18,0,10,1,28,,269667,18,0,10,1,28,,269661,18,0,10,2,68,,269675,18,0,10,1,20,,269684,18,0,10,2,60,,269668,18,0,10,1,22,,269662,18,0,10,2,19,,269685,18,0,10,2,59,,269676,18,0,10,1,19,,269686,18,0,10,2,22,,269669,18,0,10,1,62,,269663,18,0,10,2,22,,269677,18,0,10,1,20,,269688,18,0,10,2,60,,269687,18,0,10,2,20,,269670,18,0,10,1,20,,269690,18,0,10,1,62,,269678,18,0,10,1,22,,269689,18,0,10,2,22,,269671,18,0,10,1,62,,269691,18,0,10,1,26,,269679,18,0,10,1,67,,269652,18,0,10,1,27,,269692,18,0,10,1,66,,269680,18,0,10,1,27,,269653,18,0,10,1,27,,269693,18,0,10,1,67,,269681,18,0,10,1,27,,269654,18,0,10,1,66,,269694,18,0,10,1,27,,269682,18,0,10,1,68,,269655,18,0,10,1,28,,269695,18,0,10,1,69,,269683,18,0,10,1,33,,269656,18,0,10,1,69,,269696,18,0,10,2,35,,269651,18,0,10,1,76,,269650,18,0,10,1
19702,'H51U000I-83-I',539,,269710,18,0,10,1,71,,269697,18,0,10,2,32,,269711,18,0,10,1,72,,269698,18,0,10,2,32,,269712,18,0,10,1,72,,269699,18,0,10,2,33,,269713,18,0,10,1,73,,269730,18,0,10,2,22,,269734,18,0,10,1,62,,269700,18,0,10,2,27,,269714,18,0,10,1,68,,269731,18,0,10,2,27,,269701,18,0,10,2,27,,269715,18,0,10,1,67,,269732,18,0,10,2,25,,269735,18,0,10,2,65,,269702,18,0,10,2,25,,269716,18,0,10,1,68,,269733,18,0,10,2,28,,269703,18,0,10,2,68,,269717,18,0,10,1,28,,269724,18,0,10,1,27,,269704,18,0,10,2,68,,269718,18,0,10,1,28,,269725,18,0,10,1,69,,269705,18,0,10,2,29,,269719,18,0,10,1,69,,269726,18,0,10,1,29,,269706,18,0,10,2,68,,269720,18,0,10,1,29,,269727,18,0,10,1,69,,269707,18,0,10,2,29,,269721,18,0,10,1,69,,269728,18,0,10,1,32,,269708,18,0,10,2,71,,269722,18,0,10,1,33,,269736,18,0,10,2,73,,269723,18,0,10,1,32,,269737,18,0,10,2,71,,269709,18,0,10,1,30,,269729,18,0,10,1
19702,'H51U000S-83-S',508,,269738,18,0,10,1,23,,269744,18,0,10,2,19,,269743,18,0,10,2,56,,269751,18,0,10,1,14,,269739,18,0,10,1,10,,269753,18,0,10,1,10,,269754,18,0,10,2,11,,269745,18,0,10,2,52,,269758,18,0,10,1,12,,269759,18,0,10,2,14,,269752,18,0,10,1,12,,269762,18,0,10,2,12,,269764,18,0,10,2,52,,269740,18,0,10,1,11,,269766,18,0,10,2,9,,269742,18,0,10,2,12,,269746,18,0,10,2,12,,269761,18,0,10,1,52,,269760,18,0,10,2,11,,269755,18,0,10,2,12,,269763,18,0,10,2,12,,269767,18,0,10,1,22,,269741,18,0,10,1,63,,269747,18,0,10,2,23,,269756,18,0,10,2,62,,269769,18,0,10,1,20,,269768,18,0,10,1,20,,269748,18,0,10,2,60,,269773,18,0,10,2,20,,269757,18,0,10,2,21,,269770,18,0,10,1,62,,269776,18,0,10,2,22,,269749,18,0,10,2,24,,269774,18,0,10,2,65,,269771,18,0,10,1,24,,269779,18,0,10,2,62,,269777,18,0,10,2,20,,269750,18,0,10,2,20,,269775,18,0,10,2,61,,269772,18,0,10,1,33,,269780,18,0,10,2,72,,269784,18,0,10,2,27,,269785,18,0,10,2,66,,269790,18,0,10,1,30,,269781,18,0,10,2,69,,269786,18,0,10,2,31,,269791,18,0,10,1,70,,269782,18,0,10,2,29,,269787,18,0,10,2,70,,269792,18,0,10,1,30,,269783,18,0,10,2,72,,269788,18,0,10,2,32,,269793,18,0,10,1,73,,269794,18,0,10,2,33,,269789,18,0,10,2,75,,269778,18,0,10,1,37,,269795,18,0,10,2
19702,'H51U100F-80-F1',539,,269815,18,0,10,1,71,,269803,18,0,10,2,32,,269816,18,0,10,1,72,,269804,18,0,10,2,32,,269817,18,0,10,1,72,,269805,18,0,10,2,33,,269818,18,0,10,1,73,,269797,18,0,10,2,22,,269796,18,0,10,1,62,,269806,18,0,10,2,27,,269819,18,0,10,1,68,,269798,18,0,10,2,27,,269807,18,0,10,2,27,,269820,18,0,10,1,67,,269799,18,0,10,2,25,,269802,18,0,10,2,65,,269808,18,0,10,2,25,,269821,18,0,10,1,68,,269800,18,0,10,2,28,,269809,18,0,10,2,68,,269822,18,0,10,1,28,,269829,18,0,10,1,27,,269810,18,0,10,2,68,,269823,18,0,10,1,28,,269830,18,0,10,1,69,,269811,18,0,10,2,29,,269824,18,0,10,1,69,,269831,18,0,10,1,29,,269812,18,0,10,2,68,,269825,18,0,10,1,29,,269832,18,0,10,1,69,,269813,18,0,10,2,29,,269826,18,0,10,1,69,,269833,18,0,10,1,32,,269814,18,0,10,2,71,,269827,18,0,10,1,33,,269835,18,0,10,2,73,,269828,18,0,10,1,32,,269836,18,0,10,2,71,,269801,18,0,10,1,30,,269834,18,0,10,1
19702,'H51U200F-80-F2',539,,269856,18,0,10,1,71,,269844,18,0,10,2,32,,269857,18,0,10,1,72,,269845,18,0,10,2,32,,269858,18,0,10,1,72,,269846,18,0,10,2,33,,269859,18,0,10,1,73,,269838,18,0,10,2,22,,269837,18,0,10,1,62,,269847,18,0,10,2,27,,269860,18,0,10,1,68,,269839,18,0,10,2,27,,269848,18,0,10,2,27,,269861,18,0,10,1,67,,269840,18,0,10,2,25,,269843,18,0,10,2,65,,269849,18,0,10,2,25,,269862,18,0,10,1,68,,269841,18,0,10,2,28,,269850,18,0,10,2,68,,269863,18,0,10,1,28,,269870,18,0,10,1,27,,269851,18,0,10,2,68,,269864,18,0,10,1,28,,269871,18,0,10,1,69,,269852,18,0,10,2,29,,269865,18,0,10,1,69,,269872,18,0,10,1,29,,269853,18,0,10,2,68,,269866,18,0,10,1,29,,269873,18,0,10,1,69,,269854,18,0,10,2,29,,269867,18,0,10,1,69,,269874,18,0,10,1,32,,269855,18,0,10,2,71,,269868,18,0,10,1,33,,269876,18,0,10,2,73,,269869,18,0,10,1,32,,269877,18,0,10,2,71,,269842,18,0,10,1,30,,269875,18,0,10,1
37002,'H51U000A-83-A',2602,,277710,25,0,10,1,42,,277711,25,0,10,1,85,,277713,25,0,10,1,84,,277712,25,0,10,1,45,,277714,25,0,10,2
37002,'H51U000I-83-I',2513,,277719,25,0,10,1,45,,277715,25,0,10,2,85,,277717,25,0,10,1,85,,277720,25,0,10,1,85,,277716,25,0,10,2,46,,277718,25,0,10,1
37002,'H51U000S-83-S',2513,,277723,25,0,10,2,45,,277721,25,0,10,1,85,,277725,25,0,10,1,85,,277724,25,0,10,2,85,,277722,25,0,10,1,87,,277726,25,0,10,1
37002,'H51U100F-80-F1',2513,,277729,25,0,10,1,45,,277727,25,0,10,2,85,,277731,25,0,10,1,85,,277730,25,0,10,1,85,,277728,25,0,10,2,46,,277732,25,0,10,1
37002,'H51U200F-80-F2',2513,,277735,25,0,10,1,45,,277733,25,0,10,2,85,,277737,25,0,10,1,85,,277736,25,0,10,1,85,,277734,25,0,10,2,46,,277738,25,0,10,1
