10101,'H56U000S-81-S',538,,246324,16,0,5,1,71,,246329,16,0,5,1,33,,246307,16,0,5,2,70,,246311,16,0,5,2,31,,246327,16,0,5,1,71,,246326,16,0,5,1,31,,246321,16,0,5,1,69,,246312,16,0,5,2,29,,246328,16,0,5,1,70,,246331,16,0,5,2,30,,246322,16,0,5,1,69,,246313,16,0,5,2,30,,246308,16,0,5,1,73,,246316,16,0,5,2,31,,246319,16,0,5,1,70,,246314,16,0,5,2,31,,246309,16,0,5,1,71,,246317,16,0,5,2,32,,246320,16,0,5,1,72,,246315,16,0,5,2,30,,246310,16,0,5,1,68,,246318,16,0,5,2,27,,246330,16,0,5,1,64,,246325,16,0,5,1,33,,246332,16,0,5,2,71,,246323,16,0,5,1
11404,'H56U000A-80-A',508,,251476,7,0,9,1,29,,251507,7,0,9,2,69,,251491,7,0,9,2,29,,251477,7,0,9,1,69,,251508,7,0,9,2,29,,251492,7,0,9,2,70,,251478,7,0,9,1,30,,251509,7,0,9,2,70,,251493,7,0,9,2,30,,251479,7,0,9,1,70,,251471,7,0,9,1,31,,251494,7,0,9,2,72,,251480,7,0,9,1,32,,251472,7,0,9,1,72,,251495,7,0,9,2,32,,251473,7,0,9,1,73,,251504,7,0,9,2,32,,251496,7,0,9,2,72,,251474,7,0,9,1,33,,251505,7,0,9,2,73,,251497,7,0,9,2,33,,251475,7,0,9,1,73,,251506,7,0,9,2,72,,251498,7,0,9,2,29,,251481,7,0,9,1,69,,251483,7,0,9,2,30,,251482,7,0,9,1,70,,251499,7,0,9,2,32,,251484,7,0,9,2,70,,251469,7,0,9,1,30,,251500,7,0,9,2,70,,251485,7,0,9,2,30,,251470,7,0,9,1,70,,251501,7,0,9,2,30,,251486,7,0,9,2,70,,251489,7,0,9,1,30,,251502,7,0,9,2,70,,251487,7,0,9,2,31,,251490,7,0,9,1,71,,251503,7,0,9,2,31,,251488,7,0,9,2
11404,'H56U000I-80-I',508,,251510,7,0,9,1,30,,251515,7,0,9,1,69,,251536,7,0,9,2,29,,251511,7,0,9,1,69,,251516,7,0,9,1,29,,251537,7,0,9,2,69,,251512,7,0,9,1,30,,251517,7,0,9,1,71,,251538,7,0,9,2,31,,251513,7,0,9,1,71,,251518,7,0,9,1,31,,251539,7,0,9,2,71,,251514,7,0,9,1,31,,251519,7,0,9,1,72,,251540,7,0,9,2,32,,251544,7,0,9,1,73,,251528,7,0,9,2,32,,251541,7,0,9,2,72,,251545,7,0,9,1,33,,251529,7,0,9,2,73,,251542,7,0,9,2,32,,251546,7,0,9,1,73,,251530,7,0,9,2,73,,251543,7,0,9,2,32,,251547,7,0,9,1,68,,251531,7,0,9,2,29,,251520,7,0,9,2,71,,251523,7,0,9,1,31,,251532,7,0,9,2,71,,251521,7,0,9,2,30,,251524,7,0,9,1,70,,251533,7,0,9,2,30,,251522,7,0,9,2,70,,251525,7,0,9,1,30,,251534,7,0,9,2,70,,251548,7,0,9,2,30,,251526,7,0,9,1,70,,251535,7,0,9,2,30,,251549,7,0,9,2,70,,251527,7,0,9,1
11404,'H56U000S-81-S',458,,251572,7,0,9,2,72,,251587,7,0,9,1,72,,251574,7,0,9,1,31,,251573,7,0,9,2,70,,251588,7,0,9,1,30,,251581,7,0,9,1,70,,251550,7,0,9,1,30,,251556,7,0,9,1,69,,251575,7,0,9,1,30,,251582,7,0,9,1,70,,251553,7,0,9,2,29,,251569,7,0,9,1,28,,251551,7,0,9,1,69,,251583,7,0,9,1,31,,251554,7,0,9,2,71,,251570,7,0,9,1,72,,251557,7,0,9,2,32,,251585,7,0,9,1,73,,251552,7,0,9,1,33,,251584,7,0,9,1,72,,251555,7,0,9,2,34,,251571,7,0,9,1,74,,251558,7,0,9,2,32,,251563,7,0,9,1,72,,251586,7,0,9,2,32,,251576,7,0,9,1,71,,251559,7,0,9,2,32,,251564,7,0,9,1,73,,251577,7,0,9,1,71,,251560,7,0,9,2,31,,251565,7,0,9,1,71,,251578,7,0,9,1,31,,251561,7,0,9,2,71,,251566,7,0,9,1,31,,251579,7,0,9,1,71,,251562,7,0,9,2,31,,251567,7,0,9,1,71,,251580,7,0,9,1,31,,251589,7,0,9,1,70,,251568,7,0,9,1
11404,'H56U100F-80-F1',508,,251590,7,0,9,1,30,,251595,7,0,9,1,69,,251616,7,0,9,2,29,,251591,7,0,9,1,69,,251596,7,0,9,1,29,,251617,7,0,9,2,69,,251592,7,0,9,1,30,,251597,7,0,9,1,71,,251618,7,0,9,2,31,,251593,7,0,9,1,71,,251598,7,0,9,1,31,,251619,7,0,9,2,71,,251594,7,0,9,1,31,,251599,7,0,9,1,72,,251620,7,0,9,2,32,,251624,7,0,9,1,73,,251608,7,0,9,2,32,,251621,7,0,9,2,72,,251625,7,0,9,1,33,,251609,7,0,9,2,73,,251622,7,0,9,2,32,,251626,7,0,9,1,73,,251610,7,0,9,2,73,,251623,7,0,9,2,32,,251627,7,0,9,1,68,,251611,7,0,9,2,29,,251600,7,0,9,2,71,,251603,7,0,9,1,31,,251612,7,0,9,2,71,,251601,7,0,9,2,30,,251604,7,0,9,1,70,,251613,7,0,9,2,30,,251602,7,0,9,2,70,,251605,7,0,9,1,30,,251614,7,0,9,2,70,,251628,7,0,9,2,30,,251606,7,0,9,1,70,,251615,7,0,9,2,30,,251629,7,0,9,2,70,,251607,7,0,9,1
11404,'H56U200F-80-F2',508,,251630,7,0,9,1,30,,251635,7,0,9,1,69,,251656,7,0,9,2,29,,251631,7,0,9,1,69,,251636,7,0,9,1,29,,251657,7,0,9,2,69,,251632,7,0,9,1,30,,251637,7,0,9,1,71,,251658,7,0,9,2,31,,251633,7,0,9,1,71,,251638,7,0,9,1,31,,251659,7,0,9,2,71,,251634,7,0,9,1,31,,251639,7,0,9,1,72,,251660,7,0,9,2,32,,251664,7,0,9,1,73,,251648,7,0,9,2,32,,251661,7,0,9,2,72,,251665,7,0,9,1,33,,251649,7,0,9,2,73,,251662,7,0,9,2,32,,251666,7,0,9,1,73,,251650,7,0,9,2,73,,251663,7,0,9,2,32,,251667,7,0,9,1,68,,251651,7,0,9,2,29,,251640,7,0,9,2,71,,251643,7,0,9,1,31,,251652,7,0,9,2,71,,251641,7,0,9,2,30,,251644,7,0,9,1,70,,251653,7,0,9,2,30,,251642,7,0,9,2,70,,251645,7,0,9,1,30,,251654,7,0,9,2,70,,251668,7,0,9,2,30,,251646,7,0,9,1,70,,251655,7,0,9,2,30,,251669,7,0,9,2,70,,251647,7,0,9,1
35001,'H56U000A-80-A',2524,,276616,41,0,5,1,94,,276614,41,0,5,2,94,,276612,41,0,5,1,43,,276613,41,0,5,1,84,,276615,41,0,5,1
35001,'H56U000I-80-I',2524,,276620,41,0,5,1,88,,276618,41,0,5,1,47,,276617,41,0,5,1,84,,276619,41,0,5,1,87,,276621,41,0,5,2
35001,'H56U000S-81-S',2523,,276622,41,0,5,1,87,,276626,41,0,5,2,48,,276623,41,0,5,1,85,,276624,41,0,5,2,88,,276625,41,0,5,1
35001,'H56U100F-80-F1',2524,,276630,41,0,5,1,88,,276628,41,0,5,1,47,,276627,41,0,5,1,84,,276629,41,0,5,1,87,,276631,41,0,5,2
35001,'H56U200F-80-F2',2524,,276635,41,0,5,1,88,,276633,41,0,5,1,47,,276632,41,0,5,1,84,,276634,41,0,5,1,87,,276636,41,0,5,2
