4504,'H58U000A-80-A',510,,231030,14,0,9,1,29,,231055,14,0,9,2,70,,231019,14,0,9,1,33,,231031,14,0,9,1,70,,231056,14,0,9,2,31,,231020,14,0,9,1,70,,231032,14,0,9,1,32,,231057,14,0,9,2,70,,231021,14,0,9,1,33,,231033,14,0,9,1,69,,231047,14,0,9,1,28,,231043,14,0,9,2,69,,231022,14,0,9,1,31,,231034,14,0,9,1,70,,231048,14,0,9,1,29,,231044,14,0,9,2,69,,231023,14,0,9,1,26,,231051,14,0,9,1,20,,231035,14,0,9,1,60,,231049,14,0,9,1,20,,231037,14,0,9,2,61,,231045,14,0,9,2,22,,231024,14,0,9,1,21,,231052,14,0,9,1,62,,231036,14,0,9,1,21,,231050,14,0,9,1,25,,231038,14,0,9,2,69,,231046,14,0,9,2,30,,231025,14,0,9,1,68,,231053,14,0,9,1,29,,231058,14,0,9,1,69,,231039,14,0,9,2,29,,231026,14,0,9,1,64,,231054,14,0,9,1,30,,231059,14,0,9,1,71,,231040,14,0,9,2,30,,231027,14,0,9,1,72,,231060,14,0,9,1,32,,231041,14,0,9,2,70,,231028,14,0,9,1,30,,231061,14,0,9,1,71,,231042,14,0,9,2,29,,231029,14,0,9,1,70,,231062,14,0,9,2
4504,'H58U000I-80-I',517,,231063,14,0,9,1,28,,231079,14,0,9,1,69,,231086,14,0,9,2,28,,231064,14,0,9,1,71,,231080,14,0,9,1,29,,231087,14,0,9,2,70,,231065,14,0,9,1,30,,231081,14,0,9,1,72,,231088,14,0,9,2,32,,231066,14,0,9,1,73,,231082,14,0,9,1,30,,231098,14,0,9,1,69,,231089,14,0,9,2,30,,231067,14,0,9,1,70,,231083,14,0,9,1,30,,231099,14,0,9,1,70,,231090,14,0,9,2,30,,231068,14,0,9,1,70,,231084,14,0,9,1,30,,231100,14,0,9,1,71,,231091,14,0,9,2,29,,231069,14,0,9,1,71,,231101,14,0,9,1,31,,231085,14,0,9,1,72,,231092,14,0,9,2,33,,231070,14,0,9,1,72,,231075,14,0,9,1,32,,231094,14,0,9,2,72,,231093,14,0,9,2,69,,231071,14,0,9,1,31,,231076,14,0,9,1,73,,231095,14,0,9,2,31,,231072,14,0,9,1,70,,231077,14,0,9,1,29,,231096,14,0,9,2,70,,231073,14,0,9,1,31,,231078,14,0,9,1,70,,231097,14,0,9,2,24,,231074,14,0,9,1
4504,'H58U000S-80-S',500,,231107,14,0,9,2,25,,231118,14,0,9,2,30,,231132,14,0,9,2,68,,231143,14,0,9,2,25,,231116,14,0,9,1,52,,231119,14,0,9,2,11,,231108,14,0,9,2,9,,231131,14,0,9,2,10,,231111,14,0,9,1,10,,231133,14,0,9,2,13,,231106,14,0,9,2,52,,231146,14,0,9,2,12,,231144,14,0,9,2,12,,231120,14,0,9,2,10,,231126,14,0,9,1,11,,231117,14,0,9,1,51,,231145,14,0,9,2,12,,231109,14,0,9,2,12,,231123,14,0,9,1,12,,231151,14,0,9,1,20,,231134,14,0,9,2,62,,231147,14,0,9,2,22,,231127,14,0,9,1,62,,231110,14,0,9,2,23,,231124,14,0,9,1,20,,231138,14,0,9,2,60,,231135,14,0,9,2,23,,231148,14,0,9,2,24,,231128,14,0,9,1,66,,231125,14,0,9,1,24,,231112,14,0,9,1,65,,231102,14,0,9,1,24,,231136,14,0,9,2,25,,231149,14,0,9,2,63,,231129,14,0,9,1,24,,231113,14,0,9,1,60,,231152,14,0,9,2,20,,231103,14,0,9,1,23,,231137,14,0,9,2,64,,231150,14,0,9,2,24,,231130,14,0,9,1,67,,231114,14,0,9,1,32,,231104,14,0,9,1,71,,231153,14,0,9,2,32,,231139,14,0,9,1,69,,231115,14,0,9,1,30,,231105,14,0,9,1,71,,231154,14,0,9,2,31,,231140,14,0,9,1,70,,231121,14,0,9,2,32,,231155,14,0,9,2,70,,231141,14,0,9,1,28,,231122,14,0,9,2,71,,231156,14,0,9,2,33,,231142,14,0,9,1
4504,'H58U100F-80-F1',517,,231157,14,0,9,1,28,,231173,14,0,9,1,69,,231180,14,0,9,2,28,,231158,14,0,9,1,71,,231174,14,0,9,1,29,,231181,14,0,9,2,70,,231159,14,0,9,1,30,,231175,14,0,9,1,72,,231182,14,0,9,2,32,,231160,14,0,9,1,73,,231176,14,0,9,1,30,,231192,14,0,9,1,69,,231183,14,0,9,2,30,,231161,14,0,9,1,70,,231177,14,0,9,1,30,,231193,14,0,9,1,70,,231184,14,0,9,2,30,,231162,14,0,9,1,70,,231178,14,0,9,1,30,,231194,14,0,9,1,71,,231185,14,0,9,2,29,,231163,14,0,9,1,71,,231195,14,0,9,1,31,,231179,14,0,9,1,72,,231186,14,0,9,2,33,,231164,14,0,9,1,72,,231169,14,0,9,1,32,,231188,14,0,9,2,72,,231187,14,0,9,2,69,,231165,14,0,9,1,31,,231170,14,0,9,1,73,,231189,14,0,9,2,31,,231166,14,0,9,1,70,,231171,14,0,9,1,29,,231190,14,0,9,2,70,,231167,14,0,9,1,31,,231172,14,0,9,1,70,,231191,14,0,9,2,24,,231168,14,0,9,1
4504,'H58U200F-80-F2',517,,231203,14,0,9,2,28,,231215,14,0,9,1,69,,231222,14,0,9,2,28,,231204,14,0,9,2,71,,231216,14,0,9,1,29,,231223,14,0,9,2,70,,231205,14,0,9,2,30,,231217,14,0,9,1,72,,231224,14,0,9,2,32,,231206,14,0,9,2,73,,231218,14,0,9,1,30,,231196,14,0,9,2,69,,231225,14,0,9,2,30,,231212,14,0,9,1,70,,231219,14,0,9,1,30,,231197,14,0,9,2,70,,231226,14,0,9,2,30,,231213,14,0,9,1,70,,231220,14,0,9,1,30,,231198,14,0,9,2,71,,231227,14,0,9,2,29,,231214,14,0,9,1,71,,231207,14,0,9,2,31,,231221,14,0,9,1,72,,231228,14,0,9,2,33,,231230,14,0,9,1,72,,231199,14,0,9,2,32,,231208,14,0,9,1,72,,231229,14,0,9,2,69,,231231,14,0,9,1,31,,231200,14,0,9,2,73,,231209,14,0,9,1,31,,231232,14,0,9,1,70,,231201,14,0,9,2,29,,231210,14,0,9,1,70,,231233,14,0,9,1,31,,231202,14,0,9,2,70,,231211,14,0,9,1,24,,231234,14,0,9,1
35904,'H57U000A-80-A',2543,,277103,14,0,9,1,77,,277104,14,0,9,1,34,,277106,14,0,9,1,74,,277107,14,0,9,1,75,,277105,14,0,9,1,35,,277108,14,0,9,1
35904,'H57U000I-80-I',2508,,277112,14,0,9,1,35,,277109,14,0,9,1,75,,277113,14,0,9,1,35,,277110,14,0,9,1,75,,277114,14,0,9,1,75,,277111,14,0,9,1,35,,277115,14,0,9,1
35904,'H57U000S-81-S',2508,,277118,14,0,9,1,34,,277116,14,0,9,1,77,,277121,14,0,9,1,35,,277119,14,0,9,1,73,,277117,14,0,9,1,78,,277120,14,0,9,1,33,,277122,14,0,9,1
35904,'H57U100F-80-F1',2508,,277126,14,0,9,1,35,,277123,14,0,9,1,75,,277127,14,0,9,1,35,,277124,14,0,9,1,75,,277128,14,0,9,1,75,,277125,14,0,9,1,35,,277129,14,0,9,1
35904,'H57U200F-80-F2',2508,,277133,14,0,9,1,35,,277130,14,0,9,1,75,,277134,14,0,9,1,35,,277131,14,0,9,1,75,,277135,14,0,9,1,75,,277132,14,0,9,1,35,,277136,14,0,9,1
