'25N-H50NV10S-81-S-E',10401,64000,,'',1,10200,,'',1,10600,,'',1
'25N-H50NV20S-80-S-E',10401,64000,,'',1,10200,,'',1,10600,,'',1
'25N-H56N100F-80-F1-E',10401,63700,,'',1,7000,,'',2,4000,,'',1,7600,,'',1,1400,,'',2,60300,,'',1,8200,,'',1,2000,,'',1,8100,,'',1,8200,,'',1,4000,,'',1,55600,,'',1,3300,,'',1,7300,,'',1,3300,,'',1
'25N-H56N100F-80-F1-E',10402,63300,4,'',1,7000,4,'',2,4000,4,'',1,7500,4,'',1,1500,4,'',2,7900,4,'',1,4400,4,'',1,56100,4,'',1,2000,4,'',1,8100,4,'',1,8200,4,'',1,4100,4,'',1,1500,4,'',1,7900,4,'',1,51300,4,'',1,7200,4,'',1,3000,4,'',1,7200,4,'',1
'25N-H56N100F-80-F1-NE',10401,91600,,'',1,8400,,'',1,3800,,'',1,1500,,'',1,8200,,'',1,8300,,'',1,4000,,'',1,5600,,'',1,4500,,'',1,44200,,'',1,3800,,'',1,8300,,'',1,3300,,'',1,5900,,'',1,3700,,'',1,7300,,'',1,3200,,'',1,7300,,'',1
'25N-H56N100F-80-F1-NE',10402,103300,4,'',1,1600,4,'',1,8200,4,'',1,8300,4,'',1,4000,4,'',1,5600,4,'',1,4400,4,'',1,8100,4,'',1,47800,4,'',1,1600,4,'',1,7800,4,'',1,4000,4,'',1,7300,4,'',1,2500,4,'',1,7100,4,'',1,3200,4,'',1,6900,4,'',1,24100,4,'',1
'25N-H56N200F-80-F2-E',10401,63700,,'',1,7000,,'',2,4000,,'',1,7600,,'',1,1400,,'',2,60300,,'',1,8200,,'',1,2000,,'',1,8100,,'',1,8200,,'',1,4000,,'',1,55600,,'',1,3300,,'',1,7300,,'',1,3300,,'',1
'25N-H56N200F-80-F2-E',10402,63300,4,'',1,7000,4,'',2,4000,4,'',1,7500,4,'',1,1500,4,'',2,7900,4,'',1,4400,4,'',1,56100,4,'',1,2000,4,'',1,8100,4,'',1,8200,4,'',1,4100,4,'',1,1500,4,'',1,7900,4,'',1,51300,4,'',1,7200,4,'',1,3000,4,'',1,7200,4,'',1
'25N-H56N200F-80-F2-NE',10401,91600,,'',1,8400,,'',1,3800,,'',1,1500,,'',1,8200,,'',1,8300,,'',1,4000,,'',1,5600,,'',1,4500,,'',1,44200,,'',1,3800,,'',1,8300,,'',1,3300,,'',1,5900,,'',1,3700,,'',1,7300,,'',1,3200,,'',1,7300,,'',1
'25N-H56N200F-80-F2-NE',10402,103300,4,'',1,1600,4,'',1,8200,4,'',1,8300,4,'',1,4000,4,'',1,5600,4,'',1,4400,4,'',1,8100,4,'',1,47800,4,'',1,1600,4,'',1,7800,4,'',1,4000,4,'',1,7300,4,'',1,2500,4,'',1,7100,4,'',1,3200,4,'',1,6900,4,'',1,24100,4,'',1
'25N-H56N300F-80-F3-E',10401,63700,,'',1,7000,,'',2,4000,,'',1,7600,,'',1,1400,,'',2,60300,,'',1,8200,,'',1,2000,,'',1,8100,,'',1,8200,,'',1,4000,,'',1,55600,,'',1,3300,,'',1,7300,,'',1,3300,,'',1
'25N-H56N300F-80-F3-E',10402,63300,4,'',1,7000,4,'',2,4000,4,'',1,7500,4,'',1,1500,4,'',2,7900,4,'',1,4400,4,'',1,56100,4,'',1,2000,4,'',1,8100,4,'',1,8200,4,'',1,4100,4,'',1,1500,4,'',1,7900,4,'',1,51300,4,'',1,7200,4,'',1,3000,4,'',1,7200,4,'',1
'25N-H56N300F-80-F3-NE',10401,91600,,'',1,8400,,'',1,3800,,'',1,1500,,'',1,8200,,'',1,8300,,'',1,4000,,'',1,5600,,'',1,4500,,'',1,44200,,'',1,3800,,'',1,8300,,'',1,3300,,'',1,5900,,'',1,3700,,'',1,7300,,'',1,3200,,'',1,7300,,'',1
'25N-H56N300F-80-F3-NE',10402,103300,4,'',1,1600,4,'',1,8200,4,'',1,8300,4,'',1,4000,4,'',1,5600,4,'',1,4400,4,'',1,8100,4,'',1,47800,4,'',1,1600,4,'',1,7800,4,'',1,4000,4,'',1,7300,4,'',1,2500,4,'',1,7100,4,'',1,3200,4,'',1,6900,4,'',1,24100,4,'',1
'25N-H56N400F-80-F4-E',10401,63700,,'',1,7000,,'',2,4000,,'',1,7600,,'',1,1400,,'',2,60300,,'',1,8200,,'',1,2000,,'',1,8100,,'',1,8200,,'',1,4000,,'',1,55600,,'',1,3300,,'',1,7300,,'',1,3300,,'',1
'25N-H56N400F-80-F4-E',10402,63300,4,'',1,7000,4,'',2,4000,4,'',1,7500,4,'',1,1500,4,'',2,7900,4,'',1,4400,4,'',1,56100,4,'',1,2000,4,'',1,8100,4,'',1,8200,4,'',1,4100,4,'',1,1500,4,'',1,7900,4,'',1,51300,4,'',1,7200,4,'',1,3000,4,'',1,7200,4,'',1
'25N-H56N400F-80-F4-NE',10401,91600,,'',1,8400,,'',1,3800,,'',1,1500,,'',1,8200,,'',1,8300,,'',1,4000,,'',1,5600,,'',1,4500,,'',1,44200,,'',1,3800,,'',1,8300,,'',1,3300,,'',1,5900,,'',1,3700,,'',1,7300,,'',1,3200,,'',1,7300,,'',1
'25N-H56N400F-80-F4-NE',10402,103300,4,'',1,1600,4,'',1,8200,4,'',1,8300,4,'',1,4000,4,'',1,5600,4,'',1,4400,4,'',1,8100,4,'',1,47800,4,'',1,1600,4,'',1,7800,4,'',1,4000,4,'',1,7300,4,'',1,2500,4,'',1,7100,4,'',1,3200,4,'',1,6900,4,'',1,24100,4,'',1
'25N-H56NV10A-80-A-E',10401,62300,,'',1,3400,,'',1,5700,,'',2,3500,,'',1,7400,,'',1,2100,,'',2,58700,,'',2,7800,,'',1,2900,,'',2,7700,,'',2,3800,,'',1,7100,,'',2,3200,,'',2,48400,,'',2,7300,,'',1,3000,,'',1,6800,,'',2,2800,,'',1,6900,,'',1
'25N-H56NV10A-80-A-E',10402,65300,4,'',1,5700,4,'',2,3500,4,'',1,7400,4,'',1,2000,4,'',2,7700,4,'',1,3900,4,'',1,54900,4,'',1,2900,4,'',2,7700,4,'',2,3800,4,'',1,7100,4,'',2,3200,4,'',2,7900,4,'',1,50700,4,'',1,6700,4,'',2,2900,4,'',1,6800,4,'',1,2900,4,'',2
'25N-H56NV10A-80-A-NE',10401,92000,,'',1,8000,,'',1,2800,,'',2,7200,,'',2,4100,,'',1,6800,,'',2,3700,,'',2,7900,,'',1,2900,,'',2,48100,,'',1,7000,,'',2,3100,,'',2,7400,,'',1,3000,,'',2,7000,,'',2,3300,,'',1,6800,,'',2
'25N-H56NV10A-80-A-NE',10402,61700,4,'',1,40700,4,'',2,3200,4,'',2,8100,4,'',1,6800,4,'',2,3500,4,'',2,8000,4,'',1,2900,4,'',2,7700,4,'',2,47400,4,'',2,3100,4,'',2,7500,4,'',1,3000,4,'',2,7000,4,'',2,3300,4,'',1,6800,4,'',2,2900,4,'',2,7300,4,'',1,24500,4,'',1,6900,4,'',1
'25N-H56NV10I-80-I-E',10401,63700,,'',1,7000,,'',2,4000,,'',1,7600,,'',1,1400,,'',2,60300,,'',1,8200,,'',1,2000,,'',1,8100,,'',1,8200,,'',1,4000,,'',1,55600,,'',1,3300,,'',1,7300,,'',1,3300,,'',1
'25N-H56NV10I-80-I-E',10402,63300,4,'',1,7000,4,'',2,4000,4,'',1,7500,4,'',1,1500,4,'',2,7900,4,'',1,4400,4,'',1,56100,4,'',1,2000,4,'',1,8100,4,'',1,8200,4,'',1,4100,4,'',1,1500,4,'',1,7900,4,'',1,51300,4,'',1,7200,4,'',1,3000,4,'',1,7200,4,'',1
'25N-H56NV10I-80-I-NE',10401,91600,,'',1,8400,,'',1,3800,,'',1,1500,,'',1,8200,,'',1,8300,,'',1,4000,,'',1,5600,,'',1,4500,,'',1,44200,,'',1,3800,,'',1,8300,,'',1,3300,,'',1,5900,,'',1,3700,,'',1,7300,,'',1,3200,,'',1,7300,,'',1
'25N-H56NV10I-80-I-NE',10402,103300,4,'',1,1600,4,'',1,8200,4,'',1,8300,4,'',1,4000,4,'',1,5600,4,'',1,4400,4,'',1,8100,4,'',1,47800,4,'',1,1600,4,'',1,7800,4,'',1,4000,4,'',1,7300,4,'',1,2500,4,'',1,7100,4,'',1,3200,4,'',1,6900,4,'',1,24100,4,'',1
'25N-H56NV10S-80-S-E',10401,61400,,'',2,3600,,'',1,5100,,'',1,500,,'',1,600,,'',2,600,,'',1,600,,'',2,600,,'',1,600,,'',1,6900,,'',1,1300,,'',2,59600,,'',1,3800,,'',1,8200,,'',1,7700,,'',2,3700,,'',1,8100,,'',1,57500,,'',1,2900,,'',2,6900,,'',1,2800,,'',1,2600,,'',2
'25N-H56NV10S-80-S-E',10402,64000,4,'',1,7200,4,'',1,9200,4,'',2,4300,4,'',1,7200,4,'',1,3600,4,'',1,57300,4,'',1,7700,4,'',2,3700,4,'',1,8100,4,'',1,8000,4,'',1,4000,4,'',1,48600,4,'',2,2900,4,'',1,6700,4,'',1,2400,4,'',2,6800,4,'',1,2600,4,'',1
'25N-H56NV10S-80-S-NE',10401,92400,,'',1,7600,,'',1,11100,,'',1,3600,,'',1,7600,,'',1,3600,,'',1,7900,,'',1,47100,,'',1,3900,,'',1,7400,,'',1,3500,,'',1,7100,,'',1,3100,,'',1,7300,,'',1,7000,,'',2,3100,,'',1
'25N-H56NV10S-80-S-NE',10402,61000,4,'',2,49600,4,'',1,3600,4,'',1,7500,4,'',1,3700,4,'',1,7900,4,'',1,7600,4,'',1,3800,4,'',1,47000,4,'',1,3500,4,'',1,7100,4,'',1,3100,4,'',1,7300,4,'',1,3000,4,'',2,7200,4,'',1,7100,4,'',1,31000,4,'',2
'25N-H56NV20A-80-A-E',10401,62300,,'',1,3400,,'',1,5700,,'',2,3500,,'',1,7400,,'',1,2100,,'',2,58700,,'',2,7800,,'',1,2900,,'',2,7700,,'',2,3800,,'',1,7100,,'',2,3200,,'',2,48400,,'',2,7300,,'',1,3000,,'',1,6800,,'',2,2800,,'',1,6900,,'',1
'25N-H56NV20A-80-A-E',10402,65300,4,'',1,5700,4,'',2,3500,4,'',1,7400,4,'',1,2000,4,'',2,7700,4,'',1,3900,4,'',1,54900,4,'',1,2900,4,'',2,7700,4,'',2,3800,4,'',1,7100,4,'',2,3200,4,'',2,7900,4,'',1,50700,4,'',1,6700,4,'',2,2900,4,'',1,6800,4,'',1,2900,4,'',2
'25N-H56NV20A-80-A-NE',10401,92000,,'',1,8000,,'',1,2800,,'',2,7200,,'',2,4100,,'',1,6800,,'',2,3700,,'',2,7900,,'',1,2900,,'',2,48100,,'',1,7000,,'',2,3100,,'',2,7400,,'',1,3000,,'',2,7000,,'',2,3300,,'',1,6800,,'',2
'25N-H56NV20A-80-A-NE',10402,61700,4,'',1,40700,4,'',2,3200,4,'',2,8100,4,'',1,6800,4,'',2,3500,4,'',2,8000,4,'',1,2900,4,'',2,7700,4,'',2,47400,4,'',2,3100,4,'',2,7500,4,'',1,3000,4,'',2,7000,4,'',2,3300,4,'',1,6800,4,'',2,2900,4,'',2,7300,4,'',1,24500,4,'',1,6900,4,'',1
'25N-H56NV20I-80-I-E',10401,63700,,'',1,7000,,'',2,4000,,'',1,7600,,'',1,1400,,'',2,60300,,'',1,8200,,'',1,2000,,'',1,8100,,'',1,8200,,'',1,4000,,'',1,55600,,'',1,3300,,'',1,7300,,'',1,3300,,'',1
'25N-H56NV20I-80-I-E',10402,63300,4,'',1,7000,4,'',2,4000,4,'',1,7500,4,'',1,1500,4,'',2,7900,4,'',1,4400,4,'',1,56100,4,'',1,2000,4,'',1,8100,4,'',1,8200,4,'',1,4100,4,'',1,1500,4,'',1,7900,4,'',1,51300,4,'',1,7200,4,'',1,3000,4,'',1,7200,4,'',1
'25N-H56NV20I-80-I-NE',10401,91600,,'',1,8400,,'',1,3800,,'',1,1500,,'',1,8200,,'',1,8300,,'',1,4000,,'',1,5600,,'',1,4500,,'',1,44200,,'',1,3800,,'',1,8300,,'',1,3300,,'',1,5900,,'',1,3700,,'',1,7300,,'',1,3200,,'',1,7300,,'',1
'25N-H56NV20I-80-I-NE',10402,103300,4,'',1,1600,4,'',1,8200,4,'',1,8300,4,'',1,4000,4,'',1,5600,4,'',1,4400,4,'',1,8100,4,'',1,47800,4,'',1,1600,4,'',1,7800,4,'',1,4000,4,'',1,7300,4,'',1,2500,4,'',1,7100,4,'',1,3200,4,'',1,6900,4,'',1,24100,4,'',1
'25N-H56NV20S-80-S-E',10401,61400,,'',2,3600,,'',1,5100,,'',1,500,,'',1,600,,'',2,600,,'',1,600,,'',2,600,,'',1,600,,'',1,6900,,'',1,1300,,'',2,59600,,'',1,3800,,'',1,8200,,'',1,7700,,'',2,3700,,'',1,8100,,'',1,57500,,'',1,2900,,'',2,6900,,'',1,2800,,'',1,2600,,'',2
'25N-H56NV20S-80-S-E',10402,64000,4,'',1,7200,4,'',1,9200,4,'',2,4300,4,'',1,7200,4,'',1,3600,4,'',1,57300,4,'',1,7700,4,'',2,3700,4,'',1,8100,4,'',1,8000,4,'',1,4000,4,'',1,48600,4,'',2,2900,4,'',1,6700,4,'',1,2400,4,'',2,6800,4,'',1,2600,4,'',1
'25N-H56NV20S-80-S-NE',10401,92400,,'',1,7600,,'',1,11100,,'',1,3600,,'',1,7600,,'',1,3600,,'',1,7900,,'',1,47100,,'',1,3900,,'',1,7400,,'',1,3500,,'',1,7100,,'',1,3100,,'',1,7300,,'',1,7000,,'',2,3100,,'',1
'25N-H56NV20S-80-S-NE',10402,61000,4,'',2,49600,4,'',1,3600,4,'',1,7500,4,'',1,3700,4,'',1,7900,4,'',1,7600,4,'',1,3800,4,'',1,47000,4,'',1,3500,4,'',1,7100,4,'',1,3100,4,'',1,7300,4,'',1,3000,4,'',2,7200,4,'',1,7100,4,'',1,31000,4,'',2
'25N-H57NV10S-84-S-NE',10401,103500,,'',1
'25N-H57NV10S-84-S-NE',10402,103000,4,'',1
'25N-H57NV20S-80-S-NE',10401,103500,,'',1
'25N-H57NV20S-80-S-NE',10402,103000,4,'',1
'25N-H56N100F-80-F1-E',13801,61000,,'',1,3800,,'',1,7900,,'',1,8000,,'',1,4400,,'',1,65500,,'',1,4700,,'',1,8900,,'',1,8600,,'',1
'25N-H56N100F-80-F1-E',13802,72300,4,'',1,7800,4,'',1,4600,4,'',1,8300,4,'',1,61900,4,'',1,8800,4,'',1,8700,4,'',1,8700,4,'',1
'25N-H56N100F-80-F1-NE',13801,93700,,'',1,8200,,'',1,8800,,'',1,4900,,'',1,8300,,'',1,9000,,'',1,8800,,'',1,40000,,'',1,8500,,'',1,4500,,'',1,8500,,'',1
'25N-H56N100F-80-F1-NE',13802,101500,4,'',1,8800,4,'',1,4800,4,'',1,8300,4,'',1,9100,4,'',1,8800,4,'',1,8900,4,'',1,35500,4,'',1,8600,4,'',1,8200,4,'',1,8400,4,'',1
'25N-H56N200F-80-F2-E',13801,61000,,'',1,3800,,'',1,7900,,'',1,8000,,'',1,4400,,'',1,65500,,'',1,4700,,'',1,8900,,'',1,8600,,'',1
'25N-H56N200F-80-F2-E',13802,72300,4,'',1,7800,4,'',1,4600,4,'',1,8300,4,'',1,61900,4,'',1,8800,4,'',1,8700,4,'',1,8700,4,'',1
'25N-H56N200F-80-F2-NE',13801,93700,,'',1,8200,,'',1,8800,,'',1,4900,,'',1,8300,,'',1,9000,,'',1,8800,,'',1,40000,,'',1,8500,,'',1,4500,,'',1,8500,,'',1
'25N-H56N200F-80-F2-NE',13802,101500,4,'',1,8800,4,'',1,4800,4,'',1,8300,4,'',1,9100,4,'',1,8800,4,'',1,8900,4,'',1,35500,4,'',1,8600,4,'',1,8200,4,'',1,8400,4,'',1
'25N-H56N300F-80-F3-E',13801,61000,,'',1,3800,,'',1,7900,,'',1,8000,,'',1,4400,,'',1,65500,,'',1,4700,,'',1,8900,,'',1,8600,,'',1
'25N-H56N300F-80-F3-E',13802,72300,4,'',1,7800,4,'',1,4600,4,'',1,8300,4,'',1,61900,4,'',1,8800,4,'',1,8700,4,'',1,8700,4,'',1
'25N-H56N300F-80-F3-NE',13801,93700,,'',1,8200,,'',1,8800,,'',1,4900,,'',1,8300,,'',1,9000,,'',1,8800,,'',1,40000,,'',1,8500,,'',1,4500,,'',1,8500,,'',1
'25N-H56N300F-80-F3-NE',13802,101500,4,'',1,8800,4,'',1,4800,4,'',1,8300,4,'',1,9100,4,'',1,8800,4,'',1,8900,4,'',1,35500,4,'',1,8600,4,'',1,8200,4,'',1,8400,4,'',1
'25N-H56N400F-80-F4-E',13801,61000,,'',1,3800,,'',1,7900,,'',1,8000,,'',1,4400,,'',1,65500,,'',1,4700,,'',1,8900,,'',1,8600,,'',1
'25N-H56N400F-80-F4-E',13802,72300,4,'',1,7800,4,'',1,4600,4,'',1,8300,4,'',1,61900,4,'',1,8800,4,'',1,8700,4,'',1,8700,4,'',1
'25N-H56N400F-80-F4-NE',13801,93700,,'',1,8200,,'',1,8800,,'',1,4900,,'',1,8300,,'',1,9000,,'',1,8800,,'',1,40000,,'',1,8500,,'',1,4500,,'',1,8500,,'',1
'25N-H56N400F-80-F4-NE',13802,101500,4,'',1,8800,4,'',1,4800,4,'',1,8300,4,'',1,9100,4,'',1,8800,4,'',1,8900,4,'',1,35500,4,'',1,8600,4,'',1,8200,4,'',1,8400,4,'',1
'25N-H56NV10A-80-A-E',13801,60200,,'',1,3900,,'',1,8100,,'',1,8400,,'',1,4300,,'',1,57600,,'',1,9000,,'',1,9000,,'',1,5000,,'',1,8900,,'',1
'25N-H56NV10A-80-A-E',13802,63800,4,'',1,8000,4,'',1,8200,4,'',1,4400,4,'',1,8500,4,'',1,58200,4,'',1,8900,4,'',1,5000,4,'',1,9000,4,'',1,8600,4,'',1
'25N-H56NV10A-80-A-NE',13801,93300,,'',1,8700,,'',1,8800,,'',1,4900,,'',1,8800,,'',1,9200,,'',1,49300,,'',1,8600,,'',1,8600,,'',1
'25N-H56NV10A-80-A-NE',13802,101600,4,'',1,8800,4,'',1,4900,4,'',1,8800,4,'',1,9200,4,'',1,8800,4,'',1,49100,4,'',1,4600,4,'',1,8700,4,'',1
'25N-H56NV10I-80-I-E',13801,61000,,'',1,3800,,'',1,7900,,'',1,8000,,'',1,4400,,'',1,65500,,'',1,4700,,'',1,8900,,'',1,8600,,'',1
'25N-H56NV10I-80-I-E',13802,72300,4,'',1,7800,4,'',1,4600,4,'',1,8300,4,'',1,61900,4,'',1,8800,4,'',1,8700,4,'',1,8700,4,'',1
'25N-H56NV10I-80-I-NE',13801,93700,,'',1,8200,,'',1,8800,,'',1,4900,,'',1,8300,,'',1,9000,,'',1,8800,,'',1,40000,,'',1,8500,,'',1,4500,,'',1,8500,,'',1
'25N-H56NV10I-80-I-NE',13802,101500,4,'',1,8800,4,'',1,4800,4,'',1,8300,4,'',1,9100,4,'',1,8800,4,'',1,8900,4,'',1,35500,4,'',1,8600,4,'',1,8200,4,'',1,8400,4,'',1
'25N-H56NV10S-80-S-E',13801,54900,,'',1,8000,,'',1,2700,,'',1,7100,,'',1,2500,,'',1,7900,,'',1,7500,,'',1,52500,,'',1,7600,,'',1,12300,,'',1,7900,,'',1,53900,,'',1,7000,,'',1,3000,,'',1,6800,,'',1,2700,,'',1,6500,,'',1
'25N-H56NV10S-80-S-E',13802,62500,4,'',1,2600,4,'',1,8100,4,'',1,8800,4,'',1,8100,4,'',1,3300,4,'',1,68900,4,'',1,7900,4,'',1,12100,4,'',1,51600,4,'',1,6900,4,'',1,2600,4,'',1,6800,4,'',1,2800,4,'',1
'25N-H56NV10S-80-S-NE',13801,94200,,'',1,7500,,'',1,3600,,'',1,7600,,'',1,7600,,'',1,3600,,'',1,7600,,'',1,3800,,'',1,47400,,'',1,7500,,'',1,3500,,'',1,7300,,'',1,3100,,'',1,7200,,'',1,3200,,'',1,7000,,'',1
'25N-H56NV10S-80-S-NE',13802,101200,4,'',1,3300,4,'',1,7600,4,'',1,3600,4,'',1,7800,4,'',1,7500,4,'',1,3600,4,'',1,7700,4,'',1,7900,4,'',1,35700,4,'',1,7500,4,'',1,7300,4,'',1,3000,4,'',1,7200,4,'',1,3300,4,'',1,6800,4,'',1,3100,4,'',1,6900,4,'',1,24900,4,'',1
'25N-H56NV20A-80-A-E',13801,60200,,'',1,3900,,'',1,8100,,'',1,8400,,'',1,4300,,'',1,57600,,'',1,9000,,'',1,9000,,'',1,5000,,'',1,8900,,'',1
'25N-H56NV20A-80-A-E',13802,63800,4,'',1,8000,4,'',1,8200,4,'',1,4400,4,'',1,8500,4,'',1,58200,4,'',1,8900,4,'',1,5000,4,'',1,9000,4,'',1,8600,4,'',1
'25N-H56NV20A-80-A-NE',13801,93300,,'',1,8700,,'',1,8800,,'',1,4900,,'',1,8800,,'',1,9200,,'',1,49300,,'',1,8600,,'',1,8600,,'',1
'25N-H56NV20A-80-A-NE',13802,101600,4,'',1,8800,4,'',1,4900,4,'',1,8800,4,'',1,9200,4,'',1,8800,4,'',1,49100,4,'',1,4600,4,'',1,8700,4,'',1
'25N-H56NV20I-80-I-E',13801,61000,,'',1,3800,,'',1,7900,,'',1,8000,,'',1,4400,,'',1,65500,,'',1,4700,,'',1,8900,,'',1,8600,,'',1
'25N-H56NV20I-80-I-E',13802,72300,4,'',1,7800,4,'',1,4600,4,'',1,8300,4,'',1,61900,4,'',1,8800,4,'',1,8700,4,'',1,8700,4,'',1
'25N-H56NV20I-80-I-NE',13801,93700,,'',1,8200,,'',1,8800,,'',1,4900,,'',1,8300,,'',1,9000,,'',1,8800,,'',1,40000,,'',1,8500,,'',1,4500,,'',1,8500,,'',1
'25N-H56NV20I-80-I-NE',13802,101500,4,'',1,8800,4,'',1,4800,4,'',1,8300,4,'',1,9100,4,'',1,8800,4,'',1,8900,4,'',1,35500,4,'',1,8600,4,'',1,8200,4,'',1,8400,4,'',1
'25N-H56NV20S-80-S-E',13801,54900,,'',1,8000,,'',1,2700,,'',1,7100,,'',1,2500,,'',1,7900,,'',1,7500,,'',1,52500,,'',1,7600,,'',1,12300,,'',1,7900,,'',1,53900,,'',1,7000,,'',1,3000,,'',1,6800,,'',1,2700,,'',1,6500,,'',1
'25N-H56NV20S-80-S-E',13802,62500,4,'',1,2600,4,'',1,8100,4,'',1,8800,4,'',1,8100,4,'',1,3300,4,'',1,68900,4,'',1,7900,4,'',1,12100,4,'',1,51600,4,'',1,6900,4,'',1,2600,4,'',1,6800,4,'',1,2800,4,'',1
'25N-H56NV20S-80-S-NE',13801,94200,,'',1,7500,,'',1,3600,,'',1,7600,,'',1,7600,,'',1,3600,,'',1,7600,,'',1,3800,,'',1,47400,,'',1,7500,,'',1,3500,,'',1,7300,,'',1,3100,,'',1,7200,,'',1,3200,,'',1,7000,,'',1
'25N-H56NV20S-80-S-NE',13802,101200,4,'',1,3300,4,'',1,7600,4,'',1,3600,4,'',1,7800,4,'',1,7500,4,'',1,3600,4,'',1,7700,4,'',1,7900,4,'',1,35700,4,'',1,7500,4,'',1,7300,4,'',1,3000,4,'',1,7200,4,'',1,3300,4,'',1,6800,4,'',1,3100,4,'',1,6900,4,'',1,24900,4,'',1
'25N-H59NV10S-84-S-E',13801,154800,,'',1,20100,,'',1
'25N-H59NV10S-84-S-E',13802,154000,4,'',1,20300,4,'',1
'25N-H59NV20S-80-S-E',13801,154800,,'',1,20100,,'',1
'25N-H59NV20S-80-S-E',13802,154000,4,'',1,20300,4,'',1
