20103,'H60U000A-85-A',848,,270625,25,4,,2,70,,270614,25,4,,1,30,,270626,25,4,,2,69,,270615,25,4,,1,30,,270627,25,4,,2,70,,270616,25,4,,1,30,,270628,25,4,,2,71,,270617,25,4,,1,29,,270629,25,4,,2,70,,270618,25,4,,1,30,,270630,25,4,,2,70,,270622,25,4,,1,30,,270631,25,4,,2,70,,270623,25,4,,1,30,,270632,25,4,,2,70,,270619,25,4,,1,30,,270635,25,4,,2,70,,270620,25,4,,1,30,,270633,25,4,,2,70,,270621,25,4,,1,30,,270634,25,4,,2,70,,270624,25,4,,1
20103,'H60U000I-84-I',847,,270636,25,4,,2,72,,270647,25,4,,1,30,,270637,25,4,,2,69,,270648,25,4,,1,30,,270638,25,4,,2,71,,270649,25,4,,1,30,,270639,25,4,,2,70,,270650,25,4,,1,30,,270640,25,4,,2,70,,270651,25,4,,1,30,,270641,25,4,,2,70,,270652,25,4,,1,30,,270642,25,4,,2,69,,270653,25,4,,1,30,,270643,25,4,,2,70,,270654,25,4,,1,30,,270644,25,4,,2,70,,270655,25,4,,1,30,,270645,25,4,,2,68,,270656,25,4,,1,30,,270646,25,4,,2,70,,270657,25,4,,1
20103,'H60U000S-86-S',621,,270658,25,4,,1,27,,270674,25,4,,2,69,,270659,25,4,,1,30,,270675,25,4,,2,71,,270660,25,4,,1,31,,270676,25,4,,2,72,,270661,25,4,,1,28,,270677,25,4,,2,71,,270662,25,4,,1,31,,270678,25,4,,2,72,,270663,25,4,,1,32,,270679,25,4,,2,72,,270664,25,4,,1,32,,270680,25,4,,2,71,,270665,25,4,,1,70,,270681,25,4,,2,28,,270666,25,4,,1,30,,270682,25,4,,2,66,,270667,25,4,,1,32,,270683,25,4,,2,62,,270668,25,4,,1,33,,270684,25,4,,2,72,,270669,25,4,,1,31,,270685,25,4,,2,71,,270670,25,4,,1,30,,270686,25,4,,2,68,,270671,25,4,,1,30,,270687,25,4,,2,70,,270672,25,4,,1,29,,270688,25,4,,2,69,,270673,25,4,,1
20103,'H60U100F-85-F1',847,,270689,25,4,,1,72,,270700,25,4,,2,30,,270690,25,4,,1,69,,270701,25,4,,2,30,,270691,25,4,,1,71,,270702,25,4,,2,30,,270692,25,4,,1,70,,270703,25,4,,2,30,,270693,25,4,,1,70,,270704,25,4,,2,30,,270694,25,4,,1,70,,270705,25,4,,2,30,,270695,25,4,,1,69,,270706,25,4,,2,30,,270696,25,4,,1,70,,270707,25,4,,2,30,,270698,25,4,,1,70,,270708,25,4,,2,30,,270697,25,4,,1,68,,270709,25,4,,2,30,,270699,25,4,,1,70,,270710,25,4,,2
20103,'H60U200F-83-F2',847,,270711,25,4,,1,72,,270722,25,4,,2,30,,270712,25,4,,1,69,,270723,25,4,,2,30,,270713,25,4,,1,71,,270724,25,4,,2,30,,270714,25,4,,1,70,,270725,25,4,,2,30,,270715,25,4,,1,70,,270726,25,4,,2,30,,270716,25,4,,1,70,,270727,25,4,,2,30,,270717,25,4,,1,69,,270728,25,4,,2,30,,270718,25,4,,1,70,,270729,25,4,,2,30,,270720,25,4,,1,70,,270730,25,4,,2,30,,270719,25,4,,1,68,,270731,25,4,,2,30,,270721,25,4,,1,70,,270732,25,4,,2
20104,'H60U000A-85-A',826,,270733,1,0,9,1,30,,270744,1,0,9,2,70,,270734,1,0,9,1,30,,270745,1,0,9,2,69,,270735,1,0,9,1,30,,270746,1,0,9,2,70,,270736,1,0,9,1,30,,270747,1,0,9,2,70,,270737,1,0,9,1,30,,270748,1,0,9,2,70,,270738,1,0,9,1,31,,270749,1,0,9,2,71,,270743,1,0,9,1,30,,270750,1,0,9,2,70,,270739,1,0,9,1,30,,270751,1,0,9,2,70,,270740,1,0,9,1,30,,270752,1,0,9,2,70,,270741,1,0,9,1,30,,270753,1,0,9,2,70,,270742,1,0,9,1,30,,270754,1,0,9,2
20104,'H60U000I-84-I',826,,270766,1,0,9,1,30,,270755,1,0,9,2,70,,270767,1,0,9,1,30,,270756,1,0,9,2,69,,270768,1,0,9,1,30,,270757,1,0,9,2,70,,270769,1,0,9,1,30,,270758,1,0,9,2,70,,270770,1,0,9,1,30,,270759,1,0,9,2,70,,270771,1,0,9,1,31,,270760,1,0,9,2,71,,270772,1,0,9,1,30,,270761,1,0,9,2,70,,270773,1,0,9,1,30,,270762,1,0,9,2,70,,270774,1,0,9,1,30,,270763,1,0,9,2,70,,270775,1,0,9,1,30,,270764,1,0,9,2,70,,270776,1,0,9,1,30,,270765,1,0,9,2
20104,'H60U000S-86-S',555,,270793,1,0,9,2,69,,270777,1,0,9,1,27,,270794,1,0,9,2,73,,270778,1,0,9,1,33,,270795,1,0,9,2,72,,270779,1,0,9,1,72,,270796,1,0,9,2,31,,270780,1,0,9,1,71,,270797,1,0,9,2,31,,270781,1,0,9,1,71,,270798,1,0,9,2,31,,270782,1,0,9,1,70,,270799,1,0,9,2,31,,270783,1,0,9,1,71,,270800,1,0,9,2,31,,270784,1,0,9,1,67,,270801,1,0,9,2,28,,270785,1,0,9,1,67,,270802,1,0,9,2,26,,270786,1,0,9,1,32,,270803,1,0,9,2,65,,270787,1,0,9,1,30,,270804,1,0,9,2,72,,270788,1,0,9,1,31,,270805,1,0,9,2,71,,270789,1,0,9,1,30,,270806,1,0,9,2,69,,270790,1,0,9,1,29,,270807,1,0,9,2,70,,270791,1,0,9,1,29,,270808,1,0,9,2,71,,270792,1,0,9,1
20104,'H60U100F-85-F1',826,,270820,1,0,9,2,30,,270809,1,0,9,1,70,,270821,1,0,9,2,30,,270810,1,0,9,1,69,,270822,1,0,9,2,30,,270811,1,0,9,1,70,,270824,1,0,9,2,30,,270812,1,0,9,1,70,,270823,1,0,9,2,30,,270813,1,0,9,1,70,,270825,1,0,9,2,31,,270814,1,0,9,1,71,,270826,1,0,9,2,30,,270816,1,0,9,1,70,,270827,1,0,9,2,30,,270817,1,0,9,1,70,,270828,1,0,9,2,30,,270815,1,0,9,1,70,,270829,1,0,9,2,30,,270818,1,0,9,1,70,,270830,1,0,9,2,30,,270819,1,0,9,1
20104,'H60U200F-83-F2',826,,270842,1,0,9,2,30,,270831,1,0,9,1,70,,270843,1,0,9,2,30,,270832,1,0,9,1,69,,270844,1,0,9,2,30,,270833,1,0,9,1,70,,270846,1,0,9,2,30,,270834,1,0,9,1,70,,270845,1,0,9,2,30,,270835,1,0,9,1,70,,270847,1,0,9,2,31,,270836,1,0,9,1,71,,270848,1,0,9,2,30,,270838,1,0,9,1,70,,270849,1,0,9,2,30,,270839,1,0,9,1,70,,270850,1,0,9,2,30,,270837,1,0,9,1,70,,270851,1,0,9,2,30,,270840,1,0,9,1,70,,270852,1,0,9,2,30,,270841,1,0,9,1
