1704,'H60U000A-85-A',526,,222269,33,0,9,1,75,,222257,33,0,9,1,44,,222270,33,0,9,1,76,,222258,33,0,9,1,84,,222271,33,0,9,1,38,,222259,33,0,9,1,90,,222272,33,0,9,1,79,,222278,33,0,9,1,44,,222260,33,0,9,1,83,,222273,33,0,9,1,80,,222279,33,0,9,1,82,,222261,33,0,9,1,41,,222274,33,0,9,1,80,,222280,33,0,9,1,80,,222262,33,0,9,1,41,,222275,33,0,9,1,81,,222281,33,0,9,1,81,,222263,33,0,9,1,39,,222276,33,0,9,1,79,,222283,33,0,9,1,78,,222264,33,0,9,1,36,,222277,33,0,9,1,75,,222282,33,0,9,1,45,,222265,33,0,9,1,81,,222284,33,0,9,1,85,,222266,33,0,9,1,81,,222285,33,0,9,1,42,,222267,33,0,9,1,81,,222286,33,0,9,1,81,,222268,33,0,9,1,41,,222287,33,0,9,1
1704,'H60U000I-84-I',536,,222288,33,0,9,1,69,,222317,33,0,9,1,30,,222297,33,0,9,1,75,,222289,33,0,9,1,44,,222298,33,0,9,1,75,,222290,33,0,9,1,86,,222299,33,0,9,1,43,,222291,33,0,9,1,85,,222300,33,0,9,1,83,,222292,33,0,9,1,89,,222301,33,0,9,1,85,,222293,33,0,9,1,36,,222309,33,0,9,1,83,,222302,33,0,9,1,81,,222294,33,0,9,1,40,,222310,33,0,9,1,80,,222303,33,0,9,1,80,,222295,33,0,9,1,40,,222311,33,0,9,1,80,,222304,33,0,9,1,39,,222296,33,0,9,1,76,,222312,33,0,9,1,84,,222305,33,0,9,1,40,,222313,33,0,9,1,84,,222306,33,0,9,1,80,,222314,33,0,9,1,83,,222307,33,0,9,1,42,,222315,33,0,9,1,82,,222308,33,0,9,1,83,,222316,33,0,9,1
1704,'H60U000S-86-S',539,,222327,33,0,9,1,69,,222318,33,0,9,1,34,,222351,33,0,9,1,72,,222328,33,0,9,1,35,,222339,33,0,9,1,74,,222319,33,0,9,1,33,,222352,33,0,9,1,71,,222329,33,0,9,1,32,,222340,33,0,9,1,77,,222320,33,0,9,1,78,,222330,33,0,9,1,38,,222341,33,0,9,1,78,,222321,33,0,9,1,78,,222331,33,0,9,1,38,,222342,33,0,9,1,78,,222322,33,0,9,1,79,,222332,33,0,9,1,32,,222345,33,0,9,1,75,,222343,33,0,9,1,33,,222323,33,0,9,1,73,,222333,33,0,9,1,33,,222346,33,0,9,1,70,,222344,33,0,9,1,29,,222324,33,0,9,1,71,,222334,33,0,9,1,30,,222347,33,0,9,1,74,,222325,33,0,9,1,32,,222335,33,0,9,1,70,,222348,33,0,9,1,30,,222326,33,0,9,1,72,,222336,33,0,9,1,81,,222349,33,0,9,1,44,,222337,33,0,9,1,76,,222350,33,0,9,1,83,,222338,33,0,9,1
1704,'H60U100F-85-F1',536,,222353,33,0,9,1,69,,222382,33,0,9,1,30,,222362,33,0,9,1,75,,222354,33,0,9,1,44,,222363,33,0,9,1,75,,222355,33,0,9,1,86,,222364,33,0,9,1,43,,222356,33,0,9,1,85,,222365,33,0,9,1,83,,222357,33,0,9,1,89,,222366,33,0,9,1,85,,222358,33,0,9,1,36,,222374,33,0,9,1,83,,222367,33,0,9,1,81,,222359,33,0,9,1,40,,222375,33,0,9,1,80,,222368,33,0,9,1,80,,222360,33,0,9,1,40,,222377,33,0,9,1,80,,222369,33,0,9,1,39,,222361,33,0,9,1,76,,222378,33,0,9,1,84,,222371,33,0,9,1,40,,222376,33,0,9,1,84,,222370,33,0,9,1,80,,222379,33,0,9,1,83,,222372,33,0,9,1,42,,222380,33,0,9,1,82,,222373,33,0,9,1,83,,222381,33,0,9,1
1704,'H60U200F-83-F2',536,,222383,33,0,9,1,69,,222412,33,0,9,1,30,,222392,33,0,9,1,75,,222384,33,0,9,1,44,,222393,33,0,9,1,75,,222385,33,0,9,1,86,,222394,33,0,9,1,43,,222386,33,0,9,1,85,,222395,33,0,9,1,83,,222387,33,0,9,1,89,,222396,33,0,9,1,85,,222388,33,0,9,1,36,,222404,33,0,9,1,83,,222397,33,0,9,1,81,,222389,33,0,9,1,40,,222405,33,0,9,1,80,,222398,33,0,9,1,80,,222390,33,0,9,1,40,,222407,33,0,9,1,80,,222399,33,0,9,1,39,,222391,33,0,9,1,76,,222408,33,0,9,1,84,,222401,33,0,9,1,40,,222406,33,0,9,1,84,,222400,33,0,9,1,80,,222409,33,0,9,1,83,,222402,33,0,9,1,42,,222410,33,0,9,1,82,,222403,33,0,9,1,83,,222411,33,0,9,1
19001,'H56U000S-81-S',612,,267738,27,0,5,1,33,,267737,27,0,5,1,72,,267728,27,0,5,1,34,,267719,27,0,5,2,72,,267745,27,0,5,2,31,,267716,27,0,5,1,70,,267720,27,0,5,2,29,,267746,27,0,5,2,69,,267717,27,0,5,1,29,,267721,27,0,5,2,69,,267718,27,0,5,1,31,,267729,27,0,5,1,71,,267722,27,0,5,2,30,,267739,27,0,5,1,70,,267730,27,0,5,1,30,,267723,27,0,5,2,70,,267741,27,0,5,2,30,,267731,27,0,5,1,70,,267724,27,0,5,2,28,,267742,27,0,5,2,65,,267744,27,0,5,2,27,,267732,27,0,5,1,69,,267725,27,0,5,2,30,,267740,27,0,5,1,69,,267733,27,0,5,1,31,,267726,27,0,5,2,70,,267736,27,0,5,1,31,,267734,27,0,5,1,73,,267727,27,0,5,2,33,,267743,27,0,5,1,73,,267735,27,0,5,1
37104,'H50U000A-82-A',2608,,277775,53,0,9,1,30,,277779,53,0,9,1,70,,277777,53,0,9,2,30,,277774,53,0,9,1,70,,277776,53,0,9,1,30,,277780,53,0,9,1,70,,277778,53,0,9,2
37104,'H50U000I-82-I',2607,,277781,53,0,9,1,30,,277786,53,0,9,1,71,,277784,53,0,9,1,30,,277783,53,0,9,2,70,,277782,53,0,9,1,30,,277787,53,0,9,1,70,,277785,53,0,9,1
37104,'H50U000S-83-S',2610,,277793,53,0,9,1,30,,277789,53,0,9,1,71,,277792,53,0,9,2,30,,277791,53,0,9,1,68,,277794,53,0,9,1,29,,277790,53,0,9,1,69,,277788,53,0,9,1
37104,'H50U100F-80-F1',2607,,277795,53,0,9,1,30,,277800,53,0,9,1,71,,277798,53,0,9,1,30,,277797,53,0,9,2,70,,277796,53,0,9,1,30,,277801,53,0,9,1,70,,277799,53,0,9,1
37104,'H50U200F-80-F2',2607,,277802,53,0,9,1,30,,277807,53,0,9,1,71,,277805,53,0,9,1,30,,277804,53,0,9,2,70,,277803,53,0,9,1,30,,277808,53,0,9,1,70,,277806,53,0,9,1
