1403,'H57U000A-80-A',818,,221610,7,0,8,1,90,,221611,7,0,8,1,50,,221612,7,0,8,1,90,,221613,7,0,8,1,91,,221614,7,0,8,1,94,,221615,7,0,8,1,96,,221616,7,0,8,1,95,,221617,7,0,8,1,97,,221618,7,0,8,1,97,,221619,7,0,8,1,97,,221620,7,0,8,1,97,,221621,7,0,8,1,96,,221622,7,0,8,1,93,,221623,7,0,8,1
1403,'H57U000I-80-I',910,,221624,7,0,8,1,91,,221625,7,0,8,1,53,,221626,7,0,8,1,95,,221627,7,0,8,1,96,,221628,7,0,8,1,97,,221629,7,0,8,1,96,,221630,7,0,8,1,94,,221631,7,0,8,1,93,,221632,7,0,8,1,92,,221633,7,0,8,1,92,,221634,7,0,8,1,91,,221635,7,0,8,1,50,,221636,7,0,8,1
1403,'H57U000S-81-S',636,,221642,7,0,8,1,21,,221652,7,0,8,2,61,,221645,7,0,8,1,22,,221643,7,0,8,1,66,,221653,7,0,8,2,25,,221646,7,0,8,1,25,,221644,7,0,8,1,66,,221654,7,0,8,2,33,,221647,7,0,8,1,73,,221655,7,0,8,2,29,,221648,7,0,8,1,69,,221656,7,0,8,2,30,,221649,7,0,8,1,69,,221657,7,0,8,2,30,,221650,7,0,8,1,69,,221658,7,0,8,2,25,,221651,7,0,8,1,65,,221662,7,0,8,1,24,,221637,7,0,8,1,65,,221663,7,0,8,2,25,,221659,7,0,8,2,24,,221638,7,0,8,1,65,,221664,7,0,8,2,25,,221660,7,0,8,2,67,,221639,7,0,8,1,27,,221665,7,0,8,2,67,,221661,7,0,8,2,29,,221640,7,0,8,1,69,,221666,7,0,8,2,32,,221641,7,0,8,1
1403,'H57U100F-80-F1',910,,221667,7,0,8,1,91,,221668,7,0,8,1,53,,221669,7,0,8,1,95,,221670,7,0,8,1,96,,221671,7,0,8,1,97,,221672,7,0,8,1,96,,221673,7,0,8,1,94,,221674,7,0,8,1,93,,221675,7,0,8,1,92,,221676,7,0,8,1,92,,221677,7,0,8,1,91,,221678,7,0,8,1,50,,221679,7,0,8,1
1403,'H57U200F-80-F2',910,,221680,7,0,8,1,91,,221681,7,0,8,1,53,,221682,7,0,8,1,95,,221683,7,0,8,1,96,,221684,7,0,8,1,97,,221685,7,0,8,1,96,,221686,7,0,8,1,94,,221687,7,0,8,1,93,,221688,7,0,8,1,92,,221689,7,0,8,1,92,,221690,7,0,8,1,91,,221691,7,0,8,1,50,,221692,7,0,8,1
36103,'H51U000A-83-A',2511,,277220,10,0,8,2,9,,277195,10,0,8,1,10,,277197,10,0,8,1,10,,277215,10,0,8,2,5,,277209,10,0,8,2,6,,277191,10,0,8,1,5,,277189,10,0,8,1,45,,277193,10,0,8,2,4,,277202,10,0,8,1,6,,277206,10,0,8,2,7,,277217,10,0,8,2,9,,277200,10,0,8,1,5,,277213,10,0,8,1,5,,277218,10,0,8,1,6,,277211,10,0,8,1,5,,277187,10,0,8,1,5,,277212,10,0,8,2,3,,277208,10,0,8,2,3,,277196,10,0,8,1,43,,277204,10,0,8,1,4,,277216,10,0,8,2,4,,277210,10,0,8,2,4,,277192,10,0,8,1,4,,277198,10,0,8,1,5,,277190,10,0,8,1,6,,277188,10,0,8,1,6,,277203,10,0,8,1,6,,277207,10,0,8,2,4,,277194,10,0,8,2,9,,277201,10,0,8,1,50,,277219,10,0,8,1,10,,277214,10,0,8,1,11,,277205,10,0,8,1,14,,277199,10,0,8,1
36103,'H51U000I-83-I',2453,,277225,10,0,8,2,68,,277224,10,0,8,1,22,,277221,10,0,8,2,80,,277226,10,0,8,2,85,,277222,10,0,8,1,45,,277227,10,0,8,2,85,,277223,10,0,8,1
36103,'H51U000S-83-S',2453,,277239,10,0,8,1,63,,277228,10,0,8,1,16,,277243,4,0,8,2,1,,277237,10,0,8,1,17,,277231,10,0,8,1,51,,277236,10,0,8,2,15,,277230,10,0,8,1,13,,277240,10,0,8,1,14,,277233,10,0,8,1,11,,277234,10,0,8,1,48,,277229,10,0,8,1,7,,277242,10,0,8,2,13,,277238,10,0,8,1,8,,277232,10,0,8,1,23,,277241,10,0,8,1,85,,277235,10,0,8,1
36103,'H51U000S-83-SV',2459,,277244,10,0,8,2,45,,277247,10,0,8,2,7,,277248,10,0,8,2,11,,277250,10,0,8,2,6,,277252,10,0,8,2,11,,277253,10,0,8,2,5,,277254,10,0,8,2,9,,277255,10,0,8,2,4,,277257,10,0,8,2,48,,277258,10,0,8,2,6,,277260,10,0,8,2,12,,277245,10,0,8,2,10,,277249,10,0,8,2,14,,277251,10,0,8,2,68,,277256,10,0,8,2,19,,277261,10,0,8,2,4,,277259,10,0,8,2,9,,277246,10,0,8,2
36103,'H51U100F-80-F1',2453,,277266,10,0,8,2,68,,277263,10,0,8,1,22,,277262,10,0,8,2,80,,277267,10,0,8,2,85,,277264,10,0,8,1,45,,277268,10,0,8,2,85,,277265,10,0,8,1
36103,'H51U200F-80-F2',2453,,277273,10,0,8,2,68,,277270,10,0,8,1,22,,277269,10,0,8,2,80,,277274,10,0,8,2,85,,277271,10,0,8,1,45,,277275,10,0,8,2,85,,277272,10,0,8,1
