3402,'H59U000A-80-A',535,,227821,21,0,10,1,69,,227843,21,0,10,2,33,,227822,21,0,10,1,70,,227844,21,0,10,2,29,,227823,21,0,10,1,71,,227845,21,0,10,2,31,,227824,21,0,10,1,70,,227846,21,0,10,2,30,,227825,21,0,10,1,70,,227847,21,0,10,2,30,,227826,21,0,10,1,69,,227848,21,0,10,2,29,,227827,21,0,10,1,71,,227849,21,0,10,2,30,,227828,21,0,10,1,72,,227850,21,0,10,2,29,,227829,21,0,10,1,72,,227851,21,0,10,2,29,,227830,21,0,10,1,72,,227852,21,0,10,2,30,,227831,21,0,10,1,72,,227853,21,0,10,2,31,,227832,21,0,10,1,72,,227854,21,0,10,2,30,,227833,21,0,10,1,71,,227855,21,0,10,2,32,,227834,21,0,10,1,69,,227856,21,0,10,2,27,,227835,21,0,10,1,65,,227857,21,0,10,2,28,,227836,21,0,10,1,68,,227858,21,0,10,2,27,,227837,21,0,10,1,23,,227859,21,0,10,2,65,,227838,21,0,10,1,25,,227860,21,0,10,2,64,,227839,21,0,10,1,24,,227861,21,0,10,2,25,,227840,21,0,10,1,63,,227862,21,0,10,2,24,,227841,21,0,10,1,65,,227863,21,0,10,2,24,,227842,21,0,10,1
3402,'H59U000I-80-I',534,,227864,21,0,10,2,66,,227878,21,0,10,1,33,,227865,21,0,10,2,68,,227879,21,0,10,1,30,,227866,21,0,10,2,70,,227880,21,0,10,1,31,,227867,21,0,10,2,72,,227881,21,0,10,1,30,,227868,21,0,10,2,70,,227882,21,0,10,1,30,,227869,21,0,10,2,70,,227883,21,0,10,1,30,,227870,21,0,10,2,70,,227884,21,0,10,1,32,,227871,21,0,10,2,69,,227885,21,0,10,1,31,,227872,21,0,10,2,70,,227886,21,0,10,1,29,,227873,21,0,10,2,70,,227887,21,0,10,1,29,,227874,21,0,10,2,70,,227888,21,0,10,1,31,,227875,21,0,10,2,70,,227889,21,0,10,1,28,,227876,21,0,10,2,73,,227890,21,0,10,1,30,,227877,21,0,10,2,71,,227891,21,0,10,1,31,,227895,21,0,10,1,68,,227892,21,0,10,1,29,,227896,21,0,10,1,70,,227893,21,0,10,1,30,,227897,21,0,10,1,69,,227894,21,0,10,1,30,,227898,21,0,10,1,71,,227902,21,0,10,1,30,,227899,21,0,10,1,70,,227903,21,0,10,1,27,,227900,21,0,10,1,71,,227904,21,0,10,1,31,,227901,21,0,10,1
3402,'H59U000S-80-S',539,,227944,21,0,10,2,73,,227937,21,0,10,2,32,,227938,21,0,10,1,68,,227905,21,0,10,2,32,,227942,21,0,10,1,75,,227906,21,0,10,2,33,,227943,21,0,10,1,68,,227915,21,0,10,1,32,,227907,21,0,10,2,71,,227916,21,0,10,1,30,,227908,21,0,10,2,70,,227917,21,0,10,1,30,,227909,21,0,10,2,72,,227918,21,0,10,1,30,,227910,21,0,10,2,72,,227919,21,0,10,1,31,,227911,21,0,10,2,73,,227920,21,0,10,1,72,,227912,21,0,10,2,25,,227939,21,0,10,1,24,,227921,21,0,10,1,64,,227913,21,0,10,2,26,,227940,21,0,10,1,66,,227945,21,0,10,1,28,,227914,21,0,10,2,69,,227941,21,0,10,1,30,,227929,21,0,10,1,69,,227930,21,0,10,1,29,,227922,21,0,10,2,72,,227931,21,0,10,1,29,,227923,21,0,10,2,70,,227932,21,0,10,1,30,,227924,21,0,10,2,70,,227933,21,0,10,1,30,,227925,21,0,10,2,70,,227934,21,0,10,1,29,,227926,21,0,10,2,68,,227935,21,0,10,1,28,,227927,21,0,10,2,28,,227936,21,0,10,1,73,,227928,21,0,10,2
3402,'H59U100F-80-F1',534,,227946,21,0,10,2,66,,227960,21,0,10,1,33,,227947,21,0,10,2,68,,227961,21,0,10,1,30,,227948,21,0,10,2,70,,227962,21,0,10,1,31,,227949,21,0,10,2,72,,227963,21,0,10,1,30,,227950,21,0,10,2,70,,227964,21,0,10,1,30,,227951,21,0,10,2,70,,227965,21,0,10,1,30,,227952,21,0,10,2,70,,227966,21,0,10,1,32,,227953,21,0,10,2,69,,227967,21,0,10,1,31,,227954,21,0,10,2,70,,227968,21,0,10,1,29,,227955,21,0,10,2,70,,227969,21,0,10,1,29,,227956,21,0,10,2,70,,227970,21,0,10,1,31,,227957,21,0,10,2,70,,227971,21,0,10,1,28,,227958,21,0,10,2,73,,227972,21,0,10,1,30,,227959,21,0,10,2,71,,227973,21,0,10,1,31,,227977,21,0,10,1,68,,227974,21,0,10,1,29,,227978,21,0,10,1,70,,227975,21,0,10,1,30,,227979,21,0,10,1,69,,227976,21,0,10,1,30,,227980,21,0,10,1,71,,227984,21,0,10,1,30,,227981,21,0,10,1,70,,227985,21,0,10,1,27,,227982,21,0,10,1,71,,227986,21,0,10,1,31,,227983,21,0,10,1
3402,'H59U200F-80-F2',534,,227987,21,0,10,2,66,,227988,21,0,10,1,33,,227989,21,0,10,2,68,,227990,21,0,10,1,30,,227991,21,0,10,2,70,,227992,21,0,10,1,31,,227993,21,0,10,2,72,,227994,21,0,10,1,30,,227995,21,0,10,2,70,,227996,21,0,10,1,30,,227997,21,0,10,2,70,,227998,21,0,10,1,30,,227999,21,0,10,2,70,,228000,21,0,10,1,32,,228001,21,0,10,2,69,,228002,21,0,10,1,31,,228003,21,0,10,2,70,,228004,21,0,10,1,29,,228005,21,0,10,2,70,,228006,21,0,10,1,29,,228007,21,0,10,2,70,,228008,21,0,10,1,31,,228009,21,0,10,2,70,,228010,21,0,10,1,28,,228011,21,0,10,2,73,,228012,21,0,10,1,30,,228013,21,0,10,2,71,,228014,21,0,10,1,31,,228015,21,0,10,1,68,,228016,21,0,10,1,29,,228017,21,0,10,1,70,,228018,21,0,10,1,30,,228019,21,0,10,1,69,,228020,21,0,10,1,30,,228021,21,0,10,1,71,,228022,21,0,10,1,30,,228023,21,0,10,1,70,,228024,21,0,10,1,27,,228025,21,0,10,1,71,,228026,21,0,10,1,31,,228027,21,0,10,1
35302,'H54U000A-80-A',2552,,276708,84,0,10,1,85,,276707,84,0,10,1,85,,276710,84,0,10,2,87,,276709,84,0,10,1,45,,276706,84,0,10,1
35302,'H54U000I-80-I',2553,,276711,84,0,10,1,85,,276714,84,0,10,1,86,,276715,84,0,10,1,85,,276712,84,0,10,2,45,,276713,84,0,10,1
35302,'H54U000S-81-S',2553,,276719,84,0,10,1,85,,276717,84,0,10,1,85,,276716,84,0,10,1,86,,276718,84,0,10,1,45,,276720,84,0,10,1
35302,'H54U100F-80-F1',2553,,276721,84,0,10,1,85,,276724,84,0,10,1,86,,276725,84,0,10,1,85,,276722,84,0,10,2,45,,276723,84,0,10,1
35302,'H54U200F-82-F2',2553,,276727,84,0,10,1,85,,276730,84,0,10,1,86,,276729,84,0,10,1,85,,276726,84,0,10,2,45,,276728,84,0,10,1
