3401,'H59U000A-80-A',520,,227633,3,0,5,2,37,,227611,3,0,5,1,69,,227634,3,0,5,2,29,,227612,3,0,5,1,69,,227635,3,0,5,2,29,,227613,3,0,5,1,69,,227636,3,0,5,2,29,,227614,3,0,5,1,69,,227637,3,0,5,2,30,,227615,3,0,5,1,70,,227638,3,0,5,2,30,,227616,3,0,5,1,69,,227639,3,0,5,2,30,,227617,3,0,5,1,71,,227640,3,0,5,2,30,,227618,3,0,5,1,70,,227641,3,0,5,2,30,,227619,3,0,5,1,71,,227642,3,0,5,2,31,,227620,3,0,5,1,71,,227643,3,0,5,2,31,,227621,3,0,5,1,72,,227644,3,0,5,2,31,,227622,3,0,5,1,72,,227645,3,0,5,2,71,,227623,3,0,5,1,31,,227646,3,0,5,2,70,,227624,3,0,5,1,27,,227647,3,0,5,2,25,,227625,3,0,5,1,66,,227648,3,0,5,2,27,,227626,3,0,5,1,68,,227649,3,0,5,2,27,,227627,3,0,5,1,65,,227650,3,0,5,2,24,,227628,3,0,5,1,24,,227651,3,0,5,2,64,,227629,3,0,5,1,24,,227652,3,0,5,2,64,,227630,3,0,5,1,24,,227653,3,0,5,2,24,,227631,3,0,5,1,64,,227654,3,0,5,2,24,,227632,3,0,5,1
3401,'H59U000I-80-I',521,,227669,3,0,5,1,37,,227655,3,0,5,2,68,,227670,3,0,5,1,30,,227656,3,0,5,2,69,,227671,3,0,5,1,29,,227657,3,0,5,2,69,,227672,3,0,5,1,29,,227658,3,0,5,2,69,,227673,3,0,5,1,29,,227659,3,0,5,2,69,,227674,3,0,5,1,28,,227660,3,0,5,2,69,,227675,3,0,5,1,31,,227661,3,0,5,2,69,,227676,3,0,5,1,31,,227662,3,0,5,2,69,,227677,3,0,5,1,31,,227663,3,0,5,2,70,,227678,3,0,5,1,30,,227664,3,0,5,2,70,,227679,3,0,5,1,30,,227665,3,0,5,2,71,,227680,3,0,5,1,30,,227666,3,0,5,2,70,,227681,3,0,5,1,30,,227667,3,0,5,2,71,,227682,3,0,5,1,30,,227668,3,0,5,2,70,,227683,3,0,5,1,30,,227686,3,0,5,1,70,,227684,3,0,5,1,30,,227687,3,0,5,1,70,,227685,3,0,5,1,30,,227688,3,0,5,1,70,,227692,3,0,5,1,30,,227689,3,0,5,1,69,,227693,3,0,5,1,29,,227690,3,0,5,1,68,,227694,3,0,5,1,29,,227691,3,0,5,1,69,,227695,3,0,5,1
3401,'H59U000S-80-S',455,,227737,3,0,5,2,70,,227728,3,0,5,2,33,,227730,3,0,5,1,70,,227729,3,0,5,2,30,,227731,3,0,5,1,66,,227696,3,0,5,2,33,,227736,3,0,5,1,71,,227706,3,0,5,1,72,,227697,3,0,5,2,32,,227707,3,0,5,1,72,,227698,3,0,5,2,30,,227708,3,0,5,1,70,,227699,3,0,5,2,30,,227709,3,0,5,1,70,,227700,3,0,5,2,32,,227710,3,0,5,1,70,,227701,3,0,5,2,32,,227711,3,0,5,1,71,,227702,3,0,5,2,24,,227732,3,0,5,1,22,,227712,3,0,5,1,64,,227703,3,0,5,2,25,,227733,3,0,5,1,63,,227713,3,0,5,1,25,,227704,3,0,5,2,26,,227734,3,0,5,1,67,,227738,3,0,5,1,28,,227705,3,0,5,2,68,,227735,3,0,5,1,29,,227720,3,0,5,1,69,,227721,3,0,5,1,28,,227714,3,0,5,2,70,,227722,3,0,5,1,30,,227715,3,0,5,2,70,,227723,3,0,5,1,30,,227716,3,0,5,2,70,,227724,3,0,5,1,30,,227717,3,0,5,2,70,,227725,3,0,5,1,28,,227718,3,0,5,2,68,,227726,3,0,5,1,28,,227719,3,0,5,2,65,,227727,3,0,5,1
3401,'H59U100F-80-F1',521,,227753,3,0,5,1,37,,227739,3,0,5,2,68,,227754,3,0,5,1,30,,227740,3,0,5,2,69,,227755,3,0,5,1,29,,227741,3,0,5,2,69,,227756,3,0,5,1,29,,227742,3,0,5,2,69,,227757,3,0,5,1,29,,227743,3,0,5,2,69,,227758,3,0,5,1,28,,227744,3,0,5,2,69,,227759,3,0,5,1,31,,227745,3,0,5,2,69,,227760,3,0,5,1,31,,227746,3,0,5,2,69,,227761,3,0,5,1,31,,227747,3,0,5,2,70,,227762,3,0,5,1,30,,227748,3,0,5,2,70,,227763,3,0,5,1,30,,227749,3,0,5,2,71,,227764,3,0,5,1,30,,227750,3,0,5,2,70,,227765,3,0,5,1,30,,227751,3,0,5,2,71,,227766,3,0,5,1,30,,227752,3,0,5,2,70,,227767,3,0,5,1,30,,227770,3,0,5,1,70,,227768,3,0,5,1,30,,227771,3,0,5,1,70,,227769,3,0,5,1,30,,227772,3,0,5,1,70,,227776,3,0,5,1,30,,227773,3,0,5,1,69,,227777,3,0,5,1,29,,227774,3,0,5,1,68,,227778,3,0,5,1,29,,227775,3,0,5,1,69,,227779,3,0,5,1
3401,'H59U200F-80-F2',521,,227780,3,0,5,1,37,,227781,3,0,5,2,68,,227782,3,0,5,1,30,,227783,3,0,5,2,69,,227784,3,0,5,1,29,,227785,3,0,5,2,69,,227786,3,0,5,1,29,,227787,3,0,5,2,69,,227788,3,0,5,1,29,,227789,3,0,5,2,69,,227790,3,0,5,1,28,,227791,3,0,5,2,69,,227792,3,0,5,1,31,,227793,3,0,5,2,69,,227794,3,0,5,1,31,,227795,3,0,5,2,69,,227796,3,0,5,1,31,,227797,3,0,5,2,70,,227798,3,0,5,1,30,,227799,3,0,5,2,70,,227800,3,0,5,1,30,,227801,3,0,5,2,71,,227802,3,0,5,1,30,,227803,3,0,5,2,70,,227804,3,0,5,1,30,,227805,3,0,5,2,71,,227806,3,0,5,1,30,,227807,3,0,5,2,70,,227808,3,0,5,1,30,,227809,3,0,5,1,70,,227810,3,0,5,1,30,,227811,3,0,5,1,70,,227812,3,0,5,1,30,,227813,3,0,5,1,70,,227814,3,0,5,1,30,,227815,3,0,5,1,69,,227816,3,0,5,1,29,,227817,3,0,5,1,68,,227818,3,0,5,1,29,,227819,3,0,5,1,69,,227820,3,0,5,1
35801,'H59U000A-80-A',2450,,276960,21,0,5,1,68,,276965,21,0,5,2,31,,276961,21,0,5,1,71,,276966,21,0,5,2,30,,276962,21,0,5,1,59,,276958,21,0,5,1,18,,276967,21,0,5,2,23,,276963,21,0,5,1,59,,276959,21,0,5,1,17,,276968,21,0,5,2,24,,276964,21,0,5,1,70,,276969,21,0,5,2
35801,'H59U000I-80-I',2449,,276975,21,0,5,1,70,,276970,21,0,5,1,30,,276976,21,0,5,1,70,,276971,21,0,5,1,28,,276977,21,0,5,1,70,,276972,21,0,5,1,30,,276978,21,0,5,1,70,,276973,21,0,5,1,30,,276979,21,0,5,1,70,,276974,21,0,5,1
35801,'H59U000S-80-S',2449,,276985,21,0,5,1,70,,276980,21,0,5,1,30,,276986,21,0,5,1,69,,276981,21,0,5,1,30,,276987,21,0,5,1,70,,276982,21,0,5,1,30,,276988,21,0,5,1,69,,276983,21,0,5,1,30,,276989,21,0,5,1,69,,276984,21,0,5,1
35801,'H59U000S-80-SV',2633,,276990,21,0,5,2,70,,276993,21,0,5,2,30,,276991,21,0,5,2,70,,276994,21,0,5,2,29,,276992,21,0,5,2,69,,276995,21,0,5,2
35801,'H59U100F-80-F1',2449,,277001,21,0,5,1,70,,276996,21,0,5,1,30,,277002,21,0,5,1,70,,276997,21,0,5,1,28,,277003,21,0,5,1,70,,276998,21,0,5,1,30,,277004,21,0,5,1,70,,276999,21,0,5,1,30,,277005,21,0,5,1,70,,277000,21,0,5,1
35801,'H59U200F-80-F2',2449,,277006,21,0,5,1,70,,277007,21,0,5,1,30,,277008,21,0,5,1,70,,277009,21,0,5,1,28,,277010,21,0,5,1,70,,277011,21,0,5,1,30,,277012,21,0,5,1,70,,277013,21,0,5,1,30,,277014,21,0,5,1,70,,277015,21,0,5,1
