20201,'H60U000A-85-A',633,,270857,42,0,5,1,71,,270873,42,0,5,2,30,,270871,42,0,5,1,71,,270861,42,0,5,1,32,,270880,42,0,5,1,67,,270858,42,0,5,1,30,,270874,42,0,5,2,72,,270868,42,0,5,1,32,,270862,42,0,5,1,72,,270881,42,0,5,1,30,,270859,42,0,5,1,68,,270875,42,0,5,2,28,,270869,42,0,5,1,22,,270863,42,0,5,1,63,,270887,42,0,5,1,25,,270882,42,0,5,1,67,,270860,42,0,5,1,30,,270876,42,0,5,2,73,,270870,42,0,5,1,24,,270864,42,0,5,1,63,,270888,42,0,5,1,24,,270885,42,0,5,1,24,,270892,42,0,5,2,62,,270853,42,0,5,1,22,,270877,42,0,5,2,20,,270872,42,0,5,1,62,,270865,42,0,5,1,28,,270889,42,0,5,1,69,,270883,42,0,5,1,31,,270856,42,0,5,1,69,,270878,42,0,5,2,27,,270866,42,0,5,1,70,,270890,42,0,5,1,30,,270884,42,0,5,1,69,,270854,42,0,5,1,28,,270879,42,0,5,2,67,,270867,42,0,5,1,30,,270891,42,0,5,1,70,,270886,42,0,5,1,29,,270855,42,0,5,1
20201,'H60U000I-84-I',735,,270909,42,0,5,1,71,,270917,42,0,5,2,32,,270922,42,0,5,1,71,,270895,42,0,5,2,33,,270896,42,0,5,1,73,,270910,42,0,5,1,33,,270897,42,0,5,1,68,,270907,42,0,5,1,30,,270908,42,0,5,1,70,,270918,42,0,5,1,31,,270911,42,0,5,1,70,,270898,42,0,5,1,32,,270923,42,0,5,1,70,,270902,42,0,5,1,33,,270919,42,0,5,1,73,,270912,42,0,5,1,29,,270899,42,0,5,1,72,,270924,42,0,5,1,30,,270903,42,0,5,1,70,,270920,42,0,5,1,33,,270913,42,0,5,1,72,,270900,42,0,5,1,72,,270925,42,0,5,1,29,,270904,42,0,5,1,71,,270914,42,0,5,1,29,,270921,42,0,5,1,68,,270901,42,0,5,1,30,,270926,42,0,5,1,28,,270905,42,0,5,1,70,,270915,42,0,5,1,30,,270893,42,0,5,1,70,,270894,42,0,5,1,27,,270927,42,0,5,1,65,,270906,42,0,5,1,24,,270916,42,0,5,1
20201,'H60U000S-86-S',619,,270936,42,0,5,1,28,,270950,42,0,5,2,62,,270937,2,0,5,1,6,,270949,42,0,5,1,18,,270948,42,0,5,1,3,,270951,2,0,5,1,65,,270954,42,0,5,2,30,,270952,42,0,5,1,73,,270958,42,0,5,1,32,,270930,42,0,5,1,69,,270961,42,0,5,1,31,,270939,42,0,5,1,67,,270943,42,0,5,1,27,,270955,42,0,5,1,23,,270959,42,0,5,1,67,,270931,42,0,5,1,32,,270962,42,0,5,1,67,,270940,42,0,5,1,27,,270944,42,0,5,1,70,,270956,42,0,5,1,26,,270960,42,0,5,1,16,,270966,2,0,5,2,52,,270953,42,0,5,1,23,,270932,42,0,5,1,20,,270938,42,0,5,1,50,,270968,2,0,5,2,7,,270963,2,0,5,1,1,,270935,42,0,5,1,6,,270969,2,0,5,2,14,,270941,42,0,5,1,17,,270967,2,0,5,1,8,,270945,42,0,5,1,67,,270929,2,0,5,1,6,,270957,42,0,5,1,73,,270928,42,0,5,1,30,,270972,42,0,5,1,69,,270964,42,0,5,1,27,,270942,42,0,5,1,73,,270946,42,0,5,1,32,,270933,42,0,5,1,69,,270973,42,0,5,2,22,,270970,42,0,5,1,19,,270965,42,0,5,1,62,,270975,42,0,5,2,32,,270947,42,0,5,1,67,,270934,42,0,5,1,29,,270974,42,0,5,2,69,,270971,42,0,5,1,32,,270976,42,0,5,2
20201,'H60U100F-85-F1',735,,270992,42,0,5,1,71,,271000,42,0,5,2,32,,271004,42,0,5,1,71,,271001,42,0,5,1,33,,270978,42,0,5,1,73,,270993,42,0,5,1,33,,270985,42,0,5,1,68,,270980,42,0,5,1,30,,270979,42,0,5,2,70,,270984,42,0,5,1,31,,270994,42,0,5,1,70,,270986,42,0,5,1,32,,271005,42,0,5,1,70,,270997,42,0,5,2,33,,271010,42,0,5,1,73,,270995,42,0,5,1,29,,270987,42,0,5,1,72,,271006,42,0,5,1,30,,270998,42,0,5,2,70,,271011,42,0,5,1,33,,270996,42,0,5,1,72,,270988,42,0,5,1,72,,271007,42,0,5,1,29,,270999,42,0,5,2,71,,270977,42,0,5,1,29,,271002,42,0,5,1,68,,270989,42,0,5,1,30,,271009,42,0,5,1,28,,270982,42,0,5,2,70,,270990,42,0,5,1,30,,271003,42,0,5,1,70,,270981,42,0,5,1,27,,271008,42,0,5,1,65,,270983,42,0,5,2,24,,270991,42,0,5,1
20201,'H60U200F-83-F2',735,,271027,42,0,5,1,71,,271035,42,0,5,2,32,,271039,42,0,5,1,71,,271036,42,0,5,1,33,,271013,42,0,5,1,73,,271028,42,0,5,1,33,,271020,42,0,5,1,68,,271015,42,0,5,1,30,,271014,42,0,5,2,70,,271019,42,0,5,1,31,,271029,42,0,5,1,70,,271021,42,0,5,1,32,,271040,42,0,5,1,70,,271032,42,0,5,2,33,,271045,42,0,5,1,73,,271030,42,0,5,1,29,,271022,42,0,5,1,72,,271041,42,0,5,1,30,,271033,42,0,5,2,70,,271046,42,0,5,1,33,,271031,42,0,5,1,72,,271023,42,0,5,1,72,,271042,42,0,5,1,29,,271034,42,0,5,2,71,,271012,42,0,5,1,29,,271037,42,0,5,1,68,,271024,42,0,5,1,30,,271044,42,0,5,1,28,,271017,42,0,5,2,70,,271025,42,0,5,1,30,,271038,42,0,5,1,70,,271016,42,0,5,1,27,,271043,42,0,5,1,65,,271018,42,0,5,2,24,,271026,42,0,5,1
37801,'H60U000A-85-A',2530,,277917,3,0,5,1,91,,277916,3,0,5,2,91,,277915,3,0,5,1,91,,277918,3,0,5,1
37801,'H60U000I-84-I',2530,,277921,3,0,5,1,91,,277920,3,0,5,1,90,,277922,3,0,5,1,93,,277919,3,0,5,1
37801,'H60U000S-86-S',2530,,277925,3,0,5,1,91,,277923,3,0,5,1,97,,277926,3,0,5,1,89,,277924,3,0,5,1
37801,'H60U100F-85-F1',2530,,277929,3,0,5,1,91,,277927,3,0,5,1,90,,277930,3,0,5,1,93,,277928,3,0,5,1
37801,'H60U200F-83-F2',2530,,277933,3,0,5,1,91,,277931,3,0,5,1,90,,277934,3,0,5,1,93,,277932,3,0,5,1
