4504,'H58U000A-80-A',532,,231030,39,0,9,1,69,,231055,39,0,9,2,30,,231019,39,0,9,1,73,,231031,39,0,9,1,31,,231056,39,0,9,2,73,,231020,39,0,9,1,30,,231032,39,0,9,1,73,,231057,39,0,9,2,32,,231021,39,0,9,1,73,,231033,39,0,9,1,30,,231047,39,0,9,1,68,,231043,39,0,9,2,32,,231022,39,0,9,1,71,,231034,39,0,9,1,30,,231048,39,0,9,1,72,,231044,39,0,9,2,29,,231023,39,0,9,1,66,,231051,39,0,9,1,20,,231035,39,0,9,1,20,,231049,39,0,9,1,60,,231037,39,0,9,2,21,,231045,39,0,9,2,22,,231024,39,0,9,1,61,,231052,39,0,9,1,22,,231036,39,0,9,1,61,,231050,39,0,9,1,25,,231038,39,0,9,2,27,,231046,39,0,9,2,68,,231025,39,0,9,1,28,,231053,39,0,9,1,66,,231058,39,0,9,1,29,,231039,39,0,9,2,67,,231026,39,0,9,1,24,,231054,39,0,9,1,70,,231059,39,0,9,1,31,,231040,39,0,9,2,70,,231027,39,0,9,1,32,,231060,39,0,9,1,72,,231041,39,0,9,2,28,,231028,39,0,9,1,68,,231061,39,0,9,1,31,,231042,39,0,9,2,69,,231029,39,0,9,1,30,,231062,39,0,9,2
4504,'H58U000I-80-I',538,,231063,39,0,9,1,68,,231079,39,0,9,1,29,,231086,39,0,9,2,69,,231064,39,0,9,1,31,,231080,39,0,9,1,69,,231087,39,0,9,2,30,,231065,39,0,9,1,75,,231081,39,0,9,1,32,,231088,39,0,9,2,72,,231066,39,0,9,1,33,,231082,39,0,9,1,70,,231098,39,0,9,1,33,,231089,39,0,9,2,70,,231067,39,0,9,1,31,,231083,39,0,9,1,72,,231099,39,0,9,1,30,,231090,39,0,9,2,70,,231068,39,0,9,1,32,,231084,39,0,9,1,69,,231100,39,0,9,1,28,,231091,39,0,9,2,69,,231069,39,0,9,1,31,,231101,39,0,9,1,69,,231085,39,0,9,1,32,,231092,39,0,9,2,71,,231070,39,0,9,1,32,,231075,39,0,9,1,72,,231094,39,0,9,2,29,,231093,39,0,9,2,67,,231071,39,0,9,1,31,,231076,39,0,9,1,73,,231095,39,0,9,2,31,,231072,39,0,9,1,70,,231077,39,0,9,1,28,,231096,39,0,9,2,70,,231073,39,0,9,1,31,,231078,39,0,9,1,70,,231097,39,0,9,2,24,,231074,39,0,9,1
4504,'H58U000S-80-S',524,,231107,39,0,9,2,25,,231118,39,0,9,2,72,,231132,39,0,9,2,28,,231143,39,0,9,2,67,,231116,39,0,9,1,13,,231119,39,0,9,2,11,,231108,39,0,9,2,9,,231131,39,0,9,2,10,,231111,39,0,9,1,52,,231133,39,0,9,2,13,,231106,39,0,9,2,12,,231146,39,0,9,2,11,,231144,39,0,9,2,10,,231120,39,0,9,2,49,,231126,39,0,9,1,11,,231117,39,0,9,1,11,,231145,39,0,9,2,12,,231109,39,0,9,2,12,,231123,39,0,9,1,52,,231151,39,0,9,1,20,,231134,39,0,9,2,22,,231147,39,0,9,2,62,,231127,39,0,9,1,26,,231110,39,0,9,2,23,,231124,39,0,9,1,60,,231138,39,0,9,2,20,,231135,39,0,9,2,63,,231148,39,0,9,2,24,,231128,39,0,9,1,26,,231125,39,0,9,1,64,,231112,39,0,9,1,29,,231102,39,0,9,1,64,,231136,39,0,9,2,25,,231149,39,0,9,2,23,,231129,39,0,9,1,64,,231113,39,0,9,1,20,,231152,39,0,9,2,20,,231103,39,0,9,1,63,,231137,39,0,9,2,24,,231150,39,0,9,2,60,,231130,39,0,9,1,27,,231114,39,0,9,1,70,,231104,39,0,9,1,30,,231153,39,0,9,2,70,,231139,39,0,9,1,28,,231115,39,0,9,1,70,,231105,39,0,9,1,31,,231154,39,0,9,2,71,,231140,39,0,9,1,30,,231121,39,0,9,2,71,,231155,39,0,9,2,29,,231141,39,0,9,1,68,,231122,39,0,9,2,31,,231156,39,0,9,2,73,,231142,39,0,9,1
4504,'H58U100F-80-F1',538,,231157,39,0,9,1,68,,231173,39,0,9,1,29,,231180,39,0,9,2,69,,231158,39,0,9,1,31,,231174,39,0,9,1,69,,231181,39,0,9,2,30,,231159,39,0,9,1,75,,231175,39,0,9,1,32,,231182,39,0,9,2,72,,231160,39,0,9,1,33,,231176,39,0,9,1,70,,231192,39,0,9,1,33,,231183,39,0,9,2,70,,231161,39,0,9,1,31,,231177,39,0,9,1,72,,231193,39,0,9,1,30,,231184,39,0,9,2,70,,231162,39,0,9,1,32,,231178,39,0,9,1,69,,231194,39,0,9,1,28,,231185,39,0,9,2,69,,231163,39,0,9,1,31,,231195,39,0,9,1,69,,231179,39,0,9,1,32,,231186,39,0,9,2,71,,231164,39,0,9,1,32,,231169,39,0,9,1,72,,231188,39,0,9,2,29,,231187,39,0,9,2,67,,231165,39,0,9,1,31,,231170,39,0,9,1,73,,231189,39,0,9,2,31,,231166,39,0,9,1,70,,231171,39,0,9,1,28,,231190,39,0,9,2,70,,231167,39,0,9,1,31,,231172,39,0,9,1,70,,231191,39,0,9,2,24,,231168,39,0,9,1
4504,'H58U200F-80-F2',538,,231203,39,0,9,2,68,,231215,39,0,9,1,29,,231222,39,0,9,2,69,,231204,39,0,9,2,31,,231216,39,0,9,1,69,,231223,39,0,9,2,30,,231205,39,0,9,2,75,,231217,39,0,9,1,32,,231224,39,0,9,2,72,,231206,39,0,9,2,33,,231218,39,0,9,1,70,,231196,39,0,9,2,33,,231225,39,0,9,2,70,,231212,39,0,9,1,31,,231219,39,0,9,1,72,,231197,39,0,9,2,30,,231226,39,0,9,2,70,,231213,39,0,9,1,32,,231220,39,0,9,1,69,,231198,39,0,9,2,28,,231227,39,0,9,2,69,,231214,39,0,9,1,31,,231207,39,0,9,2,69,,231221,39,0,9,1,32,,231228,39,0,9,2,71,,231230,39,0,9,1,32,,231199,39,0,9,2,72,,231208,39,0,9,1,29,,231229,39,0,9,2,67,,231231,39,0,9,1,31,,231200,39,0,9,2,73,,231209,39,0,9,1,31,,231232,39,0,9,1,70,,231201,39,0,9,2,28,,231210,39,0,9,1,70,,231233,39,0,9,1,31,,231202,39,0,9,2,70,,231211,39,0,9,1,24,,231234,39,0,9,1
35904,'H57U000A-80-A',2602,,277103,39,0,9,1,35,,277104,39,0,9,1,72,,277106,39,0,9,1,34,,277107,39,0,9,1,75,,277105,39,0,9,1,35,,277108,39,0,9,1
35904,'H57U000I-80-I',2525,,277112,39,0,9,1,75,,277109,39,0,9,1,34,,277113,39,0,9,1,75,,277110,39,0,9,1,35,,277114,39,0,9,1,76,,277111,39,0,9,1,35,,277115,39,0,9,1
35904,'H57U000S-81-S',2527,,277118,39,0,9,1,74,,277116,39,0,9,1,37,,277121,39,0,9,1,75,,277119,39,0,9,1,32,,277117,39,0,9,1,78,,277120,39,0,9,1,33,,277122,39,0,9,1
35904,'H57U100F-80-F1',2525,,277126,39,0,9,1,75,,277123,39,0,9,1,34,,277127,39,0,9,1,75,,277124,39,0,9,1,35,,277128,39,0,9,1,76,,277125,39,0,9,1,35,,277129,39,0,9,1
35904,'H57U200F-80-F2',2525,,277133,39,0,9,1,75,,277130,39,0,9,1,34,,277134,39,0,9,1,75,,277131,39,0,9,1,35,,277135,39,0,9,1,76,,277132,39,0,9,1,35,,277136,39,0,9,1
44502,'H51U000S-83-S',658,,279759,24,0,10,1,55,,279760,24,0,10,2,15,,279761,24,0,10,2,16,,279762,24,0,10,2,56,,279764,24,0,10,1,15,,279766,24,0,10,1,15,,279767,24,0,10,2,16,,279768,24,0,10,2,55,,279769,24,0,10,2,14,,279763,24,0,10,2,16,,279765,24,0,10,1
