9404,'H59U000A-80-A',528,,244388,17,0,9,2,28,,244389,17,0,9,1,68,,244391,17,0,9,2,30,,244390,17,0,9,1,69,,244392,17,0,9,2,29,,244395,17,0,9,1,69,,244393,17,0,9,2,31,,244396,17,0,9,1,72,,244394,17,0,9,2,33,,244397,17,0,9,1,71,,244398,17,0,9,1,72,,244407,17,0,9,1,31,,244406,17,0,9,1,73,,244409,17,0,9,1,36,,244408,17,0,9,1,73,,244410,17,0,9,2,32,,244383,17,0,9,1,71,,244422,17,0,9,2,28,,244411,17,0,9,2,66,,244384,17,0,9,1,26,,244423,17,0,9,2,67,,244412,17,0,9,2,26,,244385,17,0,9,1,27,,244424,17,0,9,2,66,,244413,17,0,9,2,26,,244386,17,0,9,1,67,,244425,17,0,9,2,25,,244414,17,0,9,2,64,,244387,17,0,9,1,26,,244426,17,0,9,2,26,,244415,17,0,9,2,71,,244399,17,0,9,1,31,,244416,17,0,9,2,71,,244400,17,0,9,1,71,,244417,17,0,9,2,30,,244401,17,0,9,1,71,,244418,17,0,9,2,30,,244402,17,0,9,1,69,,244419,17,0,9,2,28,,244403,17,0,9,1,30,,244420,17,0,9,2,71,,244404,17,0,9,1,71,,244421,17,0,9,2,31,,244405,17,0,9,1
9404,'H59U000I-80-I',527,,244429,17,0,9,1,27,,244440,17,0,9,1,68,,244430,17,0,9,1,28,,244441,17,0,9,1,68,,244431,17,0,9,1,27,,244442,17,0,9,1,68,,244460,17,0,9,2,30,,244443,17,0,9,1,72,,244461,17,0,9,2,31,,244444,17,0,9,1,69,,244427,17,0,9,2,30,,244458,17,0,9,1,70,,244433,17,0,9,1,29,,244463,17,0,9,1,69,,244459,17,0,9,1,32,,244428,17,0,9,2,72,,244464,17,0,9,1,32,,244462,17,0,9,2,70,,244436,17,0,9,2,31,,244465,17,0,9,1,70,,244457,17,0,9,1,30,,244437,17,0,9,2,71,,244466,17,0,9,1,30,,244439,17,0,9,2,72,,244438,17,0,9,2,32,,244467,17,0,9,1,71,,244434,17,0,9,1,31,,244432,17,0,9,1,67,,244451,17,0,9,2,30,,244445,17,0,9,1,71,,244452,17,0,9,2,30,,244446,17,0,9,1,68,,244453,17,0,9,2,29,,244447,17,0,9,1,70,,244454,17,0,9,2,30,,244448,17,0,9,1,71,,244455,17,0,9,2,31,,244449,17,0,9,1,71,,244456,17,0,9,2,77,,244450,17,0,9,1,40,,244435,17,0,9,1
9404,'H59U000S-80-S',527,,244486,17,0,9,2,29,,244468,17,0,9,1,72,,244487,17,0,9,2,31,,244469,17,0,9,1,63,,244494,17,0,9,2,22,,244488,17,0,9,2,60,,244513,17,0,9,1,19,,244470,17,0,9,1,26,,244495,17,0,9,2,64,,244489,17,0,9,2,26,,244471,17,0,9,1,66,,244496,17,0,9,2,27,,244490,17,0,9,2,68,,244472,17,0,9,1,27,,244497,17,0,9,2,28,,244491,17,0,9,2,67,,244473,17,0,9,1,28,,244498,17,0,9,2,67,,244492,17,0,9,2,26,,244474,17,0,9,1,66,,244499,17,0,9,2,25,,244493,17,0,9,2,23,,244512,17,0,9,1,61,,244475,17,0,9,1,24,,244500,17,0,9,2,62,,244484,17,0,9,2,21,,244509,17,0,9,1,23,,244476,17,0,9,1,63,,244501,17,0,9,2,24,,244485,17,0,9,2,65,,244510,17,0,9,1,25,,244477,17,0,9,1,26,,244502,17,0,9,2,68,,244511,17,0,9,1,27,,244478,17,0,9,1,71,,244503,17,0,9,2,32,,244479,17,0,9,1,72,,244504,17,0,9,2,31,,244480,17,0,9,1,73,,244505,17,0,9,2,31,,244481,17,0,9,1,73,,244506,17,0,9,2,73,,244482,17,0,9,1,32,,244507,17,0,9,2,72,,244483,17,0,9,1,38,,244508,17,0,9,2
9404,'H59U100F-80-F1',527,,244516,17,0,9,1,27,,244527,17,0,9,1,68,,244517,17,0,9,1,28,,244528,17,0,9,1,68,,244518,17,0,9,1,27,,244529,17,0,9,1,68,,244547,17,0,9,2,30,,244530,17,0,9,1,72,,244548,17,0,9,2,31,,244531,17,0,9,1,69,,244514,17,0,9,2,30,,244545,17,0,9,1,70,,244520,17,0,9,1,29,,244550,17,0,9,1,69,,244546,17,0,9,1,32,,244515,17,0,9,2,72,,244551,17,0,9,1,32,,244549,17,0,9,2,70,,244523,17,0,9,2,31,,244552,17,0,9,1,70,,244544,17,0,9,1,30,,244524,17,0,9,2,71,,244553,17,0,9,1,30,,244526,17,0,9,2,72,,244525,17,0,9,2,32,,244554,17,0,9,1,71,,244521,17,0,9,1,31,,244519,17,0,9,1,67,,244538,17,0,9,2,30,,244532,17,0,9,1,71,,244539,17,0,9,2,30,,244533,17,0,9,1,68,,244540,17,0,9,2,29,,244534,17,0,9,1,70,,244541,17,0,9,2,30,,244535,17,0,9,1,71,,244542,17,0,9,2,31,,244536,17,0,9,1,71,,244543,17,0,9,2,77,,244537,17,0,9,1,40,,244522,17,0,9,1
9404,'H59U200F-80-F2',527,,244555,17,0,9,1,27,,244556,17,0,9,1,68,,244557,17,0,9,1,28,,244558,17,0,9,1,68,,244559,17,0,9,1,27,,244560,17,0,9,1,68,,244561,17,0,9,2,30,,244562,17,0,9,1,72,,244563,17,0,9,2,31,,244564,17,0,9,1,69,,244565,17,0,9,2,30,,244566,17,0,9,1,70,,244567,17,0,9,1,29,,244568,17,0,9,1,69,,244569,17,0,9,1,32,,244570,17,0,9,2,72,,244571,17,0,9,1,32,,244572,17,0,9,2,70,,244573,17,0,9,2,31,,244574,17,0,9,1,70,,244575,17,0,9,1,30,,244576,17,0,9,2,71,,244577,17,0,9,1,30,,244578,17,0,9,2,72,,244579,17,0,9,2,32,,244580,17,0,9,1,71,,244581,17,0,9,1,31,,244582,17,0,9,1,67,,244583,17,0,9,2,30,,244584,17,0,9,1,71,,244585,17,0,9,2,30,,244586,17,0,9,1,68,,244587,17,0,9,2,29,,244588,17,0,9,1,70,,244589,17,0,9,2,30,,244590,17,0,9,1,71,,244591,17,0,9,2,31,,244592,17,0,9,1,71,,244593,17,0,9,2,77,,244594,17,0,9,1,40,,244595,17,0,9,1
35704,'H59U000A-80-A',2612,,276929,36,0,9,2,45,,276932,36,0,9,1,84,,276930,36,0,9,2,85,,276933,36,0,9,1,86,,276931,36,0,9,2
35704,'H59U000I-80-I',2522,,276937,36,0,9,1,85,,276934,36,0,9,1,45,,276938,36,0,9,1,84,,276935,36,0,9,1,87,,276939,36,0,9,1,85,,276936,36,0,9,1
35704,'H59U000S-80-S',2525,,276940,36,0,9,1,84,,276943,36,0,9,1,44,,276941,36,0,9,1,85,,276944,36,0,9,1,87,,276942,36,0,9,1,85,,276945,36,0,9,1
35704,'H59U100F-80-F1',2522,,276949,36,0,9,1,85,,276946,36,0,9,1,45,,276950,36,0,9,1,84,,276947,36,0,9,1,87,,276951,36,0,9,1,85,,276948,36,0,9,1
35704,'H59U200F-80-F2',2522,,276952,36,0,9,1,85,,276953,36,0,9,1,45,,276954,36,0,9,1,84,,276955,36,0,9,1,87,,276956,36,0,9,1,85,,276957,36,0,9,1
