4002,'H54M000S-81-S',541,,183864,9,0,10,1,77,,183859,9,0,10,1,83,,183867,9,0,10,1,20,,183865,9,0,10,1,20,,183866,9,0,10,1,72,,183869,9,0,10,2,40,,183873,9,0,10,1,80,,183860,9,0,10,1,79,,183870,9,0,10,2,39,,183874,9,0,10,1,79,,183861,9,0,10,1,78,,183871,9,0,10,2,38,,183875,9,0,10,1,78,,183862,9,0,10,1,79,,183872,9,0,10,2,39,,183876,9,0,10,1,77,,183863,9,0,10,1,34,,183881,10,0,10,2,75,,183880,9,0,10,2,26,,183877,9,0,10,1,85,,183879,9,0,10,1,76,,183868,9,0,10,1,37,,183878,9,0,10,1
18602,'H51M000S-80-S',520,,207566,17,0,10,1,206,,207567,17,0,10,2
18602,'H54M000A-80-A',447,,207568,17,0,10,1,70,,207580,17,0,10,1,30,,207569,17,0,10,1,70,,207581,17,0,10,1,31,,207570,17,0,10,1,72,,207582,17,0,10,1,34,,207571,17,0,10,1,74,,207585,17,0,10,1,73,,207586,17,0,10,1,33,,207591,17,0,10,2,71,,207592,17,0,10,1,27,,207597,17,0,10,2,23,,207604,17,0,10,2,62,,207574,17,0,10,2,20,,207593,17,0,10,1,20,,207605,17,0,10,2,62,,207598,17,0,10,1,22,,207594,17,0,10,1,61,,207575,17,0,10,2,21,,207606,17,0,10,2,20,,207599,17,0,10,1,60,,207595,17,0,10,1,20,,207576,17,0,10,2,26,,207607,17,0,10,2,66,,207600,17,0,10,1,27,,207577,17,0,10,2,66,,207608,17,0,10,2,26,,207596,17,0,10,1,21,,207601,17,0,10,1,61,,207578,17,0,10,2,24,,207587,17,0,10,1,68,,207609,17,0,10,1,28,,207579,17,0,10,2,69,,207588,17,0,10,1,27,,207610,17,0,10,1,68,,207611,17,0,10,2,28,,207589,17,0,10,1,26,,207602,17,0,10,1,67,,207612,17,0,10,2,28,,207590,17,0,10,1,72,,207603,17,0,10,1,32,,207613,17,0,10,2,71,,207583,17,0,10,1,32,,207572,17,0,10,2,72,,207614,17,0,10,2,72,,207584,17,0,10,1,32,,207573,17,0,10,2
18602,'H54M000I-81-I',444,,207615,17,0,10,2,71,,207624,17,0,10,1,32,,207616,17,0,10,2,71,,207625,17,0,10,1,31,,207617,17,0,10,2,72,,207626,17,0,10,1,32,,207618,17,0,10,2,72,,207628,17,0,10,1,33,,207619,17,0,10,2,72,,207629,17,0,10,1,72,,207637,17,0,10,2,31,,207620,17,0,10,2,70,,207630,17,0,10,1,30,,207631,17,0,10,1,70,,207621,17,0,10,2,29,,207627,17,0,10,1,69,,207632,17,0,10,1,19,,207653,17,0,10,2,19,,207633,17,0,10,1,67,,207654,17,0,10,2,27,,207647,17,0,10,2,67,,207634,17,0,10,1,27,,207655,17,0,10,2,27,,207648,17,0,10,2,67,,207635,17,0,10,1,31,,207656,17,0,10,2,72,,207641,17,0,10,1,30,,207640,17,0,10,1,70,,207649,17,0,10,2,28,,207642,17,0,10,1,67,,207638,17,0,10,2,28,,207650,17,0,10,2,72,,207643,17,0,10,1,33,,207644,17,0,10,1,70,,207651,17,0,10,2,29,,207622,17,0,10,1,71,,207645,17,0,10,1,31,,207623,17,0,10,1,71,,207646,17,0,10,1,31,,207652,17,0,10,1,71,,207636,17,0,10,1,20,,207639,17,0,10,2
18602,'H54M000S-81-S',503,,207657,17,0,10,1,37,,207672,17,0,10,1,60,,207677,17,0,10,1,21,,207658,17,0,10,1,20,,207681,17,0,10,2,15,,207666,17,0,10,1,99,,207680,17,0,10,1,70,,207682,17,0,10,2,30,,207673,17,0,10,1,70,,207693,17,0,10,2,30,,207659,17,0,10,2,68,,207674,17,0,10,1,28,,207664,17,0,10,1,60,,207676,17,0,10,1,20,,207660,17,0,10,2,20,,207675,17,0,10,1,60,,207694,17,0,10,2,19,,207678,17,0,10,1,20,,207684,17,0,10,1,63,,207661,17,0,10,2,20,,207695,17,0,10,2,20,,207679,17,0,10,1,60,,207685,17,0,10,1,15,,207698,17,0,10,1,15,,207662,17,0,10,2,15,,207696,17,0,10,2,63,,207699,17,0,10,2,21,,207686,17,0,10,1,84,,207697,17,0,10,2,25,,207671,17,0,10,2,65,,207687,17,0,10,1,24,,207704,17,0,10,1,66,,207665,17,0,10,1,25,,207667,17,0,10,1,25,,207688,17,0,10,1,66,,207700,17,0,10,2,30,,207668,17,0,10,1,71,,207689,17,0,10,1,31,,207701,17,0,10,2,71,,207669,17,0,10,1,29,,207690,17,0,10,1,69,,207702,17,0,10,2,27,,207670,17,0,10,1,70,,207691,17,0,10,1,29,,207703,17,0,10,2,68,,207683,17,0,10,1,28,,207692,17,0,10,1
18602,'H57M000S-80-S',446,,207705,17,0,10,1,264,,207706,17,0,10,2,894,,207707,17,0,10,2
36202,'H54M000A-80-A',2549,,214590,27,0,10,1,88,,214589,27,0,10,1,85,,214587,27,0,10,2,85,,214588,27,0,10,1,42,,214591,27,0,10,1
36202,'H54M000I-81-I',2549,,214594,27,0,10,1,85,,214593,27,0,10,1,85,,214592,27,0,10,1,85,,214596,27,0,10,2,45,,214595,27,0,10,1
36202,'H54M000S-81-S',2548,,214600,27,0,10,1,85,,214598,27,0,10,1,85,,214599,27,0,10,2,86,,214597,27,0,10,1,45,,214601,27,0,10,1
43002,'H51M000S-80-S',1045,,215384,12,0,10,1
43002,'H57M000S-80-S',537,,215385,12,0,10,1,72,,215396,12,0,10,2,103,,215392,12,0,10,1,30,,215393,12,0,10,2,70,,215395,12,0,10,2,30,,215394,12,0,10,1,71,,215389,12,0,10,1,31,,215387,12,0,10,1,71,,215388,12,0,10,1,97,,215391,12,0,10,1,30,,215390,12,0,10,2,69,,215386,12,0,10,1
43002,'H59M000S-80-S',641,,215397,12,0,10,2
48602,'H54M000S-81-S',618,,217114,14,0,10,1,21,,217116,14,0,10,2,68,,217117,14,0,10,2,28,,217120,14,0,10,2,15,,217121,14,0,10,2,60,,217119,14,0,10,1,24,,217122,14,0,10,2,66,,217118,14,0,10,2,27,,217115,14,0,10,1
48602,'H57M000S-80-S',557,,217124,14,0,10,1,97,,217123,14,0,10,1,67,,217125,14,0,10,1
