2804,'H54U000A-80-A',506,,225513,5,0,9,2,35,,225509,5,0,9,2,75,,225506,5,0,9,1,35,,225514,5,0,9,2,75,,225510,5,0,9,2,74,,225507,5,0,9,1,34,,225515,5,0,9,2,73,,225511,5,0,9,2,33,,225508,5,0,9,1,73,,225516,5,0,9,2,34,,225512,5,0,9,2,74,,225535,5,0,9,1,34,,225517,5,0,9,2,74,,225526,5,0,9,1,73,,225536,5,0,9,1,33,,225518,5,0,9,2,72,,225527,5,0,9,1,32,,225537,5,0,9,1,72,,225519,5,0,9,2,31,,225528,5,0,9,1,72,,225538,5,0,9,1,32,,225520,5,0,9,2,72,,225529,5,0,9,1,33,,225539,5,0,9,1,73,,225521,5,0,9,2,33,,225530,5,0,9,1,73,,225540,5,0,9,1,73,,225522,5,0,9,2,33,,225531,5,0,9,1,73,,225541,5,0,9,1,33,,225523,5,0,9,2,72,,225532,5,0,9,1,32,,225542,5,0,9,1,71,,225524,5,0,9,2,32,,225533,5,0,9,1,73,,225543,5,0,9,1,33,,225525,5,0,9,2,73,,225534,5,0,9,1,26,,225544,5,0,9,1
2804,'H54U000I-80-I',506,,225550,5,0,9,2,34,,225545,5,0,9,1,73,,225548,5,0,9,1,33,,225551,5,0,9,2,73,,225546,5,0,9,1,33,,225549,5,0,9,1,74,,225552,5,0,9,2,74,,225547,5,0,9,1,34,,225564,5,0,9,1,74,,225553,5,0,9,2,34,,225565,5,0,9,1,74,,225563,5,0,9,2,33,,225554,5,0,9,2,73,,225566,5,0,9,1,33,,225575,5,0,9,2,73,,225555,5,0,9,2,72,,225567,5,0,9,1,31,,225576,5,0,9,2,71,,225556,5,0,9,2,31,,225568,5,0,9,1,72,,225577,5,0,9,2,33,,225557,5,0,9,2,73,,225569,5,0,9,1,33,,225578,5,0,9,2,73,,225558,5,0,9,2,33,,225570,5,0,9,1,73,,225579,5,0,9,2,33,,225559,5,0,9,2,73,,225571,5,0,9,1,73,,225580,5,0,9,2,33,,225560,5,0,9,2,73,,225572,5,0,9,1,33,,225581,5,0,9,2,72,,225561,5,0,9,2,31,,225573,5,0,9,1,71,,225582,5,0,9,2,31,,225562,5,0,9,2,72,,225574,5,0,9,1
2804,'H54U000S-81-S',502,,225601,5,0,9,2,30,,225609,5,0,9,2,70,,225614,5,0,9,1,31,,225602,5,0,9,2,71,,225610,5,0,9,2,32,,225612,5,0,9,1,69,,225603,5,0,9,2,29,,225611,5,0,9,2,67,,225596,5,0,9,1,31,,225604,5,0,9,2,71,,225583,5,0,9,1,30,,225597,5,0,9,1,70,,225605,5,0,9,2,30,,225584,5,0,9,1,70,,225598,5,0,9,1,30,,225606,5,0,9,2,70,,225585,5,0,9,1,30,,225599,5,0,9,1,70,,225607,5,0,9,2,30,,225586,5,0,9,1,18,,225623,5,0,9,1,57,,225600,5,0,9,1,17,,225626,5,0,9,2,18,,225608,5,0,9,2,57,,225587,5,0,9,1,5,,225632,5,0,9,2,12,,225588,5,0,9,1,21,,225624,5,0,9,1,63,,225627,5,0,9,2,23,,225633,5,0,9,2,22,,225634,5,0,9,2,63,,225589,5,0,9,1,24,,225628,5,0,9,2,71,,225615,5,0,9,1,31,,225590,5,0,9,1,70,,225629,5,0,9,2,31,,225616,5,0,9,1,70,,225591,5,0,9,1,31,,225630,5,0,9,2,70,,225617,5,0,9,1,29,,225592,5,0,9,1,71,,225631,5,0,9,2,30,,225625,5,0,9,1,69,,225635,5,0,9,2,32,,225619,5,0,9,1,73,,225620,5,0,9,1
2804,'H54U100F-80-F1',506,,225641,5,0,9,2,34,,225636,5,0,9,1,73,,225639,5,0,9,1,33,,225642,5,0,9,2,73,,225637,5,0,9,1,33,,225640,5,0,9,1,74,,225643,5,0,9,2,74,,225638,5,0,9,1,34,,225655,5,0,9,1,74,,225644,5,0,9,2,34,,225656,5,0,9,1,74,,225654,5,0,9,2,33,,225645,5,0,9,2,73,,225657,5,0,9,1,33,,225666,5,0,9,2,73,,225646,5,0,9,2,72,,225658,5,0,9,1,31,,225667,5,0,9,2,71,,225647,5,0,9,2,31,,225659,5,0,9,1,72,,225668,5,0,9,2,33,,225648,5,0,9,2,73,,225660,5,0,9,1,33,,225669,5,0,9,2,73,,225649,5,0,9,2,33,,225661,5,0,9,1,73,,225670,5,0,9,2,33,,225650,5,0,9,2,73,,225662,5,0,9,1,73,,225671,5,0,9,2,33,,225651,5,0,9,2,73,,225663,5,0,9,1,33,,225672,5,0,9,2,72,,225652,5,0,9,2,31,,225664,5,0,9,1,71,,225673,5,0,9,2,31,,225653,5,0,9,2,72,,225665,5,0,9,1
2804,'H54U200F-82-F2',506,,225694,5,0,9,1,34,,225674,5,0,9,1,73,,225684,5,0,9,1,33,,225703,5,0,9,2,73,,225695,5,0,9,1,33,,225709,5,0,9,1,74,,225704,5,0,9,2,74,,225696,5,0,9,1,34,,225710,5,0,9,1,74,,225702,5,0,9,1,34,,225697,5,0,9,1,74,,225675,5,0,9,1,33,,225685,5,0,9,2,73,,225698,5,0,9,1,33,,225676,5,0,9,1,73,,225686,5,0,9,2,72,,225699,5,0,9,1,31,,225677,5,0,9,1,71,,225687,5,0,9,2,31,,225700,5,0,9,1,72,,225678,5,0,9,1,33,,225688,5,0,9,2,73,,225701,5,0,9,1,33,,225679,5,0,9,1,73,,225689,5,0,9,2,33,,225705,5,0,9,1,73,,225680,5,0,9,1,33,,225690,5,0,9,2,73,,225706,5,0,9,1,73,,225681,5,0,9,1,33,,225691,5,0,9,2,73,,225711,5,0,9,1,33,,225682,5,0,9,1,72,,225692,5,0,9,2,31,,225707,5,0,9,1,71,,225683,5,0,9,1,31,,225693,5,0,9,2,72,,225708,5,0,9,1
3901,'H54U000S-81-S',633,,229612,38,0,5,2,70,,229614,38,0,5,1,31,,229616,38,0,5,1,73,,229613,38,0,5,2,29,,229615,38,0,5,1,70,,229617,38,0,5,1,644,,229618,38,0,5,1,71,,229621,38,0,5,2,29,,229622,38,0,5,2,70,,229620,38,0,5,1,30,,229619,38,0,5,1,72,,229623,38,0,5,2
3901,'H54U200F-82-F2',633,,229624,38,0,5,1,101,,229626,38,0,5,1,102,,229625,38,0,5,1,70,,229627,38,0,5,1,644,,229630,38,0,5,1,100,,229628,38,0,5,1,98,,229631,38,0,5,1,74,,229629,38,0,5,1
36402,'H54U000A-80-A',2450,,277474,5,0,10,1,85,,277476,5,0,10,1,86,,277473,5,0,10,1,85,,277472,5,0,10,1,45,,277477,5,0,10,1,79,,277475,5,0,10,1
36402,'H54U000I-80-I',2450,,277478,5,0,10,1,85,,277482,5,0,10,1,85,,277479,5,0,10,1,85,,277480,5,0,10,1,45,,277481,5,0,10,1
36402,'H54U000S-81-S',2450,,277484,5,0,10,1,87,,277487,5,0,10,2,84,,277485,5,0,10,1,86,,277483,5,0,10,1,43,,277486,5,0,10,2
36402,'H54U100F-80-F1',2450,,277488,5,0,10,1,85,,277492,5,0,10,1,85,,277489,5,0,10,1,85,,277490,5,0,10,1,45,,277491,5,0,10,1
36402,'H54U200F-82-F2',2450,,277497,5,0,10,1,85,,277495,5,0,10,2,85,,277494,5,0,10,1,85,,277493,5,0,10,2,45,,277496,5,0,10,1
