2804,'H54U000A-80-A',519,,225513,26,0,9,2,35,,225509,26,0,9,2,75,,225506,26,0,9,1,75,,225514,26,0,9,2,35,,225510,26,0,9,2,75,,225507,26,0,9,1,34,,225515,26,0,9,2,73,,225511,26,0,9,2,33,,225508,26,0,9,1,73,,225516,26,0,9,2,74,,225512,26,0,9,2,34,,225535,26,0,9,1,74,,225517,26,0,9,2,34,,225526,26,0,9,1,73,,225536,26,0,9,1,33,,225518,26,0,9,2,74,,225527,26,0,9,1,32,,225537,26,0,9,1,72,,225519,26,0,9,2,31,,225528,26,0,9,1,72,,225538,26,0,9,1,72,,225520,26,0,9,2,32,,225529,26,0,9,1,73,,225539,26,0,9,1,33,,225521,26,0,9,2,72,,225530,26,0,9,1,33,,225540,26,0,9,1,73,,225522,26,0,9,2,33,,225531,26,0,9,1,73,,225541,26,0,9,1,32,,225523,26,0,9,2,72,,225532,26,0,9,1,31,,225542,26,0,9,1,71,,225524,26,0,9,2,72,,225533,26,0,9,1,33,,225543,26,0,9,1,73,,225525,26,0,9,2,33,,225534,26,0,9,1,66,,225544,26,0,9,1
2804,'H54U000I-80-I',520,,225550,26,0,9,2,34,,225545,26,0,9,1,73,,225548,26,0,9,1,73,,225551,26,0,9,2,33,,225546,26,0,9,1,73,,225549,26,0,9,1,34,,225552,26,0,9,2,74,,225547,26,0,9,1,34,,225564,26,0,9,1,74,,225553,26,0,9,2,34,,225565,26,0,9,1,75,,225563,26,0,9,2,73,,225554,26,0,9,2,33,,225566,26,0,9,1,73,,225575,26,0,9,2,33,,225555,26,0,9,2,72,,225567,26,0,9,1,31,,225576,26,0,9,2,71,,225556,26,0,9,2,31,,225568,26,0,9,1,72,,225577,26,0,9,2,33,,225557,26,0,9,2,73,,225569,26,0,9,1,33,,225578,26,0,9,2,72,,225558,26,0,9,2,73,,225570,26,0,9,1,33,,225579,26,0,9,2,72,,225559,26,0,9,2,33,,225571,26,0,9,1,73,,225580,26,0,9,2,33,,225560,26,0,9,2,73,,225572,26,0,9,1,33,,225581,26,0,9,2,72,,225561,26,0,9,2,31,,225573,26,0,9,1,70,,225582,26,0,9,2,31,,225562,26,0,9,2,72,,225574,26,0,9,1
2804,'H54U000S-81-S',517,,225601,26,0,9,2,30,,225609,26,0,9,2,71,,225614,26,0,9,1,20,,225618,9,0,9,1,12,,225602,26,0,9,2,56,,225595,9,0,9,1,15,,225610,26,0,9,2,12,,225594,9,0,9,1,10,,225621,9,0,9,2,10,,225612,26,0,9,1,54,,225613,9,0,9,2,15,,225603,26,0,9,2,28,,225611,26,0,9,2,54,,225593,9,0,9,1,12,,225596,26,0,9,1,6,,225622,9,0,9,2,25,,225604,26,0,9,2,71,,225583,26,0,9,1,30,,225597,26,0,9,1,71,,225605,26,0,9,2,30,,225584,26,0,9,1,71,,225598,26,0,9,1,30,,225606,26,0,9,2,70,,225585,26,0,9,1,30,,225599,26,0,9,1,70,,225607,26,0,9,2,30,,225586,26,0,9,1,58,,225623,26,0,9,1,18,,225600,26,0,9,1,18,,225626,26,0,9,2,59,,225608,26,0,9,2,17,,225587,26,0,9,1,5,,225632,26,0,9,2,12,,225588,26,0,9,1,20,,225624,26,0,9,1,63,,225627,26,0,9,2,22,,225633,26,0,9,2,59,,225634,26,0,9,2,23,,225589,26,0,9,1,24,,225628,26,0,9,2,71,,225615,26,0,9,1,31,,225590,26,0,9,1,70,,225629,26,0,9,2,30,,225616,26,0,9,1,70,,225591,26,0,9,1,31,,225630,26,0,9,2,70,,225617,26,0,9,1,29,,225592,26,0,9,1,71,,225631,26,0,9,2,30,,225625,26,0,9,1,69,,225635,26,0,9,2,31,,225619,26,0,9,1,73,,225620,26,0,9,1
2804,'H54U100F-80-F1',520,,225641,26,0,9,2,34,,225636,26,0,9,1,73,,225639,26,0,9,1,73,,225642,26,0,9,2,33,,225637,26,0,9,1,73,,225640,26,0,9,1,34,,225643,26,0,9,2,74,,225638,26,0,9,1,34,,225655,26,0,9,1,74,,225644,26,0,9,2,34,,225656,26,0,9,1,75,,225654,26,0,9,2,73,,225645,26,0,9,2,33,,225657,26,0,9,1,73,,225666,26,0,9,2,33,,225646,26,0,9,2,72,,225658,26,0,9,1,31,,225667,26,0,9,2,71,,225647,26,0,9,2,31,,225659,26,0,9,1,72,,225668,26,0,9,2,33,,225648,26,0,9,2,73,,225660,26,0,9,1,33,,225669,26,0,9,2,72,,225649,26,0,9,2,73,,225661,26,0,9,1,33,,225670,26,0,9,2,72,,225650,26,0,9,2,33,,225662,26,0,9,1,73,,225671,26,0,9,2,33,,225651,26,0,9,2,73,,225663,26,0,9,1,33,,225672,26,0,9,2,72,,225652,26,0,9,2,31,,225664,26,0,9,1,70,,225673,26,0,9,2,31,,225653,26,0,9,2,72,,225665,26,0,9,1
2804,'H54U200F-82-F2',520,,225694,26,0,9,1,34,,225674,26,0,9,1,73,,225684,26,0,9,1,73,,225703,26,0,9,2,33,,225695,26,0,9,1,73,,225709,26,0,9,1,34,,225704,26,0,9,2,74,,225696,26,0,9,1,34,,225710,26,0,9,1,74,,225702,26,0,9,1,34,,225697,26,0,9,1,75,,225675,26,0,9,1,73,,225685,26,0,9,2,33,,225698,26,0,9,1,73,,225676,26,0,9,1,33,,225686,26,0,9,2,72,,225699,26,0,9,1,31,,225677,26,0,9,1,71,,225687,26,0,9,2,31,,225700,26,0,9,1,72,,225678,26,0,9,1,33,,225688,26,0,9,2,73,,225701,26,0,9,1,33,,225679,26,0,9,1,72,,225689,26,0,9,2,73,,225705,26,0,9,1,33,,225680,26,0,9,1,72,,225690,26,0,9,2,33,,225706,26,0,9,1,73,,225681,26,0,9,1,33,,225691,26,0,9,2,73,,225711,26,0,9,1,33,,225682,26,0,9,1,72,,225692,26,0,9,2,31,,225707,26,0,9,1,70,,225683,26,0,9,1,31,,225693,26,0,9,2,72,,225708,26,0,9,1
36402,'H54U000A-80-A',2459,,277474,21,0,10,1,85,,277476,21,0,10,1,86,,277473,21,0,10,1,85,,277472,21,0,10,1,85,,277477,21,0,10,1,39,,277475,21,0,10,1
36402,'H54U000I-80-I',2459,,277478,21,0,10,1,85,,277482,21,0,10,1,85,,277479,21,0,10,1,86,,277480,21,0,10,1,44,,277481,21,0,10,1
36402,'H54U000S-81-S',2459,,277484,21,0,10,1,87,,277487,21,0,10,2,84,,277485,21,0,10,1,86,,277483,21,0,10,1,84,,277486,21,0,10,2
36402,'H54U100F-80-F1',2459,,277488,21,0,10,1,85,,277492,21,0,10,1,85,,277489,21,0,10,1,86,,277490,21,0,10,1,44,,277491,21,0,10,1
36402,'H54U200F-82-F2',2459,,277497,21,0,10,1,85,,277495,21,0,10,2,85,,277494,21,0,10,1,86,,277493,21,0,10,2,44,,277496,21,0,10,1
