21502,'H60U000A-85-A',558,,275112,27,0,10,1,58,,275119,27,0,10,1,15,,275131,27,0,10,1,13,,275120,27,0,10,2,15,,275138,27,0,10,2,57,,275130,27,0,10,1,18,,275145,27,0,10,1,18,,275139,27,0,10,1,56,,275122,27,0,10,1,17,,275142,27,0,10,2,15,,275121,27,0,10,2,18,,275133,27,0,10,2,60,,275150,27,0,10,2,26,,275146,27,0,10,1,72,,275113,27,0,10,1,33,,275134,27,0,10,2,72,,275151,27,0,10,2,30,,275147,27,0,10,1,71,,275114,27,0,10,1,29,,275135,27,0,10,2,67,,275152,27,0,10,2,28,,275148,27,0,10,1,68,,275115,27,0,10,1,28,,275136,27,0,10,2,69,,275153,27,0,10,2,28,,275149,27,0,10,1,67,,275116,27,0,10,1,26,,275137,27,0,10,2,25,,275128,27,0,10,1,65,,275143,27,0,10,2,26,,275140,27,0,10,2,67,,275157,27,0,10,1,29,,275129,27,0,10,1,70,,275144,27,0,10,2,27,,275141,27,0,10,2,67,,275158,27,0,10,1,27,,275123,27,0,10,1,71,,275154,27,0,10,2,33,,275125,27,0,10,1,73,,275124,27,0,10,1,33,,275155,27,0,10,2,72,,275126,27,0,10,1,33,,275117,27,0,10,1,74,,275156,27,0,10,2,34,,275127,27,0,10,1,77,,275118,27,0,10,1,84,,275132,27,0,10,1
21502,'H60U000I-84-I',553,,275159,27,0,10,2,73,,275162,27,0,10,1,15,,275172,27,0,10,1,59,,275167,27,0,10,2,20,,275166,27,0,10,1,24,,275160,27,0,10,2,66,,275163,27,0,10,1,32,,275168,27,0,10,2,72,,275188,27,0,10,1,33,,275164,27,0,10,1,73,,275169,27,0,10,2,33,,275189,27,0,10,1,73,,275165,27,0,10,1,75,,275170,27,0,10,2,33,,275190,27,0,10,1,71,,275171,27,0,10,2,29,,275181,27,0,10,2,66,,275184,27,0,10,1,27,,275173,27,0,10,1,29,,275178,27,0,10,1,67,,275182,27,0,10,2,27,,275185,27,0,10,1,71,,275174,27,0,10,1,31,,275179,27,0,10,1,71,,275191,27,0,10,2,33,,275196,27,0,10,2,66,,275175,27,0,10,1,25,,275180,27,0,10,1,66,,275192,27,0,10,2,31,,275197,27,0,10,2,73,,275176,27,0,10,1,31,,275193,27,0,10,2,71,,275198,27,0,10,2,33,,275177,27,0,10,1,70,,275194,27,0,10,2,31,,275199,27,0,10,2,69,,275187,27,0,10,1,32,,275195,27,0,10,2,74,,275186,27,0,10,1,76,,275161,27,0,10,1,44,,275183,27,0,10,1
21502,'H60U000S-86-S',559,,275200,27,0,10,1,70,,275203,27,0,10,1,71,,275228,27,0,10,1,19,,275222,27,0,10,2,19,,275230,27,0,10,1,62,,275229,27,0,10,2,18,,275210,27,0,10,1,26,,275214,27,0,10,1,58,,275204,27,0,10,1,21,,275215,27,0,10,1,30,,275224,27,0,10,2,73,,275217,27,0,10,1,30,,275205,27,0,10,1,69,,275211,27,0,10,1,28,,275225,27,0,10,2,70,,275218,27,0,10,1,31,,275206,27,0,10,1,68,,275212,27,0,10,1,26,,275226,27,0,10,2,64,,275208,27,0,10,1,25,,275201,27,0,10,1,63,,275207,27,0,10,1,24,,275213,27,0,10,1,28,,275231,27,0,10,2,65,,275209,27,0,10,1,26,,275202,27,0,10,1,69,,275235,27,0,10,1,29,,275232,27,0,10,2,69,,275237,27,0,10,1,29,,275220,27,0,10,2,71,,275236,27,0,10,1,25,,275233,27,0,10,2,66,,275238,27,0,10,1,29,,275221,27,0,10,2,29,,275243,27,0,10,2,69,,275241,27,0,10,2,30,,275239,27,0,10,1,70,,275244,27,0,10,2,27,,275234,27,0,10,1,72,,275242,27,0,10,2,73,,275240,27,0,10,1,33,,275216,27,0,10,1,73,,275227,27,0,10,1,44,,275219,27,0,10,1
21502,'H60U100F-85-F1',553,,275245,27,0,10,1,73,,275247,27,0,10,2,15,,275251,27,0,10,1,59,,275256,27,0,10,2,20,,275255,27,0,10,2,24,,275246,27,0,10,1,66,,275248,27,0,10,2,32,,275268,27,0,10,2,72,,275274,27,0,10,1,33,,275249,27,0,10,2,73,,275269,27,0,10,2,33,,275275,27,0,10,1,73,,275250,27,0,10,2,75,,275270,27,0,10,2,33,,275277,27,0,10,1,71,,275252,27,0,10,1,29,,275260,27,0,10,1,66,,275266,27,0,10,1,27,,275276,27,0,10,1,29,,275257,27,0,10,2,67,,275262,27,0,10,1,27,,275267,27,0,10,1,71,,275278,27,0,10,1,31,,275258,27,0,10,2,71,,275263,27,0,10,1,33,,275282,27,0,10,2,66,,275279,27,0,10,1,25,,275259,27,0,10,2,66,,275264,27,0,10,1,31,,275283,27,0,10,2,73,,275280,27,0,10,1,31,,275265,27,0,10,1,71,,275284,27,0,10,2,33,,275281,27,0,10,1,70,,275271,27,0,10,1,31,,275285,27,0,10,2,69,,275253,27,0,10,1,32,,275272,27,0,10,1,74,,275273,27,0,10,1,76,,275254,27,0,10,1,44,,275261,27,0,10,1
21502,'H60U200F-83-F2',553,,275286,27,0,10,1,73,,275288,27,0,10,2,15,,275292,27,0,10,1,59,,275297,27,0,10,2,20,,275296,27,0,10,2,24,,275287,27,0,10,1,66,,275289,27,0,10,2,32,,275309,27,0,10,2,72,,275315,27,0,10,1,33,,275290,27,0,10,2,73,,275310,27,0,10,2,33,,275316,27,0,10,1,73,,275291,27,0,10,2,75,,275311,27,0,10,2,33,,275318,27,0,10,1,71,,275293,27,0,10,1,29,,275301,27,0,10,1,66,,275307,27,0,10,1,27,,275317,27,0,10,1,29,,275298,27,0,10,2,67,,275303,27,0,10,1,27,,275308,27,0,10,1,71,,275319,27,0,10,1,31,,275299,27,0,10,2,71,,275304,27,0,10,1,33,,275323,27,0,10,2,66,,275320,27,0,10,1,25,,275300,27,0,10,2,66,,275305,27,0,10,1,31,,275324,27,0,10,2,73,,275321,27,0,10,1,31,,275306,27,0,10,1,71,,275325,27,0,10,2,33,,275322,27,0,10,1,70,,275312,27,0,10,1,31,,275326,27,0,10,2,69,,275294,27,0,10,1,32,,275313,27,0,10,1,74,,275314,27,0,10,1,76,,275295,27,0,10,1,44,,275302,27,0,10,1
21602,'H60U000S-86-S',551,,275344,12,0,10,2,64,,275349,12,0,10,1,25,,275343,12,0,10,1,64,,275353,12,0,10,2,29,,275352,12,0,10,2,72,,275351,12,0,10,1,31,,275348,12,0,10,1,69,,275354,12,0,10,2,27,,275342,12,0,10,2,583,,275356,12,0,10,1,28,,275350,12,0,10,1,72,,275347,12,0,10,1,34,,275346,12,0,10,1,72,,275359,12,0,10,1,29,,275357,12,0,10,2,67,,275358,12,0,10,1,23,,275355,12,0,10,1,69,,275345,12,0,10,1
37602,'H60U000A-85-A',2639,,277893,11,0,10,1,85,,277891,11,0,10,2,85,,277892,11,0,10,1,45,,277894,11,0,10,1
37602,'H60U000I-84-I',2555,,277897,11,0,10,1,85,,277899,11,0,10,1,85,,277895,11,0,10,1,84,,277896,11,0,10,2,45,,277898,11,0,10,1
37602,'H60U000S-86-S',2555,,277902,11,0,10,1,85,,277900,11,0,10,1,85,,277901,11,0,10,1,85,,277904,11,0,10,2,45,,277903,11,0,10,1
37602,'H60U100F-85-F1',2555,,277908,11,0,10,1,85,,277907,11,0,10,1,85,,277905,11,0,10,1,84,,277906,11,0,10,1,45,,277909,11,0,10,1
37602,'H60U200F-83-F2',2555,,277913,11,0,10,1,85,,277912,11,0,10,1,85,,277910,11,0,10,1,84,,277911,11,0,10,1,45,,277914,11,0,10,1
