12502,'H59U000A-80-A',528,,253684,11,0,10,1,73,,253690,11,0,10,1,33,,253661,11,0,10,1,72,,253666,11,0,10,1,31,,253691,11,0,10,1,72,,253662,11,0,10,1,33,,253667,11,0,10,1,73,,253692,11,0,10,1,31,,253663,11,0,10,1,70,,253675,11,0,10,1,26,,253668,11,0,10,1,68,,253693,11,0,10,1,29,,253664,11,0,10,1,71,,253676,11,0,10,1,27,,253669,11,0,10,1,63,,253701,11,0,10,2,21,,253694,11,0,10,1,21,,253665,11,0,10,1,58,,253688,11,0,10,1,26,,253677,11,0,10,1,27,,253670,11,0,10,1,67,,253695,11,0,10,1,21,,253685,11,0,10,1,60,,253689,11,0,10,1,22,,253678,11,0,10,1,31,,253671,11,0,10,1,71,,253696,11,0,10,1,28,,253686,11,0,10,1,70,,253679,11,0,10,1,30,,253672,11,0,10,1,67,,253697,11,0,10,1,30,,253687,11,0,10,1,69,,253680,11,0,10,1,32,,253673,11,0,10,1,71,,253698,11,0,10,1,33,,253681,11,0,10,1,69,,253674,11,0,10,1,32,,253699,11,0,10,1,81,,253682,11,0,10,1,86,,253700,11,0,10,1,31,,253660,11,0,10,1,76,,253683,11,0,10,1
12502,'H59U000I-80-I',528,,253719,11,0,10,2,75,,253708,11,0,10,1,35,,253720,11,0,10,2,76,,253709,11,0,10,1,33,,253721,11,0,10,2,69,,253740,11,0,10,1,28,,253710,11,0,10,1,69,,253722,11,0,10,2,29,,253741,11,0,10,1,73,,253711,11,0,10,1,32,,253723,11,0,10,2,69,,253702,11,0,10,1,27,,253737,11,0,10,2,68,,253712,11,0,10,1,28,,253724,11,0,10,2,69,,253703,11,0,10,1,29,,253738,11,0,10,2,71,,253713,11,0,10,1,29,,253725,11,0,10,2,69,,253704,11,0,10,1,24,,253739,11,0,10,2,18,,253728,11,0,10,1,62,,253714,11,0,10,1,28,,253726,11,0,10,2,69,,253705,11,0,10,1,22,,253734,11,0,10,1,25,,253729,11,0,10,1,66,,253715,11,0,10,1,27,,253727,11,0,10,2,67,,253735,11,0,10,1,27,,253730,11,0,10,1,70,,253716,11,0,10,1,30,,253736,11,0,10,1,70,,253731,11,0,10,1,39,,253717,11,0,10,1,83,,253706,11,0,10,1,81,,253718,11,0,10,1,36,,253732,11,0,10,1,81,,253707,11,0,10,1,77,,253733,11,0,10,1
12502,'H59U000S-80-S',528,,253746,11,0,10,2,30,,253742,11,0,10,1,70,,253745,11,0,10,2,27,,253748,11,0,10,1,71,,253747,11,0,10,2,31,,253776,11,0,10,1,70,,253761,11,0,10,1,30,,253749,11,0,10,1,69,,253769,11,0,10,1,31,,253777,11,0,10,1,71,,253762,11,0,10,1,30,,253750,11,0,10,1,71,,253770,11,0,10,1,72,,253778,11,0,10,1,29,,253763,11,0,10,1,70,,253751,11,0,10,1,29,,253771,11,0,10,1,29,,253779,11,0,10,1,71,,253764,11,0,10,1,71,,253752,11,0,10,1,31,,253772,11,0,10,1,70,,253780,11,0,10,1,14,,253758,11,0,6 74,2,17,,253765,11,0,10,1,15,,253743,11,0,6 74,2,56,,253753,11,0,10,1,14,,253759,11,0,6 74,2,17,,253773,11,0,10,1,16,,253744,11,0,6 74,2,56,,253781,11,0,10,1,15,,253760,11,0,6 74,2,18,,253766,11,0,10,1,70,,253754,11,0,10,1,29,,253774,11,0,10,1,69,,253782,11,0,10,1,31,,253767,11,0,10,1,71,,253755,11,0,10,1,30,,253775,11,0,10,1,70,,253783,11,0,10,1,30,,253768,11,0,10,1,69,,253756,11,0,10,1,31,,253785,11,0,10,2,69,,253784,11,0,10,1,30,,253786,11,0,10,1,70,,253757,11,0,10,1
12502,'H59U100F-80-F1',528,,253804,11,0,10,2,75,,253793,11,0,10,1,35,,253805,11,0,10,2,76,,253794,11,0,10,1,33,,253806,11,0,10,2,69,,253825,11,0,10,1,28,,253795,11,0,10,1,69,,253807,11,0,10,2,29,,253826,11,0,10,1,73,,253796,11,0,10,1,32,,253808,11,0,10,2,69,,253787,11,0,10,1,27,,253822,11,0,10,2,68,,253797,11,0,10,1,28,,253809,11,0,10,2,69,,253788,11,0,10,1,29,,253823,11,0,10,2,71,,253798,11,0,10,1,29,,253810,11,0,10,2,69,,253789,11,0,10,1,24,,253824,11,0,10,2,18,,253813,11,0,10,1,62,,253799,11,0,10,1,28,,253811,11,0,10,2,69,,253790,11,0,10,1,22,,253819,11,0,10,1,25,,253814,11,0,10,1,66,,253800,11,0,10,1,27,,253812,11,0,10,2,67,,253820,11,0,10,1,27,,253815,11,0,10,1,70,,253801,11,0,10,1,30,,253821,11,0,10,1,70,,253816,11,0,10,1,39,,253802,11,0,10,1,83,,253791,11,0,10,1,81,,253803,11,0,10,1,36,,253817,11,0,10,1,81,,253792,11,0,10,1,77,,253818,11,0,10,1
12502,'H59U200F-80-F2',528,,253827,11,0,10,2,75,,253828,11,0,10,1,35,,253829,11,0,10,2,76,,253830,11,0,10,1,33,,253831,11,0,10,2,69,,253832,11,0,10,1,28,,253833,11,0,10,1,69,,253834,11,0,10,2,29,,253835,11,0,10,1,73,,253836,11,0,10,1,32,,253837,11,0,10,2,69,,253838,11,0,10,1,27,,253839,11,0,10,2,68,,253840,11,0,10,1,28,,253841,11,0,10,2,69,,253842,11,0,10,1,29,,253843,11,0,10,2,71,,253844,11,0,10,1,29,,253845,11,0,10,2,69,,253846,11,0,10,1,24,,253847,11,0,10,2,18,,253848,11,0,10,1,62,,253849,11,0,10,1,28,,253850,11,0,10,2,69,,253851,11,0,10,1,22,,253852,11,0,10,1,25,,253853,11,0,10,1,66,,253854,11,0,10,1,27,,253855,11,0,10,2,67,,253856,11,0,10,1,27,,253857,11,0,10,1,70,,253858,11,0,10,1,30,,253859,11,0,10,1,70,,253860,11,0,10,1,39,,253861,11,0,10,1,83,,253862,11,0,10,1,81,,253863,11,0,10,1,36,,253864,11,0,10,1,81,,253865,11,0,10,1,77,,253866,11,0,10,1
35504,'H54U000A-80-A',2547,,276815,41,0,9,1,84,,276817,41,0,9,1,85,,276819,41,0,9,2,85,,276814,41,0,9,1,45,,276816,41,0,9,1,65,,276818,41,0,9,1
35504,'H54U000I-80-I',2543,,276825,41,0,9,2,85,,276823,41,0,9,1,86,,276820,41,0,9,1,86,,276821,41,0,9,2,48,,276824,41,0,9,1,69,,276822,41,0,9,1
35504,'H54U000S-81-S',2546,,276828,41,0,9,1,84,,276830,41,0,9,2,85,,276826,41,0,9,1,85,,276827,41,0,9,1,44,,276829,41,0,9,1,72,,276831,41,0,9,2
35504,'H54U100F-80-F1',2543,,276837,41,0,9,2,85,,276835,41,0,9,1,86,,276832,41,0,9,1,86,,276833,41,0,9,2,48,,276836,41,0,9,1,69,,276834,41,0,9,1
35504,'H54U200F-82-F2',2543,,276838,41,0,9,1,85,,276840,41,0,9,1,86,,276839,41,0,9,1,86,,276842,41,0,9,1,48,,276843,41,0,9,1,69,,276841,41,0,9,1
