3104,'H51U000A-83-A',457,,226210,10,0,9,1,76,,226214,10,0,9,1,76,,226211,10,0,9,1,36,,226215,10,0,9,1,76,,226212,10,0,9,1,38,,226216,10,0,9,1,76,,226213,10,0,9,1,73,,226235,10,0,9,2,33,,226217,10,0,9,1,73,,226226,10,0,9,1,33,,226236,10,0,9,2,73,,226218,10,0,9,1,33,,226227,10,0,9,1,73,,226237,10,0,9,2,33,,226219,10,0,9,1,73,,226228,10,0,9,1,73,,226238,10,0,9,2,33,,226220,10,0,9,1,73,,226229,10,0,9,1,33,,226239,10,0,9,2,73,,226221,10,0,9,1,33,,226230,10,0,9,1,73,,226240,10,0,9,2,33,,226222,10,0,9,1,73,,226231,10,0,9,1,73,,226241,10,0,9,2,34,,226223,10,0,9,1,74,,226232,10,0,9,1,34,,226242,10,0,9,2,74,,226224,10,0,9,1,34,,226233,10,0,9,1,74,,226243,10,0,9,2,74,,226225,10,0,9,1,34,,226234,10,0,9,1,74,,226244,10,0,9,2
3104,'H51U000I-83-I',457,,226245,10,0,9,2,78,,226259,10,0,9,1,78,,226246,10,0,9,2,38,,226260,10,0,9,1,77,,226247,10,0,9,2,77,,226261,10,0,9,1,38,,226248,10,0,9,2,77,,226262,10,0,9,1,38,,226249,10,0,9,2,79,,226263,10,0,9,1,78,,226250,10,0,9,2,33,,226272,10,0,9,1,73,,226264,10,0,9,1,33,,226251,10,0,9,2,73,,226273,10,0,9,1,73,,226265,10,0,9,1,33,,226252,10,0,9,2,73,,226274,10,0,9,1,33,,226266,10,0,9,1,73,,226253,10,0,9,2,33,,226275,10,0,9,1,73,,226267,10,0,9,1,33,,226254,10,0,9,2,73,,226276,10,0,9,1,33,,226268,10,0,9,1,73,,226255,10,0,9,2,73,,226277,10,0,9,1,33,,226269,10,0,9,1,72,,226256,10,0,9,2,30,,226278,10,0,9,1,70,,226270,10,0,9,1,30,,226257,10,0,9,2,70,,226279,10,0,9,1,30,,226271,10,0,9,1,70,,226258,10,0,9,2
3104,'H51U000S-83-S',548,,226292,10,0,9,2,69,,226280,10,0,9,1,28,,226305,10,0,9,1,75,,226293,10,0,9,2,33,,226281,10,0,9,1,74,,226306,10,0,9,1,31,,226294,10,0,9,2,70,,226282,10,0,9,1,72,,226307,10,0,9,1,30,,226295,10,0,9,2,70,,226283,10,0,9,1,30,,226308,10,0,9,1,70,,226296,10,0,9,2,30,,226284,10,0,9,1,70,,226309,10,0,9,1,30,,226297,10,0,9,2,72,,226285,10,0,9,1,32,,226310,10,0,9,1,70,,226298,10,0,9,2,27,,226313,10,0,9,2,27,,226286,10,0,9,1,69,,226311,10,0,9,1,25,,226299,10,0,9,2,68,,226314,10,0,9,2,27,,226287,10,0,9,1,67,,226312,10,0,9,1,25,,226300,10,0,9,2,70,,226315,10,0,9,2,30,,226288,10,0,9,1,70,,226301,10,0,9,2,30,,226316,10,0,9,2,70,,226289,10,0,9,1,30,,226302,10,0,9,2,70,,226317,10,0,9,2,29,,226290,10,0,9,1,70,,226303,10,0,9,2,30,,226318,10,0,9,2,70,,226291,10,0,9,1,30,,226304,10,0,9,2
3104,'H51U100F-80-F1',457,,226319,10,0,9,2,78,,226333,10,0,9,1,78,,226320,10,0,9,2,38,,226334,10,0,9,1,77,,226321,10,0,9,2,77,,226335,10,0,9,1,38,,226322,10,0,9,2,77,,226336,10,0,9,1,38,,226323,10,0,9,2,79,,226337,10,0,9,1,78,,226324,10,0,9,2,33,,226346,10,0,9,1,73,,226338,10,0,9,1,33,,226325,10,0,9,2,73,,226347,10,0,9,1,73,,226339,10,0,9,1,33,,226326,10,0,9,2,73,,226348,10,0,9,1,33,,226340,10,0,9,1,73,,226327,10,0,9,2,33,,226349,10,0,9,1,73,,226341,10,0,9,1,33,,226328,10,0,9,2,73,,226350,10,0,9,1,33,,226342,10,0,9,1,73,,226329,10,0,9,2,73,,226351,10,0,9,1,33,,226343,10,0,9,1,72,,226330,10,0,9,2,30,,226352,10,0,9,1,70,,226344,10,0,9,1,30,,226331,10,0,9,2,70,,226353,10,0,9,1,30,,226345,10,0,9,1,70,,226332,10,0,9,2
3104,'H51U200F-80-F2',457,,226354,10,0,9,2,78,,226368,10,0,9,1,78,,226355,10,0,9,2,38,,226369,10,0,9,1,77,,226356,10,0,9,2,77,,226370,10,0,9,1,38,,226357,10,0,9,2,77,,226371,10,0,9,1,38,,226358,10,0,9,2,79,,226372,10,0,9,1,78,,226359,10,0,9,2,33,,226381,10,0,9,1,73,,226373,10,0,9,1,33,,226360,10,0,9,2,73,,226382,10,0,9,1,73,,226374,10,0,9,1,33,,226361,10,0,9,2,73,,226383,10,0,9,1,33,,226375,10,0,9,1,73,,226362,10,0,9,2,33,,226384,10,0,9,1,73,,226376,10,0,9,1,33,,226363,10,0,9,2,73,,226385,10,0,9,1,33,,226377,10,0,9,1,73,,226364,10,0,9,2,73,,226386,10,0,9,1,33,,226378,10,0,9,1,72,,226365,10,0,9,2,30,,226387,10,0,9,1,70,,226379,10,0,9,1,30,,226366,10,0,9,2,70,,226388,10,0,9,1,30,,226380,10,0,9,1,70,,226367,10,0,9,2
36104,'H51U000A-83-A',2420,,277277,8,0,9,1,85,,277279,8,0,9,1,45,,277281,8,0,9,2,70,,277278,8,0,9,1,30,,277276,8,0,9,2,70,,277283,8,0,9,1,30,,277282,8,0,9,2,69,,277280,8,0,9,1
36104,'H51U000I-83-I',2435,,277286,8,0,9,1,70,,277284,8,0,9,1,30,,277288,8,0,9,2,83,,277287,8,0,9,1,85,,277289,8,0,9,2,45,,277285,8,0,9,1,85,,277290,8,0,9,2
36104,'H51U000S-83-S',2428,,277297,8,0,9,1,77,,277296,8,0,9,2,35,,277299,8,0,9,1,60,,277291,8,0,9,1,20,,277298,8,0,9,1,21,,277293,8,0,9,1,72,,277292,8,0,9,1,33,,277295,8,0,9,1,86,,277294,8,0,9,1
36104,'H51U100F-80-F1',2435,,277301,8,0,9,1,70,,277300,8,0,9,1,30,,277304,8,0,9,2,83,,277302,8,0,9,1,85,,277305,8,0,9,2,45,,277303,8,0,9,1,85,,277306,8,0,9,2
36104,'H51U200F-80-F2',2435,,277308,8,0,9,1,70,,277307,8,0,9,1,30,,277311,8,0,9,2,83,,277309,8,0,9,1,85,,277312,8,0,9,2,45,,277310,8,0,9,1,85,,277313,8,0,9,2
