2902,'H59M000A-80-A',605,,181452,8,0,10,1,30,,181480,8,0,10,1,70,,181453,8,0,10,1,28,,181481,8,0,10,1,69,,181454,8,0,10,1,28,,181482,8,0,10,1,71,,181455,8,0,10,1,29,,181451,8,0,10,1,71,,181467,8,0,10,2,31,,181456,8,0,10,1,71,,181473,8,0,10,1,31,,181468,8,0,10,2,71,,181457,8,0,10,1,28,,181474,8,0,10,1,68,,181469,8,0,10,2,28,,181458,8,0,10,1,30,,181475,8,0,10,1,70,,181470,8,0,10,2,30,,181459,8,0,10,1,70,,181476,8,0,10,1,30,,181471,8,0,10,2,70,,181460,8,0,10,1,71,,181477,8,0,10,1,31,,181472,8,0,10,2,71,,181461,8,0,10,1,33,,181478,8,0,10,1,79,,181462,8,0,10,1,37,,181479,8,0,10,1,75,,181463,8,0,10,1,108,,181464,8,0,10,1,108,,181465,8,0,10,1,108,,181466,8,0,10,1
2902,'H59M000I-80-I',604,,181507,8,0,10,1,30,,181483,8,0,10,1,71,,181508,8,0,10,1,31,,181484,8,0,10,1,70,,181509,8,0,10,1,30,,181485,8,0,10,1,70,,181510,8,0,10,1,30,,181486,8,0,10,1,71,,181511,8,0,10,1,32,,181487,8,0,10,1,72,,181512,8,0,10,1,32,,181489,8,0,10,2,72,,181502,8,0,10,1,33,,181513,8,0,10,1,73,,181488,8,0,10,1,32,,181503,8,0,10,1,72,,181490,8,0,10,2,32,,181493,8,0,10,2,69,,181504,8,0,10,1,29,,181491,8,0,10,2,70,,181494,8,0,10,2,29,,181505,8,0,10,1,72,,181492,8,0,10,2,33,,181506,8,0,10,2,72,,181495,8,0,10,1,73,,181501,8,0,10,2,34,,181496,8,0,10,1,105,,181497,8,0,10,1,105,,181498,8,0,10,1,101,,181499,8,0,10,1,100,,181500,8,0,10,1
2902,'H59M000S-80-S',608,,181518,8,0,10,1,30,,181537,8,0,10,2,66,,181531,8,0,10,1,26,,181521,8,0,10,2,26,,181519,8,0,10,2,65,,181532,8,0,10,1,25,,181514,8,0,10,2,70,,181520,8,0,10,2,31,,181533,8,0,10,1,71,,181515,8,0,10,2,32,,181539,8,0,10,1,72,,181534,8,0,10,1,31,,181516,8,0,10,2,72,,181540,8,0,10,1,31,,181535,8,0,10,1,72,,181517,8,0,10,2,73,,181541,8,0,10,1,31,,181542,8,0,10,2,71,,181522,8,0,10,1,31,,181545,8,0,10,1,72,,181543,8,0,10,2,33,,181523,8,0,10,1,73,,181538,8,0,10,2,33,,181536,8,0,10,1,73,,181524,8,0,10,1,32,,181544,8,0,10,1,83,,181525,8,0,10,1,109,,181526,8,0,10,1,103,,181527,8,0,10,1,102,,181528,8,0,10,1,104,,181529,8,0,10,1,98,,181530,8,0,10,1
9403,'H59M000A-80-A',519,,193249,8,0,8,1,30,,193254,8,0,8,2,70,,193250,8,0,8,1,29,,193255,8,0,8,2,68,,193251,8,0,8,1,27,,193256,8,0,8,2,68,,193252,8,0,8,1,31,,193257,8,0,8,2,71,,193253,8,0,8,1,30,,193258,8,0,8,1,72,,193247,8,0,8,1,31,,193246,8,0,8,1,71,,193259,8,0,8,1,32,,193248,8,0,8,1,72,,193260,8,0,8,2,33,,193272,8,0,8,1,71,,193284,8,0,8,1,27,,193261,8,0,8,2,67,,193273,8,0,8,1,26,,193285,8,0,8,1,66,,193262,8,0,8,2,27,,193274,8,0,8,1,66,,193286,8,0,8,1,26,,193263,8,0,8,2,26,,193275,8,0,8,1,67,,193287,8,0,8,1,26,,193264,8,0,8,2,67,,193276,8,0,8,1,29,,193288,8,0,8,1,70,,193265,8,0,8,2,30,,193277,8,0,8,1,72,,193266,8,0,8,2,31,,193278,8,0,8,1,71,,193267,8,0,8,2,31,,193279,8,0,8,1,71,,193268,8,0,8,2,31,,193280,8,0,8,1,70,,193269,8,0,8,2,30,,193281,8,0,8,1,70,,193270,8,0,8,2,31,,193282,8,0,8,1,73,,193271,8,0,8,2,32,,193283,8,0,8,1
9403,'H59M000I-80-I',518,,193313,8,0,8,2,23,,193299,8,0,8,1,69,,193314,8,0,8,2,29,,193300,8,0,8,1,69,,193315,8,0,8,2,27,,193308,8,0,8,1,69,,193316,8,0,8,2,29,,193309,8,0,8,1,70,,193317,8,0,8,2,29,,193328,8,0,8,2,69,,193326,8,0,8,1,29,,193310,8,0,8,2,29,,193292,8,0,8,1,69,,193327,8,0,8,1,29,,193289,8,0,8,1,69,,193295,8,0,8,1,30,,193293,8,0,8,2,69,,193294,8,0,8,2,30,,193296,8,0,8,1,71,,193290,8,0,8,2,31,,193318,8,0,8,2,72,,193297,8,0,8,1,72,,193291,8,0,8,2,32,,193319,8,0,8,2,71,,193298,8,0,8,1,31,,193311,8,0,8,1,73,,193301,8,0,8,1,32,,193320,8,0,8,1,73,,193302,8,0,8,1,32,,193321,8,0,8,1,70,,193303,8,0,8,1,31,,193322,8,0,8,1,69,,193304,8,0,8,1,30,,193323,8,0,8,1,69,,193305,8,0,8,1,30,,193324,8,0,8,1,73,,193306,8,0,8,1,33,,193325,8,0,8,1,80,,193307,8,0,8,1,80,,193312,8,0,8,1
9403,'H59M000S-80-S',520,,193356,8,0,8,1,26,,193360,8,0,8,2,71,,193357,8,0,8,1,28,,193361,8,0,8,2,66,,193335,8,0,8,2,22,,193358,8,0,8,1,24,,193329,8,0,8,1,65,,193351,8,0,8,2,30,,193359,8,0,8,1,66,,193330,8,0,8,1,21,,193352,8,0,8,2,19,,193334,8,0,8,1,59,,193362,8,0,8,2,22,,193331,8,0,8,1,65,,193353,8,0,8,2,26,,193363,8,0,8,2,26,,193332,8,0,8,1,67,,193354,8,0,8,2,29,,193364,8,0,8,2,69,,193333,8,0,8,1,29,,193355,8,0,8,2,69,,193365,8,0,8,2,31,,193336,8,0,8,1,70,,193345,8,0,8,2,29,,193366,8,0,8,2,66,,193337,8,0,8,1,23,,193349,8,0,8,2,62,,193346,8,0,8,2,22,,193367,8,0,8,2,22,,193338,8,0,8,1,61,,193350,8,0,8,2,22,,193347,8,0,8,2,25,,193368,8,0,8,2,65,,193339,8,0,8,1,25,,193348,8,0,8,2,67,,193369,8,0,8,2,31,,193340,8,0,8,1,72,,193370,8,0,8,2,32,,193341,8,0,8,1,72,,193371,8,0,8,2,32,,193342,8,0,8,1,72,,193372,8,0,8,2,31,,193343,8,0,8,1,81,,193373,8,0,8,2,80,,193344,8,0,8,1
35703,'H59M000A-80-A',2632,,214304,4,0,8,2,85,,214303,4,0,8,1,85,,214305,4,0,8,2
35703,'H59M000I-80-I',2546,,214306,4,0,8,1,85,,214308,4,0,8,2,85,,214307,4,0,8,1,85,,214309,4,0,8,2
35703,'H59M000S-80-S',2547,,214310,4,0,8,1,85,,214312,4,0,8,2,84,,214311,4,0,8,1,86,,214313,4,0,8,2
36802,'H57M000A-80-A',2550,,214743,4,0,10,1,61,,214741,4,0,10,1,19,,214746,4,0,10,1,70,,214744,4,0,10,1,30,,214742,4,0,10,1,77,,214747,4,0,10,1,43,,214745,4,0,10,1
36802,'H57M000I-80-I',2551,,214749,4,0,10,1,85,,214751,4,0,10,1,85,,214748,4,0,10,1,85,,214750,4,0,10,1,45,,214752,4,0,10,1
36802,'H57M000S-80-S',2550,,214753,4,0,10,1,81,,214754,4,0,10,1,94,,214756,4,0,10,1,99,,214755,4,0,10,1,31,,214757,4,0,10,2
