19701,'H51U000A-83-A',516,,269426,28,0,5,2,28,,269433,28,0,5,1,71,,269427,28,0,5,2,36,,269434,28,0,5,1,73,,269428,28,0,5,2,30,,269443,28,0,5,1,70,,269435,28,0,5,1,30,,269429,28,0,5,2,70,,269444,28,0,99 51,1,29,,269436,28,0,99 51,1,71,,269430,28,0,99 51,2,30,,269445,28,0,99 51,1,71,,269437,28,0,99 51,1,30,,269431,28,0,99 51,2,72,,269446,28,0,99 51,1,31,,269438,28,0,99 51,1,70,,269432,28,0,99 51,2,30,,269447,28,0,99 51,1,69,,269454,28,0,99 51,2,29,,269439,28,0,99 51,1,70,,269448,28,0,99 51,1,20,,269456,28,0,99 51,2,60,,269455,28,0,99 51,2,20,,269440,28,0,99 51,1,22,,269458,28,0,99 51,1,60,,269449,28,0,5,1,19,,269457,28,0,5,2,14,,269421,28,0,5,1,14,,269441,28,0,5,1,55,,269459,28,0,5,1,26,,269450,28,0,5,1,67,,269422,28,0,5,1,27,,269460,28,0,5,1,23,,269451,28,0,5,1,66,,269423,28,0,5,1,26,,269461,28,0,5,1,66,,269452,28,0,5,1,26,,269424,28,0,5,1,66,,269462,28,0,5,1,26,,269453,28,0,5,1,28,,269425,28,0,5,1,68,,269463,28,0,5,2,29,,269419,28,0,5,1,71,,269442,28,0,5,1,31,,269418,28,0,5,1,72,,269420,28,0,5,1,73,,269417,28,0,5,1
19701,'H51U000I-83-I',515,,269478,28,0,5,1,30,,269464,28,0,5,2,73,,269479,28,0,5,1,30,,269465,28,0,5,2,72,,269480,28,0,5,1,32,,269466,28,0,5,2,72,,269481,28,0,5,1,32,,269500,28,0,5,2,69,,269467,28,0,99 51,2,29,,269482,28,0,99 51,1,71,,269501,28,0,99 51,2,29,,269468,28,0,99 51,2,69,,269483,28,0,99 51,1,29,,269502,28,0,99 51,2,72,,269469,28,0,99 51,2,32,,269484,28,0,99 51,1,72,,269503,28,0,99 51,2,73,,269470,28,0,99 51,2,29,,269485,28,0,99 51,1,29,,269492,28,0,99 51,1,69,,269471,28,0,99 51,2,28,,269486,28,0,99 51,1,68,,269493,28,0,99 51,1,27,,269472,28,0,99 51,2,64,,269487,28,0,5,1,25,,269494,28,0,5,1,61,,269504,28,0,5,2,21,,269473,28,0,5,2,21,,269488,28,0,5,1,64,,269495,28,0,5,1,28,,269474,28,0,5,2,68,,269489,28,0,5,1,28,,269496,28,0,5,1,28,,269475,28,0,5,2,68,,269490,28,0,5,1,28,,269497,28,0,5,1,68,,269505,28,0,5,2,32,,269491,28,0,5,1,73,,269506,28,0,5,2,72,,269476,28,0,5,1,30,,269498,28,0,5,1,29,,269477,28,0,5,1,69,,269499,28,0,5,1
19701,'H51U000S-83-S',517,,269512,28,0,5,2,31,,269508,28,0,5,1,70,,269513,28,0,5,2,33,,269521,28,0,5,1,69,,269509,28,0,5,1,28,,269514,28,0,99 51,2,64,,269524,28,0,99 51,2,26,,269525,28,0,99 51,2,66,,269510,28,0,99 51,1,30,,269515,28,0,99 51,2,71,,269522,28,0,99 51,2,31,,269526,28,0,99 51,1,71,,269517,28,0,99 51,2,31,,269523,28,0,99 51,2,70,,269528,28,0,99 51,1,31,,269518,28,0,99 51,2,71,,269532,28,0,99 51,2,30,,269529,28,0,99 51,1,70,,269535,28,0,99 51,2,30,,269519,28,0,99 51,2,65,,269533,28,0,99 51,2,20,,269530,28,0,99 51,1,12,,269541,28,0,99 51,2,12,,269539,28,0,99 51,2,52,,269543,28,0,5,2,12,,269536,28,0,5,2,11,,269520,28,0,5,2,10,,269549,28,0,5,2,10,,269534,28,0,5,2,10,,269551,28,0,5,2,51,,269531,28,0,5,1,10,,269507,28,0,5,1,12,,269557,28,0,5,1,11,,269542,28,0,5,2,10,,269544,28,0,5,2,11,,269545,28,0,5,2,51,,269550,28,0,5,2,10,,269516,28,0,5,1,11,,269552,28,0,5,2,10,,269540,28,0,5,2,10,,269527,28,0,5,2,51,,269558,28,0,5,1,15,,269561,28,0,5,2,15,,269546,28,0,5,2,25,,269553,28,0,5,2,68,,269559,28,0,5,1,30,,269547,28,0,5,2,70,,269554,28,0,5,2,30,,269560,28,0,5,1,70,,269548,28,0,5,2,30,,269555,28,0,5,2,70,,269537,28,0,5,1,30,,269562,28,0,5,2,62,,269563,28,0,5,2,25,,269556,28,0,5,2,66,,269538,28,0,5,1,26,,269511,28,0,5,1
19701,'H51U100F-80-F1',515,,269583,28,0,5,1,30,,269571,28,0,5,2,73,,269584,28,0,5,1,30,,269572,28,0,5,2,72,,269585,28,0,5,1,32,,269573,28,0,5,2,72,,269586,28,0,5,1,32,,269564,28,0,5,2,69,,269574,28,0,99 51,2,29,,269587,28,0,99 51,1,71,,269565,28,0,99 51,2,29,,269575,28,0,99 51,2,69,,269588,28,0,99 51,1,29,,269566,28,0,99 51,2,72,,269576,28,0,99 51,2,32,,269589,28,0,99 51,1,72,,269567,28,0,99 51,2,73,,269577,28,0,99 51,2,29,,269590,28,0,99 51,1,29,,269597,28,0,99 51,1,69,,269578,28,0,99 51,2,28,,269591,28,0,99 51,1,68,,269598,28,0,99 51,1,27,,269579,28,0,99 51,2,64,,269592,28,0,5,1,25,,269599,28,0,5,1,61,,269570,28,0,5,2,21,,269580,28,0,5,2,21,,269593,28,0,5,1,64,,269600,28,0,5,1,28,,269581,28,0,5,2,68,,269594,28,0,5,1,28,,269601,28,0,5,1,28,,269582,28,0,5,2,68,,269595,28,0,5,1,28,,269602,28,0,5,1,68,,269605,28,0,5,2,32,,269596,28,0,5,1,73,,269606,28,0,5,2,72,,269568,28,0,5,1,30,,269603,28,0,5,1,29,,269569,28,0,5,1,69,,269604,28,0,5,1
19701,'H51U200F-80-F2',515,,269626,28,0,5,1,30,,269614,28,0,5,2,73,,269627,28,0,5,1,30,,269615,28,0,5,2,72,,269628,28,0,5,1,32,,269616,28,0,5,2,72,,269629,28,0,5,1,32,,269607,28,0,5,2,69,,269617,28,0,99 51,2,29,,269630,28,0,99 51,1,71,,269608,28,0,99 51,2,29,,269618,28,0,99 51,2,69,,269631,28,0,99 51,1,29,,269609,28,0,99 51,2,72,,269619,28,0,99 51,2,32,,269632,28,0,99 51,1,72,,269610,28,0,99 51,2,73,,269620,28,0,99 51,2,29,,269633,28,0,99 51,1,29,,269640,28,0,99 51,1,69,,269621,28,0,99 51,2,28,,269634,28,0,99 51,1,68,,269641,28,0,99 51,1,27,,269622,28,0,99 51,2,64,,269635,28,0,5,1,25,,269642,28,0,5,1,61,,269613,28,0,5,2,21,,269623,28,0,5,2,21,,269636,28,0,5,1,64,,269643,28,0,5,1,28,,269624,28,0,5,2,68,,269637,28,0,5,1,28,,269644,28,0,5,1,28,,269625,28,0,5,2,68,,269638,28,0,5,1,28,,269645,28,0,5,1,68,,269648,28,0,5,2,32,,269639,28,0,5,1,73,,269649,28,0,5,2,72,,269611,28,0,5,1,30,,269646,28,0,5,1,29,,269612,28,0,5,1,69,,269647,28,0,5,1
37001,'H51U000A-83-A',2606,,277685,62,0,5,1,45,,277687,62,0,5,1,85,,277686,62,0,5,1,85,,277689,62,0,5,2,83,,277688,62,0,5,1
37001,'H51U000I-83-I',2603,,277691,62,0,5,1,45,,277693,62,0,5,1,85,,277690,62,0,5,2,85,,277692,62,0,5,1,85,,277694,62,0,5,1
37001,'H51U000S-83-S',2604,,277698,62,0,5,1,45,,277696,62,0,5,2,83,,277695,62,0,5,1,85,,277699,62,0,5,1,86,,277697,62,0,5,2
37001,'H51U100F-80-F1',2603,,277703,62,0,5,1,45,,277701,62,0,5,1,85,,277700,62,0,5,2,85,,277704,62,0,5,1,85,,277702,62,0,5,1
37001,'H51U200F-80-F2',2603,,277708,62,0,5,1,45,,277706,62,0,5,1,85,,277705,62,0,5,2,85,,277709,62,0,5,1,85,,277707,62,0,5,1
