2803,'H54M000A-70-A',500,,92679,1,0,8,1,29,,92667,1,0,8,1,72,,92681,1,0,8,1,32,,92697,1,0,8,1,72,,92668,1,0,8,1,33,,92682,1,0,8,1,73,,92694,1,0,8,1,33,,92671,1,0,8,1,73,,92683,1,0,8,1,32,,92695,1,0,8,1,72,,92672,1,0,8,1,31,,92684,1,0,8,1,67,,92703,1,0,8,2,27,,92696,1,0,8,1,67,,92669,1,0,8,1,31,,92685,1,0,8,1,72,,92704,1,0,8,2,32,,92670,1,0,8,1,72,,92686,1,0,8,1,31,,92705,1,0,8,2,71,,92673,1,0,8,1,31,,92687,1,0,8,1,71,,92706,1,0,8,2,32,,92674,1,0,8,1,72,,92688,1,0,8,1,72,,92707,1,0,8,2,33,,92675,1,0,8,1,73,,92689,1,0,8,1,34,,92698,1,0,8,1,74,,92676,1,0,8,1,34,,92690,1,0,8,1,74,,92699,1,0,8,1,33,,92677,1,0,8,1,73,,92691,1,0,8,1,73,,92700,1,0,8,1,33,,92678,1,0,8,1,73,,92692,1,0,8,1,33,,92701,1,0,8,1,73,,92680,1,0,8,1,33,,92693,1,0,8,1,73,,92702,1,0,8,1
2803,'H54M000I-70-I',500,,92711,1,0,8,1,23,,92713,1,0,8,1,32,,92712,1,0,8,1,72,,92724,1,0,8,2,73,,92714,1,0,8,1,32,,92727,1,0,8,1,72,,92725,1,0,8,2,32,,92728,1,0,8,1,72,,92739,1,0,8,1,32,,92726,1,0,8,2,72,,92729,1,0,8,1,24,,92710,1,0,8,1,64,,92740,1,0,8,1,31,,92715,1,0,8,2,71,,92730,1,0,8,1,32,,92741,1,0,8,1,72,,92716,1,0,8,2,32,,92731,1,0,8,1,72,,92742,1,0,8,1,32,,92717,1,0,8,2,73,,92732,1,0,8,1,33,,92743,1,0,8,1,73,,92718,1,0,8,2,33,,92733,1,0,8,1,73,,92744,1,0,8,1,73,,92719,1,0,8,2,33,,92734,1,0,8,1,73,,92745,1,0,8,1,33,,92720,1,0,8,2,73,,92735,1,0,8,1,33,,92746,1,0,8,1,73,,92721,1,0,8,2,33,,92736,1,0,8,1,73,,92747,1,0,8,1,33,,92722,1,0,8,2,73,,92708,1,0,8,1,73,,92737,1,0,8,1,33,,92723,1,0,8,2,73,,92709,1,0,8,1,34,,92738,1,0,8,1
2803,'H54M000S-70-S',500,,92753,1,0,8,1,31,,92760,1,0,8,1,15,,92754,1,0,8,1,63,,92763,1,0,8,1,10,,92759,1,0,8,2,11,,92762,1,0,8,1,11,,92766,1,0,8,2,9,,92755,1,0,8,1,58,,92748,1,0,8,1,8,,92761,1,0,8,1,9,,92772,1,0,8,2,10,,92771,1,0,8,2,11,,92776,1,0,8,2,8,,92764,1,0,8,1,46,,92773,1,0,8,1,13,,92777,1,0,8,2,26,,92767,1,0,8,2,70,,92749,1,0,8,1,31,,92774,1,0,8,1,71,,92768,1,0,8,2,31,,92750,1,0,8,1,71,,92775,1,0,8,1,32,,92769,1,0,8,2,71,,92751,1,0,8,1,28,,92778,1,0,8,1,68,,92781,1,0,8,1,28,,92770,1,0,8,2,71,,92782,1,0,8,2,31,,92779,1,0,8,1,103,,92788,1,0,8,2,70,,92796,1,0,8,1,30,,92780,1,0,8,1,69,,92797,1,0,8,2,26,,92789,1,0,8,2,71,,92783,1,0,8,1,31,,92756,1,0,8,1,71,,92790,1,0,8,2,31,,92784,1,0,8,1,71,,92757,1,0,8,1,31,,92791,1,0,8,2,70,,92785,1,0,8,1,29,,92758,1,0,8,1,71,,92792,1,0,8,2,30,,92786,1,0,8,1,69,,92801,1,0,8,2,31,,92793,1,0,8,2,70,,92787,1,0,8,1,30,,92802,1,0,8,2,70,,92794,1,0,8,2,30,,92798,1,0,8,1
2803,'H54M100F-70-F1',500,,92804,1,0,8,1,23,,92814,1,0,8,1,32,,92805,1,0,8,1,72,,92818,1,0,8,2,73,,92815,1,0,8,1,32,,92806,1,0,8,1,72,,92820,1,0,8,2,32,,92816,1,0,8,1,72,,92807,1,0,8,1,32,,92819,1,0,8,2,72,,92817,1,0,8,1,24,,92803,1,0,8,1,64,,92808,1,0,8,1,31,,92821,1,0,8,2,71,,92831,1,0,8,2,32,,92809,1,0,8,1,72,,92822,1,0,8,2,32,,92832,1,0,8,2,72,,92810,1,0,8,1,32,,92823,1,0,8,2,73,,92833,1,0,8,2,33,,92812,1,0,8,1,73,,92824,1,0,8,2,33,,92834,1,0,8,2,73,,92811,1,0,8,1,73,,92825,1,0,8,2,33,,92835,1,0,8,2,73,,92813,1,0,8,1,33,,92826,1,0,8,2,73,,92836,1,0,8,2,33,,92838,1,0,8,1,73,,92827,1,0,8,2,33,,92837,1,0,8,1,73,,92839,1,0,8,1,33,,92828,1,0,8,2,73,,92842,1,0,8,1,73,,92840,1,0,8,1,33,,92829,1,0,8,2,73,,92830,1,0,8,2,34,,92841,1,0,8,1
2803,'H54M200F-70-F2',500,,92843,1,0,8,2,23,,92854,1,0,8,2,32,,92844,1,0,8,1,56,,92871,1,0,8,1,16,,92858,1,0,8,2,16,,92876,1,0,8,1,57,,92855,1,0,8,2,32,,92845,1,0,8,1,72,,92859,1,0,8,2,32,,92856,1,0,8,2,72,,92846,1,0,8,1,32,,92860,1,0,8,2,72,,92857,1,0,8,2,24,,92853,1,0,8,1,64,,92847,1,0,8,1,31,,92861,1,0,8,2,71,,92877,1,0,8,1,32,,92848,1,0,8,1,72,,92862,1,0,8,2,32,,92879,1,0,8,1,72,,92849,1,0,8,1,32,,92863,1,0,8,2,73,,92878,1,0,8,1,33,,92850,1,0,8,1,73,,92864,1,0,8,2,33,,92880,1,0,8,1,73,,92851,1,0,8,1,73,,92865,1,0,8,2,33,,92881,1,0,8,1,73,,92852,1,0,8,1,33,,92866,1,0,8,2,73,,92882,1,0,8,1,33,,92872,1,0,8,1,73,,92867,1,0,8,2,33,,92883,1,0,8,1,73,,92873,1,0,8,1,33,,92868,1,0,8,2,73,,92884,1,0,8,1,73,,92874,1,0,8,1,33,,92869,1,0,8,2,73,,92870,1,0,8,1,34,,92875,1,0,8,1
2803,'H54M300F-70-F3',500,,92924,1,0,8,1,23,,92920,1,0,8,1,32,,92914,1,0,8,1,72,,92915,1,0,8,2,73,,92921,1,0,8,1,32,,92923,1,0,8,1,72,,92916,1,0,8,2,32,,92894,1,0,8,1,72,,92905,1,0,8,1,32,,92917,1,0,8,2,72,,92895,1,0,8,1,24,,92922,1,0,8,1,64,,92906,1,0,8,1,31,,92885,1,0,8,2,71,,92896,1,0,8,1,32,,92907,1,0,8,1,72,,92886,1,0,8,2,32,,92897,1,0,8,1,72,,92908,1,0,8,1,32,,92887,1,0,8,2,73,,92898,1,0,8,1,33,,92909,1,0,8,1,73,,92888,1,0,8,2,33,,92899,1,0,8,1,73,,92910,1,0,8,1,73,,92890,1,0,8,2,33,,92900,1,0,8,1,73,,92911,1,0,8,1,33,,92889,1,0,8,2,73,,92901,1,0,8,1,33,,92912,1,0,8,1,73,,92891,1,0,8,2,33,,92902,1,0,8,1,73,,92913,1,0,8,1,33,,92892,1,0,8,2,73,,92918,1,0,8,1,73,,92903,1,0,8,1,33,,92893,1,0,8,2,73,,92919,1,0,8,1,34,,92904,1,0,8,1
2803,'H57M000S-70-S',558,,92925,1,0,8,2,173,,92926,1,0,8,1,783,,92927,1,0,8,2
2803,'H58M000S-70-S',659,,92928,1,0,8,2
2804,'H50M000S-70-S',913,,92929,41,4,,2
2804,'H54M000A-70-A',538,,92945,41,4,,1,75,,92958,41,4,,1,35,,92930,41,4,,1,75,,92942,41,4,,1,35,,92959,41,4,,1,75,,92931,41,4,,1,74,,92943,41,4,,1,34,,92956,41,4,,1,73,,92934,41,4,,1,33,,92944,41,4,,1,75,,92957,41,4,,1,34,,92932,41,4,,1,74,,92946,41,4,,1,74,,92965,41,4,,2,34,,92933,41,4,,1,74,,92947,41,4,,1,34,,92966,41,4,,2,72,,92935,41,4,,1,31,,92948,41,4,,1,71,,92967,41,4,,2,32,,92936,41,4,,1,72,,92949,41,4,,1,32,,92968,41,4,,2,73,,92937,41,4,,1,73,,92950,41,4,,1,32,,92960,41,4,,1,73,,92938,41,4,,1,33,,92951,41,4,,1,73,,92961,41,4,,1,33,,92939,41,4,,1,72,,92952,41,4,,1,32,,92962,41,4,,1,70,,92940,41,4,,1,31,,92953,41,4,,1,72,,92963,41,4,,1,33,,92941,41,4,,1,73,,92954,41,4,,1,72,,92964,41,4,,1,23,,92955,41,4,,1
2804,'H54M000I-70-I',534,,92970,41,4,,1,74,,92980,41,4,,2,34,,92971,41,4,,1,75,,92984,41,4,,1,34,,92981,41,4,,2,74,,92985,41,4,,1,34,,92996,41,4,,1,74,,92982,41,4,,2,74,,92986,41,4,,1,35,,92997,41,4,,1,74,,92983,41,4,,2,35,,92987,41,4,,1,74,,92998,41,4,,1,75,,92972,41,4,,2,32,,92988,41,4,,1,72,,92999,41,4,,1,32,,92973,41,4,,2,71,,92989,41,4,,1,31,,93000,41,4,,1,71,,92974,41,4,,2,32,,92990,41,4,,1,74,,93001,41,4,,1,34,,92975,41,4,,2,74,,92991,41,4,,1,33,,93002,41,4,,1,74,,92976,41,4,,2,73,,92992,41,4,,1,32,,93003,41,4,,1,73,,92977,41,4,,2,33,,92993,41,4,,1,73,,93004,41,4,,1,33,,92978,41,4,,2,72,,93006,41,4,,1,32,,92994,41,4,,1,69,,92979,41,4,,2,30,,92969,41,4,,1,70,,92995,41,4,,1,24,,93005,41,4,,1
2804,'H54M000S-70-S',536,,93011,41,4,,1,69,,93016,41,4,,1,32,,93018,41,4,,2,73,,93015,41,4,,1,37,,93017,41,4,,1,72,,93019,41,4,,2,25,,93007,41,4,,1,92,,93025,41,4,,1,71,,93020,41,4,,2,31,,93008,41,4,,1,70,,93026,41,4,,1,33,,93021,41,4,,2,71,,93009,41,4,,1,32,,93027,41,4,,1,72,,93022,41,4,,2,31,,93010,41,4,,1,69,,93034,41,4,,1,29,,93037,41,4,,1,70,,93023,41,4,,2,19,,93045,41,4,,2,18,,93038,41,4,,2,58,,93052,41,4,,1,18,,93035,41,4,,1,19,,93044,41,4,,2,79,,93046,41,4,,2,18,,93055,41,4,,1,57,,93039,41,4,,1,21,,93036,41,4,,1,23,,93053,41,4,,2,64,,93047,41,4,,2,31,,93040,41,4,,1,71,,93012,41,4,,1,30,,93048,41,4,,2,70,,93041,41,4,,1,30,,93013,41,4,,1,71,,93049,41,4,,2,30,,93042,41,4,,1,69,,93014,41,4,,1,31,,93050,41,4,,2,70,,93043,41,4,,1,29,,93056,41,4,,2,69,,93051,41,4,,2,33,,93054,41,4,,1
2804,'H54M100F-70-F1',534,,93057,41,4,,1,74,,93070,41,4,,2,34,,93066,41,4,,1,75,,93058,41,4,,1,34,,93069,41,4,,2,74,,93067,41,4,,1,34,,93059,41,4,,1,74,,93071,41,4,,2,74,,93068,41,4,,1,35,,93060,41,4,,1,74,,93072,41,4,,2,35,,93083,41,4,,2,74,,93061,41,4,,1,75,,93073,41,4,,2,32,,93084,41,4,,2,72,,93062,41,4,,1,32,,93074,41,4,,2,71,,93085,41,4,,2,31,,93063,41,4,,1,71,,93075,41,4,,2,32,,93086,41,4,,2,74,,93064,41,4,,1,34,,93076,41,4,,2,74,,93087,41,4,,2,33,,93065,41,4,,1,74,,93077,41,4,,2,73,,93088,41,4,,2,32,,93091,41,4,,1,73,,93078,41,4,,2,33,,93089,41,4,,1,73,,93090,41,4,,1,33,,93079,41,4,,2,72,,93094,41,4,,1,32,,93092,41,4,,1,69,,93080,41,4,,2,30,,93081,41,4,,2,70,,93093,41,4,,1,24,,93082,41,4,,1
2804,'H54M200F-70-F2',534,,93095,41,4,,1,74,,93119,41,4,,1,34,,93104,41,4,,2,75,,93096,41,4,,1,34,,93107,41,4,,2,74,,93105,41,4,,2,34,,93097,41,4,,1,74,,93108,41,4,,2,74,,93106,41,4,,2,35,,93098,41,4,,1,74,,93109,41,4,,2,35,,93124,41,4,,1,74,,93099,41,4,,1,75,,93110,41,4,,2,32,,93125,41,4,,1,72,,93100,41,4,,1,32,,93111,41,4,,2,71,,93126,41,4,,1,31,,93101,41,4,,1,71,,93112,41,4,,2,32,,93127,41,4,,1,74,,93102,41,4,,1,34,,93113,41,4,,2,74,,93128,41,4,,1,33,,93103,41,4,,1,74,,93115,41,4,,2,73,,93129,41,4,,1,32,,93120,41,4,,1,73,,93114,41,4,,2,33,,93130,41,4,,1,73,,93121,41,4,,1,33,,93116,41,4,,2,72,,93131,41,4,,1,32,,93123,41,4,,1,69,,93117,41,4,,2,30,,93118,41,4,,1,70,,93122,41,4,,1,24,,93132,41,4,,1
2804,'H54M300F-70-F3',534,,93167,41,4,,1,74,,93161,41,4,,2,34,,93168,41,4,,1,75,,93170,41,4,,1,34,,93162,41,4,,2,74,,93141,41,4,,1,34,,93152,41,4,,1,74,,93163,41,4,,2,74,,93142,41,4,,1,35,,93153,41,4,,1,74,,93164,41,4,,2,35,,93143,41,4,,1,74,,93154,41,4,,1,75,,93133,41,4,,2,32,,93144,41,4,,1,72,,93155,41,4,,1,32,,93134,41,4,,2,71,,93145,41,4,,1,31,,93156,41,4,,1,71,,93135,41,4,,2,32,,93146,41,4,,1,74,,93157,41,4,,1,34,,93136,41,4,,2,74,,93147,41,4,,1,33,,93158,41,4,,1,74,,93137,41,4,,2,73,,93148,41,4,,1,32,,93159,41,4,,1,73,,93138,41,4,,2,33,,93149,41,4,,1,73,,93160,41,4,,1,33,,93139,41,4,,2,72,,93169,41,4,,1,32,,93150,41,4,,1,69,,93140,41,4,,2,30,,93166,41,4,,1,70,,93151,41,4,,1,24,,93165,41,4,,1
2804,'H57M000S-70-S',1709,,93171,41,4,,2
