2002,'H58M000A-80-A',821,,179725,12,0,10,2,21,,179730,12,0,10,1,60,,179739,12,0,10,1,20,,179726,12,0,10,2,20,,179731,12,0,10,1,61,,179740,12,0,10,1,20,,179727,12,0,10,2,22,,179732,12,0,10,1,64,,179741,12,0,10,1,24,,179728,12,0,10,2,24,,179752,12,0,10,2,63,,179742,12,0,10,1,21,,179733,12,0,10,2,60,,179753,12,0,10,2,19,,179743,12,0,10,1,20,,179734,12,0,10,2,60,,179754,12,0,10,2,20,,179729,12,0,10,1,20,,179744,12,0,10,1,62,,179735,12,0,10,2,23,,179755,12,0,10,2,24,,179745,12,0,10,1,63,,179736,12,0,10,2,22,,179756,12,0,10,2,20,,179746,12,0,10,1,60,,179737,12,0,10,2,20,,179757,12,0,10,2,20,,179747,12,0,10,1,62,,179738,12,0,10,2,21,,179758,12,0,10,2,64,,179748,12,0,10,1,30,,179759,12,0,10,2,70,,179749,12,0,10,1,30,,179760,12,0,10,2,70,,179750,12,0,10,1,31,,179761,13,0,10,2,70,,179751,13,0,10,1,29,,179762,13,0,10,2
2002,'H58M000I-80-I',821,,179763,12,0,10,2,21,,179784,12,0,10,1,61,,179794,12,0,10,2,23,,179764,12,0,10,2,22,,179785,12,0,10,1,61,,179771,12,0,10,1,21,,179765,12,0,10,2,23,,179786,12,0,10,1,61,,179772,12,0,10,1,20,,179766,12,0,10,2,21,,179787,12,0,10,1,61,,179773,12,0,10,1,22,,179767,12,0,10,2,62,,179788,12,0,10,1,22,,179774,12,0,10,1,21,,179768,12,0,10,2,61,,179789,12,0,10,1,21,,179775,12,0,10,1,21,,179769,12,0,10,2,62,,179790,12,0,10,1,22,,179776,12,0,10,1,21,,179770,12,0,10,2,61,,179791,12,0,10,1,21,,179777,12,0,10,1,21,,179795,12,0,10,2,61,,179792,12,0,10,1,22,,179778,12,0,10,1,22,,179796,12,0,10,2,61,,179793,12,0,10,1,21,,179779,12,0,10,1,61,,179797,12,0,10,2,30,,179780,12,0,10,1,70,,179798,12,0,10,2,30,,179781,12,0,10,1,70,,179799,12,0,10,2,30,,179782,13,0,10,1,70,,179800,13,0,10,2,30,,179783,13,0,10,1
2002,'H58M000S-80-S',522,,179801,12,0,10,2,27,,179817,12,0,10,1,67,,179802,12,0,10,2,25,,179845,12,0,10,2,63,,179818,12,0,10,1,24,,179823,12,0,10,1,23,,179803,12,0,10,2,64,,179846,12,0,10,2,21,,179819,12,0,10,1,22,,179824,12,0,10,1,61,,179804,12,0,10,2,21,,179806,12,0,10,2,61,,179820,12,0,10,1,21,,179830,12,0,10,1,20,,179805,12,0,10,2,60,,179807,12,0,10,1,20,,179821,12,0,10,1,22,,179831,12,0,10,1,63,,179825,12,0,10,2,23,,179808,12,0,10,2,23,,179822,12,0,10,2,62,,179832,12,0,10,1,20,,179826,12,0,10,2,22,,179809,12,0,10,2,62,,179833,12,0,10,1,22,,179827,12,0,10,2,61,,179810,12,0,10,2,21,,179834,12,0,10,1,22,,179828,12,0,10,2,63,,179811,12,0,10,2,23,,179835,12,0,10,1,23,,179829,12,0,10,2,63,,179812,12,0,10,2,22,,179836,12,0,10,1,62,,179840,12,0,10,2,22,,179813,12,0,10,2,21,,179837,12,0,10,1,62,,179841,12,0,10,2,22,,179814,12,0,10,2,22,,179838,12,0,10,1,60,,179842,12,0,10,2,19,,179815,12,0,10,2,18,,179839,12,0,10,1,59,,179847,12,0,10,2,15,,179843,13,0,10,2,22,,179816,13,0,10,2,71,,179844,13,0,10,2
10002,'H50M000A-81-A',515,,194467,2,0,10,1,26,,194504,2,0,10,2,61,,194491,2,0,10,2,10,,194466,2,0,10,1,11,,194508,2,0,10,1,7,,194457,2,0,10,2,20,,194468,2,0,10,1,60,,194494,2,0,10,2,20,,194492,2,0,10,2,21,,194472,2,0,10,1,61,,194458,2,0,10,2,21,,194469,2,0,10,1,22,,194493,2,0,10,2,62,,194461,2,0,10,1,20,,194473,2,0,10,1,21,,194459,2,0,10,2,63,,194470,2,0,10,1,23,,194462,2,0,10,1,64,,194477,2,0,10,1,24,,194474,2,0,10,1,23,,194471,2,0,10,1,63,,194463,2,0,10,1,23,,194479,2,0,10,1,63,,194478,2,0,10,1,22,,194475,2,0,10,1,22,,194464,2,0,10,1,54,,194483,2,0,10,1,7,,194460,2,0,10,1,7,,194480,2,0,10,1,21,,194486,2,0,10,2,70,,194476,2,0,10,1,30,,194465,2,0,10,1,69,,194481,2,0,10,1,28,,194507,2,0,10,1,68,,194484,2,0,10,1,28,,194487,2,0,10,2,71,,194482,2,0,10,1,31,,194485,2,0,10,1,70,,194488,2,0,10,2,29,,194495,2,0,10,2,69,,194499,2,0,10,1,28,,194489,2,0,10,2,28,,194496,2,0,10,2,68,,194500,2,0,10,1,29,,194490,2,0,10,2,62,,194497,2,0,10,2,33,,194501,2,0,10,1,73,,194505,2,0,10,1,31,,194498,2,0,10,2,68,,194502,2,0,10,1,25,,194506,2,0,10,1
10002,'H50M000I-81-I',545,,194551,2,0,10,2,10,,194550,2,0,10,1,53,,194511,2,0,10,2,12,,194552,2,0,10,2,16,,194544,2,0,10,1,65,,194519,2,0,10,1,26,,194512,2,0,10,2,24,,194554,2,0,10,1,64,,194545,2,0,10,1,28,,194520,2,0,10,1,68,,194513,2,0,10,2,28,,194546,2,0,10,1,69,,194521,2,0,10,1,29,,194514,2,0,10,2,69,,194547,2,0,10,1,29,,194522,2,0,10,1,69,,194515,2,0,10,2,28,,194548,2,0,10,1,23,,194510,2,0,10,2,63,,194523,2,0,10,1,23,,194516,2,0,10,2,59,,194536,2,0,10,1,22,,194549,2,0,10,1,22,,194524,2,0,10,1,69,,194517,2,0,10,2,29,,194537,2,0,10,1,70,,194526,2,0,10,2,31,,194518,2,0,10,2,71,,194538,2,0,10,1,30,,194527,2,0,10,2,70,,194532,2,0,10,1,29,,194539,2,0,10,1,69,,194528,2,0,10,2,29,,194533,2,0,10,1,69,,194540,2,0,10,1,30,,194529,2,0,10,2,70,,194534,2,0,10,1,32,,194541,2,0,10,1,71,,194530,2,0,10,2,25,,194535,2,0,10,1,73,,194555,2,0,10,1,33,,194531,2,0,10,2,74,,194542,2,0,10,1,30,,194556,2,0,10,1
10002,'H50M000S-81-S',504,,194604,2,0,10,2,11,,194605,2,0,10,2,18,,194574,2,0,10,1,17,,194557,2,0,10,1,8,,194572,2,0,10,1,47,,194571,2,0,10,1,20,,194561,2,0,10,1,20,,194583,2,0,10,1,9,,194584,2,0,10,1,47,,194575,2,0,10,1,7,,194586,2,0,10,1,7,,194587,2,0,10,1,8,,194588,2,0,10,1,9,,194573,2,0,10,1,10,,194592,2,0,10,1,12,,194597,2,0,10,1,54,,194562,2,0,10,1,11,,194576,2,0,10,2,14,,194585,2,0,10,1,15,,194563,2,0,10,1,59,,194589,2,0,10,1,25,,194593,2,0,10,1,25,,194577,2,0,10,2,66,,194564,2,0,10,1,26,,194594,2,0,10,1,66,,194590,2,0,10,1,26,,194578,2,0,10,2,66,,194565,2,0,10,1,22,,194559,2,0,10,2,21,,194595,2,0,10,1,60,,194591,2,0,10,1,19,,194579,2,0,10,2,26,,194566,2,0,10,1,66,,194560,2,0,10,2,23,,194596,2,0,10,1,70,,194580,2,0,10,2,30,,194567,2,0,10,1,101,,194601,2,0,10,1,72,,194581,2,0,10,2,33,,194568,2,0,10,1,71,,194598,2,0,10,2,29,,194602,2,0,10,1,62,,194582,2,0,10,2,21,,194569,2,0,10,1,67,,194599,2,0,10,2,31,,194603,2,0,10,1,73,,194570,2,0,10,1,23,,194600,2,0,10,2,25,,194606,2,0,10,2,57,,194608,2,0,10,1,30,,194610,2,0,10,1,73,,194607,2,0,10,2,33,,194558,2,0,10,1,73,,194609,2,0,10,1,28,,194611,2,0,10,2
10002,'H51M000S-80-S',634,,194612,2,0,10,2
10002,'H57M000S-80-S',618,,194613,2,0,10,1,729,,194614,2,0,10,2,267,,194615,2,0,10,2
10002,'H58M000S-80-S',522,,194616,2,0,10,2,89,,194617,2,0,10,1
10002,'H59M000S-80-S',1402,,194618,2,0,10,2
