2201,'H57M000S-70-S',920,,90414,36,4,,2
2201,'H59M000A-70-A',555,,90415,36,4,,2,68,,90429,36,4,,1,29,,90416,36,4,,2,70,,90430,36,4,,1,30,,90417,36,4,,2,70,,90431,36,4,,1,30,,90418,36,4,,2,70,,90432,36,4,,1,31,,90419,36,4,,2,70,,90433,36,4,,1,30,,90420,36,4,,2,70,,90434,36,4,,1,30,,90421,36,4,,2,71,,90435,36,4,,1,31,,90422,36,4,,2,71,,90436,36,4,,1,30,,90423,36,4,,2,72,,90437,36,4,,1,31,,90424,36,4,,2,72,,90438,36,4,,1,71,,90425,36,4,,2,31,,90439,36,4,,1,71,,90426,36,4,,2,31,,90440,36,4,,1,70,,90427,36,4,,2,29,,90441,36,4,,1,69,,90428,36,4,,2,29,,90442,36,4,,1,98,,90443,36,4,,1,98,,90444,36,4,,1,97,,90445,36,4,,1,100,,90446,36,4,,1,100,,90447,36,4,,1,100,,90448,36,4,,1,99,,90449,36,4,,1
2201,'H59M000I-70-I',555,,90450,36,4,,2,69,,90464,36,4,,1,29,,90451,36,4,,2,69,,90465,36,4,,1,29,,90452,36,4,,2,70,,90466,36,4,,1,30,,90453,36,4,,2,70,,90467,36,4,,1,30,,90454,36,4,,2,70,,90468,36,4,,1,30,,90455,36,4,,2,71,,90469,36,4,,1,31,,90456,36,4,,2,70,,90470,36,4,,1,30,,90457,36,4,,2,70,,90471,36,4,,1,30,,90458,36,4,,2,71,,90472,36,4,,1,29,,90459,36,4,,2,71,,90473,36,4,,1,31,,90460,36,4,,2,71,,90474,36,4,,1,32,,90461,36,4,,2,72,,90475,36,4,,1,72,,90462,36,4,,2,33,,90476,36,4,,1,73,,90463,36,4,,2,33,,90477,36,4,,1,99,,90478,36,4,,1,100,,90479,36,4,,1,100,,90480,36,4,,1,100,,90481,36,4,,1,100,,90482,36,4,,1,100,,90483,36,4,,1
2201,'H59M000S-70-S',558,,90484,36,4,,1,77,,90491,36,4,,1,73,,90485,36,4,,1,33,,90498,36,4,,1,74,,90499,36,4,,1,33,,90500,36,4,,2,102,,90486,36,4,,1,73,,90492,36,4,,1,32,,90487,36,4,,1,73,,90493,36,4,,1,73,,90488,36,4,,1,33,,90494,36,4,,1,73,,90489,36,4,,1,33,,90495,36,4,,1,75,,90490,36,4,,1,33,,90496,36,4,,1,72,,90504,36,4,,2,32,,90506,36,4,,2,72,,90505,36,4,,1,32,,90507,36,4,,1,71,,90516,36,4,,2,30,,90497,36,4,,1,68,,90508,36,4,,1,31,,90501,36,4,,1,70,,90509,36,4,,1,31,,90502,36,4,,1,70,,90510,36,4,,1,30,,90503,36,4,,1,70,,90511,36,4,,1,100,,90512,36,4,,1,99,,90513,36,4,,1,91,,90517,36,4,,2,89,,90514,36,4,,1,96,,90515,36,4,,1
2201,'H59M100F-70-F1',555,,90518,36,4,,2,69,,90530,36,4,,1,29,,90519,36,4,,2,69,,90531,36,4,,1,29,,90520,36,4,,2,70,,90534,36,4,,1,30,,90521,36,4,,2,70,,90535,36,4,,1,30,,90522,36,4,,2,70,,90536,36,4,,1,30,,90523,36,4,,2,71,,90537,36,4,,1,31,,90524,36,4,,2,70,,90538,36,4,,1,30,,90525,36,4,,2,70,,90539,36,4,,1,30,,90526,36,4,,2,71,,90540,36,4,,1,29,,90527,36,4,,2,71,,90541,36,4,,1,31,,90528,36,4,,2,71,,90546,36,4,,1,32,,90532,36,4,,2,72,,90547,36,4,,1,72,,90533,36,4,,2,33,,90542,36,4,,1,73,,90529,36,4,,2,33,,90543,36,4,,1,99,,90544,36,4,,1,100,,90545,36,4,,1,100,,90548,36,4,,1,100,,90549,36,4,,1,100,,90550,36,4,,1,100,,90551,36,4,,1
2201,'H59M200F-70-F2',555,,90552,36,4,,2,69,,90566,36,4,,1,29,,90553,36,4,,2,69,,90567,36,4,,1,29,,90554,36,4,,2,70,,90568,36,4,,1,30,,90555,36,4,,2,70,,90569,36,4,,1,30,,90556,36,4,,2,70,,90570,36,4,,1,30,,90557,36,4,,2,71,,90571,36,4,,1,31,,90558,36,4,,2,70,,90572,36,4,,1,30,,90559,36,4,,2,70,,90573,36,4,,1,30,,90560,36,4,,2,71,,90574,36,4,,1,29,,90561,36,4,,2,71,,90575,36,4,,1,31,,90562,36,4,,2,71,,90576,36,4,,1,32,,90563,36,4,,2,72,,90577,36,4,,1,72,,90564,36,4,,2,33,,90578,36,4,,1,73,,90565,36,4,,2,33,,90579,36,4,,1,99,,90580,36,4,,1,100,,90581,36,4,,1,100,,90582,36,4,,1,100,,90583,36,4,,1,100,,90584,36,4,,1,100,,90585,36,4,,1
2201,'H59M300F-70-F3',555,,90586,36,4,,2,69,,90600,36,4,,1,29,,90587,36,4,,2,69,,90601,36,4,,1,29,,90588,36,4,,2,70,,90602,36,4,,1,30,,90589,36,4,,2,70,,90603,36,4,,1,30,,90590,36,4,,2,70,,90604,36,4,,1,30,,90591,36,4,,2,71,,90605,36,4,,1,31,,90592,36,4,,2,70,,90606,36,4,,1,30,,90593,36,4,,2,70,,90607,36,4,,1,30,,90594,36,4,,2,71,,90608,36,4,,1,29,,90595,36,4,,2,71,,90609,36,4,,1,31,,90596,36,4,,2,71,,90610,36,4,,1,32,,90597,36,4,,2,72,,90611,36,4,,1,72,,90598,36,4,,2,33,,90612,36,4,,1,73,,90599,36,4,,2,33,,90613,36,4,,1,99,,90614,36,4,,1,100,,90615,36,4,,1,100,,90616,36,4,,1,100,,90617,36,4,,1,100,,90618,36,4,,1,100,,90619,36,4,,1
2202,'H57M000S-70-S',814,,90620,1,0,10,2
2202,'H59M000A-70-A',500,,90621,1,0,10,2,29,,90636,1,0,10,1,29,,90622,1,0,10,2,68,,90637,1,0,10,1,29,,90623,1,0,10,2,70,,90638,1,0,10,1,30,,90624,1,0,10,2,70,,90639,1,0,10,1,30,,90625,1,0,10,2,70,,90640,1,0,10,1,31,,90626,1,0,10,2,70,,90641,1,0,10,1,30,,90627,1,0,10,2,70,,90642,1,0,10,1,30,,90628,1,0,10,2,71,,90643,1,0,10,1,31,,90629,1,0,10,2,71,,90644,1,0,10,1,30,,90630,1,0,10,2,72,,90645,1,0,10,1,72,,90631,1,0,10,2,31,,90646,1,0,10,1,71,,90632,1,0,10,2,31,,90647,1,0,10,1,71,,90633,1,0,10,2,31,,90648,1,0,10,1,70,,90634,1,0,10,2,29,,90649,1,0,10,1,69,,90635,1,0,10,2,29,,90650,1,0,10,1,98,,90651,1,0,10,1,98,,90652,1,0,10,1,99,,90653,1,0,10,1,100,,90654,1,0,10,1,100,,90655,1,0,10,1,100,,90656,1,0,10,1
2202,'H59M000I-70-I',500,,90657,1,0,10,2,30,,90672,1,0,10,1,70,,90658,1,0,10,2,29,,90673,1,0,10,1,28,,90659,1,0,10,2,69,,90674,1,0,10,1,30,,90660,1,0,10,2,70,,90675,1,0,10,1,30,,90661,1,0,10,2,70,,90676,1,0,10,1,30,,90662,1,0,10,2,70,,90677,1,0,10,1,30,,90663,1,0,10,2,70,,90678,1,0,10,1,30,,90664,1,0,10,2,70,,90679,1,0,10,1,30,,90665,1,0,10,2,70,,90680,1,0,10,1,30,,90666,1,0,10,2,71,,90681,1,0,10,1,31,,90667,1,0,10,2,70,,90682,1,0,10,1,30,,90668,1,0,10,2,71,,90683,1,0,10,1,72,,90669,1,0,10,2,32,,90684,1,0,10,1,72,,90670,1,0,10,2,33,,90685,1,0,10,1,73,,90671,1,0,10,2,33,,90686,1,0,10,1,99,,90687,1,0,10,1,100,,90688,1,0,10,1,100,,90689,1,0,10,1,100,,90690,1,0,10,1,100,,90691,1,0,10,1
2202,'H59M000S-70-S',500,,90692,1,0,10,1,29,,90699,1,0,10,1,73,,90693,1,0,10,1,33,,90706,1,0,10,1,73,,90707,1,0,10,1,33,,90708,1,0,10,2,106,,90694,1,0,10,1,73,,90700,1,0,10,1,33,,90695,1,0,10,1,73,,90701,1,0,10,1,33,,90696,1,0,10,1,73,,90702,1,0,10,1,73,,90697,1,0,10,1,33,,90703,1,0,10,1,73,,90698,1,0,10,1,32,,90704,1,0,10,1,71,,90713,1,0,10,2,32,,90715,1,0,10,2,71,,90714,1,0,10,1,31,,90716,1,0,10,1,72,,90725,1,0,10,2,31,,90705,1,0,10,1,71,,90717,1,0,10,1,33,,90709,1,0,10,1,73,,90718,1,0,10,1,31,,90710,1,0,10,1,71,,90719,1,0,10,1,70,,90711,1,0,10,1,30,,90720,1,0,10,1,70,,90712,1,0,10,1,30,,90721,1,0,10,1,100,,90722,1,0,10,1,91,,90726,1,0,10,2,90,,90723,1,0,10,1,98,,90724,1,0,10,1
2202,'H59M100F-70-F1',500,,90727,1,0,10,2,30,,90742,1,0,10,1,70,,90728,1,0,10,2,29,,90744,1,0,10,1,28,,90729,1,0,10,2,69,,90743,1,0,10,1,30,,90730,1,0,10,2,70,,90745,1,0,10,1,30,,90731,1,0,10,2,70,,90746,1,0,10,1,30,,90732,1,0,10,2,70,,90747,1,0,10,1,30,,90733,1,0,10,2,70,,90748,1,0,10,1,30,,90734,1,0,10,2,70,,90749,1,0,10,1,30,,90735,1,0,10,2,70,,90750,1,0,10,1,30,,90736,1,0,10,2,71,,90751,1,0,10,1,31,,90737,1,0,10,2,70,,90752,1,0,10,1,30,,90738,1,0,10,2,71,,90753,1,0,10,1,72,,90739,1,0,10,2,32,,90754,1,0,10,1,72,,90740,1,0,10,2,33,,90757,1,0,10,1,73,,90741,1,0,10,2,33,,90755,1,0,10,1,99,,90756,1,0,10,1,100,,90758,1,0,10,1,100,,90759,1,0,10,1,100,,90760,1,0,10,1,100,,90761,1,0,10,1
2202,'H59M200F-70-F2',500,,90762,1,0,10,2,30,,90777,1,0,10,1,70,,90763,1,0,10,2,29,,90778,1,0,10,1,28,,90764,1,0,10,2,69,,90780,1,0,10,1,30,,90765,1,0,10,2,70,,90779,1,0,10,1,30,,90766,1,0,10,2,70,,90781,1,0,10,1,30,,90768,1,0,10,2,70,,90782,1,0,10,1,30,,90767,1,0,10,2,70,,90783,1,0,10,1,30,,90769,1,0,10,2,70,,90784,1,0,10,1,30,,90770,1,0,10,2,70,,90785,1,0,10,1,30,,90771,1,0,10,2,71,,90786,1,0,10,1,31,,90772,1,0,10,2,70,,90787,1,0,10,1,30,,90773,1,0,10,2,71,,90788,1,0,10,1,72,,90774,1,0,10,2,32,,90789,1,0,10,1,72,,90775,1,0,10,2,33,,90790,1,0,10,1,73,,90776,1,0,10,2,33,,90791,1,0,10,1,99,,90792,1,0,10,1,100,,90794,1,0,10,1,100,,90793,1,0,10,1,100,,90795,1,0,10,1,100,,90796,1,0,10,1
2202,'H59M300F-70-F3',500,,90797,1,0,10,2,30,,90812,1,0,10,1,70,,90798,1,0,10,2,29,,90813,1,0,10,1,28,,90801,1,0,10,2,69,,90814,1,0,10,1,30,,90799,1,0,10,2,70,,90815,1,0,10,1,30,,90800,1,0,10,2,70,,90816,1,0,10,1,30,,90802,1,0,10,2,70,,90817,1,0,10,1,30,,90803,1,0,10,2,70,,90818,1,0,10,1,30,,90804,1,0,10,2,70,,90820,1,0,10,1,30,,90805,1,0,10,2,70,,90819,1,0,10,1,30,,90806,1,0,10,2,71,,90821,1,0,10,1,31,,90807,1,0,10,2,70,,90822,1,0,10,1,30,,90808,1,0,10,2,71,,90823,1,0,10,1,72,,90809,1,0,10,2,32,,90824,1,0,10,1,72,,90810,1,0,10,2,33,,90825,1,0,10,1,73,,90811,1,0,10,2,33,,90826,1,0,10,1,99,,90827,1,0,10,1,100,,90828,1,0,10,1,100,,90829,1,0,10,1,100,,90830,1,0,10,1,100,,90831,1,0,10,1
