4404,'H54M000A-80-A',454,,184370,7,0,9,1,69,,184389,7,0,9,2,29,,184403,7,0,9,1,70,,184371,7,0,9,1,28,,184390,7,0,9,2,64,,184404,7,0,9,1,21,,184372,7,0,9,1,21,,184419,7,0,9,1,63,,184391,7,0,9,2,23,,184405,7,0,9,1,60,,184408,7,0,9,2,20,,184420,7,0,9,1,20,,184392,7,0,9,2,60,,184406,7,0,9,1,21,,184409,7,0,9,2,21,,184421,7,0,9,1,60,,184380,7,0,9,1,14,,184393,7,0,9,2,14,,184407,7,0,9,1,13,,184410,7,0,9,2,12,,184425,7,0,9,2,52,,184422,7,0,9,1,13,,184375,7,0,9,2,14,,184381,7,0,9,1,14,,184394,7,0,9,2,53,,184428,7,0,9,2,12,,184411,7,0,9,2,12,,184426,7,0,9,2,12,,184431,7,0,9,1,13,,184376,7,0,9,2,53,,184382,7,0,9,1,15,,184395,7,0,9,2,15,,184429,7,0,9,2,15,,184412,7,0,9,2,55,,184427,7,0,9,2,14,,184377,7,0,9,2,15,,184383,7,0,9,1,16,,184396,7,0,9,2,57,,184430,7,0,9,2,17,,184413,7,0,9,2,17,,184378,7,0,9,2,10,,184369,7,0,9,1,50,,184384,7,0,9,1,12,,184397,7,0,9,2,16,,184418,7,0,9,1,16,,184414,7,0,9,2,58,,184379,7,0,9,2,17,,184385,7,0,9,1,22,,184398,7,0,9,2,66,,184415,7,0,9,2,28,,184386,7,0,9,1,69,,184399,7,0,9,2,29,,184416,7,0,9,2,68,,184387,7,0,9,1,28,,184400,7,0,9,2,28,,184417,7,0,9,2,69,,184388,7,0,9,1,73,,184401,7,0,9,2,32,,184423,7,0,9,2,72,,184373,7,0,9,1,31,,184402,7,0,9,2,71,,184424,7,0,9,2,30,,184374,7,0,9,1
4404,'H54M000I-81-I',451,,184433,7,0,9,2,73,,184451,7,0,9,1,33,,184434,7,0,9,2,73,,184452,7,0,9,1,72,,184456,7,0,9,1,26,,184435,7,0,9,2,25,,184445,7,0,9,1,60,,184457,7,0,9,1,20,,184462,7,0,9,2,20,,184436,7,0,9,2,61,,184446,7,0,9,1,21,,184463,7,0,9,1,21,,184458,7,0,9,1,59,,184437,7,0,9,2,19,,184447,7,0,9,1,19,,184464,7,0,9,1,59,,184459,7,0,9,1,19,,184472,7,0,9,2,19,,184438,7,0,9,2,60,,184448,7,0,9,1,20,,184460,7,0,9,1,16,,184474,7,0,9,1,54,,184473,7,0,9,2,14,,184439,7,0,9,2,15,,184449,7,0,9,1,14,,184484,7,0,9,2,14,,184461,7,0,9,1,55,,184475,7,0,9,1,14,,184440,7,0,9,2,14,,184453,7,0,9,1,16,,184450,7,0,9,1,60,,184485,7,0,9,2,20,,184476,7,0,9,1,20,,184441,7,0,9,2,59,,184454,7,0,9,1,19,,184482,7,0,9,2,16,,184486,7,0,9,2,55,,184477,7,0,9,1,15,,184442,7,0,9,2,15,,184443,7,0,9,1,16,,184483,7,0,9,2,69,,184478,7,0,9,1,29,,184444,7,0,9,1,70,,184432,7,0,9,2,30,,184479,7,0,9,1,73,,184467,7,0,9,2,33,,184480,7,0,9,1,73,,184468,7,0,9,2,73,,184481,7,0,9,1,29,,184470,7,0,9,1,73,,184469,7,0,9,1,33,,184471,7,0,9,1,72,,184465,7,0,9,1,32,,184455,7,0,9,1,73,,184466,7,0,9,1
4404,'H54M000S-81-S',452,,184490,7,0,9,1,67,,184504,7,0,9,2,24,,184509,7,0,9,2,63,,184491,7,0,9,1,15,,184508,7,0,9,1,10,,184525,7,0,9,2,9,,184505,7,0,9,2,8,,184487,7,0,9,1,8,,184523,7,0,9,1,47,,184499,7,0,9,1,7,,184533,7,0,9,2,7,,184510,7,0,9,2,9,,184518,7,0,9,2,9,,184492,7,0,9,1,11,,184528,7,0,9,2,11,,184526,7,0,9,2,50,,184496,7,0,9,1,10,,184488,7,0,9,1,10,,184511,7,0,9,2,10,,184534,7,0,9,2,10,,184527,7,0,9,1,10,,184536,7,0,9,2,51,,184500,7,0,9,1,11,,184529,7,0,9,2,12,,184497,7,0,9,1,20,,184512,7,0,9,2,61,,184519,7,0,9,1,21,,184501,7,0,9,1,21,,184498,7,0,9,1,61,,184513,7,0,9,2,20,,184520,7,0,9,1,21,,184502,7,0,9,1,62,,184537,7,0,9,2,22,,184514,7,0,9,2,16,,184489,7,0,9,1,54,,184521,7,0,9,1,14,,184503,7,0,9,1,18,,184530,7,0,9,2,58,,184538,7,0,9,2,21,,184515,7,0,9,2,21,,184522,7,0,9,1,60,,184506,7,0,9,1,15,,184531,7,0,9,2,15,,184539,7,0,9,2,15,,184516,7,0,9,2,56,,184545,7,0,9,2,16,,184547,7,0,9,2,14,,184507,7,0,9,1,14,,184532,7,0,9,2,54,,184540,7,0,9,2,18,,184517,7,0,9,2,24,,184493,7,0,9,1,65,,184549,7,0,9,2,24,,184524,7,0,9,2,23,,184546,7,0,9,2,62,,184494,7,0,9,1,24,,184550,7,0,9,2,64,,184541,7,0,9,2,27,,184495,7,0,9,1,71,,184551,7,0,9,2,32,,184542,7,0,9,2,72,,184548,7,0,9,1,31,,184552,7,0,9,2,71,,184543,7,0,9,2,32,,184554,7,0,9,1,70,,184553,7,0,9,2,30,,184544,7,0,9,2,71,,184555,7,0,9,1
35301,'H54M000A-80-A',2705,,214161,76,0,5,1,49,,214164,76,0,5,1,86,,214163,76,0,5,1,81,,214162,76,0,5,1
35301,'H54M000I-81-I',2621,,214169,76,0,5,1,88,,214165,76,0,5,2,45,,214167,76,0,5,1,85,,214166,76,0,5,1,81,,214168,76,0,5,1
35301,'H54M000S-81-S',2621,,214170,76,0,5,1,85,,214174,76,0,5,1,46,,214171,76,0,5,1,85,,214173,76,0,5,2,80,,214172,76,0,5,1
37202,'H54M000A-80-A',2546,,214903,17,0,10,1,90,,214902,17,0,10,1,85,,214901,17,0,10,1,84,,214904,17,0,10,1,50,,214905,17,0,10,1
37202,'H54M000I-81-I',2551,,214909,17,0,10,2,85,,214907,17,0,10,1,86,,214906,17,0,10,1,86,,214908,17,0,10,1,49,,214910,17,0,10,1
37202,'H54M000S-81-S',2527,,214911,17,0,10,1,80,,214913,17,0,10,2,40,,214915,17,0,10,1,82,,214914,17,0,10,1,82,,214916,17,0,10,1,48,,214912,17,0,10,1
44904,'H54M000S-81-S',544,,216332,28,0,9,2,10,,216333,28,0,9,1,50,,216336,28,0,9,1,10,,216338,28,0,9,2,10,,216339,28,0,9,2,9,,216342,28,0,9,2,10,,216344,28,0,9,2,9,,216348,28,0,9,2,49,,216328,28,0,9,1,16,,216350,28,0,9,2,7,,216351,28,0,9,2,7,,216334,28,0,9,1,8,,216341,28,0,9,2,8,,216352,28,0,9,2,9,,216357,28,0,9,2,49,,216340,28,0,9,2,12,,216343,28,0,9,2,14,,216329,28,0,9,1,22,,216337,28,0,9,1,62,,216349,28,0,9,2,22,,216335,28,0,9,2,22,,216324,28,0,9,1,62,,216330,28,0,9,1,22,,216353,28,0,9,2,65,,216345,28,0,9,2,29,,216325,28,0,9,1,68,,216361,28,0,9,2,29,,216331,28,0,9,1,68,,216346,28,0,9,2,27,,216326,28,0,9,1,26,,216362,28,0,9,2,67,,216358,28,0,9,1,28,,216347,28,0,9,2,67,,216327,28,0,9,1,26,,216363,28,0,9,2,63,,216367,28,0,9,1,23,,216365,28,0,9,2,25,,216371,28,0,9,2,68,,216370,28,0,9,1,29,,216364,28,0,9,2,68,,216366,28,0,9,2,29,,216354,28,0,9,2,70,,216359,28,0,9,1,29,,216368,28,0,9,1,69,,216372,28,0,9,2,30,,216355,28,0,9,2,70,,216360,28,0,9,1,31,,216369,28,0,9,1,70,,216356,28,0,9,2
44904,'H59M000S-80-S',708,,216373,28,0,9,1
