8004,'H50U000A-82-A',532,,241535,17,0,9,1,72,,241527,17,0,9,1,33,,241547,17,0,9,1,72,,241536,17,0,9,1,32,,241528,17,0,9,1,74,,241548,17,0,9,1,31,,241537,17,0,9,1,66,,241529,17,0,9,1,20,,241573,17,0,9,1,19,,241549,17,0,9,1,59,,241552,17,0,9,1,19,,241538,17,0,9,1,21,,241530,17,0,9,1,60,,241557,17,0,9,1,20,,241550,17,0,9,1,20,,241553,17,0,9,1,60,,241531,17,0,9,1,18,,241539,17,0,9,1,19,,241551,17,0,9,1,59,,241558,17,0,9,1,20,,241554,17,0,9,1,20,,241562,17,0,9,1,60,,241532,17,0,9,1,19,,241540,17,0,9,1,20,,241559,17,0,9,1,60,,241555,17,0,9,1,20,,241563,17,0,9,1,20,,241533,17,0,9,1,60,,241541,17,0,9,1,20,,241560,17,0,9,1,20,,241556,17,0,9,1,63,,241564,17,0,9,1,23,,241534,17,0,9,1,22,,241542,17,0,9,1,59,,241561,17,0,9,1,22,,241575,17,0,9,1,24,,241565,17,0,9,1,63,,241566,17,0,9,1,23,,241543,17,0,9,1,62,,241574,17,0,9,1,26,,241576,17,0,9,1,68,,241567,17,0,9,1,28,,241544,17,0,9,1,30,,241577,17,0,9,1,69,,241568,17,0,9,1,29,,241545,17,0,9,1,69,,241571,17,0,9,1,31,,241569,17,0,9,1,69,,241546,17,0,9,1,30,,241572,17,0,9,1,70,,241570,17,0,9,1
8004,'H50U000I-82-I',532,,241624,17,0,9,1,69,,241578,17,0,9,1,34,,241590,17,0,9,1,69,,241599,17,0,9,1,31,,241579,17,0,9,1,71,,241591,17,0,9,1,32,,241600,17,0,9,1,73,,241580,17,0,9,1,31,,241592,17,0,9,1,65,,241601,17,0,9,1,26,,241605,17,0,9,1,24,,241581,17,0,9,1,64,,241593,17,0,9,1,24,,241602,17,0,9,1,64,,241606,17,0,9,1,25,,241582,17,0,9,1,25,,241594,17,0,9,1,65,,241603,17,0,9,1,25,,241607,17,0,9,1,65,,241583,17,0,9,1,22,,241595,17,0,9,1,17,,241613,17,0,9,1,54,,241604,17,0,9,1,15,,241610,17,0,9,1,17,,241608,17,0,9,1,20,,241584,17,0,9,1,58,,241596,17,0,9,1,20,,241614,17,0,9,1,20,,241611,17,0,9,1,60,,241609,17,0,9,1,20,,241585,17,0,9,1,22,,241597,17,0,9,1,65,,241615,17,0,9,1,27,,241623,17,0,9,1,68,,241586,17,0,9,1,27,,241612,17,0,9,1,66,,241616,17,0,9,1,26,,241598,17,0,9,1,69,,241587,17,0,9,1,29,,241617,17,0,9,1,69,,241620,17,0,9,1,29,,241588,17,0,9,1,69,,241618,17,0,9,1,29,,241621,17,0,9,1,69,,241589,17,0,9,1,33,,241619,17,0,9,1,71,,241622,17,0,9,1
8004,'H50U000S-83-S',533,,241628,17,0,9,1,67,,241625,17,0,9,1,27,,241636,17,0,9,1,25,,241630,17,0,9,1,53,,241629,17,0,9,1,14,,241637,17,0,9,1,13,,241639,17,0,9,1,14,,241626,17,0,9,1,10,,241640,17,0,9,1,52,,241641,17,0,9,1,10,,241631,17,0,9,1,12,,241642,17,0,9,1,12,,241643,17,0,9,1,9,,241650,17,0,9,1,52,,241638,17,0,9,1,11,,241651,17,0,9,1,12,,241627,17,0,9,1,9,,241655,17,0,9,1,10,,241659,17,0,9,1,12,,241632,17,0,9,1,56,,241660,17,0,9,1,17,,241644,17,0,9,1,17,,241661,17,0,9,1,60,,241652,17,0,9,1,20,,241656,17,0,9,1,21,,241633,17,0,9,1,61,,241645,17,0,9,1,21,,241662,17,0,9,1,21,,241653,17,0,9,1,62,,241657,17,0,9,1,22,,241634,17,0,9,1,20,,241646,17,0,9,1,59,,241663,17,0,9,1,22,,241654,17,0,9,1,22,,241658,17,0,9,1,61,,241635,17,0,9,1,20,,241647,17,0,9,1,61,,241664,17,0,9,1,21,,241665,17,0,9,1,21,,241666,17,0,9,1,61,,241667,17,0,9,1,22,,241648,17,0,9,1,19,,241669,17,0,9,1,59,,241675,17,0,9,1,22,,241680,17,0,9,1,21,,241668,17,0,9,1,61,,241649,17,0,9,1,26,,241670,17,0,9,1,68,,241676,17,0,9,1,30,,241681,17,0,9,1,70,,241671,17,0,9,1,30,,241677,17,0,9,1,28,,241682,17,0,9,1,69,,241672,17,0,9,1,28,,241678,17,0,9,1,67,,241683,17,0,9,1,29,,241673,17,0,9,1,69,,241679,17,0,9,1,27,,241684,17,0,9,1,68,,241674,17,0,9,1
8004,'H50U100F-80-F1',532,,241731,17,0,9,1,69,,241685,17,0,9,1,34,,241697,17,0,9,1,69,,241706,17,0,9,1,31,,241686,17,0,9,1,71,,241698,17,0,9,1,32,,241707,17,0,9,1,73,,241687,17,0,9,1,31,,241699,17,0,9,1,65,,241708,17,0,9,1,26,,241712,17,0,9,1,24,,241688,17,0,9,1,64,,241700,17,0,9,1,24,,241709,17,0,9,1,64,,241713,17,0,9,1,25,,241689,17,0,9,1,25,,241701,17,0,9,1,65,,241710,17,0,9,1,25,,241714,17,0,9,1,65,,241690,17,0,9,1,22,,241702,17,0,9,1,17,,241720,17,0,9,1,54,,241711,17,0,9,1,15,,241717,17,0,9,1,17,,241715,17,0,9,1,20,,241691,17,0,9,1,58,,241703,17,0,9,1,20,,241721,17,0,9,1,20,,241718,17,0,9,1,60,,241716,17,0,9,1,20,,241692,17,0,9,1,22,,241704,17,0,9,1,65,,241722,17,0,9,1,27,,241730,17,0,9,1,68,,241693,17,0,9,1,27,,241719,17,0,9,1,66,,241723,17,0,9,1,26,,241705,17,0,9,1,69,,241694,17,0,9,1,29,,241724,17,0,9,1,69,,241727,17,0,9,1,29,,241695,17,0,9,1,69,,241725,17,0,9,1,29,,241728,17,0,9,1,69,,241696,17,0,9,1,33,,241726,17,0,9,1,71,,241729,17,0,9,1
8004,'H50U200F-80-F2',532,,241778,17,0,9,1,69,,241732,17,0,9,1,34,,241744,17,0,9,1,69,,241753,17,0,9,1,31,,241733,17,0,9,1,71,,241745,17,0,9,1,32,,241754,17,0,9,1,73,,241734,17,0,9,1,31,,241746,17,0,9,1,65,,241755,17,0,9,1,26,,241759,17,0,9,1,24,,241735,17,0,9,1,64,,241747,17,0,9,1,24,,241756,17,0,9,1,64,,241760,17,0,9,1,25,,241736,17,0,9,1,25,,241748,17,0,9,1,65,,241757,17,0,9,1,25,,241761,17,0,9,1,65,,241737,17,0,9,1,22,,241749,17,0,9,1,17,,241767,17,0,9,1,54,,241758,17,0,9,1,15,,241764,17,0,9,1,17,,241762,17,0,9,1,20,,241738,17,0,9,1,58,,241750,17,0,9,1,20,,241768,17,0,9,1,20,,241765,17,0,9,1,60,,241763,17,0,9,1,20,,241739,17,0,9,1,22,,241751,17,0,9,1,65,,241769,17,0,9,1,27,,241777,17,0,9,1,68,,241740,17,0,9,1,27,,241766,17,0,9,1,66,,241770,17,0,9,1,26,,241752,17,0,9,1,69,,241741,17,0,9,1,29,,241771,17,0,9,1,69,,241774,17,0,9,1,29,,241742,17,0,9,1,69,,241772,17,0,9,1,29,,241775,17,0,9,1,69,,241743,17,0,9,1,33,,241773,17,0,9,1,71,,241776,17,0,9,1
36504,'H58U000A-80-A',2555,,277530,46,0,9,1,74,,277528,46,0,9,2,73,,277532,46,0,9,1,36,,277533,46,0,9,2,72,,277534,46,0,9,2,32,,277531,46,0,9,1,72,,277529,46,0,9,2
36504,'H58U000I-80-I',2553,,277537,46,0,9,1,80,,277539,46,0,9,2,80,,277535,46,0,9,1,40,,277538,46,0,9,1,81,,277540,46,0,9,2,80,,277536,46,0,9,1
36504,'H58U000S-80-S',2552,,277543,46,0,9,1,81,,277545,46,0,9,2,80,,277542,46,0,9,1,40,,277541,46,0,9,1,82,,277544,46,0,9,1,80,,277546,46,0,9,2
36504,'H58U100F-80-F1',2553,,277549,46,0,9,1,80,,277551,46,0,9,2,80,,277547,46,0,9,1,40,,277550,46,0,9,1,81,,277552,46,0,9,2,80,,277548,46,0,9,1
36504,'H58U200F-80-F2',2553,,277553,46,0,9,1,80,,277555,46,0,9,2,80,,277557,46,0,9,2,40,,277554,46,0,9,1,81,,277556,46,0,9,2,80,,277558,46,0,9,2
48004,'H50U000S-83-S',623,,281013,9,0,9,1,19,,281010,17,0,9,1,72,,281012,17,0,9,1,10,,281016,9,0,9,1,15,,281018,17,0,9,1,13,,281022,9,0,9,1,51,,281020,17,0,9,1,23,,281014,9,0,9,1,10,,281015,17,0,9,1,10,,281017,9,0,9,1,9,,281021,17,0,9,1,64,,281019,17,0,9,1,31,,281011,17,0,9,1
