4302,'H54M000S-70-S',1608,,98886,12,0,10,2
4302,'H58M000A-70-A',524,,98893,12,0,10,2,32,,98902,12,0,10,2,72,,98892,12,0,10,1,74,,98887,12,0,10,1,33,,98894,12,0,10,2,73,,98895,12,0,10,1,33,,98903,12,0,10,2,72,,98888,12,0,10,1,31,,98910,12,0,10,1,73,,98896,12,0,10,1,32,,98904,12,0,10,2,72,,98889,12,0,10,1,32,,98911,12,0,10,1,72,,98897,12,0,10,1,32,,98905,12,0,10,2,72,,98890,12,0,10,1,72,,98912,12,0,10,1,32,,98898,12,0,10,1,72,,98906,12,0,10,2,25,,98918,12,0,10,2,25,,98891,12,0,10,1,65,,98913,12,0,10,1,29,,98899,12,0,10,1,69,,98907,12,0,10,2,30,,98919,12,0,10,2,70,,98914,12,0,10,1,29,,98900,12,0,10,1,69,,98908,12,0,10,2,29,,98920,12,0,10,2,69,,98915,12,0,10,1,29,,98901,12,0,10,1,69,,98909,12,0,10,2,31,,98921,12,0,10,2,71,,98916,12,0,10,1,94,,98922,12,0,10,2,97,,98917,12,0,10,1,97,,98923,12,0,10,2
4302,'H58M000I-70-I',558,,98941,12,0,10,2,75,,98930,12,0,10,2,75,,98932,12,0,10,1,34,,98942,12,0,10,2,75,,98931,12,0,10,2,34,,98933,12,0,10,1,74,,98952,12,0,10,2,34,,98943,12,0,10,2,72,,98954,12,0,10,1,72,,98934,12,0,10,1,26,,98960,12,0,10,2,26,,98924,12,0,10,1,69,,98944,12,0,10,2,29,,98955,12,0,10,1,70,,98935,12,0,10,1,29,,98925,12,0,10,1,69,,98945,12,0,10,2,30,,98956,12,0,10,1,70,,98936,12,0,10,1,29,,98926,12,0,10,1,69,,98946,12,0,10,2,29,,98957,12,0,10,1,69,,98937,12,0,10,1,29,,98927,12,0,10,1,69,,98947,12,0,10,2,29,,98958,12,0,10,1,68,,98938,12,0,10,1,28,,98928,12,0,10,1,70,,98948,12,0,10,2,30,,98959,12,0,10,1,69,,98939,12,0,10,1,28,,98929,12,0,10,1,71,,98949,12,0,10,2,51,,98940,12,0,10,1,93,,98950,12,0,10,2,94,,98953,12,0,10,1,94,,98951,12,0,10,2
4302,'H58M000S-70-S',451,,98961,12,0,10,2,59,,98962,12,0,10,1,26,,98977,12,0,10,1,65,,98979,12,0,10,2,29,,98981,12,0,10,2,72,,98963,12,0,10,1,34,,98978,12,0,10,1,74,,98980,12,0,10,2,33,,98987,12,0,10,2,72,,98964,12,0,10,1,33,,98991,12,0,10,2,72,,98970,12,0,10,1,33,,98988,12,0,10,2,72,,98965,12,0,10,1,32,,98995,12,0,10,2,71,,98982,12,0,10,2,31,,98971,12,0,10,1,70,,98989,12,0,10,2,30,,98966,12,0,10,1,72,,98996,12,0,10,2,71,,98983,12,0,10,2,33,,98972,12,0,10,1,96,,98967,12,0,10,1,25,,98997,12,0,10,2,71,,98984,12,0,10,2,32,,98973,12,0,10,1,69,,98990,12,0,10,2,26,,98968,12,0,10,1,69,,98998,12,0,10,2,30,,98985,12,0,10,2,71,,98974,12,0,10,1,31,,98969,12,0,10,1,71,,98999,12,0,10,2,31,,98992,12,0,10,1,71,,98975,12,0,10,1,76,,98986,12,0,10,2,45,,98993,12,0,10,1,84,,98976,12,0,10,1,97,,98994,12,0,10,1
4302,'H58M100F-70-F1',450,,99030,12,0,10,2,59,,99000,12,0,10,1,26,,99015,12,0,10,1,65,,99031,12,0,10,2,28,,99034,12,0,10,1,72,,99001,12,0,10,1,34,,99016,12,0,10,1,75,,99032,12,0,10,2,33,,99009,12,0,10,2,72,,99002,12,0,10,1,33,,99017,12,0,10,1,72,,99033,12,0,10,2,32,,99010,12,0,10,2,72,,99003,12,0,10,1,32,,99021,12,0,10,1,71,,99024,12,0,10,1,31,,99018,12,0,10,2,71,,99011,12,0,10,2,30,,99004,12,0,10,1,70,,99022,12,0,10,1,31,,99025,12,0,10,1,73,,99019,12,0,10,2,73,,99012,12,0,10,2,23,,99005,12,0,10,1,25,,99023,12,0,10,1,71,,99039,12,0,10,1,32,,99020,12,0,10,2,71,,99013,12,0,10,2,26,,99006,12,0,10,1,69,,99037,12,0,10,1,30,,99026,12,0,10,1,71,,99014,12,0,10,2,31,,99007,12,0,10,1,71,,99038,12,0,10,1,30,,99027,12,0,10,1,71,,99035,12,0,10,1,77,,99008,12,0,10,1,50,,99028,12,0,10,1,93,,99036,12,0,10,1,94,,99029,12,0,10,1
4302,'H58M200F-70-F2',450,,99070,12,0,10,2,59,,99040,12,0,10,1,26,,99055,12,0,10,1,65,,99071,12,0,10,2,28,,99074,12,0,10,1,72,,99041,12,0,10,1,34,,99056,12,0,10,1,75,,99072,12,0,10,2,33,,99049,12,0,10,2,72,,99042,12,0,10,1,33,,99057,12,0,10,1,72,,99073,12,0,10,2,32,,99050,12,0,10,2,72,,99043,12,0,10,1,32,,99061,12,0,10,1,71,,99064,12,0,10,1,31,,99058,12,0,10,2,71,,99051,12,0,10,2,30,,99044,12,0,10,1,70,,99062,12,0,10,1,31,,99065,12,0,10,1,73,,99059,12,0,10,2,73,,99052,12,0,10,2,23,,99045,12,0,10,1,25,,99063,12,0,10,1,71,,99079,12,0,10,1,32,,99060,12,0,10,2,71,,99053,12,0,10,2,26,,99046,12,0,10,1,69,,99077,12,0,10,1,30,,99066,12,0,10,1,71,,99054,12,0,10,2,31,,99047,12,0,10,1,71,,99078,12,0,10,1,30,,99067,12,0,10,1,71,,99075,12,0,10,1,77,,99048,12,0,10,1,50,,99068,12,0,10,1,93,,99076,12,0,10,1,94,,99069,12,0,10,1
4302,'H58M300F-70-F3',450,,99110,12,0,10,2,59,,99080,12,0,10,1,26,,99095,12,0,10,1,65,,99111,12,0,10,2,28,,99114,12,0,10,1,72,,99081,12,0,10,1,34,,99096,12,0,10,1,75,,99112,12,0,10,2,33,,99089,12,0,10,2,72,,99082,12,0,10,1,33,,99097,12,0,10,1,72,,99113,12,0,10,2,32,,99090,12,0,10,2,72,,99083,12,0,10,1,32,,99101,12,0,10,1,71,,99104,12,0,10,1,31,,99098,12,0,10,2,71,,99091,12,0,10,2,30,,99084,12,0,10,1,70,,99102,12,0,10,1,31,,99105,12,0,10,1,73,,99099,12,0,10,2,73,,99092,12,0,10,2,23,,99085,12,0,10,1,25,,99103,12,0,10,1,71,,99119,12,0,10,1,32,,99100,12,0,10,2,71,,99093,12,0,10,2,26,,99086,12,0,10,1,69,,99117,12,0,10,1,30,,99106,12,0,10,1,71,,99094,12,0,10,2,31,,99087,12,0,10,1,71,,99118,12,0,10,1,30,,99107,12,0,10,1,71,,99115,12,0,10,1,77,,99088,12,0,10,1,50,,99108,12,0,10,1,93,,99116,12,0,10,1,94,,99109,12,0,10,1
4902,'H50M000S-70-S',1005,,102205,18,0,10,2
4902,'H51M000S-70-S',855,,102207,18,0,10,1,57,,102206,18,0,10,1
4902,'H54M000S-70-S',929,,102208,18,0,10,1,626,,102209,18,0,10,2,61,,102211,18,0,10,2
4902,'H57M000S-70-S',829,,102212,18,0,10,1
4902,'H58M000A-70-A',504,,102214,18,0,10,1,15,,102216,18,0,10,1,15,,102218,18,0,10,2,16,,102225,18,0,10,1,57,,102227,18,0,10,2,17,,102232,18,0,10,1,16,,102237,18,0,10,2,15,,102238,18,0,10,1,54,,102242,18,0,10,2,13,,102230,18,0,10,1,14,,102248,18,0,10,1,16,,102226,18,0,10,1,56,,102228,18,0,10,2,15,,102251,18,0,10,1,13,,102233,18,0,10,1,12,,102220,18,0,10,1,53,,102239,18,0,10,1,13,,102240,18,0,10,1,13,,102231,18,0,10,1,11,,102243,18,0,10,2,14,,102250,18,0,10,1,56,,102252,18,0,10,2,16,,102229,18,0,10,2,16,,102254,18,0,10,2,16,,102234,18,0,10,1,56,,102256,18,0,10,2,17,,102241,18,0,10,1,19,,102258,18,0,10,2,60,,102244,18,0,10,2,19,,102253,18,0,10,2,17,,102261,18,0,10,2,57,,102255,18,0,10,2,17,,102235,18,0,10,1,14,,102265,18,0,10,2,14,,102257,18,0,10,2,54,,102269,18,0,10,2,17,,102259,18,0,10,2,18,,102245,18,0,10,2,19,,102213,18,0,10,1,61,,102262,18,0,10,2,20,,102236,18,0,10,1,21,,102266,18,0,10,2,61,,102270,18,0,10,2,21,,102260,18,0,10,2,21,,102246,18,0,10,2,61,,102221,18,0,10,1,22,,102263,18,0,10,2,62,,102217,18,0,10,2,21,,102215,18,0,10,1,21,,102223,18,0,10,1,61,,102271,18,0,10,2,28,,102222,18,0,10,1,68,,102219,18,0,10,2,30,,102273,18,0,10,2,70,,102224,18,0,10,1,30,,102267,18,0,10,1,70,,102264,18,0,10,1,30,,102247,18,0,10,1,68,,102274,18,0,10,2,25,,102272,18,0,10,2,32,,102268,18,0,10,1,72,,102249,18,0,10,2,71,,102275,18,0,10,2
4902,'H58M000I-70-I',504,,102278,18,0,10,2,25,,102281,18,0,10,2,25,,102284,18,0,10,1,67,,102287,18,0,10,1,28,,102276,18,0,10,1,68,,102280,18,0,10,2,28,,102285,18,0,10,1,57,,102286,18,0,10,2,17,,102288,18,0,10,1,17,,102300,18,0,10,1,16,,102277,18,0,10,1,56,,102304,18,0,10,2,21,,102282,18,0,10,2,20,,102307,18,0,10,1,61,,102293,18,0,10,1,22,,102289,18,0,10,1,21,,102283,18,0,10,1,62,,102305,18,0,10,2,21,,102291,18,0,10,1,21,,102308,18,0,10,1,60,,102316,18,0,10,1,20,,102294,18,0,10,1,20,,102298,18,0,10,2,60,,102303,18,0,10,2,16,,102306,18,0,10,2,16,,102319,18,0,10,2,60,,102292,18,0,10,1,20,,102317,18,0,10,1,22,,102322,18,0,10,2,62,,102295,18,0,10,1,26,,102299,18,0,10,2,70,,102320,18,0,10,2,32,,102318,18,0,10,1,70,,102323,18,0,10,2,30,,102296,18,0,10,1,70,,102321,18,0,10,2,29,,102297,18,0,10,1,68,,102314,18,0,10,1,29,,102279,18,0,10,2,69,,102311,18,0,10,1,29,,102290,18,0,10,2,70,,102309,18,0,10,1,30,,102315,18,0,10,1,70,,102301,18,0,10,1,30,,102312,18,0,10,1,72,,102310,18,0,10,1,31,,102324,18,0,10,1,64,,102302,18,0,10,1,24,,102313,18,0,10,1
4902,'H58M000S-70-S',447,,102325,30,0,10,2,54,,102328,18,0,10,2,6,,102330,30,0,10,2,2,,102331,18,0,10,2,7,,102333,18,0,10,2,7,,102334,18,0,10,2,6,,102335,18,0,10,1,8,,102336,30,0,10,1,6,,102337,18,0,10,2,10,,102345,30,0,10,2,50,,102346,18,0,10,2,8,,102350,18,0,10,1,8,,102352,18,0,10,2,8,,102354,18,0,10,1,9,,102355,18,0,10,1,7,,102359,18,0,10,2,6,,102326,18,0,10,2,6,,102360,18,0,10,2,45,,102327,18,0,10,2,5,,102329,18,0,10,2,9,,102368,18,0,10,2,9,,102375,18,0,10,2,8,,102332,18,0,10,2,9,,102383,18,0,10,1,9,,102384,18,0,10,1,9,,102338,18,0,10,2,50,,102386,18,0,10,1,11,,102347,18,0,10,2,18,,102353,18,0,10,2,8,,102372,18,0,10,2,59,,102356,18,0,10,1,16,,102361,18,0,10,2,18,,102369,18,0,10,2,12,,102363,18,0,10,2,72,,102366,18,0,10,1,18,,102349,18,0,10,1,18,,102377,18,0,10,1,59,,102373,18,0,10,2,18,,102357,18,0,10,1,19,,102370,18,0,10,2,55,,102387,18,0,10,1,15,,102364,18,0,10,2,14,,102389,18,0,10,2,12,,102367,18,0,10,1,53,,102390,18,0,10,2,13,,102378,18,0,10,1,15,,102376,18,0,10,2,17,,102374,18,0,10,2,57,,102358,18,0,10,1,16,,102371,18,0,10,2,16,,102388,18,0,10,1,17,,102365,18,0,10,2,56,,102362,18,0,10,2,15,,102391,18,0,10,2,15,,102379,18,0,10,1,100,,102351,18,0,10,1,60,,102385,24,0,10,2,22,,102393,18,0,10,1,24,,102397,24,0,10,2,62,,102380,18,0,10,1,16,,102344,18,0,10,1,16,,102348,18,0,10,1,18,,102401,24,0,10,2,61,,102340,18,0,10,1,21,,102394,18,0,10,1,62,,102398,18,0,10,2,30,,102381,18,0,10,1,71,,102396,18,0,10,2,31,,102341,18,0,10,1,71,,102399,18,0,10,2,31,,102382,18,0,10,1,69,,102392,18,0,10,1,30,,102342,18,0,10,1,66,,102395,18,0,10,1,25,,102400,18,0,10,2
4902,'H58M100F-70-F1',504,,102419,18,0,10,1,15,,102405,18,0,10,2,15,,102461,18,0,10,1,16,,102424,18,0,10,2,57,,102407,18,0,10,1,17,,102438,18,0,10,1,16,,102402,18,0,10,2,15,,102416,18,0,10,2,54,,102420,18,0,10,1,13,,102458,18,0,10,1,14,,102455,18,0,10,1,16,,102425,18,0,10,2,56,,102408,18,0,10,1,13,,102439,18,0,10,1,14,,102409,18,0,10,1,12,,102429,18,0,10,2,53,,102417,18,0,10,2,13,,102436,18,0,10,1,14,,102459,18,0,10,1,11,,102411,18,0,10,1,14,,102456,18,0,10,1,56,,102410,18,0,10,2,16,,102406,18,0,10,2,16,,102421,18,0,10,1,16,,102430,18,0,10,2,56,,102403,18,0,10,1,17,,102437,18,0,10,1,19,,102426,18,0,10,2,60,,102443,18,0,10,1,19,,102446,18,0,10,2,17,,102415,18,0,10,1,57,,102422,18,0,10,1,17,,102431,18,0,10,2,14,,102434,18,0,10,2,14,,102404,18,0,10,1,54,,102448,18,0,10,2,17,,102427,18,0,10,2,18,,102444,18,0,10,1,19,,102447,18,0,10,2,61,,102423,18,0,10,1,20,,102432,18,0,10,2,21,,102435,18,0,10,2,61,,102418,18,0,10,2,21,,102428,18,0,10,2,21,,102445,18,0,10,1,61,,102449,18,0,10,2,22,,102433,18,0,10,2,62,,102412,18,0,10,2,21,,102440,18,0,10,1,21,,102413,18,0,10,1,60,,102451,18,0,10,1,28,,102457,18,0,10,1,68,,102452,18,0,10,1,30,,102441,18,0,10,1,70,,102414,18,0,10,1,30,,102454,18,0,10,1,70,,102450,18,0,10,2,30,,102463,18,0,10,1,27,,102442,18,0,10,1,68,,102462,18,0,10,1,31,,102460,18,0,10,1,68,,102453,18,0,10,1
4902,'H58M200F-70-F2',504,,102481,18,0,10,1,15,,102467,18,0,10,2,15,,102523,18,0,10,1,16,,102486,18,0,10,2,57,,102469,18,0,10,1,17,,102500,18,0,10,1,16,,102464,18,0,10,2,15,,102478,18,0,10,2,54,,102482,18,0,10,1,13,,102520,18,0,10,1,14,,102517,18,0,10,1,16,,102487,18,0,10,2,56,,102470,18,0,10,1,13,,102501,18,0,10,1,14,,102471,18,0,10,1,12,,102491,18,0,10,2,53,,102479,18,0,10,2,13,,102498,18,0,10,1,14,,102521,18,0,10,1,11,,102473,18,0,10,1,14,,102518,18,0,10,1,56,,102472,18,0,10,2,16,,102468,18,0,10,2,16,,102483,18,0,10,1,16,,102492,18,0,10,2,56,,102465,18,0,10,1,17,,102499,18,0,10,1,19,,102488,18,0,10,2,60,,102505,18,0,10,1,19,,102508,18,0,10,2,17,,102477,18,0,10,1,57,,102484,18,0,10,1,17,,102493,18,0,10,2,14,,102496,18,0,10,2,14,,102466,18,0,10,1,54,,102510,18,0,10,2,17,,102489,18,0,10,2,18,,102506,18,0,10,1,19,,102509,18,0,10,2,61,,102485,18,0,10,1,20,,102494,18,0,10,2,21,,102497,18,0,10,2,61,,102480,18,0,10,2,21,,102490,18,0,10,2,21,,102507,18,0,10,1,61,,102511,18,0,10,2,22,,102495,18,0,10,2,62,,102474,18,0,10,2,21,,102502,18,0,10,1,21,,102475,18,0,10,1,60,,102513,18,0,10,1,28,,102519,18,0,10,1,68,,102514,18,0,10,1,30,,102503,18,0,10,1,70,,102476,18,0,10,1,30,,102516,18,0,10,1,70,,102512,18,0,10,2,30,,102525,18,0,10,1,27,,102504,18,0,10,1,68,,102524,18,0,10,1,31,,102522,18,0,10,1,68,,102515,18,0,10,1
4902,'H58M300F-70-F3',504,,102543,18,0,10,1,15,,102529,18,0,10,2,15,,102585,18,0,10,1,16,,102548,18,0,10,2,57,,102531,18,0,10,1,17,,102562,18,0,10,1,16,,102526,18,0,10,2,15,,102540,18,0,10,2,54,,102544,18,0,10,1,13,,102582,18,0,10,1,14,,102579,18,0,10,1,16,,102549,18,0,10,2,56,,102532,18,0,10,1,13,,102563,18,0,10,1,14,,102533,18,0,10,1,12,,102553,18,0,10,2,53,,102541,18,0,10,2,13,,102560,18,0,10,1,14,,102583,18,0,10,1,11,,102535,18,0,10,1,14,,102580,18,0,10,1,56,,102534,18,0,10,2,16,,102530,18,0,10,2,16,,102545,18,0,10,1,16,,102554,18,0,10,2,56,,102527,18,0,10,1,17,,102561,18,0,10,1,19,,102550,18,0,10,2,60,,102567,18,0,10,1,19,,102570,18,0,10,2,17,,102539,18,0,10,1,57,,102546,18,0,10,1,17,,102555,18,0,10,2,14,,102558,18,0,10,2,14,,102528,18,0,10,1,54,,102572,18,0,10,2,17,,102551,18,0,10,2,18,,102568,18,0,10,1,19,,102571,18,0,10,2,61,,102547,18,0,10,1,20,,102556,18,0,10,2,21,,102559,18,0,10,2,61,,102542,18,0,10,2,21,,102552,18,0,10,2,21,,102569,18,0,10,1,61,,102573,18,0,10,2,22,,102557,18,0,10,2,62,,102536,18,0,10,2,21,,102564,18,0,10,1,21,,102537,18,0,10,1,60,,102575,18,0,10,1,28,,102581,18,0,10,1,68,,102576,18,0,10,1,30,,102565,18,0,10,1,70,,102538,18,0,10,1,30,,102578,18,0,10,1,70,,102574,18,0,10,2,30,,102587,18,0,10,1,27,,102566,18,0,10,1,68,,102586,18,0,10,1,31,,102584,18,0,10,1,68,,102577,18,0,10,1
35302,'H54M000A-70-A',2504,,153976,9,0,10,1,45,,153978,9,0,10,1,85,,153975,9,0,10,1,85,,153974,9,0,10,1,85,,153977,9,0,10,1
35302,'H54M000I-70-I',2505,,153983,9,0,10,1,45,,153982,9,0,10,1,85,,153981,9,0,10,1,85,,153980,9,0,10,1,85,,153979,9,0,10,1
35302,'H54M000S-70-S',2504,,153987,9,0,10,1,45,,153985,9,0,10,1,85,,153984,9,0,10,1,85,,153986,9,0,10,1,85,,153988,9,0,10,1
35302,'H54M100F-70-F1',2505,,153989,9,0,10,1,45,,153991,9,0,10,1,85,,153992,9,0,10,2,85,,153993,9,0,10,1,85,,153990,9,0,10,1
35302,'H54M200F-70-F2',2505,,153995,9,0,10,1,45,,153994,9,0,10,2,85,,153996,9,0,10,1,85,,153997,9,0,10,1,85,,153998,9,0,10,1
35302,'H54M300F-70-F3',2505,,154003,9,0,10,1,45,,154000,9,0,10,1,85,,154001,9,0,10,1,85,,154002,9,0,10,1,85,,153999,9,0,10,1
44802,'H54M000S-70-S',549,,157472,11,0,22 47,1,58,,157474,11,0,22 47,2,19,,157475,11,0,22 47,2,16,,157478,11,0,22 47,2,14,,157473,11,0,22 47,1,53,,157479,11,0,22 47,2,13,,157470,11,0,22 47,1,13,,157480,11,0,22 47,2,19,,157482,11,0,22 47,2,60,,157477,11,0,22 47,2,19,,157481,11,0,22 47,1,22,,157471,11,0,22 47,1,62,,157483,11,0,22 47,2,22,,157476,11,0,22 47,1
44802,'H54M200F-70-F2',549,,157497,11,0,22 47,2,72,,157499,11,0,22 47,2,30,,157501,11,0,22 47,1,70,,157492,11,0,22 47,1,30,,157500,11,0,22 47,2,69,,157502,11,0,22 47,1,29,,157493,11,0,22 47,1,65,,157498,11,0,22 47,2,25,,157491,11,0,22 47,1
