3702,'H56U000A-80-A',615,,229033,16,0,10,1,20,,228998,16,0,10,1,22,,229038,16,0,10,1,62,,229034,16,0,10,1,22,,228999,16,0,10,1,62,,229039,16,0,10,1,22,,229003,16,0,10,1,22,,229000,16,0,10,1,68,,229040,16,0,10,1,28,,229004,16,0,10,1,69,,229015,16,0,10,1,27,,229009,16,0,10,1,68,,229005,16,0,10,1,28,,229016,16,0,10,1,69,,229010,16,0,10,1,31,,229006,16,0,10,1,70,,229017,16,0,10,1,29,,229011,16,0,10,1,68,,229007,16,0,10,1,28,,229018,16,0,10,1,29,,229012,16,0,10,1,70,,229008,16,0,10,1,29,,229019,16,0,10,1,68,,229013,16,0,10,1,28,,229022,16,0,10,1,68,,229020,16,0,10,1,30,,229014,16,0,10,1,71,,229023,16,0,10,1,29,,229035,16,0,10,1,68,,229027,16,0,10,1,28,,229024,16,0,10,1,68,,229036,16,0,10,1,28,,229028,16,0,10,1,68,,229025,16,0,10,1,27,,229037,16,0,10,1,68,,229029,16,0,10,1,27,,229030,16,0,10,1,66,,229026,16,0,10,1,27,,229031,16,0,10,1,27,,229001,16,0,10,1,67,,229041,16,0,10,1,27,,229021,16,0,10,1,66,,229002,16,0,10,1,28,,229042,16,0,10,1,67,,229032,16,0,10,1
3702,'H56U000I-80-I',616,,229044,16,0,10,1,27,,229078,16,0,10,1,68,,229063,16,0,10,1,30,,229045,16,0,10,1,70,,229072,16,0,10,1,29,,229064,16,0,10,1,67,,229046,16,0,10,1,27,,229071,16,0,10,1,70,,229081,16,0,10,1,29,,229047,16,0,10,1,68,,229079,16,0,10,1,29,,229058,16,0,10,1,72,,229048,16,0,10,1,32,,229074,16,0,10,1,71,,229059,16,0,10,1,29,,229049,16,0,10,1,69,,229075,16,0,10,1,28,,229060,16,0,10,1,28,,229050,16,0,10,1,68,,229076,16,0,10,1,27,,229061,16,0,10,1,67,,229051,16,0,10,1,28,,229077,16,0,10,1,70,,229062,16,0,10,1,29,,229052,16,0,10,1,69,,229073,16,0,10,1,29,,229070,16,0,10,1,68,,229053,16,0,10,1,28,,229069,16,0,10,1,69,,229080,16,0,10,1,28,,229043,16,0,10,1,69,,229054,16,0,10,1,29,,229082,16,0,10,1,69,,229066,16,0,10,1,29,,229055,16,0,10,1,68,,229083,16,0,10,1,27,,229067,16,0,10,1,26,,229056,16,0,10,1,67,,229084,16,0,10,1,27,,229068,16,0,10,1,68,,229057,16,0,10,1,29,,229065,16,0,10,1
3702,'H56U000S-81-S',549,,229113,16,0,10,1,73,,229118,16,0,10,1,35,,229114,16,0,10,1,74,,229085,16,0,10,1,72,,229119,16,0,10,1,29,,229115,16,0,10,1,71,,229086,16,0,10,1,31,,229103,16,0,10,1,66,,229116,16,0,10,1,29,,229087,16,0,10,1,30,,229104,16,0,10,1,73,,229122,16,0,10,1,73,,229088,16,0,10,1,34,,229097,16,0,10,1,71,,229105,16,0,10,1,30,,229089,16,0,10,1,69,,229098,16,0,10,1,30,,229106,16,0,10,1,71,,229090,16,0,10,1,31,,229099,16,0,10,1,72,,229107,16,0,10,1,32,,229091,16,0,10,1,72,,229100,16,0,10,1,30,,229108,16,0,10,1,70,,229092,16,0,10,1,28,,229101,16,0,10,1,66,,229109,16,0,10,1,24,,229093,16,0,10,1,65,,229102,16,0,10,1,27,,229110,16,0,10,1,27,,229094,16,0,10,1,67,,229120,16,0,10,1,28,,229117,16,0,10,1,68,,229111,16,0,10,1,33,,229095,16,0,10,1,72,,229112,16,0,10,1,32,,229096,16,0,10,1,73,,229121,16,0,10,1
3702,'H56U100F-80-F1',616,,229124,16,0,10,1,27,,229158,16,0,10,1,68,,229143,16,0,10,1,30,,229125,16,0,10,1,70,,229152,16,0,10,1,29,,229144,16,0,10,1,67,,229126,16,0,10,1,27,,229151,16,0,10,1,70,,229161,16,0,10,1,29,,229127,16,0,10,1,68,,229159,16,0,10,1,29,,229138,16,0,10,1,72,,229128,16,0,10,1,32,,229154,16,0,10,1,71,,229139,16,0,10,1,29,,229129,16,0,10,1,69,,229155,16,0,10,1,28,,229140,16,0,10,1,28,,229130,16,0,10,1,68,,229156,16,0,10,1,27,,229141,16,0,10,1,67,,229131,16,0,10,1,28,,229157,16,0,10,1,70,,229142,16,0,10,1,29,,229132,16,0,10,1,69,,229153,16,0,10,1,29,,229150,16,0,10,1,68,,229133,16,0,10,1,28,,229149,16,0,10,1,69,,229160,16,0,10,1,28,,229123,16,0,10,1,69,,229134,16,0,10,1,29,,229162,16,0,10,1,69,,229146,16,0,10,1,29,,229135,16,0,10,1,68,,229163,16,0,10,1,27,,229147,16,0,10,1,26,,229136,16,0,10,1,67,,229164,16,0,10,1,27,,229148,16,0,10,1,68,,229137,16,0,10,1,29,,229145,16,0,10,1
3702,'H56U200F-80-F2',616,,229166,16,0,10,1,27,,229200,16,0,10,1,68,,229185,16,0,10,1,30,,229167,16,0,10,1,70,,229194,16,0,10,1,29,,229186,16,0,10,1,67,,229168,16,0,10,1,27,,229193,16,0,10,1,70,,229203,16,0,10,1,29,,229169,16,0,10,1,68,,229201,16,0,10,1,29,,229180,16,0,10,1,72,,229170,16,0,10,1,32,,229196,16,0,10,1,71,,229181,16,0,10,1,29,,229171,16,0,10,1,69,,229197,16,0,10,1,28,,229182,16,0,10,1,28,,229172,16,0,10,1,68,,229198,16,0,10,1,27,,229183,16,0,10,1,67,,229173,16,0,10,1,28,,229199,16,0,10,1,70,,229184,16,0,10,1,29,,229174,16,0,10,1,69,,229195,16,0,10,1,29,,229192,16,0,10,1,68,,229175,16,0,10,1,28,,229191,16,0,10,1,69,,229202,16,0,10,1,28,,229165,16,0,10,1,69,,229176,16,0,10,1,29,,229204,16,0,10,1,69,,229188,16,0,10,1,29,,229177,16,0,10,1,68,,229205,16,0,10,1,27,,229189,16,0,10,1,26,,229178,16,0,10,1,67,,229206,16,0,10,1,27,,229190,16,0,10,1,68,,229179,16,0,10,1,29,,229187,16,0,10,1
35002,'H56U000A-80-A',2546,,276638,48,0,10,1,80,,276646,48,0,10,1,30,,276645,48,0,10,1,51,,276649,48,0,10,1,10,,276637,48,0,10,1,9,,276641,48,0,10,1,9,,276651,48,0,10,1,10,,276648,48,0,10,2,10,,276642,48,0,10,2,50,,276639,48,0,10,1,10,,276643,48,0,10,2,11,,276640,48,0,10,1,10,,276644,48,0,10,2,10,,276647,48,0,10,1,59,,276650,48,0,10,1
35002,'H56U000I-80-I',2537,,276652,48,0,10,1,68,,276657,48,0,10,1,26,,276654,48,0,10,1,27,,276659,48,0,10,2,67,,276658,48,0,10,1,26,,276653,48,0,10,1,66,,276656,48,0,10,1,26,,276655,48,0,10,1
35002,'H56U000S-81-S',2540,,276660,48,0,10,2,85,,276663,48,0,10,1,92,,276661,48,0,10,2,86,,276662,48,0,10,1,29,,276665,48,0,10,2,15,,276664,48,0,10,1
35002,'H56U100F-80-F1',2537,,276666,48,0,10,1,68,,276671,48,0,10,1,26,,276668,48,0,10,1,27,,276673,48,0,10,2,67,,276672,48,0,10,1,26,,276667,48,0,10,1,66,,276670,48,0,10,1,26,,276669,48,0,10,1
35002,'H56U200F-80-F2',2537,,276674,48,0,10,1,68,,276679,48,0,10,1,26,,276676,48,0,10,1,27,,276681,48,0,10,2,67,,276680,48,0,10,1,26,,276675,48,0,10,1,66,,276678,48,0,10,1,26,,276677,48,0,10,1
