'25N-H50NV10S-81-S',7001,145900,,'',1
'25N-H50NV20S-80-S',7001,145900,,'',1
'25N-H60N100F-81-F1',7001,81300,,'',1,3500,,'',1,7500,,'',2,3500,,'',1,7500,,'',2,7500,,'',1,3500,,'',1,7400,,'',1,3400,,'',1,7500,,'',1,7500,,'',1,3500,,'',1,7700,,'',1,3500,,'',1,7500,,'',1,3500,,'',1,7500,,'',1,7500,,'',2,3500,,'',1,7500,,'',2,3500,,'',1,7500,,'',1,7500,,'',1,3500,,'',1,7500,,'',1,3500,,'',1,7500,,'',1,3500,,'',1
'25N-H60N100F-81-F1',7002,111200,4,'',2,3500,4,'',1,7500,4,'',1,3600,4,'',1,7600,4,'',1,7500,4,'',1,3500,4,'',1,7500,4,'',1,3500,4,'',1,7500,4,'',1,7500,4,'',1,3500,4,'',1,7400,4,'',1,3500,4,'',1,7400,4,'',1,2600,4,'',1,6500,4,'',1,2800,4,'',1,7200,4,'',1,3200,4,'',1,7200,4,'',1,3300,4,'',1,7500,4,'',1,7500,4,'',1,3500,4,'',1,7500,4,'',1,3500,4,'',1
'25N-H60N200F-81-F2',7001,81300,,'',1,3500,,'',2,7500,,'',1,3500,,'',1,7500,,'',1,7500,,'',1,3500,,'',1,7400,,'',1,3400,,'',1,7500,,'',2,7500,,'',1,3500,,'',1,7700,,'',1,3500,,'',1,7500,,'',1,3500,,'',2,7500,,'',1,7500,,'',1,3500,,'',2,7500,,'',1,3500,,'',1,7500,,'',2,7500,,'',1,3500,,'',1,7500,,'',1,3500,,'',1,7500,,'',1,3500,,'',1
'25N-H60N200F-81-F2',7002,111200,4,'',1,3500,4,'',1,7500,4,'',1,3600,4,'',1,7600,4,'',1,7500,4,'',1,3500,4,'',1,7500,4,'',1,3500,4,'',1,7500,4,'',1,7500,4,'',1,3500,4,'',2,7400,4,'',2,3500,4,'',1,7400,4,'',1,2600,4,'',1,6500,4,'',2,2800,4,'',1,7200,4,'',1,3200,4,'',1,7200,4,'',1,3300,4,'',1,7500,4,'',1,7500,4,'',1,3500,4,'',1,7500,4,'',1,3500,4,'',1
'25N-H60N300F-82-F3',7001,81300,,'',1,3500,,'',1,7500,,'',2,3500,,'',1,7500,,'',2,7500,,'',1,3500,,'',1,7400,,'',1,3400,,'',1,7500,,'',1,7500,,'',1,3500,,'',1,7700,,'',1,3500,,'',1,7500,,'',1,3500,,'',1,7500,,'',1,7500,,'',2,3500,,'',1,7500,,'',2,3500,,'',1,7500,,'',1,7500,,'',1,3500,,'',1,7500,,'',1,3500,,'',1,7500,,'',1,3500,,'',1
'25N-H60N300F-82-F3',7002,111200,4,'',2,3500,4,'',1,7500,4,'',1,3600,4,'',1,7600,4,'',1,7500,4,'',1,3500,4,'',1,7500,4,'',1,3500,4,'',1,7500,4,'',1,7500,4,'',1,3500,4,'',1,7400,4,'',1,3500,4,'',1,7400,4,'',1,2600,4,'',1,6500,4,'',1,2800,4,'',1,7200,4,'',1,3200,4,'',1,7200,4,'',1,3300,4,'',1,7500,4,'',1,7500,4,'',1,3500,4,'',1,7500,4,'',1,3500,4,'',1
'25N-H60N400F-81-F4',7001,81300,,'',1,3500,,'',2,7500,,'',1,3500,,'',1,7500,,'',1,7500,,'',1,3500,,'',1,7400,,'',1,3400,,'',1,7500,,'',2,7500,,'',1,3500,,'',1,7700,,'',1,3500,,'',1,7500,,'',1,3500,,'',2,7500,,'',1,7500,,'',1,3500,,'',2,7500,,'',1,3500,,'',1,7500,,'',2,7500,,'',1,3500,,'',1,7500,,'',1,3500,,'',1,7500,,'',1,3500,,'',1
'25N-H60N400F-81-F4',7002,111200,4,'',1,3500,4,'',1,7500,4,'',1,3600,4,'',1,7600,4,'',1,7500,4,'',1,3500,4,'',1,7500,4,'',1,3500,4,'',1,7500,4,'',1,7500,4,'',1,3500,4,'',2,7400,4,'',2,3500,4,'',1,7400,4,'',1,2600,4,'',1,6500,4,'',2,2800,4,'',1,7200,4,'',1,3200,4,'',1,7200,4,'',1,3300,4,'',1,7500,4,'',1,7500,4,'',1,3500,4,'',1,7500,4,'',1,3500,4,'',1
'25N-H60NV10A-80-A',7001,81300,,'',2,3500,,'',1,7500,,'',2,3500,,'',1,7500,,'',2,7500,,'',1,3500,,'',1,7500,,'',1,3500,,'',1,7500,,'',2,7500,,'',1,3500,,'',2,7600,,'',1,3500,,'',2,7500,,'',1,3500,,'',2,6500,,'',1,2400,,'',1,6200,,'',2,1700,,'',1,1800,,'',1,7300,,'',1,3500,,'',2,7500,,'',1,7500,,'',1,3500,,'',2,7500,,'',1,3500,,'',2,7500,,'',1,3500,,'',1,7500,,'',2
'25N-H60NV10A-80-A',7002,111500,4,'',2,3400,4,'',1,7400,4,'',1,3500,4,'',1,7500,4,'',1,7500,4,'',2,3500,4,'',1,7600,4,'',2,3500,4,'',1,7500,4,'',2,7500,4,'',1,3500,4,'',2,7500,4,'',1,3500,4,'',2,7100,4,'',1,2800,4,'',2,7000,4,'',1,3100,4,'',2,7100,4,'',2,3100,4,'',1,7100,4,'',2,3200,4,'',1,7500,4,'',2,7500,4,'',1,3500,4,'',1,7500,4,'',2,3200,4,'',1
'25N-H60NV10I-80-I',7001,81300,,'',1,3500,,'',1,7500,,'',1,3500,,'',1,7500,,'',1,7500,,'',1,3500,,'',1,7400,,'',1,3400,,'',1,7500,,'',1,7500,,'',1,3500,,'',1,7700,,'',1,3500,,'',1,7500,,'',1,3500,,'',1,7500,,'',1,7500,,'',2,3500,,'',1,7500,,'',1,3500,,'',2,7500,,'',1,7500,,'',2,3500,,'',1,7500,,'',1,3500,,'',1,7500,,'',1,3500,,'',1
'25N-H60NV10I-80-I',7002,111200,4,'',1,3500,4,'',1,7500,4,'',1,3600,4,'',1,7600,4,'',1,7500,4,'',1,3500,4,'',1,7500,4,'',1,3500,4,'',1,7500,4,'',1,7500,4,'',1,3500,4,'',1,7400,4,'',1,3500,4,'',1,7400,4,'',1,2600,4,'',2,6500,4,'',1,2800,4,'',2,7200,4,'',1,3200,4,'',2,7200,4,'',1,3300,4,'',1,7500,4,'',1,7500,4,'',1,3500,4,'',1,7500,4,'',2,3500,4,'',1
'25N-H60NV10S-83-S',7001,54000,,'',2,1600,,'',2,5700,,'',1,1600,,'',2,1600,,'',2,1000,,'',2,5000,,'',2,1000,,'',1,1000,,'',2,1300,,'',2,1200,,'',2,5000,,'',2,1200,,'',1,1200,,'',1,2200,,'',2,6500,,'',2,3100,,'',1,7100,,'',2,3200,,'',1,7200,,'',2,3100,,'',1,7200,,'',2,3100,,'',1,7300,,'',2,3200,,'',1,6900,,'',1,1600,,'',2,7500,,'',1,1400,,'',2,1300,,'',1,5700,,'',1,1800,,'',2,3000,,'',1,7000,,'',2,3100,,'',2,6900,,'',2,2800,,'',1,6800,,'',2,2900,,'',1,7000,,'',2,3000,,'',1,7000,,'',2,3000,,'',1,7000,,'',2,2900,,'',1,7100,,'',2,2900,,'',1,6900,,'',2,2900,,'',1
'25N-H60NV20A-80-A',7001,81300,,'',2,3500,,'',1,7500,,'',2,3500,,'',1,7500,,'',2,7500,,'',1,3500,,'',1,7500,,'',1,3500,,'',1,7500,,'',2,7500,,'',1,3500,,'',2,7600,,'',1,3500,,'',2,7500,,'',1,3500,,'',2,6500,,'',1,2400,,'',1,6200,,'',2,1700,,'',1,1800,,'',1,7300,,'',1,3500,,'',2,7500,,'',1,7500,,'',1,3500,,'',2,7500,,'',1,3500,,'',2,7500,,'',1,3500,,'',1,7500,,'',2
'25N-H60NV20A-80-A',7002,111500,4,'',2,3400,4,'',1,7400,4,'',1,3500,4,'',1,7500,4,'',1,7500,4,'',2,3500,4,'',1,7600,4,'',2,3500,4,'',1,7500,4,'',2,7500,4,'',1,3500,4,'',2,7500,4,'',1,3500,4,'',2,7100,4,'',1,2800,4,'',2,7000,4,'',1,3100,4,'',2,7100,4,'',2,3100,4,'',1,7100,4,'',2,3200,4,'',1,7500,4,'',2,7500,4,'',1,3500,4,'',1,7500,4,'',2,3200,4,'',1
'25N-H60NV20I-80-I',7001,81300,,'',1,3500,,'',1,7500,,'',1,3500,,'',1,7500,,'',1,7500,,'',1,3500,,'',1,7400,,'',1,3400,,'',1,7500,,'',1,7500,,'',1,3500,,'',1,7700,,'',1,3500,,'',1,7500,,'',1,3500,,'',1,7500,,'',1,7500,,'',2,3500,,'',1,7500,,'',1,3500,,'',2,7500,,'',1,7500,,'',2,3500,,'',1,7500,,'',1,3500,,'',1,7500,,'',1,3500,,'',1
'25N-H60NV20I-80-I',7002,111200,4,'',1,3500,4,'',1,7500,4,'',1,3600,4,'',1,7600,4,'',1,7500,4,'',1,3500,4,'',1,7500,4,'',1,3500,4,'',1,7500,4,'',1,7500,4,'',1,3500,4,'',1,7400,4,'',1,3500,4,'',1,7400,4,'',1,2600,4,'',2,6500,4,'',1,2800,4,'',2,7200,4,'',1,3200,4,'',2,7200,4,'',1,3300,4,'',1,7500,4,'',1,7500,4,'',1,3500,4,'',1,7500,4,'',2,3500,4,'',1
'25N-H60NV20S-80-S',7001,54000,,'',2,1600,,'',2,5700,,'',1,1600,,'',2,1600,,'',2,1000,,'',2,5000,,'',2,1000,,'',1,1000,,'',2,1300,,'',2,1200,,'',2,5000,,'',2,1200,,'',1,1200,,'',1,2200,,'',2,6500,,'',2,3100,,'',1,7100,,'',2,3200,,'',1,7200,,'',2,3100,,'',1,7200,,'',2,3100,,'',1,7300,,'',2,3200,,'',1,6900,,'',1,1600,,'',2,7500,,'',1,1400,,'',2,1300,,'',1,5700,,'',1,1800,,'',2,3000,,'',1,7000,,'',2,3100,,'',2,6900,,'',2,2800,,'',1,6800,,'',2,2900,,'',1,7000,,'',2,3000,,'',1,7000,,'',2,3000,,'',1,7000,,'',2,2900,,'',1,7100,,'',2,2900,,'',1,6900,,'',2,2900,,'',1
