17702,'H60U000A-85-A',638,,264566,28,0,10,1,67,,264579,28,0,10,2,20,,264595,28,0,10,2,17,,264591,28,0,10,2,66,,264567,28,0,10,1,31,,264580,28,0,10,2,71,,264592,28,0,10,2,29,,264568,28,0,10,1,69,,264581,28,0,10,2,30,,264593,28,0,10,2,69,,264569,28,0,10,1,31,,264582,28,0,10,2,71,,264594,28,0,10,2,31,,264570,28,0,10,1,68,,264583,28,0,10,2,27,,264598,28,0,10,1,67,,264601,28,0,10,2,25,,264571,28,0,10,1,26,,264584,28,0,10,2,73,,264599,28,0,10,1,33,,264573,28,0,10,1,70,,264585,28,0,10,2,71,,264602,28,0,10,2,31,,264572,28,0,10,1,70,,264604,28,0,10,2,29,,264603,28,0,10,2,70,,264596,28,0,10,1,30,,264574,28,0,10,1,70,,264586,28,0,10,2,29,,264600,28,0,10,1,29,,264597,28,0,10,1,54,,264575,14,0,10,1,31,,264587,14,0,10,2,70,,264576,14,0,10,1,30,,264589,14,0,10,2,70,,264577,14,0,10,1,30,,264588,14,0,10,2,70,,264578,14,0,10,1,30,,264590,14,0,10,2
17702,'H60U000I-84-I',637,,264605,28,0,10,1,70,,264615,28,0,10,2,30,,264625,28,0,10,1,70,,264606,28,0,10,1,30,,264616,28,0,10,2,70,,264626,28,0,10,1,29,,264607,28,0,10,1,70,,264617,28,0,10,2,30,,264627,28,0,10,1,71,,264608,28,0,10,1,31,,264618,28,0,10,2,70,,264628,28,0,10,1,29,,264609,28,0,10,1,72,,264619,28,0,10,2,31,,264629,28,0,10,1,68,,264610,28,0,10,1,33,,264620,28,0,10,2,70,,264630,28,0,10,1,29,,264611,28,0,10,1,63,,264642,28,0,10,2,23,,264621,28,0,10,2,27,,264631,28,0,10,1,71,,264612,28,0,10,1,33,,264622,28,0,10,2,73,,264632,28,0,10,1,28,,264613,28,0,10,1,67,,264623,28,0,10,2,33,,264633,28,0,10,1,68,,264614,28,0,10,1,27,,264624,28,0,10,2,59,,264641,14,0,10,1,30,,264634,14,0,10,1,70,,264638,14,0,10,2,30,,264635,14,0,10,1,70,,264639,14,0,10,2,30,,264636,14,0,10,1,69,,264640,14,0,10,2,29,,264637,14,0,10,1
17702,'H60U000S-86-S',555,,264647,28,0,10,2,54,,264653,28,0,10,1,16,,264643,28,0,10,1,12,,264652,28,0,10,1,11,,264661,28,0,10,1,52,,264656,28,0,10,2,13,,264668,28,0,10,1,17,,264671,28,0,10,2,12,,264648,28,0,10,2,12,,264677,28,0,10,1,52,,264644,28,0,10,1,12,,264681,28,0,10,2,11,,264658,28,0,10,2,11,,264657,28,0,10,2,12,,264654,28,0,10,1,52,,264669,28,0,10,1,10,,264672,28,0,10,2,8,,264667,28,0,10,2,12,,264678,28,0,10,1,12,,264655,28,0,10,2,59,,264659,28,0,10,2,18,,264673,28,0,10,2,24,,264670,28,0,10,1,68,,264679,28,0,10,1,29,,264660,28,0,10,2,70,,264649,28,0,10,1,29,,264646,28,0,10,1,69,,264645,28,0,10,1,31,,264682,28,0,10,2,70,,264650,28,0,10,1,30,,264680,28,0,10,1,73,,264683,28,0,10,1,34,,264684,28,0,10,2,73,,264651,28,0,10,1,28,,264689,28,0,10,2,67,,264690,28,0,10,1,32,,264694,28,0,10,1,67,,264662,28,0,10,2,33,,264663,28,0,10,1,70,,264693,28,0,10,2,26,,264685,28,0,10,1,72,,264665,28,0,10,2,33,,264664,28,0,10,1,69,,264686,28,0,10,1,22,,264666,14,0,10,2,66,,264687,14,0,10,1,27,,264674,14,0,10,1,65,,264691,14,0,10,1,23,,264688,14,0,10,1,24,,264675,14,0,10,1,69,,264692,14,0,10,1,32,,264676,14,0,10,1
17702,'H60U100F-85-F1',637,,264695,28,0,10,1,70,,264705,28,0,10,2,30,,264715,28,0,10,2,70,,264696,28,0,10,1,30,,264706,28,0,10,2,70,,264716,28,0,10,2,29,,264697,28,0,10,1,70,,264707,28,0,10,2,30,,264717,28,0,10,2,71,,264698,28,0,10,1,31,,264708,28,0,10,2,70,,264718,28,0,10,2,29,,264699,28,0,10,1,72,,264709,28,0,10,2,31,,264719,28,0,10,2,68,,264700,28,0,10,1,33,,264710,28,0,10,2,70,,264720,28,0,10,2,29,,264701,28,0,10,1,63,,264732,28,0,10,2,23,,264711,28,0,10,2,27,,264721,28,0,10,2,71,,264702,28,0,10,1,33,,264712,28,0,10,2,73,,264722,28,0,10,2,28,,264704,28,0,10,1,67,,264713,28,0,10,2,33,,264723,28,0,10,2,68,,264703,28,0,10,1,27,,264714,28,0,10,2,59,,264727,14,0,10,1,30,,264724,14,0,10,1,70,,264728,14,0,10,1,30,,264725,14,0,10,1,70,,264729,14,0,10,1,30,,264726,14,0,10,1,69,,264730,14,0,10,1,29,,264731,14,0,10,1
17702,'H60U200F-83-F2',637,,264733,28,0,10,1,70,,264743,28,0,10,2,30,,264753,28,0,10,2,70,,264734,28,0,10,1,30,,264744,28,0,10,2,70,,264754,28,0,10,2,29,,264735,28,0,10,1,70,,264745,28,0,10,2,30,,264755,28,0,10,2,71,,264736,28,0,10,1,31,,264746,28,0,10,2,70,,264756,28,0,10,2,29,,264737,28,0,10,1,72,,264747,28,0,10,2,31,,264757,28,0,10,2,68,,264738,28,0,10,1,33,,264748,28,0,10,2,70,,264758,28,0,10,2,29,,264739,28,0,10,1,63,,264770,28,0,10,2,23,,264749,28,0,10,2,27,,264759,28,0,10,2,71,,264740,28,0,10,1,33,,264750,28,0,10,2,73,,264760,28,0,10,2,28,,264742,28,0,10,1,67,,264751,28,0,10,2,33,,264761,28,0,10,2,68,,264741,28,0,10,1,27,,264752,28,0,10,2,59,,264765,14,0,10,1,30,,264762,14,0,10,1,70,,264766,14,0,10,1,30,,264763,14,0,10,1,70,,264767,14,0,10,1,30,,264764,14,0,10,1,69,,264768,14,0,10,1,29,,264769,14,0,10,1
22502,'H60U000S-86-S',608,,276095,11,0,10,2,11,,276098,11,0,10,1,11,,276089,11,0,10,1,8,,276102,11,0,10,1,10,,276091,11,0,10,2,9,,276092,11,0,10,1,50,,276104,11,0,10,2,8,,276109,11,0,10,2,9,,276094,11,0,10,1,13,,276107,11,0,10,2,14,,276099,11,0,10,2,53,,276110,11,0,10,1,8,,276100,11,0,10,1,8,,276096,11,0,10,2,12,,276103,11,0,10,1,17,,276111,11,0,10,1,62,,276097,11,0,10,2,20,,276108,11,0,10,2,69,,276101,11,0,10,1,24,,276093,11,0,10,1,404,,276106,11,0,10,1,29,,276105,11,0,10,2,70,,276116,11,0,10,2,73,,276113,11,0,10,1,29,,276114,11,0,10,2,71,,276112,11,0,10,1,31,,276117,11,0,10,2,72,,276090,11,0,10,1,32,,276087,11,0,10,1,71,,276088,11,0,10,1,31,,276118,11,0,10,1,293,,276115,11,0,10,1
37103,'H50U000A-82-A',2615,,277743,58,0,8,2,31,,277740,58,0,8,1,67,,277741,58,0,8,1,31,,277745,58,0,8,1,70,,277744,58,0,8,2,30,,277739,58,0,8,1,69,,277742,58,0,8,1
37103,'H50U000I-82-I',2612,,277749,58,0,8,1,29,,277747,58,0,8,2,72,,277746,58,0,8,1,30,,277751,58,0,8,1,71,,277750,58,0,8,1,31,,277748,58,0,8,2,71,,277752,58,0,8,2
37103,'H50U000S-83-S',2614,,277757,58,0,8,2,30,,277755,58,0,8,1,70,,277758,58,0,8,1,28,,277754,58,0,8,1,71,,277753,58,0,8,1,32,,277756,58,0,8,1,70,,277759,58,0,8,1
37103,'H50U100F-80-F1',2612,,277763,58,0,8,1,29,,277761,58,0,8,2,72,,277760,58,0,8,1,30,,277765,58,0,8,1,71,,277764,58,0,8,1,31,,277762,58,0,8,2,71,,277766,58,0,8,2
37103,'H50U200F-80-F2',2612,,277770,58,0,8,1,29,,277768,58,0,8,2,72,,277767,58,0,8,1,30,,277772,58,0,8,1,71,,277771,58,0,8,1,31,,277769,58,0,8,2,71,,277773,58,0,8,2
