4404,'H54M000A-80-A',452,,184370,4,0,9,1,69,,184389,4,0,9,2,29,,184403,4,0,9,1,70,,184371,4,0,9,1,28,,184390,4,0,9,2,64,,184404,4,0,9,1,21,,184372,4,0,9,1,21,,184419,4,0,9,1,63,,184391,4,0,9,2,23,,184405,4,0,9,1,60,,184408,4,0,9,2,20,,184420,4,0,9,1,20,,184392,4,0,9,2,60,,184406,4,0,9,1,21,,184409,4,0,9,2,21,,184421,4,0,9,1,60,,184380,4,0,9,1,14,,184393,4,0,9,2,14,,184407,4,0,9,1,13,,184410,4,0,9,2,12,,184425,4,0,9,2,52,,184422,4,0,9,1,13,,184375,4,0,9,2,14,,184381,4,0,9,1,14,,184394,4,0,9,2,53,,184428,4,0,9,2,12,,184411,4,0,9,2,12,,184426,4,0,9,2,12,,184431,4,0,9,1,13,,184376,4,0,9,2,53,,184382,4,0,9,1,15,,184395,4,0,9,2,15,,184429,4,0,9,2,15,,184412,4,0,9,2,55,,184427,4,0,9,2,14,,184377,4,0,9,2,15,,184383,4,0,9,1,16,,184396,4,0,9,2,57,,184430,4,0,9,2,17,,184413,4,0,9,2,17,,184378,4,0,9,2,10,,184369,4,0,9,1,10,,184384,4,0,9,1,52,,184397,4,0,9,2,16,,184418,4,0,9,1,16,,184414,4,0,9,2,58,,184379,4,0,9,2,17,,184385,4,0,9,1,22,,184398,4,0,9,2,66,,184415,4,0,9,2,28,,184386,4,0,9,1,69,,184399,4,0,9,2,29,,184416,4,0,9,2,68,,184387,4,0,9,1,28,,184400,4,0,9,2,28,,184417,4,0,9,2,69,,184388,4,0,9,1,33,,184401,4,0,9,2,73,,184423,4,0,9,2,72,,184373,4,0,9,1,31,,184402,4,0,9,2,71,,184424,4,0,9,2,30,,184374,4,0,9,1
4404,'H54M000I-81-I',449,,184433,4,0,9,2,73,,184451,4,0,9,1,33,,184434,4,0,9,2,73,,184452,4,0,9,1,72,,184456,4,0,9,1,26,,184435,4,0,9,2,25,,184445,4,0,9,1,60,,184457,4,0,9,1,20,,184462,4,0,9,2,20,,184436,4,0,9,2,61,,184446,4,0,9,1,21,,184463,4,0,9,1,21,,184458,4,0,9,1,59,,184437,4,0,9,2,19,,184447,4,0,9,1,19,,184464,4,0,9,1,59,,184459,4,0,9,1,19,,184472,4,0,9,2,19,,184438,4,0,9,2,60,,184448,4,0,9,1,20,,184460,4,0,9,1,16,,184474,4,0,9,1,14,,184473,4,0,9,2,54,,184439,4,0,9,2,15,,184449,4,0,9,1,14,,184484,4,0,9,2,14,,184461,4,0,9,1,55,,184475,4,0,9,1,14,,184440,4,0,9,2,14,,184453,4,0,9,1,16,,184450,4,0,9,1,60,,184485,4,0,9,2,20,,184476,4,0,9,1,20,,184441,4,0,9,2,59,,184454,4,0,9,1,19,,184482,4,0,9,2,16,,184486,4,0,9,2,55,,184477,4,0,9,1,15,,184442,4,0,9,2,15,,184443,4,0,9,1,16,,184483,4,0,9,2,69,,184478,4,0,9,1,29,,184444,4,0,9,1,70,,184432,4,0,9,2,30,,184479,4,0,9,1,73,,184467,4,0,9,2,33,,184480,4,0,9,1,73,,184468,4,0,9,2,33,,184481,4,0,9,1,69,,184470,4,0,9,1,73,,184469,4,0,9,1,33,,184471,4,0,9,1,72,,184465,4,0,9,1,32,,184455,4,0,9,1,73,,184466,4,0,9,1
4404,'H54M000S-81-S',450,,184490,4,0,9,1,67,,184504,4,0,9,2,24,,184509,4,0,9,2,63,,184491,4,0,9,1,15,,184508,4,0,9,1,10,,184525,4,0,9,2,9,,184505,4,0,9,2,8,,184487,4,0,9,1,8,,184523,4,0,9,1,47,,184499,4,0,9,1,7,,184533,4,0,9,2,7,,184510,4,0,9,2,9,,184518,4,0,9,2,9,,184492,4,0,9,1,11,,184528,4,0,9,2,11,,184526,4,0,9,2,50,,184496,4,0,9,1,10,,184488,4,0,9,1,10,,184511,4,0,9,2,10,,184534,4,0,9,2,10,,184527,4,0,9,1,10,,184536,4,0,9,2,51,,184500,4,0,9,1,11,,184529,4,0,9,2,12,,184497,4,0,9,1,20,,184512,4,0,9,2,61,,184519,4,0,9,1,21,,184501,4,0,9,1,21,,184498,4,0,9,1,61,,184513,4,0,9,2,20,,184520,4,0,9,1,21,,184502,4,0,9,1,62,,184537,4,0,9,2,22,,184514,4,0,9,2,16,,184489,4,0,9,1,54,,184521,4,0,9,1,14,,184503,4,0,9,1,18,,184530,4,0,9,2,18,,184538,4,0,9,2,61,,184515,4,0,9,2,21,,184522,4,0,9,1,60,,184506,4,0,9,1,15,,184531,4,0,9,2,15,,184539,4,0,9,2,15,,184516,4,0,9,2,56,,184545,4,0,9,2,16,,184547,4,0,9,2,14,,184507,4,0,9,1,14,,184532,4,0,9,2,14,,184540,4,0,9,2,58,,184517,4,0,9,2,24,,184493,4,0,9,1,65,,184549,4,0,9,2,24,,184524,4,0,9,2,23,,184546,4,0,9,2,62,,184494,4,0,9,1,24,,184550,4,0,9,2,64,,184541,4,0,9,2,27,,184495,4,0,9,1,71,,184551,4,0,9,2,32,,184542,4,0,9,2,72,,184548,4,0,9,1,31,,184552,4,0,9,2,71,,184543,4,0,9,2,32,,184554,4,0,9,1,71,,184553,4,0,9,2,30,,184544,4,0,9,2,71,,184555,4,0,9,1
35301,'H54M000A-80-A',2704,,214161,73,0,5,1,49,,214164,73,0,5,1,86,,214163,73,0,5,1,81,,214162,73,0,5,1
35301,'H54M000I-81-I',2620,,214169,73,0,5,1,88,,214165,73,0,5,2,45,,214167,73,0,5,1,85,,214166,73,0,5,1,81,,214168,73,0,5,1
35301,'H54M000S-81-S',2619,,214170,73,0,5,1,86,,214174,73,0,5,1,46,,214171,73,0,5,1,85,,214173,73,0,5,2,80,,214172,73,0,5,1
37202,'H54M000A-80-A',2545,,214903,14,0,10,1,90,,214902,14,0,10,1,85,,214901,14,0,10,1,84,,214904,14,0,10,1,50,,214905,14,0,10,1
37202,'H54M000I-81-I',2550,,214909,14,0,10,2,85,,214907,14,0,10,1,86,,214906,14,0,10,1,86,,214908,14,0,10,1,49,,214910,14,0,10,1
37202,'H54M000S-81-S',2526,,214911,14,0,10,1,80,,214913,14,0,10,2,40,,214915,14,0,10,1,82,,214914,14,0,10,1,82,,214916,14,0,10,1,47,,214912,14,0,10,1
44904,'H54M000S-81-S',542,,216332,25,0,9,2,10,,216333,25,0,9,1,50,,216336,25,0,9,1,10,,216338,25,0,9,2,10,,216339,25,0,9,2,9,,216342,25,0,9,2,10,,216344,25,0,9,2,9,,216348,25,0,9,2,9,,216328,25,0,9,1,56,,216350,25,0,9,2,7,,216351,25,0,9,2,7,,216334,25,0,9,1,8,,216341,25,0,9,2,8,,216352,25,0,9,2,9,,216357,25,0,9,2,49,,216340,25,0,9,2,12,,216343,25,0,9,2,14,,216329,25,0,9,1,22,,216337,25,0,9,1,62,,216349,25,0,9,2,22,,216335,25,0,9,2,22,,216324,25,0,9,1,62,,216330,25,0,9,1,22,,216353,25,0,9,2,65,,216345,25,0,9,2,29,,216325,25,0,9,1,68,,216361,25,0,9,2,29,,216331,25,0,9,1,68,,216346,25,0,9,2,27,,216326,25,0,9,1,26,,216362,25,0,9,2,67,,216358,25,0,9,1,28,,216347,25,0,9,2,67,,216327,25,0,9,1,26,,216363,25,0,9,2,63,,216367,25,0,9,1,23,,216365,25,0,9,2,25,,216371,25,0,9,2,68,,216370,25,0,9,1,29,,216364,25,0,9,2,69,,216366,25,0,9,2,29,,216354,25,0,9,2,70,,216359,25,0,9,1,29,,216368,25,0,9,1,69,,216372,25,0,9,2,30,,216355,25,0,9,2,70,,216360,25,0,9,1,30,,216369,25,0,9,1,70,,216356,25,0,9,2
44904,'H59M000S-80-S',706,,216373,25,0,9,1
