'25N-H54NV20S-80-S',4102,113800,4,'',1,59900,4,'',1
'25N-H55NV20S-81-S',4102,73100,4,'',2
'25N-H58N400F-80-F4',4102,70800,4,'',2,3500,4,'',2,7200,4,'',2,3000,4,'',1,6900,4,'',1,2600,4,'',2,6400,4,'',2,53400,4,'',1,7000,4,'',1,2900,4,'',1,7000,4,'',2,3000,4,'',2,6700,4,'',2,2700,4,'',1,6900,4,'',1,2800,4,'',1,2100,4,'',2
'25N-H58NV20S-80-S',4102,62200,4,'',1,2200,4,'',1,6200,4,'',2,9400,4,'',1,2500,4,'',2,2200,4,'',1,6200,4,'',2,2000,4,'',1,2000,4,'',1,6200,4,'',1,2900,4,'',1,7000,4,'',1,9700,4,'',1,2900,4,'',1,6700,4,'',1,2700,4,'',1,7000,4,'',1,3000,4,'',1,7200,4,'',1,3600,4,'',1,7000,4,'',2,300,4,'',1,2800,4,'',2,7000,4,'',1,9400,4,'',1,3000,4,'',2,6900,4,'',1,2600,4,'',2,2100,4,'',1,6200,4,'',2,2100,4,'',1,2500,4,'',2,6800,4,'',1,2900,4,'',2
'25N-H58N300F-80-F3',14002,60100,4,'',2,3300,4,'',1,7300,4,'',1,3500,4,'',2,7300,4,'',1,3700,4,'',1,7100,4,'',2,3100,4,'',1,7000,4,'',1,3000,4,'',2,7100,4,'',1,3100,4,'',1,7100,4,'',2,3200,4,'',1,7000,4,'',1,3000,4,'',2,7000,4,'',1,3000,4,'',1,7000,4,'',2,2900,4,'',1,7000,4,'',1,3000,4,'',2,7000,4,'',1,2400,4,'',2,6300,4,'',1,2600,4,'',1,6800,4,'',1,2900,4,'',1,6800,4,'',1,3300,4,'',1,7300,4,'',1,3300,4,'',1,7300,4,'',1,2900,4,'',1,7300,4,'',1,3300,4,'',1,7200,4,'',1,3100,4,'',1,7200,4,'',1
'25N-H58N400F-80-F4',14002,60100,4,'',2,3300,4,'',2,7300,4,'',1,3500,4,'',2,7300,4,'',2,3700,4,'',1,7100,4,'',2,3100,4,'',2,7000,4,'',1,3000,4,'',2,7100,4,'',2,3100,4,'',1,7100,4,'',2,3200,4,'',2,7000,4,'',1,3000,4,'',2,7000,4,'',2,3000,4,'',1,7000,4,'',2,2900,4,'',2,7000,4,'',1,3000,4,'',2,7000,4,'',2,2400,4,'',1,6300,4,'',2,2600,4,'',1,6800,4,'',1,2900,4,'',2,6800,4,'',1,3300,4,'',1,7300,4,'',2,3300,4,'',1,7300,4,'',1,2900,4,'',2,7300,4,'',1,3300,4,'',1,7200,4,'',2,3100,4,'',1,7200,4,'',1
'25N-H58NV20A-80-A',14002,52800,4,'',2,2900,4,'',1,7200,4,'',1,7300,4,'',2,3100,4,'',2,7100,4,'',1,3200,4,'',2,7000,4,'',2,3400,4,'',1,7000,4,'',2,3000,4,'',2,7000,4,'',1,1900,4,'',2,1800,4,'',2,6100,4,'',1,2100,4,'',2,2000,4,'',1,6100,4,'',2,2000,4,'',2,2300,4,'',1,5900,4,'',1,1900,4,'',1,1900,4,'',2,5900,4,'',2,2100,4,'',2,2200,4,'',1,6200,4,'',1,2400,4,'',2,6500,4,'',1,2500,4,'',2,2500,4,'',1,7000,4,'',1,3000,4,'',1,6900,4,'',1,3100,4,'',1,7400,4,'',1,7300,4,'',1,3600,4,'',1,7600,4,'',1,3500,4,'',1,7500,4,'',1,2900,4,'',1,7100,4,'',1,3300,4,'',1,7300,4,'',1,7400,4,'',1
'25N-H58NV20I-80-I',14002,60100,4,'',2,3300,4,'',1,7300,4,'',1,3500,4,'',2,7300,4,'',1,3700,4,'',1,7100,4,'',2,3100,4,'',1,7000,4,'',1,3000,4,'',2,7100,4,'',1,3100,4,'',1,7100,4,'',2,3200,4,'',1,7000,4,'',1,3000,4,'',2,7000,4,'',1,3000,4,'',1,7000,4,'',2,2900,4,'',1,7000,4,'',1,3000,4,'',2,7000,4,'',1,2400,4,'',2,6300,4,'',1,2600,4,'',1,6800,4,'',1,2900,4,'',1,6800,4,'',1,3300,4,'',1,7300,4,'',1,3300,4,'',1,7300,4,'',1,2900,4,'',1,7300,4,'',1,3300,4,'',1,7200,4,'',1,3100,4,'',1,7200,4,'',1
'25N-H58NV20S-80-S',14002,52900,4,'',1,2500,4,'',1,6400,4,'',1,2200,4,'',2,7000,4,'',1,2900,4,'',1,6500,4,'',1,2400,4,'',2,2200,4,'',1,6200,4,'',1,2000,4,'',1,2000,4,'',2,6200,4,'',2,2200,4,'',1,2100,4,'',2,7000,4,'',1,3000,4,'',2,7000,4,'',2,2200,4,'',2,6200,4,'',1,2500,4,'',2,6800,4,'',2,2900,4,'',2,2600,4,'',1,7200,4,'',2,7000,4,'',2,3000,4,'',2,7000,4,'',1,3000,4,'',2,7000,4,'',2,2600,4,'',2,2900,4,'',1,6700,4,'',2,3000,4,'',2,7000,4,'',1,2900,4,'',2,6900,4,'',2,2800,4,'',1,6800,4,'',2,3000,4,'',2,7000,4,'',1,2800,4,'',2,7400,4,'',2,3600,4,'',1,7500,4,'',2
'25N-H58N300F-80-F3',18001,55500,4,'',1,7200,4,'',1,7300,4,'',2,3200,4,'',1,7200,4,'',2,3200,4,'',1,7300,4,'',2,3400,4,'',1,6900,4,'',2,2900,4,'',2,6900,4,'',1,2900,4,'',2,7000,4,'',2,3000,4,'',1,7000,4,'',2,3000,4,'',2,7000,4,'',1,3000,4,'',2,6900,4,'',2,3100,4,'',1,7100,4,'',2,3000,4,'',1,6900,4,'',1,3000,4,'',1,6800,4,'',2,3000,4,'',1,6900,4,'',2,2900,4,'',2,6900,4,'',1,3000,4,'',2,6900,4,'',2,2800,4,'',1,2700,4,'',2,6800,4,'',2,2600,4,'',1,6700,4,'',2,3000,4,'',1,6900,4,'',2,2800,4,'',1,6900,4,'',2
'25N-H58N400F-80-F4',18001,55500,4,'',1,7200,4,'',1,7300,4,'',2,3200,4,'',1,7200,4,'',2,3200,4,'',1,7300,4,'',2,3400,4,'',1,6900,4,'',1,2900,4,'',2,6900,4,'',1,2900,4,'',1,7000,4,'',2,3000,4,'',1,7000,4,'',1,3000,4,'',2,7000,4,'',1,3000,4,'',1,6900,4,'',2,3100,4,'',1,7100,4,'',1,3000,4,'',2,6900,4,'',1,3000,4,'',1,6800,4,'',2,3000,4,'',2,6900,4,'',1,2900,4,'',2,6900,4,'',2,3000,4,'',1,6900,4,'',2,2800,4,'',2,2700,4,'',1,6800,4,'',2,2600,4,'',2,6700,4,'',1,3000,4,'',2,6900,4,'',1,2800,4,'',2,6900,4,'',1
'25N-H58NV20A-80-A',18001,52500,4,'',2,3000,4,'',1,7100,4,'',2,3300,4,'',1,7200,4,'',2,7200,4,'',1,3000,4,'',2,6700,4,'',2,2800,4,'',1,3000,4,'',2,7100,4,'',2,3000,4,'',1,7200,4,'',2,7300,4,'',2,3300,4,'',1,7300,4,'',2,3300,4,'',2,7300,4,'',1,3300,4,'',2,7300,4,'',1,3200,4,'',1,7200,4,'',2,3300,4,'',2,7100,4,'',1,7300,4,'',2,3200,4,'',2,7000,4,'',1,3000,4,'',2,6900,4,'',2,3000,4,'',1,6800,4,'',2,2800,4,'',2,2800,4,'',1,6700,4,'',2,2800,4,'',2,6700,4,'',1,2300,4,'',2,6300,4,'',2,2400,4,'',1,2400,4,'',2,6900,4,'',1,3100,4,'',2
'25N-H58NV20I-80-I',18001,55500,4,'',1,7200,4,'',1,7300,4,'',2,3200,4,'',1,7200,4,'',2,3200,4,'',1,7300,4,'',2,3400,4,'',1,6900,4,'',2,2900,4,'',2,6900,4,'',1,2900,4,'',2,7000,4,'',2,3000,4,'',1,7000,4,'',2,3000,4,'',2,7000,4,'',1,3000,4,'',2,6900,4,'',2,3100,4,'',1,7100,4,'',2,3000,4,'',1,6900,4,'',1,3000,4,'',1,6800,4,'',2,3000,4,'',1,6900,4,'',2,2900,4,'',2,6900,4,'',1,3000,4,'',2,6900,4,'',2,2800,4,'',1,2700,4,'',2,6800,4,'',2,2600,4,'',1,6700,4,'',2,3000,4,'',1,6900,4,'',2,2800,4,'',1,6900,4,'',2
'25N-H58NV20S-80-S',18001,52700,4,'',2,2500,4,'',2,6100,4,'',2,2100,4,'',1,2000,4,'',1,6000,4,'',2,2000,4,'',1,1800,4,'',2,5400,4,'',2,1400,4,'',1,1400,4,'',2,900,4,'',1,1200,4,'',1,5400,4,'',1,2700,4,'',2,7000,4,'',2,3000,4,'',1,7000,4,'',1,3100,4,'',2,7000,4,'',1,3300,4,'',1,1000,4,'',2,6100,4,'',1,2200,4,'',1,6700,4,'',2,3000,4,'',2,7200,4,'',1,3600,4,'',2,7400,4,'',2,2800,4,'',1,6700,4,'',1,3000,4,'',2,6700,4,'',2,3100,4,'',1,6500,4,'',2,3000,4,'',2,2600,4,'',1,7000,4,'',2,3300,4,'',2,7300,4,'',1,7300,4,'',2,2100,4,'',2,2800,4,'',1,6900,4,'',2,2800,4,'',2,7000,4,'',1,2900,4,'',2,6900,4,'',2
'25N-H55N300F-80-F3',36104,243320,,'',1,7000,,'',2,3100,,'',1,8200,,'',1,8400,,'',2,4500,,'',1,8600,,'',2
'25N-H55N400F-80-F4',36104,243320,,'',1,7000,,'',2,3100,,'',1,8200,,'',1,8400,,'',2,4500,,'',1,8600,,'',2
'25N-H55NV20A-80-A',36104,241850,,'',1,8500,,'',1,4500,,'',2,7000,,'',1,3000,,'',1,7000,,'',1,3000,,'',1,6900,,'',2
'25N-H55NV20I-80-I',36104,243320,,'',1,7000,,'',2,3100,,'',1,8200,,'',1,8400,,'',2,4500,,'',1,8600,,'',2
'25N-H55NV20S-81-S',36104,242850,,'',1,7500,,'',1,3400,,'',1,2000,,'',1,6100,,'',1,2100,,'',1,7100,,'',2,3300,,'',1,8700,,'',1
'25N-H54NV20S-80-S',44002,173600,4,'',1
'25N-H58NV20S-80-S',44002,61100,4,'',2,2000,4,'',1,2200,4,'',1,5700,4,'',2,1600,4,'',2,1900,4,'',1,5900,4,'',1,2000,4,'',2,2700,4,'',1,7000,4,'',1,3200,4,'',1,65400,4,'',1,2500,4,'',1,7500,4,'',2,10200,4,'',1,3200,4,'',2,7400,4,'',1
'25N-H60NV20S-98-S',44002,102300,4,'',1
