14401,'H51U000A-83-A',512,,258185,5,0,5,2,22,,258210,5,0,5,1,22,,258186,5,0,5,2,62,,258211,5,0,5,1,22,,258187,5,0,5,2,62,,258212,5,0,5,1,22,,258188,5,0,5,2,21,,258213,5,0,5,1,61,,258189,5,0,5,2,21,,258214,5,0,5,1,21,,258190,5,0,5,2,61,,258215,5,0,5,1,22,,258191,5,0,5,2,22,,258216,5,0,5,1,62,,258192,5,0,5,2,22,,258217,5,0,5,1,64,,258193,5,0,5,2,24,,258218,5,0,5,1,26,,258194,5,0,5,2,67,,258219,5,0,5,1,27,,258195,5,0,5,2,67,,258220,5,0,5,1,27,,258196,5,0,5,2,67,,258221,5,0,5,1,27,,258197,5,0,5,2,67,,258222,5,0,5,1,27,,258198,5,0,5,2,26,,258223,5,0,5,1,66,,258199,5,0,5,2,26,,258224,5,0,5,1,66,,258200,5,0,5,2,26,,258225,5,0,5,1,66,,258201,5,0,5,2,26,,258226,5,0,5,1,26,,258202,5,0,5,2,66,,258227,5,0,5,1,26,,258203,5,0,5,2,66,,258228,5,0,5,1,26,,258204,5,0,5,2,65,,258229,5,0,5,1,24,,258205,5,0,5,2,24,,258230,5,0,5,1,63,,258206,5,0,5,2,22,,258231,5,0,5,1,22,,258207,5,0,5,2,62,,258235,5,0,5,2,22,,258232,5,0,5,1,61,,258234,5,0,5,2,22,,258208,5,0,5,2,21,,258236,5,0,5,2,60,,258233,5,0,5,1,21,,258209,5,0,5,2
14401,'H51U000I-83-I',515,,258264,5,0,5,2,22,,258238,5,0,5,1,22,,258265,5,0,5,2,62,,258239,5,0,5,1,22,,258266,5,0,5,2,62,,258240,5,0,5,1,22,,258267,5,0,5,2,22,,258241,5,0,5,1,62,,258268,5,0,5,2,22,,258242,5,0,5,1,22,,258269,5,0,5,2,61,,258243,5,0,5,1,20,,258270,5,0,5,2,21,,258244,5,0,5,1,60,,258271,5,0,5,2,21,,258245,5,0,5,1,62,,258272,5,0,5,2,22,,258246,5,0,5,1,22,,258273,5,0,5,2,62,,258247,5,0,5,1,25,,258274,5,0,5,2,28,,258248,5,0,5,1,68,,258275,5,0,5,2,28,,258249,5,0,5,1,68,,258276,5,0,5,2,28,,258250,5,0,5,1,68,,258277,5,0,5,2,28,,258251,5,0,5,1,68,,258278,5,0,5,2,28,,258252,5,0,5,1,68,,258279,5,0,5,2,26,,258253,5,0,5,1,66,,258280,5,0,5,2,26,,258254,5,0,5,1,26,,258281,5,0,5,2,66,,258255,5,0,5,1,26,,258282,5,0,5,2,66,,258256,5,0,5,1,26,,258283,5,0,5,2,64,,258257,5,0,5,1,24,,258284,5,0,5,2,24,,258258,5,0,5,1,62,,258285,5,0,5,2,21,,258259,5,0,5,1,22,,258286,5,0,5,2,62,,258260,5,0,5,1,22,,258287,5,0,5,2,62,,258261,5,0,5,1,22,,258288,5,0,5,2,22,,258262,5,0,5,1,62,,258237,5,0,5,2,23,,258263,5,0,5,1
14401,'H51U000S-83-S',522,,258303,5,0,5,1,28,,258289,5,0,5,2,68,,258304,5,0,5,1,30,,258290,5,0,5,2,70,,258305,5,0,5,1,30,,258291,5,0,5,2,70,,258306,5,0,5,1,30,,258292,5,0,5,2,70,,258307,5,0,5,1,30,,258293,5,0,5,2,70,,258308,5,0,5,1,30,,258294,5,0,5,2,70,,258309,5,0,5,1,30,,258295,5,0,5,2,70,,258310,5,0,5,1,30,,258296,5,0,5,2,69,,258311,5,0,5,1,28,,258297,5,0,5,2,68,,258312,5,0,5,1,28,,258298,5,0,5,2,68,,258313,5,0,5,1,28,,258299,5,0,5,2,68,,258314,5,0,5,1,28,,258300,5,0,5,2,70,,258315,5,0,5,1,30,,258301,5,0,5,2,70,,258316,5,0,5,1,30,,258302,5,0,5,2,70,,258317,5,0,5,1,30,,258324,5,0,5,1,70,,258318,5,0,5,1,30,,258325,5,0,5,1,70,,258319,5,0,5,1,30,,258326,5,0,5,1,70,,258320,5,0,5,1,30,,258327,5,0,5,1,70,,258321,5,0,5,1,30,,258328,5,0,5,1,70,,258322,5,0,5,1,30,,258329,5,0,5,1,70,,258323,5,0,5,1,30,,258330,5,0,5,1
14401,'H51U100F-80-F1',515,,258358,5,0,5,2,22,,258332,5,0,5,1,22,,258359,5,0,5,2,62,,258333,5,0,5,1,22,,258360,5,0,5,2,62,,258334,5,0,5,1,22,,258361,5,0,5,2,22,,258335,5,0,5,1,62,,258362,5,0,5,2,22,,258336,5,0,5,1,22,,258363,5,0,5,2,61,,258337,5,0,5,1,20,,258364,5,0,5,2,21,,258338,5,0,5,1,60,,258365,5,0,5,2,21,,258339,5,0,5,1,62,,258366,5,0,5,2,22,,258340,5,0,5,1,22,,258367,5,0,5,2,62,,258341,5,0,5,1,25,,258368,5,0,5,2,28,,258342,5,0,5,1,68,,258369,5,0,5,2,28,,258343,5,0,5,1,68,,258370,5,0,5,2,28,,258344,5,0,5,1,68,,258371,5,0,5,2,28,,258345,5,0,5,1,68,,258372,5,0,5,2,28,,258346,5,0,5,1,68,,258373,5,0,5,2,26,,258347,5,0,5,1,66,,258374,5,0,5,2,26,,258348,5,0,5,1,26,,258375,5,0,5,2,66,,258349,5,0,5,1,26,,258376,5,0,5,2,66,,258350,5,0,5,1,26,,258377,5,0,5,2,64,,258351,5,0,5,1,24,,258378,5,0,5,2,24,,258352,5,0,5,1,62,,258379,5,0,5,2,21,,258353,5,0,5,1,22,,258380,5,0,5,2,62,,258354,5,0,5,1,22,,258381,5,0,5,2,62,,258355,5,0,5,1,22,,258382,5,0,5,2,22,,258356,5,0,5,1,62,,258331,5,0,5,2,23,,258357,5,0,5,1
14401,'H51U200F-80-F2',515,,258410,5,0,5,2,22,,258384,5,0,5,1,22,,258411,5,0,5,2,62,,258385,5,0,5,1,22,,258412,5,0,5,2,62,,258386,5,0,5,1,22,,258413,5,0,5,2,22,,258387,5,0,5,1,62,,258414,5,0,5,2,22,,258388,5,0,5,1,22,,258415,5,0,5,2,61,,258389,5,0,5,1,20,,258416,5,0,5,2,21,,258390,5,0,5,1,60,,258417,5,0,5,2,21,,258391,5,0,5,1,62,,258418,5,0,5,2,22,,258392,5,0,5,1,22,,258419,5,0,5,2,62,,258393,5,0,5,1,25,,258420,5,0,5,2,28,,258394,5,0,5,1,68,,258421,5,0,5,2,28,,258395,5,0,5,1,68,,258422,5,0,5,2,28,,258396,5,0,5,1,68,,258423,5,0,5,2,28,,258397,5,0,5,1,68,,258424,5,0,5,2,28,,258398,5,0,5,1,68,,258425,5,0,5,2,26,,258399,5,0,5,1,66,,258426,5,0,5,2,26,,258400,5,0,5,1,26,,258427,5,0,5,2,66,,258401,5,0,5,1,26,,258428,5,0,5,2,66,,258402,5,0,5,1,26,,258429,5,0,5,2,64,,258403,5,0,5,1,24,,258430,5,0,5,2,24,,258404,5,0,5,1,62,,258431,5,0,5,2,21,,258405,5,0,5,1,22,,258432,5,0,5,2,62,,258406,5,0,5,1,22,,258433,5,0,5,2,62,,258407,5,0,5,1,22,,258434,5,0,5,2,22,,258408,5,0,5,1,62,,258383,5,0,5,2,23,,258409,5,0,5,1
36001,'H56U000A-80-A',2603,,277137,5,0,5,1,43,,277140,5,0,5,1,85,,277138,5,0,5,1,86,,277139,5,0,5,1,86,,277141,5,0,5,1
36001,'H56U000I-80-I',2602,,277146,5,0,5,2,45,,277142,5,0,5,1,85,,277144,5,0,5,1,84,,277143,5,0,5,1,87,,277145,5,0,5,1
36001,'H56U000S-81-S',2603,,277149,5,0,5,2,45,,277147,5,0,5,1,85,,277150,5,0,5,1,85,,277151,5,0,5,2,85,,277148,5,0,5,1
36001,'H56U100F-80-F1',2602,,277156,5,0,5,2,45,,277152,5,0,5,1,85,,277154,5,0,5,1,84,,277153,5,0,5,1,87,,277155,5,0,5,1
36001,'H56U200F-80-F2',2602,,277161,5,0,5,2,45,,277157,5,0,5,1,85,,277159,5,0,5,1,84,,277158,5,0,5,1,87,,277160,5,0,5,1
