21802,'H60M000S-71-S',625,,153635,28,0,10,1,34,,153641,28,0,10,1,71,,153636,28,0,10,1,71,,153639,28,0,10,2,30,,153637,28,0,10,1,70,,153640,28,0,10,2,27,,153638,28,0,10,1,610,,153646,28,0,10,2,72,,153642,28,0,10,1,33,,153647,28,0,10,2,72,,153643,28,0,10,1,31,,153648,28,0,10,2,72,,153644,28,0,10,1,31,,153649,28,0,10,2,73,,153645,28,0,10,1
40104,'H60M000S-71-S',546,,155582,13,0,22 86,1,79,,155585,13,0,22 86,2,19,,155587,13,0,22 86,1,11,,155583,13,0,22 86,1,57,,155589,13,0,22 86,2,17,,155586,13,0,22 86,2,16,,155588,13,0,22 86,1,64,,155584,13,0,22 86,2,12,,155590,13,0,22 86,2
46801,'H60M000S-71-S',521,,158021,1,0,5,1,22,,158024,1,0,5,1,61,,158030,1,0,5,2,20,,158039,1,0,5,1,11,,158052,1,0,5,2,8,,158044,1,0,5,2,59,,158045,1,0,5,2,19,,158032,1,0,5,1,19,,158031,1,0,5,1,10,,158053,1,0,5,2,50,,158040,1,0,5,2,28,,158025,1,0,5,1,30,,158046,1,0,5,2,70,,158026,1,0,5,1,29,,158033,1,0,5,1,69,,158041,1,0,5,2,29,,158036,1,0,5,1,69,,158022,1,0,5,1,28,,158027,1,0,5,1,68,,158034,1,0,5,1,28,,158042,1,0,5,2,68,,158037,1,0,5,1,29,,158023,1,0,5,1,70,,158028,1,0,5,1,31,,158035,1,0,5,1,70,,158043,1,0,5,2,24,,158038,1,0,5,1,64,,158047,1,0,5,1,24,,158048,1,0,5,2,24,,158049,1,0,5,2,66,,158050,1,0,5,2,30,,158029,1,0,5,1,73,,158051,1,0,5,2
46802,'H60M000S-71-S',715,,158063,49,4,,1,21,,158071,49,4,,2,22,,158056,49,4,,1,46,,158088,18,4,,2,20,,158061,49,4,,2,12,,158075,49,4,,2,10,,158070,49,4,,1,58,,158077,49,4,,2,8,,158089,18,4,,2,5,,158087,49,4,,2,4,,158057,49,4,,1,27,,158064,49,4,,1,68,,158072,49,4,,2,30,,158067,49,4,,1,70,,158054,49,4,,1,28,,158058,49,4,,1,68,,158065,49,4,,1,28,,158073,49,4,,2,68,,158068,49,4,,1,28,,158055,49,4,,1,70,,158059,49,4,,1,31,,158066,49,4,,1,70,,158074,49,4,,2,27,,158069,49,4,,1,23,,158076,49,4,,1,63,,158079,49,4,,2,15,,158090,18,4,,2,8,,158080,49,4,,2,11,,158091,49,4,,2,50,,158081,49,4,,2,18,,158078,49,4,,1,11,,158092,49,4,,2,8,,158060,49,4,,1,60,,158084,49,4,,2,20,,158082,49,4,,2,21,,158062,49,4,,1,65,,158085,49,4,,1,25,,158086,49,4,,1,16,,158083,49,4,,2
47001,'H50M000A-70-A',437,,158302,1,0,5,1,70,,158309,1,0,5,1,30,,158319,1,0,5,1,69,,158329,1,0,5,1,27,,158303,1,0,5,1,25,,158310,1,0,5,1,63,,158320,1,0,5,1,21,,158336,1,0,5,1,61,,158330,1,0,5,1,21,,158304,1,0,5,1,21,,158311,1,0,5,1,60,,158321,1,0,5,1,21,,158337,1,0,5,1,21,,158331,1,0,5,1,61,,158305,1,0,5,1,21,,158312,1,0,5,1,22,,158322,1,0,5,1,61,,158338,1,0,5,1,20,,158332,1,0,5,1,20,,158306,1,0,5,1,61,,158313,1,0,5,1,18,,158342,1,0,5,1,16,,158323,1,0,5,1,56,,158339,1,0,5,1,15,,158345,1,0,5,1,16,,158333,1,0,5,1,16,,158307,1,0,5,1,57,,158314,1,0,5,1,17,,158343,1,0,5,1
47001,'H50M000I-70-I',437,,158357,1,0,5,1,70,,158367,1,0,5,1,30,,158377,1,0,5,1,70,,158387,1,0,5,1,30,,158358,1,0,5,1,70,,158368,1,0,5,1,30,,158378,1,0,5,1,70,,158388,1,0,5,1,26,,158359,1,0,5,1,25,,158369,1,0,5,1,65,,158379,1,0,5,1,25,,158389,1,0,5,1,64,,158356,1,0,5,1,24,,158360,1,0,5,1,64,,158370,1,0,5,1,24,,158380,1,0,5,1,25,,158390,1,0,5,1,64,,158393,1,0,5,1,24,,158361,1,0,5,1,63,,158371,1,0,5,1,23,,158381,1,0,5,1,23,,158391,1,0,5,1,61,,158394,1,0,5,1,20,,158362,1,0,5,1
47001,'H50M000S-70-S',437,,158412,1,0,5,1,70,,158405,1,0,5,1,23,,158415,1,0,5,1,19,,158421,1,0,5,1,54,,158402,1,0,5,1,10,,158404,1,0,5,1,9,,158413,1,0,5,1,8,,158411,1,0,5,1,8,,158426,1,0,5,1,7,,158440,1,0,5,1,6,,158428,1,0,5,1,7,,158406,1,0,5,1,47,,158430,1,0,5,1,7,,158410,1,0,5,1,7,,158463,1,0,5,1,8,,158416,1,0,5,1,10,,158464,1,0,5,1,11,,158422,1,0,5,1,11,,158403,1,0,5,1,52,,158435,1,0,5,1,12,,158414,1,0,5,1,12,,158427,1,0,5,1,12,,158441,1,0,5,1,12,,158429,1,0,5,1,52,,158431,1,0,5,1,12,,158465,1,0,5,1,13,,158417,1,0,5,1,20,,158423,1,0,5,1,61,,158436,1,0,5,1,21,,158442,1,0,5,1,16,,158466,1,0,5,1,56,,158432,1,0,5,1,16,,158418,1,0,5,1,16,,158459,1,0,5,1,16,,158424,1,0,5,1,56,,158437,1,0,5,1,16,,158443,1,0,5,1,16,,158467,1,0,5,1,57,,158433,1,0,5,1,18,,158419,1,0,5,1,17,,158460,1,0,5,1,17,,158425,1,0,5,1,56,,158438,1,0,5,1,30,,158468,1,0,5,1,68,,158447,1,0,5,1,43,,158446,1,0,5,1
47001,'H50M100F-70-F1',437,,158473,1,0,5,1,70,,158483,1,0,5,1,30,,158493,1,0,5,1,70,,158503,1,0,5,1,30,,158474,1,0,5,1,70,,158484,1,0,5,1,30,,158494,1,0,5,1,70,,158504,1,0,5,1,26,,158475,1,0,5,1,25,,158485,1,0,5,1,65,,158495,1,0,5,1,25,,158505,1,0,5,1,64,,158472,1,0,5,1,24,,158476,1,0,5,1,64,,158486,1,0,5,1,24,,158496,1,0,5,1,25,,158506,1,0,5,1,64,,158509,1,0,5,1,24,,158477,1,0,5,1,63,,158487,1,0,5,1,23,,158497,1,0,5,1,23,,158507,1,0,5,1,61,,158510,1,0,5,1,20,,158478,1,0,5,1
47001,'H50M200F-70-F2',437,,158519,1,0,5,1,70,,158529,1,0,5,1,30,,158539,1,0,5,1,70,,158549,1,0,5,1,30,,158520,1,0,5,1,70,,158530,1,0,5,1,30,,158540,1,0,5,1,70,,158550,1,0,5,1,26,,158521,1,0,5,1,25,,158531,1,0,5,1,65,,158541,1,0,5,1,25,,158551,1,0,5,1,64,,158518,1,0,5,1,24,,158522,1,0,5,1,64,,158532,1,0,5,1,24,,158542,1,0,5,1,25,,158552,1,0,5,1,64,,158558,1,0,5,1,24,,158523,1,0,5,1,63,,158533,1,0,5,1,23,,158545,1,0,5,1,23,,158553,1,0,5,1,61,,158555,1,0,5,1,20,,158524,1,0,5,1
47001,'H50M300F-70-F3',437,,158565,1,0,5,1,70,,158575,1,0,5,1,30,,158585,1,0,5,1,70,,158595,1,0,5,1,30,,158566,1,0,5,1,70,,158576,1,0,5,1,30,,158586,1,0,5,1,70,,158596,1,0,5,1,26,,158567,1,0,5,1,25,,158577,1,0,5,1,65,,158587,1,0,5,1,25,,158597,1,0,5,1,64,,158564,1,0,5,1,24,,158568,1,0,5,1,64,,158578,1,0,5,1,24,,158588,1,0,5,1,25,,158598,1,0,5,1,64,,158601,1,0,5,1,24,,158569,1,0,5,1,63,,158579,1,0,5,1,23,,158589,1,0,5,1,23,,158599,1,0,5,1,61,,158602,1,0,5,1,20,,158570,1,0,5,1
47002,'H50M000A-70-A',613,,158615,21,4,,1,32,,158621,21,4,,1,72,,158630,21,4,,1,31,,158639,21,4,,1,66,,158616,21,4,,1,22,,158622,21,4,,1,21,,158631,21,4,,1,61,,158646,21,4,,1,22,,158640,21,4,,1,61,,158617,21,4,,1,23,,158623,21,4,,1,22,,158632,21,4,,1,61,,158647,21,4,,1,20,,158641,21,4,,1,20,,158618,21,4,,1,61,,158624,21,4,,1,18,,158651,21,4,,1,16,,158633,21,4,,1,16,,158648,21,4,,1,61,,158642,21,4,,1,20,,158619,21,4,,1,20,,158625,21,4,,1,57,,158652,21,4,,1,16,,158634,21,4,,1,16,,158649,21,4,,1,56,,158655,21,4,,1,16,,158643,21,4,,1,15,,158661,21,4,,1,14,,158620,21,4,,1,55,,158626,21,4,,1,30,,158635,21,0,84 1 86,1,72,,158656,21,0,84 1 86,1,18,,158644,21,0,84 1 86,1,19,,158662,21,0,84 1 86,1,58,,158627,21,0,84 1 86,1,20,,158654,21,0,84 1 86,1,19,,158636,21,0,84 1 86,1,19,,158657,21,0,84 1 86,1,58,,158645,21,0,84 1 86,1,20,,158663,21,0,84 1 86,1,65,,158628,21,0,84 1 86,1,24,,158637,21,0,84 1 86,1,26,,158658,21,0,84 1 86,1,68,,158664,21,0,84 1 86,1,28,,158629,21,0,84 1 86,1,68,,158638,21,0,84 1 86,1,30,,158659,21,0,84 1 86,1,69,,158665,21,0,84 1 86,1,29,,158613,21,0,84 1 86,1,70,,158611,21,0,84 1 86,1,30,,158660,21,0,84 1 86,1,69,,158666,21,0,84 1 86,1,30,,158614,21,0,84 1 86,1,69,,158610,21,0,84 1 86,1,29,,158612,21,0,84 1 86,1
47002,'H50M000I-70-I',612,,158672,21,4,,1,30,,158681,21,4,,1,70,,158690,21,4,,1,33,,158699,21,4,,1,70,,158673,21,4,,1,30,,158682,21,4,,1,70,,158691,21,4,,1,29,,158700,21,4,,1,70,,158674,21,4,,1,30,,158683,21,4,,1,71,,158692,21,4,,1,29,,158701,21,4,,1,70,,158675,21,4,,1,26,,158684,21,4,,1,63,,158693,21,4,,1,19,,158669,21,4,,1,19,,158702,21,4,,1,60,,158706,21,4,,1,21,,158676,21,4,,1,20,,158685,21,4,,1,61,,158694,21,4,,1,20,,158713,21,4,,1,18,,158703,21,4,,1,60,,158707,21,4,,1,18,,158677,21,4,,1,17,,158686,21,0,84 1 86,1,17,,158695,21,0,84 1 86,1,59,,158714,21,0,84 1 86,1,18,,158704,21,0,84 1 86,1,19,,158708,21,0,84 1 86,1,60,,158678,21,0,84 1 86,1,21,,158687,21,0,84 1 86,1,19,,158696,21,0,84 1 86,1,61,,158715,21,0,84 1 86,1,22,,158709,21,0,84 1 86,1,26,,158679,21,0,84 1 86,1,68,,158688,21,0,84 1 86,1,27,,158697,21,0,84 1 86,1,66,,158710,21,0,84 1 86,1,28,,158680,21,0,84 1 86,1,68,,158689,21,0,84 1 86,1,28,,158698,21,0,84 1 86,1,70,,158711,21,0,84 1 86,1,30,,158667,21,0,84 1 86,1,70,,158705,21,0,84 1 86,1,30,,158670,21,0,84 1 86,1,70,,158668,21,0,84 1 86,1,30,,158712,21,0,84 1 86,1,70,,158671,21,0,84 1 86,1
47002,'H50M000S-70-S',617,,158726,21,4,,1,28,,158719,21,4,,1,59,,158725,21,4,,1,16,,158728,21,4,,1,16,,158735,21,4,,1,18,,158716,21,4,,1,58,,158727,21,4,,1,18,,158740,21,4,,1,18,,158741,21,4,,1,58,,158742,21,4,,1,20,,158729,21,4,,1,22,,158736,21,4,,1,62,,158747,21,4,,1,23,,158752,21,4,,1,23,,158743,21,4,,1,64,,158730,21,4,,1,22,,158737,21,4,,1,62,,158748,21,4,,1,18,,158753,21,4,,1,18,,158783,21,4,,1,18,,158744,21,4,,1,58,,158731,21,4,,1,17,,158779,21,4,,1,17,,158738,21,4,,1,56,,158749,21,4,,1,30,,158784,21,4,,1,66,,158756,21,0,84 1 86,1,22,,158760,21,0,84 1 86,1,23,,158739,21,0,84 1 86,1,62,,158750,21,0,84 1 86,1,10,,158755,21,0,84 1 86,1,18,,158785,21,0,84 1 86,1,16,,158746,21,0,84 1 86,1,59,,158762,21,0,84 1 86,1,12,,158733,21,0,84 1 86,1,20,,158781,21,0,84 1 86,1,12,,158761,21,0,84 1 86,1,59,,158765,21,0,84 1 86,1,9,,158751,21,0,84 1 86,1,16,,158767,21,0,84 1 86,1,11,,158758,21,0,84 1 86,1,62,,158734,21,0,84 1 86,1,10,,158763,21,0,84 1 86,1,22,,158782,21,0,84 1 86,1,55,,158721,21,0,84 1 86,1,19,,158787,21,0,84 1 86,1,19,,158759,21,0,84 1 86,1,19,,158770,21,0,84 1 86,1,61,,158774,21,0,84 1 86,1,21,,158718,21,0,84 1 86,1,61,,158722,21,0,84 1 86,1,21,,158788,21,0,84 1 86,1,21,,158771,21,0,84 1 86,1,60,,158777,21,0,84 1 86,1,24,,158775,21,0,84 1 86,1,25,,158723,21,0,84 1 86,1,67,,158789,21,0,84 1 86,1,26,,158778,21,0,84 1 86,1,68,,158776,21,0,84 1 86,1,29,,158717,21,0,84 1 86,1,70,,158724,21,0,84 1 86,1
47002,'H50M100F-70-F1',612,,158795,21,4,,1,30,,158806,21,4,,1,70,,158813,21,4,,1,33,,158824,21,4,,1,70,,158796,21,4,,1,30,,158802,21,4,,1,70,,158814,21,4,,1,29,,158822,21,4,,1,70,,158797,21,4,,1,30,,158803,21,4,,1,71,,158815,21,4,,1,29,,158823,21,4,,1,70,,158798,21,4,,1,26,,158807,21,4,,1,63,,158816,21,4,,1,19,,158792,21,4,,1,19,,158825,21,4,,1,60,,158829,21,4,,1,21,,158799,21,4,,1,20,,158808,21,4,,1,61,,158817,21,4,,1,20,,158835,21,4,,1,18,,158826,21,4,,1,60,,158830,21,4,,1,18,,158804,21,4,,1,17,,158809,21,0,84 1 86,1,17,,158818,21,0,84 1 86,1,59,,158836,21,0,84 1 86,1,18,,158827,21,0,84 1 86,1,19,,158831,21,0,84 1 86,1,60,,158805,21,0,84 1 86,1,21,,158810,21,0,84 1 86,1,19,,158819,21,0,84 1 86,1,61,,158837,21,0,84 1 86,1,22,,158832,21,0,84 1 86,1,26,,158800,21,0,84 1 86,1,68,,158811,21,0,84 1 86,1,27,,158820,21,0,84 1 86,1,66,,158833,21,0,84 1 86,1,28,,158801,21,0,84 1 86,1,68,,158812,21,0,84 1 86,1,28,,158821,21,0,84 1 86,1,70,,158834,21,0,84 1 86,1,30,,158790,21,0,84 1 86,1,70,,158828,21,0,84 1 86,1,30,,158793,21,0,84 1 86,1,70,,158791,21,0,84 1 86,1,30,,158838,21,0,84 1 86,1,70,,158794,21,0,84 1 86,1
47002,'H50M200F-70-F2',612,,158844,21,4,,1,30,,158850,21,4,,1,70,,158862,21,4,,1,33,,158871,21,4,,1,70,,158845,21,4,,1,30,,158854,21,4,,1,70,,158863,21,4,,1,29,,158872,21,4,,1,70,,158846,21,4,,1,30,,158855,21,4,,1,71,,158864,21,4,,1,29,,158873,21,4,,1,70,,158847,21,4,,1,26,,158856,21,4,,1,63,,158865,21,4,,1,19,,158841,21,4,,1,19,,158874,21,4,,1,60,,158877,21,4,,1,21,,158848,21,4,,1,20,,158857,21,4,,1,61,,158866,21,4,,1,20,,158885,21,4,,1,18,,158875,21,4,,1,60,,158878,21,4,,1,18,,158849,21,4,,1,17,,158858,21,0,84 1 86,1,17,,158867,21,0,84 1 86,1,59,,158886,21,0,84 1 86,1,18,,158876,21,0,84 1 86,1,19,,158880,21,0,84 1 86,1,60,,158851,21,0,84 1 86,1,21,,158859,21,0,84 1 86,1,19,,158868,21,0,84 1 86,1,61,,158887,21,0,84 1 86,1,22,,158881,21,0,84 1 86,1,26,,158852,21,0,84 1 86,1,68,,158860,21,0,84 1 86,1,27,,158869,21,0,84 1 86,1,66,,158882,21,0,84 1 86,1,28,,158853,21,0,84 1 86,1,68,,158861,21,0,84 1 86,1,28,,158870,21,0,84 1 86,1,70,,158883,21,0,84 1 86,1,30,,158839,21,0,84 1 86,1,70,,158879,21,0,84 1 86,1,30,,158842,21,0,84 1 86,1,70,,158840,21,0,84 1 86,1,30,,158884,21,0,84 1 86,1,70,,158843,21,0,84 1 86,1
47002,'H50M300F-70-F3',612,,158893,21,4,,1,30,,158902,21,4,,1,70,,158911,21,4,,1,33,,158920,21,4,,1,70,,158894,21,4,,1,30,,158903,21,4,,1,70,,158912,21,4,,1,29,,158921,21,4,,1,70,,158895,21,4,,1,30,,158904,21,4,,1,71,,158913,21,4,,1,29,,158922,21,4,,1,70,,158896,21,4,,1,26,,158905,21,4,,1,63,,158914,21,4,,1,19,,158890,21,4,,1,19,,158923,21,4,,1,60,,158927,21,4,,1,21,,158897,21,4,,1,20,,158906,21,4,,1,61,,158915,21,4,,1,20,,158934,21,4,,1,18,,158924,21,4,,1,60,,158928,21,4,,1,18,,158898,21,4,,1,17,,158907,21,0,84 1 86,1,17,,158916,21,0,84 1 86,1,59,,158935,21,0,84 1 86,1,18,,158925,21,0,84 1 86,1,19,,158929,21,0,84 1 86,1,60,,158899,21,0,84 1 86,1,21,,158908,21,0,84 1 86,1,19,,158917,21,0,84 1 86,1,61,,158936,21,0,84 1 86,1,22,,158931,21,0,84 1 86,1,26,,158900,21,0,84 1 86,1,68,,158909,21,0,84 1 86,1,27,,158918,21,0,84 1 86,1,66,,158930,21,0,84 1 86,1,28,,158901,21,0,84 1 86,1,68,,158910,21,0,84 1 86,1,28,,158919,21,0,84 1 86,1,70,,158932,21,0,84 1 86,1,30,,158888,21,0,84 1 86,1,70,,158926,21,0,84 1 86,1,30,,158891,21,0,84 1 86,1,70,,158889,21,0,84 1 86,1,30,,158933,21,0,84 1 86,1,70,,158892,21,0,84 1 86,1
