4503,'H58U000A-80-A',610,,230813,27,0,8,1,31,,230837,27,0,8,2,70,,230802,27,0,8,1,31,,230814,27,0,8,1,71,,230838,27,0,8,2,30,,230803,27,0,8,1,72,,230815,27,0,8,1,34,,230839,27,0,8,2,76,,230804,27,0,8,1,34,,230816,27,0,8,1,74,,230829,27,0,8,1,68,,230826,27,0,8,2,32,,230805,27,0,8,1,73,,230817,27,0,8,1,30,,230830,27,0,8,1,64,,230819,27,0,8,2,24,,230827,27,0,8,2,22,,230806,27,0,8,1,61,,230833,27,0,8,1,19,,230818,27,0,8,1,19,,230831,27,0,8,1,59,,230820,27,0,8,2,21,,230828,27,0,8,2,29,,230807,27,0,8,1,70,,230834,27,0,8,1,28,,230832,27,0,8,1,69,,230821,27,0,8,2,27,,230844,27,0,8,2,66,,230808,27,0,8,1,25,,230835,27,0,8,1,67,,230840,27,0,8,1,24,,230822,27,0,8,2,26,,230809,27,0,8,1,65,,230836,27,0,8,1,24,,230841,27,0,8,1,70,,230823,27,0,8,2,30,,230810,27,0,8,1,70,,230842,27,0,8,1,31,,230824,27,0,8,2,69,,230811,27,0,8,1,28,,230843,27,0,8,1,69,,230825,27,0,8,2,29,,230812,27,0,8,1,69,,230801,27,0,8,1
4503,'H58U000I-80-I',611,,230845,27,0,8,1,31,,230863,27,0,8,1,69,,230869,27,0,8,2,29,,230846,27,0,8,1,72,,230864,27,0,8,1,30,,230870,27,0,8,2,71,,230847,27,0,8,1,33,,230865,27,0,8,1,75,,230871,27,0,8,2,33,,230848,27,0,8,1,72,,230866,27,0,8,1,74,,230882,27,0,8,1,33,,230872,27,0,8,2,72,,230849,27,0,8,1,31,,230867,27,0,8,1,71,,230883,27,0,8,1,30,,230873,27,0,8,2,70,,230850,27,0,8,1,23,,230884,27,0,8,1,23,,230868,27,0,8,1,67,,230857,27,0,8,1,28,,230874,27,0,8,2,69,,230851,27,0,8,1,29,,230858,27,0,8,1,70,,230877,27,0,8,2,28,,230875,27,0,8,2,70,,230852,27,0,8,1,29,,230859,27,0,8,1,69,,230878,27,0,8,2,28,,230876,27,0,8,2,68,,230853,27,0,8,1,29,,230860,27,0,8,1,70,,230879,27,0,8,2,30,,230854,27,0,8,1,70,,230861,27,0,8,1,30,,230880,27,0,8,2,67,,230855,27,0,8,1,28,,230862,27,0,8,1,71,,230881,27,0,8,2,32,,230856,27,0,8,1
4503,'H58U000S-80-S',600,,230889,27,0,8,2,30,,230897,27,0,8,2,72,,230908,27,0,8,2,32,,230919,27,0,8,2,71,,230896,27,0,8,1,28,,230890,27,0,8,2,71,,230909,27,0,8,2,27,,230920,27,0,8,2,28,,230902,27,0,8,1,67,,230891,27,0,8,2,26,,230900,27,0,8,1,68,,230910,27,0,8,2,28,,230921,27,0,8,2,68,,230903,27,0,8,1,28,,230901,27,0,8,1,70,,230914,27,0,8,2,29,,230911,27,0,8,2,68,,230922,27,0,8,2,27,,230904,27,0,8,1,62,,230892,27,0,8,1,27,,230907,27,0,8,2,12,,230885,27,0,8,1,12,,230925,27,0,8,1,52,,230912,27,0,8,2,12,,230926,27,0,8,1,12,,230923,27,0,8,2,12,,230927,27,0,8,2,12,,230905,27,0,8,1,52,,230930,27,0,8,2,12,,230893,27,0,8,1,12,,230932,27,0,8,2,12,,230929,27,0,8,2,12,,230886,27,0,8,1,52,,230928,27,0,8,2,12,,230913,27,0,8,2,11,,230934,27,0,8,2,10,,230924,27,0,8,2,12,,230915,27,0,8,1,60,,230906,27,0,8,1,18,,230894,27,0,8,1,23,,230887,27,0,8,1,68,,230935,27,0,8,2,29,,230916,27,0,8,1,67,,230895,27,0,8,1,28,,230888,27,0,8,1,69,,230936,27,0,8,2,31,,230917,27,0,8,1,68,,230898,27,0,8,2,31,,230937,27,0,8,2,69,,230918,27,0,8,1,26,,230899,27,0,8,2,70,,230931,27,0,8,1,16,,230938,27,0,8,2,16,,230933,27,0,8,1
4503,'H58U100F-80-F1',611,,230939,27,0,8,1,31,,230957,27,0,8,1,69,,230963,27,0,8,2,29,,230940,27,0,8,1,72,,230958,27,0,8,1,30,,230964,27,0,8,2,71,,230941,27,0,8,1,33,,230959,27,0,8,1,75,,230965,27,0,8,2,33,,230942,27,0,8,1,72,,230960,27,0,8,1,74,,230976,27,0,8,1,33,,230966,27,0,8,2,72,,230943,27,0,8,1,31,,230961,27,0,8,1,71,,230977,27,0,8,1,30,,230967,27,0,8,2,70,,230944,27,0,8,1,23,,230978,27,0,8,1,23,,230962,27,0,8,1,67,,230951,27,0,8,1,28,,230968,27,0,8,2,69,,230945,27,0,8,1,29,,230952,27,0,8,1,70,,230971,27,0,8,2,28,,230969,27,0,8,2,70,,230946,27,0,8,1,29,,230953,27,0,8,1,69,,230972,27,0,8,2,28,,230970,27,0,8,2,68,,230947,27,0,8,1,29,,230954,27,0,8,1,70,,230973,27,0,8,2,30,,230948,27,0,8,1,70,,230955,27,0,8,1,30,,230974,27,0,8,2,67,,230949,27,0,8,1,28,,230956,27,0,8,1,71,,230975,27,0,8,2,32,,230950,27,0,8,1
4503,'H58U200F-80-F2',611,,230987,27,0,8,2,31,,230999,27,0,8,1,69,,231005,27,0,8,2,29,,230988,27,0,8,2,72,,231000,27,0,8,1,30,,231006,27,0,8,2,71,,230989,27,0,8,2,33,,231001,27,0,8,1,75,,231007,27,0,8,2,33,,230990,27,0,8,2,72,,231002,27,0,8,1,74,,230979,27,0,8,2,33,,231008,27,0,8,2,72,,230997,27,0,8,1,31,,231003,27,0,8,1,71,,230980,27,0,8,2,30,,231009,27,0,8,2,70,,230998,27,0,8,1,23,,230991,27,0,8,2,23,,231004,27,0,8,1,67,,230981,27,0,8,2,28,,231010,27,0,8,2,69,,231013,27,0,8,1,29,,230982,27,0,8,2,70,,230992,27,0,8,1,28,,231011,27,0,8,2,70,,231014,27,0,8,1,29,,230983,27,0,8,2,69,,230993,27,0,8,1,28,,231012,27,0,8,2,68,,231015,27,0,8,1,29,,230984,27,0,8,2,70,,230994,27,0,8,1,30,,231016,27,0,8,1,70,,230985,27,0,8,2,30,,230995,27,0,8,1,67,,231017,27,0,8,1,28,,230986,27,0,8,2,71,,230996,27,0,8,1,32,,231018,27,0,8,1
35903,'H57U000A-80-A',2634,,277068,27,0,8,1,20,,277071,27,0,8,1,60,,277069,27,0,8,1,26,,277070,27,0,8,1,74,,277072,27,0,8,1,36,,277074,27,0,8,1,75,,277073,27,0,8,1
35903,'H57U000I-80-I',2555,,277078,27,0,8,1,75,,277075,27,0,8,1,75,,277079,27,0,8,1,35,,277076,27,0,8,1,75,,277080,27,0,8,1,35,,277077,27,0,8,1,76,,277081,27,0,8,1
35903,'H57U000S-81-S',2556,,277084,27,0,8,1,74,,277083,27,0,8,1,78,,277082,27,0,8,1,32,,277085,27,0,8,1,75,,277087,27,0,8,1,35,,277086,27,0,8,1,76,,277088,27,0,8,1
35903,'H57U100F-80-F1',2555,,277092,27,0,8,1,75,,277089,27,0,8,1,75,,277093,27,0,8,1,35,,277090,27,0,8,1,75,,277094,27,0,8,1,35,,277091,27,0,8,1,76,,277095,27,0,8,1
35903,'H57U200F-80-F2',2555,,277099,27,0,8,1,75,,277096,27,0,8,1,75,,277100,27,0,8,1,35,,277097,27,0,8,1,75,,277101,27,0,8,1,35,,277098,27,0,8,1,76,,277102,27,0,8,1
