20001,'H60M000A-71-A',705,,147674,43,0,5,1,24,,147678,43,0,5,1,24,,147676,43,0,5,1,65,,147675,43,0,5,1,29,,147679,43,0,5,1,70,,147677,43,0,5,1,29,,147680,43,0,5,2,70,,147666,43,0,5,1,30,,147659,43,0,5,2,69,,147681,43,0,5,1,27,,147667,43,0,5,1,67,,147660,43,0,5,2,27,,147682,43,0,5,1,67,,147668,43,0,5,1,28,,147661,43,0,5,2,27,,147683,43,0,5,1,67,,147669,43,0,5,1,28,,147662,43,0,5,2,68,,147684,43,0,5,1,27,,147670,43,0,5,1,68,,147663,43,0,5,2,28,,147685,43,0,5,1,67,,147671,43,0,5,1,26,,147664,43,0,5,2,68,,147686,43,0,5,1,27,,147672,43,0,5,1,24,,147665,43,0,5,2,67,,147687,43,0,5,1,27,,147673,43,0,5,1
20001,'H60M000I-71-I',805,,147689,43,0,5,1,30,,147696,43,0,5,2,71,,147704,43,0,5,1,30,,147690,43,0,5,1,70,,147697,43,0,5,2,31,,147708,43,0,5,1,71,,147691,43,0,5,1,30,,147698,43,0,5,2,70,,147709,43,0,5,1,30,,147692,43,0,5,1,70,,147699,43,0,5,2,31,,147705,43,0,5,1,71,,147693,43,0,5,1,31,,147700,43,0,5,2,70,,147706,43,0,5,1,29,,147694,43,0,5,1,70,,147701,43,0,5,2,30,,147707,43,0,5,1,70,,147695,43,0,5,1,29,,147702,43,0,5,2,68,,147710,43,0,5,1,30,,147688,43,0,5,1,71,,147703,43,0,5,2,31,,147711,43,0,5,1
20001,'H60M000S-71-S',634,,147726,43,0,5,2,71,,147727,43,0,5,1,33,,147725,43,0,5,1,68,,147728,43,0,5,1,28,,147712,43,0,5,1,71,,147719,43,0,5,2,32,,147729,43,0,5,1,70,,147713,43,0,5,1,32,,147720,43,0,5,2,72,,147730,43,0,5,1,33,,147714,43,0,5,1,72,,147721,43,0,5,2,32,,147731,43,0,5,1,73,,147715,43,0,5,1,31,,147722,43,0,5,2,71,,147732,43,0,5,1,31,,147716,43,0,5,1,71,,147723,43,0,5,2,28,,147733,43,0,5,1,55,,147737,43,0,5,1,34,,147717,43,0,5,1,76,,147724,43,0,5,2,19,,147734,43,0,5,1,19,,147739,43,0,5,2,60,,147718,43,0,5,1,18,,147735,43,0,5,1,25,,147736,43,0,5,1,65,,147740,43,0,5,2,24,,147738,43,0,5,1
20001,'H60M100F-71-F1',805,,147754,43,0,5,2,30,,147756,43,0,5,1,71,,147764,43,0,5,2,30,,147755,43,0,5,2,70,,147757,43,0,5,1,31,,147741,43,0,5,2,71,,147748,43,0,5,1,30,,147758,43,0,5,1,70,,147742,43,0,5,2,30,,147749,43,0,5,1,70,,147759,43,0,5,1,31,,147743,43,0,5,2,71,,147750,43,0,5,1,31,,147760,43,0,5,1,70,,147744,43,0,5,2,29,,147751,43,0,5,1,70,,147761,43,0,5,1,30,,147745,43,0,5,2,70,,147752,43,0,5,1,29,,147762,43,0,5,1,68,,147746,43,0,5,2,30,,147753,43,0,5,2,71,,147763,43,0,5,1,31,,147747,43,0,5,2
20001,'H60M200F-71-F2',805,,147765,43,0,5,2,30,,147788,43,0,5,1,71,,147774,43,0,5,2,30,,147766,43,0,5,2,70,,147780,43,0,5,1,31,,147767,43,0,5,2,71,,147775,43,0,5,1,30,,147781,43,0,5,1,70,,147768,43,0,5,2,30,,147776,43,0,5,1,70,,147782,43,0,5,1,31,,147769,43,0,5,2,71,,147777,43,0,5,1,31,,147783,43,0,5,1,70,,147770,43,0,5,2,29,,147778,43,0,5,1,70,,147784,43,0,5,1,30,,147771,43,0,5,2,70,,147779,43,0,5,1,29,,147785,43,0,5,1,68,,147772,43,0,5,2,30,,147787,43,0,5,2,71,,147786,43,0,5,1,31,,147773,43,0,5,2
20001,'H60M300F-71-F3',805,,147789,43,0,5,1,30,,147797,43,0,5,1,71,,147805,43,0,5,2,30,,147790,43,0,5,1,70,,147798,43,0,5,1,31,,147806,43,0,5,2,71,,147791,43,0,5,1,30,,147799,43,0,5,1,70,,147807,43,0,5,2,30,,147792,43,0,5,1,70,,147800,43,0,5,1,31,,147808,43,0,5,2,71,,147793,43,0,5,1,31,,147801,43,0,5,1,70,,147809,43,0,5,2,29,,147794,43,0,5,1,70,,147802,43,0,5,1,30,,147810,43,0,5,2,70,,147795,43,0,5,1,29,,147803,43,0,5,1,68,,147811,43,0,5,2,30,,147796,43,0,5,1,71,,147804,43,0,5,1,31,,147812,43,0,5,2
20103,'H60M000A-71-A',646,,147977,64,0,8,1,70,,147981,64,0,8,1,31,,148001,64,0,8,1,73,,147982,64,0,8,2,32,,147987,64,0,8,1,72,,147994,64,0,8,1,30,,147973,64,0,8,1,71,,148002,64,0,8,1,31,,147983,64,0,8,2,70,,147988,64,0,8,1,30,,147995,64,0,8,1,72,,147974,64,0,8,1,30,,148003,64,0,8,1,68,,147984,64,0,8,2,30,,147989,64,0,8,1,70,,147996,64,0,8,1,30,,147975,64,0,8,1,71,,148004,64,0,8,1,31,,147985,64,0,8,2,70,,147990,64,0,8,1,30,,147997,64,0,8,1,70,,147976,64,0,8,1,30,,148005,64,0,8,1,69,,147986,64,0,8,2,29,,147991,64,0,8,1,71,,147998,64,0,8,1,84,,147978,65,0,8,2,30,,148006,65,0,8,1,71,,147992,65,0,8,1,32,,147999,65,0,8,1,72,,147979,65,0,8,2,30,,148007,65,0,8,1,70,,147993,65,0,8,1,31,,148000,65,0,8,1,70,,147980,65,0,8,2
20103,'H60M000I-71-I',740,,148019,64,0,8,1,72,,148023,64,0,8,1,33,,148017,64,0,8,2,74,,148008,64,0,8,1,34,,148020,64,0,8,1,74,,148024,64,0,8,1,32,,148018,64,0,8,2,75,,148039,64,0,8,1,74,,148036,64,0,8,1,33,,148010,64,0,8,2,73,,148021,64,0,8,1,33,,148028,64,0,8,2,73,,148015,64,0,8,1,33,,148037,64,0,8,1,72,,148011,64,0,8,2,33,,148022,64,0,8,1,73,,148029,64,0,8,2,73,,148016,64,0,8,1,33,,148038,64,0,8,1,70,,148012,64,0,8,2,31,,148009,64,0,8,1,73,,148013,64,0,8,2,32,,148025,64,0,8,1,74,,148030,65,0,8,2,32,,148034,65,0,8,1,71,,148014,65,0,8,2,32,,148026,65,0,8,1,69,,148031,65,0,8,2,29,,148035,65,0,8,1,67,,148033,65,0,8,1,28,,148027,65,0,8,1,70,,148032,65,0,8,2
20103,'H60M000S-71-S',659,,148058,64,0,8,1,79,,148061,64,0,8,2,75,,148053,64,0,8,2,28,,148059,64,0,8,1,77,,148049,64,0,8,2,38,,148054,64,0,8,1,78,,148040,64,0,8,2,80,,148060,64,0,8,1,38,,148050,64,0,8,2,75,,148055,64,0,8,1,76,,148041,64,0,8,2,36,,148047,64,0,8,1,73,,148063,64,0,8,1,34,,148051,64,0,8,2,79,,148056,64,0,8,1,76,,148042,64,0,8,2,34,,148048,64,0,8,1,75,,148064,64,0,8,1,35,,148052,64,0,8,2,70,,148069,64,0,8,2,28,,148057,64,0,8,1,72,,148043,64,0,8,2,31,,148071,64,0,8,1,74,,148062,65,0,8,2,31,,148066,65,0,8,1,73,,148044,65,0,8,1,33,,148067,65,0,8,2,70,,148065,65,0,8,1,28,,148070,65,0,8,2,68,,148046,65,0,8,1,27,,148045,65,0,8,1,68,,148068,65,0,8,2
20103,'H60M100F-71-F1',740,,148090,64,0,8,2,72,,148095,64,0,8,1,33,,148087,64,0,8,2,74,,148094,64,0,8,1,34,,148091,64,0,8,2,74,,148086,64,0,8,1,32,,148088,64,0,8,2,75,,148097,64,0,8,1,74,,148079,64,0,8,1,33,,148092,64,0,8,1,73,,148100,64,0,8,1,33,,148096,64,0,8,2,73,,148082,64,0,8,1,33,,148080,64,0,8,1,72,,148093,64,0,8,1,33,,148089,64,0,8,2,73,,148103,64,0,8,1,73,,148081,64,0,8,1,33,,148101,64,0,8,2,70,,148102,64,0,8,1,31,,148072,64,0,8,2,73,,148076,64,0,8,2,32,,148073,64,0,8,1,74,,148098,65,0,8,1,32,,148084,65,0,8,2,71,,148077,65,0,8,2,32,,148074,65,0,8,1,69,,148099,65,0,8,1,29,,148085,65,0,8,2,67,,148078,65,0,8,2,28,,148075,65,0,8,1,70,,148083,65,0,8,1
20103,'H60M200F-71-F2',740,,148104,64,0,8,2,72,,148108,64,0,8,1,33,,148114,64,0,8,2,74,,148124,64,0,8,1,34,,148105,64,0,8,2,74,,148107,64,0,8,1,32,,148115,64,0,8,2,75,,148126,64,0,8,1,74,,148119,64,0,8,1,33,,148121,64,0,8,1,73,,148134,64,0,8,1,33,,148125,64,0,8,2,73,,148117,64,0,8,1,33,,148120,64,0,8,1,72,,148122,64,0,8,1,33,,148116,64,0,8,2,73,,148123,64,0,8,1,73,,148118,64,0,8,1,33,,148127,64,0,8,2,70,,148135,64,0,8,1,31,,148106,64,0,8,2,73,,148128,64,0,8,2,32,,148131,64,0,8,1,74,,148112,65,0,8,1,32,,148110,65,0,8,2,71,,148129,65,0,8,2,32,,148132,65,0,8,1,69,,148113,65,0,8,1,29,,148111,65,0,8,2,67,,148130,65,0,8,2,28,,148133,65,0,8,1,70,,148109,65,0,8,1
20103,'H60M300F-71-F3',740,,148154,64,0,8,1,72,,148158,64,0,8,2,33,,148152,64,0,8,1,74,,148157,64,0,8,1,34,,148155,64,0,8,1,74,,148159,64,0,8,2,32,,148153,64,0,8,1,75,,148166,64,0,8,2,74,,148149,64,0,8,1,33,,148146,64,0,8,1,73,,148139,64,0,8,1,33,,148143,64,0,8,2,73,,148144,64,0,8,1,33,,148150,64,0,8,1,72,,148147,64,0,8,1,33,,148156,64,0,8,2,73,,148167,64,0,8,1,73,,148145,64,0,8,1,33,,148151,64,0,8,1,70,,148148,64,0,8,1,31,,148165,64,0,8,1,73,,148140,64,0,8,1,32,,148136,64,0,8,1,74,,148160,65,0,8,1,32,,148163,65,0,8,2,71,,148141,65,0,8,1,32,,148137,65,0,8,1,69,,148161,65,0,8,1,29,,148164,65,0,8,2,67,,148142,65,0,8,1,28,,148138,65,0,8,1,70,,148162,65,0,8,1
20202,'H50M000S-70-S',1618,,148598,66,0,10,1
20202,'H60M000A-71-A',646,,148601,66,0,10,1,62,,148612,66,0,10,2,19,,148623,66,0,10,1,19,,148628,66,0,10,1,59,,148608,66,0,10,1,20,,148617,66,0,10,2,28,,148602,66,0,10,1,71,,148600,66,0,10,2,30,,148629,66,0,10,1,71,,148609,66,0,10,1,31,,148614,66,0,10,1,71,,148603,66,0,10,1,31,,148618,66,0,10,2,72,,148624,66,0,10,1,72,,148615,66,0,10,1,32,,148610,66,0,10,1,23,,148604,66,0,10,1,63,,148619,66,0,10,2,23,,148633,66,0,10,1,63,,148625,66,0,10,1,23,,148616,66,0,10,1,24,,148611,66,0,10,1,63,,148605,66,0,10,1,23,,148620,66,0,10,2,64,,148634,66,0,10,1,24,,148626,66,0,10,1,25,,148638,66,0,10,1,63,,148639,66,0,10,1,21,,148606,66,0,10,1,23,,148621,66,0,10,2,63,,148635,66,0,10,1,31,,148627,66,0,10,1,72,,148630,66,0,10,1,28,,148640,66,0,10,1,68,,148607,66,0,10,1,28,,148632,66,0,10,1,69,,148622,66,0,10,1,30,,148637,66,0,10,1,69,,148599,66,0,10,1,31,,148636,66,0,10,1,71,,148613,66,0,10,1,27,,148631,66,0,10,1
20202,'H60M000I-71-I',646,,148643,66,0,10,1,70,,148653,66,0,10,1,30,,148663,66,0,10,1,71,,148668,66,0,10,2,31,,148644,66,0,10,1,70,,148654,66,0,10,1,30,,148664,66,0,10,1,72,,148669,66,0,10,2,34,,148645,66,0,10,1,71,,148655,66,0,10,1,31,,148665,66,0,10,1,70,,148670,66,0,10,2,30,,148650,66,0,10,1,70,,148660,66,0,10,1,32,,148666,66,0,10,1,72,,148658,66,0,10,2,71,,148657,66,0,10,1,31,,148672,66,0,10,1,20,,148675,66,0,10,2,61,,148661,66,0,10,1,19,,148667,66,0,10,1,68,,148659,66,0,10,2,30,,148656,66,0,10,1,71,,148676,66,0,10,2,31,,148662,66,0,10,1,71,,148646,66,0,10,1,29,,148673,66,0,10,1,68,,148651,66,0,10,1,29,,148677,66,0,10,2,29,,148641,66,0,10,1,69,,148648,66,0,10,1,29,,148674,66,0,10,1,68,,148652,66,0,10,1,28,,148678,66,0,10,2,68,,148642,66,0,10,1,27,,148647,66,0,10,1,68,,148649,66,0,10,2,28,,148671,66,0,10,1
20202,'H60M000S-71-S',633,,148682,66,0,10,1,80,,148681,66,0,10,1,33,,148685,66,0,10,1,74,,148689,66,0,10,1,29,,148697,66,0,10,1,64,,148683,66,0,10,1,24,,148695,66,0,10,2,64,,148696,66,0,10,1,25,,148686,66,0,10,1,25,,148690,66,0,10,1,65,,148698,66,0,10,1,23,,148684,66,0,10,1,62,,148680,66,0,10,1,24,,148691,66,0,10,1,25,,148687,66,0,10,1,66,,148704,66,0,10,1,19,,148679,66,0,10,2,18,,148699,66,0,10,1,58,,148708,66,0,10,1,18,,148706,66,0,10,1,16,,148709,66,0,10,1,56,,148692,66,0,10,1,21,,148688,66,0,10,1,25,,148705,66,0,10,1,95,,148712,66,0,10,1,59,,148711,66,0,10,2,19,,148707,66,0,10,1,16,,148716,66,0,10,1,70,,148710,66,0,10,1,28,,148700,66,0,10,1,70,,148693,66,0,10,1,29,,148719,66,0,10,2,68,,148717,66,0,10,1,25,,148714,66,0,10,2,26,,148701,66,0,10,1,68,,148694,66,0,10,1,28,,148720,66,0,10,2,67,,148718,66,0,10,1,27,,148715,66,0,10,2,67,,148702,66,0,10,1,33,,148721,66,0,10,1,74,,148713,66,0,10,1,33,,148703,66,0,10,1
20202,'H60M100F-71-F1',646,,148724,66,0,10,1,70,,148732,66,0,10,1,30,,148737,66,0,10,1,71,,148742,66,0,10,2,31,,148725,66,0,10,1,70,,148733,66,0,10,1,30,,148738,66,0,10,1,72,,148743,66,0,10,2,34,,148726,66,0,10,1,71,,148734,66,0,10,1,31,,148739,66,0,10,1,70,,148744,66,0,10,2,30,,148731,66,0,10,1,70,,148727,66,0,10,1,32,,148740,66,0,10,1,72,,148736,66,0,10,2,71,,148735,66,0,10,1,31,,148748,66,0,10,1,20,,148751,66,0,10,1,61,,148728,66,0,10,1,19,,148741,66,0,10,1,68,,148747,66,0,10,2,30,,148755,66,0,10,1,71,,148752,66,0,10,1,31,,148729,66,0,10,1,71,,148723,66,0,10,1,29,,148754,66,0,10,2,68,,148756,66,0,10,1,29,,148749,66,0,10,1,29,,148722,66,0,10,1,69,,148753,66,0,10,1,29,,148759,66,0,10,1,68,,148757,66,0,10,1,28,,148750,66,0,10,1,68,,148730,66,0,10,1,27,,148745,66,0,10,1,68,,148758,66,0,10,1,28,,148746,66,0,10,1
20202,'H60M200F-71-F2',646,,148793,66,0,10,1,70,,148785,66,0,10,1,30,,148790,66,0,10,1,71,,148781,66,0,10,2,31,,148794,66,0,10,1,70,,148787,66,0,10,1,30,,148791,66,0,10,1,72,,148782,66,0,10,2,34,,148795,66,0,10,1,71,,148786,66,0,10,1,31,,148792,66,0,10,1,70,,148783,66,0,10,2,30,,148768,66,0,10,1,70,,148770,66,0,10,1,32,,148779,66,0,10,1,72,,148767,66,0,10,2,71,,148788,66,0,10,1,31,,148762,66,0,10,1,20,,148773,66,0,10,1,61,,148772,66,0,10,1,19,,148780,66,0,10,1,68,,148784,66,0,10,2,30,,148775,66,0,10,1,71,,148774,66,0,10,1,31,,148771,66,0,10,1,71,,148796,66,0,10,1,29,,148789,66,0,10,2,68,,148776,66,0,10,1,29,,148777,66,0,10,1,29,,148763,66,0,10,1,69,,148797,66,0,10,1,29,,148765,66,0,10,1,68,,148769,66,0,10,1,28,,148778,66,0,10,1,68,,148761,66,0,10,1,27,,148764,66,0,10,1,68,,148760,66,0,10,1,28,,148766,66,0,10,1
20202,'H60M300F-71-F3',646,,148804,66,0,10,1,70,,148814,66,0,10,1,30,,148800,66,0,10,1,71,,148807,66,0,10,2,31,,148803,66,0,10,1,70,,148815,66,0,10,1,30,,148801,66,0,10,1,72,,148808,66,0,10,2,34,,148805,66,0,10,1,71,,148816,66,0,10,1,31,,148802,66,0,10,1,70,,148809,66,0,10,2,30,,148810,66,0,10,1,70,,148820,66,0,10,1,32,,148830,66,0,10,1,72,,148818,66,0,10,1,71,,148824,66,0,10,1,31,,148832,66,0,10,2,20,,148833,66,0,10,2,61,,148821,66,0,10,1,19,,148831,66,0,10,1,68,,148806,66,0,10,1,30,,148825,66,0,10,1,71,,148834,66,0,10,2,31,,148822,66,0,10,1,71,,148799,66,0,10,2,29,,148798,66,0,10,1,68,,148826,66,0,10,1,29,,148812,66,0,10,1,29,,148828,66,0,10,1,69,,148817,66,0,10,1,29,,148819,66,0,10,1,68,,148835,66,0,10,1,28,,148813,66,0,10,1,68,,148811,66,0,10,1,27,,148823,66,0,10,1,68,,148829,66,0,10,1,28,,148827,66,0,10,1
20302,'H56M000S-70-S',1049,,149054,47,0,10,1,706,,149053,47,0,10,1,165,,149052,47,0,10,1
20302,'H60M000A-71-A',647,,149072,47,0,10,1,69,,149061,47,0,10,2,31,,149077,47,0,10,1,70,,149073,47,0,10,1,30,,149062,47,0,10,2,71,,149078,47,0,10,1,32,,149074,47,0,10,1,72,,149066,47,0,10,2,33,,149079,47,0,10,1,73,,149075,47,0,10,1,73,,149063,47,0,10,2,32,,149080,47,0,10,1,69,,149088,47,0,10,2,29,,149076,47,0,10,1,69,,149064,47,0,10,2,29,,149081,47,0,10,1,29,,149089,47,0,10,2,69,,149055,47,0,10,1,29,,149065,47,0,10,2,70,,149082,47,0,10,1,31,,149090,47,0,10,2,70,,149056,47,0,10,1,31,,149067,47,0,10,2,70,,149083,47,0,10,1,72,,149057,47,0,10,1,30,,149068,47,0,10,2,29,,149084,47,0,10,1,69,,149058,47,0,10,1,30,,149069,47,0,10,2,68,,149085,47,0,10,1,29,,149059,47,0,10,1,68,,149070,47,0,10,2,28,,149086,47,0,10,1,68,,149060,47,0,10,1,28,,149071,47,0,10,2,68,,149087,47,0,10,1
20302,'H60M000I-71-I',747,,149102,47,0,10,1,70,,149091,47,0,10,1,30,,149114,47,0,10,2,70,,149103,47,0,10,1,30,,149092,47,0,10,1,70,,149115,47,0,10,2,30,,149104,47,0,10,1,70,,149093,47,0,10,1,30,,149116,47,0,10,2,70,,149105,47,0,10,1,30,,149094,47,0,10,1,70,,149117,47,0,10,2,30,,149106,47,0,10,1,72,,149095,47,0,10,1,30,,149118,47,0,10,2,70,,149107,47,0,10,1,32,,149096,47,0,10,1,70,,149119,47,0,10,2,30,,149108,47,0,10,1,71,,149097,47,0,10,1,30,,149122,47,0,10,2,69,,149109,47,0,10,1,30,,149098,47,0,10,1,69,,149123,47,0,10,2,29,,149110,47,0,10,1,68,,149099,47,0,10,1,30,,149120,47,0,10,2,70,,149111,47,0,10,1,30,,149100,47,0,10,1,69,,149121,47,0,10,2,30,,149112,47,0,10,1,69,,149101,47,0,10,1,30,,149124,47,0,10,2,70,,149113,47,0,10,1
20302,'H60M000S-71-S',637,,149136,47,0,10,1,80,,149135,47,0,10,2,38,,149126,47,0,10,1,69,,149137,47,0,10,1,28,,149125,47,0,10,2,70,,149144,47,0,10,2,25,,149127,47,0,10,1,70,,149145,47,0,10,1,105,,149132,47,0,10,1,33,,149128,47,0,10,1,73,,149146,47,0,10,1,73,,149142,47,0,10,1,33,,149129,47,0,10,1,70,,149131,47,0,10,1,29,,149133,47,0,10,1,69,,149141,47,0,10,1,30,,149130,47,0,10,1,79,,149151,47,0,10,1,32,,149157,47,0,10,1,71,,149134,47,0,10,1,22,,149147,47,0,10,2,78,,149152,47,0,10,1,18,,149143,47,0,10,1,21,,149156,47,0,10,1,97,,149153,47,0,10,1,71,,149148,47,0,10,1,29,,149138,47,0,10,1,71,,149154,47,0,10,1,31,,149149,47,0,10,1,68,,149139,47,0,10,1,29,,149155,47,0,10,1,70,,149150,47,0,10,1,28,,149140,47,0,10,1,68,,149158,47,0,10,1
20302,'H60M100F-71-F1',747,,149159,47,0,10,1,70,,149171,47,0,10,1,30,,149182,47,0,10,2,70,,149160,47,0,10,1,30,,149172,47,0,10,1,70,,149183,47,0,10,2,30,,149161,47,0,10,1,70,,149173,47,0,10,1,30,,149184,47,0,10,2,70,,149162,47,0,10,1,30,,149174,47,0,10,1,70,,149185,47,0,10,2,30,,149163,47,0,10,1,72,,149175,47,0,10,1,30,,149186,47,0,10,2,70,,149164,47,0,10,1,32,,149176,47,0,10,1,70,,149187,47,0,10,2,30,,149165,47,0,10,1,71,,149177,47,0,10,1,30,,149188,47,0,10,2,69,,149166,47,0,10,1,30,,149178,47,0,10,1,69,,149189,47,0,10,2,29,,149167,47,0,10,1,68,,149179,47,0,10,1,30,,149190,47,0,10,2,70,,149168,47,0,10,1,30,,149180,47,0,10,1,69,,149191,47,0,10,2,30,,149169,47,0,10,1,69,,149181,47,0,10,1,30,,149192,47,0,10,2,70,,149170,47,0,10,1
20302,'H60M200F-71-F2',747,,149215,47,0,10,1,70,,149195,47,0,10,1,30,,149204,47,0,10,2,70,,149216,47,0,10,1,30,,149193,47,0,10,1,70,,149205,47,0,10,2,30,,149217,47,0,10,1,70,,149196,47,0,10,1,30,,149206,47,0,10,2,70,,149218,47,0,10,1,30,,149194,47,0,10,1,70,,149207,47,0,10,2,30,,149219,47,0,10,1,72,,149197,47,0,10,1,30,,149208,47,0,10,2,70,,149220,47,0,10,1,32,,149198,47,0,10,1,70,,149209,47,0,10,2,30,,149221,47,0,10,1,71,,149199,47,0,10,1,30,,149210,47,0,10,2,69,,149222,47,0,10,1,30,,149200,47,0,10,1,69,,149211,47,0,10,2,29,,149223,47,0,10,1,68,,149201,47,0,10,1,30,,149212,47,0,10,2,70,,149224,47,0,10,1,30,,149202,47,0,10,1,69,,149213,47,0,10,2,30,,149226,47,0,10,1,69,,149203,47,0,10,1,30,,149214,47,0,10,2,70,,149225,47,0,10,1
20302,'H60M300F-71-F3',747,,149238,47,0,10,1,70,,149229,47,0,10,1,30,,149250,47,0,10,2,70,,149239,47,0,10,1,30,,149230,47,0,10,1,70,,149251,47,0,10,2,30,,149240,47,0,10,1,70,,149227,47,0,10,1,30,,149252,47,0,10,2,70,,149241,47,0,10,1,30,,149228,47,0,10,1,70,,149253,47,0,10,2,30,,149242,47,0,10,1,72,,149231,47,0,10,1,30,,149254,47,0,10,2,70,,149243,47,0,10,1,32,,149232,47,0,10,1,70,,149255,47,0,10,2,30,,149244,47,0,10,1,71,,149233,47,0,10,1,30,,149256,47,0,10,2,69,,149245,47,0,10,1,30,,149234,47,0,10,1,69,,149257,47,0,10,2,29,,149246,47,0,10,1,68,,149235,47,0,10,1,30,,149258,47,0,10,2,70,,149247,47,0,10,1,30,,149236,47,0,10,1,69,,149259,47,0,10,2,30,,149248,47,0,10,1,69,,149237,47,0,10,1,30,,149260,47,0,10,2,70,,149249,47,0,10,1
20402,'H60M000A-71-A',712,,149470,36,0,10,1,31,,149479,36,0,10,1,72,,149489,36,0,10,1,32,,149471,36,0,10,1,73,,149480,36,0,10,1,32,,149490,36,0,10,1,72,,149472,36,0,10,1,33,,149481,36,0,10,1,72,,149491,36,0,10,1,72,,149473,36,0,10,1,34,,149482,36,0,10,1,73,,149492,36,0,10,1,32,,149474,36,0,10,1,73,,149498,36,0,10,1,30,,149483,36,0,10,1,70,,149493,36,0,10,1,29,,149475,36,0,10,1,69,,149500,36,0,10,1,29,,149484,36,0,10,1,70,,149494,36,0,10,1,30,,149476,36,0,10,1,70,,149499,36,0,10,1,30,,149485,36,0,10,1,70,,149495,36,0,10,1,29,,149477,36,0,10,1,70,,149501,36,0,10,1,30,,149469,36,0,10,1,70,,149497,36,0,10,1,30,,149488,36,0,10,1,69,,149496,36,0,10,1,29,,149502,36,0,10,1,67,,149478,36,0,10,1,27,,149486,36,0,10,1,27,,149487,36,0,10,1
20402,'H60M000I-71-I',818,,149503,36,0,10,1,32,,149509,36,0,10,1,72,,149518,36,0,10,1,32,,149504,36,0,10,1,72,,149510,36,0,10,1,32,,149519,36,0,10,1,71,,149505,36,0,10,1,72,,149511,36,0,10,1,31,,149520,36,0,10,1,71,,149506,36,0,10,1,30,,149527,36,0,10,1,70,,149512,36,0,10,1,30,,149522,36,0,10,1,69,,149507,36,0,10,1,31,,149528,36,0,10,1,70,,149513,36,0,10,1,30,,149523,36,0,10,1,70,,149508,36,0,10,1,30,,149530,36,0,10,1,72,,149514,36,0,10,1,33,,149521,36,0,10,1,73,,149529,36,0,10,1,32,,149515,36,0,10,1,72,,149524,36,0,10,1,32,,149531,36,0,10,1,70,,149516,36,0,10,1,31,,149525,36,0,10,1,73,,149532,36,0,10,1,33,,149517,36,0,10,1,72,,149526,36,0,10,1,33,,149533,36,0,10,1
20402,'H60M000S-71-S',625,,149553,36,0,10,1,28,,149556,36,0,10,1,75,,149534,36,0,10,1,73,,149557,36,0,10,1,33,,149538,36,0,10,1,72,,149548,36,0,10,1,32,,149558,36,0,10,1,73,,149539,36,0,10,1,33,,149549,36,0,10,1,73,,149559,36,0,10,1,34,,149540,36,0,10,1,74,,149550,36,0,10,1,76,,149560,36,0,10,1,35,,149541,36,0,10,1,76,,149551,36,0,10,1,36,,149554,36,0,10,1,75,,149542,36,0,10,1,81,,149552,36,0,10,1,34,,149555,36,0,10,1,75,,149543,36,0,10,1,20,,149563,36,0,10,1,17,,149561,36,0,10,1,61,,149562,36,0,10,1,19,,149568,36,0,10,1,23,,149547,36,0,10,1,65,,149564,36,0,10,1,31,,149535,36,0,10,1,71,,149544,36,0,10,1,32,,149565,36,0,10,1,71,,149536,36,0,10,1,30,,149545,36,0,10,1,71,,149566,36,0,10,1,31,,149537,36,0,10,1,70,,149546,36,0,10,1,31,,149567,36,0,10,1
20402,'H60M100F-71-F1',818,,149575,36,0,10,1,32,,149581,36,0,10,1,72,,149591,36,0,10,1,32,,149576,36,0,10,1,72,,149582,36,0,10,1,32,,149592,36,0,10,1,71,,149577,36,0,10,1,72,,149583,36,0,10,1,31,,149593,36,0,10,1,71,,149578,36,0,10,1,30,,149584,36,0,10,1,70,,149571,36,0,10,1,30,,149594,36,0,10,1,69,,149579,36,0,10,1,31,,149585,36,0,10,1,70,,149569,36,0,10,1,30,,149595,36,0,10,1,70,,149580,36,0,10,1,30,,149586,36,0,10,1,72,,149570,36,0,10,1,33,,149596,36,0,10,1,73,,149587,36,0,10,1,32,,149572,36,0,10,1,72,,149597,36,0,10,1,32,,149590,36,0,10,1,70,,149573,36,0,10,1,31,,149598,36,0,10,1,73,,149588,36,0,10,1,33,,149574,36,0,10,1,72,,149599,36,0,10,1,33,,149589,36,0,10,1
20402,'H60M200F-71-F2',818,,149605,36,0,10,1,32,,149607,36,0,10,1,72,,149616,36,0,10,1,32,,149600,36,0,10,1,72,,149604,36,0,10,1,32,,149617,36,0,10,1,71,,149601,36,0,10,1,72,,149608,36,0,10,1,31,,149618,36,0,10,1,71,,149602,36,0,10,1,30,,149609,36,0,10,1,70,,149625,36,0,10,1,30,,149619,36,0,10,1,69,,149606,36,0,10,1,31,,149610,36,0,10,1,70,,149626,36,0,10,1,30,,149620,36,0,10,1,70,,149603,36,0,10,1,30,,149611,36,0,10,1,72,,149627,36,0,10,1,33,,149621,36,0,10,1,73,,149612,36,0,10,1,32,,149628,36,0,10,1,72,,149622,36,0,10,1,32,,149613,36,0,10,1,70,,149629,36,0,10,1,31,,149623,36,0,10,1,73,,149614,36,0,10,1,33,,149630,36,0,10,1,72,,149624,36,0,10,1,33,,149615,36,0,10,1
20402,'H60M300F-71-F3',818,,149638,36,0,10,1,32,,149644,36,0,10,1,72,,149653,36,0,10,1,32,,149639,36,0,10,1,72,,149645,36,0,10,1,32,,149654,36,0,10,1,71,,149640,36,0,10,1,72,,149646,36,0,10,1,31,,149655,36,0,10,1,71,,149641,36,0,10,1,30,,149631,36,0,10,1,70,,149647,36,0,10,1,30,,149656,36,0,10,1,69,,149642,36,0,10,1,31,,149632,36,0,10,1,70,,149648,36,0,10,1,30,,149657,36,0,10,1,70,,149643,36,0,10,1,30,,149633,36,0,10,1,72,,149649,36,0,10,1,33,,149658,36,0,10,1,73,,149634,36,0,10,1,32,,149650,36,0,10,1,72,,149659,36,0,10,1,32,,149635,36,0,10,1,70,,149651,36,0,10,1,31,,149660,36,0,10,1,73,,149636,36,0,10,1,33,,149652,36,0,10,1,72,,149661,36,0,10,1,33,,149637,36,0,10,1
38201,'H60M000A-71-A',2600,,155521,17,0,5,1,45,,155520,17,0,5,2,85,,155519,17,0,5,1,85,,155522,17,0,5,1
38201,'H60M000I-71-I',2600,,155524,17,0,5,1,45,,155525,17,0,5,1,85,,155523,17,0,5,1,85,,155526,17,0,5,1
38201,'H60M000S-71-S',2558,,155530,17,0,5,1,87,,155528,17,0,5,1,85,,155527,17,0,5,1,85,,155529,17,0,5,1
38201,'H60M100F-71-F1',2600,,155533,17,0,5,2,45,,155534,17,0,5,1,85,,155531,17,0,5,1,85,,155532,17,0,5,1
38201,'H60M200F-71-F2',2600,,155535,17,0,5,2,45,,155536,17,0,5,1,85,,155537,17,0,5,1,85,,155538,17,0,5,1
38201,'H60M300F-71-F3',2600,,155541,17,0,5,1,45,,155540,17,0,5,1,85,,155542,17,0,5,1,85,,155539,17,0,5,1
