10701,'H56U000A-80-A',522,,249109,26,0,5,1,31,,249097,26,0,5,1,73,,249099,26,0,5,2,31,,249110,26,0,5,1,72,,249098,26,0,5,1,73,,249100,26,0,5,2,31,,249111,26,0,5,1,70,,249127,26,0,5,2,28,,249120,26,0,5,1,69,,249101,26,0,5,2,29,,249112,26,0,5,1,71,,249128,26,0,5,2,30,,249121,26,0,5,1,70,,249102,26,0,5,2,30,,249113,26,0,5,1,70,,249129,26,0,5,2,30,,249122,26,0,5,1,70,,249103,26,0,5,2,30,,249114,26,0,5,1,70,,249130,26,0,5,2,30,,249123,26,0,5,1,70,,249104,26,0,5,2,30,,249115,26,0,5,1,70,,249131,26,0,5,2,30,,249124,26,0,5,1,70,,249105,26,0,5,2,30,,249116,26,0,5,1,70,,249132,26,0,5,2,30,,249125,26,0,5,1,29,,249106,26,0,5,2,70,,249117,26,0,5,1,30,,249133,26,0,5,2,70,,249126,26,0,5,1,30,,249107,26,0,5,2,70,,249118,26,0,5,1,30,,249134,26,0,5,2,70,,249136,26,0,5,1,28,,249108,26,0,5,2,69,,249119,26,0,5,1,29,,249135,26,0,5,2,71,,249137,26,0,5,1
10701,'H56U000I-80-I',521,,249176,26,0,5,1,31,,249139,26,0,5,1,72,,249138,26,0,5,1,32,,249177,26,0,5,1,70,,249140,26,0,5,1,33,,249150,26,0,5,2,72,,249155,26,0,5,1,70,,249141,26,0,5,1,31,,249164,26,0,5,2,71,,249151,26,0,5,2,28,,249156,26,0,5,1,69,,249142,26,0,5,1,30,,249165,26,0,5,2,70,,249152,26,0,5,2,30,,249157,26,0,5,1,70,,249143,26,0,5,1,30,,249166,26,0,5,2,70,,249153,26,0,5,2,30,,249158,26,0,5,1,70,,249144,26,0,5,1,30,,249167,26,0,5,2,71,,249154,26,0,5,2,31,,249159,26,0,5,1,72,,249145,26,0,5,1,32,,249160,26,0,5,2,71,,249168,26,0,5,2,31,,249172,26,0,5,1,69,,249146,26,0,5,1,27,,249161,26,0,5,2,68,,249169,26,0,5,2,28,,249173,26,0,5,1,29,,249147,26,0,5,1,69,,249162,26,0,5,2,30,,249170,26,0,5,2,70,,249174,26,0,5,1,27,,249148,26,0,5,1,69,,249163,26,0,5,2,29,,249171,26,0,5,2,69,,249175,26,0,5,1,33,,249149,26,0,5,1
10701,'H56U000S-81-S',517,,249180,26,0,5,1,22,,249186,26,0,5,2,18,,249219,26,0,5,2,57,,249191,26,0,5,2,17,,249189,26,0,5,2,18,,249179,26,0,5,1,52,,249181,26,0,5,1,12,,249197,26,0,5,1,11,,249187,26,0,5,2,10,,249206,26,0,5,2,9,,249227,26,0,5,2,8,,249220,26,0,5,2,7,,249212,26,0,5,2,47,,249183,26,0,5,1,9,,249192,26,0,5,2,9,,249188,26,0,5,2,9,,249190,26,0,5,2,11,,249214,26,0,5,1,12,,249218,26,0,5,1,50,,249213,26,0,5,2,11,,249198,26,0,5,1,12,,249182,26,0,5,1,10,,249207,26,0,5,2,14,,249221,26,0,5,2,64,,249193,26,0,5,2,28,,249215,26,0,5,1,68,,249199,26,0,5,1,29,,249208,26,0,5,2,69,,249194,26,0,5,2,28,,249216,26,0,5,1,67,,249200,26,0,5,1,30,,249209,26,0,5,2,69,,249195,26,0,5,2,29,,249217,26,0,5,1,26,,249178,26,0,5,1,63,,249201,26,0,5,1,23,,249210,26,0,5,2,63,,249196,26,0,5,2,22,,249184,26,0,5,1,22,,249185,26,0,5,1,62,,249222,26,0,5,2,22,,249202,26,0,5,1,22,,249211,26,0,5,2,67,,249232,26,0,5,1,25,,249228,26,0,5,2,69,,249223,26,0,5,2,30,,249203,26,0,5,1,67,,249233,26,0,5,1,27,,249229,26,0,5,2,67,,249224,26,0,5,2,27,,249204,26,0,5,1,68,,249234,26,0,5,1,28,,249230,26,0,5,2,68,,249225,26,0,5,2,28,,249205,26,0,5,1,28,,249235,26,0,5,1,69,,249231,26,0,5,2,32,,249226,26,0,5,2
10701,'H56U100F-80-F1',521,,249274,26,0,5,1,31,,249237,26,0,5,1,72,,249236,26,0,5,1,32,,249275,26,0,5,1,70,,249238,26,0,5,1,33,,249248,26,0,5,2,72,,249253,26,0,5,1,70,,249239,26,0,5,1,31,,249262,26,0,5,2,71,,249249,26,0,5,2,28,,249254,26,0,5,1,69,,249240,26,0,5,1,30,,249263,26,0,5,2,70,,249250,26,0,5,2,30,,249255,26,0,5,1,70,,249241,26,0,5,1,30,,249264,26,0,5,2,70,,249251,26,0,5,2,30,,249256,26,0,5,1,70,,249242,26,0,5,1,30,,249265,26,0,5,2,71,,249252,26,0,5,2,31,,249257,26,0,5,1,72,,249243,26,0,5,1,32,,249258,26,0,5,2,71,,249266,26,0,5,2,31,,249270,26,0,5,1,69,,249244,26,0,5,1,27,,249259,26,0,5,2,68,,249267,26,0,5,2,28,,249271,26,0,5,1,29,,249245,26,0,5,1,69,,249260,26,0,5,2,30,,249268,26,0,5,2,70,,249272,26,0,5,1,27,,249246,26,0,5,1,69,,249261,26,0,5,2,29,,249269,26,0,5,2,69,,249273,26,0,5,1,33,,249247,26,0,5,1
10701,'H56U200F-80-F2',521,,249314,26,0,5,1,31,,249277,26,0,5,1,72,,249276,26,0,5,1,32,,249315,26,0,5,1,70,,249278,26,0,5,1,33,,249288,26,0,5,2,72,,249293,26,0,5,1,70,,249279,26,0,5,1,31,,249302,26,0,5,2,71,,249289,26,0,5,2,28,,249294,26,0,5,1,69,,249280,26,0,5,1,30,,249303,26,0,5,2,70,,249290,26,0,5,2,30,,249295,26,0,5,1,70,,249281,26,0,5,1,30,,249304,26,0,5,2,70,,249291,26,0,5,2,30,,249296,26,0,5,1,70,,249282,26,0,5,1,30,,249305,26,0,5,2,71,,249292,26,0,5,2,31,,249297,26,0,5,1,72,,249283,26,0,5,1,32,,249298,26,0,5,2,71,,249306,26,0,5,2,31,,249310,26,0,5,1,69,,249284,26,0,5,1,27,,249299,26,0,5,2,68,,249307,26,0,5,2,28,,249311,26,0,5,1,29,,249285,26,0,5,1,69,,249300,26,0,5,2,30,,249308,26,0,5,2,70,,249312,26,0,5,1,27,,249286,26,0,5,1,69,,249301,26,0,5,2,29,,249309,26,0,5,2,69,,249313,26,0,5,1,33,,249287,26,0,5,1
35001,'H56U000A-80-A',2549,,276616,69,0,5,1,94,,276614,69,0,5,2,94,,276612,69,0,5,1,83,,276613,69,0,5,1,84,,276615,69,0,5,1
35001,'H56U000I-80-I',2547,,276620,69,0,5,1,87,,276618,69,0,5,1,87,,276617,69,0,5,1,84,,276619,69,0,5,1,47,,276621,69,0,5,2
35001,'H56U000S-81-S',2547,,276622,69,0,5,1,87,,276626,69,0,5,2,88,,276623,69,0,5,1,85,,276624,69,0,5,2,48,,276625,69,0,5,1
35001,'H56U100F-80-F1',2547,,276630,69,0,5,1,87,,276628,69,0,5,1,87,,276627,69,0,5,1,84,,276629,69,0,5,1,47,,276631,69,0,5,2
35001,'H56U200F-80-F2',2547,,276635,69,0,5,1,87,,276633,69,0,5,1,87,,276632,69,0,5,1,84,,276634,69,0,5,1,47,,276636,69,0,5,2
