20201,'H60U000A-85-A',638,,270857,50,0,5,1,71,,270873,50,0,5,2,30,,270871,50,0,5,1,71,,270861,50,0,5,1,32,,270880,50,0,5,1,67,,270858,50,0,5,1,30,,270874,50,0,5,2,72,,270868,50,0,5,1,32,,270862,50,0,5,1,72,,270881,50,0,5,1,30,,270859,50,0,5,1,68,,270875,50,0,5,2,28,,270869,50,0,5,1,62,,270863,50,0,5,1,24,,270887,50,0,5,1,25,,270882,50,0,5,1,67,,270860,50,0,5,1,30,,270876,50,0,5,2,73,,270870,50,0,5,1,24,,270864,50,0,5,1,63,,270888,50,0,5,1,24,,270885,50,0,5,1,24,,270892,50,0,5,2,62,,270853,50,0,5,1,22,,270877,50,0,5,2,60,,270872,50,0,5,1,22,,270865,50,0,5,1,28,,270889,50,0,5,1,69,,270883,50,0,5,1,31,,270856,50,0,5,1,67,,270878,50,0,5,2,27,,270866,50,0,5,1,70,,270890,50,0,5,1,30,,270884,50,0,5,1,69,,270854,50,0,5,1,28,,270879,50,0,5,2,67,,270867,50,0,5,1,30,,270891,50,0,5,1,70,,270886,50,0,5,1,29,,270855,50,0,5,1
20201,'H60U000I-84-I',739,,270909,50,0,5,1,71,,270917,50,0,5,2,32,,270922,50,0,5,1,71,,270895,50,0,5,2,33,,270896,50,0,5,1,73,,270910,50,0,5,1,33,,270897,50,0,5,1,69,,270907,50,0,5,1,30,,270908,50,0,5,1,70,,270918,50,0,5,1,31,,270911,50,0,5,1,70,,270898,50,0,5,1,32,,270923,50,0,5,1,70,,270902,50,0,5,1,33,,270919,50,0,5,1,73,,270912,50,0,5,1,29,,270899,50,0,5,1,72,,270924,50,0,5,1,70,,270903,50,0,5,1,30,,270920,50,0,5,1,73,,270913,50,0,5,1,32,,270900,50,0,5,1,72,,270925,50,0,5,1,28,,270904,50,0,5,1,71,,270914,50,0,5,1,29,,270921,50,0,5,1,68,,270901,50,0,5,1,30,,270926,50,0,5,1,68,,270905,50,0,5,1,30,,270915,50,0,5,1,70,,270893,50,0,5,1,30,,270894,50,0,5,1,27,,270927,50,0,5,1,65,,270906,50,0,5,1,24,,270916,50,0,5,1
20201,'H60U000S-86-S',625,,270936,50,0,5,1,28,,270950,50,0,5,2,62,,270937,10,0,5,1,6,,270949,50,0,5,1,18,,270948,50,0,5,1,3,,270951,10,0,5,1,65,,270954,50,0,5,2,30,,270952,50,0,5,1,73,,270958,50,0,5,1,32,,270930,50,0,5,1,69,,270961,50,0,5,1,30,,270939,50,0,5,1,67,,270943,50,0,5,1,27,,270955,50,0,5,1,23,,270959,50,0,5,1,67,,270931,50,0,5,1,32,,270962,50,0,5,1,67,,270940,50,0,5,1,27,,270944,50,0,5,1,71,,270956,50,0,5,1,26,,270960,50,0,5,1,57,,270966,10,0,5,2,12,,270953,50,0,5,1,23,,270932,50,0,5,1,60,,270938,50,0,5,1,10,,270968,10,0,5,2,7,,270963,10,0,5,1,1,,270935,50,0,5,1,6,,270969,10,0,5,2,14,,270941,50,0,5,1,17,,270967,10,0,5,1,48,,270945,50,0,5,1,27,,270929,10,0,5,1,6,,270957,50,0,5,1,71,,270928,50,0,5,1,30,,270972,50,0,5,1,69,,270964,50,0,5,1,27,,270942,50,0,5,1,73,,270946,50,0,5,1,32,,270933,50,0,5,1,69,,270973,50,0,5,2,22,,270970,50,0,5,1,19,,270965,50,0,5,1,62,,270975,50,0,5,2,32,,270947,50,0,5,1,67,,270934,50,0,5,1,29,,270974,50,0,5,2,69,,270971,50,0,5,1,32,,270976,50,0,5,2
20201,'H60U100F-85-F1',739,,270992,50,0,5,1,71,,271000,50,0,5,2,32,,271004,50,0,5,1,71,,271001,50,0,5,1,33,,270978,50,0,5,1,73,,270993,50,0,5,1,33,,270985,50,0,5,1,69,,270980,50,0,5,1,30,,270979,50,0,5,2,70,,270984,50,0,5,1,31,,270994,50,0,5,1,70,,270986,50,0,5,1,32,,271005,50,0,5,1,70,,270997,50,0,5,2,33,,271010,50,0,5,1,73,,270995,50,0,5,1,29,,270987,50,0,5,1,72,,271006,50,0,5,1,70,,270998,50,0,5,2,30,,271011,50,0,5,1,73,,270996,50,0,5,1,32,,270988,50,0,5,1,72,,271007,50,0,5,1,28,,270999,50,0,5,2,71,,270977,50,0,5,1,29,,271002,50,0,5,1,68,,270989,50,0,5,1,30,,271009,50,0,5,1,68,,270982,50,0,5,2,30,,270990,50,0,5,1,70,,271003,50,0,5,1,30,,270981,50,0,5,1,27,,271008,50,0,5,1,65,,270983,50,0,5,2,24,,270991,50,0,5,1
20201,'H60U200F-83-F2',739,,271027,50,0,5,1,71,,271035,50,0,5,2,32,,271039,50,0,5,1,71,,271036,50,0,5,1,33,,271013,50,0,5,1,73,,271028,50,0,5,1,33,,271020,50,0,5,1,69,,271015,50,0,5,1,30,,271014,50,0,5,2,70,,271019,50,0,5,1,31,,271029,50,0,5,1,70,,271021,50,0,5,1,32,,271040,50,0,5,1,70,,271032,50,0,5,2,33,,271045,50,0,5,1,73,,271030,50,0,5,1,29,,271022,50,0,5,1,72,,271041,50,0,5,1,70,,271033,50,0,5,2,30,,271046,50,0,5,1,73,,271031,50,0,5,1,32,,271023,50,0,5,1,72,,271042,50,0,5,1,28,,271034,50,0,5,2,71,,271012,50,0,5,1,29,,271037,50,0,5,1,68,,271024,50,0,5,1,30,,271044,50,0,5,1,68,,271017,50,0,5,2,30,,271025,50,0,5,1,70,,271038,50,0,5,1,30,,271016,50,0,5,1,27,,271043,50,0,5,1,65,,271018,50,0,5,2,24,,271026,50,0,5,1
37801,'H60U000A-85-A',2535,,277917,11,0,5,1,91,,277916,11,0,5,2,91,,277915,11,0,5,1,91,,277918,11,0,5,1
37801,'H60U000I-84-I',2535,,277921,11,0,5,1,91,,277920,11,0,5,1,90,,277922,11,0,5,1,93,,277919,11,0,5,1
37801,'H60U000S-86-S',2535,,277925,11,0,5,1,91,,277923,11,0,5,1,97,,277926,11,0,5,1,89,,277924,11,0,5,1
37801,'H60U100F-85-F1',2535,,277929,11,0,5,1,91,,277927,11,0,5,1,90,,277930,11,0,5,1,93,,277928,11,0,5,1
37801,'H60U200F-83-F2',2535,,277933,11,0,5,1,91,,277931,11,0,5,1,90,,277934,11,0,5,1,93,,277932,11,0,5,1
46001,'H58U000S-80-S',541,,280002,8,0,5,2,70,,280004,8,0,5,2,30,,280000,8,0,5,1,64,,280005,8,0,5,2,18,,280003,8,0,5,2,31,,280006,8,0,5,2,72,,280007,8,0,5,1,28,,280008,8,0,5,2,62,,279999,8,0,5,2,30,,280001,8,0,5,1,502,,280010,8,0,99 30,2,54,,280011,8,0,99 30,1,10,,280013,8,0,99 30,1,10,,280015,8,0,99 30,2,10,,280016,8,0,99 30,2,9,,280018,8,0,99 30,2,9,,280009,8,0,99 30,2,8,,280020,8,0,99 30,1,49,,280021,8,0,99 30,1,8,,280023,8,0,99 30,2,9,,280025,8,0,99 30,2,9,,280026,8,0,99 30,2,9,,280028,8,0,99 30,2,9,,280014,8,0,99 30,2,50,,280030,8,0,99 30,1,19,,280019,8,0,99 30,2,20,,280029,8,0,99 30,2,61,,280024,8,0,99 30,2,25,,280012,8,0,99 30,1,25,,280017,8,0,99 30,2,65,,280022,8,0,99 30,1,25,,280027,8,0,99 30,2
46001,'H58U200F-80-F2',541,,280034,8,0,5,2,70,,280036,8,0,5,2,30,,280031,8,0,5,1,64,,280033,8,0,5,1,18,,280035,8,0,5,2,31,,280037,8,0,5,2,72,,280040,8,0,5,1,28,,280038,8,0,5,1,62,,280039,8,0,5,2,30,,280032,8,0,5,1,502,,280043,8,0,99 30,1,70,,280045,8,0,99 30,2,25,,280048,8,0,99 30,2,65,,280049,8,0,99 30,2,25,,280051,8,0,99 30,1,25,,280047,8,0,99 30,2,66,,280041,8,0,99 30,2,30,,280042,8,0,99 30,2,70,,280044,8,0,99 30,1,30,,280046,8,0,99 30,2,69,,280050,8,0,99 30,2,18,,280052,8,0,99 30,1
