'25U-H59U000A-80-A',2901,62000,,'',1,3000,,'',2,7000,,'',1,3000,,'',2,6900,,'',1,2900,,'',2,6900,,'',1,3000,,'',2,7200,,'',1,3100,,'',2,7100,,'',1,3200,,'',2,7100,,'',1,2800,,'',2,6800,,'',1,2900,,'',1,7000,,'',2,3200,,'',1,7000,,'',1,3000,,'',2,7000,,'',1,2900,,'',1,7000,,'',2,3100,,'',1,7100,,'',1,3300,,'',2,7800,,'',1,7600,,'',2,4000,,'',1,10700,,'',1,14600,,'',1,10500,,'',1
'25U-H59U000A-80-A',2902,62000,4,'',1,3000,4,'',2,7000,4,'',1,3000,4,'',2,6900,4,'',1,2900,4,'',2,6900,4,'',1,3000,4,'',2,7200,4,'',1,3100,4,'',2,7100,4,'',1,3200,4,'',2,7100,4,'',1,2800,4,'',2,6800,4,'',1,2900,4,'',1,7000,4,'',2,3200,4,'',1,7000,4,'',1,3000,4,'',2,7000,4,'',1,2900,4,'',1,7000,4,'',2,3100,4,'',1,7100,4,'',1,3300,4,'',2,7800,4,'',1,7600,4,'',2,4000,4,'',1,10700,4,'',1,14600,4,'',1,10500,4,'',1
'25U-H59U000I-80-I',2901,61900,,'',1,3000,,'',1,7200,,'',1,3100,,'',1,6900,,'',1,3100,,'',1,7200,,'',1,2900,,'',1,7200,,'',1,3100,,'',1,7300,,'',1,7300,,'',1,3200,,'',1,7300,,'',1,3300,,'',1,7200,,'',1,3200,,'',2,7200,,'',2,2900,,'',1,6900,,'',2,3000,,'',2,6900,,'',1,3200,,'',1,7200,,'',2,3300,,'',1,7300,,'',2,3300,,'',1,14600,,'',1,10300,,'',1,10100,,'',1,10000,,'',1
'25U-H59U000I-80-I',2902,61900,4,'',1,3000,4,'',1,7200,4,'',1,3100,4,'',1,6900,4,'',1,3100,4,'',1,7200,4,'',1,2900,4,'',1,7200,4,'',1,3100,4,'',1,7300,4,'',1,7300,4,'',1,3200,4,'',1,7300,4,'',1,3300,4,'',1,7200,4,'',1,3200,4,'',2,7200,4,'',2,2900,4,'',1,6900,4,'',2,3000,4,'',2,6900,4,'',1,3200,4,'',1,7200,4,'',2,3300,4,'',1,7300,4,'',2,3300,4,'',1,14600,4,'',1,10300,4,'',1,10100,4,'',1,10000,4,'',1
'25U-H59U000S-81-S',2901,62500,,'',1,3000,,'',2,7200,,'',1,7300,,'',2,3200,,'',2,7200,,'',1,2900,,'',2,7300,,'',1,3100,,'',1,7100,,'',2,3100,,'',1,7100,,'',1,3300,,'',2,7000,,'',1,3100,,'',1,7300,,'',2,3300,,'',1,7300,,'',1,3300,,'',2,7300,,'',2,7300,,'',1,3300,,'',2,7300,,'',2,3100,,'',1,7300,,'',2,4000,,'',1,10600,,'',1,10100,,'',1,14400,,'',1,10400,,'',1,9600,,'',1
'25U-H59U000S-81-S',2902,62500,4,'',1,3000,4,'',2,7200,4,'',1,7300,4,'',2,3200,4,'',2,7200,4,'',1,2900,4,'',2,7300,4,'',1,3100,4,'',1,7100,4,'',2,3100,4,'',1,7100,4,'',1,3300,4,'',2,7000,4,'',1,3100,4,'',1,7300,4,'',2,3300,4,'',1,7300,4,'',1,3300,4,'',2,7300,4,'',2,7300,4,'',1,3300,4,'',2,7300,4,'',2,3100,4,'',1,7300,4,'',2,4000,4,'',1,10600,4,'',1,10100,4,'',1,14400,4,'',1,10400,4,'',1,9600,4,'',1
'25U-H59U100F-80-F1',2901,61900,,'',1,3000,,'',1,7200,,'',1,3100,,'',1,6900,,'',1,3100,,'',1,7200,,'',1,2900,,'',1,7200,,'',1,3100,,'',1,7300,,'',1,7300,,'',1,3200,,'',1,7300,,'',1,3300,,'',1,7200,,'',1,3200,,'',2,7200,,'',2,2900,,'',1,6900,,'',2,3000,,'',2,6900,,'',1,3200,,'',1,7200,,'',2,3300,,'',1,7300,,'',2,3300,,'',1,14600,,'',1,10300,,'',1,10100,,'',1,10000,,'',1
'25U-H59U100F-80-F1',2902,61900,4,'',1,3000,4,'',1,7200,4,'',1,3100,4,'',1,6900,4,'',1,3100,4,'',1,7200,4,'',1,2900,4,'',1,7200,4,'',1,3100,4,'',1,7300,4,'',1,7300,4,'',1,3200,4,'',1,7300,4,'',1,3300,4,'',1,7200,4,'',1,3200,4,'',2,7200,4,'',2,2900,4,'',1,6900,4,'',2,3000,4,'',2,6900,4,'',1,3200,4,'',1,7200,4,'',2,3300,4,'',1,7300,4,'',2,3300,4,'',1,14600,4,'',1,10300,4,'',1,10100,4,'',1,10000,4,'',1
'25U-H59U200F-80-F2',2901,61900,,'',1,3000,,'',1,7200,,'',1,3100,,'',1,6900,,'',1,3100,,'',1,7200,,'',1,2900,,'',1,7200,,'',1,3100,,'',1,7300,,'',1,7300,,'',1,3200,,'',1,7300,,'',1,3300,,'',1,7200,,'',1,3200,,'',2,7200,,'',2,2900,,'',1,6900,,'',2,3000,,'',2,6900,,'',1,3200,,'',1,7200,,'',2,3300,,'',1,7300,,'',2,3300,,'',1,14600,,'',1,10300,,'',1,10100,,'',1,10000,,'',1
'25U-H59U200F-80-F2',2902,61900,4,'',1,3000,4,'',1,7200,4,'',1,3100,4,'',1,6900,4,'',1,3100,4,'',1,7200,4,'',1,2900,4,'',1,7200,4,'',1,3100,4,'',1,7300,4,'',1,7300,4,'',1,3200,4,'',1,7300,4,'',1,3300,4,'',1,7200,4,'',1,3200,4,'',2,7200,4,'',2,2900,4,'',1,6900,4,'',2,3000,4,'',2,6900,4,'',1,3200,4,'',1,7200,4,'',2,3300,4,'',1,7300,4,'',2,3300,4,'',1,14600,4,'',1,10300,4,'',1,10100,4,'',1,10000,4,'',1
