8502,'H59U000A-80-A',515,,242267,31,0,10,2,40,,242268,31,0,10,1,82,,242281,31,0,10,1,80,,242272,31,0,10,2,41,,242269,31,0,10,1,82,,242282,31,0,10,1,82,,242273,31,0,10,2,82,,242270,31,0,10,1,42,,242283,31,0,10,1,82,,242274,31,0,10,2,82,,242271,31,0,10,1,42,,242284,31,0,10,1,81,,242275,31,0,10,2,75,,242287,31,0,10,1,34,,242285,31,0,10,2,74,,242296,31,0,10,1,34,,242276,31,0,10,2,74,,242288,31,0,10,1,33,,242286,31,0,10,2,73,,242297,31,0,10,1,74,,242277,31,0,10,2,34,,242289,31,0,10,1,80,,242278,31,0,10,1,82,,242293,31,0,10,2,43,,242290,31,0,10,1,85,,242279,31,0,10,1,85,,242294,31,0,10,2,45,,242291,31,0,10,1,84,,242280,31,0,10,1,83,,242295,31,0,10,2,85,,242292,31,0,10,1
8502,'H59U000I-80-I',528,,242327,31,0,10,1,83,,242298,31,0,10,1,45,,242326,31,0,10,2,86,,242308,31,0,10,1,83,,242299,31,0,10,1,83,,242303,31,0,10,1,43,,242309,31,0,10,1,82,,242310,31,0,10,1,81,,242304,31,0,10,1,40,,242317,31,0,10,1,80,,242311,31,0,10,1,81,,242305,31,0,10,1,33,,242321,31,0,10,2,72,,242318,31,0,10,1,33,,242312,31,0,10,1,72,,242306,31,0,10,1,32,,242322,31,0,10,2,72,,242319,31,0,10,1,29,,242313,31,0,10,1,72,,242307,31,0,10,1,72,,242323,31,0,10,2,32,,242320,31,0,10,1,73,,242301,31,0,10,2,33,,242324,31,0,10,1,78,,242314,31,0,10,1,39,,242328,31,0,10,2,80,,242325,31,0,10,1,82,,242315,31,0,10,1,83,,242329,31,0,10,2,43,,242302,31,0,10,1,83,,242316,31,0,10,1,83,,242300,31,0,10,1
8502,'H59U000S-80-S',518,,242330,31,0,10,2,33,,242365,31,0,10,2,75,,242367,31,0,10,1,32,,242339,31,0,10,2,73,,242366,31,0,10,1,20,,242344,31,0,10,2,59,,242349,31,0,10,2,18,,242336,31,0,10,1,19,,242350,31,0,10,1,63,,242340,31,0,10,2,25,,242351,31,0,10,1,71,,242345,31,0,10,2,32,,242337,31,0,10,1,71,,242341,31,0,10,1,32,,242352,31,0,10,1,71,,242346,31,0,10,2,32,,242338,31,0,10,1,73,,242342,31,0,10,1,34,,242353,31,0,10,1,73,,242347,31,0,10,2,30,,242358,31,0,10,1,69,,242360,31,0,10,2,32,,242343,31,0,10,1,73,,242354,31,0,10,1,73,,242348,31,0,10,2,32,,242359,31,0,10,1,71,,242361,31,0,10,2,33,,242363,31,0,10,2,73,,242355,31,0,10,1,33,,242333,31,0,10,1,73,,242362,31,0,10,2,33,,242364,31,0,10,2,77,,242356,31,0,10,1,83,,242331,31,0,10,1,44,,242334,31,0,10,1,84,,242357,31,0,10,1,72,,242332,31,0,10,1,49,,242335,31,0,10,1
8502,'H59U100F-80-F1',528,,242397,31,0,10,1,83,,242368,31,0,10,1,45,,242396,31,0,10,2,86,,242378,31,0,10,1,83,,242369,31,0,10,1,83,,242373,31,0,10,1,43,,242379,31,0,10,1,82,,242380,31,0,10,1,81,,242374,31,0,10,1,40,,242387,31,0,10,1,80,,242381,31,0,10,1,81,,242375,31,0,10,1,33,,242391,31,0,10,2,72,,242388,31,0,10,1,33,,242382,31,0,10,1,72,,242376,31,0,10,1,32,,242392,31,0,10,2,72,,242389,31,0,10,1,29,,242383,31,0,10,1,72,,242377,31,0,10,1,72,,242393,31,0,10,2,32,,242390,31,0,10,1,73,,242371,31,0,10,2,33,,242394,31,0,10,1,78,,242384,31,0,10,1,39,,242398,31,0,10,2,80,,242395,31,0,10,1,82,,242385,31,0,10,1,83,,242399,31,0,10,2,43,,242372,31,0,10,1,83,,242386,31,0,10,1,83,,242370,31,0,10,1
8502,'H59U200F-80-F2',528,,242400,31,0,10,1,83,,242401,31,0,10,1,45,,242402,31,0,10,2,86,,242403,31,0,10,1,83,,242404,31,0,10,1,83,,242405,31,0,10,1,43,,242406,31,0,10,1,82,,242407,31,0,10,1,81,,242408,31,0,10,1,40,,242409,31,0,10,1,80,,242410,31,0,10,1,81,,242411,31,0,10,1,33,,242412,31,0,10,2,72,,242413,31,0,10,1,33,,242414,31,0,10,1,72,,242415,31,0,10,1,32,,242416,31,0,10,2,72,,242417,31,0,10,1,29,,242418,31,0,10,1,72,,242419,31,0,10,1,72,,242420,31,0,10,2,32,,242421,31,0,10,1,73,,242422,31,0,10,2,33,,242423,31,0,10,1,78,,242424,31,0,10,1,39,,242425,31,0,10,2,80,,242426,31,0,10,1,82,,242427,31,0,10,1,83,,242428,31,0,10,2,43,,242429,31,0,10,1,83,,242430,31,0,10,1,83,,242431,31,0,10,1
36202,'H54U000A-80-A',2619,,277338,83,0,10,2,88,,277340,83,0,10,1,45,,277342,83,0,10,1,85,,277341,83,0,10,1,82,,277339,83,0,10,1
36202,'H54U000I-80-I',2619,,277344,83,0,10,1,85,,277347,83,0,10,1,45,,277343,83,0,10,1,87,,277345,83,0,10,1,85,,277346,83,0,10,2
36202,'H54U000S-81-S',2619,,277348,83,0,10,1,85,,277351,83,0,10,2,45,,277350,83,0,10,1,88,,277352,83,0,10,2,85,,277349,83,0,10,1
36202,'H54U100F-80-F1',2619,,277354,83,0,10,1,85,,277357,83,0,10,1,45,,277353,83,0,10,1,87,,277355,83,0,10,1,85,,277356,83,0,10,2
36202,'H54U200F-82-F2',2619,,277360,83,0,10,2,85,,277358,83,0,10,1,45,,277362,83,0,10,1,87,,277359,83,0,10,1,85,,277361,83,0,10,2
