'25N-H56N100F-80-F1',35601,252100,,'',2,7900,,'',1,3800,,'',1,7800,,'',1,3800,,'',2,7800,,'',1
'25N-H56N100F-80-F1',35602,265000,4,'',1,8900,4,'',2,8200,4,'',1,9100,4,'',1,4100,4,'',1
'25N-H56N200F-80-F2',35601,252100,,'',2,7900,,'',1,3800,,'',1,7800,,'',1,3800,,'',2,7800,,'',1
'25N-H56N200F-80-F2',35602,265000,4,'',1,8900,4,'',2,8200,4,'',1,9100,4,'',1,4100,4,'',1
'25N-H56NV10A-80-A',35601,251500,,'',1,4300,,'',1,9300,,'',2,9200,,'',1,8300,,'',2
'25N-H56NV10A-80-A',35602,265400,4,'',1,5900,4,'',1,1900,4,'',1,2000,4,'',2,5000,4,'',1,1000,4,'',2,1000,4,'',1,1000,4,'',2,1000,4,'',1,1000,4,'',1,5100,4,'',1,1200,4,'',1,1200,4,'',1,1200,4,'',2,1300,4,'',1
'25N-H56NV10I-80-I',35601,252100,,'',2,7900,,'',1,3800,,'',1,7800,,'',1,3800,,'',2,7800,,'',1
'25N-H56NV10I-80-I',35602,265000,4,'',1,8900,4,'',2,8200,4,'',1,9100,4,'',1,4100,4,'',1
'25N-H56NV10S-80-S',35601,252400,,'',1,3300,,'',2,7400,,'',1,7900,,'',1,4000,,'',2,8600,,'',1
'25N-H56NV10S-80-S',35602,265300,4,'',1,8200,4,'',2,8500,4,'',1,2500,4,'',2,6200,4,'',1,2400,4,'',1,2200,4,'',2
