3402,'H59U000A-80-A',535,,227821,22,0,10,1,69,,227843,22,0,10,2,33,,227822,22,0,10,1,70,,227844,22,0,10,2,29,,227823,22,0,10,1,71,,227845,22,0,10,2,31,,227824,22,0,10,1,70,,227846,22,0,10,2,30,,227825,22,0,10,1,70,,227847,22,0,10,2,30,,227826,22,0,10,1,69,,227848,22,0,10,2,29,,227827,22,0,10,1,71,,227849,22,0,10,2,30,,227828,22,0,10,1,72,,227850,22,0,10,2,29,,227829,22,0,10,1,72,,227851,22,0,10,2,29,,227830,22,0,10,1,72,,227852,22,0,10,2,30,,227831,22,0,10,1,72,,227853,22,0,10,2,31,,227832,22,0,10,1,72,,227854,22,0,10,2,30,,227833,22,0,10,1,71,,227855,22,0,10,2,32,,227834,22,0,10,1,69,,227856,22,0,10,2,27,,227835,22,0,10,1,65,,227857,22,0,10,2,28,,227836,22,0,10,1,68,,227858,22,0,10,2,27,,227837,22,0,10,1,23,,227859,22,0,10,2,65,,227838,22,0,10,1,25,,227860,22,0,10,2,64,,227839,22,0,10,1,24,,227861,22,0,10,2,25,,227840,22,0,10,1,63,,227862,22,0,10,2,24,,227841,22,0,10,1,65,,227863,22,0,10,2,24,,227842,22,0,10,1
3402,'H59U000I-80-I',534,,227864,22,0,10,2,66,,227878,22,0,10,1,33,,227865,22,0,10,2,68,,227879,22,0,10,1,30,,227866,22,0,10,2,70,,227880,22,0,10,1,31,,227867,22,0,10,2,72,,227881,22,0,10,1,30,,227868,22,0,10,2,70,,227882,22,0,10,1,30,,227869,22,0,10,2,70,,227883,22,0,10,1,30,,227870,22,0,10,2,70,,227884,22,0,10,1,32,,227871,22,0,10,2,69,,227885,22,0,10,1,31,,227872,22,0,10,2,70,,227886,22,0,10,1,29,,227873,22,0,10,2,70,,227887,22,0,10,1,29,,227874,22,0,10,2,70,,227888,22,0,10,1,31,,227875,22,0,10,2,70,,227889,22,0,10,1,28,,227876,22,0,10,2,73,,227890,22,0,10,1,30,,227877,22,0,10,2,71,,227891,22,0,10,1,31,,227895,22,0,10,1,68,,227892,22,0,10,1,29,,227896,22,0,10,1,70,,227893,22,0,10,1,30,,227897,22,0,10,1,69,,227894,22,0,10,1,30,,227898,22,0,10,1,71,,227902,22,0,10,1,30,,227899,22,0,10,1,70,,227903,22,0,10,1,27,,227900,22,0,10,1,71,,227904,22,0,10,1,31,,227901,22,0,10,1
3402,'H59U000S-80-S',539,,227944,22,0,10,2,73,,227937,22,0,10,2,33,,227938,22,0,10,1,68,,227905,22,0,10,2,32,,227942,22,0,10,1,75,,227906,22,0,10,2,33,,227943,22,0,10,1,68,,227915,22,0,10,1,31,,227907,22,0,10,2,71,,227916,22,0,10,1,30,,227908,22,0,10,2,70,,227917,22,0,10,1,30,,227909,22,0,10,2,72,,227918,22,0,10,1,30,,227910,22,0,10,2,72,,227919,22,0,10,1,31,,227911,22,0,10,2,73,,227920,22,0,10,1,73,,227912,22,0,10,2,25,,227939,22,0,10,1,24,,227921,22,0,10,1,64,,227913,22,0,10,2,26,,227940,22,0,10,1,66,,227945,22,0,10,1,28,,227914,22,0,10,2,69,,227941,22,0,10,1,30,,227929,22,0,10,1,69,,227930,22,0,10,1,29,,227922,22,0,10,2,72,,227931,22,0,10,1,29,,227923,22,0,10,2,70,,227932,22,0,10,1,30,,227924,22,0,10,2,70,,227933,22,0,10,1,30,,227925,22,0,10,2,70,,227934,22,0,10,1,28,,227926,22,0,10,2,68,,227935,22,0,10,1,28,,227927,22,0,10,2,28,,227936,22,0,10,1,73,,227928,22,0,10,2
3402,'H59U100F-80-F1',534,,227946,22,0,10,2,66,,227960,22,0,10,1,33,,227947,22,0,10,2,68,,227961,22,0,10,1,30,,227948,22,0,10,2,70,,227962,22,0,10,1,31,,227949,22,0,10,2,72,,227963,22,0,10,1,30,,227950,22,0,10,2,70,,227964,22,0,10,1,30,,227951,22,0,10,2,70,,227965,22,0,10,1,30,,227952,22,0,10,2,70,,227966,22,0,10,1,32,,227953,22,0,10,2,69,,227967,22,0,10,1,31,,227954,22,0,10,2,70,,227968,22,0,10,1,29,,227955,22,0,10,2,70,,227969,22,0,10,1,29,,227956,22,0,10,2,70,,227970,22,0,10,1,31,,227957,22,0,10,2,70,,227971,22,0,10,1,28,,227958,22,0,10,2,73,,227972,22,0,10,1,30,,227959,22,0,10,2,71,,227973,22,0,10,1,31,,227977,22,0,10,1,68,,227974,22,0,10,1,29,,227978,22,0,10,1,70,,227975,22,0,10,1,30,,227979,22,0,10,1,69,,227976,22,0,10,1,30,,227980,22,0,10,1,71,,227984,22,0,10,1,30,,227981,22,0,10,1,70,,227985,22,0,10,1,27,,227982,22,0,10,1,71,,227986,22,0,10,1,31,,227983,22,0,10,1
3402,'H59U200F-80-F2',534,,227987,22,0,10,2,66,,227988,22,0,10,1,33,,227989,22,0,10,2,68,,227990,22,0,10,1,30,,227991,22,0,10,2,70,,227992,22,0,10,1,31,,227993,22,0,10,2,72,,227994,22,0,10,1,30,,227995,22,0,10,2,70,,227996,22,0,10,1,30,,227997,22,0,10,2,70,,227998,22,0,10,1,30,,227999,22,0,10,2,70,,228000,22,0,10,1,32,,228001,22,0,10,2,69,,228002,22,0,10,1,31,,228003,22,0,10,2,70,,228004,22,0,10,1,29,,228005,22,0,10,2,70,,228006,22,0,10,1,29,,228007,22,0,10,2,70,,228008,22,0,10,1,31,,228009,22,0,10,2,70,,228010,22,0,10,1,28,,228011,22,0,10,2,73,,228012,22,0,10,1,30,,228013,22,0,10,2,71,,228014,22,0,10,1,31,,228015,22,0,10,1,68,,228016,22,0,10,1,29,,228017,22,0,10,1,70,,228018,22,0,10,1,30,,228019,22,0,10,1,69,,228020,22,0,10,1,30,,228021,22,0,10,1,71,,228022,22,0,10,1,30,,228023,22,0,10,1,70,,228024,22,0,10,1,27,,228025,22,0,10,1,71,,228026,22,0,10,1,31,,228027,22,0,10,1
35802,'H59U000A-80-A',2501,,277017,4,0,10,1,28,,277022,4,0,10,2,71,,277018,4,0,10,1,31,,277023,4,0,10,2,69,,277019,4,0,10,1,20,,277016,4,0,10,1,17,,277024,4,0,10,2,69,,277020,4,0,10,1,30,,277025,4,0,10,2,69,,277021,4,0,10,1
35802,'H59U000I-80-I',2502,,277030,4,0,10,1,30,,277026,4,0,10,1,70,,277031,4,0,10,1,30,,277027,4,0,10,1,70,,277032,4,0,10,1,30,,277028,4,0,10,1,70,,277033,4,0,10,1,30,,277029,4,0,10,1,70,,277034,4,0,10,1
35802,'H59U000S-80-S',2502,,277039,4,0,10,1,30,,277035,4,0,10,1,70,,277040,4,0,10,1,30,,277036,4,0,10,1,70,,277041,4,0,10,1,30,,277037,4,0,10,1,70,,277042,4,0,10,1,30,,277038,4,0,10,1,70,,277043,4,0,10,1
35802,'H59U000S-80-SV',2617,,277047,4,0,10,2,30,,277044,4,0,10,2,70,,277048,4,0,10,2,30,,277045,4,0,10,2,70,,277049,4,0,10,2,30,,277046,4,0,10,2
35802,'H59U100F-80-F1',2502,,277054,4,0,10,1,30,,277050,4,0,10,1,70,,277055,4,0,10,1,30,,277051,4,0,10,1,70,,277056,4,0,10,1,30,,277052,4,0,10,1,70,,277057,4,0,10,1,30,,277053,4,0,10,1,70,,277058,4,0,10,1
35802,'H59U200F-80-F2',2502,,277059,4,0,10,1,30,,277060,4,0,10,1,70,,277061,4,0,10,1,30,,277062,4,0,10,1,70,,277063,4,0,10,1,30,,277064,4,0,10,1,70,,277065,4,0,10,1,30,,277066,4,0,10,1,70,,277067,4,0,10,1
