14402,'H51U000A-83-A',520,,258459,18,0,10,1,20,,258435,18,0,10,2,62,,258460,18,0,10,1,22,,258436,18,0,10,2,24,,258461,18,0,10,1,62,,258437,18,0,10,2,22,,258462,18,0,10,1,21,,258438,18,0,10,2,61,,258463,18,0,10,1,21,,258439,18,0,10,2,21,,258464,18,0,10,1,61,,258440,18,0,10,2,21,,258465,18,0,10,1,62,,258441,18,0,10,2,24,,258466,18,0,10,1,22,,258442,18,0,10,2,64,,258467,18,0,10,1,24,,258443,18,0,10,2,66,,258468,18,0,10,1,28,,258444,18,0,10,2,27,,258469,18,0,10,1,67,,258445,18,0,10,2,27,,258470,18,0,10,1,68,,258446,18,0,10,2,27,,258471,18,0,10,1,66,,258447,18,0,10,2,27,,258472,18,0,10,1,67,,258448,18,0,10,2,27,,258473,18,0,10,1,26,,258449,18,0,10,2,66,,258474,18,0,10,1,26,,258450,18,0,10,2,66,,258475,18,0,10,1,26,,258451,18,0,10,2,66,,258476,18,0,10,1,25,,258452,18,0,10,2,26,,258477,18,0,10,1,66,,258453,18,0,10,2,26,,258478,18,0,10,1,66,,258454,18,0,10,2,24,,258479,18,0,10,1,63,,258455,18,0,10,2,22,,258480,18,0,10,1,22,,258456,18,0,10,2,62,,258481,18,0,10,1,22,,258484,18,0,10,2,21,,258457,18,0,10,2,62,,258486,18,0,10,2,21,,258482,18,0,10,1,21,,258485,18,0,10,2,61,,258458,18,0,10,2,22,,258487,18,0,10,2,62,,258483,18,0,10,1
14402,'H51U000I-83-I',521,,258489,18,0,10,1,21,,258515,18,0,10,2,61,,258490,18,0,10,1,22,,258516,18,0,10,2,23,,258491,18,0,10,1,63,,258517,18,0,10,2,23,,258492,18,0,10,1,22,,258518,18,0,10,2,62,,258493,18,0,10,1,22,,258519,18,0,10,2,62,,258494,18,0,10,1,22,,258520,18,0,10,2,21,,258495,18,0,10,1,60,,258521,18,0,10,2,21,,258496,18,0,10,1,22,,258522,18,0,10,2,62,,258497,18,0,10,1,22,,258523,18,0,10,2,22,,258498,18,0,10,1,63,,258524,18,0,10,2,23,,258499,18,0,10,1,66,,258525,18,0,10,2,28,,258500,18,0,10,1,68,,258526,18,0,10,2,29,,258501,18,0,10,1,28,,258527,18,0,10,2,68,,258502,18,0,10,1,28,,258528,18,0,10,2,68,,258503,18,0,10,1,28,,258529,18,0,10,2,68,,258504,18,0,10,1,28,,258530,18,0,10,2,68,,258505,18,0,10,1,27,,258531,18,0,10,2,66,,258506,18,0,10,1,26,,258532,18,0,10,2,66,,258507,18,0,10,1,26,,258533,18,0,10,2,25,,258508,18,0,10,1,64,,258534,18,0,10,2,22,,258509,18,0,10,1,22,,258535,18,0,10,2,62,,258510,18,0,10,1,22,,258536,18,0,10,2,62,,258511,18,0,10,1,22,,258537,18,0,10,2,22,,258512,18,0,10,1,62,,258538,18,0,10,2,22,,258513,18,0,10,1,20,,258488,18,0,10,2,63,,258514,18,0,10,1
14402,'H51U000S-83-S',527,,258539,18,0,10,2,73,,258553,18,0,10,1,32,,258540,18,0,10,2,69,,258554,18,0,10,1,33,,258541,18,0,10,2,71,,258555,18,0,10,1,30,,258542,18,0,10,2,69,,258556,18,0,10,1,30,,258543,18,0,10,2,70,,258557,18,0,10,1,28,,258544,18,0,10,2,70,,258558,18,0,10,1,30,,258545,18,0,10,2,70,,258559,18,0,10,1,30,,258546,18,0,10,2,70,,258560,18,0,10,1,28,,258547,18,0,10,2,28,,258561,18,0,10,1,68,,258548,18,0,10,2,28,,258562,18,0,10,1,69,,258549,18,0,10,2,29,,258563,18,0,10,1,68,,258550,18,0,10,2,28,,258564,18,0,10,1,70,,258551,18,0,10,2,30,,258565,18,0,10,1,70,,258552,18,0,10,2,30,,258566,18,0,10,1,67,,258573,18,0,10,1,29,,258567,18,0,10,1,70,,258574,18,0,10,1,30,,258568,18,0,10,1,70,,258575,18,0,10,1,30,,258569,18,0,10,1,70,,258576,18,0,10,1,30,,258570,18,0,10,1,70,,258577,18,0,10,1,30,,258571,18,0,10,1,70,,258578,18,0,10,1,30,,258572,18,0,10,1,73,,258579,18,0,10,1
14402,'H51U100F-80-F1',521,,258581,18,0,10,1,21,,258607,18,0,10,2,61,,258582,18,0,10,1,22,,258608,18,0,10,2,23,,258583,18,0,10,1,63,,258609,18,0,10,2,23,,258584,18,0,10,1,22,,258610,18,0,10,2,62,,258585,18,0,10,1,22,,258611,18,0,10,2,62,,258586,18,0,10,1,22,,258612,18,0,10,2,21,,258587,18,0,10,1,60,,258613,18,0,10,2,21,,258588,18,0,10,1,22,,258614,18,0,10,2,62,,258589,18,0,10,1,22,,258615,18,0,10,2,22,,258590,18,0,10,1,63,,258616,18,0,10,2,23,,258591,18,0,10,1,66,,258617,18,0,10,2,28,,258592,18,0,10,1,68,,258618,18,0,10,2,29,,258593,18,0,10,1,28,,258619,18,0,10,2,68,,258594,18,0,10,1,28,,258620,18,0,10,2,68,,258595,18,0,10,1,28,,258621,18,0,10,2,68,,258596,18,0,10,1,28,,258622,18,0,10,2,68,,258597,18,0,10,1,27,,258623,18,0,10,2,66,,258598,18,0,10,1,26,,258624,18,0,10,2,66,,258599,18,0,10,1,26,,258625,18,0,10,2,25,,258600,18,0,10,1,64,,258626,18,0,10,2,22,,258601,18,0,10,1,22,,258627,18,0,10,2,62,,258602,18,0,10,1,22,,258628,18,0,10,2,62,,258603,18,0,10,1,22,,258629,18,0,10,2,22,,258604,18,0,10,1,62,,258630,18,0,10,2,22,,258605,18,0,10,1,20,,258580,18,0,10,2,63,,258606,18,0,10,1
14402,'H51U200F-80-F2',521,,258632,18,0,10,1,21,,258658,18,0,10,2,61,,258633,18,0,10,1,22,,258659,18,0,10,2,23,,258634,18,0,10,1,63,,258660,18,0,10,2,23,,258635,18,0,10,1,22,,258661,18,0,10,2,62,,258636,18,0,10,1,22,,258662,18,0,10,2,62,,258637,18,0,10,1,22,,258663,18,0,10,2,21,,258638,18,0,10,1,60,,258664,18,0,10,2,21,,258639,18,0,10,1,22,,258665,18,0,10,2,62,,258640,18,0,10,1,22,,258666,18,0,10,2,22,,258641,18,0,10,1,63,,258667,18,0,10,2,23,,258642,18,0,10,1,66,,258668,18,0,10,2,28,,258643,18,0,10,1,68,,258669,18,0,10,2,29,,258644,18,0,10,1,28,,258670,18,0,10,2,68,,258645,18,0,10,1,28,,258671,18,0,10,2,68,,258646,18,0,10,1,28,,258672,18,0,10,2,68,,258647,18,0,10,1,28,,258673,18,0,10,2,68,,258648,18,0,10,1,27,,258674,18,0,10,2,66,,258649,18,0,10,1,26,,258675,18,0,10,2,66,,258650,18,0,10,1,26,,258676,18,0,10,2,25,,258651,18,0,10,1,64,,258677,18,0,10,2,22,,258652,18,0,10,1,22,,258678,18,0,10,2,62,,258653,18,0,10,1,22,,258679,18,0,10,2,62,,258654,18,0,10,1,22,,258680,18,0,10,2,22,,258655,18,0,10,1,62,,258681,18,0,10,2,22,,258656,18,0,10,1,20,,258631,18,0,10,2,63,,258657,18,0,10,1
36002,'H56U000A-80-A',2552,,277166,29,0,10,1,85,,277165,29,0,10,1,83,,277162,29,0,10,1,85,,277164,29,0,10,1,45,,277163,29,0,10,1
36002,'H56U000I-80-I',2551,,277171,29,0,10,2,85,,277167,29,0,10,1,83,,277169,29,0,10,1,85,,277168,29,0,10,1,45,,277170,29,0,10,1
36002,'H56U000S-81-S',2552,,277173,29,0,10,2,83,,277176,29,0,10,1,84,,277174,29,0,10,1,84,,277175,29,0,10,2,45,,277172,29,0,10,1
36002,'H56U100F-80-F1',2551,,277181,29,0,10,2,85,,277177,29,0,10,1,83,,277179,29,0,10,1,85,,277178,29,0,10,1,45,,277180,29,0,10,1
36002,'H56U200F-80-F2',2551,,277186,29,0,10,2,85,,277182,29,0,10,1,83,,277184,29,0,10,1,85,,277183,29,0,10,1,45,,277185,29,0,10,1
