5503,'H51M000S-80-S',814,,187089,16,0,8,2
5503,'H57M000S-80-S',1410,,187092,16,0,8,1,140,,187091,16,0,8,2,60,,187090,16,0,8,1,29,,187093,16,0,8,1
5503,'H58M000A-80-A',514,,187100,16,0,8,1,28,,187113,16,0,8,1,70,,187109,16,0,8,2,30,,187115,16,0,8,1,70,,187101,16,0,8,1,31,,187095,16,0,8,1,70,,187118,16,0,8,1,32,,187123,16,0,8,1,73,,187102,16,0,8,1,31,,187096,16,0,8,1,70,,187119,16,0,8,1,31,,187124,16,0,8,1,62,,187141,16,0,8,1,14,,187103,16,0,8,1,13,,187145,16,0,8,1,13,,187110,16,0,8,1,56,,187097,16,0,8,1,14,,187148,16,0,8,1,13,,187131,16,0,8,1,13,,187134,16,0,8,1,11,,187152,16,0,8,2,50,,187125,16,0,8,1,11,,187138,16,0,8,1,9,,187157,16,0,8,1,9,,187142,16,0,8,1,8,,187160,16,0,8,1,8,,187104,16,0,8,1,49,,187146,16,0,8,1,9,,187111,16,0,8,1,8,,187165,16,0,8,1,8,,187128,16,0,8,1,8,,187098,16,0,8,1,8,,187149,16,0,8,1,9,,187122,16,0,8,1,48,,187167,16,0,8,1,8,,187132,16,0,8,1,8,,187135,16,0,8,1,9,,187153,16,0,8,2,9,,187126,16,0,8,1,9,,187139,16,0,8,1,7,,187147,16,0,8,1,8,,187162,16,0,8,1,48,,187158,16,0,8,1,9,,187161,16,0,8,1,9,,187105,16,0,8,1,8,,187112,16,0,8,1,7,,187171,16,0,8,2,7,,187166,16,0,8,1,7,,187129,16,0,8,1,48,,187099,16,0,8,1,7,,187173,16,0,8,2,6,,187150,16,0,8,1,6,,187174,16,0,8,1,6,,187168,16,0,8,1,6,,187133,16,0,8,1,6,,187127,16,0,8,1,7,,187136,16,0,8,1,6,,187154,16,0,8,2,6,,187175,16,0,8,1,47,,187140,16,0,8,1,8,,187179,16,0,8,1,8,,187163,16,0,8,1,8,,187181,16,0,8,2,9,,187159,16,0,8,1,10,,187116,16,0,8,1,9,,187106,16,0,8,1,48,,187172,16,0,8,2,8,,187107,16,0,8,1,9,,187130,16,0,8,1,9,,187151,16,0,8,1,9,,187094,16,0,8,1,10,,187169,16,0,8,1,50,,187137,16,0,8,1,8,,187176,16,0,8,1,10,,187155,16,0,8,1,11,,187180,16,0,8,1,12,,187182,16,0,8,2,12,,187117,16,0,8,1,52,,187164,16,0,8,1,12,,187143,16,0,8,1,13,,187108,16,0,8,1,13,,187177,16,0,8,1,12,,187170,16,0,8,1,52,,187184,16,0,8,2,14,,187156,16,0,8,1,14,,187120,16,0,8,1,14,,187183,16,0,8,2,53,,187114,16,0,8,1,14,,187186,16,0,8,1,14,,187144,16,0,8,1,18,,187178,16,0,8,1,61,,187185,16,0,8,2,26,,187121,16,0,8,1
5503,'H58M000I-80-I',517,,187188,16,0,8,1,32,,187209,16,0,8,1,72,,187202,16,0,8,1,32,,187215,16,0,8,1,70,,187189,16,0,8,1,28,,187210,16,0,8,1,67,,187203,16,0,8,1,27,,187197,16,0,8,1,70,,187190,16,0,8,1,30,,187211,16,0,8,1,70,,187204,16,0,8,1,21,,187226,16,0,8,1,64,,187198,16,0,8,1,23,,187191,16,0,8,1,18,,187194,16,0,8,1,17,,187212,16,0,8,1,57,,187233,16,0,8,1,17,,187221,16,0,8,1,14,,187224,16,0,8,2,13,,187227,16,0,8,1,53,,187199,16,0,8,1,12,,187237,16,0,8,1,10,,187231,16,0,8,2,10,,187192,16,0,8,1,10,,187240,16,0,8,2,50,,187195,16,0,8,1,10,,187213,16,0,8,1,10,,187245,16,0,8,2,10,,187234,16,0,8,1,10,,187236,16,0,8,2,10,,187222,16,0,8,1,50,,187225,16,0,8,2,10,,187228,16,0,8,1,9,,187232,16,0,8,2,8,,187200,16,0,8,1,8,,187247,16,0,8,2,8,,187238,16,0,8,1,9,,187248,16,0,8,1,48,,187193,16,0,8,1,8,,187241,16,0,8,2,7,,187187,16,0,8,1,8,,187196,16,0,8,1,8,,187219,16,0,8,1,8,,187246,16,0,8,2,8,,187217,16,0,8,1,8,,187235,16,0,8,1,47,,187252,16,0,8,2,7,,187223,16,0,8,1,10,,187256,16,0,8,1,10,,187229,16,0,8,1,8,,187216,16,0,8,1,9,,187201,16,0,8,1,51,,187208,16,0,8,2,9,,187249,16,0,8,1,10,,187214,16,0,8,1,10,,187242,16,0,8,2,12,,187239,16,0,8,1,13,,187220,16,0,8,1,53,,187205,16,0,8,1,19,,187253,16,0,8,2,21,,187230,16,0,8,1,63,,187250,16,0,8,1,25,,187243,16,0,8,2,68,,187206,16,0,8,1,30,,187254,16,0,8,2,69,,187251,16,0,8,1,30,,187244,16,0,8,2,70,,187207,16,0,8,1,29,,187255,16,0,8,2,69,,187218,16,0,8,1
5503,'H58M000S-80-S',519,,187330,16,0,8,1,22,,187257,16,0,8,2,66,,187265,16,0,8,1,29,,187272,16,0,8,2,71,,187277,16,0,8,1,9,,187287,16,0,8,2,14,,187271,16,0,8,1,97,,187266,16,0,8,1,13,,187299,16,0,8,1,13,,187291,16,0,8,1,56,,187278,16,0,8,1,17,,187292,16,0,8,1,20,,187288,16,0,8,1,60,,187306,16,0,8,1,20,,187303,16,0,8,1,20,,187273,16,0,8,1,58,,187300,16,0,8,1,18,,187279,16,0,8,1,20,,187293,16,0,8,1,59,,187289,16,0,8,1,20,,187307,16,0,8,1,18,,187270,16,0,8,1,15,,187304,16,0,8,1,53,,187274,16,0,8,1,13,,187261,16,0,8,1,13,,187301,16,0,8,1,13,,187280,16,0,8,1,13,,187321,16,0,8,1,62,,187294,16,0,8,1,10,,187290,16,0,8,1,11,,187312,16,0,8,2,10,,187308,16,0,8,1,50,,187260,16,0,8,2,10,,187262,16,0,8,1,9,,187267,16,0,8,2,10,,187268,16,0,8,1,9,,187275,16,0,8,1,60,,187302,16,0,8,1,20,,187281,16,0,8,1,9,,187318,16,0,8,1,20,,187269,16,0,8,1,9,,187295,16,0,8,1,50,,187264,16,0,8,1,8,,187313,16,0,8,2,9,,187322,16,0,8,1,7,,187309,16,0,8,1,7,,187329,16,0,8,2,8,,187263,16,0,8,1,8,,187305,16,0,8,1,48,,187282,16,0,8,1,8,,187326,16,0,8,2,9,,187276,16,0,8,1,10,,187316,16,0,8,1,9,,187258,16,0,8,1,9,,187327,16,0,8,2,10,,187314,16,0,8,1,50,,187319,16,0,8,2,10,,187323,16,0,8,1,13,,187296,16,0,8,1,14,,187259,16,0,8,1,14,,187310,16,0,8,1,53,,187328,16,0,8,2,14,,187283,16,0,8,1,14,,187317,16,0,8,1,19,,187285,16,0,8,2,60,,187315,16,0,8,1,20,,187297,16,0,8,1,62,,187324,16,0,8,1,19,,187311,16,0,8,1,19,,187284,16,0,8,1,19,,187320,16,0,8,1,56,,187286,16,0,8,2,23,,187298,16,0,8,1,65,,187325,16,0,8,1
5503,'H59M000S-80-S',744,,187331,16,0,8,1,13,,187332,16,0,8,1
36303,'H51M000A-80-A',2453,,214603,18,0,8,1,65,,214609,18,0,8,1,22,,214606,18,0,8,1,18,,214617,18,0,8,1,49,,214602,18,0,8,1,9,,214605,18,0,8,1,9,,214613,18,0,8,2,9,,214610,18,0,8,2,10,,214611,18,0,8,1,10,,214604,18,0,8,1,49,,214608,18,0,8,1,9,,214607,18,0,8,1,9,,214619,18,0,8,2,8,,214615,18,0,8,1,10,,214618,18,0,8,1,12,,214614,18,0,8,2,60,,214612,18,0,8,1,24,,214620,18,0,8,1,67,,214616,18,0,8,1
36303,'H51M000I-80-I',2427,,214622,18,0,8,1,87,,214621,18,0,8,2,45,,214623,18,0,8,1,84,,214626,18,0,8,2,85,,214624,18,0,8,1,85,,214627,18,0,8,2,45,,214625,18,0,8,1
36303,'H51M000S-80-S',2427,,214631,18,0,8,1,87,,214630,18,0,8,1,86,,214632,18,0,8,1,43,,214628,18,0,8,1,85,,214633,18,0,8,1,83,,214629,18,0,8,1,46,,214634,18,0,8,1
36303,'H51M000S-80-SV',2613,,214635,18,0,8,2,15,,214636,18,0,8,2,30,,214637,18,0,8,2,54,,214638,18,0,8,2
