9201,'H51M000A-70-A',545,,114201,5,0,5,1,71,,114207,5,0,5,1,30,,114202,5,0,5,1,70,,114208,5,0,5,1,30,,114203,5,0,5,1,70,,114209,5,0,5,1,30,,114204,5,0,5,1,70,,114210,5,0,5,1,30,,114205,5,0,5,1,70,,114211,5,0,5,1,32,,114206,5,0,5,1,73,,114212,5,0,5,1,33,,114220,5,0,5,2,74,,114200,5,0,5,1,72,,114219,5,0,5,2,28,,114229,5,0,5,1,28,,114221,5,0,5,1,68,,114231,5,0,5,1,29,,114230,5,0,5,1,69,,114222,5,0,5,1,30,,114232,5,0,5,1,71,,114233,5,0,5,2,35,,114223,5,0,5,1,72,,114213,5,0,5,1,73,,114224,5,0,5,1,32,,114214,5,0,5,1,70,,114225,5,0,5,1,30,,114215,5,0,5,1,70,,114226,5,0,5,1,30,,114216,5,0,5,1,70,,114227,5,0,5,1,30,,114217,5,0,5,1,70,,114228,5,0,5,1,30,,114218,5,0,5,1,70,,114234,5,0,5,1,30,,114236,5,0,5,2,73,,114235,5,0,5,1,32,,114237,5,0,5,2
9201,'H51M000I-70-I',549,,114241,5,0,5,1,69,,114249,5,0,5,1,30,,114242,5,0,5,1,69,,114250,5,0,5,1,29,,114243,5,0,5,1,68,,114251,5,0,5,1,28,,114244,5,0,5,1,68,,114252,5,0,5,1,29,,114245,5,0,5,1,71,,114253,5,0,5,1,32,,114246,5,0,5,1,73,,114254,5,0,5,1,32,,114247,5,0,5,1,72,,114238,5,0,5,1,32,,114255,5,0,5,1,73,,114248,5,0,5,1,33,,114239,5,0,5,1,73,,114256,5,0,5,1,73,,114266,5,0,5,2,33,,114240,5,0,5,1,73,,114257,5,0,5,1,33,,114267,5,0,5,2,73,,114258,5,0,5,1,33,,114268,5,0,5,2,73,,114259,5,0,5,1,33,,114269,5,0,5,2,72,,114260,5,0,5,1,33,,114270,5,0,5,2,73,,114261,5,0,5,1,72,,114271,5,0,5,2,32,,114262,5,0,5,1,72,,114272,5,0,5,2,32,,114263,5,0,5,1,72,,114273,5,0,5,2,30,,114264,5,0,5,1,70,,114274,5,0,5,2,29,,114265,5,0,5,1
9201,'H51M000S-70-S',548,,114282,5,0,5,1,65,,114283,5,0,5,2,30,,114286,5,0,5,2,70,,114284,5,0,5,2,31,,114288,5,0,5,1,73,,114287,5,0,5,2,32,,114285,5,0,5,2,73,,114275,5,0,5,1,33,,114289,5,0,5,1,73,,114294,5,0,5,2,72,,114276,5,0,5,1,32,,114290,5,0,5,1,73,,114295,5,0,5,2,32,,114277,5,0,5,1,72,,114291,5,0,5,1,30,,114296,5,0,5,2,70,,114278,5,0,5,1,30,,114292,5,0,5,1,66,,114297,5,0,5,2,20,,114280,5,0,5,1,20,,114279,5,0,5,1,60,,114293,5,0,5,1,20,,114298,5,0,5,2,20,,114300,5,0,5,1,60,,114281,5,0,5,1,20,,114308,5,0,5,2,20,,114310,5,0,5,2,60,,114299,5,0,5,2,20,,114301,5,0,5,1,20,,114309,5,0,5,2,62,,114311,5,0,5,2,32,,114302,5,0,5,1,69,,114312,5,0,5,2,30,,114303,5,0,5,1,70,,114313,5,0,5,2,30,,114304,5,0,5,1,70,,114314,5,0,5,2,30,,114305,5,0,5,1,70,,114315,5,0,5,2,30,,114306,5,0,5,1,71,,114316,5,0,5,2,33,,114307,5,0,5,1
9201,'H51M100F-70-F1',549,,114320,5,0,5,1,69,,114328,5,0,5,1,30,,114321,5,0,5,1,69,,114329,5,0,5,1,29,,114322,5,0,5,1,68,,114330,5,0,5,1,28,,114323,5,0,5,1,68,,114331,5,0,5,1,29,,114324,5,0,5,1,71,,114332,5,0,5,1,32,,114325,5,0,5,1,73,,114333,5,0,5,1,32,,114326,5,0,5,1,72,,114317,5,0,5,1,32,,114334,5,0,5,1,73,,114327,5,0,5,1,33,,114318,5,0,5,1,73,,114335,5,0,5,1,73,,114345,5,0,5,2,33,,114319,5,0,5,1,73,,114336,5,0,5,1,33,,114347,5,0,5,2,73,,114337,5,0,5,1,33,,114346,5,0,5,2,73,,114338,5,0,5,1,33,,114348,5,0,5,2,72,,114339,5,0,5,1,33,,114349,5,0,5,2,73,,114340,5,0,5,1,72,,114350,5,0,5,2,32,,114341,5,0,5,1,72,,114351,5,0,5,2,32,,114342,5,0,5,1,72,,114352,5,0,5,2,30,,114343,5,0,5,1,70,,114353,5,0,5,2,29,,114344,5,0,5,1
9201,'H51M200F-70-F2',549,,114357,5,0,5,1,69,,114365,5,0,5,1,30,,114358,5,0,5,1,69,,114366,5,0,5,1,29,,114360,5,0,5,1,68,,114367,5,0,5,1,28,,114359,5,0,5,1,68,,114368,5,0,5,1,29,,114361,5,0,5,1,71,,114369,5,0,5,1,32,,114362,5,0,5,1,73,,114370,5,0,5,1,32,,114363,5,0,5,1,72,,114354,5,0,5,1,32,,114371,5,0,5,1,73,,114364,5,0,5,1,33,,114355,5,0,5,1,73,,114372,5,0,5,1,73,,114382,5,0,5,2,33,,114356,5,0,5,1,73,,114373,5,0,5,1,33,,114383,5,0,5,2,73,,114374,5,0,5,1,33,,114384,5,0,5,2,73,,114375,5,0,5,1,33,,114385,5,0,5,2,72,,114376,5,0,5,1,33,,114386,5,0,5,2,73,,114377,5,0,5,1,72,,114387,5,0,5,2,32,,114378,5,0,5,1,72,,114388,5,0,5,2,32,,114379,5,0,5,1,72,,114389,5,0,5,2,30,,114380,5,0,5,1,70,,114390,5,0,5,2,29,,114381,5,0,5,1
9201,'H51M300F-70-F3',549,,114394,5,0,5,1,69,,114402,5,0,5,1,30,,114395,5,0,5,1,69,,114403,5,0,5,1,29,,114396,5,0,5,1,68,,114404,5,0,5,1,28,,114397,5,0,5,1,68,,114405,5,0,5,1,29,,114398,5,0,5,1,71,,114406,5,0,5,1,32,,114399,5,0,5,1,73,,114407,5,0,5,1,32,,114400,5,0,5,1,72,,114391,5,0,5,1,32,,114408,5,0,5,1,73,,114401,5,0,5,1,33,,114392,5,0,5,1,73,,114409,5,0,5,1,73,,114419,5,0,5,2,33,,114393,5,0,5,1,73,,114410,5,0,5,1,33,,114420,5,0,5,2,73,,114411,5,0,5,1,33,,114421,5,0,5,2,73,,114412,5,0,5,1,33,,114422,5,0,5,2,72,,114413,5,0,5,1,33,,114423,5,0,5,2,73,,114414,5,0,5,1,72,,114424,5,0,5,2,32,,114415,5,0,5,1,72,,114425,5,0,5,2,32,,114416,5,0,5,1,72,,114426,5,0,5,2,30,,114417,5,0,5,1,70,,114427,5,0,5,2,29,,114418,5,0,5,1
37201,'H54M000A-70-A',2516,,155275,4,0,5,1,85,,155280,4,0,5,1,44,,155278,4,0,5,1,90,,155276,4,0,5,1,85,,155277,4,0,5,1,84,,155279,4,0,6 7,1
37201,'H54M000I-70-I',2518,,155282,4,0,5,1,87,,155281,4,0,5,1,46,,155285,4,0,5,1,86,,155283,4,0,5,1,85,,155284,4,0,5,1,85,,155286,4,0,6 7,1
37201,'H54M000S-70-S',2518,,155287,4,0,5,1,35,,155291,4,0,5,1,78,,155290,4,0,5,1,80,,155293,4,0,5,1,40,,155289,4,0,5,1,81,,155288,4,0,5,1,85,,155292,4,0,6 7,1
37201,'H54M100F-70-F1',2518,,155298,4,0,5,1,87,,155295,4,0,5,1,46,,155294,4,0,5,1,86,,155296,4,0,5,1,85,,155297,4,0,5,1,85,,155299,4,0,6 7,1
37201,'H54M200F-70-F2',2518,,155303,4,0,5,1,87,,155300,4,0,5,1,46,,155301,4,0,5,1,86,,155302,4,0,5,1,85,,155305,4,0,5,2,85,,155304,4,0,6 7,1
37201,'H54M300F-70-F3',2518,,155307,4,0,5,1,87,,155310,4,0,5,1,46,,155306,4,0,5,1,86,,155309,4,0,5,1,85,,155311,4,0,5,1,85,,155308,4,0,6 7,1
