4504,'H58U000A-80-A',511,,231030,16,0,9,1,29,,231055,16,0,9,2,70,,231019,16,0,9,1,33,,231031,16,0,9,1,70,,231056,16,0,9,2,31,,231020,16,0,9,1,70,,231032,16,0,9,1,32,,231057,16,0,9,2,70,,231021,16,0,9,1,33,,231033,16,0,9,1,69,,231047,16,0,9,1,28,,231043,16,0,9,2,69,,231022,16,0,9,1,31,,231034,16,0,9,1,70,,231048,16,0,9,1,29,,231044,16,0,9,2,69,,231023,16,0,9,1,26,,231051,16,0,9,1,60,,231035,16,0,9,1,20,,231049,16,0,9,1,20,,231037,16,0,9,2,61,,231045,16,0,9,2,22,,231024,16,0,9,1,21,,231052,16,0,9,1,62,,231036,16,0,9,1,21,,231050,16,0,9,1,25,,231038,16,0,9,2,69,,231046,16,0,9,2,30,,231025,16,0,9,1,68,,231053,16,0,9,1,29,,231058,16,0,9,1,69,,231039,16,0,9,2,29,,231026,16,0,9,1,64,,231054,16,0,9,1,30,,231059,16,0,9,1,71,,231040,16,0,9,2,30,,231027,16,0,9,1,72,,231060,16,0,9,1,32,,231041,16,0,9,2,70,,231028,16,0,9,1,30,,231061,16,0,9,1,71,,231042,16,0,9,2,29,,231029,16,0,9,1,70,,231062,16,0,9,2
4504,'H58U000I-80-I',518,,231063,16,0,9,1,28,,231079,16,0,9,1,69,,231086,16,0,9,2,28,,231064,16,0,9,1,71,,231080,16,0,9,1,29,,231087,16,0,9,2,70,,231065,16,0,9,1,30,,231081,16,0,9,1,72,,231088,16,0,9,2,32,,231066,16,0,9,1,73,,231082,16,0,9,1,30,,231098,16,0,9,1,69,,231089,16,0,9,2,30,,231067,16,0,9,1,70,,231083,16,0,9,1,30,,231099,16,0,9,1,70,,231090,16,0,9,2,30,,231068,16,0,9,1,70,,231084,16,0,9,1,30,,231100,16,0,9,1,71,,231091,16,0,9,2,29,,231069,16,0,9,1,71,,231101,16,0,9,1,31,,231085,16,0,9,1,72,,231092,16,0,9,2,33,,231070,16,0,9,1,72,,231075,16,0,9,1,72,,231094,16,0,9,2,32,,231093,16,0,9,2,69,,231071,16,0,9,1,31,,231076,16,0,9,1,73,,231095,16,0,9,2,31,,231072,16,0,9,1,70,,231077,16,0,9,1,29,,231096,16,0,9,2,70,,231073,16,0,9,1,31,,231078,16,0,9,1,70,,231097,16,0,9,2,24,,231074,16,0,9,1
4504,'H58U000S-80-S',501,,231107,16,0,9,2,25,,231118,16,0,9,2,30,,231132,16,0,9,2,68,,231143,16,0,9,2,25,,231116,16,0,9,1,52,,231119,16,0,9,2,11,,231108,16,0,9,2,9,,231131,16,0,9,2,10,,231111,16,0,9,1,10,,231133,16,0,9,2,13,,231106,16,0,9,2,52,,231146,16,0,9,2,12,,231144,16,0,9,2,12,,231120,16,0,9,2,10,,231126,16,0,9,1,11,,231117,16,0,9,1,51,,231145,16,0,9,2,12,,231109,16,0,9,2,12,,231123,16,0,9,1,12,,231151,16,0,9,1,20,,231134,16,0,9,2,62,,231147,16,0,9,2,22,,231127,16,0,9,1,62,,231110,16,0,9,2,23,,231124,16,0,9,1,20,,231138,16,0,9,2,60,,231135,16,0,9,2,23,,231148,16,0,9,2,24,,231128,16,0,9,1,66,,231125,16,0,9,1,24,,231112,16,0,9,1,65,,231102,16,0,9,1,24,,231136,16,0,9,2,25,,231149,16,0,9,2,63,,231129,16,0,9,1,24,,231113,16,0,9,1,60,,231152,16,0,9,2,20,,231103,16,0,9,1,23,,231137,16,0,9,2,64,,231150,16,0,9,2,24,,231130,16,0,9,1,67,,231114,16,0,9,1,32,,231104,16,0,9,1,71,,231153,16,0,9,2,32,,231139,16,0,9,1,69,,231115,16,0,9,1,30,,231105,16,0,9,1,71,,231154,16,0,9,2,31,,231140,16,0,9,1,70,,231121,16,0,9,2,32,,231155,16,0,9,2,70,,231141,16,0,9,1,28,,231122,16,0,9,2,71,,231156,16,0,9,2,33,,231142,16,0,9,1
4504,'H58U100F-80-F1',518,,231157,16,0,9,1,28,,231173,16,0,9,1,69,,231180,16,0,9,2,28,,231158,16,0,9,1,71,,231174,16,0,9,1,29,,231181,16,0,9,2,70,,231159,16,0,9,1,30,,231175,16,0,9,1,72,,231182,16,0,9,2,32,,231160,16,0,9,1,73,,231176,16,0,9,1,30,,231192,16,0,9,1,69,,231183,16,0,9,2,30,,231161,16,0,9,1,70,,231177,16,0,9,1,30,,231193,16,0,9,1,70,,231184,16,0,9,2,30,,231162,16,0,9,1,70,,231178,16,0,9,1,30,,231194,16,0,9,1,71,,231185,16,0,9,2,29,,231163,16,0,9,1,71,,231195,16,0,9,1,31,,231179,16,0,9,1,72,,231186,16,0,9,2,33,,231164,16,0,9,1,72,,231169,16,0,9,1,72,,231188,16,0,9,2,32,,231187,16,0,9,2,69,,231165,16,0,9,1,31,,231170,16,0,9,1,73,,231189,16,0,9,2,31,,231166,16,0,9,1,70,,231171,16,0,9,1,29,,231190,16,0,9,2,70,,231167,16,0,9,1,31,,231172,16,0,9,1,70,,231191,16,0,9,2,24,,231168,16,0,9,1
4504,'H58U200F-80-F2',518,,231203,16,0,9,2,28,,231215,16,0,9,1,69,,231222,16,0,9,2,28,,231204,16,0,9,2,71,,231216,16,0,9,1,29,,231223,16,0,9,2,70,,231205,16,0,9,2,30,,231217,16,0,9,1,72,,231224,16,0,9,2,32,,231206,16,0,9,2,73,,231218,16,0,9,1,30,,231196,16,0,9,2,69,,231225,16,0,9,2,30,,231212,16,0,9,1,70,,231219,16,0,9,1,30,,231197,16,0,9,2,70,,231226,16,0,9,2,30,,231213,16,0,9,1,70,,231220,16,0,9,1,30,,231198,16,0,9,2,71,,231227,16,0,9,2,29,,231214,16,0,9,1,71,,231207,16,0,9,2,31,,231221,16,0,9,1,72,,231228,16,0,9,2,33,,231230,16,0,9,1,72,,231199,16,0,9,2,72,,231208,16,0,9,1,32,,231229,16,0,9,2,69,,231231,16,0,9,1,31,,231200,16,0,9,2,73,,231209,16,0,9,1,31,,231232,16,0,9,1,70,,231201,16,0,9,2,29,,231210,16,0,9,1,70,,231233,16,0,9,1,31,,231202,16,0,9,2,70,,231211,16,0,9,1,24,,231234,16,0,9,1
35904,'H57U000A-80-A',2544,,277103,16,0,9,1,76,,277104,16,0,9,1,34,,277106,16,0,9,1,74,,277107,16,0,9,1,75,,277105,16,0,9,1,35,,277108,16,0,9,1
35904,'H57U000I-80-I',2509,,277112,16,0,9,1,35,,277109,16,0,9,1,75,,277113,16,0,9,1,35,,277110,16,0,9,1,75,,277114,16,0,9,1,75,,277111,16,0,9,1,35,,277115,16,0,9,1
35904,'H57U000S-81-S',2509,,277118,16,0,9,1,34,,277116,16,0,9,1,77,,277121,16,0,9,1,35,,277119,16,0,9,1,73,,277117,16,0,9,1,78,,277120,16,0,9,1,33,,277122,16,0,9,1
35904,'H57U100F-80-F1',2509,,277126,16,0,9,1,35,,277123,16,0,9,1,75,,277127,16,0,9,1,35,,277124,16,0,9,1,75,,277128,16,0,9,1,75,,277125,16,0,9,1,35,,277129,16,0,9,1
35904,'H57U200F-80-F2',2509,,277133,16,0,9,1,35,,277130,16,0,9,1,75,,277134,16,0,9,1,35,,277131,16,0,9,1,75,,277135,16,0,9,1,75,,277132,16,0,9,1,35,,277136,16,0,9,1
