17702,'H60U000A-85-A',640,,264566,31,0,10,1,67,,264579,31,0,10,2,20,,264595,31,0,10,2,17,,264591,31,0,10,2,66,,264567,31,0,10,1,31,,264580,31,0,10,2,71,,264592,31,0,10,2,29,,264568,31,0,10,1,69,,264581,31,0,10,2,30,,264593,31,0,10,2,69,,264569,31,0,10,1,31,,264582,31,0,10,2,71,,264594,31,0,10,2,31,,264570,31,0,10,1,68,,264583,31,0,10,2,27,,264598,31,0,10,1,67,,264601,31,0,10,2,25,,264571,31,0,10,1,26,,264584,31,0,10,2,73,,264599,31,0,10,1,73,,264573,31,0,10,1,30,,264585,31,0,10,2,71,,264602,31,0,10,2,31,,264572,31,0,10,1,70,,264604,31,0,10,2,29,,264603,31,0,10,2,70,,264596,31,0,10,1,30,,264574,31,0,10,1,70,,264586,31,0,10,2,29,,264600,31,0,10,1,69,,264597,31,0,10,1,14,,264575,17,0,10,1,31,,264587,17,0,10,2,70,,264576,17,0,10,1,30,,264589,17,0,10,2,70,,264577,17,0,10,1,30,,264588,17,0,10,2,70,,264578,17,0,10,1,30,,264590,17,0,10,2
17702,'H60U000I-84-I',639,,264605,31,0,10,1,70,,264615,31,0,10,2,30,,264625,31,0,10,1,70,,264606,31,0,10,1,30,,264616,31,0,10,2,70,,264626,31,0,10,1,29,,264607,31,0,10,1,70,,264617,31,0,10,2,30,,264627,31,0,10,1,71,,264608,31,0,10,1,31,,264618,31,0,10,2,70,,264628,31,0,10,1,29,,264609,31,0,10,1,72,,264619,31,0,10,2,31,,264629,31,0,10,1,68,,264610,31,0,10,1,33,,264620,31,0,10,2,70,,264630,31,0,10,1,29,,264611,31,0,10,1,63,,264642,31,0,10,2,23,,264621,31,0,10,2,27,,264631,31,0,10,1,71,,264612,31,0,10,1,33,,264622,31,0,10,2,73,,264632,31,0,10,1,68,,264613,31,0,10,1,27,,264623,31,0,10,2,73,,264633,31,0,10,1,28,,264614,31,0,10,1,27,,264624,31,0,10,2,59,,264641,17,0,10,1,30,,264634,17,0,10,1,70,,264638,17,0,10,2,30,,264635,17,0,10,1,70,,264639,17,0,10,2,30,,264636,17,0,10,1,69,,264640,17,0,10,2,29,,264637,17,0,10,1
17702,'H60U000S-86-S',557,,264647,31,0,10,2,54,,264653,31,0,10,1,16,,264643,31,0,10,1,12,,264652,31,0,10,1,11,,264661,31,0,10,1,52,,264656,31,0,10,2,13,,264668,31,0,10,1,17,,264671,31,0,10,2,12,,264648,31,0,10,2,12,,264677,31,0,10,1,52,,264644,31,0,10,1,12,,264681,31,0,10,2,11,,264658,31,0,10,2,11,,264657,31,0,10,2,12,,264654,31,0,10,1,52,,264669,31,0,10,1,10,,264672,31,0,10,2,8,,264667,31,0,10,2,12,,264678,31,0,10,1,12,,264655,31,0,10,2,59,,264659,31,0,10,2,18,,264673,31,0,10,2,24,,264670,31,0,10,1,68,,264679,31,0,10,1,29,,264660,31,0,10,2,70,,264649,31,0,10,1,29,,264646,31,0,10,1,69,,264645,31,0,10,1,31,,264682,31,0,10,2,70,,264650,31,0,10,1,30,,264680,31,0,10,1,73,,264683,31,0,10,1,34,,264684,31,0,10,2,73,,264651,31,0,10,1,28,,264689,31,0,10,2,67,,264690,31,0,10,1,32,,264694,31,0,10,1,67,,264662,31,0,10,2,33,,264663,31,0,10,1,70,,264693,31,0,10,2,26,,264685,31,0,10,1,72,,264665,31,0,10,2,33,,264664,31,0,10,1,69,,264686,31,0,10,1,22,,264666,17,0,10,2,66,,264687,17,0,10,1,27,,264674,17,0,10,1,65,,264691,17,0,10,1,23,,264688,17,0,10,1,24,,264675,17,0,10,1,69,,264692,17,0,10,1,32,,264676,17,0,10,1
17702,'H60U100F-85-F1',639,,264695,31,0,10,1,70,,264705,31,0,10,2,30,,264715,31,0,10,2,70,,264696,31,0,10,1,30,,264706,31,0,10,2,70,,264716,31,0,10,2,29,,264697,31,0,10,1,70,,264707,31,0,10,2,30,,264717,31,0,10,2,71,,264698,31,0,10,1,31,,264708,31,0,10,2,70,,264718,31,0,10,2,29,,264699,31,0,10,1,72,,264709,31,0,10,2,31,,264719,31,0,10,2,68,,264700,31,0,10,1,33,,264710,31,0,10,2,70,,264720,31,0,10,2,29,,264701,31,0,10,1,63,,264732,31,0,10,2,23,,264711,31,0,10,2,27,,264721,31,0,10,2,71,,264702,31,0,10,1,33,,264712,31,0,10,2,73,,264722,31,0,10,2,68,,264704,31,0,10,1,27,,264713,31,0,10,2,73,,264723,31,0,10,2,28,,264703,31,0,10,1,27,,264714,31,0,10,2,59,,264727,17,0,10,1,30,,264724,17,0,10,1,70,,264728,17,0,10,1,30,,264725,17,0,10,1,70,,264729,17,0,10,1,30,,264726,17,0,10,1,69,,264730,17,0,10,1,29,,264731,17,0,10,1
17702,'H60U200F-83-F2',639,,264733,31,0,10,1,70,,264743,31,0,10,2,30,,264753,31,0,10,2,70,,264734,31,0,10,1,30,,264744,31,0,10,2,70,,264754,31,0,10,2,29,,264735,31,0,10,1,70,,264745,31,0,10,2,30,,264755,31,0,10,2,71,,264736,31,0,10,1,31,,264746,31,0,10,2,70,,264756,31,0,10,2,29,,264737,31,0,10,1,72,,264747,31,0,10,2,31,,264757,31,0,10,2,68,,264738,31,0,10,1,33,,264748,31,0,10,2,70,,264758,31,0,10,2,29,,264739,31,0,10,1,63,,264770,31,0,10,2,23,,264749,31,0,10,2,27,,264759,31,0,10,2,71,,264740,31,0,10,1,33,,264750,31,0,10,2,73,,264760,31,0,10,2,68,,264742,31,0,10,1,27,,264751,31,0,10,2,73,,264761,31,0,10,2,28,,264741,31,0,10,1,27,,264752,31,0,10,2,59,,264765,17,0,10,1,30,,264762,17,0,10,1,70,,264766,17,0,10,1,30,,264763,17,0,10,1,70,,264767,17,0,10,1,30,,264764,17,0,10,1,69,,264768,17,0,10,1,29,,264769,17,0,10,1
37103,'H50U000A-82-A',2616,,277743,61,0,8,2,31,,277740,61,0,8,1,67,,277741,61,0,8,1,31,,277745,61,0,8,1,70,,277744,61,0,8,2,30,,277739,61,0,8,1,69,,277742,61,0,8,1
37103,'H50U000I-82-I',2613,,277749,61,0,8,1,29,,277747,61,0,8,2,73,,277746,61,0,8,1,30,,277751,61,0,8,1,71,,277750,61,0,8,1,31,,277748,61,0,8,2,71,,277752,61,0,8,2
37103,'H50U000S-83-S',2615,,277757,61,0,8,2,30,,277755,61,0,8,1,70,,277758,61,0,8,1,28,,277754,61,0,8,1,71,,277753,61,0,8,1,32,,277756,61,0,8,1,70,,277759,61,0,8,1
37103,'H50U100F-80-F1',2613,,277763,61,0,8,1,29,,277761,61,0,8,2,73,,277760,61,0,8,1,30,,277765,61,0,8,1,71,,277764,61,0,8,1,31,,277762,61,0,8,2,71,,277766,61,0,8,2
37103,'H50U200F-80-F2',2613,,277770,61,0,8,1,29,,277768,61,0,8,2,73,,277767,61,0,8,1,30,,277772,61,0,8,1,71,,277771,61,0,8,1,31,,277769,61,0,8,2,71,,277773,61,0,8,2
