35602,'H56U000A-80-A',2601,,276884,73,0,10,1,18,,276874,73,0,10,1,13,,276883,73,0,10,1,14,,276881,73,0,10,2,13,,276873,73,0,10,1,53,,276882,73,0,10,2,13,,276876,73,0,10,1,13,,276875,73,0,10,1,13,,276880,73,0,10,2,53,,276878,73,0,10,2,13,,276877,73,0,10,1,13,,276879,73,0,10,1,13,,276886,73,0,10,1,13,,276885,73,0,10,1,53,,276887,73,0,10,1
35602,'H56U000I-80-I',2558,,276888,73,0,10,1,88,,276891,73,0,10,1,85,,276892,73,0,10,2,88,,276889,73,0,10,1,81,,276890,73,0,10,2
35602,'H56U000S-81-S',2552,,276894,73,0,10,1,86,,276899,73,0,10,2,85,,276896,73,0,10,1,27,,276893,73,0,10,1,65,,276895,73,0,10,1,25,,276897,73,0,10,2,65,,276898,73,0,10,1
35602,'H56U100F-80-F1',2558,,276900,73,0,10,1,88,,276903,73,0,10,1,85,,276904,73,0,10,2,88,,276901,73,0,10,1,81,,276902,73,0,10,2
35602,'H56U200F-80-F2',2558,,276905,73,0,10,1,88,,276908,73,0,10,1,85,,276909,73,0,10,2,88,,276906,73,0,10,1,81,,276907,73,0,10,2
49602,'H56U000A-80-A',714,,281466,4,0,10,1,26,,281452,4,0,10,1,68,,281448,4,0,10,1,28,,281467,4,0,10,1,70,,281453,4,0,10,1,32,,281485,4,0,10,1,72,,281468,4,0,10,1,32,,281472,4,0,10,2,71,,281486,4,0,10,1,30,,281469,4,0,10,1,69,,281473,4,0,10,2,30,,281487,4,0,10,1,70,,281470,4,0,10,1,29,,281474,4,0,10,2,65,,281488,4,0,10,1,22,,281478,4,0,10,1,20,,281459,4,0,10,2,60,,281475,4,0,10,2,20,,281489,4,0,10,1,19,,281479,4,0,10,1,58,,281460,4,0,10,2,16,,281463,4,0,10,1,15,,281476,4,0,10,2,16,,281490,4,0,10,1,57,,281480,4,0,10,1,16,,281461,4,0,10,2,14,,281449,4,0,10,2,14,,281464,4,0,10,1,54,,281491,4,0,10,1,15,,281477,4,0,10,2,16,,281481,4,0,10,1,18,,281450,4,0,10,2,60,,281465,4,0,10,2,22,,281492,4,0,10,1,62,,281482,4,0,10,1,23,,281451,4,0,10,2,22,,281454,4,0,10,1,64,,281493,4,0,10,1,25,,281483,4,0,10,1,67,,281455,4,0,10,1,24,,281456,4,0,10,1,24,,281462,4,0,10,2,63,,281457,4,0,10,2,27,,281471,4,0,10,2,72,,281484,4,0,10,1,33,,281458,4,0,10,2
49602,'H56U000I-80-I',714,,281499,4,0,10,1,28,,281520,4,0,10,2,68,,281514,4,0,10,1,28,,281500,4,0,10,1,71,,281521,4,0,10,2,31,,281515,4,0,10,1,71,,281501,4,0,10,1,32,,281522,4,0,10,2,71,,281516,4,0,10,1,31,,281502,4,0,10,1,70,,281523,4,0,10,2,30,,281517,4,0,10,1,70,,281532,4,0,10,1,29,,281524,4,0,10,2,67,,281511,4,0,10,2,21,,281533,4,0,10,1,19,,281528,4,0,10,1,59,,281525,4,0,10,2,19,,281512,4,0,10,2,20,,281534,4,0,10,1,60,,281529,4,0,10,1,19,,281526,4,0,10,2,17,,281513,4,0,10,2,57,,281497,4,0,10,1,16,,281535,4,0,10,1,16,,281530,4,0,10,1,16,,281496,4,0,10,1,55,,281527,4,0,10,2,15,,281498,4,0,10,1,15,,281536,4,0,10,1,20,,281531,4,0,10,1,62,,281507,4,0,10,2,21,,281494,4,0,10,1,21,,281537,4,0,10,1,62,,281518,4,0,10,1,22,,281495,4,0,10,1,62,,281508,4,0,10,1,22,,281538,4,0,10,1,21,,281509,4,0,10,1,63,,281505,4,0,10,2,23,,281503,4,0,10,1,71,,281510,4,0,10,1,33,,281519,4,0,10,1,73,,281504,4,0,10,1,33,,281506,4,0,10,1
49602,'H56U000S-81-S',547,,281545,4,0,10,1,73,,281547,4,0,10,1,23,,281542,4,0,10,1,65,,281546,4,0,10,1,14,,281559,4,0,10,2,16,,281587,4,0,10,1,17,,281582,4,0,10,2,56,,281600,4,0,10,1,16,,281562,4,0,10,2,17,,281551,4,0,10,1,59,,281575,4,0,10,1,19,,281583,4,0,10,2,17,,281601,4,0,10,1,20,,281596,4,0,10,1,61,,281564,4,0,10,2,21,,281576,4,0,10,1,63,,281602,4,0,10,1,23,,281597,4,0,10,1,22,,281565,4,0,10,2,62,,281577,4,0,10,1,24,,281603,4,0,10,1,22,,281598,4,0,10,1,64,,281566,4,0,10,2,23,,281584,4,0,10,2,62,,281578,4,0,10,1,24,,281599,4,0,10,1,23,,281567,4,0,10,2,63,,281585,4,0,10,2,17,,281579,4,0,10,1,12,,281539,4,0,10,1,12,,281588,4,0,10,1,52,,281595,4,0,10,2,12,,281563,4,0,10,2,13,,281568,4,0,10,2,12,,281604,4,0,10,1,12,,281586,4,0,10,2,51,,281580,4,0,10,1,11,,281540,4,0,10,1,12,,281589,4,0,10,1,11,,281561,4,0,10,1,11,,281543,4,0,10,2,52,,281569,4,0,10,2,10,,281556,4,0,10,1,12,,281553,4,0,10,2,12,,281581,4,0,10,1,11,,281593,4,0,10,2,50,,281541,4,0,10,1,9,,281590,4,0,10,1,11,,281558,4,0,10,2,12,,281570,4,0,10,2,12,,281560,4,0,10,2,12,,281554,4,0,10,2,54,,281594,4,0,10,2,14,,281557,4,0,10,1,14,,281591,4,0,10,1,19,,281571,4,0,10,2,61,,281555,4,0,10,2,20,,281548,4,0,10,2,61,,281592,4,0,10,1,24,,281572,4,0,10,2,29,,281549,4,0,10,2,69,,281552,4,0,10,1,30,,281573,4,0,10,2,71,,281550,4,0,10,2,32,,281544,4,0,10,1,73,,281574,4,0,10,2
49602,'H56U100F-80-F1',714,,281610,4,0,10,1,28,,281631,4,0,10,2,68,,281625,4,0,10,1,28,,281611,4,0,10,1,71,,281632,4,0,10,2,31,,281626,4,0,10,1,71,,281612,4,0,10,1,32,,281633,4,0,10,2,71,,281627,4,0,10,1,31,,281613,4,0,10,1,70,,281634,4,0,10,2,30,,281628,4,0,10,1,70,,281643,4,0,10,1,29,,281635,4,0,10,2,67,,281622,4,0,10,2,21,,281644,4,0,10,1,19,,281639,4,0,10,1,59,,281636,4,0,10,2,19,,281623,4,0,10,2,20,,281645,4,0,10,1,60,,281640,4,0,10,1,19,,281637,4,0,10,2,17,,281624,4,0,10,2,57,,281608,4,0,10,1,16,,281646,4,0,10,1,16,,281641,4,0,10,1,16,,281607,4,0,10,1,55,,281638,4,0,10,2,15,,281609,4,0,10,1,15,,281647,4,0,10,1,20,,281642,4,0,10,1,62,,281618,4,0,10,2,21,,281605,4,0,10,1,21,,281648,4,0,10,1,62,,281629,4,0,10,1,22,,281606,4,0,10,1,62,,281619,4,0,10,1,22,,281649,4,0,10,1,21,,281620,4,0,10,1,63,,281616,4,0,10,2,23,,281614,4,0,10,1,71,,281621,4,0,10,1,33,,281630,4,0,10,1,73,,281615,4,0,10,1,33,,281617,4,0,10,1
49602,'H56U200F-80-F2',714,,281655,4,0,10,1,28,,281676,4,0,10,2,68,,281670,4,0,10,1,28,,281656,4,0,10,1,71,,281677,4,0,10,2,31,,281671,4,0,10,1,71,,281657,4,0,10,1,32,,281678,4,0,10,2,71,,281672,4,0,10,1,31,,281658,4,0,10,1,70,,281679,4,0,10,2,30,,281673,4,0,10,1,70,,281688,4,0,10,1,29,,281680,4,0,10,2,67,,281667,4,0,10,2,21,,281689,4,0,10,1,19,,281684,4,0,10,1,59,,281681,4,0,10,2,19,,281668,4,0,10,2,20,,281690,4,0,10,1,60,,281685,4,0,10,1,19,,281682,4,0,10,2,17,,281669,4,0,10,2,57,,281653,4,0,10,1,16,,281691,4,0,10,1,16,,281686,4,0,10,1,16,,281652,4,0,10,1,55,,281683,4,0,10,2,15,,281654,4,0,10,1,15,,281692,4,0,10,1,20,,281687,4,0,10,1,62,,281663,4,0,10,2,21,,281650,4,0,10,1,21,,281693,4,0,10,1,62,,281674,4,0,10,1,22,,281651,4,0,10,1,62,,281664,4,0,10,1,22,,281694,4,0,10,1,21,,281665,4,0,10,1,63,,281661,4,0,10,2,23,,281659,4,0,10,1,71,,281666,4,0,10,1,33,,281675,4,0,10,1,73,,281660,4,0,10,1,33,,281662,4,0,10,1
