'25M-H55M000A-83-A',6603,62200,4,'',1,3200,4,'',1,7000,4,'',1,3000,4,'',1,7000,4,'',1,3100,4,'',1,7100,4,'',1,3000,4,'',1,7000,4,'',1,3000,4,'',1,7100,4,'',1,3000,4,'',1,7000,4,'',2,3100,4,'',1,7200,4,'',2,7300,4,'',1,3200,4,'',2,7200,4,'',1,3200,4,'',2,7300,4,'',1,3200,4,'',2,7400,4,'',1,3300,4,'',2,7300,4,'',1,3300,4,'',2,7300,4,'',1,2400,4,'',2,6900,4,'',2,2900,4,'',1,6900,4,'',2,2900,4,'',1,6700,4,'',2,2700,4,'',1,6700,4,'',2,2700,4,'',1,6700,4,'',2,2700,4,'',1,2600,4,'',1,7200,4,'',1,7100,4,'',1
'25M-H55M000A-83-A',6604,53000,,'',1,7000,,'',1,3000,,'',1,7000,,'',1,3000,,'',1,7000,,'',1,3000,,'',1,7000,,'',1,3000,,'',1,7000,,'',1,3000,,'',1,7000,,'',1,3000,,'',1,7000,,'',1,3000,,'',2,7200,,'',1,3200,,'',2,7200,,'',1,3200,,'',2,7200,,'',1,3200,,'',2,7300,,'',1,3300,,'',2,7300,,'',1,3300,,'',2,7300,,'',1,2900,,'',2,6900,,'',2,3200,,'',1,6900,,'',2,2900,,'',1,6800,,'',2,2900,,'',1,6700,,'',2,2700,,'',1,6700,,'',2,2700,,'',1,6700,,'',2,2700,,'',1,6600,,'',1
'25M-H55M000I-80-I',6603,65200,4,'',1,7400,4,'',2,3000,4,'',1,7000,4,'',2,3000,4,'',1,7000,4,'',2,3000,4,'',1,7000,4,'',2,3100,4,'',1,7000,4,'',2,3000,4,'',1,7000,4,'',1,3000,4,'',1,7000,4,'',1,3000,4,'',1,7000,4,'',1,3000,4,'',1,7100,4,'',1,3100,4,'',1,7100,4,'',1,7100,4,'',1,3100,4,'',1,7100,4,'',1,2900,4,'',1,7000,4,'',1,3000,4,'',1,6800,4,'',1,3000,4,'',1,2900,4,'',1,7000,4,'',1,3000,4,'',1,7000,4,'',1,3000,4,'',1,7000,4,'',1,2800,4,'',1,7000,4,'',1,3000,4,'',1,7100,4,'',1
'25M-H55M000I-80-I',6604,60000,,'',1,3000,,'',2,7000,,'',1,3000,,'',2,7000,,'',1,3000,,'',2,7000,,'',1,3000,,'',2,7000,,'',1,3000,,'',2,7000,,'',1,3000,,'',1,7000,,'',1,3000,,'',1,7000,,'',1,3000,,'',1,7000,,'',1,3000,,'',1,7000,,'',1,3100,,'',1,7100,,'',1,3100,,'',1,7100,,'',1,3100,,'',1,7100,,'',1,3000,,'',1,7000,,'',1,3000,,'',1,7000,,'',1,3000,,'',1,7000,,'',1,3000,,'',1,7000,,'',1,3000,,'',1,7000,,'',1,2800,,'',1,6800,,'',1,2800,,'',1
'25M-H55M000S-80-S',6603,61200,4,'',2,2700,4,'',1,7300,4,'',2,4000,4,'',1,7800,4,'',1,2100,4,'',2,6800,4,'',1,3000,4,'',1,6900,4,'',2,3000,4,'',1,7000,4,'',1,2900,4,'',2,6900,4,'',1,2900,4,'',1,6900,4,'',2,2900,4,'',1,7100,4,'',1,2900,4,'',2,7300,4,'',1,3300,4,'',1,6900,4,'',2,2900,4,'',1,6800,4,'',1,2800,4,'',2,6700,4,'',1,2500,4,'',1,6600,4,'',2,2600,4,'',1,2900,4,'',1,7100,4,'',2,3100,4,'',1,7200,4,'',2,7000,4,'',1,2900,4,'',2,3000,4,'',1,7000,4,'',2,2900,4,'',1,7000,4,'',2,3100,4,'',1,7300,4,'',2
'25M-H55M000S-80-S',6604,51200,,'',2,3100,,'',1,7100,,'',2,2700,,'',1,6600,,'',1,2700,,'',2,7000,,'',1,3000,,'',1,6900,,'',2,2900,,'',1,6800,,'',1,2800,,'',2,2800,,'',1,6900,,'',1,3000,,'',2,7000,,'',1,3000,,'',1,7000,,'',2,3000,,'',1,7000,,'',1,3000,0,'St-Mathieu / Baile',2,7000,0,'St-Mathieu / Baile',1,3000,0,'St-Mathieu / Baile',1,7000,0,'St-Mathieu / Baile',2,3000,0,'St-Mathieu / Baile',1,7000,0,'St-Mathieu / Baile',1,2800,0,'St-Mathieu / Baile',2,6700,,'',1,3200,,'',1,7300,,'',2,3300,,'',1,7200,,'',2,7200,,'',1,3100,,'',2,7000,,'',1,3000,,'',2,6900,,'',1,3000,,'',2,7000,,'',1,2900,,'',2
'25M-H55M100F-80-F1',6603,65200,4,'',1,7400,4,'',2,3000,4,'',1,7000,4,'',2,3000,4,'',1,7000,4,'',2,3000,4,'',1,7000,4,'',2,3100,4,'',1,7000,4,'',2,3000,4,'',1,7000,4,'',2,3000,4,'',1,7000,4,'',2,3000,4,'',1,7000,4,'',2,3000,4,'',1,7100,4,'',2,3100,4,'',1,7100,4,'',2,7100,4,'',1,3100,4,'',2,7100,4,'',1,2900,4,'',2,7000,4,'',1,3000,4,'',2,6800,4,'',1,3000,4,'',2,2900,4,'',1,7000,4,'',2,3000,4,'',1,7000,4,'',2,3000,4,'',1,7000,4,'',2,2800,4,'',1,7000,4,'',2,3000,4,'',1,7100,4,'',2
'25M-H55M100F-80-F1',6604,60000,,'',1,3000,,'',2,7000,,'',1,3000,,'',2,7000,,'',1,3000,,'',2,7000,,'',1,3000,,'',2,7000,,'',1,3000,,'',2,7000,,'',1,3000,,'',2,7000,,'',1,3000,,'',2,7000,,'',1,3000,,'',2,7000,,'',1,3000,,'',2,7000,,'',1,3100,,'',2,7100,,'',1,3100,,'',2,7100,,'',1,3100,,'',2,7100,,'',1,3000,,'',2,7000,,'',1,3000,,'',2,7000,,'',1,3000,,'',2,7000,,'',1,3000,,'',2,7000,,'',1,3000,,'',2,7000,,'',1,2800,,'',2,6800,,'',1,2800,,'',2
'25M-H55M200F-80-F2',6603,65200,4,'',1,7400,4,'',2,3000,4,'',1,7000,4,'',2,3000,4,'',1,7000,4,'',2,3000,4,'',1,7000,4,'',2,3100,4,'',1,7000,4,'',2,3000,4,'',1,7000,4,'',2,3000,4,'',1,7000,4,'',2,3000,4,'',1,7000,4,'',2,3000,4,'',1,7100,4,'',2,3100,4,'',1,7100,4,'',2,7100,4,'',1,3100,4,'',2,7100,4,'',1,2900,4,'',2,7000,4,'',1,3000,4,'',2,6800,4,'',1,3000,4,'',2,2900,4,'',1,7000,4,'',2,3000,4,'',1,7000,4,'',2,3000,4,'',1,7000,4,'',2,2800,4,'',1,7000,4,'',2,3000,4,'',1,7100,4,'',2
'25M-H55M200F-80-F2',6604,60000,,'',1,3000,,'',2,7000,,'',1,3000,,'',2,7000,,'',1,3000,,'',2,7000,,'',1,3000,,'',2,7000,,'',1,3000,,'',2,7000,,'',1,3000,,'',2,7000,,'',1,3000,,'',2,7000,,'',1,3000,,'',2,7000,,'',1,3000,,'',2,7000,,'',1,3100,,'',2,7100,,'',1,3100,,'',2,7100,,'',1,3100,,'',2,7100,,'',1,3000,,'',2,7000,,'',1,3000,,'',2,7000,,'',1,3000,,'',2,7000,,'',1,3000,,'',2,7000,,'',1,3000,,'',2,7000,,'',1,2800,,'',2,6800,,'',1,2800,,'',2
'25M-H55M300F-80-F3',6603,65200,4,'',1,7400,4,'',2,3000,4,'',1,7000,4,'',2,3000,4,'',1,7000,4,'',2,3000,4,'',1,7000,4,'',2,3100,4,'',1,7000,4,'',2,3000,4,'',1,7000,4,'',1,3000,4,'',1,7000,4,'',1,3000,4,'',1,7000,4,'',1,3000,4,'',1,7100,4,'',1,3100,4,'',1,7100,4,'',1,7100,4,'',1,3100,4,'',1,7100,4,'',1,2900,4,'',1,7000,4,'',1,3000,4,'',1,6800,4,'',1,3000,4,'',1,2900,4,'',1,7000,4,'',1,3000,4,'',1,7000,4,'',1,3000,4,'',1,7000,4,'',1,2800,4,'',1,7000,4,'',1,3000,4,'',1,7100,4,'',1
'25M-H55M300F-80-F3',6604,60000,,'',1,3000,,'',2,7000,,'',1,3000,,'',2,7000,,'',1,3000,,'',2,7000,,'',1,3000,,'',2,7000,,'',1,3000,,'',2,7000,,'',1,3000,,'',1,7000,,'',1,3000,,'',1,7000,,'',1,3000,,'',1,7000,,'',1,3000,,'',1,7000,,'',1,3100,,'',1,7100,,'',1,3100,,'',1,7100,,'',1,3100,,'',1,7100,,'',1,3000,,'',1,7000,,'',1,3000,,'',1,7000,,'',1,3000,,'',1,7000,,'',1,3000,,'',1,7000,,'',1,3000,,'',1,7000,,'',1,2800,,'',1,6800,,'',1,2800,,'',1
