3103,'H51U000A-83-A',552,,226034,30,0,8,1,75,,226038,30,0,8,1,77,,226035,30,0,8,1,36,,226039,30,0,8,1,76,,226036,30,0,8,1,40,,226040,30,0,8,1,76,,226037,30,0,8,1,75,,226059,30,0,8,2,36,,226041,30,0,8,1,77,,226050,30,0,8,1,36,,226060,30,0,8,2,76,,226042,30,0,8,1,75,,226051,30,0,8,1,35,,226061,30,0,8,2,74,,226043,30,0,8,1,33,,226052,30,0,8,1,73,,226062,30,0,8,2,33,,226044,30,0,8,1,73,,226053,30,0,8,1,73,,226063,30,0,8,2,33,,226045,30,0,8,1,71,,226054,30,0,8,1,33,,226064,30,0,8,2,71,,226046,30,0,8,1,31,,226055,30,0,8,1,73,,226065,30,0,8,2,33,,226047,30,0,8,1,73,,226056,30,0,8,1,32,,226066,30,0,8,2,72,,226048,30,0,8,1,33,,226057,30,0,8,1,73,,226067,30,0,8,2,73,,226049,30,0,8,1,33,,226058,30,0,8,1,73,,226068,30,0,8,2
3103,'H51U000I-83-I',552,,226069,30,0,8,2,78,,226082,30,0,8,1,78,,226070,30,0,8,2,37,,226083,30,0,8,1,77,,226071,30,0,8,2,78,,226084,30,0,8,1,38,,226072,30,0,8,2,79,,226085,30,0,8,1,38,,226073,30,0,8,2,80,,226086,30,0,8,1,81,,226074,30,0,8,2,36,,226095,30,0,8,1,73,,226087,30,0,8,1,34,,226075,30,0,8,2,73,,226096,30,0,8,1,73,,226088,30,0,8,1,33,,226076,30,0,8,2,73,,226097,30,0,8,1,32,,226089,30,0,8,1,73,,226077,30,0,8,2,33,,226098,30,0,8,1,72,,226090,30,0,8,1,33,,226078,30,0,8,2,72,,226099,30,0,8,1,33,,226091,30,0,8,1,72,,226079,30,0,8,2,73,,226100,30,0,8,1,33,,226092,30,0,8,1,72,,226080,30,0,8,2,30,,226101,30,0,8,1,69,,226093,30,0,8,1,30,,226081,30,0,8,2,70,,226102,30,0,8,1,29,,226094,30,0,8,1
3103,'H51U000S-83-S',554,,226103,30,0,8,1,70,,226128,30,0,8,1,30,,226116,30,0,8,2,74,,226104,30,0,8,1,31,,226129,30,0,8,1,70,,226117,30,0,8,2,72,,226105,30,0,8,1,32,,226130,30,0,8,1,71,,226118,30,0,8,2,30,,226106,30,0,8,1,72,,226131,30,0,8,1,31,,226119,30,0,8,2,71,,226107,30,0,8,1,30,,226132,30,0,8,1,70,,226120,30,0,8,2,31,,226108,30,0,8,1,72,,226133,30,0,8,1,31,,226121,30,0,8,2,74,,226109,30,0,8,1,33,,226134,30,0,8,1,74,,226122,30,0,8,2,29,,226136,30,0,8,2,68,,226110,30,0,8,1,26,,226135,30,0,8,1,64,,226123,30,0,8,2,32,,226137,30,0,8,2,69,,226111,30,0,8,1,32,,226124,30,0,8,2,70,,226138,30,0,8,2,30,,226112,30,0,8,1,69,,226125,30,0,8,2,30,,226139,30,0,8,2,70,,226113,30,0,8,1,30,,226126,30,0,8,2,68,,226140,30,0,8,2,29,,226114,30,0,8,1,70,,226127,30,0,8,2,30,,226141,30,0,8,2,70,,226115,30,0,8,1
3103,'H51U100F-80-F1',552,,226142,30,0,8,2,78,,226155,30,0,8,1,78,,226143,30,0,8,2,37,,226156,30,0,8,1,77,,226144,30,0,8,2,78,,226157,30,0,8,1,38,,226145,30,0,8,2,79,,226158,30,0,8,1,38,,226146,30,0,8,2,80,,226159,30,0,8,1,81,,226147,30,0,8,2,36,,226168,30,0,8,1,73,,226160,30,0,8,1,34,,226148,30,0,8,2,73,,226169,30,0,8,1,73,,226161,30,0,8,1,33,,226149,30,0,8,2,73,,226170,30,0,8,1,32,,226162,30,0,8,1,73,,226150,30,0,8,2,33,,226171,30,0,8,1,72,,226163,30,0,8,1,33,,226151,30,0,8,2,72,,226172,30,0,8,1,33,,226164,30,0,8,1,72,,226152,30,0,8,2,73,,226173,30,0,8,1,33,,226165,30,0,8,1,72,,226153,30,0,8,2,30,,226174,30,0,8,1,69,,226166,30,0,8,1,30,,226154,30,0,8,2,70,,226175,30,0,8,1,29,,226167,30,0,8,1
3103,'H51U200F-80-F2',552,,226176,30,0,8,2,78,,226189,30,0,8,1,78,,226177,30,0,8,2,37,,226190,30,0,8,1,77,,226178,30,0,8,2,78,,226191,30,0,8,1,38,,226179,30,0,8,2,79,,226192,30,0,8,1,38,,226180,30,0,8,2,80,,226193,30,0,8,1,81,,226181,30,0,8,2,36,,226202,30,0,8,1,73,,226194,30,0,8,1,34,,226182,30,0,8,2,73,,226203,30,0,8,1,73,,226195,30,0,8,1,33,,226183,30,0,8,2,73,,226204,30,0,8,1,32,,226196,30,0,8,1,73,,226184,30,0,8,2,33,,226205,30,0,8,1,72,,226197,30,0,8,1,33,,226185,30,0,8,2,72,,226206,30,0,8,1,33,,226198,30,0,8,1,72,,226186,30,0,8,2,73,,226207,30,0,8,1,33,,226199,30,0,8,1,72,,226187,30,0,8,2,30,,226208,30,0,8,1,69,,226200,30,0,8,1,30,,226188,30,0,8,2,70,,226209,30,0,8,1,29,,226201,30,0,8,1
36103,'H51U000A-83-A',2541,,277220,43,0,8,2,9,,277195,43,0,8,1,50,,277197,43,0,8,1,10,,277215,43,0,8,2,5,,277209,43,0,8,2,6,,277191,43,0,8,1,5,,277189,43,0,8,1,5,,277193,43,0,8,2,4,,277202,43,0,8,1,6,,277206,43,0,8,2,7,,277217,43,0,8,2,9,,277200,43,0,8,1,45,,277213,43,0,8,1,5,,277218,43,0,8,1,6,,277211,43,0,8,1,5,,277187,43,0,8,1,5,,277212,43,0,8,2,3,,277208,43,0,8,2,3,,277196,43,0,8,1,3,,277204,43,0,8,1,4,,277216,43,0,8,2,4,,277210,43,0,8,2,4,,277192,43,0,8,1,3,,277198,43,0,8,1,5,,277190,43,0,8,1,6,,277188,43,0,8,1,46,,277203,43,0,8,1,6,,277207,43,0,8,2,4,,277194,43,0,8,2,8,,277201,43,0,8,1,10,,277219,43,0,8,1,10,,277214,43,0,8,1,11,,277205,43,0,8,1,54,,277199,43,0,8,1
36103,'H51U000I-83-I',2520,,277225,43,0,8,2,28,,277224,43,0,8,1,61,,277221,43,0,8,2,39,,277226,43,0,8,2,85,,277222,43,0,8,1,85,,277227,43,0,8,2,85,,277223,43,0,8,1
36103,'H51U000S-83-S',2519,,277239,43,0,8,1,23,,277228,43,0,8,1,16,,277243,37,0,8,2,1,,277237,43,0,8,1,57,,277231,43,0,8,1,11,,277236,43,0,8,2,15,,277230,43,0,8,1,13,,277240,43,0,8,1,54,,277233,43,0,8,1,11,,277234,43,0,8,1,8,,277229,43,0,8,1,7,,277242,43,0,8,2,13,,277238,43,0,8,1,8,,277232,43,0,8,1,63,,277241,43,0,8,1,85,,277235,43,0,8,1
36103,'H51U000S-83-SV',2525,,277244,43,0,8,2,5,,277247,43,0,8,2,7,,277248,43,0,8,2,11,,277250,43,0,8,2,6,,277252,43,0,8,2,51,,277253,43,0,8,2,5,,277254,43,0,8,2,9,,277255,43,0,8,2,4,,277257,43,0,8,2,8,,277258,43,0,8,2,6,,277260,43,0,8,2,12,,277245,43,0,8,2,10,,277249,43,0,8,2,54,,277251,43,0,8,2,28,,277256,43,0,8,2,59,,277261,43,0,8,2,4,,277259,43,0,8,2,9,,277246,43,0,8,2
36103,'H51U100F-80-F1',2520,,277266,43,0,8,2,28,,277263,43,0,8,1,61,,277262,43,0,8,2,39,,277267,43,0,8,2,85,,277264,43,0,8,1,85,,277268,43,0,8,2,85,,277265,43,0,8,1
36103,'H51U200F-80-F2',2520,,277273,43,0,8,2,28,,277270,43,0,8,1,61,,277269,43,0,8,2,39,,277274,43,0,8,2,85,,277271,43,0,8,1,85,,277275,43,0,8,2,85,,277272,43,0,8,1
