20002,'H60U000A-85-A',646,,270474,16,0,10,1,68,,270454,16,0,10,1,28,,270464,16,0,10,2,69,,270475,16,0,10,1,29,,270455,16,0,10,1,69,,270465,16,0,10,2,28,,270476,16,0,10,1,70,,270456,16,0,10,1,31,,270466,16,0,10,2,68,,270477,16,0,10,1,31,,270457,16,0,10,1,69,,270467,16,0,10,2,33,,270478,16,0,10,1,70,,270458,16,0,10,1,30,,270468,16,0,10,2,71,,270479,16,0,10,1,30,,270459,16,0,10,1,71,,270469,16,0,10,2,31,,270480,16,0,10,1,71,,270460,16,0,10,1,29,,270470,16,0,10,2,70,,270481,16,0,10,1,31,,270461,16,0,10,1,69,,270471,16,0,10,2,29,,270482,16,0,10,1,69,,270462,16,0,10,1,28,,270472,16,0,10,2,70,,270483,16,0,10,1,31,,270463,16,0,10,1,69,,270473,16,0,10,2,29,,270484,16,0,10,1
20002,'H60U000I-84-I',712,,270504,16,0,10,1,29,,270494,16,0,10,2,67,,270485,16,0,10,2,30,,270505,16,0,10,1,70,,270495,16,0,10,2,28,,270486,16,0,10,2,69,,270506,16,0,10,1,31,,270496,16,0,10,2,70,,270487,16,0,10,2,30,,270507,16,0,10,1,71,,270497,16,0,10,2,32,,270488,16,0,10,2,72,,270508,16,0,10,1,31,,270498,16,0,10,2,70,,270489,16,0,10,2,30,,270509,16,0,10,1,70,,270499,16,0,10,2,30,,270490,16,0,10,2,69,,270510,16,0,10,1,31,,270500,16,0,10,2,70,,270491,16,0,10,2,29,,270511,16,0,10,1,69,,270501,16,0,10,2,28,,270492,16,0,10,2,69,,270512,16,0,10,1,30,,270502,16,0,10,2,73,,270493,16,0,10,2,30,,270513,16,0,10,1,70,,270503,16,0,10,2
20002,'H60U000S-86-S',554,,270514,16,0,10,2,61,,270523,16,0,10,1,21,,270540,16,0,10,2,21,,270517,16,0,10,1,62,,270515,16,0,10,2,24,,270524,16,0,10,1,62,,270541,16,0,10,2,25,,270518,16,0,10,1,26,,270516,16,0,10,2,64,,270525,16,0,10,1,28,,270534,16,0,10,1,67,,270519,16,0,10,1,30,,270526,16,0,10,1,70,,270535,16,0,10,1,32,,270520,16,0,10,1,69,,270527,16,0,10,1,29,,270536,16,0,10,1,71,,270521,16,0,10,1,33,,270528,16,0,10,1,70,,270537,16,0,10,1,32,,270522,16,0,10,1,71,,270529,16,0,10,1,29,,270538,16,0,10,1,61,,270545,16,0,10,1,20,,270550,16,0,10,2,14,,270555,16,0,10,2,54,,270530,16,0,10,1,12,,270539,16,0,10,1,12,,270554,16,0,10,2,13,,270544,16,0,10,2,12,,270546,16,0,10,1,55,,270551,16,0,10,2,16,,270542,16,0,10,1,16,,270531,16,0,10,1,16,,270543,16,0,10,2,61,,270547,16,0,10,1,24,,270552,16,0,10,2,68,,270532,16,0,10,1,31,,270548,16,0,10,1,70,,270553,16,0,10,2,30,,270533,16,0,10,1,70,,270549,16,0,10,1
20002,'H60U100F-85-F1',712,,270575,16,0,10,1,29,,270556,16,0,10,2,67,,270566,16,0,10,2,30,,270576,16,0,10,1,70,,270557,16,0,10,2,28,,270567,16,0,10,2,69,,270577,16,0,10,1,31,,270558,16,0,10,2,70,,270568,16,0,10,2,30,,270578,16,0,10,1,71,,270559,16,0,10,2,32,,270569,16,0,10,2,72,,270579,16,0,10,1,31,,270560,16,0,10,2,70,,270570,16,0,10,2,30,,270580,16,0,10,1,70,,270561,16,0,10,2,30,,270571,16,0,10,2,69,,270581,16,0,10,1,31,,270562,16,0,10,2,70,,270572,16,0,10,2,29,,270582,16,0,10,1,69,,270563,16,0,10,2,28,,270573,16,0,10,2,69,,270583,16,0,10,1,30,,270564,16,0,10,2,73,,270574,16,0,10,2,30,,270584,16,0,10,1,70,,270565,16,0,10,2
20002,'H60U200F-83-F2',712,,270604,16,0,10,1,29,,270585,16,0,10,2,67,,270595,16,0,10,2,30,,270605,16,0,10,1,70,,270586,16,0,10,2,28,,270596,16,0,10,2,69,,270606,16,0,10,1,31,,270587,16,0,10,2,70,,270597,16,0,10,2,30,,270607,16,0,10,1,71,,270588,16,0,10,2,32,,270598,16,0,10,2,72,,270608,16,0,10,1,31,,270589,16,0,10,2,70,,270599,16,0,10,2,30,,270609,16,0,10,1,70,,270590,16,0,10,2,30,,270600,16,0,10,2,69,,270610,16,0,10,1,31,,270591,16,0,10,2,70,,270601,16,0,10,2,29,,270611,16,0,10,1,69,,270592,16,0,10,2,28,,270602,16,0,10,2,69,,270612,16,0,10,1,30,,270593,16,0,10,2,73,,270603,16,0,10,2,30,,270613,16,0,10,1,70,,270594,16,0,10,2
20104,'H60U000A-85-A',843,,270733,20,0,9,1,70,,270744,20,0,9,2,30,,270734,20,0,9,1,70,,270745,20,0,9,2,29,,270735,20,0,9,1,70,,270746,20,0,9,2,30,,270736,20,0,9,1,70,,270747,20,0,9,2,30,,270737,20,0,9,1,70,,270748,20,0,9,2,30,,270738,20,0,9,1,71,,270749,20,0,9,2,31,,270743,20,0,9,1,70,,270750,20,0,9,2,30,,270739,20,0,9,1,70,,270751,20,0,9,2,30,,270740,20,0,9,1,70,,270752,20,0,9,2,29,,270741,20,0,9,1,70,,270753,20,0,9,2,30,,270742,20,0,9,1,70,,270754,20,0,9,2
20104,'H60U000I-84-I',842,,270766,20,0,9,1,70,,270755,20,0,9,2,30,,270767,20,0,9,1,71,,270756,20,0,9,2,29,,270768,20,0,9,1,70,,270757,20,0,9,2,30,,270769,20,0,9,1,70,,270758,20,0,9,2,30,,270770,20,0,9,1,70,,270759,20,0,9,2,30,,270771,20,0,9,1,71,,270760,20,0,9,2,31,,270772,20,0,9,1,70,,270761,20,0,9,2,30,,270773,20,0,9,1,70,,270762,20,0,9,2,30,,270774,20,0,9,1,70,,270763,20,0,9,2,29,,270775,20,0,9,1,70,,270764,20,0,9,2,30,,270776,20,0,9,1,70,,270765,20,0,9,2
20104,'H60U000S-86-S',613,,270793,20,0,9,2,29,,270777,20,0,9,1,67,,270794,20,0,9,2,34,,270778,20,0,9,1,73,,270795,20,0,9,2,32,,270779,20,0,9,1,71,,270796,20,0,9,2,31,,270780,20,0,9,1,71,,270797,20,0,9,2,31,,270781,20,0,9,1,71,,270798,20,0,9,2,31,,270782,20,0,9,1,70,,270799,20,0,9,2,31,,270783,20,0,9,1,71,,270800,20,0,9,2,31,,270784,20,0,9,1,67,,270801,20,0,9,2,28,,270785,20,0,9,1,68,,270802,20,0,9,2,26,,270786,20,0,9,1,72,,270803,20,0,9,2,25,,270787,20,0,9,1,70,,270804,20,0,9,2,32,,270788,20,0,9,1,71,,270805,20,0,9,2,30,,270789,20,0,9,1,70,,270806,20,0,9,2,29,,270790,20,0,9,1,69,,270807,20,0,9,2,30,,270791,20,0,9,1,69,,270808,20,0,9,2,31,,270792,20,0,9,1
20104,'H60U100F-85-F1',842,,270820,20,0,9,2,70,,270809,20,0,9,1,30,,270821,20,0,9,2,71,,270810,20,0,9,1,29,,270822,20,0,9,2,70,,270811,20,0,9,1,30,,270824,20,0,9,2,70,,270812,20,0,9,1,30,,270823,20,0,9,2,70,,270813,20,0,9,1,30,,270825,20,0,9,2,71,,270814,20,0,9,1,31,,270826,20,0,9,2,70,,270816,20,0,9,1,30,,270827,20,0,9,2,70,,270817,20,0,9,1,30,,270828,20,0,9,2,70,,270815,20,0,9,1,29,,270829,20,0,9,2,70,,270818,20,0,9,1,30,,270830,20,0,9,2,70,,270819,20,0,9,1
20104,'H60U200F-83-F2',842,,270842,20,0,9,2,70,,270831,20,0,9,1,30,,270843,20,0,9,2,71,,270832,20,0,9,1,29,,270844,20,0,9,2,70,,270833,20,0,9,1,30,,270846,20,0,9,2,70,,270834,20,0,9,1,30,,270845,20,0,9,2,70,,270835,20,0,9,1,30,,270847,20,0,9,2,71,,270836,20,0,9,1,31,,270848,20,0,9,2,70,,270838,20,0,9,1,30,,270849,20,0,9,2,70,,270839,20,0,9,1,30,,270850,20,0,9,2,70,,270837,20,0,9,1,29,,270851,20,0,9,2,70,,270840,20,0,9,1,30,,270852,20,0,9,2,70,,270841,20,0,9,1
38202,'H60U000A-85-A',2643,,278033,97,0,10,2,85,,278034,97,0,10,1,85,,278032,97,0,10,1,45,,278035,97,0,10,1
38202,'H60U000I-84-I',2644,,278036,97,0,10,1,84,,278039,97,0,10,1,84,,278037,97,0,10,1,45,,278038,97,0,10,1
38202,'H60U000S-86-S',2645,,278043,97,0,10,2,84,,278042,97,0,10,1,84,,278041,97,0,10,1,45,,278040,97,0,10,1
38202,'H60U100F-85-F1',2644,,278044,97,0,10,1,84,,278047,97,0,10,2,84,,278045,97,0,10,1,45,,278046,97,0,10,1
38202,'H60U200F-83-F2',2644,,278048,97,0,10,1,84,,278051,97,0,10,2,84,,278049,97,0,10,1,45,,278050,97,0,10,1
