6902,'H50M000A-81-A',518,,190207,36,0,10,2,28,,190202,36,0,10,1,71,,190137,36,0,10,2,28,,190204,36,0,10,1,61,,190150,36,0,10,2,15,,190208,36,0,10,2,15,,190157,36,0,10,1,15,,190203,36,0,10,1,55,,190143,36,0,10,2,15,,190138,36,0,10,2,15,,190165,36,0,10,1,15,,190205,36,0,10,1,55,,190169,36,0,10,1,15,,190151,36,0,10,2,15,,190172,36,0,10,2,14,,190158,36,0,10,1,55,,190173,36,0,10,1,14,,190144,36,0,10,2,15,,190176,36,0,10,1,16,,190139,36,0,10,2,56,,190166,36,0,10,1,16,,190170,36,0,10,1,14,,190206,36,0,10,1,13,,190152,36,0,10,2,54,,190159,36,0,10,1,14,,190177,36,0,10,1,12,,190174,36,0,10,1,12,,190180,36,0,10,1,12,,190145,36,0,10,2,52,,190140,36,0,10,2,11,,190183,36,0,10,1,11,,190167,36,0,10,1,10,,190186,36,0,10,1,10,,190171,36,0,10,1,10,,190192,36,0,10,1,51,,190153,36,0,10,2,10,,190160,36,0,10,1,10,,190195,36,0,10,2,11,,190178,36,0,10,1,10,,190175,36,0,10,1,10,,190181,36,0,10,1,50,,190146,36,0,10,2,10,,190201,36,0,10,1,10,,190141,36,0,10,2,10,,190184,36,0,10,1,10,,190168,36,0,10,1,10,,190187,36,0,10,1,54,,190193,36,0,10,1,16,,190154,36,0,10,2,15,,190196,36,0,10,2,15,,190179,36,0,10,1,56,,190182,36,0,10,1,15,,190147,36,0,10,2,15,,190142,36,0,10,2,55,,190185,36,0,10,1,14,,190188,36,0,10,1,14,,190194,36,0,10,1,16,,190155,36,0,10,2,60,,190197,36,0,10,2,25,,190161,36,0,10,1,28,,190148,36,0,10,2,69,,190189,36,0,10,1,27,,190156,36,0,10,2,66,,190198,36,0,10,2,29,,190162,36,0,10,1,70,,190149,36,0,10,2,32,,190190,36,0,10,1,73,,190199,36,0,10,2,30,,190163,36,0,10,1,69,,190209,36,0,10,1,28,,190191,36,0,10,1,71,,190200,36,0,10,2,30,,190164,36,0,10,1
6902,'H50M000I-81-I',528,,190264,36,0,10,1,24,,190268,36,0,10,1,64,,190260,36,0,10,1,24,,190215,36,0,10,1,62,,190263,36,0,10,1,21,,190228,36,0,10,2,21,,190265,36,0,10,1,60,,190210,36,0,10,2,20,,190261,36,0,10,1,20,,190220,36,0,10,2,62,,190216,36,0,10,1,20,,190229,36,0,10,2,20,,190231,36,0,10,1,60,,190266,36,0,10,1,20,,190211,36,0,10,2,17,,190236,36,0,10,1,15,,190221,36,0,10,2,54,,190262,36,0,10,1,14,,190217,36,0,10,1,15,,190240,36,0,10,1,15,,190230,36,0,10,2,56,,190232,36,0,10,1,15,,190237,36,0,10,1,15,,190212,36,0,10,2,15,,190242,36,0,10,1,56,,190222,36,0,10,2,15,,190244,36,0,10,1,15,,190218,36,0,10,1,15,,190250,36,0,10,2,55,,190241,36,0,10,1,15,,190233,36,0,10,1,15,,190238,36,0,10,1,15,,190213,36,0,10,2,54,,190243,36,0,10,1,15,,190223,36,0,10,2,15,,190245,36,0,10,1,58,,190219,36,0,10,1,21,,190251,36,0,10,2,21,,190234,36,0,10,1,59,,190239,36,0,10,1,21,,190214,36,0,10,2,20,,190224,36,0,10,2,60,,190246,36,0,10,1,20,,190267,36,0,10,2,20,,190252,36,0,10,2,62,,190235,36,0,10,1,27,,190256,36,0,10,1,69,,190225,36,0,10,2,28,,190247,36,0,10,1,29,,190253,36,0,10,2,69,,190258,36,0,10,1,27,,190257,36,0,10,1,67,,190226,36,0,10,2,29,,190248,36,0,10,1,70,,190254,36,0,10,2,31,,190259,36,0,10,1,70,,190227,36,0,10,2,31,,190249,36,0,10,1,72,,190255,36,0,10,2
6902,'H50M000S-81-S',520,,190270,36,0,10,2,17,,190277,36,0,10,2,15,,190291,36,0,10,2,52,,190296,36,0,10,1,12,,190300,36,0,10,2,13,,190282,36,0,10,1,12,,190305,36,0,10,2,11,,190315,36,0,10,1,51,,190298,36,0,10,1,22,,190323,36,0,10,2,11,,190271,36,0,10,2,10,,190328,36,0,10,1,10,,190278,36,0,10,2,48,,190330,36,0,10,2,9,,190292,36,0,10,2,8,,190322,36,0,10,1,8,,190341,36,0,10,1,9,,190297,36,0,10,1,9,,190301,36,0,10,2,9,,190283,36,0,10,1,48,,190284,36,0,10,1,10,,190306,36,0,10,2,9,,190316,36,0,10,1,9,,190310,36,0,10,2,9,,190299,36,0,10,1,10,,190335,36,0,10,1,52,,190324,36,0,10,2,9,,190329,36,0,10,1,10,,190338,36,0,10,2,10,,190279,36,0,10,2,11,,190331,36,0,10,2,60,,190342,36,0,10,1,8,,190293,36,0,10,2,9,,190317,36,0,10,1,10,,190302,36,0,10,2,11,,190285,36,0,10,1,10,,190307,36,0,10,2,51,,190311,36,0,10,2,14,,190336,36,0,10,1,14,,190325,36,0,10,2,14,,190339,36,0,10,2,14,,190280,36,0,10,2,54,,190332,36,0,10,2,15,,190343,36,0,10,1,11,,190347,36,0,10,1,10,,190294,36,0,10,2,10,,190318,36,0,10,1,50,,190303,36,0,10,2,10,,190286,36,0,10,1,10,,190308,36,0,10,2,11,,190312,36,0,10,2,10,,190337,36,0,10,1,8,,190326,36,0,10,2,54,,190350,36,0,10,1,7,,190340,36,0,10,2,6,,190272,36,0,10,2,8,,190281,36,0,10,2,7,,190333,36,0,10,2,8,,190356,36,0,10,1,9,,190344,36,0,10,1,49,,190352,36,0,10,1,8,,190348,36,0,10,1,8,,190295,36,0,10,2,9,,190319,36,0,10,1,12,,190304,36,0,10,2,12,,190287,36,0,10,1,53,,190309,36,0,10,2,12,,190313,36,0,10,2,12,,190327,36,0,10,2,14,,190351,36,0,10,1,55,,190273,36,0,10,2,15,,190334,36,0,10,2,17,,190345,36,0,10,1,16,,190349,36,0,10,1,59,,190320,36,0,10,1,22,,190288,36,0,10,1,24,,190314,36,0,10,2,68,,190274,36,0,10,2,29,,190346,36,0,10,1,71,,190321,36,0,10,1,30,,190289,36,0,10,1,68,,190355,36,0,10,2,27,,190275,36,0,10,2,70,,190353,36,0,10,1,33,,190269,36,0,10,1,70,,190290,36,0,10,1,33,,190276,36,0,10,2,72,,190354,36,0,10,1
6902,'H54M000S-81-S',714,,190357,36,0,10,2,790,,190358,36,0,10,2
6902,'H58M000S-80-S',1054,,190359,36,0,10,1
38002,'H50M000A-81-A',2633,,214986,46,0,10,1,86,,214984,46,0,10,1,83,,214983,46,0,10,2,45,,214985,46,0,10,1
38002,'H50M000I-81-I',2615,,214987,46,0,10,1,42,,214992,46,0,10,1,88,,214989,46,0,10,1,89,,214993,46,0,10,1,19,,214991,46,0,10,1,55,,214988,46,0,10,1,12,,214990,46,0,10,1
38002,'H50M000S-81-S',2615,,214994,46,0,10,1,42,,214996,46,0,10,2,89,,214999,46,0,10,1,93,,214997,46,0,10,2,15,,214995,46,0,10,1,69,,214998,46,0,10,2
38002,'H54M000I-81-I',2914,,215000,46,0,10,1
38002,'H54M000S-81-S',2902,,215001,46,0,10,1,7,,215002,46,0,10,1
