3401,'H59M000A-70-A',527,,95939,13,0,5,1,77,,95938,13,0,5,1,29,,95940,13,0,5,1,69,,95923,13,0,5,1,29,,95941,13,0,5,1,69,,95924,13,0,5,1,29,,95942,13,0,5,1,29,,95925,13,0,5,1,69,,95943,13,0,5,1,30,,95926,13,0,5,1,70,,95944,13,0,5,1,31,,95927,13,0,5,1,69,,95945,13,0,5,1,29,,95928,13,0,5,1,72,,95946,13,0,5,1,29,,95929,13,0,5,1,72,,95947,13,0,5,1,29,,95930,13,0,5,1,72,,95948,13,0,5,1,29,,95931,13,0,5,1,72,,95949,13,0,5,1,71,,95932,13,0,5,1,32,,95950,13,0,5,1,71,,95933,13,0,5,1,32,,95951,13,0,5,1,71,,95934,13,0,5,1,31,,95952,13,0,5,1,70,,95935,13,0,5,1,26,,95953,13,0,5,1,65,,95936,13,0,5,1,25,,95954,13,0,5,1,28,,95937,13,0,5,1,68,,95955,13,0,5,1,25,,95956,13,0,5,2,66,,95918,13,0,5,1,25,,95957,13,0,5,2,64,,95919,13,0,5,1,24,,95958,13,0,5,2,24,,95920,13,0,5,1,64,,95959,13,0,5,2,23,,95921,13,0,5,1,64,,95960,13,0,5,2,24,,95922,13,0,5,1,24,,95961,13,0,5,2
3401,'H59M000I-70-I',526,,95982,13,0,5,1,77,,95962,13,0,5,1,29,,95983,13,0,5,1,69,,95963,13,0,5,1,29,,95984,13,0,5,1,29,,95964,13,0,5,1,70,,95985,13,0,5,1,29,,95965,13,0,5,1,69,,95986,13,0,5,1,29,,95966,13,0,5,1,69,,95987,13,0,5,1,28,,95967,13,0,5,1,70,,95988,13,0,5,1,31,,95968,13,0,5,1,69,,95989,13,0,5,1,31,,95969,13,0,5,1,69,,95990,13,0,5,1,31,,95970,13,0,5,1,70,,95991,13,0,5,1,30,,95971,13,0,5,1,70,,95992,13,0,5,1,30,,95972,13,0,5,1,71,,95993,13,0,5,1,30,,95973,13,0,5,1,70,,95994,13,0,5,1,30,,95974,13,0,5,1,71,,95995,13,0,5,1,30,,95975,13,0,5,1,70,,95996,13,0,5,1,30,,95976,13,0,5,1,70,,95997,13,0,5,1,30,,95977,13,0,5,1,70,,95998,13,0,5,1,30,,95978,13,0,5,1,69,,95999,13,0,5,2,30,,95979,13,0,5,1,69,,96000,13,0,5,2,29,,95980,13,0,5,1,68,,96001,13,0,5,2,29,,95981,13,0,5,1,69,,96002,13,0,5,2
3401,'H59M000S-70-S',502,,96010,13,0,5,1,30,,96023,13,0,5,1,72,,96011,13,0,5,1,26,,96024,13,0,5,1,15,,96029,13,0,5,1,11,,96003,13,0,5,1,51,,96012,13,0,5,1,11,,96036,13,0,5,2,12,,96025,13,0,5,1,13,,96038,13,0,5,1,14,,96030,13,0,5,1,56,,96004,13,0,5,1,24,,96037,13,0,5,2,71,,96031,13,0,5,1,31,,96005,13,0,5,1,72,,96032,13,0,5,1,30,,96006,13,0,5,1,70,,96033,13,0,5,1,31,,96007,13,0,5,1,71,,96034,13,0,5,1,30,,96008,13,0,5,1,71,,96035,13,0,5,1,32,,96009,13,0,5,1,65,,96039,13,0,5,1,23,,96013,13,0,5,1,66,,96026,13,0,5,2,26,,96040,13,0,5,1,27,,96014,13,0,5,1,63,,96027,13,0,5,2,19,,96052,13,0,5,2,19,,96041,13,0,5,1,60,,96015,13,0,5,1,20,,96028,13,0,5,2,17,,96042,13,0,5,1,55,,96053,13,0,5,2,16,,96044,13,0,5,2,19,,96016,13,0,5,1,62,,96043,13,0,5,1,24,,96045,13,0,5,2,28,,96017,13,0,5,1,70,,96046,13,0,5,2,30,,96018,13,0,5,1,70,,96047,13,0,5,2,30,,96019,13,0,5,1,70,,96048,13,0,5,2,30,,96020,13,0,5,1,69,,96049,13,0,5,2,28,,96021,13,0,5,1,68,,96050,13,0,5,2,28,,96022,13,0,5,1,64,,96051,13,0,5,2
3401,'H59M100F-70-F1',526,,96074,13,0,5,1,77,,96054,13,0,5,1,29,,96075,13,0,5,1,69,,96055,13,0,5,1,29,,96076,13,0,5,1,29,,96056,13,0,5,1,70,,96077,13,0,5,1,29,,96057,13,0,5,1,69,,96078,13,0,5,1,29,,96058,13,0,5,1,69,,96079,13,0,5,1,28,,96059,13,0,5,1,70,,96080,13,0,5,1,31,,96060,13,0,5,1,69,,96081,13,0,5,1,31,,96061,13,0,5,1,69,,96085,13,0,5,1,31,,96063,13,0,5,1,70,,96082,13,0,5,1,30,,96062,13,0,5,1,70,,96083,13,0,5,1,30,,96064,13,0,5,1,71,,96084,13,0,5,1,30,,96065,13,0,5,1,70,,96086,13,0,5,1,30,,96067,13,0,5,1,71,,96087,13,0,5,1,30,,96066,13,0,5,1,70,,96088,13,0,5,1,30,,96068,13,0,5,1,70,,96089,13,0,5,1,30,,96069,13,0,5,1,70,,96090,13,0,5,1,30,,96070,13,0,5,1,69,,96091,13,0,5,2,30,,96071,13,0,5,1,69,,96092,13,0,5,2,29,,96072,13,0,5,1,68,,96093,13,0,5,2,29,,96073,13,0,5,1,69,,96094,13,0,5,2
3401,'H59M200F-70-F2',526,,96114,13,0,5,1,77,,96095,13,0,5,1,29,,96116,13,0,5,1,69,,96096,13,0,5,1,29,,96117,13,0,5,1,29,,96097,13,0,5,1,70,,96118,13,0,5,1,29,,96098,13,0,5,1,69,,96119,13,0,5,1,29,,96099,13,0,5,1,69,,96120,13,0,5,1,28,,96100,13,0,5,1,70,,96121,13,0,5,1,31,,96101,13,0,5,1,69,,96122,13,0,5,1,31,,96102,13,0,5,1,69,,96123,13,0,5,1,31,,96103,13,0,5,1,70,,96124,13,0,5,1,30,,96104,13,0,5,1,70,,96125,13,0,5,1,30,,96105,13,0,5,1,71,,96126,13,0,5,1,30,,96106,13,0,5,1,70,,96127,13,0,5,1,30,,96107,13,0,5,1,71,,96128,13,0,5,1,30,,96108,13,0,5,1,70,,96129,13,0,5,1,30,,96109,13,0,5,1,70,,96130,13,0,5,1,30,,96110,13,0,5,1,70,,96131,13,0,5,1,30,,96111,13,0,5,1,69,,96132,13,0,5,2,30,,96112,13,0,5,1,69,,96133,13,0,5,2,29,,96113,13,0,5,1,68,,96134,13,0,5,2,29,,96115,13,0,5,1,69,,96135,13,0,5,2
3401,'H59M300F-70-F3',526,,96156,13,0,5,1,77,,96136,13,0,5,1,29,,96158,13,0,5,1,69,,96137,13,0,5,1,29,,96157,13,0,5,1,29,,96138,13,0,5,1,70,,96159,13,0,5,1,29,,96139,13,0,5,1,69,,96160,13,0,5,1,29,,96140,13,0,5,1,69,,96161,13,0,5,1,28,,96141,13,0,5,1,70,,96165,13,0,5,1,31,,96142,13,0,5,1,69,,96162,13,0,5,1,31,,96143,13,0,5,1,69,,96166,13,0,5,1,31,,96144,13,0,5,1,70,,96163,13,0,5,1,30,,96145,13,0,5,1,70,,96167,13,0,5,1,30,,96146,13,0,5,1,71,,96164,13,0,5,1,30,,96147,13,0,5,1,70,,96168,13,0,5,1,30,,96148,13,0,5,1,71,,96169,13,0,5,1,30,,96149,13,0,5,1,70,,96170,13,0,5,1,30,,96150,13,0,5,1,70,,96171,13,0,5,1,30,,96151,13,0,5,1,70,,96172,13,0,5,1,30,,96152,13,0,5,1,69,,96173,13,0,5,2,30,,96153,13,0,5,1,69,,96174,13,0,5,2,29,,96154,13,0,5,1,68,,96175,13,0,5,2,29,,96155,13,0,5,1,69,,96176,13,0,5,2
35301,'H54M000A-70-A',2624,,153947,9,0,5,1,86,,153948,9,0,5,1,45,,153946,9,0,5,1,80,,153945,9,0,5,1
35301,'H54M000I-70-I',2541,,153949,9,0,5,1,85,,153953,9,0,5,1,85,,153952,9,0,5,1,45,,153951,9,0,5,1,80,,153950,9,0,5,1
35301,'H54M000S-70-S',2540,,153955,9,0,5,1,85,,153958,9,0,5,1,85,,153956,9,0,5,1,45,,153954,9,0,5,1,80,,153957,9,0,5,1
35301,'H54M100F-70-F1',2541,,153962,9,0,5,1,85,,153959,9,0,5,1,85,,153960,9,0,5,1,45,,153961,9,0,5,2,80,,153963,9,0,5,1
35301,'H54M200F-70-F2',2541,,153967,9,0,5,1,85,,153965,9,0,5,1,85,,153964,9,0,5,2,45,,153966,9,0,5,1,80,,153968,9,0,5,1
35301,'H54M300F-70-F3',2541,,153971,9,0,5,1,85,,153973,9,0,5,1,85,,153969,9,0,5,1,45,,153970,9,0,5,1,80,,153972,9,0,5,1
