4503,'H58U000A-80-A',557,,230813,11,0,8,1,71,,230837,11,0,8,2,30,,230802,11,0,8,1,71,,230814,11,0,8,1,30,,230838,11,0,8,2,70,,230803,11,0,8,1,72,,230815,11,0,8,1,33,,230839,11,0,8,2,74,,230804,11,0,8,1,33,,230816,11,0,8,1,73,,230829,11,0,8,1,28,,230826,11,0,8,2,71,,230805,11,0,8,1,33,,230817,11,0,8,1,70,,230830,11,0,8,1,24,,230819,11,0,8,2,64,,230827,11,0,8,2,22,,230806,11,0,8,1,21,,230833,11,0,8,1,59,,230818,11,0,8,1,19,,230831,11,0,8,1,19,,230820,11,0,8,2,61,,230828,11,0,8,2,29,,230807,11,0,8,1,70,,230834,11,0,8,1,28,,230832,11,0,8,1,69,,230821,11,0,8,2,27,,230844,11,0,8,2,27,,230808,11,0,8,1,65,,230835,11,0,8,1,27,,230840,11,0,8,1,66,,230822,11,0,8,2,26,,230809,11,0,8,1,66,,230836,11,0,8,1,24,,230841,11,0,8,1,30,,230823,11,0,8,2,70,,230810,11,0,8,1,72,,230842,11,0,8,1,31,,230824,11,0,8,2,69,,230811,11,0,8,1,28,,230843,11,0,8,1,29,,230825,11,0,8,2,69,,230812,11,0,8,1,29,,230801,11,0,8,1
4503,'H58U000I-80-I',559,,230845,11,0,8,1,70,,230863,11,0,8,1,29,,230869,11,0,8,2,69,,230846,11,0,8,1,30,,230864,11,0,8,1,70,,230870,11,0,8,2,31,,230847,11,0,8,1,72,,230865,11,0,8,1,75,,230871,11,0,8,2,33,,230848,11,0,8,1,72,,230866,11,0,8,1,32,,230882,11,0,8,1,73,,230872,11,0,8,2,32,,230849,11,0,8,1,71,,230867,11,0,8,1,31,,230883,11,0,8,1,70,,230873,11,0,8,2,30,,230850,11,0,8,1,63,,230884,11,0,8,1,23,,230868,11,0,8,1,67,,230857,11,0,8,1,28,,230874,11,0,8,2,29,,230851,11,0,8,1,69,,230858,11,0,8,1,30,,230877,11,0,8,2,68,,230875,11,0,8,2,30,,230852,11,0,8,1,70,,230859,11,0,8,1,29,,230878,11,0,8,2,68,,230876,11,0,8,2,28,,230853,11,0,8,1,69,,230860,11,0,8,1,30,,230879,11,0,8,2,70,,230854,11,0,8,1,30,,230861,11,0,8,1,70,,230880,11,0,8,2,29,,230855,11,0,8,1,68,,230862,11,0,8,1,31,,230881,11,0,8,2,72,,230856,11,0,8,1
4503,'H58U000S-80-S',546,,230889,11,0,8,2,69,,230897,11,0,8,2,29,,230908,11,0,8,2,72,,230919,11,0,8,2,31,,230896,11,0,8,1,68,,230890,11,0,8,2,31,,230909,11,0,8,2,67,,230920,11,0,8,2,28,,230902,11,0,8,1,67,,230891,11,0,8,2,26,,230900,11,0,8,1,68,,230910,11,0,8,2,28,,230921,11,0,8,2,27,,230903,11,0,8,1,68,,230901,11,0,8,1,30,,230914,11,0,8,2,69,,230911,11,0,8,2,28,,230922,11,0,8,2,67,,230904,11,0,8,1,23,,230892,11,0,8,1,67,,230907,11,0,8,2,12,,230885,11,0,8,1,12,,230925,11,0,8,1,12,,230912,11,0,8,2,12,,230926,11,0,8,1,52,,230923,11,0,8,2,12,,230927,11,0,8,2,12,,230905,11,0,8,1,12,,230930,11,0,8,2,12,,230893,11,0,8,1,52,,230932,11,0,8,2,12,,230929,11,0,8,2,12,,230886,11,0,8,1,12,,230928,11,0,8,2,12,,230913,11,0,8,2,52,,230934,11,0,8,2,11,,230924,11,0,8,2,12,,230915,11,0,8,1,20,,230906,11,0,8,1,58,,230894,11,0,8,1,23,,230887,11,0,8,1,68,,230935,11,0,8,2,29,,230916,11,0,8,1,27,,230895,11,0,8,1,68,,230888,11,0,8,1,29,,230936,11,0,8,2,71,,230917,11,0,8,1,30,,230898,11,0,8,2,71,,230937,11,0,8,2,29,,230918,11,0,8,1,66,,230899,11,0,8,2,31,,230931,11,0,8,1,56,,230938,11,0,8,2,16,,230933,11,0,8,1
4503,'H58U100F-80-F1',559,,230939,11,0,8,1,70,,230957,11,0,8,1,29,,230963,11,0,8,2,69,,230940,11,0,8,1,30,,230958,11,0,8,1,70,,230964,11,0,8,2,31,,230941,11,0,8,1,72,,230959,11,0,8,1,75,,230965,11,0,8,2,33,,230942,11,0,8,1,72,,230960,11,0,8,1,32,,230976,11,0,8,1,73,,230966,11,0,8,2,32,,230943,11,0,8,1,71,,230961,11,0,8,1,31,,230977,11,0,8,1,70,,230967,11,0,8,2,30,,230944,11,0,8,1,63,,230978,11,0,8,1,23,,230962,11,0,8,1,67,,230951,11,0,8,1,28,,230968,11,0,8,2,29,,230945,11,0,8,1,69,,230952,11,0,8,1,30,,230971,11,0,8,2,68,,230969,11,0,8,2,30,,230946,11,0,8,1,70,,230953,11,0,8,1,29,,230972,11,0,8,2,68,,230970,11,0,8,2,28,,230947,11,0,8,1,69,,230954,11,0,8,1,30,,230973,11,0,8,2,70,,230948,11,0,8,1,30,,230955,11,0,8,1,70,,230974,11,0,8,2,29,,230949,11,0,8,1,68,,230956,11,0,8,1,31,,230975,11,0,8,2,72,,230950,11,0,8,1
4503,'H58U200F-80-F2',559,,230987,11,0,8,2,70,,230999,11,0,8,1,29,,231005,11,0,8,2,69,,230988,11,0,8,2,30,,231000,11,0,8,1,70,,231006,11,0,8,2,31,,230989,11,0,8,2,72,,231001,11,0,8,1,75,,231007,11,0,8,2,33,,230990,11,0,8,2,72,,231002,11,0,8,1,32,,230979,11,0,8,2,73,,231008,11,0,8,2,32,,230997,11,0,8,1,71,,231003,11,0,8,1,31,,230980,11,0,8,2,70,,231009,11,0,8,2,30,,230998,11,0,8,1,63,,230991,11,0,8,2,23,,231004,11,0,8,1,67,,230981,11,0,8,2,28,,231010,11,0,8,2,29,,231013,11,0,8,1,69,,230982,11,0,8,2,30,,230992,11,0,8,1,68,,231011,11,0,8,2,30,,231014,11,0,8,1,70,,230983,11,0,8,2,29,,230993,11,0,8,1,68,,231012,11,0,8,2,28,,231015,11,0,8,1,69,,230984,11,0,8,2,30,,230994,11,0,8,1,70,,231016,11,0,8,1,30,,230985,11,0,8,2,70,,230995,11,0,8,1,29,,231017,11,0,8,1,68,,230986,11,0,8,2,31,,230996,11,0,8,1,72,,231018,11,0,8,1
35903,'H57U000A-80-A',2621,,277068,11,0,8,1,20,,277071,11,0,8,1,60,,277069,11,0,8,1,28,,277070,11,0,8,1,75,,277072,11,0,8,1,36,,277074,11,0,8,1,75,,277073,11,0,8,1
35903,'H57U000I-80-I',2545,,277078,11,0,8,1,75,,277075,11,0,8,1,35,,277079,11,0,8,1,75,,277076,11,0,8,1,75,,277080,11,0,8,1,35,,277077,11,0,8,1,75,,277081,11,0,8,1
35903,'H57U000S-81-S',2545,,277084,11,0,8,1,74,,277083,11,0,8,1,39,,277082,11,0,8,1,72,,277085,11,0,8,1,75,,277087,11,0,8,1,35,,277086,11,0,8,1,75,,277088,11,0,8,1
35903,'H57U100F-80-F1',2545,,277092,11,0,8,1,75,,277089,11,0,8,1,35,,277093,11,0,8,1,75,,277090,11,0,8,1,75,,277094,11,0,8,1,35,,277091,11,0,8,1,75,,277095,11,0,8,1
35903,'H57U200F-80-F2',2545,,277099,11,0,8,1,75,,277096,11,0,8,1,35,,277100,11,0,8,1,75,,277097,11,0,8,1,75,,277101,11,0,8,1,35,,277098,11,0,8,1,75,,277102,11,0,8,1
