1704,'H60U000A-85-A',510,,222269,14,0,9,1,35,,222257,14,0,9,1,84,,222270,14,0,9,1,75,,222258,14,0,9,1,44,,222271,14,0,9,1,78,,222259,14,0,9,1,87,,222272,14,0,9,1,39,,222278,14,0,9,1,84,,222260,14,0,9,1,83,,222273,14,0,9,1,40,,222279,14,0,9,1,81,,222261,14,0,9,1,80,,222274,14,0,9,1,80,,222280,14,0,9,1,40,,222262,14,0,9,1,81,,222275,14,0,9,1,81,,222281,14,0,9,1,41,,222263,14,0,9,1,79,,222276,14,0,9,1,81,,222283,14,0,9,1,38,,222264,14,0,9,1,77,,222277,14,0,9,1,36,,222282,14,0,9,1,85,,222265,14,0,9,1,81,,222284,14,0,9,1,85,,222266,14,0,9,1,41,,222285,14,0,9,1,82,,222267,14,0,9,1,81,,222286,14,0,9,1,41,,222268,14,0,9,1,81,,222287,14,0,9,1
1704,'H60U000I-84-I',520,,222288,14,0,9,1,29,,222317,14,0,9,1,70,,222297,14,0,9,1,34,,222289,14,0,9,1,84,,222298,14,0,9,1,75,,222290,14,0,9,1,44,,222299,14,0,9,1,83,,222291,14,0,9,1,85,,222300,14,0,9,1,83,,222292,14,0,9,1,47,,222301,14,0,9,1,85,,222293,14,0,9,1,76,,222309,14,0,9,1,43,,222302,14,0,9,1,81,,222294,14,0,9,1,80,,222310,14,0,9,1,40,,222303,14,0,9,1,80,,222295,14,0,9,1,80,,222311,14,0,9,1,40,,222304,14,0,9,1,79,,222296,14,0,9,1,78,,222312,14,0,9,1,84,,222305,14,0,9,1,42,,222313,14,0,9,1,84,,222306,14,0,9,1,80,,222314,14,0,9,1,43,,222307,14,0,9,1,82,,222315,14,0,9,1,83,,222308,14,0,9,1,43,,222316,14,0,9,1
1704,'H60U000S-86-S',521,,222327,14,0,9,1,29,,222318,14,0,9,1,72,,222351,14,0,9,1,32,,222328,14,0,9,1,71,,222339,14,0,9,1,33,,222319,14,0,9,1,73,,222352,14,0,9,1,73,,222329,14,0,9,1,33,,222340,14,0,9,1,77,,222320,14,0,9,1,38,,222330,14,0,9,1,78,,222341,14,0,9,1,78,,222321,14,0,9,1,38,,222331,14,0,9,1,78,,222342,14,0,9,1,77,,222322,14,0,9,1,38,,222332,14,0,9,1,72,,222345,14,0,9,1,34,,222343,14,0,9,1,73,,222323,14,0,9,1,33,,222333,14,0,9,1,73,,222346,14,0,9,1,33,,222344,14,0,9,1,70,,222324,14,0,9,1,73,,222334,14,0,9,1,30,,222347,14,0,9,1,74,,222325,14,0,9,1,32,,222335,14,0,9,1,70,,222348,14,0,9,1,30,,222326,14,0,9,1,72,,222336,14,0,9,1,42,,222349,14,0,9,1,84,,222337,14,0,9,1,77,,222350,14,0,9,1,43,,222338,14,0,9,1
1704,'H60U100F-85-F1',520,,222353,14,0,9,1,29,,222382,14,0,9,1,70,,222362,14,0,9,1,34,,222354,14,0,9,1,84,,222363,14,0,9,1,75,,222355,14,0,9,1,44,,222364,14,0,9,1,83,,222356,14,0,9,1,85,,222365,14,0,9,1,83,,222357,14,0,9,1,47,,222366,14,0,9,1,85,,222358,14,0,9,1,76,,222374,14,0,9,1,43,,222367,14,0,9,1,81,,222359,14,0,9,1,80,,222375,14,0,9,1,40,,222368,14,0,9,1,80,,222360,14,0,9,1,80,,222377,14,0,9,1,40,,222369,14,0,9,1,79,,222361,14,0,9,1,78,,222378,14,0,9,1,84,,222371,14,0,9,1,42,,222376,14,0,9,1,84,,222370,14,0,9,1,80,,222379,14,0,9,1,43,,222372,14,0,9,1,82,,222380,14,0,9,1,83,,222373,14,0,9,1,43,,222381,14,0,9,1
1704,'H60U200F-83-F2',520,,222383,14,0,9,1,29,,222412,14,0,9,1,70,,222392,14,0,9,1,34,,222384,14,0,9,1,84,,222393,14,0,9,1,75,,222385,14,0,9,1,44,,222394,14,0,9,1,83,,222386,14,0,9,1,85,,222395,14,0,9,1,83,,222387,14,0,9,1,47,,222396,14,0,9,1,85,,222388,14,0,9,1,76,,222404,14,0,9,1,43,,222397,14,0,9,1,81,,222389,14,0,9,1,80,,222405,14,0,9,1,40,,222398,14,0,9,1,80,,222390,14,0,9,1,80,,222407,14,0,9,1,40,,222399,14,0,9,1,79,,222391,14,0,9,1,78,,222408,14,0,9,1,84,,222401,14,0,9,1,42,,222406,14,0,9,1,84,,222400,14,0,9,1,80,,222409,14,0,9,1,43,,222402,14,0,9,1,82,,222410,14,0,9,1,83,,222403,14,0,9,1,43,,222411,14,0,9,1
37104,'H50U000A-82-A',2553,,277775,35,0,9,1,70,,277779,35,0,9,1,30,,277777,35,0,9,2,70,,277774,35,0,9,1,30,,277776,35,0,9,1,70,,277780,35,0,9,1,30,,277778,35,0,9,2
37104,'H50U000I-82-I',2553,,277781,35,0,9,1,70,,277786,35,0,9,1,30,,277784,35,0,9,1,70,,277783,35,0,9,2,30,,277782,35,0,9,1,70,,277787,35,0,9,1,30,,277785,35,0,9,1
37104,'H50U000S-83-S',2555,,277793,35,0,9,1,70,,277789,35,0,9,1,30,,277792,35,0,9,2,70,,277791,35,0,9,1,28,,277794,35,0,9,1,70,,277790,35,0,9,1,30,,277788,35,0,9,1
37104,'H50U100F-80-F1',2553,,277795,35,0,9,1,70,,277800,35,0,9,1,30,,277798,35,0,9,1,70,,277797,35,0,9,2,30,,277796,35,0,9,1,70,,277801,35,0,9,1,30,,277799,35,0,9,1
37104,'H50U200F-80-F2',2553,,277802,35,0,9,1,70,,277807,35,0,9,1,30,,277805,35,0,9,1,70,,277804,35,0,9,2,30,,277803,35,0,9,1,70,,277808,35,0,9,1,30,,277806,35,0,9,1
