9302,'H50U000A-82-A',518,,243966,15,0,10,1,30,,244005,15,0,10,1,70,,243967,15,0,10,1,30,,244006,15,0,10,1,70,,243968,15,0,10,1,30,,243986,15,0,10,1,71,,243969,15,0,10,1,30,,243987,15,0,10,1,71,,243970,15,0,10,1,31,,243988,15,0,10,1,72,,243971,15,0,10,1,32,,243989,15,0,10,1,71,,243972,15,0,10,1,31,,243990,15,0,10,1,73,,243973,15,0,10,1,73,,243991,15,0,10,1,33,,243974,15,0,10,1,73,,243992,15,0,10,1,33,,243975,15,0,10,1,72,,243993,15,0,10,1,26,,243994,15,0,10,1,73,,243976,15,0,10,1,32,,243995,15,0,10,1,71,,243977,15,0,10,1,31,,243996,15,0,10,1,70,,243978,15,0,10,1,30,,243997,15,0,10,1,69,,243979,15,0,10,1,30,,243998,15,0,10,1,69,,243980,15,0,10,1,29,,243999,15,0,10,1,68,,243981,15,0,10,1,29,,244000,15,0,10,1,70,,243982,15,0,10,1,30,,244001,15,0,10,1,70,,243983,15,0,10,1,29,,244002,15,0,10,1,70,,243984,15,0,10,1,30,,244003,15,0,10,1,70,,243985,15,0,10,1,32,,244004,15,0,10,1
9302,'H50U000I-82-I',516,,244008,15,0,10,1,29,,244007,15,0,10,2,69,,244009,15,0,10,1,31,,244029,15,0,10,2,70,,244010,15,0,10,1,30,,244030,15,0,10,2,70,,244011,15,0,10,1,32,,244031,15,0,10,2,70,,244012,15,0,10,1,30,,244032,15,0,10,2,71,,244013,15,0,10,1,30,,244033,15,0,10,2,70,,244014,15,0,10,1,30,,244034,15,0,10,2,70,,244015,15,0,10,1,30,,244035,15,0,10,2,70,,244016,15,0,10,1,32,,244036,15,0,10,2,70,,244017,15,0,10,1,30,,244037,15,0,10,2,70,,244018,15,0,10,1,30,,244038,15,0,10,2,72,,244019,15,0,10,1,29,,244039,15,0,10,2,70,,244020,15,0,10,1,29,,244040,15,0,10,2,70,,244021,15,0,10,1,29,,244041,15,0,10,2,69,,244022,15,0,10,1,30,,244042,15,0,10,2,70,,244023,15,0,10,1,30,,244043,15,0,10,2,70,,244024,15,0,10,1,29,,244044,15,0,10,2,70,,244025,15,0,10,1,29,,244045,15,0,10,2,70,,244026,15,0,10,1,29,,244046,15,0,10,2,70,,244027,15,0,10,1,30,,244047,15,0,10,2,70,,244028,15,0,10,1,29,,244048,15,0,10,2
9302,'H50U000S-83-S',518,,244049,15,0,10,2,31,,244060,15,0,10,1,71,,244050,15,0,10,2,32,,244061,15,0,10,1,73,,244051,15,0,10,2,30,,244062,15,0,10,1,70,,244052,15,0,10,2,30,,244063,15,0,10,1,71,,244053,15,0,10,2,30,,244064,15,0,10,1,70,,244054,15,0,10,2,29,,244065,15,0,10,1,71,,244055,15,0,10,2,30,,244066,15,0,10,1,71,,244056,15,0,10,2,31,,244067,15,0,10,1,71,,244057,15,0,10,2,75,,244068,15,0,10,1,32,,244058,15,0,10,2,73,,244069,15,0,10,1,33,,244059,15,0,10,2,73,,244079,15,0,10,1,34,,244070,15,0,10,1,72,,244080,15,0,10,2,29,,244089,15,0,10,1,72,,244071,15,0,10,1,29,,244081,15,0,10,2,69,,244072,15,0,10,1,29,,244082,15,0,10,2,68,,244073,15,0,10,1,30,,244083,15,0,10,2,70,,244074,15,0,10,1,30,,244084,15,0,10,2,70,,244075,15,0,10,1,29,,244085,15,0,10,2,69,,244076,15,0,10,1,29,,244086,15,0,10,2,69,,244077,15,0,10,1,28,,244087,15,0,10,2,72,,244078,15,0,10,1,31,,244088,15,0,10,2
9302,'H50U100F-80-F1',516,,244091,15,0,10,1,29,,244090,15,0,10,2,69,,244092,15,0,10,1,31,,244112,15,0,10,2,70,,244093,15,0,10,1,30,,244113,15,0,10,2,70,,244094,15,0,10,1,32,,244114,15,0,10,2,70,,244095,15,0,10,1,30,,244115,15,0,10,2,71,,244096,15,0,10,1,30,,244116,15,0,10,2,70,,244097,15,0,10,1,30,,244117,15,0,10,2,70,,244098,15,0,10,1,30,,244118,15,0,10,2,70,,244099,15,0,10,1,32,,244119,15,0,10,2,70,,244100,15,0,10,1,30,,244120,15,0,10,2,70,,244101,15,0,10,1,30,,244121,15,0,10,2,72,,244102,15,0,10,1,29,,244122,15,0,10,2,70,,244103,15,0,10,1,29,,244123,15,0,10,2,70,,244104,15,0,10,1,29,,244124,15,0,10,2,69,,244105,15,0,10,1,30,,244125,15,0,10,2,70,,244106,15,0,10,1,30,,244126,15,0,10,2,70,,244107,15,0,10,1,29,,244127,15,0,10,2,70,,244108,15,0,10,1,29,,244128,15,0,10,2,70,,244109,15,0,10,1,29,,244129,15,0,10,2,70,,244110,15,0,10,1,30,,244130,15,0,10,2,70,,244111,15,0,10,1,29,,244131,15,0,10,2
9302,'H50U200F-80-F2',516,,244133,15,0,10,1,29,,244132,15,0,10,2,69,,244134,15,0,10,1,31,,244154,15,0,10,2,70,,244135,15,0,10,1,30,,244155,15,0,10,2,70,,244136,15,0,10,1,32,,244156,15,0,10,2,70,,244137,15,0,10,1,30,,244157,15,0,10,2,71,,244138,15,0,10,1,30,,244158,15,0,10,2,70,,244139,15,0,10,1,30,,244159,15,0,10,2,70,,244140,15,0,10,1,30,,244160,15,0,10,2,70,,244141,15,0,10,1,32,,244161,15,0,10,2,70,,244142,15,0,10,1,30,,244162,15,0,10,2,70,,244143,15,0,10,1,30,,244163,15,0,10,2,72,,244144,15,0,10,1,29,,244164,15,0,10,2,70,,244145,15,0,10,1,29,,244165,15,0,10,2,70,,244146,15,0,10,1,29,,244166,15,0,10,2,69,,244147,15,0,10,1,30,,244167,15,0,10,2,70,,244148,15,0,10,1,30,,244168,15,0,10,2,70,,244149,15,0,10,1,29,,244169,15,0,10,2,70,,244150,15,0,10,1,29,,244170,15,0,10,2,70,,244151,15,0,10,1,29,,244171,15,0,10,2,70,,244152,15,0,10,1,30,,244172,15,0,10,2,70,,244153,15,0,10,1,29,,244173,15,0,10,2
37202,'H54U000A-80-A',2618,,277841,70,0,10,1,90,,277842,70,0,10,1,45,,277843,70,0,10,1,84,,277844,70,0,10,1,90,,277840,70,0,10,2
37202,'H54U000I-80-I',2623,,277845,70,0,10,1,85,,277847,70,0,10,1,46,,277846,70,0,10,1,86,,277848,70,0,10,1,89,,277849,70,0,10,1
37202,'H54U000S-81-S',2600,,277850,70,0,10,2,40,,277855,70,0,10,1,80,,277852,70,0,10,1,82,,277853,70,0,10,1,45,,277854,70,0,10,1,89,,277851,70,0,10,2
37202,'H54U100F-80-F1',2623,,277856,70,0,10,1,85,,277858,70,0,10,1,46,,277857,70,0,10,1,86,,277859,70,0,10,1,89,,277860,70,0,10,1
37202,'H54U200F-82-F2',2623,,277863,70,0,10,1,85,,277864,70,0,10,1,46,,277862,70,0,10,1,86,,277861,70,0,10,1,89,,277865,70,0,10,1
