14401,'H51U000A-83-A',517,,258185,13,0,5,2,22,,258210,13,0,5,1,62,,258186,13,0,5,2,22,,258211,13,0,5,1,22,,258187,13,0,5,2,62,,258212,13,0,5,1,22,,258188,13,0,5,2,21,,258213,13,0,5,1,61,,258189,13,0,5,2,21,,258214,13,0,5,1,21,,258190,13,0,5,2,61,,258215,13,0,5,1,22,,258191,13,0,5,2,22,,258216,13,0,5,1,62,,258192,13,0,5,2,22,,258217,13,0,5,1,64,,258193,13,0,5,2,24,,258218,13,0,5,1,26,,258194,13,0,5,2,68,,258219,13,0,5,1,27,,258195,13,0,5,2,67,,258220,13,0,5,1,27,,258196,13,0,5,2,67,,258221,13,0,5,1,27,,258197,13,0,5,2,68,,258222,13,0,5,1,27,,258198,13,0,5,2,25,,258223,13,0,5,1,66,,258199,13,0,5,2,26,,258224,13,0,5,1,66,,258200,13,0,5,2,26,,258225,13,0,5,1,66,,258201,13,0,5,2,26,,258226,13,0,5,1,66,,258202,13,0,5,2,26,,258227,13,0,5,1,26,,258203,13,0,5,2,66,,258228,13,0,5,1,26,,258204,13,0,5,2,65,,258229,13,0,5,1,24,,258205,13,0,5,2,24,,258230,13,0,5,1,62,,258206,13,0,5,2,22,,258231,13,0,5,1,62,,258207,13,0,5,2,22,,258235,13,0,5,2,22,,258232,13,0,5,1,61,,258234,13,0,5,2,22,,258208,13,0,5,2,21,,258236,13,0,5,2,60,,258233,13,0,5,1,21,,258209,13,0,5,2
14401,'H51U000I-83-I',519,,258264,13,0,5,2,22,,258238,13,0,5,1,62,,258265,13,0,5,2,23,,258239,13,0,5,1,22,,258266,13,0,5,2,62,,258240,13,0,5,1,22,,258267,13,0,5,2,22,,258241,13,0,5,1,62,,258268,13,0,5,2,22,,258242,13,0,5,1,62,,258269,13,0,5,2,21,,258243,13,0,5,1,20,,258270,13,0,5,2,61,,258244,13,0,5,1,20,,258271,13,0,5,2,21,,258245,13,0,5,1,62,,258272,13,0,5,2,22,,258246,13,0,5,1,23,,258273,13,0,5,2,62,,258247,13,0,5,1,25,,258274,13,0,5,2,68,,258248,13,0,5,1,28,,258275,13,0,5,2,68,,258249,13,0,5,1,28,,258276,13,0,5,2,28,,258250,13,0,5,1,68,,258277,13,0,5,2,28,,258251,13,0,5,1,68,,258278,13,0,5,2,28,,258252,13,0,5,1,68,,258279,13,0,5,2,26,,258253,13,0,5,1,66,,258280,13,0,5,2,26,,258254,13,0,5,1,66,,258281,13,0,5,2,25,,258255,13,0,5,1,26,,258282,13,0,5,2,66,,258256,13,0,5,1,26,,258283,13,0,5,2,64,,258257,13,0,5,1,24,,258284,13,0,5,2,24,,258258,13,0,5,1,62,,258285,13,0,5,2,21,,258259,13,0,5,1,62,,258286,13,0,5,2,22,,258260,13,0,5,1,22,,258287,13,0,5,2,62,,258261,13,0,5,1,22,,258288,13,0,5,2,21,,258262,13,0,5,1,62,,258237,13,0,5,2,23,,258263,13,0,5,1
14401,'H51U000S-83-S',527,,258303,13,0,5,1,28,,258289,13,0,5,2,68,,258304,13,0,5,1,31,,258290,13,0,5,2,70,,258305,13,0,5,1,33,,258291,13,0,5,2,70,,258306,13,0,5,1,29,,258292,13,0,5,2,70,,258307,13,0,5,1,29,,258293,13,0,5,2,70,,258308,13,0,5,1,30,,258294,13,0,5,2,70,,258309,13,0,5,1,30,,258295,13,0,5,2,70,,258310,13,0,5,1,30,,258296,13,0,5,2,69,,258311,13,0,5,1,28,,258297,13,0,5,2,68,,258312,13,0,5,1,28,,258298,13,0,5,2,69,,258313,13,0,5,1,29,,258299,13,0,5,2,68,,258314,13,0,5,1,28,,258300,13,0,5,2,70,,258315,13,0,5,1,29,,258301,13,0,5,2,70,,258316,13,0,5,1,29,,258302,13,0,5,2,70,,258317,13,0,5,1,30,,258324,13,0,5,1,69,,258318,13,0,5,1,30,,258325,13,0,5,1,70,,258319,13,0,5,1,29,,258326,13,0,5,1,70,,258320,13,0,5,1,30,,258327,13,0,5,1,70,,258321,13,0,5,1,30,,258328,13,0,5,1,70,,258322,13,0,5,1,30,,258329,13,0,5,1,70,,258323,13,0,5,1,30,,258330,13,0,5,1
14401,'H51U100F-80-F1',519,,258358,13,0,5,2,22,,258332,13,0,5,1,62,,258359,13,0,5,2,23,,258333,13,0,5,1,22,,258360,13,0,5,2,62,,258334,13,0,5,1,22,,258361,13,0,5,2,22,,258335,13,0,5,1,62,,258362,13,0,5,2,22,,258336,13,0,5,1,62,,258363,13,0,5,2,21,,258337,13,0,5,1,20,,258364,13,0,5,2,61,,258338,13,0,5,1,20,,258365,13,0,5,2,21,,258339,13,0,5,1,62,,258366,13,0,5,2,22,,258340,13,0,5,1,23,,258367,13,0,5,2,62,,258341,13,0,5,1,25,,258368,13,0,5,2,68,,258342,13,0,5,1,28,,258369,13,0,5,2,68,,258343,13,0,5,1,28,,258370,13,0,5,2,28,,258344,13,0,5,1,68,,258371,13,0,5,2,28,,258345,13,0,5,1,68,,258372,13,0,5,2,28,,258346,13,0,5,1,68,,258373,13,0,5,2,26,,258347,13,0,5,1,66,,258374,13,0,5,2,26,,258348,13,0,5,1,66,,258375,13,0,5,2,25,,258349,13,0,5,1,26,,258376,13,0,5,2,66,,258350,13,0,5,1,26,,258377,13,0,5,2,64,,258351,13,0,5,1,24,,258378,13,0,5,2,24,,258352,13,0,5,1,62,,258379,13,0,5,2,21,,258353,13,0,5,1,62,,258380,13,0,5,2,22,,258354,13,0,5,1,22,,258381,13,0,5,2,62,,258355,13,0,5,1,22,,258382,13,0,5,2,21,,258356,13,0,5,1,62,,258331,13,0,5,2,23,,258357,13,0,5,1
14401,'H51U200F-80-F2',519,,258410,13,0,5,2,22,,258384,13,0,5,1,62,,258411,13,0,5,2,23,,258385,13,0,5,1,22,,258412,13,0,5,2,62,,258386,13,0,5,1,22,,258413,13,0,5,2,22,,258387,13,0,5,1,62,,258414,13,0,5,2,22,,258388,13,0,5,1,62,,258415,13,0,5,2,21,,258389,13,0,5,1,20,,258416,13,0,5,2,61,,258390,13,0,5,1,20,,258417,13,0,5,2,21,,258391,13,0,5,1,62,,258418,13,0,5,2,22,,258392,13,0,5,1,23,,258419,13,0,5,2,62,,258393,13,0,5,1,25,,258420,13,0,5,2,68,,258394,13,0,5,1,28,,258421,13,0,5,2,68,,258395,13,0,5,1,28,,258422,13,0,5,2,28,,258396,13,0,5,1,68,,258423,13,0,5,2,28,,258397,13,0,5,1,68,,258424,13,0,5,2,28,,258398,13,0,5,1,68,,258425,13,0,5,2,26,,258399,13,0,5,1,66,,258426,13,0,5,2,26,,258400,13,0,5,1,66,,258427,13,0,5,2,25,,258401,13,0,5,1,26,,258428,13,0,5,2,66,,258402,13,0,5,1,26,,258429,13,0,5,2,64,,258403,13,0,5,1,24,,258430,13,0,5,2,24,,258404,13,0,5,1,62,,258431,13,0,5,2,21,,258405,13,0,5,1,62,,258432,13,0,5,2,22,,258406,13,0,5,1,22,,258433,13,0,5,2,62,,258407,13,0,5,1,22,,258434,13,0,5,2,21,,258408,13,0,5,1,62,,258383,13,0,5,2,23,,258409,13,0,5,1
36001,'H56U000A-80-A',2608,,277137,13,0,5,1,42,,277140,13,0,5,1,85,,277138,13,0,5,1,86,,277139,13,0,5,1,86,,277141,13,0,5,1
36001,'H56U000I-80-I',2606,,277146,13,0,5,2,45,,277142,13,0,5,1,85,,277144,13,0,5,1,84,,277143,13,0,5,1,87,,277145,13,0,5,1
36001,'H56U000S-81-S',2607,,277149,13,0,5,2,45,,277147,13,0,5,1,85,,277150,13,0,5,1,85,,277151,13,0,5,2,85,,277148,13,0,5,1
36001,'H56U100F-80-F1',2606,,277156,13,0,5,2,45,,277152,13,0,5,1,85,,277154,13,0,5,1,84,,277153,13,0,5,1,87,,277155,13,0,5,1
36001,'H56U200F-80-F2',2606,,277161,13,0,5,2,45,,277157,13,0,5,1,85,,277159,13,0,5,1,84,,277158,13,0,5,1,87,,277160,13,0,5,1
