'25N-H50NV10S-81-S',6101,102600,,'',1
'25N-H50NV20S-80-S',6101,102600,,'',1
'25N-H56N100F-80-F1',6101,54000,,'',1,7200,,'',1,3200,,'',1,7200,,'',1,3200,,'',2,7100,,'',1,2900,,'',2,6900,,'',1,2800,,'',2,6800,,'',1,2800,,'',2,7000,,'',1,3000,,'',2,7000,,'',1,3000,,'',2,7000,,'',1,3000,,'',2,7000,,'',1,3000,,'',2,7000,,'',1,3100,,'',2,7000,,'',1,3000,,'',2,7000,,'',1,3000,,'',2,7000,,'',1,3000,,'',2,7000,,'',1,3000,,'',2,6900,,'',1,2900,,'',2,6900,,'',1,2900,,'',2,7000,,'',1,3000,,'',2,7000,,'',1,3000,,'',2,7000,,'',1,3100,,'',2
'25N-H56N100F-80-F1',6102,64400,4,'',1,7300,4,'',1,3200,4,'',1,7100,4,'',1,3300,4,'',1,7300,4,'',2,7500,4,'',1,3200,4,'',2,7100,4,'',1,2900,4,'',2,7000,4,'',1,3000,4,'',2,7000,4,'',1,3100,4,'',2,7200,4,'',1,3000,4,'',2,7000,4,'',1,3000,4,'',2,7000,4,'',1,3000,4,'',2,7000,4,'',1,3000,4,'',2,6800,4,'',1,3000,4,'',2,6800,4,'',1,3000,4,'',2,7000,4,'',1,3000,4,'',2,6800,4,'',1,2900,4,'',2,2900,4,'',1,6900,4,'',2,2900,4,'',1,6800,4,'',2,2900,4,'',1,6900,4,'',2,2600,4,'',1,6900,4,'',2,2700,4,'',1
'25N-H56N200F-80-F2',6101,54000,,'',1,7200,,'',1,3200,,'',1,7200,,'',1,3200,,'',2,7100,,'',1,2900,,'',2,6900,,'',1,2800,,'',2,6800,,'',1,2800,,'',2,7000,,'',1,3000,,'',2,7000,,'',1,3000,,'',2,7000,,'',1,3000,,'',2,7000,,'',1,3000,,'',2,7000,,'',1,3100,,'',2,7000,,'',1,3000,,'',2,7000,,'',1,3000,,'',2,7000,,'',1,3000,,'',2,7000,,'',1,3000,,'',2,6900,,'',1,2900,,'',2,6900,,'',1,2900,,'',2,7000,,'',1,3000,,'',2,7000,,'',1,3000,,'',2,7000,,'',1,3100,,'',2
'25N-H56N200F-80-F2',6102,64400,4,'',1,7300,4,'',1,3200,4,'',1,7100,4,'',1,3300,4,'',1,7300,4,'',2,7500,4,'',1,3200,4,'',2,7100,4,'',1,2900,4,'',2,7000,4,'',1,3000,4,'',2,7000,4,'',1,3100,4,'',2,7200,4,'',1,3000,4,'',2,7000,4,'',1,3000,4,'',2,7000,4,'',1,3000,4,'',2,7000,4,'',1,3000,4,'',2,6800,4,'',1,3000,4,'',2,6800,4,'',1,3000,4,'',2,7000,4,'',1,3000,4,'',2,6800,4,'',1,2900,4,'',2,2900,4,'',1,6900,4,'',2,2900,4,'',1,6800,4,'',2,2900,4,'',1,6900,4,'',2,2600,4,'',1,6900,4,'',2,2700,4,'',1
'25N-H56N300F-80-F3',6101,54000,,'',1,7200,,'',1,3200,,'',1,7200,,'',1,3200,,'',2,7100,,'',1,2900,,'',2,6900,,'',1,2800,,'',2,6800,,'',1,2800,,'',2,7000,,'',1,3000,,'',2,7000,,'',1,3000,,'',2,7000,,'',1,3000,,'',2,7000,,'',1,3000,,'',2,7000,,'',1,3100,,'',2,7000,,'',1,3000,,'',2,7000,,'',1,3000,,'',2,7000,,'',1,3000,,'',2,7000,,'',1,3000,,'',2,6900,,'',1,2900,,'',2,6900,,'',1,2900,,'',2,7000,,'',1,3000,,'',2,7000,,'',1,3000,,'',2,7000,,'',1,3100,,'',2
'25N-H56N300F-80-F3',6102,64400,4,'',1,7300,4,'',1,3200,4,'',1,7100,4,'',1,3300,4,'',1,7300,4,'',2,7500,4,'',1,3200,4,'',2,7100,4,'',1,2900,4,'',2,7000,4,'',1,3000,4,'',2,7000,4,'',1,3100,4,'',2,7200,4,'',1,3000,4,'',2,7000,4,'',1,3000,4,'',2,7000,4,'',1,3000,4,'',2,7000,4,'',1,3000,4,'',2,6800,4,'',1,3000,4,'',2,6800,4,'',1,3000,4,'',2,7000,4,'',1,3000,4,'',2,6800,4,'',1,2900,4,'',2,2900,4,'',1,6900,4,'',2,2900,4,'',1,6800,4,'',2,2900,4,'',1,6900,4,'',2,2600,4,'',1,6900,4,'',2,2700,4,'',1
'25N-H56N400F-80-F4',6101,54000,,'',1,7200,,'',1,3200,,'',1,7200,,'',1,3200,,'',2,7100,,'',1,2900,,'',2,6900,,'',1,2800,,'',2,6800,,'',1,2800,,'',2,7000,,'',1,3000,,'',2,7000,,'',1,3000,,'',2,7000,,'',1,3000,,'',2,7000,,'',1,3000,,'',2,7000,,'',1,3100,,'',2,7000,,'',1,3000,,'',2,7000,,'',1,3000,,'',2,7000,,'',1,3000,,'',2,7000,,'',1,3000,,'',2,6900,,'',1,2900,,'',2,6900,,'',1,2900,,'',2,7000,,'',1,3000,,'',2,7000,,'',1,3000,,'',2,7000,,'',1,3100,,'',2
'25N-H56N400F-80-F4',6102,64400,4,'',1,7300,4,'',1,3200,4,'',1,7100,4,'',1,3300,4,'',1,7300,4,'',2,7500,4,'',1,3200,4,'',2,7100,4,'',1,2900,4,'',2,7000,4,'',1,3000,4,'',2,7000,4,'',1,3100,4,'',2,7200,4,'',1,3000,4,'',2,7000,4,'',1,3000,4,'',2,7000,4,'',1,3000,4,'',2,7000,4,'',1,3000,4,'',2,6800,4,'',1,3000,4,'',2,6800,4,'',1,3000,4,'',2,7000,4,'',1,3000,4,'',2,6800,4,'',1,2900,4,'',2,2900,4,'',1,6900,4,'',2,2900,4,'',1,6800,4,'',2,2900,4,'',1,6900,4,'',2,2600,4,'',1,6900,4,'',2,2700,4,'',1
'25N-H56NV10A-80-A',6101,54000,,'',1,7300,,'',2,3300,,'',2,7300,,'',1,2900,,'',2,6900,,'',1,3000,,'',2,6900,,'',1,2700,,'',2,6800,,'',1,2800,,'',2,7000,,'',1,3000,,'',2,7000,,'',1,3000,,'',2,7200,,'',1,3000,,'',2,7000,,'',1,3000,,'',2,7300,,'',1,3000,,'',2,7000,,'',1,3300,,'',2,7200,,'',1,3100,,'',2,7000,,'',1,3100,,'',2,7000,,'',1,2800,,'',2,6800,,'',1,2800,,'',2,6800,,'',1,2700,,'',2,6800,,'',1,2900,,'',2,7000,,'',1,3000,,'',2,7000,,'',1,3000,,'',2,7300,,'',2
'25N-H56NV10A-80-A',6102,64600,4,'',2,7200,4,'',1,3200,4,'',2,7300,4,'',1,3400,4,'',1,7100,4,'',2,7300,4,'',1,3100,4,'',2,7000,4,'',1,3000,4,'',2,6800,4,'',1,3200,4,'',2,7300,4,'',1,3000,4,'',2,7000,4,'',1,3000,4,'',2,7200,4,'',1,3100,4,'',2,7000,4,'',1,3300,4,'',2,7200,4,'',1,3100,4,'',2,6900,4,'',1,3200,4,'',2,7000,4,'',1,2700,4,'',2,6800,4,'',1,2900,4,'',2,6900,4,'',1,2700,4,'',2,6800,4,'',1,2800,4,'',2,2800,4,'',1,6800,4,'',2,2900,4,'',1,6800,4,'',2,2700,4,'',2,6900,4,'',2,2700,4,'',1,6800,4,'',2
'25N-H56NV10I-80-I',6101,54000,,'',1,7200,,'',1,3200,,'',1,7200,,'',1,3200,,'',2,7100,,'',1,2900,,'',2,6900,,'',1,2800,,'',2,6800,,'',1,2800,,'',2,7000,,'',1,3000,,'',2,7000,,'',1,3000,,'',2,7000,,'',1,3000,,'',2,7000,,'',1,3000,,'',2,7000,,'',1,3100,,'',2,7000,,'',1,3000,,'',2,7000,,'',1,3000,,'',2,7000,,'',1,3000,,'',2,7000,,'',1,3000,,'',2,6900,,'',1,2900,,'',2,6900,,'',1,2900,,'',2,7000,,'',1,3000,,'',2,7000,,'',1,3000,,'',2,7000,,'',1,3100,,'',2
'25N-H56NV10I-80-I',6102,64400,4,'',1,7300,4,'',1,3200,4,'',1,7100,4,'',1,3300,4,'',1,7300,4,'',2,7500,4,'',1,3200,4,'',2,7100,4,'',1,2900,4,'',2,7000,4,'',1,3000,4,'',2,7000,4,'',1,3100,4,'',2,7200,4,'',1,3000,4,'',2,7000,4,'',1,3000,4,'',2,7000,4,'',1,3000,4,'',2,7000,4,'',1,3000,4,'',2,6800,4,'',1,3000,4,'',2,6800,4,'',1,3000,4,'',2,7000,4,'',1,3000,4,'',2,6800,4,'',1,2900,4,'',2,2900,4,'',1,6900,4,'',2,2900,4,'',1,6800,4,'',2,2900,4,'',1,6900,4,'',2,2600,4,'',1,6900,4,'',2,2700,4,'',1
'25N-H56NV10S-80-S',6101,51300,,'',2,1500,,'',1,7200,,'',1,2400,,'',1,2500,,'',1,7200,,'',2,3300,,'',1,7300,,'',1,3200,,'',1,6800,,'',1,2900,,'',2,10100,,'',1,7100,,'',1,3000,,'',1,7000,,'',2,3000,,'',1,7100,,'',1,7100,,'',1,3100,,'',1,7100,,'',2,3100,,'',2,6700,,'',1,3300,,'',1,7200,,'',1,3300,,'',1,6500,,'',2,3100,,'',2,2500,,'',1,6600,,'',1,2400,,'',1,6400,,'',2,2500,,'',2,6900,,'',1,2900,,'',1,7000,,'',1,3000,,'',2,6900,,'',1,2800,,'',1,7000,,'',1,3000,,'',2
'25N-H56NV10S-80-S',6102,62300,4,'',1,2600,4,'',2,8600,4,'',1,7000,4,'',1,2900,4,'',1,7500,4,'',1,3600,4,'',2,6400,4,'',1,2400,4,'',1,7000,4,'',1,1800,4,'',1,2500,4,'',1,7000,4,'',2,2900,4,'',1,7200,4,'',1,3100,4,'',1,7000,4,'',1,3200,4,'',2,9100,4,'',1,7200,4,'',1,3500,4,'',1,6800,4,'',1,3800,4,'',2,7300,4,'',2,3200,4,'',2,5900,4,'',1,2400,4,'',1,6500,4,'',2,2500,4,'',2,6900,4,'',1,2900,4,'',1,2900,4,'',1,7100,4,'',2,2900,4,'',1,6600,4,'',1,2900,4,'',1,7000,4,'',2,2900,4,'',1,6700,4,'',1,2500,4,'',1,7000,4,'',2
'25N-H56NV20A-80-A',6101,54000,,'',1,7300,,'',2,3300,,'',2,7300,,'',1,2900,,'',2,6900,,'',1,3000,,'',2,6900,,'',1,2700,,'',2,6800,,'',1,2800,,'',2,7000,,'',1,3000,,'',2,7000,,'',1,3000,,'',2,7200,,'',1,3000,,'',2,7000,,'',1,3000,,'',2,7300,,'',1,3000,,'',2,7000,,'',1,3300,,'',2,7200,,'',1,3100,,'',2,7000,,'',1,3100,,'',2,7000,,'',1,2800,,'',2,6800,,'',1,2800,,'',2,6800,,'',1,2700,,'',2,6800,,'',1,2900,,'',2,7000,,'',1,3000,,'',2,7000,,'',1,3000,,'',2,7300,,'',2
'25N-H56NV20A-80-A',6102,64600,4,'',2,7200,4,'',1,3200,4,'',2,7300,4,'',1,3400,4,'',1,7100,4,'',2,7300,4,'',1,3100,4,'',2,7000,4,'',1,3000,4,'',2,6800,4,'',1,3200,4,'',2,7300,4,'',1,3000,4,'',2,7000,4,'',1,3000,4,'',2,7200,4,'',1,3100,4,'',2,7000,4,'',1,3300,4,'',2,7200,4,'',1,3100,4,'',2,6900,4,'',1,3200,4,'',2,7000,4,'',1,2700,4,'',2,6800,4,'',1,2900,4,'',2,6900,4,'',1,2700,4,'',2,6800,4,'',1,2800,4,'',2,2800,4,'',1,6800,4,'',2,2900,4,'',1,6800,4,'',2,2700,4,'',2,6900,4,'',2,2700,4,'',1,6800,4,'',2
'25N-H56NV20I-80-I',6101,54000,,'',1,7200,,'',1,3200,,'',1,7200,,'',1,3200,,'',2,7100,,'',1,2900,,'',2,6900,,'',1,2800,,'',2,6800,,'',1,2800,,'',2,7000,,'',1,3000,,'',2,7000,,'',1,3000,,'',2,7000,,'',1,3000,,'',2,7000,,'',1,3000,,'',2,7000,,'',1,3100,,'',2,7000,,'',1,3000,,'',2,7000,,'',1,3000,,'',2,7000,,'',1,3000,,'',2,7000,,'',1,3000,,'',2,6900,,'',1,2900,,'',2,6900,,'',1,2900,,'',2,7000,,'',1,3000,,'',2,7000,,'',1,3000,,'',2,7000,,'',1,3100,,'',2
'25N-H56NV20I-80-I',6102,64400,4,'',1,7300,4,'',1,3200,4,'',1,7100,4,'',1,3300,4,'',1,7300,4,'',2,7500,4,'',1,3200,4,'',2,7100,4,'',1,2900,4,'',2,7000,4,'',1,3000,4,'',2,7000,4,'',1,3100,4,'',2,7200,4,'',1,3000,4,'',2,7000,4,'',1,3000,4,'',2,7000,4,'',1,3000,4,'',2,7000,4,'',1,3000,4,'',2,6800,4,'',1,3000,4,'',2,6800,4,'',1,3000,4,'',2,7000,4,'',1,3000,4,'',2,6800,4,'',1,2900,4,'',2,2900,4,'',1,6900,4,'',2,2900,4,'',1,6800,4,'',2,2900,4,'',1,6900,4,'',2,2600,4,'',1,6900,4,'',2,2700,4,'',1
'25N-H56NV20S-80-S',6101,51300,,'',2,1500,,'',1,7200,,'',1,2400,,'',1,2500,,'',1,7200,,'',2,3300,,'',1,7300,,'',1,3200,,'',1,6800,,'',1,2900,,'',2,10100,,'',1,7100,,'',1,3000,,'',1,7000,,'',2,3000,,'',1,7100,,'',1,7100,,'',1,3100,,'',1,7100,,'',2,3100,,'',2,6700,,'',1,3300,,'',1,7200,,'',1,3300,,'',1,6500,,'',2,3100,,'',2,2500,,'',1,6600,,'',1,2400,,'',1,6400,,'',2,2500,,'',2,6900,,'',1,2900,,'',1,7000,,'',1,3000,,'',2,6900,,'',1,2800,,'',1,7000,,'',1,3000,,'',2
'25N-H56NV20S-80-S',6102,62300,4,'',1,2600,4,'',2,8600,4,'',1,7000,4,'',1,2900,4,'',1,7500,4,'',1,3600,4,'',2,6400,4,'',1,2400,4,'',1,7000,4,'',1,1800,4,'',1,2500,4,'',1,7000,4,'',2,2900,4,'',1,7200,4,'',1,3100,4,'',1,7000,4,'',1,3200,4,'',2,9100,4,'',1,7200,4,'',1,3500,4,'',1,6800,4,'',1,3800,4,'',2,7300,4,'',2,3200,4,'',2,5900,4,'',1,2400,4,'',1,6500,4,'',2,2500,4,'',2,6900,4,'',1,2900,4,'',1,2900,4,'',1,7100,4,'',2,2900,4,'',1,6600,4,'',1,2900,4,'',1,7000,4,'',2,2900,4,'',1,6700,4,'',1,2500,4,'',1,7000,4,'',2
