10701,'H56U000A-80-A',520,,249109,24,0,5,1,31,,249097,24,0,5,1,73,,249099,24,0,5,2,30,,249110,24,0,5,1,72,,249098,24,0,5,1,33,,249100,24,0,5,2,71,,249111,24,0,5,1,70,,249127,24,0,5,2,28,,249120,24,0,5,1,29,,249101,24,0,5,2,69,,249112,24,0,5,1,31,,249128,24,0,5,2,70,,249121,24,0,5,1,30,,249102,24,0,5,2,70,,249113,24,0,5,1,30,,249129,24,0,5,2,70,,249122,24,0,5,1,30,,249103,24,0,5,2,70,,249114,24,0,5,1,30,,249130,24,0,5,2,70,,249123,24,0,5,1,30,,249104,24,0,5,2,70,,249115,24,0,5,1,30,,249131,24,0,5,2,70,,249124,24,0,5,1,30,,249105,24,0,5,2,70,,249116,24,0,5,1,30,,249132,24,0,5,2,70,,249125,24,0,5,1,30,,249106,24,0,5,2,70,,249117,24,0,5,1,30,,249133,24,0,5,2,70,,249126,24,0,5,1,30,,249107,24,0,5,2,70,,249118,24,0,5,1,30,,249134,24,0,5,2,70,,249136,24,0,5,1,28,,249108,24,0,5,2,69,,249119,24,0,5,1,29,,249135,24,0,5,2,71,,249137,24,0,5,1
10701,'H56U000I-80-I',519,,249176,24,0,5,1,31,,249139,24,0,5,1,72,,249138,24,0,5,1,31,,249177,24,0,5,1,70,,249140,24,0,5,1,33,,249150,24,0,5,2,72,,249155,24,0,5,1,30,,249141,24,0,5,1,71,,249164,24,0,5,2,71,,249151,24,0,5,2,28,,249156,24,0,5,1,29,,249142,24,0,5,1,70,,249165,24,0,5,2,30,,249152,24,0,5,2,70,,249157,24,0,5,1,30,,249143,24,0,5,1,70,,249166,24,0,5,2,30,,249153,24,0,5,2,70,,249158,24,0,5,1,30,,249144,24,0,5,1,70,,249167,24,0,5,2,31,,249154,24,0,5,2,71,,249159,24,0,5,1,72,,249145,24,0,5,1,32,,249160,24,0,5,2,71,,249168,24,0,5,2,31,,249172,24,0,5,1,69,,249146,24,0,5,1,28,,249161,24,0,5,2,68,,249169,24,0,5,2,28,,249173,24,0,5,1,29,,249147,24,0,5,1,69,,249162,24,0,5,2,30,,249170,24,0,5,2,70,,249174,24,0,5,1,27,,249148,24,0,5,1,69,,249163,24,0,5,2,29,,249171,24,0,5,2,69,,249175,24,0,5,1,33,,249149,24,0,5,1
10701,'H56U000S-81-S',515,,249180,24,0,5,1,22,,249186,24,0,5,2,17,,249219,24,0,5,2,57,,249191,24,0,5,2,17,,249189,24,0,5,2,18,,249179,24,0,5,1,12,,249181,24,0,5,1,52,,249197,24,0,5,1,11,,249187,24,0,5,2,10,,249206,24,0,5,2,9,,249227,24,0,5,2,8,,249220,24,0,5,2,7,,249212,24,0,5,2,47,,249183,24,0,5,1,9,,249192,24,0,5,2,9,,249188,24,0,5,2,9,,249190,24,0,5,2,11,,249214,24,0,5,1,12,,249218,24,0,5,1,50,,249213,24,0,5,2,11,,249198,24,0,5,1,12,,249182,24,0,5,1,10,,249207,24,0,5,2,14,,249221,24,0,5,2,64,,249193,24,0,5,2,28,,249215,24,0,5,1,68,,249199,24,0,5,1,29,,249208,24,0,5,2,69,,249194,24,0,5,2,28,,249216,24,0,5,1,67,,249200,24,0,5,1,30,,249209,24,0,5,2,69,,249195,24,0,5,2,29,,249217,24,0,5,1,26,,249178,24,0,5,1,63,,249201,24,0,5,1,23,,249210,24,0,5,2,63,,249196,24,0,5,2,22,,249184,24,0,5,1,22,,249185,24,0,5,1,62,,249222,24,0,5,2,22,,249202,24,0,5,1,22,,249211,24,0,5,2,67,,249232,24,0,5,1,26,,249228,24,0,5,2,69,,249223,24,0,5,2,30,,249203,24,0,5,1,67,,249233,24,0,5,1,27,,249229,24,0,5,2,67,,249224,24,0,5,2,27,,249204,24,0,5,1,68,,249234,24,0,5,1,28,,249230,24,0,5,2,28,,249225,24,0,5,2,68,,249205,24,0,5,1,28,,249235,24,0,5,1,69,,249231,24,0,5,2,32,,249226,24,0,5,2
10701,'H56U100F-80-F1',519,,249274,24,0,5,1,31,,249237,24,0,5,1,72,,249236,24,0,5,1,31,,249275,24,0,5,1,70,,249238,24,0,5,1,33,,249248,24,0,5,2,72,,249253,24,0,5,1,30,,249239,24,0,5,1,71,,249262,24,0,5,2,71,,249249,24,0,5,2,28,,249254,24,0,5,1,29,,249240,24,0,5,1,70,,249263,24,0,5,2,30,,249250,24,0,5,2,70,,249255,24,0,5,1,30,,249241,24,0,5,1,70,,249264,24,0,5,2,30,,249251,24,0,5,2,70,,249256,24,0,5,1,30,,249242,24,0,5,1,70,,249265,24,0,5,2,31,,249252,24,0,5,2,71,,249257,24,0,5,1,72,,249243,24,0,5,1,32,,249258,24,0,5,2,71,,249266,24,0,5,2,31,,249270,24,0,5,1,69,,249244,24,0,5,1,28,,249259,24,0,5,2,68,,249267,24,0,5,2,28,,249271,24,0,5,1,29,,249245,24,0,5,1,69,,249260,24,0,5,2,30,,249268,24,0,5,2,70,,249272,24,0,5,1,27,,249246,24,0,5,1,69,,249261,24,0,5,2,29,,249269,24,0,5,2,69,,249273,24,0,5,1,33,,249247,24,0,5,1
10701,'H56U200F-80-F2',519,,249314,24,0,5,1,31,,249277,24,0,5,1,72,,249276,24,0,5,1,31,,249315,24,0,5,1,70,,249278,24,0,5,1,33,,249288,24,0,5,2,72,,249293,24,0,5,1,30,,249279,24,0,5,1,71,,249302,24,0,5,2,71,,249289,24,0,5,2,28,,249294,24,0,5,1,29,,249280,24,0,5,1,70,,249303,24,0,5,2,30,,249290,24,0,5,2,70,,249295,24,0,5,1,30,,249281,24,0,5,1,70,,249304,24,0,5,2,30,,249291,24,0,5,2,70,,249296,24,0,5,1,30,,249282,24,0,5,1,70,,249305,24,0,5,2,31,,249292,24,0,5,2,71,,249297,24,0,5,1,72,,249283,24,0,5,1,32,,249298,24,0,5,2,71,,249306,24,0,5,2,31,,249310,24,0,5,1,69,,249284,24,0,5,1,28,,249299,24,0,5,2,68,,249307,24,0,5,2,28,,249311,24,0,5,1,29,,249285,24,0,5,1,69,,249300,24,0,5,2,30,,249308,24,0,5,2,70,,249312,24,0,5,1,27,,249286,24,0,5,1,69,,249301,24,0,5,2,29,,249309,24,0,5,2,69,,249313,24,0,5,1,33,,249287,24,0,5,1
35001,'H56U000A-80-A',2548,,276616,67,0,5,1,94,,276614,67,0,5,2,94,,276612,67,0,5,1,83,,276613,67,0,5,1,84,,276615,67,0,5,1
35001,'H56U000I-80-I',2545,,276620,67,0,5,1,87,,276618,67,0,5,1,87,,276617,67,0,5,1,84,,276619,67,0,5,1,47,,276621,67,0,5,2
35001,'H56U000S-81-S',2546,,276622,67,0,5,1,87,,276626,67,0,5,2,88,,276623,67,0,5,1,85,,276624,67,0,5,2,48,,276625,67,0,5,1
35001,'H56U100F-80-F1',2545,,276630,67,0,5,1,87,,276628,67,0,5,1,87,,276627,67,0,5,1,84,,276629,67,0,5,1,47,,276631,67,0,5,2
35001,'H56U200F-80-F2',2545,,276635,67,0,5,1,87,,276633,67,0,5,1,87,,276632,67,0,5,1,84,,276634,67,0,5,1,47,,276636,67,0,5,2
