2804,'H54U000A-80-A',518,,225513,24,0,9,2,35,,225509,24,0,9,2,75,,225506,24,0,9,1,75,,225514,24,0,9,2,35,,225510,24,0,9,2,75,,225507,24,0,9,1,34,,225515,24,0,9,2,73,,225511,24,0,9,2,33,,225508,24,0,9,1,73,,225516,24,0,9,2,74,,225512,24,0,9,2,34,,225535,24,0,9,1,74,,225517,24,0,9,2,34,,225526,24,0,9,1,73,,225536,24,0,9,1,33,,225518,24,0,9,2,73,,225527,24,0,9,1,32,,225537,24,0,9,1,72,,225519,24,0,9,2,31,,225528,24,0,9,1,72,,225538,24,0,9,1,72,,225520,24,0,9,2,32,,225529,24,0,9,1,73,,225539,24,0,9,1,33,,225521,24,0,9,2,72,,225530,24,0,9,1,33,,225540,24,0,9,1,73,,225522,24,0,9,2,33,,225531,24,0,9,1,73,,225541,24,0,9,1,32,,225523,24,0,9,2,72,,225532,24,0,9,1,32,,225542,24,0,9,1,71,,225524,24,0,9,2,72,,225533,24,0,9,1,33,,225543,24,0,9,1,73,,225525,24,0,9,2,33,,225534,24,0,9,1,66,,225544,24,0,9,1
2804,'H54U000I-80-I',519,,225550,24,0,9,2,34,,225545,24,0,9,1,73,,225548,24,0,9,1,33,,225551,24,0,9,2,73,,225546,24,0,9,1,73,,225549,24,0,9,1,34,,225552,24,0,9,2,74,,225547,24,0,9,1,34,,225564,24,0,9,1,74,,225553,24,0,9,2,34,,225565,24,0,9,1,74,,225563,24,0,9,2,73,,225554,24,0,9,2,33,,225566,24,0,9,1,73,,225575,24,0,9,2,33,,225555,24,0,9,2,72,,225567,24,0,9,1,31,,225576,24,0,9,2,71,,225556,24,0,9,2,31,,225568,24,0,9,1,72,,225577,24,0,9,2,33,,225557,24,0,9,2,73,,225569,24,0,9,1,33,,225578,24,0,9,2,72,,225558,24,0,9,2,73,,225570,24,0,9,1,33,,225579,24,0,9,2,73,,225559,24,0,9,2,33,,225571,24,0,9,1,73,,225580,24,0,9,2,33,,225560,24,0,9,2,73,,225572,24,0,9,1,33,,225581,24,0,9,2,72,,225561,24,0,9,2,31,,225573,24,0,9,1,70,,225582,24,0,9,2,31,,225562,24,0,9,2,72,,225574,24,0,9,1
2804,'H54U000S-81-S',516,,225601,24,0,9,2,30,,225609,24,0,9,2,70,,225614,24,0,9,1,20,,225618,7,0,9,1,12,,225602,24,0,9,2,56,,225595,7,0,9,1,15,,225610,24,0,9,2,12,,225594,7,0,9,1,10,,225621,7,0,9,2,10,,225612,24,0,9,1,54,,225613,7,0,9,2,15,,225603,24,0,9,2,28,,225611,24,0,9,2,54,,225593,7,0,9,1,13,,225596,24,0,9,1,6,,225622,7,0,9,2,25,,225604,24,0,9,2,71,,225583,24,0,9,1,30,,225597,24,0,9,1,70,,225605,24,0,9,2,30,,225584,24,0,9,1,71,,225598,24,0,9,1,30,,225606,24,0,9,2,70,,225585,24,0,9,1,30,,225599,24,0,9,1,70,,225607,24,0,9,2,30,,225586,24,0,9,1,59,,225623,24,0,9,1,18,,225600,24,0,9,1,18,,225626,24,0,9,2,59,,225608,24,0,9,2,17,,225587,24,0,9,1,5,,225632,24,0,9,2,12,,225588,24,0,9,1,19,,225624,24,0,9,1,63,,225627,24,0,9,2,22,,225633,24,0,9,2,60,,225634,24,0,9,2,23,,225589,24,0,9,1,24,,225628,24,0,9,2,71,,225615,24,0,9,1,31,,225590,24,0,9,1,70,,225629,24,0,9,2,30,,225616,24,0,9,1,70,,225591,24,0,9,1,31,,225630,24,0,9,2,70,,225617,24,0,9,1,29,,225592,24,0,9,1,71,,225631,24,0,9,2,30,,225625,24,0,9,1,69,,225635,24,0,9,2,31,,225619,24,0,9,1,73,,225620,24,0,9,1
2804,'H54U100F-80-F1',519,,225641,24,0,9,2,34,,225636,24,0,9,1,73,,225639,24,0,9,1,33,,225642,24,0,9,2,73,,225637,24,0,9,1,73,,225640,24,0,9,1,34,,225643,24,0,9,2,74,,225638,24,0,9,1,34,,225655,24,0,9,1,74,,225644,24,0,9,2,34,,225656,24,0,9,1,74,,225654,24,0,9,2,73,,225645,24,0,9,2,33,,225657,24,0,9,1,73,,225666,24,0,9,2,33,,225646,24,0,9,2,72,,225658,24,0,9,1,31,,225667,24,0,9,2,71,,225647,24,0,9,2,31,,225659,24,0,9,1,72,,225668,24,0,9,2,33,,225648,24,0,9,2,73,,225660,24,0,9,1,33,,225669,24,0,9,2,72,,225649,24,0,9,2,73,,225661,24,0,9,1,33,,225670,24,0,9,2,73,,225650,24,0,9,2,33,,225662,24,0,9,1,73,,225671,24,0,9,2,33,,225651,24,0,9,2,73,,225663,24,0,9,1,33,,225672,24,0,9,2,72,,225652,24,0,9,2,31,,225664,24,0,9,1,70,,225673,24,0,9,2,31,,225653,24,0,9,2,72,,225665,24,0,9,1
2804,'H54U200F-82-F2',519,,225694,24,0,9,1,34,,225674,24,0,9,1,73,,225684,24,0,9,1,33,,225703,24,0,9,2,73,,225695,24,0,9,1,73,,225709,24,0,9,1,34,,225704,24,0,9,2,74,,225696,24,0,9,1,34,,225710,24,0,9,1,74,,225702,24,0,9,1,34,,225697,24,0,9,1,74,,225675,24,0,9,1,73,,225685,24,0,9,2,33,,225698,24,0,9,1,73,,225676,24,0,9,1,33,,225686,24,0,9,2,72,,225699,24,0,9,1,31,,225677,24,0,9,1,71,,225687,24,0,9,2,31,,225700,24,0,9,1,72,,225678,24,0,9,1,33,,225688,24,0,9,2,73,,225701,24,0,9,1,33,,225679,24,0,9,1,72,,225689,24,0,9,2,73,,225705,24,0,9,1,33,,225680,24,0,9,1,73,,225690,24,0,9,2,33,,225706,24,0,9,1,73,,225681,24,0,9,1,33,,225691,24,0,9,2,73,,225711,24,0,9,1,33,,225682,24,0,9,1,72,,225692,24,0,9,2,31,,225707,24,0,9,1,70,,225683,24,0,9,1,31,,225693,24,0,9,2,72,,225708,24,0,9,1
36402,'H54U000A-80-A',2458,,277474,19,0,10,1,85,,277476,19,0,10,1,86,,277473,19,0,10,1,85,,277472,19,0,10,1,45,,277477,19,0,10,1,79,,277475,19,0,10,1
36402,'H54U000I-80-I',2459,,277478,19,0,10,1,85,,277482,19,0,10,1,85,,277479,19,0,10,1,85,,277480,19,0,10,1,45,,277481,19,0,10,1
36402,'H54U000S-81-S',2458,,277484,19,0,10,1,87,,277487,19,0,10,2,84,,277485,19,0,10,1,86,,277483,19,0,10,1,44,,277486,19,0,10,2
36402,'H54U100F-80-F1',2459,,277488,19,0,10,1,85,,277492,19,0,10,1,85,,277489,19,0,10,1,85,,277490,19,0,10,1,45,,277491,19,0,10,1
36402,'H54U200F-82-F2',2459,,277497,19,0,10,1,85,,277495,19,0,10,2,85,,277494,19,0,10,1,85,,277493,19,0,10,2,45,,277496,19,0,10,1
