11403,'H56U000A-80-A',609,,251273,31,0,8,1,29,,251305,31,0,8,2,69,,251290,31,0,8,2,29,,251274,31,0,8,1,69,,251306,31,0,8,2,29,,251291,31,0,8,2,74,,251275,31,0,8,1,30,,251307,31,0,8,2,70,,251292,31,0,8,2,31,,251276,31,0,8,1,71,,251269,31,0,8,1,32,,251293,31,0,8,2,73,,251277,31,0,8,1,33,,251270,31,0,8,1,72,,251294,31,0,8,2,32,,251271,31,0,8,1,73,,251303,31,0,8,2,33,,251295,31,0,8,2,73,,251272,31,0,8,1,72,,251304,31,0,8,2,33,,251296,31,0,8,2,69,,251278,31,0,8,1,29,,251281,31,0,8,2,71,,251279,31,0,8,1,31,,251297,31,0,8,2,72,,251282,31,0,8,2,29,,251280,31,0,8,1,69,,251298,31,0,8,2,30,,251283,31,0,8,2,70,,251267,31,0,8,1,30,,251299,31,0,8,2,70,,251284,31,0,8,2,28,,251268,31,0,8,1,70,,251300,31,0,8,2,30,,251285,31,0,8,2,70,,251288,31,0,8,1,31,,251301,31,0,8,2,71,,251286,31,0,8,2,30,,251289,31,0,8,1,71,,251302,31,0,8,2,31,,251287,31,0,8,2
11403,'H56U000I-80-I',609,,251308,31,0,8,1,30,,251313,31,0,8,1,69,,251336,31,0,8,2,30,,251309,31,0,8,1,71,,251314,31,0,8,1,30,,251337,31,0,8,2,70,,251310,31,0,8,1,30,,251315,31,0,8,1,70,,251338,31,0,8,2,31,,251311,31,0,8,1,72,,251316,31,0,8,1,32,,251339,31,0,8,2,71,,251312,31,0,8,1,35,,251317,31,0,8,1,72,,251340,31,0,8,2,32,,251343,31,0,8,1,73,,251328,31,0,8,2,73,,251341,31,0,8,2,32,,251344,31,0,8,1,73,,251329,31,0,8,2,33,,251342,31,0,8,2,72,,251345,31,0,8,1,28,,251330,31,0,8,2,69,,251318,31,0,8,2,31,,251322,31,0,8,1,72,,251331,31,0,8,2,30,,251319,31,0,8,2,69,,251323,31,0,8,1,28,,251332,31,0,8,2,70,,251320,31,0,8,2,30,,251324,31,0,8,1,70,,251333,31,0,8,2,30,,251321,31,0,8,2,69,,251325,31,0,8,1,30,,251334,31,0,8,2,70,,251346,31,0,8,2,30,,251326,31,0,8,1,70,,251335,31,0,8,2,30,,251347,31,0,8,2,70,,251327,31,0,8,1
11403,'H56U000S-81-S',532,,251372,31,0,8,1,73,,251370,31,0,8,2,37,,251386,31,0,8,1,72,,251373,31,0,8,1,32,,251371,31,0,8,2,71,,251387,31,0,8,1,31,,251380,31,0,8,1,70,,251348,31,0,8,1,30,,251353,31,0,8,1,72,,251374,31,0,8,1,32,,251381,31,0,8,1,72,,251351,31,0,8,2,32,,251368,31,0,8,1,73,,251354,31,0,8,2,72,,251383,31,0,8,1,32,,251350,31,0,8,1,72,,251382,31,0,8,1,32,,251352,31,0,8,2,72,,251369,31,0,8,1,34,,251355,31,0,8,2,73,,251361,31,0,8,1,30,,251384,31,0,8,2,70,,251349,31,0,8,1,30,,251356,31,0,8,2,70,,251362,31,0,8,1,26,,251385,31,0,8,2,65,,251375,31,0,8,1,30,,251357,31,0,8,2,71,,251363,31,0,8,1,31,,251376,31,0,8,1,70,,251358,31,0,8,2,32,,251364,31,0,8,1,71,,251377,31,0,8,1,31,,251359,31,0,8,2,70,,251365,31,0,8,1,31,,251378,31,0,8,1,71,,251360,31,0,8,2,31,,251366,31,0,8,1,71,,251379,31,0,8,1,29,,251388,31,0,8,1,70,,251367,31,0,8,1
11403,'H56U100F-80-F1',609,,251389,31,0,8,1,30,,251394,31,0,8,1,69,,251417,31,0,8,2,30,,251390,31,0,8,1,71,,251395,31,0,8,1,30,,251418,31,0,8,2,70,,251391,31,0,8,1,30,,251396,31,0,8,1,70,,251419,31,0,8,2,31,,251392,31,0,8,1,72,,251397,31,0,8,1,32,,251420,31,0,8,2,71,,251393,31,0,8,1,35,,251398,31,0,8,1,72,,251421,31,0,8,2,32,,251424,31,0,8,1,73,,251409,31,0,8,2,73,,251422,31,0,8,2,32,,251425,31,0,8,1,73,,251410,31,0,8,2,33,,251423,31,0,8,2,72,,251426,31,0,8,1,28,,251411,31,0,8,2,69,,251399,31,0,8,2,31,,251403,31,0,8,1,72,,251412,31,0,8,2,30,,251400,31,0,8,2,69,,251404,31,0,8,1,28,,251413,31,0,8,2,70,,251401,31,0,8,2,30,,251405,31,0,8,1,70,,251414,31,0,8,2,30,,251402,31,0,8,2,69,,251406,31,0,8,1,30,,251415,31,0,8,2,70,,251427,31,0,8,2,30,,251407,31,0,8,1,70,,251416,31,0,8,2,30,,251428,31,0,8,2,70,,251408,31,0,8,1
11403,'H56U200F-80-F2',609,,251429,31,0,8,1,30,,251434,31,0,8,1,69,,251457,31,0,8,2,30,,251430,31,0,8,1,71,,251435,31,0,8,1,30,,251458,31,0,8,2,70,,251431,31,0,8,1,30,,251436,31,0,8,1,70,,251459,31,0,8,2,31,,251432,31,0,8,1,72,,251437,31,0,8,1,32,,251460,31,0,8,2,71,,251433,31,0,8,1,35,,251438,31,0,8,1,72,,251461,31,0,8,2,32,,251464,31,0,8,1,73,,251449,31,0,8,2,73,,251462,31,0,8,2,32,,251465,31,0,8,1,73,,251450,31,0,8,2,33,,251463,31,0,8,2,72,,251466,31,0,8,1,28,,251451,31,0,8,2,69,,251439,31,0,8,2,31,,251443,31,0,8,1,72,,251452,31,0,8,2,30,,251440,31,0,8,2,69,,251444,31,0,8,1,28,,251453,31,0,8,2,70,,251441,31,0,8,2,30,,251445,31,0,8,1,70,,251454,31,0,8,2,30,,251442,31,0,8,2,69,,251446,31,0,8,1,30,,251455,31,0,8,2,70,,251467,31,0,8,2,30,,251447,31,0,8,1,70,,251456,31,0,8,2,30,,251468,31,0,8,2,70,,251448,31,0,8,1
35001,'H56U000A-80-A',2522,,276616,40,0,5,1,94,,276614,40,0,5,2,94,,276612,40,0,5,1,43,,276613,40,0,5,1,84,,276615,40,0,5,1
35001,'H56U000I-80-I',2522,,276620,40,0,5,1,88,,276618,40,0,5,1,47,,276617,40,0,5,1,84,,276619,40,0,5,1,87,,276621,40,0,5,2
35001,'H56U000S-81-S',2521,,276622,40,0,5,1,87,,276626,40,0,5,2,48,,276623,40,0,5,1,85,,276624,40,0,5,2,88,,276625,40,0,5,1
35001,'H56U100F-80-F1',2522,,276630,40,0,5,1,88,,276628,40,0,5,1,47,,276627,40,0,5,1,84,,276629,40,0,5,1,87,,276631,40,0,5,2
35001,'H56U200F-80-F2',2522,,276635,40,0,5,1,88,,276633,40,0,5,1,47,,276632,40,0,5,1,84,,276634,40,0,5,1,87,,276636,40,0,5,2
35002,'H56U000A-80-A',2603,,276638,65,0,10,1,40,,276646,65,0,10,1,70,,276645,65,0,10,1,11,,276649,65,0,10,1,10,,276637,65,0,10,1,9,,276641,65,0,10,1,9,,276651,65,0,10,1,50,,276648,65,0,10,2,10,,276642,65,0,10,2,10,,276639,65,0,10,1,10,,276643,65,0,10,2,11,,276640,65,0,10,1,10,,276644,65,0,10,2,50,,276647,65,0,10,1,19,,276650,65,0,10,1
35002,'H56U000I-80-I',2552,,276652,65,0,10,1,68,,276657,65,0,10,1,26,,276654,65,0,10,1,67,,276659,65,0,10,2,27,,276658,65,0,10,1,66,,276653,65,0,10,1,26,,276656,65,0,10,1,26,,276655,65,0,10,1
35002,'H56U000S-81-S',2556,,276660,65,0,10,2,85,,276663,65,0,10,1,92,,276661,65,0,10,2,86,,276662,65,0,10,1,29,,276665,65,0,10,2,55,,276664,65,0,10,1
35002,'H56U100F-80-F1',2552,,276666,65,0,10,1,68,,276671,65,0,10,1,26,,276668,65,0,10,1,67,,276673,65,0,10,2,27,,276672,65,0,10,1,66,,276667,65,0,10,1,26,,276670,65,0,10,1,26,,276669,65,0,10,1
35002,'H56U200F-80-F2',2552,,276674,65,0,10,1,68,,276679,65,0,10,1,26,,276676,65,0,10,1,67,,276681,65,0,10,2,27,,276680,65,0,10,1,66,,276675,65,0,10,1,26,,276678,65,0,10,1,26,,276677,65,0,10,1
