'25N-H56N100F-80-F1-E',3701,60700,,'',1,2600,,'',1,2300,,'',1,6200,,'',1,2200,,'',1,6300,,'',1,2400,,'',1,2400,,'',1,60400,,'',1,7000,,'',1,3000,,'',1,7000,,'',1,3000,,'',1,7000,,'',1,2800,,'',1,54900,,'',1,2600,,'',1,2600,,'',1,6600,,'',1,2600,,'',1
'25N-H56N100F-80-F1-E',3702,62600,4,'',1,2100,4,'',1,6100,4,'',1,2200,4,'',1,2200,4,'',1,6200,4,'',1,2300,4,'',1,6500,4,'',1,2500,4,'',1,58400,4,'',1,2800,4,'',1,6800,4,'',1,2800,4,'',1,6800,4,'',1,2900,4,'',1,2700,4,'',1,58100,4,'',1,6600,4,'',1,2700,4,'',1,6700,4,'',1,2800,4,'',1
'25N-H56N100F-80-F1-NE',3701,51500,,'',1,2600,,'',1,37500,,'',1,2500,,'',1,6600,,'',1,2800,,'',1,6900,,'',1,2800,,'',1,6900,,'',1,2900,,'',1,2900,,'',1,6900,,'',1,2900,,'',1,6900,,'',1,39500,,'',1,3000,,'',1,6900,,'',1,3000,,'',1,6900,,'',1,2700,,'',1,6700,,'',1,2700,,'',1,6800,,'',1,2700,,'',1
'25N-H56N100F-80-F1-NE',3702,95300,4,'',1,6700,4,'',1,2500,4,'',1,6500,4,'',1,3000,4,'',1,7200,4,'',1,3200,4,'',1,7100,4,'',1,2900,4,'',1,6900,4,'',1,2900,4,'',1,38600,4,'',1,2800,4,'',1,6800,4,'',1,2900,4,'',1,6900,4,'',1,2800,4,'',1,6900,4,'',1,2900,4,'',1,6900,4,'',1,2800,4,'',1,6800,4,'',1,24400,4,'',1
'25N-H56N200F-80-F2-E',3701,60700,,'',1,2600,,'',1,2300,,'',1,6200,,'',1,2200,,'',1,6300,,'',1,2400,,'',1,2400,,'',1,60400,,'',1,7000,,'',1,3000,,'',1,7000,,'',1,3000,,'',1,7000,,'',1,2800,,'',1,54900,,'',1,2600,,'',1,2600,,'',1,6600,,'',1,2600,,'',1
'25N-H56N200F-80-F2-E',3702,62600,4,'',1,2100,4,'',1,6100,4,'',1,2200,4,'',1,2200,4,'',1,6200,4,'',1,2300,4,'',1,6500,4,'',1,2500,4,'',1,58400,4,'',1,2800,4,'',1,6800,4,'',1,2800,4,'',1,6800,4,'',1,2900,4,'',1,2700,4,'',1,58100,4,'',1,6600,4,'',1,2700,4,'',1,6700,4,'',1,2800,4,'',1
'25N-H56N200F-80-F2-NE',3701,51500,,'',1,2600,,'',1,37500,,'',1,2500,,'',1,6600,,'',1,2800,,'',1,6900,,'',1,2800,,'',1,6900,,'',1,2900,,'',1,2900,,'',1,6900,,'',1,2900,,'',1,6900,,'',1,39500,,'',1,3000,,'',1,6900,,'',1,3000,,'',1,6900,,'',1,2700,,'',1,6700,,'',1,2700,,'',1,6800,,'',1,2700,,'',1
'25N-H56N200F-80-F2-NE',3702,95300,4,'',1,6700,4,'',1,2500,4,'',1,6500,4,'',1,3000,4,'',1,7200,4,'',1,3200,4,'',1,7100,4,'',1,2900,4,'',1,6900,4,'',1,2900,4,'',1,38600,4,'',1,2800,4,'',1,6800,4,'',1,2900,4,'',1,6900,4,'',1,2800,4,'',1,6900,4,'',1,2900,4,'',1,6900,4,'',1,2800,4,'',1,6800,4,'',1,24400,4,'',1
'25N-H56N300F-80-F3-E',3701,60700,,'',1,2600,,'',1,2300,,'',1,6200,,'',1,2200,,'',1,6300,,'',1,2400,,'',1,2400,,'',1,60400,,'',1,7000,,'',1,3000,,'',1,7000,,'',1,3000,,'',1,7000,,'',1,2800,,'',1,54900,,'',1,2600,,'',1,2600,,'',1,6600,,'',1,2600,,'',1
'25N-H56N300F-80-F3-E',3702,62600,4,'',1,2100,4,'',1,6100,4,'',1,2200,4,'',1,2200,4,'',1,6200,4,'',1,2300,4,'',1,6500,4,'',1,2500,4,'',1,58400,4,'',1,2800,4,'',1,6800,4,'',1,2800,4,'',1,6800,4,'',1,2900,4,'',1,2700,4,'',1,58100,4,'',1,6600,4,'',1,2700,4,'',1,6700,4,'',1,2800,4,'',1
'25N-H56N300F-80-F3-NE',3701,51500,,'',1,2600,,'',1,37500,,'',1,2500,,'',1,6600,,'',1,2800,,'',1,6900,,'',1,2800,,'',1,6900,,'',1,2900,,'',1,2900,,'',1,6900,,'',1,2900,,'',1,6900,,'',1,39500,,'',1,3000,,'',1,6900,,'',1,3000,,'',1,6900,,'',1,2700,,'',1,6700,,'',1,2700,,'',1,6800,,'',1,2700,,'',1
'25N-H56N300F-80-F3-NE',3702,95300,4,'',1,6700,4,'',1,2500,4,'',1,6500,4,'',1,3000,4,'',1,7200,4,'',1,3200,4,'',1,7100,4,'',1,2900,4,'',1,6900,4,'',1,2900,4,'',1,38600,4,'',1,2800,4,'',1,6800,4,'',1,2900,4,'',1,6900,4,'',1,2800,4,'',1,6900,4,'',1,2900,4,'',1,6900,4,'',1,2800,4,'',1,6800,4,'',1,24400,4,'',1
'25N-H56N400F-80-F4-E',3701,60700,,'',1,2600,,'',1,2300,,'',1,6200,,'',1,2200,,'',1,6300,,'',1,2400,,'',1,2400,,'',1,60400,,'',1,7000,,'',1,3000,,'',1,7000,,'',1,3000,,'',1,7000,,'',1,2800,,'',1,54900,,'',1,2600,,'',1,2600,,'',1,6600,,'',1,2600,,'',1
'25N-H56N400F-80-F4-E',3702,62600,4,'',1,2100,4,'',1,6100,4,'',1,2200,4,'',1,2200,4,'',1,6200,4,'',1,2300,4,'',1,6500,4,'',1,2500,4,'',1,58400,4,'',1,2800,4,'',1,6800,4,'',1,2800,4,'',1,6800,4,'',1,2900,4,'',1,2700,4,'',1,58100,4,'',1,6600,4,'',1,2700,4,'',1,6700,4,'',1,2800,4,'',1
'25N-H56N400F-80-F4-NE',3701,51500,,'',1,2600,,'',1,37500,,'',1,2500,,'',1,6600,,'',1,2800,,'',1,6900,,'',1,2800,,'',1,6900,,'',1,2900,,'',1,2900,,'',1,6900,,'',1,2900,,'',1,6900,,'',1,39500,,'',1,3000,,'',1,6900,,'',1,3000,,'',1,6900,,'',1,2700,,'',1,6700,,'',1,2700,,'',1,6800,,'',1,2700,,'',1
'25N-H56N400F-80-F4-NE',3702,95300,4,'',1,6700,4,'',1,2500,4,'',1,6500,4,'',1,3000,4,'',1,7200,4,'',1,3200,4,'',1,7100,4,'',1,2900,4,'',1,6900,4,'',1,2900,4,'',1,38600,4,'',1,2800,4,'',1,6800,4,'',1,2900,4,'',1,6900,4,'',1,2800,4,'',1,6900,4,'',1,2900,4,'',1,6900,4,'',1,2800,4,'',1,6800,4,'',1,24400,4,'',1
'25N-H56NV10A-80-A-E',3701,60700,,'',1,2600,,'',1,2200,,'',1,6200,,'',1,2200,,'',1,6300,,'',1,2400,,'',1,2500,,'',1,60400,,'',1,7000,,'',1,3000,,'',1,7100,,'',1,3100,,'',1,6900,,'',1,2900,,'',1,50400,,'',1,6600,,'',1,2600,,'',1,6600,,'',1,2600,,'',1,6600,,'',1
'25N-H56NV10A-80-A-E',3702,62500,4,'',1,2000,4,'',1,6200,4,'',1,2200,4,'',1,2200,4,'',1,6200,4,'',1,2200,4,'',1,2300,4,'',1,6700,4,'',1,58800,4,'',1,2900,4,'',1,6900,4,'',1,2900,4,'',1,6900,4,'',1,2900,4,'',1,6700,4,'',1,53300,4,'',1,6700,4,'',1,2700,4,'',1,2700,4,'',1,6600,4,'',1
'25N-H56NV10A-80-A-NE',3701,51500,,'',1,2600,,'',1,37600,,'',1,2600,,'',1,6500,,'',1,2600,,'',1,6700,,'',1,2800,,'',1,2900,,'',1,6900,,'',1,3000,,'',1,7000,,'',1,3000,,'',1,6900,,'',1,39800,,'',1,2900,,'',1,6900,,'',1,2900,,'',1,6900,,'',1,2900,,'',1,6600,,'',1,2600,,'',1,6600,,'',1,2600,,'',1
'25N-H56NV10A-80-A-NE',3702,95300,4,'',1,6900,4,'',1,2700,4,'',1,6900,4,'',1,2900,4,'',1,6900,4,'',1,3100,4,'',1,7000,4,'',1,2900,4,'',1,6900,4,'',1,2900,4,'',1,39000,4,'',1,6900,4,'',1,2900,4,'',1,6800,4,'',1,2800,4,'',1,2800,4,'',1,6800,4,'',1,2700,4,'',1,6800,4,'',1,2600,4,'',1,6600,4,'',1,24200,4,'',1,6700,4,'',1
'25N-H56NV10I-80-I-E',3701,60700,,'',1,2600,,'',1,2300,,'',1,6200,,'',1,2200,,'',1,6300,,'',1,2400,,'',1,2400,,'',1,60400,,'',1,7000,,'',1,3000,,'',1,7000,,'',1,3000,,'',1,7000,,'',1,2800,,'',1,54900,,'',1,2600,,'',1,2600,,'',1,6600,,'',1,2600,,'',1
'25N-H56NV10I-80-I-E',3702,62600,4,'',1,2100,4,'',1,6100,4,'',1,2200,4,'',1,2200,4,'',1,6200,4,'',1,2300,4,'',1,6500,4,'',1,2500,4,'',1,58400,4,'',1,2800,4,'',1,6800,4,'',1,2800,4,'',1,6800,4,'',1,2900,4,'',1,2700,4,'',1,58100,4,'',1,6600,4,'',1,2700,4,'',1,6700,4,'',1,2800,4,'',1
'25N-H56NV10I-80-I-NE',3701,51500,,'',1,2600,,'',1,37500,,'',1,2500,,'',1,6600,,'',1,2800,,'',1,6900,,'',1,2800,,'',1,6900,,'',1,2900,,'',1,2900,,'',1,6900,,'',1,2900,,'',1,6900,,'',1,39500,,'',1,3000,,'',1,6900,,'',1,3000,,'',1,6900,,'',1,2700,,'',1,6700,,'',1,2700,,'',1,6800,,'',1,2700,,'',1
'25N-H56NV10I-80-I-NE',3702,95300,4,'',1,6700,4,'',1,2500,4,'',1,6500,4,'',1,3000,4,'',1,7200,4,'',1,3200,4,'',1,7100,4,'',1,2900,4,'',1,6900,4,'',1,2900,4,'',1,38600,4,'',1,2800,4,'',1,6800,4,'',1,2900,4,'',1,6900,4,'',1,2800,4,'',1,6900,4,'',1,2900,4,'',1,6900,4,'',1,2800,4,'',1,6800,4,'',1,24400,4,'',1
'25N-H56NV10S-80-S-E',3701,60400,,'',1,2800,,'',1,2700,,'',1,6500,,'',1,2500,,'',1,6200,,'',1,2300,,'',1,2500,,'',1,57800,,'',1,7100,,'',1,3100,,'',1,7100,,'',1,3000,,'',1,7000,,'',1,3000,,'',1,56600,,'',1,3200,,'',1,7300,,'',1
'25N-H56NV10S-80-S-E',3702,63400,4,'',1,7700,4,'',1,3500,4,'',1,7100,4,'',1,2900,4,'',1,7200,4,'',1,60600,4,'',1,10300,4,'',1,3200,4,'',1,7200,4,'',1,7100,4,'',1,3000,4,'',1,50200,4,'',1,6900,4,'',1,3400,4,'',1
'25N-H56NV10S-80-S-NE',3701,53300,,'',1,39400,,'',1,2900,,'',1,6700,,'',1,2700,,'',1,6600,,'',1,2700,,'',1,6700,,'',1,2800,,'',1,6900,,'',1,3000,,'',1,7000,,'',1,40300,,'',1,3000,,'',1,6900,,'',1,2800,,'',1,6800,,'',1,2800,,'',1,6800,,'',1,2800,,'',1,7100,,'',1,3300,,'',1
'25N-H56NV10S-80-S-NE',3702,60100,4,'',1,34700,4,'',1,6600,4,'',1,2800,4,'',1,7300,4,'',1,3300,4,'',1,7400,4,'',1,3400,4,'',1,6900,4,'',1,2900,4,'',1,6900,4,'',1,3000,4,'',1,44700,4,'',1,2500,4,'',1,2700,4,'',1,6700,4,'',1,2400,4,'',1,6700,4,'',1,2800,4,'',1,6900,4,'',1,2900,4,'',1,6900,4,'',1
'25N-H56NV20A-80-A-E',3701,60700,,'',1,2600,,'',1,2200,,'',1,6200,,'',1,2200,,'',1,6300,,'',1,2400,,'',1,2500,,'',1,60400,,'',1,7000,,'',1,3000,,'',1,7100,,'',1,3100,,'',1,6900,,'',1,2900,,'',1,50400,,'',1,6600,,'',1,2600,,'',1,6600,,'',1,2600,,'',1,6600,,'',1
'25N-H56NV20A-80-A-E',3702,62500,4,'',1,2000,4,'',1,6200,4,'',1,2200,4,'',1,2200,4,'',1,6200,4,'',1,2200,4,'',1,2300,4,'',1,6700,4,'',1,58800,4,'',1,2900,4,'',1,6900,4,'',1,2900,4,'',1,6900,4,'',1,2900,4,'',1,6700,4,'',1,53300,4,'',1,6700,4,'',1,2700,4,'',1,2700,4,'',1,6600,4,'',1
'25N-H56NV20A-80-A-NE',3701,51500,,'',1,2600,,'',1,37600,,'',1,2600,,'',1,6500,,'',1,2600,,'',1,6700,,'',1,2800,,'',1,2900,,'',1,6900,,'',1,3000,,'',1,7000,,'',1,3000,,'',1,6900,,'',1,39800,,'',1,2900,,'',1,6900,,'',1,2900,,'',1,6900,,'',1,2900,,'',1,6600,,'',1,2600,,'',1,6600,,'',1,2600,,'',1
'25N-H56NV20A-80-A-NE',3702,95300,4,'',1,6900,4,'',1,2700,4,'',1,6900,4,'',1,2900,4,'',1,6900,4,'',1,3100,4,'',1,7000,4,'',1,2900,4,'',1,6900,4,'',1,2900,4,'',1,39000,4,'',1,6900,4,'',1,2900,4,'',1,6800,4,'',1,2800,4,'',1,2800,4,'',1,6800,4,'',1,2700,4,'',1,6800,4,'',1,2600,4,'',1,6600,4,'',1,24200,4,'',1,6700,4,'',1
'25N-H56NV20I-80-I-E',3701,60700,,'',1,2600,,'',1,2300,,'',1,6200,,'',1,2200,,'',1,6300,,'',1,2400,,'',1,2400,,'',1,60400,,'',1,7000,,'',1,3000,,'',1,7000,,'',1,3000,,'',1,7000,,'',1,2800,,'',1,54900,,'',1,2600,,'',1,2600,,'',1,6600,,'',1,2600,,'',1
'25N-H56NV20I-80-I-E',3702,62600,4,'',1,2100,4,'',1,6100,4,'',1,2200,4,'',1,2200,4,'',1,6200,4,'',1,2300,4,'',1,6500,4,'',1,2500,4,'',1,58400,4,'',1,2800,4,'',1,6800,4,'',1,2800,4,'',1,6800,4,'',1,2900,4,'',1,2700,4,'',1,58100,4,'',1,6600,4,'',1,2700,4,'',1,6700,4,'',1,2800,4,'',1
'25N-H56NV20I-80-I-NE',3701,51500,,'',1,2600,,'',1,37500,,'',1,2500,,'',1,6600,,'',1,2800,,'',1,6900,,'',1,2800,,'',1,6900,,'',1,2900,,'',1,2900,,'',1,6900,,'',1,2900,,'',1,6900,,'',1,39500,,'',1,3000,,'',1,6900,,'',1,3000,,'',1,6900,,'',1,2700,,'',1,6700,,'',1,2700,,'',1,6800,,'',1,2700,,'',1
'25N-H56NV20I-80-I-NE',3702,95300,4,'',1,6700,4,'',1,2500,4,'',1,6500,4,'',1,3000,4,'',1,7200,4,'',1,3200,4,'',1,7100,4,'',1,2900,4,'',1,6900,4,'',1,2900,4,'',1,38600,4,'',1,2800,4,'',1,6800,4,'',1,2900,4,'',1,6900,4,'',1,2800,4,'',1,6900,4,'',1,2900,4,'',1,6900,4,'',1,2800,4,'',1,6800,4,'',1,24400,4,'',1
'25N-H56NV20S-80-S-E',3701,60400,,'',1,2800,,'',1,2700,,'',1,6500,,'',1,2500,,'',1,6200,,'',1,2300,,'',1,2500,,'',1,57800,,'',1,7100,,'',1,3100,,'',1,7100,,'',1,3000,,'',1,7000,,'',1,3000,,'',1,56600,,'',1,3200,,'',1,7300,,'',1
'25N-H56NV20S-80-S-E',3702,63400,4,'',1,7700,4,'',1,3500,4,'',1,7100,4,'',1,2900,4,'',1,7200,4,'',1,60600,4,'',1,10300,4,'',1,3200,4,'',1,7200,4,'',1,7100,4,'',1,3000,4,'',1,50200,4,'',1,6900,4,'',1,3400,4,'',1
'25N-H56NV20S-80-S-NE',3701,53300,,'',1,39400,,'',1,2900,,'',1,6700,,'',1,2700,,'',1,6600,,'',1,2700,,'',1,6700,,'',1,2800,,'',1,6900,,'',1,3000,,'',1,7000,,'',1,40300,,'',1,3000,,'',1,6900,,'',1,2800,,'',1,6800,,'',1,2800,,'',1,6800,,'',1,2800,,'',1,7100,,'',1,3300,,'',1
'25N-H56NV20S-80-S-NE',3702,60100,4,'',1,34700,4,'',1,6600,4,'',1,2800,4,'',1,7300,4,'',1,3300,4,'',1,7400,4,'',1,3400,4,'',1,6900,4,'',1,2900,4,'',1,6900,4,'',1,3000,4,'',1,44700,4,'',1,2500,4,'',1,2700,4,'',1,6700,4,'',1,2400,4,'',1,6700,4,'',1,2800,4,'',1,6900,4,'',1,2900,4,'',1,6900,4,'',1
'25N-H57NV10S-84-S-E',3702,155500,4,'',1
'25N-H57NV20S-80-S-E',3702,155500,4,'',1
