13504,'H50M000S-70-S',619,,129145,2,0,9,1,100,,129146,2,0,9,1
13504,'H58M000S-70-S',649,,129151,2,0,9,1,101,,129148,2,0,9,2,69,,129147,2,0,9,1,31,,129150,2,0,9,2,78,,129149,2,0,9,1
16401,'H50M000S-70-S',832,,135720,40,0,5,1
16401,'H51M000S-70-S',1544,,135721,40,0,5,1
16401,'H58M000S-70-S',725,,135722,40,0,5,2,126,,135723,40,0,5,2,677,,135725,40,0,5,1,76,,135724,40,0,5,2,40,,135726,40,0,5,2
16401,'H60M000A-71-A',600,,135729,40,0,5,1,37,,135727,40,0,5,2,77,,135741,40,0,5,1,36,,135728,40,0,5,1,71,,135752,40,0,5,1,31,,135731,40,0,5,1,71,,135742,40,0,5,1,30,,135753,40,0,5,1,70,,135732,40,0,5,1,30,,135743,40,0,5,1,69,,135754,40,0,5,1,29,,135733,40,0,5,1,69,,135744,40,0,5,1,29,,135755,40,0,5,1,69,,135734,40,0,5,1,30,,135745,40,0,5,1,70,,135756,40,0,5,1,22,,135765,40,0,5,1,62,,135739,40,0,5,1,30,,135746,40,0,5,1,70,,135757,40,0,5,1,30,,135735,40,0,5,1,71,,135747,40,0,5,1,31,,135758,40,0,5,1,72,,135736,40,0,5,1,31,,135748,40,0,5,1,71,,135759,40,0,5,1,30,,135740,40,0,5,1,70,,135749,40,0,5,1,30,,135760,40,0,5,1,70,,135737,40,0,5,1,30,,135750,40,0,5,1,70,,135761,40,0,5,1,30,,135738,40,0,5,1,71,,135751,40,0,5,1,30,,135762,40,0,5,1,70,,135764,40,0,5,1,32,,135766,40,0,5,1,72,,135730,40,0,5,1,31,,135763,40,0,5,1
16401,'H60M000I-71-I',554,,135780,40,0,5,2,77,,135767,40,0,5,1,78,,135781,40,0,5,2,37,,135769,40,0,5,1,78,,135782,40,0,5,2,78,,135768,40,0,5,1,39,,135783,40,0,5,2,80,,135770,40,0,5,1,31,,135795,40,0,5,1,70,,135784,40,0,5,2,29,,135771,40,0,5,1,69,,135796,40,0,5,1,29,,135785,40,0,5,2,69,,135772,40,0,5,1,29,,135797,40,0,5,1,69,,135786,40,0,5,2,29,,135773,40,0,5,1,70,,135798,40,0,5,1,29,,135787,40,0,5,2,69,,135774,40,0,5,1,29,,135799,40,0,5,1,69,,135788,40,0,5,2,29,,135775,40,0,5,1,68,,135800,40,0,5,1,29,,135789,40,0,5,2,68,,135776,40,0,5,1,28,,135801,40,0,5,1,69,,135790,40,0,5,2,28,,135777,40,0,5,1,29,,135802,40,0,5,1,70,,135791,40,0,5,2,29,,135778,40,0,5,1,70,,135803,40,0,5,1,31,,135792,40,0,5,2,70,,135779,40,0,5,1,72,,135793,40,0,5,2,31,,135794,40,0,5,1,70,,135804,40,0,5,2
16401,'H60M000S-71-S',552,,135807,40,0,5,1,69,,135809,40,0,5,1,28,,135806,40,0,5,1,52,,135812,40,0,5,2,11,,135813,40,0,5,1,26,,135822,40,0,5,1,13,,135823,40,0,5,2,51,,135824,40,0,5,1,11,,135825,40,0,5,1,9,,135821,40,0,5,1,20,,135814,40,0,5,1,67,,135830,40,0,5,1,21,,135818,40,0,5,1,25,,135826,40,0,5,1,66,,135815,40,0,5,1,28,,135831,40,0,5,1,68,,135819,40,0,5,1,28,,135827,40,0,5,1,60,,135816,40,0,5,1,20,,135832,40,0,5,1,27,,135820,40,0,5,1,66,,135828,40,0,5,1,24,,135817,40,0,5,1,64,,135833,40,0,5,1,24,,135835,40,0,5,1,22,,135842,40,0,5,1,59,,135829,40,0,5,1,113,,135836,40,0,5,1,78,,135846,40,0,5,1,20,,135834,40,0,5,1,19,,135845,40,0,5,2,60,,135838,40,0,5,1,19,,135837,40,0,5,1,22,,135847,40,0,5,1,68,,135843,40,0,5,1,29,,135839,40,0,5,1,71,,135848,40,0,5,1,32,,135844,40,0,5,1,70,,135840,40,0,5,1,32,,135849,40,0,5,1,73,,135808,40,0,5,1,32,,135841,40,0,5,1,73,,135850,40,0,5,1,34,,135810,40,0,5,1,79,,135805,40,0,5,1,79,,135811,40,0,5,1
16401,'H60M100F-71-F1',554,,135856,40,0,5,1,77,,135851,40,0,5,1,78,,135857,40,0,5,1,37,,135852,40,0,5,1,78,,135858,40,0,5,1,78,,135853,40,0,5,1,39,,135859,40,0,5,1,80,,135854,40,0,5,1,31,,135879,40,0,5,1,70,,135860,40,0,5,1,29,,135871,40,0,5,1,69,,135880,40,0,5,1,29,,135861,40,0,5,1,69,,135872,40,0,5,1,29,,135881,40,0,5,1,69,,135862,40,0,5,1,29,,135873,40,0,5,1,70,,135882,40,0,5,1,29,,135864,40,0,5,1,69,,135874,40,0,5,1,29,,135883,40,0,5,1,69,,135865,40,0,5,1,29,,135875,40,0,5,1,68,,135884,40,0,5,1,29,,135866,40,0,5,1,68,,135876,40,0,5,1,28,,135885,40,0,5,1,69,,135863,40,0,5,1,28,,135877,40,0,5,1,29,,135886,40,0,5,1,70,,135867,40,0,5,1,29,,135878,40,0,5,1,70,,135887,40,0,5,1,31,,135868,40,0,5,1,70,,135855,40,0,5,2,72,,135869,40,0,5,1,31,,135888,40,0,5,1,70,,135870,40,0,5,1
16401,'H60M200F-71-F2',554,,135894,40,0,5,1,77,,135890,40,0,5,1,78,,135895,40,0,5,1,37,,135891,40,0,5,1,78,,135896,40,0,5,1,78,,135892,40,0,5,1,39,,135897,40,0,5,1,80,,135893,40,0,5,1,31,,135907,40,0,5,1,70,,135898,40,0,5,1,29,,135917,40,0,5,1,69,,135908,40,0,5,1,29,,135899,40,0,5,1,69,,135918,40,0,5,1,29,,135909,40,0,5,1,69,,135900,40,0,5,1,29,,135919,40,0,5,1,70,,135910,40,0,5,1,29,,135901,40,0,5,1,69,,135922,40,0,5,1,29,,135911,40,0,5,1,69,,135902,40,0,5,1,29,,135920,40,0,5,1,68,,135913,40,0,5,1,29,,135903,40,0,5,1,68,,135921,40,0,5,1,28,,135912,40,0,5,1,69,,135904,40,0,5,1,28,,135923,40,0,5,1,29,,135914,40,0,5,1,70,,135905,40,0,5,1,29,,135924,40,0,5,1,70,,135915,40,0,5,1,31,,135906,40,0,5,1,70,,135889,40,0,5,2,72,,135926,40,0,5,1,31,,135916,40,0,5,1,70,,135925,40,0,5,1
16401,'H60M300F-71-F3',554,,135931,40,0,5,1,77,,135927,40,0,5,1,78,,135932,40,0,5,1,37,,135928,40,0,5,1,78,,135933,40,0,5,1,78,,135929,40,0,5,1,39,,135934,40,0,5,1,80,,135930,40,0,5,1,31,,135945,40,0,5,1,70,,135935,40,0,5,1,29,,135956,40,0,5,2,69,,135946,40,0,5,1,29,,135937,40,0,5,1,69,,135957,40,0,5,2,29,,135947,40,0,5,1,69,,135936,40,0,5,1,29,,135958,40,0,5,2,70,,135948,40,0,5,1,29,,135938,40,0,5,1,69,,135959,40,0,5,2,29,,135949,40,0,5,1,69,,135939,40,0,5,1,29,,135960,40,0,5,2,68,,135950,40,0,5,1,29,,135940,40,0,5,1,68,,135961,40,0,5,2,28,,135951,40,0,5,1,69,,135941,40,0,5,1,28,,135962,40,0,5,2,29,,135953,40,0,5,1,70,,135942,40,0,5,1,29,,135963,40,0,5,2,70,,135952,40,0,5,1,31,,135943,40,0,5,1,70,,135964,40,0,5,2,72,,135944,40,0,5,1,31,,135954,40,0,5,1,70,,135955,40,0,5,1
17101,'H50M000A-70-A',522,,138799,28,0,5,2,32,,138807,28,0,5,1,72,,138800,28,0,5,2,77,,138808,28,0,5,1,33,,138801,28,0,5,2,70,,138815,28,0,5,2,32,,138809,28,0,5,1,71,,138802,28,0,5,2,34,,138828,28,0,5,1,68,,138810,28,0,5,1,31,,138816,28,0,5,2,71,,138829,28,0,5,1,28,,138811,28,0,5,1,66,,138803,28,0,5,2,25,,138817,28,0,5,2,23,,138830,28,0,5,1,62,,138812,28,0,5,1,20,,138804,28,0,5,2,20,,138838,28,0,5,1,59,,138818,28,0,5,2,19,,138831,28,0,5,1,19,,138813,28,0,5,1,59,,138805,28,0,5,2,19,,138839,28,0,5,1,18,,138819,28,0,5,2,58,,138832,28,0,5,1,16,,138814,28,0,5,1,15,,138822,28,0,5,1,15,,138806,28,0,5,2,55,,138840,28,0,5,1,14,,138833,28,0,5,1,14,,138820,28,0,5,2,15,,138825,28,0,5,1,55,,138823,28,0,5,1,13,,138845,28,0,5,1,14,,138841,28,0,5,1,16,,138821,28,0,5,2,56,,138834,28,0,5,1,19,,138846,28,0,5,1,20,,138824,28,0,5,1,58,,138842,28,0,5,1,22,,138835,28,0,5,1,28,,138847,28,0,5,1,69,,138843,28,0,5,1,27,,138836,28,0,5,1,69,,138848,28,0,5,1,30,,138844,28,0,5,1,70,,138837,28,0,5,1,30,,138849,28,0,5,1,67,,138796,28,0,5,1,31,,138826,28,0,5,1,70,,138797,28,0,5,1,28,,138827,28,0,5,1,70,,138798,28,0,5,1
17101,'H50M000I-70-I',520,,138869,28,0,5,2,32,,138850,28,0,5,1,72,,138870,28,0,5,2,34,,138851,28,0,5,1,72,,138871,28,0,5,2,71,,138884,28,0,5,1,30,,138852,28,0,5,1,70,,138872,28,0,5,2,35,,138885,28,0,5,1,76,,138853,28,0,5,1,33,,138891,28,0,5,1,72,,138886,28,0,5,1,31,,138873,28,0,5,2,71,,138892,28,0,5,1,29,,138887,28,0,5,1,68,,138854,28,0,5,1,25,,138874,28,0,5,2,65,,138863,28,0,5,1,24,,138888,28,0,5,1,23,,138855,28,0,5,1,60,,138875,28,0,5,2,18,,138893,28,0,5,1,18,,138864,28,0,5,1,58,,138889,28,0,5,1,16,,138876,28,0,5,2,17,,138856,28,0,5,1,61,,138894,28,0,5,1,22,,138877,28,0,5,2,20,,138890,28,0,5,1,60,,138857,28,0,5,1,20,,138865,28,0,5,1,20,,138895,28,0,5,1,64,,138878,28,0,5,2,25,,138858,28,0,5,1,68,,138866,28,0,5,1,28,,138879,28,0,5,2,27,,138859,28,0,5,1,68,,138867,28,0,5,1,29,,138880,28,0,5,2,67,,138860,28,0,5,1,27,,138868,28,0,5,1,70,,138881,28,0,5,2,33,,138861,28,0,5,1,72,,138882,28,0,5,2,32,,138862,28,0,5,1,71,,138883,28,0,5,2
17101,'H50M000S-70-S',522,,138896,28,0,5,1,26,,138967,28,0,5,1,66,,138905,28,0,5,1,27,,138914,38,0,5,2,15,,138921,38,0,5,1,62,,138958,38,0,5,1,11,,138936,38,0,5,1,10,,138937,38,0,5,1,15,,138925,38,0,5,1,48,,138908,38,0,5,2,11,,138913,38,0,5,1,27,,138904,38,0,5,2,15,,138915,38,0,5,2,56,,138907,38,0,5,1,14,,138963,38,0,5,1,17,,138959,38,0,5,1,59,,138926,38,0,5,1,42,,138916,28,0,5,2,62,,138964,28,0,5,1,20,,138960,28,0,5,1,19,,138927,28,0,5,1,56,,138909,28,0,5,2,17,,138947,28,0,5,2,17,,138917,28,0,5,2,17,,138965,28,0,5,1,55,,138961,28,0,5,1,15,,138928,28,0,5,1,14,,138910,28,0,5,2,14,,138948,28,0,5,2,53,,138922,28,0,5,2,11,,138918,28,0,5,2,12,,138966,28,0,5,1,10,,138906,28,0,5,1,8,,138962,28,0,5,1,16,,138929,28,0,5,1,56,,138911,28,0,5,2,8,,138949,28,0,5,2,17,,138923,28,0,5,2,64,,138956,28,0,5,1,18,,138951,28,0,5,1,6,,138944,28,0,5,1,7,,138919,38,0,5,2,8,,138954,28,0,5,1,16,,138938,38,0,5,1,48,,138957,28,0,5,1,16,,138930,38,0,5,1,8,,138912,28,0,5,2,16,,138950,38,0,5,2,9,,138924,28,0,5,2,56,,138945,38,0,5,1,7,,138901,28,0,5,1,8,,138902,28,0,5,1,9,,138952,38,0,5,1,16,,138920,28,0,5,2,7,,138955,38,0,5,1,51,,138939,28,0,5,2,14,,138968,28,0,5,1,12,,138931,28,0,5,1,12,,138969,28,0,5,1,54,,138897,28,0,5,1,15,,138946,28,0,5,1,15,,138940,28,0,5,2,15,,138953,28,0,5,1,55,,138932,28,0,5,1,15,,138903,28,0,5,1,22,,138898,28,0,5,1,64,,138941,28,0,5,2,27,,138933,28,0,5,1,29,,138899,28,0,5,1,69,,138942,28,0,5,2,27,,138934,28,0,5,1,66,,138900,28,0,5,1,26,,138943,28,0,5,2,73,,138935,28,0,5,1
17101,'H50M100F-70-F1',520,,138990,28,0,5,2,32,,138970,28,0,5,1,72,,138989,28,0,5,2,34,,138971,28,0,5,1,72,,138991,28,0,5,2,71,,139004,28,0,5,1,30,,138972,28,0,5,1,70,,138992,28,0,5,2,35,,139005,28,0,5,1,76,,138973,28,0,5,1,33,,139011,28,0,5,1,72,,139006,28,0,5,1,31,,138993,28,0,5,2,71,,139012,28,0,5,1,29,,139007,28,0,5,1,68,,138974,28,0,5,1,25,,138994,28,0,5,2,65,,138983,28,0,5,1,24,,139008,28,0,5,1,23,,138977,28,0,5,1,60,,138995,28,0,5,2,18,,139013,28,0,5,1,18,,138984,28,0,5,1,58,,139009,28,0,5,1,16,,138996,28,0,5,2,17,,138975,28,0,5,1,61,,139014,28,0,5,1,22,,138997,28,0,5,2,20,,139010,28,0,5,1,60,,138976,28,0,5,1,20,,138985,28,0,5,1,20,,139015,28,0,5,1,64,,138998,28,0,5,2,25,,138978,28,0,5,1,68,,138986,28,0,5,1,28,,138999,28,0,5,2,27,,138979,28,0,5,1,68,,138987,28,0,5,1,29,,139000,28,0,5,2,67,,138980,28,0,5,1,27,,138988,28,0,5,1,70,,139001,28,0,5,2,33,,138981,28,0,5,1,72,,139002,28,0,5,2,32,,138982,28,0,5,1,71,,139003,28,0,5,2
17101,'H50M200F-70-F2',520,,139035,28,0,5,2,32,,139016,28,0,5,1,72,,139036,28,0,5,2,34,,139017,28,0,5,1,72,,139037,28,0,5,2,71,,139050,28,0,5,1,30,,139018,28,0,5,1,70,,139038,28,0,5,2,35,,139051,28,0,5,1,76,,139019,28,0,5,1,33,,139057,28,0,5,1,72,,139052,28,0,5,1,31,,139039,28,0,5,2,71,,139058,28,0,5,1,29,,139053,28,0,5,1,68,,139020,28,0,5,1,25,,139040,28,0,5,2,65,,139029,28,0,5,1,24,,139054,28,0,5,1,23,,139022,28,0,5,1,60,,139041,28,0,5,2,18,,139059,28,0,5,1,18,,139030,28,0,5,1,58,,139055,28,0,5,1,16,,139042,28,0,5,2,17,,139021,28,0,5,1,61,,139060,28,0,5,1,22,,139043,28,0,5,2,20,,139056,28,0,5,1,60,,139023,28,0,5,1,20,,139031,28,0,5,1,20,,139061,28,0,5,1,64,,139044,28,0,5,2,25,,139024,28,0,5,1,68,,139032,28,0,5,1,28,,139045,28,0,5,2,27,,139025,28,0,5,1,68,,139033,28,0,5,1,29,,139046,28,0,5,2,67,,139026,28,0,5,1,27,,139034,28,0,5,1,70,,139047,28,0,5,2,33,,139027,28,0,5,1,72,,139048,28,0,5,2,32,,139028,28,0,5,1,71,,139049,28,0,5,2
17101,'H50M300F-70-F3',520,,139081,28,0,5,2,32,,139062,28,0,5,1,72,,139082,28,0,5,2,34,,139063,28,0,5,1,72,,139083,28,0,5,2,71,,139096,28,0,5,1,30,,139065,28,0,5,1,70,,139084,28,0,5,2,35,,139097,28,0,5,1,76,,139064,28,0,5,1,33,,139103,28,0,5,1,72,,139098,28,0,5,1,31,,139085,28,0,5,2,71,,139104,28,0,5,1,29,,139099,28,0,5,1,68,,139066,28,0,5,1,25,,139086,28,0,5,2,65,,139075,28,0,5,1,24,,139100,28,0,5,1,23,,139067,28,0,5,1,60,,139087,28,0,5,2,18,,139105,28,0,5,1,18,,139076,28,0,5,1,58,,139101,28,0,5,1,16,,139088,28,0,5,2,17,,139068,28,0,5,1,61,,139106,28,0,5,1,22,,139089,28,0,5,2,20,,139102,28,0,5,1,60,,139069,28,0,5,1,20,,139077,28,0,5,1,20,,139107,28,0,5,1,64,,139090,28,0,5,2,25,,139070,28,0,5,1,68,,139078,28,0,5,1,28,,139091,28,0,5,2,27,,139071,28,0,5,1,68,,139080,28,0,5,1,29,,139092,28,0,5,2,67,,139072,28,0,5,1,27,,139079,28,0,5,1,70,,139093,28,0,5,2,33,,139073,28,0,5,1,72,,139094,28,0,5,2,32,,139074,28,0,5,1,71,,139095,28,0,5,2
17101,'H54M000S-70-S',1550,,139108,28,0,5,2
17101,'H58M000S-70-S',826,,139109,38,0,5,2,681,,139112,38,0,5,2,24,,139114,38,0,5,2,26,,139115,38,0,5,2,53,,139113,28,0,5,2,41,,139111,28,0,5,1,64,,139116,28,0,5,2,24,,139110,28,0,5,1,65,,139118,28,0,5,2,41,,139117,28,0,5,2
17101,'H60M000S-71-S',707,,139119,38,0,5,2,41,,139120,38,0,5,1,273,,139121,28,0,5,1,430,,139122,28,0,5,1,165,,139123,38,0,5,1
18001,'H58M000A-70-A',515,,141415,20,0,5,1,30,,141425,20,0,5,1,71,,141416,20,0,5,1,33,,141422,20,0,5,1,72,,141417,20,0,5,1,30,,141423,20,0,5,1,71,,141410,20,0,5,1,27,,141418,20,0,5,1,67,,141420,20,0,5,2,28,,141411,20,0,5,1,71,,141419,20,0,5,1,30,,141421,20,0,5,2,73,,141412,20,0,5,1,33,,141439,20,0,5,2,73,,141433,20,0,5,2,33,,141413,20,0,5,1,73,,141440,20,0,5,1,72,,141431,20,0,5,2,33,,141414,20,0,5,2,73,,141424,20,0,5,1,33,,141432,20,0,5,2,72,,141442,20,0,5,2,33,,141441,20,0,5,1,72,,141434,20,0,5,2,33,,141435,20,0,5,1,72,,141426,20,0,5,1,31,,141443,20,0,5,2,70,,141436,20,0,5,1,29,,141427,20,0,5,1,70,,141444,20,0,5,2,28,,141437,20,0,5,1,68,,141428,20,0,5,1,28,,141445,20,0,5,2,67,,141448,20,0,5,1,28,,141429,20,0,5,1,67,,141446,20,0,5,2,24,,141449,20,0,5,1,23,,141430,20,0,5,1,64,,141447,20,0,5,2,24,,141450,20,0,5,1,69,,141438,20,0,5,2,31,,141451,20,0,5,1
18001,'H58M000I-70-I',544,,141453,20,0,5,1,72,,141462,20,0,5,1,33,,141465,20,0,5,2,72,,141472,20,0,5,1,32,,141466,20,0,5,2,72,,141473,20,0,5,1,33,,141467,20,0,5,2,73,,141474,20,0,5,1,69,,141457,20,0,5,2,28,,141468,20,0,5,2,29,,141475,20,0,5,1,69,,141458,20,0,5,2,30,,141469,20,0,5,2,70,,141476,20,0,5,1,30,,141460,20,0,5,2,70,,141470,20,0,5,2,30,,141477,20,0,5,1,70,,141459,20,0,5,2,29,,141471,20,0,5,2,71,,141478,20,0,5,1,31,,141479,20,0,5,2,71,,141456,20,0,5,1,29,,141455,20,0,5,1,70,,141454,20,0,5,1,29,,141463,20,0,5,1,70,,141452,20,0,5,2,29,,141480,20,0,5,2,69,,141464,20,0,5,1,29,,141484,20,0,5,2,70,,141481,20,0,5,1,29,,141482,20,0,5,2,68,,141485,20,0,5,2,28,,141461,20,0,5,1,68,,141483,20,0,5,2,26,,141486,20,0,5,2,67,,141487,20,0,5,1,30,,141490,20,0,5,1,69,,141488,20,0,5,1,28,,141491,20,0,5,1,69,,141489,20,0,5,1
18001,'H58M000S-70-S',541,,141492,20,0,5,2,83,,141497,20,0,5,2,18,,141494,20,0,5,2,58,,141503,20,0,5,2,18,,141510,20,0,5,1,20,,141495,20,0,5,1,15,,141501,20,0,5,1,55,,141512,20,0,5,2,12,,141499,20,0,5,2,9,,141493,20,0,5,2,12,,141518,20,0,5,2,16,,141498,20,0,5,2,70,,141502,20,0,5,1,32,,141519,20,0,5,1,72,,141513,20,0,5,1,72,,141508,20,0,5,1,33,,141520,20,0,5,1,73,,141514,20,0,5,1,17,,141496,20,0,5,1,10,,141505,20,0,5,2,19,,141509,20,0,5,1,60,,141521,20,0,5,1,29,,141515,20,0,5,1,72,,141506,20,0,5,2,32,,141522,20,0,5,1,76,,141516,20,0,5,1,34,,141507,20,0,5,2,68,,141504,20,0,5,1,26,,141536,20,0,5,1,70,,141529,20,0,5,2,28,,141523,20,0,5,1,73,,141526,20,0,5,1,25,,141530,20,0,5,2,70,,141527,20,0,5,1,27,,141533,20,0,5,2,70,,141524,20,0,5,1,33,,141525,20,0,5,2,73,,141511,20,0,5,1,33,,141532,20,0,5,2,62,,141534,20,0,5,1,28,,141537,20,0,5,1,69,,141500,20,0,5,1,28,,141531,20,0,5,1,68,,141517,20,0,5,1,29,,141535,20,0,5,1,71,,141528,20,0,5,2
18001,'H58M100F-70-F1',544,,141551,20,0,5,1,72,,141547,20,0,5,1,33,,141558,20,0,5,2,72,,141563,20,0,5,1,32,,141559,20,0,5,2,72,,141564,20,0,5,1,33,,141560,20,0,5,2,73,,141565,20,0,5,1,69,,141541,20,0,5,2,28,,141569,20,0,5,1,29,,141566,20,0,5,1,69,,141538,20,0,5,2,30,,141570,20,0,5,1,70,,141567,20,0,5,1,30,,141539,20,0,5,2,70,,141571,20,0,5,1,30,,141568,20,0,5,1,70,,141540,20,0,5,2,29,,141572,20,0,5,1,71,,141546,20,0,5,2,31,,141561,20,0,5,1,71,,141557,20,0,5,1,29,,141550,20,0,5,1,70,,141552,20,0,5,1,29,,141548,20,0,5,1,70,,141553,20,0,5,1,29,,141562,20,0,5,1,69,,141549,20,0,5,1,29,,141577,20,0,5,2,70,,141574,20,0,5,1,29,,141542,20,0,5,2,68,,141575,20,0,5,1,28,,141573,20,0,5,1,68,,141543,20,0,5,2,26,,141576,20,0,5,1,67,,141555,20,0,5,1,30,,141544,20,0,5,2,69,,141556,20,0,5,1,28,,141545,20,0,5,2,69,,141554,20,0,5,1
18001,'H58M200F-70-F2',544,,141591,20,0,5,1,72,,141587,20,0,5,1,33,,141598,20,0,5,2,72,,141603,20,0,5,1,32,,141599,20,0,5,2,72,,141604,20,0,5,1,33,,141600,20,0,5,2,73,,141605,20,0,5,1,69,,141581,20,0,5,2,28,,141609,20,0,5,1,29,,141606,20,0,5,1,69,,141578,20,0,5,2,30,,141610,20,0,5,1,70,,141607,20,0,5,1,30,,141579,20,0,5,2,70,,141611,20,0,5,1,30,,141608,20,0,5,1,70,,141580,20,0,5,2,29,,141612,20,0,5,1,71,,141586,20,0,5,2,31,,141601,20,0,5,1,71,,141597,20,0,5,1,29,,141590,20,0,5,1,70,,141592,20,0,5,1,29,,141588,20,0,5,1,70,,141593,20,0,5,1,29,,141602,20,0,5,1,69,,141589,20,0,5,1,29,,141617,20,0,5,2,70,,141614,20,0,5,1,29,,141582,20,0,5,2,68,,141615,20,0,5,1,28,,141613,20,0,5,1,68,,141583,20,0,5,2,26,,141616,20,0,5,1,67,,141595,20,0,5,1,30,,141584,20,0,5,2,69,,141596,20,0,5,1,28,,141585,20,0,5,2,69,,141594,20,0,5,1
18001,'H58M300F-70-F3',544,,141631,20,0,5,1,72,,141627,20,0,5,1,33,,141638,20,0,5,2,72,,141643,20,0,5,1,32,,141639,20,0,5,2,72,,141644,20,0,5,1,33,,141640,20,0,5,2,73,,141645,20,0,5,1,69,,141621,20,0,5,2,28,,141649,20,0,5,1,29,,141646,20,0,5,1,69,,141618,20,0,5,2,30,,141650,20,0,5,1,70,,141647,20,0,5,1,30,,141619,20,0,5,2,70,,141651,20,0,5,1,30,,141648,20,0,5,1,70,,141620,20,0,5,2,29,,141652,20,0,5,1,71,,141626,20,0,5,2,31,,141641,20,0,5,1,71,,141637,20,0,5,1,29,,141630,20,0,5,1,70,,141632,20,0,5,1,29,,141628,20,0,5,1,70,,141633,20,0,5,1,29,,141642,20,0,5,1,69,,141629,20,0,5,1,29,,141657,20,0,5,2,70,,141654,20,0,5,1,29,,141622,20,0,5,2,68,,141655,20,0,5,1,28,,141653,20,0,5,1,68,,141623,20,0,5,2,26,,141656,20,0,5,1,67,,141635,20,0,5,1,30,,141624,20,0,5,2,69,,141636,20,0,5,1,28,,141625,20,0,5,2,69,,141634,20,0,5,1
18001,'H60M000S-71-S',516,,141658,20,0,5,2,87,,141659,20,0,5,1
38001,'H50M000A-70-A',2611,,155447,27,0,5,2,48,,155446,27,0,5,1,85,,155444,27,0,5,2,85,,155445,27,0,5,1
38001,'H50M000I-70-I',2525,,155452,27,0,5,1,86,,155449,27,0,5,1,44,,155453,27,0,5,2,84,,155450,27,0,5,1,85,,155451,27,0,5,2
38001,'H50M000S-70-S',2537,,155456,27,0,5,1,84,,155454,27,0,5,2,87,,155457,27,0,5,1,42,,155458,27,0,5,1,88,,155455,27,0,5,2
38001,'H50M100F-70-F1',2525,,155463,27,0,5,1,86,,155460,27,0,5,2,44,,155464,27,0,5,2,84,,155461,27,0,5,1,85,,155462,27,0,5,2
38001,'H50M200F-70-F2',2525,,155468,27,0,5,1,86,,155465,27,0,5,2,44,,155469,27,0,5,2,84,,155466,27,0,5,1,85,,155467,27,0,5,2
38001,'H50M300F-70-F3',2525,,155473,27,0,5,1,86,,155470,27,0,5,1,44,,155474,27,0,5,2,84,,155471,27,0,5,1,85,,155472,27,0,5,2
