18901,'H54U000A-80-A',530,,267207,17,0,5,1,29,,267217,17,0,5,1,68,,267219,17,0,5,1,28,,267208,17,0,5,1,68,,267218,17,0,5,1,33,,267220,17,0,5,1,75,,267215,17,0,5,2,73,,267230,17,0,5,1,28,,267239,17,0,5,2,68,,267209,17,0,5,1,32,,267231,17,0,5,1,71,,267240,17,0,5,1,30,,267210,17,0,5,1,69,,267221,17,0,5,1,28,,267241,17,0,5,1,24,,267249,17,0,5,2,63,,267211,17,0,5,1,22,,267222,17,0,5,1,62,,267232,17,0,5,1,22,,267250,17,0,5,2,22,,267212,17,0,5,1,62,,267223,17,0,5,1,22,,267233,17,0,5,1,22,,267251,17,0,5,2,62,,267213,17,0,5,1,16,,267257,17,0,5,2,15,,267229,17,0,5,2,15,,267234,17,0,5,1,56,,267259,17,0,5,2,14,,267252,17,0,5,2,15,,267224,17,0,5,1,15,,267258,17,0,5,2,55,,267216,17,0,5,1,20,,267235,17,0,5,1,21,,267214,17,0,5,1,61,,267225,17,0,5,1,19,,267228,17,0,5,2,18,,267248,17,0,5,1,59,,267236,17,0,5,1,27,,267253,17,0,5,2,70,,267242,17,0,5,1,29,,267237,17,0,5,1,69,,267254,17,0,5,2,29,,267243,17,0,5,1,67,,267245,17,0,5,1,19,,267238,17,0,5,1,20,,267226,17,0,5,2,60,,267255,17,0,5,2,19,,267244,17,0,5,1,19,,267246,17,0,5,1,63,,267227,17,0,5,2,29,,267256,17,0,5,2,70,,267247,17,0,5,1
18901,'H54U000I-80-I',530,,267260,17,0,5,2,29,,267276,17,0,5,1,69,,267290,17,0,5,2,29,,267261,17,0,5,2,69,,267277,17,0,5,1,29,,267291,17,0,5,2,70,,267262,17,0,5,2,30,,267278,17,0,5,1,70,,267292,17,0,5,2,29,,267263,17,0,5,2,70,,267279,17,0,5,1,32,,267293,17,0,5,2,71,,267264,17,0,5,2,32,,267281,17,0,5,1,71,,267280,17,0,5,1,70,,267273,17,0,5,2,32,,267282,17,0,5,1,72,,267303,17,0,5,2,24,,267274,17,0,5,2,21,,267300,17,0,5,1,59,,267267,17,0,5,1,19,,267283,17,0,5,1,20,,267304,17,0,5,2,60,,267275,17,0,5,2,20,,267270,17,0,5,1,16,,267268,17,0,5,1,15,,267305,17,0,5,2,55,,267284,17,0,5,1,15,,267296,17,0,5,2,14,,267265,17,0,5,2,14,,267269,17,0,5,1,54,,267271,17,0,5,1,15,,267297,17,0,5,1,21,,267285,17,0,5,1,61,,267306,17,0,5,1,20,,267266,17,0,5,2,20,,267272,17,0,5,1,64,,267286,17,0,5,1,30,,267307,17,0,5,1,70,,267298,17,0,5,1,30,,267287,17,0,5,1,70,,267308,17,0,5,1,30,,267299,17,0,5,1,69,,267288,17,0,5,1,29,,267301,17,0,5,1,68,,267294,17,0,5,1,26,,267289,17,0,5,1,70,,267302,17,0,5,1,31,,267295,17,0,5,1
18901,'H54U000S-81-S',529,,267309,17,0,5,1,26,,267312,17,0,5,1,73,,267315,17,0,5,2,30,,267314,17,0,5,1,73,,267310,17,0,5,1,71,,267335,17,0,5,1,31,,267339,17,0,5,1,69,,267343,17,0,5,2,29,,267328,17,0,5,1,28,,267336,17,0,5,1,69,,267340,17,0,5,1,30,,267327,17,0,5,1,70,,267322,17,0,5,2,31,,267341,17,0,5,1,72,,267329,17,0,5,1,70,,267323,17,0,5,2,21,,267344,17,0,5,2,20,,267334,17,0,5,1,58,,267342,17,0,5,1,17,,267330,17,0,5,1,19,,267348,17,0,5,2,18,,267324,17,0,5,2,57,,267345,17,0,5,2,18,,267353,17,0,5,1,16,,267357,17,0,5,2,55,,267331,17,0,5,1,14,,267365,17,0,5,2,13,,267349,17,0,5,2,13,,267325,17,0,5,2,11,,267350,17,0,5,2,8,,267346,17,0,5,2,48,,267358,17,0,5,2,9,,267363,17,0,5,2,8,,267354,17,0,5,1,11,,267337,17,0,5,2,11,,267332,17,0,5,1,11,,267326,17,0,5,2,48,,267338,17,0,5,2,10,,267316,17,0,5,2,12,,267351,17,0,5,2,12,,267355,17,0,5,1,15,,267364,17,0,5,2,56,,267367,17,0,5,1,17,,267359,17,0,5,2,16,,267317,17,0,5,2,59,,267366,17,0,5,2,18,,267356,17,0,5,1,19,,267368,17,0,5,1,18,,267347,17,0,5,1,56,,267318,17,0,5,2,15,,267360,17,0,5,1,15,,267333,17,0,5,1,15,,267311,17,0,5,1,55,,267369,17,0,5,1,15,,267352,17,0,5,1,16,,267319,17,0,5,2,62,,267361,17,0,5,1,21,,267313,17,0,5,1,21,,267370,17,0,5,1,63,,267320,17,0,5,2,23,,267362,17,0,5,1,71,,267371,17,0,5,1,30,,267321,17,0,5,2
18901,'H54U100F-80-F1',530,,267372,17,0,5,2,29,,267388,17,0,5,1,69,,267402,17,0,5,2,29,,267373,17,0,5,2,69,,267389,17,0,5,1,29,,267403,17,0,5,2,70,,267374,17,0,5,2,30,,267390,17,0,5,1,70,,267404,17,0,5,2,29,,267375,17,0,5,2,70,,267391,17,0,5,1,32,,267405,17,0,5,2,71,,267376,17,0,5,2,32,,267393,17,0,5,1,71,,267392,17,0,5,1,70,,267385,17,0,5,2,32,,267394,17,0,5,1,72,,267415,17,0,5,2,24,,267386,17,0,5,2,21,,267412,17,0,5,1,59,,267379,17,0,5,1,19,,267395,17,0,5,1,20,,267416,17,0,5,2,60,,267387,17,0,5,2,20,,267382,17,0,5,1,16,,267380,17,0,5,1,15,,267417,17,0,5,2,55,,267396,17,0,5,1,15,,267408,17,0,5,2,14,,267377,17,0,5,2,14,,267381,17,0,5,1,54,,267383,17,0,5,1,15,,267409,17,0,5,1,21,,267397,17,0,5,1,61,,267418,17,0,5,1,20,,267378,17,0,5,2,20,,267384,17,0,5,1,64,,267398,17,0,5,1,30,,267419,17,0,5,1,70,,267410,17,0,5,1,30,,267399,17,0,5,1,70,,267420,17,0,5,1,30,,267411,17,0,5,1,69,,267400,17,0,5,1,29,,267413,17,0,5,1,68,,267406,17,0,5,1,26,,267401,17,0,5,1,70,,267414,17,0,5,1,31,,267407,17,0,5,1
18901,'H54U200F-82-F2',530,,267421,17,0,5,1,29,,267427,17,0,5,2,69,,267436,17,0,5,2,29,,267422,17,0,5,1,69,,267428,17,0,5,2,29,,267437,17,0,5,2,70,,267423,17,0,5,1,30,,267429,17,0,5,2,70,,267438,17,0,5,2,29,,267424,17,0,5,1,70,,267430,17,0,5,2,32,,267439,17,0,5,2,71,,267425,17,0,5,1,32,,267431,17,0,5,2,71,,267451,17,0,5,1,70,,267442,17,0,5,1,32,,267432,17,0,5,2,72,,267433,17,0,5,1,24,,267452,17,0,5,1,21,,267443,17,0,5,1,59,,267456,17,0,5,2,19,,267444,17,0,5,1,20,,267466,17,0,5,2,60,,267453,17,0,5,1,20,,267459,17,0,5,1,16,,267457,17,0,5,2,15,,267450,17,0,5,1,55,,267445,17,0,5,1,15,,267455,17,0,5,2,14,,267454,17,0,5,1,14,,267458,17,0,5,2,54,,267460,17,0,5,1,15,,267426,17,0,5,1,21,,267446,17,0,5,1,61,,267434,17,0,5,1,20,,267449,17,0,5,1,20,,267461,17,0,5,1,64,,267447,17,0,5,1,30,,267435,17,0,5,1,70,,267462,17,0,5,1,30,,267448,17,0,5,1,70,,267467,17,0,5,2,30,,267463,17,0,5,1,69,,267440,17,0,5,2,29,,267468,17,0,5,1,68,,267464,17,0,5,1,26,,267441,17,0,5,2,70,,267469,17,0,5,1,31,,267465,17,0,5,1
36201,'H54U000A-80-A',2655,,277314,51,0,5,1,85,,277315,51,0,5,2,85,,277316,51,0,5,1,85,,277317,51,0,5,1
36201,'H54U000I-80-I',2610,,277318,51,0,5,1,45,,277320,51,0,5,1,84,,277321,51,0,5,2,85,,277322,51,0,5,1,85,,277319,51,0,5,1
36201,'H54U000S-81-S',2609,,277324,51,0,5,1,45,,277327,51,0,5,2,85,,277323,51,0,5,1,85,,277326,51,0,5,2,85,,277325,51,0,5,1
36201,'H54U100F-80-F1',2610,,277328,51,0,5,1,45,,277330,51,0,5,1,84,,277331,51,0,5,2,85,,277332,51,0,5,1,85,,277329,51,0,5,1
36201,'H54U200F-82-F2',2610,,277336,51,0,5,1,45,,277335,51,0,5,1,84,,277334,51,0,5,2,85,,277333,51,0,5,1,85,,277337,51,0,5,1
