'25N-H55NV10S-85-S-NE',2402,105900,4,'',2
'25N-H55NV20S-81-S-NE',2402,105900,4,'',2
'25N-H56NV10S-80-S-E',2402,83300,4,'',1
'25N-H56NV10S-80-S-NE',2402,131200,4,'',1,74400,4,'',1
'25N-H56NV20S-80-S-E',2402,83300,4,'',1
'25N-H56NV20S-80-S-NE',2402,131200,4,'',1,74400,4,'',1
'25N-H57NV10S-84-S-E',2402,164600,4,'',1,700,4,'',2
'25N-H57NV20S-80-S-E',2402,164600,4,'',1,700,4,'',2
'25N-H59N100F-80-F1-E',2402,64000,4,'',1,7100,4,'',1,3200,4,'',1,7200,4,'',1,3100,4,'',1,6300,4,'',1,2300,4,'',1,1900,4,'',1,55800,4,'',1,1300,4,'',1,1400,4,'',1,1400,4,'',1,5400,4,'',1,1500,4,'',1,1400,4,'',1,1500,4,'',2,5600,4,'',1,1600,4,'',1,2100,4,'',1,6100,4,'',1,2500,4,'',1,2200,4,'',1,48900,4,'',1,7100,4,'',1,3000,4,'',1,7000,4,'',1,2400,4,'',1
'25N-H59N100F-80-F1-NE',2402,60900,4,'',1,40100,4,'',1,2000,4,'',1,2000,4,'',1,5900,4,'',1,2100,4,'',1,2200,4,'',1,6300,4,'',1,2200,4,'',1,1500,4,'',1,5400,4,'',2,1400,4,'',1,1400,4,'',1,1400,4,'',1,5300,4,'',1,1400,4,'',1,1400,4,'',1,1400,4,'',2,1300,4,'',1,45600,4,'',1,2300,4,'',1,2300,4,'',1,6300,4,'',1,2600,4,'',1,6700,4,'',1,2700,4,'',1,6800,4,'',1,2900,4,'',1,7000,4,'',1
'25N-H59N200F-81-F2-E',2402,64000,4,'',1,7100,4,'',1,3200,4,'',1,7200,4,'',1,3100,4,'',1,6300,4,'',1,2300,4,'',1,1900,4,'',1,55800,4,'',1,1300,4,'',1,1400,4,'',1,1400,4,'',1,5400,4,'',1,1500,4,'',1,1400,4,'',1,1500,4,'',2,5600,4,'',1,1600,4,'',1,2100,4,'',1,6100,4,'',1,2500,4,'',1,2200,4,'',1,48900,4,'',1,7100,4,'',1,3000,4,'',1,7000,4,'',1,2400,4,'',1
'25N-H59N200F-81-F2-NE',2402,60900,4,'',1,40100,4,'',1,2000,4,'',1,2000,4,'',1,5900,4,'',1,2100,4,'',1,2200,4,'',1,6300,4,'',1,2200,4,'',1,1500,4,'',1,5400,4,'',2,1400,4,'',1,1400,4,'',1,1400,4,'',1,5300,4,'',1,1400,4,'',1,1400,4,'',1,1400,4,'',2,1300,4,'',1,45600,4,'',1,2300,4,'',1,2300,4,'',1,6300,4,'',1,2600,4,'',1,6700,4,'',1,2700,4,'',1,6800,4,'',1,2900,4,'',1,7000,4,'',1
'25N-H59N300F-80-F3-E',2402,64000,4,'',1,7100,4,'',1,3200,4,'',1,7200,4,'',1,3100,4,'',1,6300,4,'',1,2300,4,'',1,1900,4,'',1,55800,4,'',1,1300,4,'',1,1400,4,'',1,1400,4,'',1,5400,4,'',1,1500,4,'',1,1400,4,'',1,1500,4,'',2,5600,4,'',1,1600,4,'',1,2100,4,'',1,6100,4,'',1,2500,4,'',1,2200,4,'',1,48900,4,'',1,7100,4,'',1,3000,4,'',1,7000,4,'',1,2400,4,'',1
'25N-H59N300F-80-F3-NE',2402,60900,4,'',1,40100,4,'',1,2000,4,'',1,2000,4,'',1,5900,4,'',1,2100,4,'',1,2200,4,'',1,6300,4,'',1,2200,4,'',1,1500,4,'',1,5400,4,'',2,1400,4,'',1,1400,4,'',1,1400,4,'',1,5300,4,'',1,1400,4,'',1,1400,4,'',1,1400,4,'',2,1300,4,'',1,45600,4,'',1,2300,4,'',1,2300,4,'',1,6300,4,'',1,2600,4,'',1,6700,4,'',1,2700,4,'',1,6800,4,'',1,2900,4,'',1,7000,4,'',1
'25N-H59N400F-80-F4-E',2402,64000,4,'',1,7100,4,'',1,3200,4,'',1,7200,4,'',1,3100,4,'',1,6300,4,'',1,2300,4,'',1,1900,4,'',1,55800,4,'',1,1300,4,'',1,1400,4,'',1,1400,4,'',1,5400,4,'',1,1500,4,'',1,1400,4,'',1,1500,4,'',2,5600,4,'',1,1600,4,'',1,2100,4,'',1,6100,4,'',1,2500,4,'',1,2200,4,'',1,48900,4,'',1,7100,4,'',1,3000,4,'',1,7000,4,'',1,2400,4,'',1
'25N-H59N400F-80-F4-NE',2402,60900,4,'',1,40100,4,'',1,2000,4,'',1,2000,4,'',1,5900,4,'',1,2100,4,'',1,2200,4,'',1,6300,4,'',1,2200,4,'',1,1500,4,'',1,5400,4,'',2,1400,4,'',1,1400,4,'',1,1400,4,'',1,5300,4,'',1,1400,4,'',1,1400,4,'',1,1400,4,'',2,1300,4,'',1,45600,4,'',1,2300,4,'',1,2300,4,'',1,6300,4,'',1,2600,4,'',1,6700,4,'',1,2700,4,'',1,6800,4,'',1,2900,4,'',1,7000,4,'',1
'25N-H59NV10A-80-A-E',2402,63700,4,'',2,7000,4,'',1,3400,4,'',1,6000,4,'',1,2000,4,'',2,2200,4,'',1,6200,4,'',2,2000,4,'',1,1900,4,'',1,5800,4,'',1,51000,4,'',1,1200,4,'',1,1100,4,'',1,1100,4,'',1,5500,4,'',1,1600,4,'',1,1400,4,'',1,1300,4,'',1,1300,4,'',1,5400,4,'',1,1500,4,'',1,1500,4,'',1,1500,4,'',1,5400,4,'',2,1600,4,'',1,1400,4,'',1,49300,4,'',1,2500,4,'',1,6500,4,'',2,2500,4,'',1,6700,4,'',1,3100,4,'',1
'25N-H59NV10A-80-A-NE',2402,60800,4,'',1,41200,4,'',2,1600,4,'',1,1600,4,'',1,5700,4,'',2,1900,4,'',1,1800,4,'',1,5700,4,'',1,1700,4,'',1,1700,4,'',2,1500,4,'',1,5400,4,'',1,1200,4,'',1,1200,4,'',1,1100,4,'',1,1100,4,'',1,5200,4,'',1,1200,4,'',1,1100,4,'',1,1100,4,'',1,1100,4,'',1,5200,4,'',2,35600,4,'',1,5700,4,'',1,1500,4,'',1,1600,4,'',1,5700,4,'',1,1800,4,'',2,1800,4,'',1,1900,4,'',1,6100,4,'',1,2000,4,'',1,2100,4,'',1,6200,4,'',2,2300,4,'',1,6600,4,'',1,30700,4,'',2
'25N-H59NV10I-80-I-E',2402,64000,4,'',1,7100,4,'',1,3200,4,'',1,7200,4,'',1,3100,4,'',1,6300,4,'',1,2300,4,'',1,1900,4,'',1,55800,4,'',1,1300,4,'',1,1400,4,'',1,1400,4,'',1,5400,4,'',1,1500,4,'',1,1400,4,'',1,1500,4,'',2,5600,4,'',1,1600,4,'',1,2100,4,'',1,6100,4,'',1,2500,4,'',1,2200,4,'',1,48900,4,'',1,7100,4,'',1,3000,4,'',1,7000,4,'',1,2400,4,'',1
'25N-H59NV10I-80-I-NE',2402,60900,4,'',1,40100,4,'',1,2000,4,'',1,2000,4,'',1,5900,4,'',1,2100,4,'',1,2200,4,'',1,6300,4,'',1,2200,4,'',1,1500,4,'',1,5400,4,'',2,1400,4,'',1,1400,4,'',1,1400,4,'',1,5300,4,'',1,1400,4,'',1,1400,4,'',1,1400,4,'',2,1300,4,'',1,45600,4,'',1,2300,4,'',1,2300,4,'',1,6300,4,'',1,2600,4,'',1,6700,4,'',1,2700,4,'',1,6800,4,'',1,2900,4,'',1,7000,4,'',1
'25N-H59NV10S-84-S-E',2402,62300,4,'',2,3500,4,'',1,5300,4,'',1,1300,4,'',1,1500,4,'',1,1400,4,'',1,5200,4,'',1,1200,4,'',1,500,4,'',2,700,4,'',1,1200,4,'',1,600,4,'',2,500,4,'',1,500,4,'',2,4700,4,'',1,400,4,'',2,400,4,'',1,500,4,'',1,500,4,'',1,600,4,'',1,600,4,'',1,600,4,'',1,600,4,'',1,600,4,'',1,5000,4,'',1,800,4,'',1,50200,4,'',1,1100,4,'',1,1100,4,'',1,1200,4,'',1,1100,4,'',1,5000,4,'',1,1000,4,'',2,800,4,'',1,800,4,'',2,700,4,'',1,1800,4,'',1,5000,4,'',1,700,4,'',1,800,4,'',1,900,4,'',1,1100,4,'',1,1100,4,'',1,5100,4,'',1,1000,4,'',1,1000,4,'',1,800,4,'',1,1000,4,'',1,900,4,'',1,49200,4,'',1,7000,4,'',1,2900,4,'',1,6500,4,'',2,2700,4,'',1
'25N-H59NV10S-84-S-NE',2402,55300,4,'',1,46600,4,'',1,900,4,'',1,700,4,'',1,600,4,'',1,900,4,'',1,5900,4,'',1,1000,4,'',1,1000,4,'',1,1000,4,'',1,900,4,'',1,800,4,'',1,4800,4,'',1,800,4,'',1,1000,4,'',1,900,4,'',1,900,4,'',1,1100,4,'',1,5100,4,'',1,2000,4,'',1,1000,4,'',1,1000,4,'',1,900,4,'',1,5000,4,'',1,1000,4,'',1,900,4,'',1,1000,4,'',1,1000,4,'',1,1100,4,'',1,5000,4,'',1,39900,4,'',1,800,4,'',1,1100,4,'',1,1100,4,'',1,900,4,'',1,1100,4,'',1,5200,4,'',1,1200,4,'',1,1000,4,'',1,1200,4,'',1,8600,4,'',1,2700,4,'',1,6900,4,'',1,3000,4,'',1,6600,4,'',2
'25N-H59NV20I-80-I-E',2402,64000,4,'',1,7100,4,'',1,3200,4,'',1,7200,4,'',1,3100,4,'',1,6300,4,'',1,2300,4,'',1,1900,4,'',1,55800,4,'',1,1300,4,'',1,1400,4,'',1,1400,4,'',1,5400,4,'',1,1500,4,'',1,1400,4,'',1,1500,4,'',2,5600,4,'',1,1600,4,'',1,2100,4,'',1,6100,4,'',1,2500,4,'',1,2200,4,'',1,48900,4,'',1,7100,4,'',1,3000,4,'',1,7000,4,'',1,2400,4,'',1
'25N-H59NV20I-80-I-NE',2402,60900,4,'',1,40100,4,'',1,2000,4,'',1,2000,4,'',1,5900,4,'',1,2100,4,'',1,2200,4,'',1,6300,4,'',1,2200,4,'',1,1500,4,'',1,5400,4,'',2,1400,4,'',1,1400,4,'',1,1400,4,'',1,5300,4,'',1,1400,4,'',1,1400,4,'',1,1400,4,'',2,1300,4,'',1,45600,4,'',1,2300,4,'',1,2300,4,'',1,6300,4,'',1,2600,4,'',1,6700,4,'',1,2700,4,'',1,6800,4,'',1,2900,4,'',1,7000,4,'',1
'25N-H59NV20S-80-S-E',2402,62300,4,'',2,3500,4,'',1,5300,4,'',1,1300,4,'',1,1500,4,'',1,1400,4,'',1,5200,4,'',1,1200,4,'',1,500,4,'',2,700,4,'',1,1200,4,'',1,600,4,'',2,500,4,'',1,500,4,'',2,4700,4,'',1,400,4,'',2,400,4,'',1,500,4,'',1,500,4,'',1,600,4,'',1,600,4,'',1,600,4,'',1,600,4,'',1,600,4,'',1,5000,4,'',1,800,4,'',1,50200,4,'',1,1100,4,'',1,1100,4,'',1,1200,4,'',1,1100,4,'',1,5000,4,'',1,1000,4,'',2,800,4,'',1,800,4,'',2,700,4,'',1,1800,4,'',1,5000,4,'',1,700,4,'',1,800,4,'',1,900,4,'',1,1100,4,'',1,1100,4,'',1,5100,4,'',1,1000,4,'',1,1000,4,'',1,800,4,'',1,1000,4,'',1,900,4,'',1,49200,4,'',1,7000,4,'',1,2900,4,'',1,6500,4,'',2,2700,4,'',1
'25N-H59NV20S-80-S-NE',2402,55300,4,'',1,46600,4,'',1,900,4,'',1,700,4,'',1,600,4,'',1,900,4,'',1,5900,4,'',1,1000,4,'',1,1000,4,'',1,1000,4,'',1,900,4,'',1,800,4,'',1,4800,4,'',1,800,4,'',1,1000,4,'',1,900,4,'',1,900,4,'',1,1100,4,'',1,5100,4,'',1,2000,4,'',1,1000,4,'',1,1000,4,'',1,900,4,'',1,5000,4,'',1,1000,4,'',1,900,4,'',1,1000,4,'',1,1000,4,'',1,1100,4,'',1,5000,4,'',1,39900,4,'',1,800,4,'',1,1100,4,'',1,1100,4,'',1,900,4,'',1,1100,4,'',1,5200,4,'',1,1200,4,'',1,1000,4,'',1,1200,4,'',1,8600,4,'',1,2700,4,'',1,6900,4,'',1,3000,4,'',1,6600,4,'',2
'25N-H59VN20A-80-A-E',2402,63700,4,'',2,7000,4,'',1,3400,4,'',1,6000,4,'',1,2000,4,'',2,2200,4,'',1,6200,4,'',2,2000,4,'',1,1900,4,'',1,5800,4,'',1,51000,4,'',1,1200,4,'',1,1100,4,'',1,1100,4,'',1,5500,4,'',1,1600,4,'',1,1400,4,'',1,1300,4,'',1,1300,4,'',1,5400,4,'',1,1500,4,'',1,1500,4,'',1,1500,4,'',1,5400,4,'',2,1600,4,'',1,1400,4,'',1,49300,4,'',1,2500,4,'',1,6500,4,'',2,2500,4,'',1,6700,4,'',1,3100,4,'',1
'25N-H59VN20A-80-A-NE',2402,60800,4,'',1,41200,4,'',2,1600,4,'',1,1600,4,'',1,5700,4,'',2,1900,4,'',1,1800,4,'',1,5700,4,'',1,1700,4,'',1,1700,4,'',2,1500,4,'',1,5400,4,'',1,1200,4,'',1,1200,4,'',1,1100,4,'',1,1100,4,'',1,5200,4,'',1,1200,4,'',1,1100,4,'',1,1100,4,'',1,1100,4,'',1,5200,4,'',2,35600,4,'',1,5700,4,'',1,1500,4,'',1,1600,4,'',1,5700,4,'',1,1800,4,'',2,1800,4,'',1,1900,4,'',1,6100,4,'',1,2000,4,'',1,2100,4,'',1,6200,4,'',2,2300,4,'',1,6600,4,'',1,30700,4,'',2
'25N-H50N100F-80-F1-E',10301,64000,4,'',2,7000,4,'',1,3000,4,'',2,7000,4,'',1,3100,4,'',2,6600,4,'',1,2400,4,'',2,58800,4,'',1,2000,4,'',2,2000,4,'',1,5900,4,'',1,2000,4,'',2,6300,4,'',2,2500,4,'',1,3100,4,'',1,56400,4,'',1,2700,4,'',2,6900,4,'',1,3000,4,'',2,7000,4,'',1
'25N-H50N100F-80-F1-NE',10301,61000,4,'',1,34200,4,'',1,6000,4,'',1,2100,4,'',2,2000,4,'',1,6000,4,'',1,2200,4,'',1,1900,4,'',1,6000,4,'',1,2300,4,'',2,2100,4,'',1,6100,4,'',1,2300,4,'',2,1700,4,'',1,6000,4,'',1,2000,4,'',2,2000,4,'',1,37100,4,'',1,7100,4,'',2,2800,4,'',1,3000,4,'',2,6900,4,'',1,2900,4,'',2,6800,4,'',1,2900,4,'',2,6900,4,'',1,2900,4,'',2
'25N-H50N200F-80-F2-E',10301,64000,4,'',2,7000,4,'',1,3000,4,'',2,7000,4,'',1,3100,4,'',2,6600,4,'',1,2400,4,'',2,58800,4,'',1,2000,4,'',2,2000,4,'',1,5900,4,'',1,2000,4,'',2,6300,4,'',2,2500,4,'',1,3100,4,'',1,56400,4,'',1,2700,4,'',2,6900,4,'',1,3000,4,'',2,7000,4,'',1
'25N-H50N200F-80-F2-NE',10301,61000,4,'',1,34200,4,'',1,6000,4,'',1,2100,4,'',2,2000,4,'',1,6000,4,'',1,2200,4,'',1,1900,4,'',1,6000,4,'',1,2300,4,'',2,2100,4,'',1,6100,4,'',1,2300,4,'',2,1700,4,'',1,6000,4,'',1,2000,4,'',2,2000,4,'',1,37100,4,'',1,7100,4,'',2,2800,4,'',1,3000,4,'',2,6900,4,'',1,2900,4,'',2,6800,4,'',1,2900,4,'',2,6900,4,'',1,2900,4,'',2
'25N-H50N300F-80-F3-E',10301,64000,4,'',2,7000,4,'',1,3000,4,'',2,7000,4,'',1,3100,4,'',2,6600,4,'',1,2400,4,'',2,58800,4,'',1,2000,4,'',2,2000,4,'',1,5900,4,'',1,2000,4,'',2,6300,4,'',2,2500,4,'',1,3100,4,'',1,56400,4,'',1,2700,4,'',2,6900,4,'',1,3000,4,'',2,7000,4,'',1
'25N-H50N300F-80-F3-NE',10301,61000,4,'',1,34200,4,'',1,6000,4,'',1,2100,4,'',2,2000,4,'',1,6000,4,'',1,2200,4,'',1,1900,4,'',1,6000,4,'',1,2300,4,'',2,2100,4,'',1,6100,4,'',1,2300,4,'',2,1700,4,'',1,6000,4,'',1,2000,4,'',2,2000,4,'',1,37100,4,'',1,7100,4,'',2,2800,4,'',1,3000,4,'',2,6900,4,'',1,2900,4,'',2,6800,4,'',1,2900,4,'',2,6900,4,'',1,2900,4,'',2
'25N-H50N400F-80-F4-E',10301,64000,4,'',2,7000,4,'',1,3000,4,'',2,7000,4,'',1,3100,4,'',2,6600,4,'',1,2400,4,'',2,58800,4,'',1,2000,4,'',2,2000,4,'',1,5900,4,'',1,2000,4,'',2,6300,4,'',2,2500,4,'',1,3100,4,'',1,56400,4,'',1,2700,4,'',2,6900,4,'',1,3000,4,'',2,7000,4,'',1
'25N-H50N400F-80-F4-NE',10301,61000,4,'',1,34200,4,'',1,6000,4,'',1,2100,4,'',2,2000,4,'',1,6000,4,'',1,2200,4,'',1,1900,4,'',1,6000,4,'',1,2300,4,'',2,2100,4,'',1,6100,4,'',1,2300,4,'',2,1700,4,'',1,6000,4,'',1,2000,4,'',2,2000,4,'',1,37100,4,'',1,7100,4,'',2,2800,4,'',1,3000,4,'',2,6900,4,'',1,2900,4,'',2,6800,4,'',1,2900,4,'',2,6900,4,'',1,2900,4,'',2
'25N-H50NV10A-80-A-E',10301,64400,4,'',2,6700,4,'',1,2700,4,'',2,6600,4,'',1,2700,4,'',2,2300,4,'',2,6200,4,'',1,2100,4,'',2,57600,4,'',1,1900,4,'',2,1900,4,'',2,5800,4,'',1,1800,4,'',2,1800,4,'',2,5900,4,'',1,2100,4,'',2,2400,4,'',2,6300,4,'',1,50700,4,'',2,2900,4,'',1,6900,4,'',2,2900,4,'',1,7000,4,'',2
'25N-H50NV10A-80-A-NE',10301,54300,4,'',2,7100,4,'',1,34100,4,'',2,5600,4,'',1,1500,4,'',1,1500,4,'',2,1500,4,'',2,5500,4,'',1,1600,4,'',1,1400,4,'',2,1500,4,'',2,5500,4,'',1,1500,4,'',1,1600,4,'',2,1600,4,'',1,5500,4,'',2,1400,4,'',2,1400,4,'',2,1400,4,'',2,5500,4,'',1,1500,4,'',2,1400,4,'',2,1600,4,'',2,38100,4,'',2,6500,4,'',1,2500,4,'',2,2900,4,'',1,7000,4,'',2,3000,4,'',1,7000,4,'',2,2800,4,'',1,6900,4,'',2,2800,4,'',1,29600,4,'',1
'25N-H50NV10I-80-I-E',10301,64000,4,'',2,7000,4,'',1,3000,4,'',2,7000,4,'',1,3100,4,'',2,6600,4,'',1,2400,4,'',2,58800,4,'',1,2000,4,'',2,2000,4,'',1,5900,4,'',1,2000,4,'',2,6300,4,'',2,2500,4,'',1,3100,4,'',1,56400,4,'',1,2700,4,'',2,6900,4,'',1,3000,4,'',2,7000,4,'',1
'25N-H50NV10I-80-I-NE',10301,61000,4,'',1,34200,4,'',1,6000,4,'',1,2100,4,'',2,2000,4,'',1,6000,4,'',1,2200,4,'',1,1900,4,'',1,6000,4,'',1,2300,4,'',2,2100,4,'',1,6100,4,'',1,2300,4,'',2,1700,4,'',1,6000,4,'',1,2000,4,'',2,2000,4,'',1,37100,4,'',1,7100,4,'',2,2800,4,'',1,3000,4,'',2,6900,4,'',1,2900,4,'',2,6800,4,'',1,2900,4,'',2,6900,4,'',1,2900,4,'',2
'25N-H50NV10S-81-S-E',10301,62300,4,'',2,1500,4,'',1,900,4,'',1,800,4,'',1,4800,4,'',1,800,4,'',2,1700,4,'',1,500,4,'',1,400,4,'',1,500,4,'',1,800,4,'',1,400,4,'',1,400,4,'',2,4400,4,'',1,600,4,'',2,1000,4,'',1,700,4,'',1,1100,4,'',1,500,4,'',1,600,4,'',1,500,4,'',1,600,4,'',1,4700,4,'',1,600,4,'',2,600,4,'',1,700,4,'',1,900,4,'',2,58500,4,'',1,1800,4,'',2,2200,4,'',1,5700,4,'',1,2800,4,'',2,6800,4,'',1,2900,4,'',1,6800,4,'',1,51400,4,'',2,2600,4,'',1,6900,4,'',2,2900,4,'',1,6900,4,'',2
'25N-H50NV10S-81-S-NE',10301,53900,4,'',1,6100,4,'',1,34100,4,'',1,1200,4,'',1,5400,4,'',2,2900,4,'',1,1400,4,'',1,5400,4,'',2,1400,4,'',1,1400,4,'',1,1500,4,'',1,5500,4,'',2,1600,4,'',1,1700,4,'',1,1800,4,'',1,5600,4,'',1,1500,4,'',2,1500,4,'',1,1500,4,'',1,5500,4,'',1,1600,4,'',2,1700,4,'',1,5900,4,'',1,33500,4,'',2,6400,4,'',1,2900,4,'',1,2700,4,'',1,7000,4,'',2,3200,4,'',1,6800,4,'',2,3000,4,'',1,7000,4,'',2,2900,4,'',1
'25N-H50NV20A-80-A-E',10301,64400,4,'',2,6700,4,'',1,2700,4,'',2,6600,4,'',1,2700,4,'',2,2300,4,'',2,6200,4,'',1,2100,4,'',2,57600,4,'',1,1900,4,'',2,1900,4,'',2,5800,4,'',1,1800,4,'',2,1800,4,'',2,5900,4,'',1,2100,4,'',2,2400,4,'',2,6300,4,'',1,50700,4,'',2,2900,4,'',1,6900,4,'',2,2900,4,'',1,7000,4,'',2
'25N-H50NV20A-80-A-NE',10301,54300,4,'',2,7100,4,'',1,34100,4,'',2,5600,4,'',1,1500,4,'',1,1500,4,'',2,1500,4,'',2,5500,4,'',1,1600,4,'',1,1400,4,'',2,1500,4,'',2,5500,4,'',1,1500,4,'',1,1600,4,'',2,1600,4,'',1,5500,4,'',2,1400,4,'',2,1400,4,'',2,1400,4,'',2,5500,4,'',1,1500,4,'',2,1400,4,'',2,1600,4,'',2,38100,4,'',2,6500,4,'',1,2500,4,'',2,2900,4,'',1,7000,4,'',2,3000,4,'',1,7000,4,'',2,2800,4,'',1,6900,4,'',2,2800,4,'',1,29600,4,'',1
'25N-H50NV20I-80-I-E',10301,64000,4,'',2,7000,4,'',1,3000,4,'',2,7000,4,'',1,3100,4,'',2,6600,4,'',1,2400,4,'',2,58800,4,'',1,2000,4,'',2,2000,4,'',1,5900,4,'',1,2000,4,'',2,6300,4,'',2,2500,4,'',1,3100,4,'',1,56400,4,'',1,2700,4,'',2,6900,4,'',1,3000,4,'',2,7000,4,'',1
'25N-H50NV20I-80-I-NE',10301,61000,4,'',1,34200,4,'',1,6000,4,'',1,2100,4,'',2,2000,4,'',1,6000,4,'',1,2200,4,'',1,1900,4,'',1,6000,4,'',1,2300,4,'',2,2100,4,'',1,6100,4,'',1,2300,4,'',2,1700,4,'',1,6000,4,'',1,2000,4,'',2,2000,4,'',1,37100,4,'',1,7100,4,'',2,2800,4,'',1,3000,4,'',2,6900,4,'',1,2900,4,'',2,6800,4,'',1,2900,4,'',2,6900,4,'',1,2900,4,'',2
'25N-H50NV20S-80-S-E',10301,62300,4,'',2,1500,4,'',1,900,4,'',1,800,4,'',1,4800,4,'',1,800,4,'',2,1700,4,'',1,500,4,'',1,400,4,'',1,500,4,'',1,800,4,'',1,400,4,'',1,400,4,'',2,4400,4,'',1,600,4,'',2,1000,4,'',1,700,4,'',1,1100,4,'',1,500,4,'',1,600,4,'',1,500,4,'',1,600,4,'',1,4700,4,'',1,600,4,'',2,600,4,'',1,700,4,'',1,900,4,'',2,58500,4,'',1,1800,4,'',2,2200,4,'',1,5700,4,'',1,2800,4,'',2,6800,4,'',1,2900,4,'',1,6800,4,'',1,51400,4,'',2,2600,4,'',1,6900,4,'',2,2900,4,'',1,6900,4,'',2
'25N-H50NV20S-80-S-NE',10301,53900,4,'',1,6100,4,'',1,34100,4,'',1,1200,4,'',1,5400,4,'',2,2900,4,'',1,1400,4,'',1,5400,4,'',2,1400,4,'',1,1400,4,'',1,1500,4,'',1,5500,4,'',2,1600,4,'',1,1700,4,'',1,1800,4,'',1,5600,4,'',1,1500,4,'',2,1500,4,'',1,1500,4,'',1,5500,4,'',1,1600,4,'',2,1700,4,'',1,5900,4,'',1,33500,4,'',2,6400,4,'',1,2900,4,'',1,2700,4,'',1,7000,4,'',2,3200,4,'',1,6800,4,'',2,3000,4,'',1,7000,4,'',2,2900,4,'',1
'25N-H57NV10S-84-S-E',10301,74600,4,'',1,6700,4,'',2
'25N-H57NV10S-84-S-NE',10301,102100,4,'',1
'25N-H57NV20S-80-S-E',10301,74600,4,'',1,6700,4,'',2
'25N-H57NV20S-80-S-NE',10301,102100,4,'',1
'25N-H59NV10S-84-S-E',10301,71900,4,'',2,11200,4,'',2
'25N-H59NV20S-80-S-E',10301,71900,4,'',2,11200,4,'',2
'25N-H50N100F-80-F1-E',16201,65500,4,'',1,6900,4,'',1,2900,4,'',1,7100,4,'',1,3100,4,'',1,7400,4,'',1,59100,4,'',1,3200,4,'',1,7300,4,'',1,3300,4,'',1,7300,4,'',1,7100,4,'',2,51700,4,'',2,3100,4,'',1,7100,4,'',2,3100,4,'',1,7000,4,'',2
'25N-H50N100F-80-F1-NE',16201,100200,4,'',1,3300,4,'',1,7300,4,'',1,3300,4,'',2,7200,4,'',1,3100,4,'',1,7200,4,'',1,3200,4,'',1,7100,4,'',1,3000,4,'',1,38200,4,'',1,7200,4,'',2,3200,4,'',1,7300,4,'',2,3300,4,'',1,7300,4,'',2,3200,4,'',1,7200,4,'',2,2900,4,'',1
'25N-H50N200F-80-F2-E',16201,65500,4,'',1,6900,4,'',1,2900,4,'',1,7100,4,'',1,3100,4,'',1,7400,4,'',1,59100,4,'',1,3200,4,'',1,7300,4,'',1,3300,4,'',1,7300,4,'',1,7100,4,'',2,51700,4,'',2,3100,4,'',1,7100,4,'',2,3100,4,'',1,7000,4,'',2
'25N-H50N200F-80-F2-NE',16201,100200,4,'',1,3300,4,'',1,7300,4,'',1,3300,4,'',2,7200,4,'',1,3100,4,'',1,7200,4,'',1,3200,4,'',1,7100,4,'',1,3000,4,'',1,38200,4,'',1,7200,4,'',2,3200,4,'',1,7300,4,'',2,3300,4,'',1,7300,4,'',2,3200,4,'',1,7200,4,'',2,2900,4,'',1
'25N-H50N300F-80-F3-E',16201,65500,4,'',1,6900,4,'',1,2900,4,'',1,7100,4,'',1,3100,4,'',1,7400,4,'',1,59100,4,'',1,3200,4,'',1,7300,4,'',1,3300,4,'',1,7300,4,'',1,7100,4,'',2,51700,4,'',2,3100,4,'',1,7100,4,'',2,3100,4,'',1,7000,4,'',2
'25N-H50N300F-80-F3-NE',16201,100200,4,'',1,3300,4,'',1,7300,4,'',1,3300,4,'',2,7200,4,'',1,3100,4,'',1,7200,4,'',1,3200,4,'',1,7100,4,'',1,3000,4,'',1,38200,4,'',1,7200,4,'',2,3200,4,'',1,7300,4,'',2,3300,4,'',1,7300,4,'',2,3200,4,'',1,7200,4,'',2,2900,4,'',1
'25N-H50N400F-80-F4-E',16201,65500,4,'',1,6900,4,'',1,2900,4,'',1,7100,4,'',1,3100,4,'',1,7400,4,'',1,59100,4,'',1,3200,4,'',1,7300,4,'',1,3300,4,'',1,7300,4,'',1,7100,4,'',2,51700,4,'',2,3100,4,'',1,7100,4,'',2,3100,4,'',1,7000,4,'',2
'25N-H50N400F-80-F4-NE',16201,100200,4,'',1,3300,4,'',1,7300,4,'',1,3300,4,'',2,7200,4,'',1,3100,4,'',1,7200,4,'',1,3200,4,'',1,7100,4,'',1,3000,4,'',1,38200,4,'',1,7200,4,'',2,3200,4,'',1,7300,4,'',2,3300,4,'',1,7300,4,'',2,3200,4,'',1,7200,4,'',2,2900,4,'',1
'25N-H50NV10A-80-A-E',16201,65400,4,'',2,6900,4,'',1,2900,4,'',2,6900,4,'',1,3100,4,'',2,7200,4,'',1,58500,4,'',1,2900,4,'',1,6900,4,'',1,2800,4,'',1,6800,4,'',1,2700,4,'',1,2800,4,'',1,6900,4,'',1,50300,4,'',1,2900,4,'',1,7000,4,'',1,2900,4,'',1,6800,4,'',1
'25N-H50NV10A-80-A-NE',16201,95700,4,'',2,7300,4,'',1,7400,4,'',2,3600,4,'',1,7200,4,'',2,3200,4,'',1,7000,4,'',1,2900,4,'',1,7000,4,'',1,2900,4,'',1,41400,4,'',1,6700,4,'',1,3300,4,'',1,7000,4,'',1,3200,4,'',1,7000,4,'',1,7200,4,'',1,3000,4,'',1,7000,4,'',1,25400,4,'',1
'25N-H50NV10I-80-I-E',16201,65500,4,'',1,6900,4,'',1,2900,4,'',1,7100,4,'',1,3100,4,'',1,7400,4,'',1,59100,4,'',1,3200,4,'',1,7300,4,'',1,3300,4,'',1,7300,4,'',1,7100,4,'',2,51700,4,'',2,3100,4,'',1,7100,4,'',2,3100,4,'',1,7000,4,'',2
'25N-H50NV10I-80-I-NE',16201,100200,4,'',1,3300,4,'',1,7300,4,'',1,3300,4,'',2,7200,4,'',1,3100,4,'',1,7200,4,'',1,3200,4,'',1,7100,4,'',1,3000,4,'',1,38200,4,'',1,7200,4,'',2,3200,4,'',1,7300,4,'',2,3300,4,'',1,7300,4,'',2,3200,4,'',1,7200,4,'',2,2900,4,'',1
'25N-H50NV10S-81-S-E',16201,64300,4,'',2,7200,4,'',2,2500,4,'',1,6900,4,'',2,3300,4,'',2,6700,4,'',1,3200,4,'',1,57300,4,'',1,3400,4,'',1,7200,4,'',1,2700,4,'',1,7000,4,'',1,9600,4,'',1,51200,4,'',1,2900,4,'',1,6800,4,'',1,3000,4,'',1,7000,4,'',1
'25N-H50NV10S-81-S-NE',16201,61100,4,'',1,39900,4,'',1,2800,4,'',1,7000,4,'',1,9900,4,'',1,3500,4,'',1,7000,4,'',1,3000,4,'',1,7000,4,'',1,3000,4,'',1,39800,4,'',1,9700,4,'',1,6800,4,'',1,2900,4,'',1,6900,4,'',1,2900,4,'',1,6900,4,'',1,2700,4,'',1,2800,4,'',1
'25N-H50NV20A-80-A-E',16201,65400,4,'',2,6900,4,'',1,2900,4,'',2,6900,4,'',1,3100,4,'',2,7200,4,'',1,58500,4,'',1,2900,4,'',1,6900,4,'',1,2800,4,'',1,6800,4,'',1,2700,4,'',1,2800,4,'',1,6900,4,'',1,50300,4,'',1,2900,4,'',1,7000,4,'',1,2900,4,'',1,6800,4,'',1
'25N-H50NV20A-80-A-NE',16201,95700,4,'',2,7300,4,'',1,7400,4,'',2,3600,4,'',1,7200,4,'',2,3200,4,'',1,7000,4,'',1,2900,4,'',1,7000,4,'',1,2900,4,'',1,41400,4,'',1,6700,4,'',1,3300,4,'',1,7000,4,'',1,3200,4,'',1,7000,4,'',1,7200,4,'',1,3000,4,'',1,7000,4,'',1,25400,4,'',1
'25N-H50NV20I-80-I-E',16201,65500,4,'',1,6900,4,'',1,2900,4,'',1,7100,4,'',1,3100,4,'',1,7400,4,'',1,59100,4,'',1,3200,4,'',1,7300,4,'',1,3300,4,'',1,7300,4,'',1,7100,4,'',2,51700,4,'',2,3100,4,'',1,7100,4,'',2,3100,4,'',1,7000,4,'',2
'25N-H50NV20I-80-I-NE',16201,100200,4,'',1,3300,4,'',1,7300,4,'',1,3300,4,'',2,7200,4,'',1,3100,4,'',1,7200,4,'',1,3200,4,'',1,7100,4,'',1,3000,4,'',1,38200,4,'',1,7200,4,'',2,3200,4,'',1,7300,4,'',2,3300,4,'',1,7300,4,'',2,3200,4,'',1,7200,4,'',2,2900,4,'',1
'25N-H50NV20S-80-S-E',16201,64300,4,'',2,7200,4,'',2,2500,4,'',1,6900,4,'',2,3300,4,'',2,6700,4,'',1,3200,4,'',1,57300,4,'',1,3400,4,'',1,7200,4,'',1,2700,4,'',1,7000,4,'',1,9600,4,'',1,51200,4,'',1,2900,4,'',1,6800,4,'',1,3000,4,'',1,7000,4,'',1
'25N-H50NV20S-80-S-NE',16201,61100,4,'',1,39900,4,'',1,2800,4,'',1,7000,4,'',1,9900,4,'',1,3500,4,'',1,7000,4,'',1,3000,4,'',1,7000,4,'',1,3000,4,'',1,39800,4,'',1,9700,4,'',1,6800,4,'',1,2900,4,'',1,6900,4,'',1,2900,4,'',1,6900,4,'',1,2700,4,'',1,2800,4,'',1
'25N-H56NV10S-80-S-NE',16201,113700,4,'',1
'25N-H56NV20S-80-S-NE',16201,113700,4,'',1
'25N-H59NV10S-84-S-E',16201,174400,4,'',2
'25N-H59NV10S-84-S-NE',16201,190500,4,'',2
'25N-H59NV20S-80-S-E',16201,174400,4,'',2
'25N-H59NV20S-80-S-NE',16201,190500,4,'',2
