18002,'H58U000A-80-A',548,,265503,22,0,10,2,72,,265509,22,0,10,1,33,,265504,22,0,10,2,72,,265510,22,0,10,1,27,,265473,22,0,10,1,66,,265505,22,0,10,2,29,,265511,22,0,10,1,67,,265474,22,0,10,1,29,,265506,22,0,10,2,69,,265512,22,0,10,1,32,,265475,22,0,10,1,73,,265507,22,0,10,2,33,,265513,22,0,10,1,73,,265476,22,0,10,1,31,,265508,22,0,10,2,73,,265514,22,0,10,1,73,,265477,22,0,10,2,33,,265479,22,0,10,1,73,,265488,22,0,10,2,33,,265478,22,0,10,2,73,,265480,22,0,10,1,33,,265489,22,0,10,2,73,,265495,22,0,10,2,32,,265481,22,0,10,1,72,,265490,22,0,10,2,32,,265496,22,0,10,2,69,,265482,22,0,10,1,30,,265491,22,0,10,2,69,,265497,22,0,10,2,29,,265483,22,0,10,1,67,,265492,22,0,10,2,25,,265498,22,0,10,2,67,,265484,22,0,10,1,27,,265493,22,0,10,2,66,,265499,22,0,10,2,26,,265485,22,0,10,1,25,,265494,22,0,10,2,63,,265500,22,0,10,2,30,,265486,22,0,10,1,70,,265501,22,0,10,2,31,,265487,22,0,10,1,70,,265502,22,0,10,2
18002,'H58U000I-80-I',620,,265515,22,0,10,1,33,,265521,22,0,10,2,73,,265516,22,0,10,1,32,,265522,22,0,10,2,73,,265517,22,0,10,1,72,,265523,22,0,10,2,27,,265533,22,0,10,1,27,,265518,22,0,10,1,68,,265524,22,0,10,2,28,,265534,22,0,10,1,70,,265519,22,0,10,1,29,,265525,22,0,10,2,69,,265535,22,0,10,1,31,,265520,22,0,10,1,71,,265526,22,0,10,2,30,,265536,22,0,10,1,70,,265543,22,0,10,1,30,,265527,22,0,10,2,71,,265537,22,0,10,1,30,,265544,22,0,10,1,70,,265528,22,0,10,2,30,,265538,22,0,10,1,70,,265545,22,0,10,1,30,,265529,22,0,10,2,70,,265539,22,0,10,1,29,,265546,22,0,10,1,71,,265530,22,0,10,2,30,,265540,22,0,10,1,70,,265547,22,0,10,1,28,,265531,22,0,10,2,68,,265541,22,0,10,1,28,,265548,22,0,10,1,67,,265532,22,0,10,2,26,,265542,22,0,10,1,71,,265549,22,0,10,1,29,,265552,22,0,10,2,70,,265550,22,0,10,1,29,,265553,22,0,10,2,69,,265551,22,0,10,1,29,,265554,22,0,10,2
18002,'H58U000S-80-S',549,,265579,22,0,10,2,70,,265581,22,0,10,2,31,,265569,22,0,10,2,73,,265585,22,0,10,1,30,,265582,22,0,10,2,70,,265563,22,0,10,1,21,,265586,22,0,10,1,78,,265562,22,0,10,2,30,,265573,22,0,10,1,73,,265583,22,0,10,2,33,,265564,22,0,10,1,71,,265574,22,0,10,1,30,,265555,22,0,10,2,63,,265584,22,0,10,2,33,,265575,22,0,10,1,73,,265556,22,0,10,2,73,,265570,22,0,10,2,33,,265576,22,0,10,1,20,,265588,22,0,10,2,62,,265557,22,0,10,2,21,,265571,22,0,10,2,18,,265594,22,0,10,2,52,,265577,22,0,10,1,12,,265595,22,0,10,2,12,,265596,22,0,10,2,22,,265558,22,0,10,2,62,,265572,22,0,10,2,22,,265578,22,0,10,1,15,,265560,22,0,10,1,53,,265597,22,0,10,2,12,,265568,22,0,10,1,14,,265559,22,0,10,2,14,,265589,22,0,10,2,65,,265593,22,0,10,1,31,,265565,22,0,10,1,71,,265590,22,0,10,2,31,,265599,22,0,10,1,71,,265566,22,0,10,1,31,,265591,22,0,10,2,69,,265600,22,0,10,1,30,,265567,22,0,10,1,69,,265592,22,0,10,2,30,,265601,22,0,10,1,70,,265561,22,0,10,1,27,,265580,22,0,10,2,68,,265587,22,0,10,1,28,,265598,22,0,10,2
18002,'H58U100F-80-F1',620,,265602,22,0,10,1,33,,265608,22,0,10,2,73,,265603,22,0,10,1,32,,265609,22,0,10,2,73,,265604,22,0,10,1,72,,265610,22,0,10,2,27,,265620,22,0,10,1,27,,265605,22,0,10,1,68,,265611,22,0,10,2,28,,265621,22,0,10,1,70,,265606,22,0,10,1,29,,265612,22,0,10,2,69,,265622,22,0,10,1,31,,265607,22,0,10,1,71,,265613,22,0,10,2,30,,265623,22,0,10,1,70,,265630,22,0,10,1,30,,265614,22,0,10,2,71,,265624,22,0,10,1,30,,265631,22,0,10,1,70,,265615,22,0,10,2,30,,265625,22,0,10,1,70,,265632,22,0,10,1,30,,265616,22,0,10,2,70,,265626,22,0,10,1,29,,265633,22,0,10,1,71,,265617,22,0,10,2,30,,265627,22,0,10,1,70,,265634,22,0,10,1,28,,265618,22,0,10,2,68,,265628,22,0,10,1,28,,265635,22,0,10,1,67,,265619,22,0,10,2,26,,265629,22,0,10,1,71,,265636,22,0,10,1,29,,265639,22,0,10,2,70,,265637,22,0,10,1,29,,265640,22,0,10,2,69,,265638,22,0,10,1,29,,265641,22,0,10,2
18002,'H58U200F-80-F2',620,,265642,22,0,10,2,33,,265649,22,0,10,1,73,,265643,22,0,10,2,32,,265650,22,0,10,1,73,,265644,22,0,10,2,72,,265651,22,0,10,1,27,,265660,22,0,10,2,27,,265645,22,0,10,2,68,,265652,22,0,10,1,28,,265661,22,0,10,2,70,,265646,22,0,10,2,29,,265653,22,0,10,1,69,,265662,22,0,10,2,31,,265647,22,0,10,2,71,,265654,22,0,10,1,30,,265663,22,0,10,2,70,,265648,22,0,10,2,30,,265664,22,0,10,1,71,,265673,22,0,10,2,30,,265679,22,0,10,2,70,,265665,22,0,10,1,30,,265674,22,0,10,2,70,,265680,22,0,10,2,30,,265666,22,0,10,1,70,,265675,22,0,10,2,29,,265681,22,0,10,2,71,,265667,22,0,10,1,30,,265676,22,0,10,2,70,,265655,22,0,10,1,28,,265668,22,0,10,1,68,,265677,22,0,10,2,28,,265656,22,0,10,1,67,,265669,22,0,10,1,26,,265678,22,0,10,2,71,,265657,22,0,10,1,29,,265670,22,0,10,2,70,,265658,22,0,10,1,29,,265671,22,0,10,2,69,,265659,22,0,10,1,29,,265672,22,0,10,2
36503,'H58U000A-80-A',2656,,277502,49,0,8,2,72,,277499,49,0,8,1,73,,277498,49,0,8,2,31,,277500,49,0,8,1,76,,277501,49,0,8,2,37,,277503,49,0,8,2
36503,'H58U000I-80-I',2620,,277504,49,0,8,1,81,,277506,49,0,8,1,42,,277508,49,0,8,2,80,,277505,49,0,8,1,82,,277507,49,0,8,1,40,,277509,49,0,8,2
36503,'H58U000S-80-S',2623,,277510,49,0,8,1,79,,277513,49,0,8,1,40,,277515,49,0,8,2,80,,277512,49,0,8,1,80,,277511,49,0,8,1,42,,277514,49,0,8,1
36503,'H58U100F-80-F1',2620,,277516,49,0,8,1,81,,277518,49,0,8,1,42,,277520,49,0,8,2,80,,277517,49,0,8,1,82,,277519,49,0,8,1,40,,277521,49,0,8,2
36503,'H58U200F-80-F2',2620,,277526,49,0,8,2,81,,277522,49,0,8,1,42,,277524,49,0,8,2,80,,277527,49,0,8,2,82,,277523,49,0,8,1,40,,277525,49,0,8,2
