6802,'H60M000A-71-A',520,,109082,12,0,10,2,31,,109074,12,0,10,1,71,,109084,12,0,10,2,33,,109102,12,0,10,1,72,,109110,12,0,10,1,31,,109095,12,0,10,1,73,,109085,12,0,10,1,73,,109103,12,0,10,1,33,,109104,12,0,10,1,73,,109075,12,0,10,1,33,,109086,12,0,10,1,73,,109096,12,0,10,1,33,,109105,12,0,10,1,72,,109076,12,0,10,1,31,,109087,12,0,10,1,70,,109097,12,0,10,1,31,,109106,12,0,10,1,69,,109077,12,0,10,1,30,,109088,12,0,10,1,70,,109098,12,0,10,1,28,,109107,12,0,10,1,69,,109078,12,0,10,1,30,,109089,12,0,10,1,69,,109099,12,0,10,1,28,,109108,12,0,10,1,69,,109079,12,0,10,1,29,,109090,12,0,10,1,68,,109100,12,0,10,1,27,,109109,12,0,10,1,67,,109080,12,0,10,1,29,,109091,12,0,18 1 19,1,68,,109114,12,0,10,2,32,,109094,12,0,10,1,72,,109111,12,0,10,1,33,,109081,12,0,10,1,71,,109093,12,0,10,1,33,,109112,12,0,10,1,73,,109101,12,0,18 1 19,1,32,,109083,12,0,18 1 19,1,68,,109092,12,0,18 1 19,2,28,,109113,12,0,18 1 19,1
6802,'H60M000I-71-I',520,,109115,12,0,10,1,27,,109118,12,0,10,2,75,,109128,12,0,10,1,36,,109116,12,0,10,1,76,,109119,12,0,10,2,77,,109129,12,0,10,1,37,,109117,12,0,10,1,77,,109120,12,0,10,2,77,,109148,12,0,10,2,36,,109130,12,0,10,1,75,,109121,12,0,10,2,32,,109142,12,0,10,1,71,,109149,12,0,10,2,31,,109131,12,0,10,1,70,,109122,12,0,10,2,30,,109143,12,0,10,1,70,,109150,12,0,10,2,30,,109132,12,0,10,1,70,,109123,12,0,10,2,30,,109144,12,0,10,1,70,,109151,12,0,10,2,30,,109133,12,0,10,1,70,,109124,12,0,10,2,30,,109145,12,0,10,1,69,,109152,12,0,10,2,28,,109134,12,0,10,1,68,,109125,12,0,10,2,28,,109146,12,0,10,1,68,,109153,12,0,18 1 19,2,28,,109140,12,0,10,1,68,,109135,12,0,10,1,28,,109126,12,0,10,2,68,,109147,12,0,10,1,29,,109141,12,0,10,1,71,,109136,12,0,10,1,33,,109127,12,0,18 1 19,1,73,,109137,12,0,18 1 19,1,33,,109138,12,0,18 1 19,1,73,,109139,12,0,18 1 19,1
6802,'H60M000S-71-S',526,,109156,12,0,18 1 19,1,19,,109154,12,0,18 1 19,1,67,,109155,12,0,18 1 19,2,27,,109169,12,0,18 1 19,1,69,,109177,12,0,18 1 19,1,33,,109160,12,0,18 1 19,2,70,,109175,12,0,18 1 19,2,26,,109176,12,0,18 1 19,1,64,,109185,12,0,18 1 19,1,24,,109170,12,0,10,1,29,,109178,12,0,10,1,69,,109166,12,0,10,1,28,,109157,12,0,10,1,69,,109171,12,0,10,1,29,,109179,12,0,10,1,69,,109167,12,0,10,1,29,,109158,12,0,10,1,69,,109172,12,0,10,1,29,,109180,12,0,10,1,73,,109168,12,0,10,1,25,,109159,12,0,10,1,73,,109173,12,0,18 1 19,1,32,,109181,12,0,18 1 19,1,65,,109187,12,0,18 1 19,2,25,,109163,12,0,18 1 19,1,65,,109192,12,0,18 1 19,2,25,,109186,12,0,18 1 19,1,26,,109174,12,0,18 1 19,1,67,,109182,12,0,18 1 19,1,26,,109188,12,0,18 1 19,2,66,,109164,12,0,18 1 19,1,25,,109191,12,0,18 1 19,2,65,,109161,12,0,10,1,26,,109193,12,0,10,1,26,,109196,12,0,10,1,69,,109165,12,0,10,1,29,,109162,12,0,10,1,70,,109194,12,0,10,1,36,,109189,12,0,10,1,76,,109183,12,0,10,1,72,,109195,12,0,10,1,34,,109190,12,0,18 1 19,1,76,,109184,12,0,18 1 19,1
6802,'H60M100F-71-F1',520,,109197,12,0,10,1,27,,109200,12,0,10,1,75,,109212,12,0,10,2,36,,109198,12,0,10,1,76,,109201,12,0,10,1,77,,109213,12,0,10,2,37,,109199,12,0,10,1,77,,109202,12,0,10,1,77,,109206,12,0,10,1,36,,109214,12,0,10,2,75,,109203,12,0,10,1,32,,109225,12,0,10,2,71,,109207,12,0,10,1,31,,109215,12,0,10,2,70,,109204,12,0,10,1,30,,109226,12,0,10,2,70,,109208,12,0,10,1,30,,109216,12,0,10,2,70,,109205,12,0,10,1,30,,109227,12,0,10,2,70,,109209,12,0,10,1,30,,109217,12,0,10,2,70,,109219,12,0,10,1,30,,109228,12,0,10,2,69,,109210,12,0,10,1,28,,109218,12,0,10,2,68,,109220,12,0,10,1,28,,109229,12,0,10,2,68,,109211,12,0,10,1,28,,109223,12,0,10,1,68,,109233,12,0,10,1,28,,109221,12,0,10,1,68,,109230,12,0,10,2,29,,109224,12,0,10,1,71,,109232,12,0,10,1,33,,109222,12,0,18 1 19,1,73,,109235,12,0,18 1 19,1,33,,109231,12,0,18 1 19,2,73,,109234,12,0,18 1 19,1
6802,'H60M200F-71-F2',520,,109249,12,0,10,1,27,,109236,12,0,10,1,75,,109242,12,0,10,2,36,,109250,12,0,10,1,76,,109238,12,0,10,1,77,,109243,12,0,10,2,37,,109251,12,0,10,1,77,,109237,12,0,10,1,77,,109252,12,0,10,1,36,,109244,12,0,10,2,75,,109239,12,0,10,1,32,,109259,12,0,10,2,71,,109253,12,0,10,1,31,,109247,12,0,10,2,70,,109240,12,0,10,1,30,,109260,12,0,10,2,70,,109254,12,0,10,1,30,,109245,12,0,10,2,70,,109241,12,0,10,1,30,,109258,12,0,10,2,70,,109255,12,0,10,1,30,,109246,12,0,10,2,70,,109268,12,0,10,1,30,,109261,12,0,10,2,69,,109256,12,0,10,1,28,,109248,12,0,10,2,68,,109271,12,0,10,1,28,,109262,12,0,10,2,68,,109257,12,0,10,1,28,,109272,12,0,10,1,68,,109267,12,0,10,1,28,,109269,12,0,10,1,68,,109263,12,0,10,2,29,,109273,12,0,10,1,71,,109266,12,0,10,1,33,,109270,12,0,18 1 19,1,73,,109274,12,0,18 1 19,1,33,,109264,12,0,18 1 19,2,73,,109265,12,0,18 1 19,1
6802,'H60M300F-71-F3',520,,109275,12,0,10,2,27,,109280,12,0,10,1,75,,109298,12,0,10,2,36,,109276,12,0,10,2,76,,109281,12,0,10,1,77,,109299,12,0,10,2,37,,109277,12,0,10,2,77,,109282,12,0,10,1,77,,109292,12,0,10,1,36,,109300,12,0,10,2,75,,109283,12,0,10,1,32,,109307,12,0,10,1,71,,109293,12,0,10,1,31,,109301,12,0,10,2,70,,109284,12,0,10,1,30,,109308,12,0,10,1,70,,109294,12,0,10,1,30,,109302,12,0,10,2,70,,109285,12,0,10,1,30,,109309,12,0,10,1,70,,109295,12,0,10,1,30,,109303,12,0,10,2,70,,109286,12,0,10,1,30,,109310,12,0,10,1,69,,109296,12,0,10,1,28,,109304,12,0,10,2,68,,109287,12,0,10,1,28,,109311,12,0,10,1,68,,109297,12,0,10,1,28,,109289,12,0,10,1,68,,109279,12,0,10,1,28,,109288,12,0,10,1,68,,109312,12,0,10,1,29,,109290,12,0,10,1,71,,109291,12,0,10,2,33,,109305,12,0,18 1 19,1,73,,109278,12,0,18 1 19,1,33,,109313,12,0,18 1 19,1,73,,109306,12,0,18 1 19,1
38202,'H60M000A-71-A',2610,,155543,40,0,10,1,45,,155546,40,0,10,1,85,,155545,40,0,10,1,85,,155544,40,0,10,2
38202,'H60M000I-71-I',2611,,155547,40,0,10,1,45,,155550,40,0,10,1,84,,155548,40,0,10,1,85,,155549,40,0,10,1
38202,'H60M000S-71-S',2611,,155551,40,0,10,1,45,,155553,40,0,10,1,84,,155554,40,0,10,1,85,,155552,40,0,10,1
38202,'H60M100F-71-F1',2611,,155555,40,0,10,1,45,,155556,40,0,10,1,84,,155557,40,0,10,2,85,,155558,40,0,10,1
38202,'H60M200F-71-F2',2611,,155561,40,0,10,1,45,,155562,40,0,10,1,84,,155559,40,0,10,2,85,,155560,40,0,10,1
38202,'H60M300F-71-F3',2611,,155566,40,0,10,1,45,,155563,40,0,10,1,84,,155565,40,0,10,1,85,,155564,40,0,10,1
46802,'H60M000S-71-S',633,,158063,15,0,10,1,21,,158071,15,0,10,2,62,,158056,15,0,10,1,22,,158061,15,0,10,2,12,,158075,15,0,10,2,51,,158070,15,0,10,1,18,,158077,15,0,10,2,14,,158087,15,0,10,2,5,,158057,15,0,10,1,67,,158064,15,0,10,1,30,,158072,15,0,10,2,70,,158067,15,0,10,1,30,,158054,15,0,10,1,68,,158058,15,0,10,1,28,,158065,15,0,10,1,28,,158073,15,0,10,2,68,,158068,15,0,10,1,28,,158055,15,0,10,1,70,,158059,15,0,10,1,30,,158066,15,0,10,1,70,,158074,15,0,10,2,27,,158069,15,0,10,1,63,,158076,15,0,10,1,23,,158079,15,0,10,2,62,,158080,15,0,10,2,11,,158091,15,0,10,2,10,,158081,15,0,10,2,18,,158078,15,0,10,1,11,,158092,15,0,10,2,8,,158060,15,0,10,1,60,,158084,15,0,10,2,20,,158082,15,0,10,2,21,,158062,15,0,10,1,68,,158085,15,0,10,1,25,,158086,15,0,10,1,56,,158083,15,0,10,2
