8502,'H59M000A-70-A',528,,112845,50,0,10,2,80,,112846,50,0,10,1,42,,112855,50,0,10,1,80,,112849,50,0,10,1,81,,112847,50,0,10,1,43,,112856,50,0,10,1,82,,112850,50,0,10,1,82,,112848,50,0,10,1,82,,112868,50,0,10,1,42,,112851,50,0,10,1,82,,112872,50,0,10,2,82,,112869,50,0,10,1,41,,112852,50,0,10,1,75,,112860,50,0,10,1,34,,112866,50,0,10,1,74,,112870,50,0,10,1,74,,112853,50,0,10,1,34,,112861,50,0,10,1,73,,112867,50,0,10,1,33,,112871,50,0,10,1,74,,112854,50,0,10,1,33,,112862,50,0,10,1,80,,112873,50,0,10,2,82,,112857,50,0,10,1,43,,112863,50,0,10,1,85,,112874,50,0,10,2,85,,112858,50,0,10,1,85,,112864,50,0,10,1,44,,112875,50,0,10,2,83,,112859,50,0,10,1,85,,112865,50,0,10,1
8502,'H59M000I-70-I',541,,112876,50,0,10,1,83,,112880,50,0,10,2,85,,112886,50,0,10,1,46,,112895,50,0,10,1,83,,112897,50,0,10,2,83,,112887,50,0,10,1,83,,112896,50,0,10,1,42,,112898,50,0,10,2,81,,112888,50,0,10,1,80,,112882,50,0,10,1,40,,112899,50,0,10,2,82,,112889,50,0,10,1,73,,112877,50,0,10,2,32,,112883,50,0,10,1,73,,112900,50,0,10,2,32,,112890,50,0,10,1,72,,112878,50,0,10,2,32,,112884,50,0,10,1,69,,112901,50,0,10,2,32,,112891,50,0,10,1,72,,112879,50,0,10,2,32,,112885,50,0,10,1,73,,112894,50,0,10,1,32,,112906,50,0,10,1,78,,112902,50,0,10,2,79,,112892,50,0,10,1,40,,112907,50,0,10,1,82,,112903,50,0,10,2,83,,112893,50,0,10,1,43,,112881,50,0,10,1,83,,112904,50,0,10,2,83,,112905,50,0,10,1
8502,'H59M000S-70-S',533,,112908,50,0,10,2,73,,112909,50,0,10,1,35,,112921,50,0,10,2,72,,112928,50,0,10,2,36,,112914,50,0,10,1,59,,112923,50,0,10,1,20,,112910,50,0,10,1,17,,112930,50,0,10,1,58,,112922,50,0,10,2,23,,112929,50,0,10,2,25,,112915,50,0,10,1,71,,112924,50,0,10,1,32,,112932,50,0,10,1,72,,112911,50,0,10,1,31,,112916,50,0,10,1,65,,112937,50,0,10,2,24,,112925,50,0,10,1,66,,112933,50,0,10,1,27,,112912,50,0,10,1,69,,112917,50,0,10,1,31,,112938,50,0,10,2,69,,112926,50,0,10,1,29,,112934,50,0,10,1,74,,112913,50,0,10,1,33,,112931,50,0,10,1,73,,112939,50,0,10,2,32,,112927,50,0,10,1,71,,112941,50,0,10,1,33,,112935,50,0,10,1,72,,112918,50,0,10,1,33,,112940,50,0,10,2,73,,112942,50,0,10,1,73,,112936,50,0,10,1,37,,112919,50,0,10,1,81,,112945,50,0,10,1,84,,112943,50,0,10,1,44,,112920,50,0,10,1,72,,112946,50,0,10,1,89,,112944,50,0,10,1
8502,'H59M100F-70-F1',541,,112947,50,0,10,1,83,,112976,50,0,10,2,85,,112956,50,0,10,1,46,,112948,50,0,10,1,83,,112950,50,0,10,2,83,,112957,50,0,10,1,83,,112949,50,0,10,1,42,,112960,50,0,10,2,81,,112954,50,0,10,1,80,,112970,50,0,10,1,40,,112961,50,0,10,2,82,,112955,50,0,10,1,73,,112973,50,0,10,2,32,,112969,50,0,10,1,73,,112962,50,0,10,2,32,,112958,50,0,10,1,72,,112974,50,0,10,2,32,,112971,50,0,10,1,69,,112963,50,0,10,2,32,,112959,50,0,10,1,72,,112975,50,0,10,2,32,,112972,50,0,10,1,73,,112952,50,0,10,1,32,,112967,50,0,10,1,78,,112964,50,0,10,2,79,,112977,50,0,10,1,40,,112968,50,0,10,1,82,,112965,50,0,10,2,83,,112978,50,0,10,1,43,,112953,50,0,10,1,83,,112966,50,0,10,2,83,,112951,50,0,10,1
8502,'H59M200F-70-F2',541,,112979,50,0,10,1,83,,113008,50,0,10,2,85,,112986,50,0,10,1,46,,112980,50,0,10,1,83,,112982,50,0,10,2,83,,112987,50,0,10,1,83,,112981,50,0,10,1,42,,112992,50,0,10,2,81,,112988,50,0,10,1,80,,113001,50,0,10,1,40,,112993,50,0,10,2,82,,112989,50,0,10,1,73,,113005,50,0,10,2,32,,113002,50,0,10,1,73,,112994,50,0,10,2,32,,112990,50,0,10,1,72,,113006,50,0,10,2,32,,113003,50,0,10,1,69,,112996,50,0,10,2,32,,112991,50,0,10,1,72,,113007,50,0,10,2,32,,113004,50,0,10,1,73,,112984,50,0,10,1,32,,112999,50,0,10,1,78,,112997,50,0,10,2,79,,113009,50,0,10,1,40,,113000,50,0,10,1,82,,112995,50,0,10,2,83,,113010,50,0,10,1,43,,112985,50,0,10,1,83,,112998,50,0,10,2,83,,112983,50,0,10,1
8502,'H59M300F-70-F3',541,,113011,50,0,10,1,83,,113040,50,0,10,2,85,,113018,50,0,10,1,46,,113012,50,0,10,1,83,,113014,50,0,10,2,83,,113019,50,0,10,1,83,,113013,50,0,10,1,42,,113024,50,0,10,2,81,,113020,50,0,10,1,80,,113033,50,0,10,1,40,,113025,50,0,10,2,82,,113021,50,0,10,1,73,,113037,50,0,10,2,32,,113034,50,0,10,1,73,,113026,50,0,10,2,32,,113022,50,0,10,1,72,,113038,50,0,10,2,32,,113035,50,0,10,1,69,,113027,50,0,10,2,32,,113023,50,0,10,1,72,,113039,50,0,10,2,32,,113036,50,0,10,1,73,,113016,50,0,10,1,32,,113031,50,0,10,1,78,,113028,50,0,10,2,79,,113041,50,0,10,1,40,,113032,50,0,10,1,82,,113029,50,0,10,2,83,,113042,50,0,10,1,43,,113017,50,0,10,1,83,,113030,50,0,10,2,83,,113015,50,0,10,1
36202,'H54M000A-70-A',2630,,154719,102,0,10,1,88,,154718,102,0,10,1,85,,154716,102,0,10,1,45,,154717,102,0,10,1,82,,154720,102,0,10,1
36202,'H54M000I-70-I',2629,,154723,102,0,10,1,85,,154722,102,0,10,1,45,,154721,102,0,10,1,89,,154725,102,0,10,1,85,,154724,102,0,10,1
36202,'H54M000S-70-S',2630,,154729,102,0,10,2,85,,154730,102,0,10,1,85,,154727,102,0,10,1,49,,154726,102,0,10,1,85,,154728,102,0,10,1
36202,'H54M100F-70-F1',2629,,154734,102,0,10,1,85,,154733,102,0,10,1,45,,154735,102,0,10,2,89,,154731,102,0,10,1,85,,154732,102,0,10,1
36202,'H54M200F-70-F2',2629,,154738,102,0,10,1,85,,154740,102,0,10,1,45,,154737,102,0,10,1,89,,154736,102,0,10,1,85,,154739,102,0,10,1
36202,'H54M300F-70-F3',2629,,154742,102,0,10,1,85,,154744,102,0,10,1,45,,154741,102,0,10,1,89,,154745,102,0,10,1,85,,154743,102,0,10,1
