'24N-H50NV10S-81-S',16401,61800,,'',1,8400,,'',1,5300,,'',1
'24N-H50NV10S-81-S',16402,61400,4,'',1,13400,4,'',1
'24N-H58NV10S-80-S',16401,83900,,'',2
'24N-H58NV10S-80-S',16402,82800,4,'',2
'24N-H60N100F-80-F1',16401,53000,,'',1,7700,,'',1,3700,,'',1,7700,,'',1,3700,,'',1,7800,,'',1,7900,,'',1,3800,,'',1,7100,,'',1,3000,,'',1,6900,,'',1,2900,,'',1,6900,,'',1,2900,,'',1,6900,,'',1,2900,,'',1,6900,,'',1,2900,,'',1,6900,,'',1,2900,,'',1,6900,,'',1,2900,,'',1,6900,,'',1,2900,,'',1,6900,,'',1,2900,,'',1,6900,,'',1,2900,,'',1,6900,,'',1,2900,,'',1,7000,,'',1,3000,,'',1,7000,,'',1,3100,,'',1,7200,,'',1,3200,,'',1,7100,,'',1,3000,,'',1
'24N-H60N100F-80-F1',16402,60300,4,'',1,3600,4,'',1,7600,4,'',1,3900,4,'',1,7900,4,'',1,7900,4,'',1,3800,4,'',1,7000,4,'',1,2900,4,'',1,6900,4,'',1,3000,4,'',1,6800,4,'',1,3000,4,'',1,6800,4,'',1,2900,4,'',1,6900,4,'',1,2900,4,'',1,6900,4,'',1,2900,4,'',1,6900,4,'',1,3000,4,'',1,6900,4,'',1,2900,4,'',1,6900,4,'',1,2800,4,'',1,6800,4,'',1,2800,4,'',1,2900,4,'',1,6900,4,'',1,2800,4,'',1,6800,4,'',1,2800,4,'',1,6700,4,'',1,2700,4,'',1,6900,4,'',1,3200,4,'',1,7100,4,'',1,3200,4,'',1,7100,4,'',1,2900,4,'',1
'24N-H60N200F-80-F2',16401,53000,,'',1,7700,,'',1,3700,,'',1,7700,,'',1,3700,,'',1,7800,,'',1,7900,,'',1,3800,,'',1,7100,,'',1,3000,,'',1,6900,,'',1,2900,,'',1,6900,,'',1,2900,,'',1,6900,,'',1,2900,,'',1,6900,,'',1,2900,,'',1,6900,,'',1,2900,,'',1,6900,,'',1,2900,,'',1,6900,,'',1,2900,,'',1,6900,,'',1,2900,,'',1,6900,,'',1,2900,,'',1,6900,,'',1,2900,,'',1,7000,,'',1,3000,,'',1,7000,,'',1,3100,,'',1,7200,,'',1,3200,,'',1,7100,,'',1,3000,,'',1
'24N-H60N200F-80-F2',16402,60300,4,'',1,3600,4,'',1,7600,4,'',1,3900,4,'',1,7900,4,'',1,7900,4,'',1,3800,4,'',1,7000,4,'',1,2900,4,'',1,6900,4,'',1,3000,4,'',1,6800,4,'',1,3000,4,'',1,6800,4,'',1,2900,4,'',1,6900,4,'',1,2900,4,'',1,6900,4,'',1,2900,4,'',1,6900,4,'',1,3000,4,'',1,6900,4,'',1,2900,4,'',1,6900,4,'',1,2800,4,'',1,6800,4,'',1,2800,4,'',1,2900,4,'',1,6900,4,'',1,2800,4,'',1,6800,4,'',1,2800,4,'',1,6700,4,'',1,2700,4,'',1,6900,4,'',1,3200,4,'',1,7100,4,'',1,3200,4,'',1,7100,4,'',1,2900,4,'',1
'24N-H60NV10A-80-A',16401,53300,,'',1,7700,,'',1,3600,,'',1,7600,,'',1,3000,,'',1,7000,,'',1,3000,,'',1,7000,,'',1,3000,,'',1,7000,,'',1,3000,,'',1,7000,,'',1,2900,,'',1,6900,,'',1,2900,,'',1,7000,,'',1,3000,,'',1,6200,,'',1,2200,,'',1,7000,,'',1,3000,,'',1,7100,,'',1,3100,,'',1,7100,,'',1,3200,,'',1,7200,,'',1,3100,,'',1,7000,,'',1,3000,,'',1,7000,,'',1,3000,,'',1,7000,,'',1,3000,,'',1,7000,,'',1,3100,,'',1,7100,,'',1,3100,,'',1,7200,,'',1,3200,,'',1,7100,,'',1
'24N-H60NV10A-80-A',16402,60600,4,'',1,3500,4,'',1,7800,4,'',1,3800,4,'',1,7700,4,'',1,7600,4,'',1,3500,4,'',1,7300,4,'',1,3000,4,'',1,6900,4,'',1,2900,4,'',1,7000,4,'',1,2900,4,'',1,6900,4,'',1,3100,4,'',1,7200,4,'',1,3300,4,'',1,7300,4,'',1,3300,4,'',1,7300,4,'',1,7100,4,'',1,3000,4,'',1,7000,4,'',1,2700,4,'',1,1800,4,'',1,5900,4,'',1,2400,4,'',1,2900,4,'',1,7000,4,'',1,2900,4,'',1,6900,4,'',1,3000,4,'',1,7000,4,'',1,3000,4,'',1,6900,4,'',1,3100,4,'',1,7000,4,'',1,2900,4,'',1,7000,4,'',1,3000,4,'',1,7000,4,'',1
'24N-H60NV10I-80-I',16401,53000,,'',1,7700,,'',1,3700,,'',1,7700,,'',1,3700,,'',1,7800,,'',2,7900,,'',1,3800,,'',2,7100,,'',1,3000,,'',1,6900,,'',2,2900,,'',1,6900,,'',1,2900,,'',2,6900,,'',1,2900,,'',1,6900,,'',2,2900,,'',1,6900,,'',1,2900,,'',2,6900,,'',1,2900,,'',1,6900,,'',2,2900,,'',1,6900,,'',1,2900,,'',2,6900,,'',1,2900,,'',1,6900,,'',2,2900,,'',1,7000,,'',1,3000,,'',2,7000,,'',1,3100,,'',1,7200,,'',2,3200,,'',1,7100,,'',1,3000,,'',1
'24N-H60NV10I-80-I',16402,60300,4,'',1,3600,4,'',1,7600,4,'',1,3900,4,'',1,7900,4,'',1,7900,4,'',1,3800,4,'',2,7000,4,'',1,2900,4,'',1,6900,4,'',2,3000,4,'',1,6800,4,'',1,3000,4,'',2,6800,4,'',1,2900,4,'',1,6900,4,'',2,2900,4,'',1,6900,4,'',1,2900,4,'',2,6900,4,'',1,3000,4,'',1,6900,4,'',2,2900,4,'',1,6900,4,'',1,2800,4,'',2,6800,4,'',1,2800,4,'',1,2900,4,'',2,6900,4,'',1,2800,4,'',1,6800,4,'',2,2800,4,'',1,6700,4,'',1,2700,4,'',2,6900,4,'',1,3200,4,'',1,7100,4,'',2,3200,4,'',1,7100,4,'',1,2900,4,'',1
'24N-H60NV10S-80-S',16401,52300,,'',1,2900,,'',1,7500,,'',1,800,,'',1,900,,'',2,900,,'',1,6000,,'',2,1100,,'',1,1100,,'',1,1000,,'',2,6100,,'',1,1100,,'',1,1100,,'',1,2900,,'',1,6600,,'',1,2600,,'',1,6800,,'',1,2900,,'',1,6700,,'',1,2000,,'',1,2000,,'',1,6600,,'',1,2800,,'',1,6700,,'',1,2800,,'',1,6400,,'',1,1600,,'',1,1500,,'',2,1500,,'',1,5700,,'',1,2100,,'',1,2000,,'',1,6000,,'',1,1800,,'',2,1700,,'',1,5700,,'',1,1900,,'',1,2200,,'',2,6800,,'',1,2800,,'',1,7100,,'',1,3100,,'',1,7200,,'',1,3200,,'',1,7300,,'',1,3300,,'',1,7200,,'',1,3300,,'',1,7400,,'',1,8000,,'',1,3900,,'',1
'24N-H60NV10S-80-S',16402,64600,4,'',1,7100,4,'',1,9100,4,'',1,4600,4,'',2,6200,4,'',1,2300,4,'',1,6800,4,'',1,2400,4,'',1,2600,4,'',1,6500,4,'',1,2700,4,'',1,6600,4,'',1,2700,4,'',1,6200,4,'',1,1900,4,'',1,1900,4,'',1,5800,4,'',1,1700,4,'',1,1500,4,'',2,1400,4,'',1,5500,4,'',1,2000,4,'',1,2100,4,'',1,6100,4,'',1,1700,4,'',2,1200,4,'',1,1500,4,'',2,5400,4,'',1,1200,4,'',1,1200,4,'',1,1100,4,'',1,800,4,'',1,700,4,'',1,5000,4,'',1,1200,4,'',2,1100,4,'',1,900,4,'',2,900,4,'',1,1100,4,'',1,5200,4,'',1,1200,4,'',2,2600,4,'',1,6600,4,'',1,2800,4,'',1,7000,4,'',1,3000,4,'',1,7000,4,'',1,3100,4,'',1,6900,4,'',1,3200,4,'',1,7300,4,'',1,3300,4,'',1,7800,4,'',1,7900,4,'',1
