5503,'H51M000S-80-S',822,,187089,24,0,8,2
5503,'H57M000S-80-S',1419,,187092,24,0,8,1,181,,187091,24,0,8,2,20,,187090,24,0,8,1,29,,187093,24,0,8,1
5503,'H58M000A-80-A',518,,187100,24,0,8,1,28,,187113,24,0,8,1,70,,187109,24,0,8,2,30,,187115,24,0,8,1,70,,187101,24,0,8,1,33,,187095,24,0,8,1,70,,187118,24,0,8,1,32,,187123,24,0,8,1,73,,187102,24,0,8,1,31,,187096,24,0,8,1,73,,187119,24,0,8,1,31,,187124,24,0,8,1,62,,187141,24,0,8,1,14,,187103,24,0,8,1,13,,187145,24,0,8,1,53,,187110,24,0,8,1,16,,187097,24,0,8,1,14,,187148,24,0,8,1,13,,187131,24,0,8,1,13,,187134,24,0,8,1,51,,187152,24,0,8,2,10,,187125,24,0,8,1,11,,187138,24,0,8,1,9,,187157,24,0,8,1,9,,187142,24,0,8,1,8,,187160,24,0,8,1,48,,187104,24,0,8,1,9,,187146,24,0,8,1,9,,187111,24,0,8,1,8,,187165,24,0,8,1,8,,187128,24,0,8,1,8,,187098,24,0,8,1,8,,187149,24,0,8,1,49,,187122,24,0,8,1,8,,187167,24,0,8,1,8,,187132,24,0,8,1,8,,187135,24,0,8,1,9,,187153,24,0,8,2,9,,187126,24,0,8,1,9,,187139,24,0,8,1,47,,187147,24,0,8,1,8,,187162,24,0,8,1,8,,187158,24,0,8,1,8,,187161,24,0,8,1,9,,187105,24,0,8,1,8,,187112,24,0,8,1,7,,187171,24,0,8,2,7,,187166,24,0,8,1,47,,187129,24,0,8,1,8,,187099,24,0,8,1,7,,187173,24,0,8,2,6,,187150,24,0,8,1,6,,187174,24,0,8,1,6,,187168,24,0,8,1,6,,187133,24,0,8,1,6,,187127,24,0,8,1,6,,187136,24,0,8,1,6,,187154,24,0,8,2,46,,187175,24,0,8,1,7,,187140,24,0,8,1,8,,187179,24,0,8,1,8,,187163,24,0,8,1,8,,187181,24,0,8,2,9,,187159,24,0,8,1,10,,187116,24,0,8,1,49,,187106,24,0,8,1,8,,187172,24,0,8,2,8,,187107,24,0,8,1,9,,187130,24,0,8,1,9,,187151,24,0,8,1,9,,187094,24,0,8,1,10,,187169,24,0,8,1,49,,187137,24,0,8,1,8,,187176,24,0,8,1,10,,187155,24,0,8,1,11,,187180,24,0,8,1,12,,187182,24,0,8,2,12,,187117,24,0,8,1,52,,187164,24,0,8,1,12,,187143,24,0,8,1,13,,187108,24,0,8,1,13,,187177,24,0,8,1,52,,187170,24,0,8,1,12,,187184,24,0,8,2,14,,187156,24,0,8,1,14,,187120,24,0,8,1,14,,187183,24,0,8,2,53,,187114,24,0,8,1,14,,187186,24,0,8,1,14,,187144,24,0,8,1,18,,187178,24,0,8,1,61,,187185,24,0,8,2,26,,187121,24,0,8,1
5503,'H58M000I-80-I',521,,187188,24,0,8,1,32,,187209,24,0,8,1,72,,187202,24,0,8,1,32,,187215,24,0,8,1,70,,187189,24,0,8,1,29,,187210,24,0,8,1,67,,187203,24,0,8,1,28,,187197,24,0,8,1,70,,187190,24,0,8,1,30,,187211,24,0,8,1,70,,187204,24,0,8,1,21,,187226,24,0,8,1,64,,187198,24,0,8,1,23,,187191,24,0,8,1,18,,187194,24,0,8,1,58,,187212,24,0,8,1,17,,187233,24,0,8,1,17,,187221,24,0,8,1,14,,187224,24,0,8,2,53,,187227,24,0,8,1,13,,187199,24,0,8,1,12,,187237,24,0,8,1,10,,187231,24,0,8,2,10,,187192,24,0,8,1,50,,187240,24,0,8,2,10,,187195,24,0,8,1,10,,187213,24,0,8,1,10,,187245,24,0,8,2,10,,187234,24,0,8,1,10,,187236,24,0,8,2,50,,187222,24,0,8,1,10,,187225,24,0,8,2,10,,187228,24,0,8,1,9,,187232,24,0,8,2,8,,187200,24,0,8,1,8,,187247,24,0,8,2,8,,187238,24,0,8,1,49,,187248,24,0,8,1,8,,187193,24,0,8,1,8,,187241,24,0,8,2,7,,187187,24,0,8,1,8,,187196,24,0,8,1,8,,187219,24,0,8,1,8,,187246,24,0,8,2,8,,187217,24,0,8,1,48,,187235,24,0,8,1,7,,187252,24,0,8,2,7,,187223,24,0,8,1,10,,187256,24,0,8,1,10,,187229,24,0,8,1,8,,187216,24,0,8,1,9,,187201,24,0,8,1,51,,187208,24,0,8,2,9,,187249,24,0,8,1,10,,187214,24,0,8,1,10,,187242,24,0,8,2,12,,187239,24,0,8,1,52,,187220,24,0,8,1,13,,187205,24,0,8,1,19,,187253,24,0,8,2,21,,187230,24,0,8,1,63,,187250,24,0,8,1,25,,187243,24,0,8,2,68,,187206,24,0,8,1,30,,187254,24,0,8,2,69,,187251,24,0,8,1,30,,187244,24,0,8,2,70,,187207,24,0,8,1,29,,187255,24,0,8,2,69,,187218,24,0,8,1
5503,'H58M000S-80-S',524,,187330,24,0,8,1,22,,187257,24,0,8,2,67,,187265,24,0,8,1,29,,187272,24,0,8,2,73,,187277,24,0,8,1,9,,187287,24,0,8,2,14,,187271,24,0,8,1,97,,187266,24,0,8,1,13,,187299,24,0,8,1,53,,187291,24,0,8,1,15,,187278,24,0,8,1,17,,187292,24,0,8,1,20,,187288,24,0,8,1,60,,187306,24,0,8,1,20,,187303,24,0,8,1,20,,187273,24,0,8,1,58,,187300,24,0,8,1,20,,187279,24,0,8,1,20,,187293,24,0,8,1,59,,187289,24,0,8,1,20,,187307,24,0,8,1,18,,187270,24,0,8,1,55,,187304,24,0,8,1,13,,187274,24,0,8,1,13,,187261,24,0,8,1,13,,187301,24,0,8,1,13,,187280,24,0,8,1,53,,187321,24,0,8,1,22,,187294,24,0,8,1,10,,187290,24,0,8,1,11,,187312,24,0,8,2,50,,187308,24,0,8,1,10,,187260,24,0,8,2,10,,187262,24,0,8,1,9,,187267,24,0,8,2,11,,187268,24,0,8,1,9,,187275,24,0,8,1,60,,187302,24,0,8,1,20,,187281,24,0,8,1,9,,187318,24,0,8,1,20,,187269,24,0,8,1,49,,187295,24,0,8,1,10,,187264,24,0,8,1,8,,187313,24,0,8,2,9,,187322,24,0,8,1,7,,187309,24,0,8,1,7,,187329,24,0,8,2,7,,187263,24,0,8,1,48,,187305,24,0,8,1,8,,187282,24,0,8,1,8,,187326,24,0,8,2,9,,187276,24,0,8,1,10,,187316,24,0,8,1,9,,187258,24,0,8,1,9,,187327,24,0,8,2,50,,187314,24,0,8,1,10,,187319,24,0,8,2,10,,187323,24,0,8,1,11,,187296,24,0,8,1,14,,187259,24,0,8,1,54,,187310,24,0,8,1,13,,187328,24,0,8,2,14,,187283,24,0,8,1,14,,187317,24,0,8,1,59,,187285,24,0,8,2,20,,187315,24,0,8,1,20,,187297,24,0,8,1,62,,187324,24,0,8,1,19,,187311,24,0,8,1,19,,187284,24,0,8,1,59,,187320,24,0,8,1,16,,187286,24,0,8,2,23,,187298,24,0,8,1,65,,187325,24,0,8,1
5503,'H59M000S-80-S',752,,187331,24,0,8,1,53,,187332,24,0,8,1
36303,'H51M000A-80-A',2459,,214603,26,0,8,1,65,,214609,26,0,8,1,22,,214606,26,0,8,1,57,,214617,26,0,8,1,9,,214602,26,0,8,1,9,,214605,26,0,8,1,9,,214613,26,0,8,2,9,,214610,26,0,8,2,10,,214611,26,0,8,1,10,,214604,26,0,8,1,49,,214608,26,0,8,1,9,,214607,26,0,8,1,9,,214619,26,0,8,2,8,,214615,26,0,8,1,10,,214618,26,0,8,1,12,,214614,26,0,8,2,60,,214612,26,0,8,1,24,,214620,26,0,8,1,67,,214616,26,0,8,1
36303,'H51M000I-80-I',2432,,214622,26,0,8,1,87,,214621,26,0,8,2,85,,214623,26,0,8,1,44,,214626,26,0,8,2,85,,214624,26,0,8,1,85,,214627,26,0,8,2,85,,214625,26,0,8,1
36303,'H51M000S-80-S',2432,,214631,26,0,8,1,87,,214630,26,0,8,1,86,,214632,26,0,8,1,43,,214628,26,0,8,1,85,,214633,26,0,8,1,83,,214629,26,0,8,1,86,,214634,26,0,8,1
36303,'H51M000S-80-SV',2618,,214635,26,0,8,2,15,,214636,26,0,8,2,70,,214637,26,0,8,2,14,,214638,26,0,8,2
