3104,'H51U000A-83-A',454,,226210,6,0,9,1,76,,226214,6,0,9,1,76,,226211,6,0,9,1,36,,226215,6,0,9,1,76,,226212,6,0,9,1,37,,226216,6,0,9,1,76,,226213,6,0,9,1,73,,226235,6,0,9,2,33,,226217,6,0,9,1,73,,226226,6,0,9,1,33,,226236,6,0,9,2,73,,226218,6,0,9,1,33,,226227,6,0,9,1,73,,226237,6,0,9,2,33,,226219,6,0,9,1,73,,226228,6,0,9,1,73,,226238,6,0,9,2,33,,226220,6,0,9,1,73,,226229,6,0,9,1,33,,226239,6,0,9,2,73,,226221,6,0,9,1,33,,226230,6,0,9,1,73,,226240,6,0,9,2,33,,226222,6,0,9,1,73,,226231,6,0,9,1,33,,226241,6,0,9,2,74,,226223,6,0,9,1,74,,226232,6,0,9,1,34,,226242,6,0,9,2,74,,226224,6,0,9,1,34,,226233,6,0,9,1,74,,226243,6,0,9,2,34,,226225,6,0,9,1,74,,226234,6,0,9,1,74,,226244,6,0,9,2
3104,'H51U000I-83-I',454,,226245,6,0,9,2,78,,226259,6,0,9,1,78,,226246,6,0,9,2,38,,226260,6,0,9,1,77,,226247,6,0,9,2,77,,226261,6,0,9,1,37,,226248,6,0,9,2,77,,226262,6,0,9,1,38,,226249,6,0,9,2,79,,226263,6,0,9,1,78,,226250,6,0,9,2,33,,226272,6,0,9,1,73,,226264,6,0,9,1,33,,226251,6,0,9,2,73,,226273,6,0,9,1,33,,226265,6,0,9,1,73,,226252,6,0,9,2,73,,226274,6,0,9,1,33,,226266,6,0,9,1,73,,226253,6,0,9,2,33,,226275,6,0,9,1,73,,226267,6,0,9,1,33,,226254,6,0,9,2,73,,226276,6,0,9,1,33,,226268,6,0,9,1,73,,226255,6,0,9,2,33,,226277,6,0,9,1,73,,226269,6,0,9,1,72,,226256,6,0,9,2,30,,226278,6,0,9,1,70,,226270,6,0,9,1,30,,226257,6,0,9,2,70,,226279,6,0,9,1,30,,226271,6,0,9,1,70,,226258,6,0,9,2
3104,'H51U000S-83-S',544,,226292,6,0,9,2,69,,226280,6,0,9,1,28,,226305,6,0,9,1,74,,226293,6,0,9,2,33,,226281,6,0,9,1,73,,226306,6,0,9,1,32,,226294,6,0,9,2,71,,226282,6,0,9,1,32,,226307,6,0,9,1,70,,226295,6,0,9,2,30,,226283,6,0,9,1,70,,226308,6,0,9,1,30,,226296,6,0,9,2,70,,226284,6,0,9,1,30,,226309,6,0,9,1,70,,226297,6,0,9,2,32,,226285,6,0,9,1,72,,226310,6,0,9,1,70,,226298,6,0,9,2,27,,226313,6,0,9,2,27,,226286,6,0,9,1,68,,226311,6,0,9,1,25,,226299,6,0,9,2,68,,226314,6,0,9,2,27,,226287,6,0,9,1,67,,226312,6,0,9,1,26,,226300,6,0,9,2,70,,226315,6,0,9,2,30,,226288,6,0,9,1,70,,226301,6,0,9,2,30,,226316,6,0,9,2,70,,226289,6,0,9,1,30,,226302,6,0,9,2,70,,226317,6,0,9,2,29,,226290,6,0,9,1,70,,226303,6,0,9,2,30,,226318,6,0,9,2,70,,226291,6,0,9,1,30,,226304,6,0,9,2
3104,'H51U100F-80-F1',454,,226319,6,0,9,2,78,,226333,6,0,9,1,78,,226320,6,0,9,2,38,,226334,6,0,9,1,77,,226321,6,0,9,2,77,,226335,6,0,9,1,37,,226322,6,0,9,2,77,,226336,6,0,9,1,38,,226323,6,0,9,2,79,,226337,6,0,9,1,78,,226324,6,0,9,2,33,,226346,6,0,9,1,73,,226338,6,0,9,1,33,,226325,6,0,9,2,73,,226347,6,0,9,1,33,,226339,6,0,9,1,73,,226326,6,0,9,2,73,,226348,6,0,9,1,33,,226340,6,0,9,1,73,,226327,6,0,9,2,33,,226349,6,0,9,1,73,,226341,6,0,9,1,33,,226328,6,0,9,2,73,,226350,6,0,9,1,33,,226342,6,0,9,1,73,,226329,6,0,9,2,33,,226351,6,0,9,1,73,,226343,6,0,9,1,72,,226330,6,0,9,2,30,,226352,6,0,9,1,70,,226344,6,0,9,1,30,,226331,6,0,9,2,70,,226353,6,0,9,1,30,,226345,6,0,9,1,70,,226332,6,0,9,2
3104,'H51U200F-80-F2',454,,226354,6,0,9,2,78,,226368,6,0,9,1,78,,226355,6,0,9,2,38,,226369,6,0,9,1,77,,226356,6,0,9,2,77,,226370,6,0,9,1,37,,226357,6,0,9,2,77,,226371,6,0,9,1,38,,226358,6,0,9,2,79,,226372,6,0,9,1,78,,226359,6,0,9,2,33,,226381,6,0,9,1,73,,226373,6,0,9,1,33,,226360,6,0,9,2,73,,226382,6,0,9,1,33,,226374,6,0,9,1,73,,226361,6,0,9,2,73,,226383,6,0,9,1,33,,226375,6,0,9,1,73,,226362,6,0,9,2,33,,226384,6,0,9,1,73,,226376,6,0,9,1,33,,226363,6,0,9,2,73,,226385,6,0,9,1,33,,226377,6,0,9,1,73,,226364,6,0,9,2,33,,226386,6,0,9,1,73,,226378,6,0,9,1,72,,226365,6,0,9,2,30,,226387,6,0,9,1,70,,226379,6,0,9,1,30,,226366,6,0,9,2,70,,226388,6,0,9,1,30,,226380,6,0,9,1,70,,226367,6,0,9,2
36104,'H51U000A-83-A',2417,,277277,4,0,9,1,85,,277279,4,0,9,1,45,,277281,4,0,9,2,70,,277278,4,0,9,1,30,,277276,4,0,9,2,70,,277283,4,0,9,1,30,,277282,4,0,9,2,69,,277280,4,0,9,1
36104,'H51U000I-83-I',2432,,277286,4,0,9,1,70,,277284,4,0,9,1,30,,277288,4,0,9,2,83,,277287,4,0,9,1,85,,277289,4,0,9,2,45,,277285,4,0,9,1,85,,277290,4,0,9,2
36104,'H51U000S-83-S',2425,,277297,4,0,9,1,77,,277296,4,0,9,2,35,,277299,4,0,9,1,20,,277291,4,0,9,1,60,,277298,4,0,9,1,21,,277293,4,0,9,1,72,,277292,4,0,9,1,33,,277295,4,0,9,1,86,,277294,4,0,9,1
36104,'H51U100F-80-F1',2432,,277301,4,0,9,1,70,,277300,4,0,9,1,30,,277304,4,0,9,2,83,,277302,4,0,9,1,85,,277305,4,0,9,2,45,,277303,4,0,9,1,85,,277306,4,0,9,2
36104,'H51U200F-80-F2',2432,,277308,4,0,9,1,70,,277307,4,0,9,1,30,,277311,4,0,9,2,83,,277309,4,0,9,1,85,,277312,4,0,9,2,45,,277310,4,0,9,1,85,,277313,4,0,9,2
