18701,'H54U000A-80-A',534,,266680,16,0,5,2,71,,266677,16,0,5,1,31,,266681,16,0,5,1,71,,266666,16,0,5,2,31,,266678,16,0,5,1,72,,266679,16,0,5,1,31,,266661,16,0,5,1,72,,266673,16,0,5,1,32,,266691,16,0,5,1,71,,266667,16,0,5,2,30,,266674,16,0,5,1,70,,266662,16,0,5,1,30,,266668,16,0,5,2,69,,266689,16,0,5,1,27,,266696,16,0,5,2,67,,266669,16,0,5,2,28,,266686,16,0,5,2,68,,266705,16,0,5,1,28,,266670,16,0,5,2,68,,266663,16,0,5,1,28,,266706,16,0,5,1,27,,266671,16,0,5,2,65,,266664,16,0,5,1,20,,266682,16,0,5,1,59,,266707,16,0,5,2,17,,266672,16,0,5,2,15,,266702,16,0,5,1,16,,266665,16,0,5,1,55,,266687,16,0,5,2,17,,266708,16,0,5,2,21,,266692,16,0,5,1,61,,266703,16,0,5,1,21,,266688,16,0,5,2,19,,266675,16,0,5,1,59,,266697,16,0,5,1,19,,266704,16,0,5,1,19,,266683,16,0,5,1,68,,266693,16,0,5,1,26,,266698,16,0,5,1,26,,266684,16,0,5,1,69,,266694,16,0,5,1,30,,266699,16,0,5,1,71,,266676,16,0,5,1,71,,266695,16,0,5,1,32,,266700,16,0,5,1,72,,266690,16,0,5,1,33,,266685,16,0,5,1,73,,266701,16,0,5,1
18701,'H54U000I-80-I',530,,266712,16,0,5,1,71,,266720,16,0,5,1,30,,266732,16,0,5,2,73,,266713,16,0,5,1,33,,266733,16,0,5,2,73,,266714,16,0,5,1,33,,266736,16,0,5,1,71,,266734,16,0,5,2,31,,266735,16,0,5,1,72,,266737,16,0,5,1,31,,266731,16,0,5,2,70,,266721,16,0,5,1,29,,266718,16,0,5,2,70,,266745,16,0,5,1,31,,266748,16,0,5,2,69,,266709,16,0,5,2,29,,266746,16,0,5,1,68,,266722,16,0,5,1,27,,266710,16,0,5,2,64,,266747,16,0,5,1,23,,266717,16,0,5,1,22,,266723,16,0,5,1,62,,266711,16,0,5,2,22,,266743,16,0,5,1,22,,266752,16,0,5,1,61,,266724,16,0,5,1,21,,266719,16,0,5,2,21,,266715,16,0,5,1,59,,266753,16,0,5,1,18,,266738,16,0,5,1,64,,266725,16,0,5,1,28,,266716,16,0,5,1,28,,266739,16,0,5,1,68,,266726,16,0,5,1,28,,266749,16,0,5,1,68,,266740,16,0,5,1,26,,266727,16,0,5,1,65,,266750,16,0,5,1,25,,266741,16,0,5,1,65,,266728,16,0,5,1,24,,266751,16,0,5,1,33,,266742,16,0,5,1,72,,266729,16,0,5,1,73,,266744,16,0,5,1,33,,266730,16,0,5,1
18701,'H54U000S-81-S',534,,266768,16,0,5,1,73,,266762,16,0,5,1,31,,266754,16,0,5,1,70,,266781,16,0,5,1,33,,266794,16,0,5,2,69,,266769,16,0,5,2,30,,266782,16,0,5,1,67,,266795,16,0,5,2,29,,266770,16,0,5,2,69,,266783,16,0,5,1,30,,266796,16,0,5,2,69,,266771,16,0,5,2,30,,266784,16,0,5,1,71,,266797,16,0,5,2,29,,266772,16,0,5,2,25,,266763,16,0,5,1,62,,266785,16,0,5,1,22,,266798,16,0,5,2,60,,266773,16,0,5,2,17,,266800,16,0,5,2,17,,266764,16,0,5,1,16,,266786,16,0,5,1,55,,266799,16,0,5,2,15,,266804,16,0,5,2,12,,266774,16,0,5,2,12,,266765,16,0,5,1,12,,266801,16,0,5,2,51,,266806,16,0,5,2,12,,266787,16,0,5,1,12,,266807,16,0,5,2,12,,266775,16,0,5,2,11,,266812,16,0,5,2,51,,266802,16,0,5,2,12,,266766,16,0,5,1,10,,266803,16,0,5,2,10,,266808,16,0,5,2,11,,266788,16,0,5,1,51,,266809,16,0,5,2,12,,266758,16,0,5,1,16,,266777,16,0,5,1,15,,266767,16,0,5,1,57,,266776,16,0,5,1,17,,266789,16,0,5,1,17,,266778,16,0,5,1,16,,266759,16,0,5,1,59,,266810,16,0,5,2,19,,266805,16,0,5,1,19,,266790,16,0,5,1,65,,266760,16,0,5,1,25,,266811,16,0,5,2,66,,266791,16,0,5,1,25,,266761,16,0,5,1,21,,266755,16,0,5,1,62,,266779,16,0,5,1,23,,266792,16,0,5,1,65,,266756,16,0,5,1,32,,266780,16,0,5,1,72,,266793,16,0,5,1,32,,266757,16,0,5,1
18701,'H54U100F-80-F1',530,,266816,16,0,5,1,71,,266824,16,0,5,1,30,,266836,16,0,5,2,73,,266817,16,0,5,1,33,,266837,16,0,5,2,73,,266818,16,0,5,1,33,,266840,16,0,5,1,71,,266838,16,0,5,2,31,,266839,16,0,5,1,72,,266841,16,0,5,1,31,,266835,16,0,5,2,70,,266825,16,0,5,1,29,,266822,16,0,5,2,70,,266849,16,0,5,1,31,,266852,16,0,5,2,69,,266813,16,0,5,2,29,,266850,16,0,5,1,68,,266826,16,0,5,1,27,,266814,16,0,5,2,64,,266851,16,0,5,1,23,,266821,16,0,5,1,22,,266827,16,0,5,1,62,,266815,16,0,5,2,22,,266847,16,0,5,1,22,,266856,16,0,5,1,61,,266828,16,0,5,1,21,,266823,16,0,5,2,21,,266819,16,0,5,1,59,,266857,16,0,5,1,18,,266842,16,0,5,1,64,,266829,16,0,5,1,28,,266820,16,0,5,1,28,,266843,16,0,5,1,68,,266830,16,0,5,1,28,,266853,16,0,5,1,68,,266844,16,0,5,1,26,,266831,16,0,5,1,65,,266854,16,0,5,1,25,,266845,16,0,5,1,65,,266832,16,0,5,1,24,,266855,16,0,5,1,33,,266846,16,0,5,1,72,,266833,16,0,5,1,73,,266848,16,0,5,1,33,,266834,16,0,5,1
18701,'H54U200F-82-F2',530,,266861,16,0,5,1,71,,266868,16,0,5,1,30,,266885,16,0,5,2,73,,266883,16,0,5,1,33,,266886,16,0,5,2,73,,266884,16,0,5,1,33,,266878,16,0,5,1,71,,266888,16,0,5,1,31,,266867,16,0,5,2,72,,266879,16,0,5,1,31,,266889,16,0,5,1,70,,266887,16,0,5,1,29,,266880,16,0,5,1,70,,266890,16,0,5,1,31,,266893,16,0,5,1,69,,266858,16,0,5,1,29,,266891,16,0,5,1,68,,266894,16,0,5,1,27,,266859,16,0,5,1,64,,266892,16,0,5,1,23,,266869,16,0,5,1,22,,266895,16,0,5,1,62,,266860,16,0,5,1,22,,266870,16,0,5,1,22,,266881,16,0,5,1,61,,266896,16,0,5,1,21,,266871,16,0,5,1,21,,266873,16,0,5,1,59,,266882,16,0,5,1,18,,266862,16,0,5,1,64,,266897,16,0,5,1,28,,266874,16,0,5,1,28,,266863,16,0,5,1,68,,266898,16,0,5,1,28,,266875,16,0,5,1,68,,266864,16,0,5,1,26,,266899,16,0,5,1,65,,266876,16,0,5,1,25,,266865,16,0,5,1,65,,266900,16,0,5,1,24,,266877,16,0,5,1,33,,266866,16,0,5,1,72,,266901,16,0,5,1,73,,266872,16,0,5,2,33,,266902,16,0,5,1
36201,'H54U000A-80-A',2702,,277314,66,0,5,1,45,,277315,66,0,5,2,85,,277316,66,0,5,1,85,,277317,66,0,5,1
36201,'H54U000I-80-I',2617,,277318,66,0,5,1,85,,277320,66,0,5,1,44,,277321,66,0,5,2,85,,277322,66,0,5,1,85,,277319,66,0,5,1
36201,'H54U000S-81-S',2616,,277324,66,0,5,1,85,,277327,66,0,5,2,45,,277323,66,0,5,1,85,,277326,66,0,5,2,85,,277325,66,0,5,1
36201,'H54U100F-80-F1',2617,,277328,66,0,5,1,85,,277330,66,0,5,1,44,,277331,66,0,5,2,85,,277332,66,0,5,1,85,,277329,66,0,5,1
36201,'H54U200F-82-F2',2617,,277336,66,0,5,1,85,,277335,66,0,5,1,44,,277334,66,0,5,2,85,,277333,66,0,5,1,85,,277337,66,0,5,1
