9302,'H50M000A-70-A',517,,114934,14,0,10,1,28,,114954,14,0,10,1,70,,114935,14,0,10,1,30,,114925,14,0,10,1,71,,114936,14,0,10,1,31,,114926,14,0,10,1,71,,114937,14,0,10,1,30,,114927,14,0,10,1,70,,114938,14,0,10,1,31,,114928,14,0,10,1,72,,114939,14,0,10,1,32,,114929,14,0,10,1,71,,114940,14,0,10,1,31,,114930,14,0,10,1,73,,114941,14,0,10,1,73,,114931,14,0,10,1,33,,114942,14,0,10,1,73,,114932,14,0,10,1,33,,114943,14,0,10,1,72,,114933,14,0,10,1,26,,114944,14,0,10,1,73,,114915,14,0,10,2,32,,114945,14,0,10,1,72,,114916,14,0,10,2,31,,114946,14,0,10,1,69,,114917,14,0,10,2,30,,114947,14,0,10,1,69,,114918,14,0,10,2,30,,114948,14,0,10,1,70,,114919,14,0,10,2,29,,114949,14,0,10,1,68,,114920,14,0,10,2,29,,114950,14,0,10,1,70,,114921,14,0,10,2,30,,114951,14,0,10,1,70,,114922,14,0,10,2,29,,114952,14,0,10,1,70,,114923,14,0,10,2,30,,114953,14,0,10,1,70,,114924,14,0,10,2
9302,'H50M000I-70-I',515,,114956,14,0,10,1,29,,114955,14,0,10,1,69,,114957,14,0,10,1,31,,114968,14,0,10,1,70,,114958,14,0,10,1,30,,114969,14,0,10,1,70,,114959,14,0,10,1,32,,114970,14,0,10,1,70,,114960,14,0,10,1,30,,114971,14,0,10,1,71,,114961,14,0,10,1,30,,114972,14,0,10,1,70,,114962,14,0,10,1,30,,114973,14,0,10,1,70,,114963,14,0,10,1,30,,114974,14,0,10,1,70,,114964,14,0,10,1,32,,114975,14,0,10,1,70,,114965,14,0,10,1,30,,114976,14,0,10,1,70,,114966,14,0,10,1,30,,114977,14,0,10,1,72,,114967,14,0,10,1,29,,114978,14,0,10,1,70,,114979,14,0,10,1,28,,114988,14,0,10,1,71,,114980,14,0,10,1,29,,114989,14,0,10,1,70,,114981,14,0,10,1,30,,114990,14,0,10,1,70,,114982,14,0,10,1,30,,114991,14,0,10,1,70,,114983,14,0,10,1,29,,114992,14,0,10,1,70,,114984,14,0,10,1,29,,114993,14,0,10,1,70,,114985,14,0,10,1,29,,114994,14,0,10,1,70,,114986,14,0,10,1,30,,114995,14,0,10,1,70,,114987,14,0,10,1
9302,'H50M000S-70-S',517,,114996,14,0,10,1,30,,115009,14,0,10,2,64,,114997,14,0,10,1,23,,115010,14,0,10,2,25,,114998,14,0,10,1,66,,115011,14,0,10,2,28,,114999,14,0,10,1,70,,115012,14,0,10,2,30,,115000,14,0,10,1,71,,115013,14,0,10,2,30,,115001,14,0,10,1,70,,115014,14,0,10,2,29,,115002,14,0,10,1,71,,115015,14,0,10,2,30,,115003,14,0,10,1,71,,115016,14,0,10,2,32,,115004,14,0,10,1,71,,115017,14,0,10,2,75,,115005,14,0,10,1,32,,115018,14,0,10,2,73,,115006,14,0,10,1,33,,115019,14,0,10,2,107,,115007,14,0,10,1,72,,115035,14,0,10,1,29,,115036,14,0,10,1,72,,115008,14,0,10,1,29,,115020,14,0,10,1,69,,115028,14,0,10,2,29,,115021,14,0,10,1,67,,115029,14,0,10,2,29,,115022,14,0,10,1,67,,115030,14,0,10,2,27,,115023,14,0,10,1,66,,115031,14,0,10,2,26,,115024,14,0,10,1,25,,115032,14,0,10,2,66,,115025,14,0,10,1,26,,115033,14,0,10,2,67,,115026,14,0,10,1,27,,115034,14,0,10,2,69,,115027,14,0,10,1
9302,'H50M100F-70-F1',515,,115038,14,0,10,1,29,,115037,14,0,10,1,69,,115039,14,0,10,1,31,,115051,14,0,10,1,70,,115040,14,0,10,1,30,,115050,14,0,10,1,70,,115041,14,0,10,1,32,,115052,14,0,10,1,70,,115042,14,0,10,1,30,,115053,14,0,10,1,71,,115043,14,0,10,1,30,,115054,14,0,10,1,70,,115044,14,0,10,1,30,,115055,14,0,10,1,70,,115045,14,0,10,1,30,,115056,14,0,10,1,70,,115046,14,0,10,1,32,,115057,14,0,10,1,70,,115047,14,0,10,1,30,,115058,14,0,10,1,70,,115048,14,0,10,1,30,,115059,14,0,10,1,72,,115049,14,0,10,1,29,,115060,14,0,10,1,70,,115061,14,0,10,2,28,,115070,14,0,10,1,71,,115062,14,0,10,2,29,,115071,14,0,10,1,70,,115063,14,0,10,2,30,,115072,14,0,10,1,70,,115064,14,0,10,2,30,,115073,14,0,10,1,70,,115065,14,0,10,2,29,,115074,14,0,10,1,70,,115066,14,0,10,2,29,,115075,14,0,10,1,70,,115067,14,0,10,2,29,,115076,14,0,10,1,70,,115068,14,0,10,2,30,,115077,14,0,10,1,70,,115069,14,0,10,2
9302,'H50M200F-70-F2',515,,115079,14,0,10,1,29,,115078,14,0,10,1,69,,115080,14,0,10,1,31,,115091,14,0,10,1,70,,115081,14,0,10,1,30,,115092,14,0,10,1,70,,115082,14,0,10,1,32,,115093,14,0,10,1,70,,115083,14,0,10,1,30,,115095,14,0,10,1,71,,115084,14,0,10,1,30,,115094,14,0,10,1,70,,115085,14,0,10,1,30,,115096,14,0,10,1,70,,115086,14,0,10,1,30,,115097,14,0,10,1,70,,115087,14,0,10,1,32,,115098,14,0,10,1,70,,115088,14,0,10,1,30,,115099,14,0,10,1,70,,115089,14,0,10,1,30,,115100,14,0,10,1,72,,115090,14,0,10,1,29,,115101,14,0,10,1,70,,115102,14,0,10,2,28,,115111,14,0,10,1,71,,115103,14,0,10,2,29,,115112,14,0,10,1,70,,115104,14,0,10,2,30,,115113,14,0,10,1,70,,115105,14,0,10,2,30,,115114,14,0,10,1,70,,115106,14,0,10,2,29,,115115,14,0,10,1,70,,115107,14,0,10,2,29,,115116,14,0,10,1,70,,115108,14,0,10,2,29,,115117,14,0,10,1,70,,115109,14,0,10,2,30,,115118,14,0,10,1,70,,115110,14,0,10,2
9302,'H50M300F-70-F3',515,,115120,14,0,10,1,29,,115119,14,0,10,1,69,,115121,14,0,10,1,31,,115132,14,0,10,1,70,,115122,14,0,10,1,30,,115133,14,0,10,1,70,,115123,14,0,10,1,32,,115134,14,0,10,1,70,,115124,14,0,10,1,30,,115135,14,0,10,1,71,,115125,14,0,10,1,30,,115137,14,0,10,1,70,,115126,14,0,10,1,30,,115136,14,0,10,1,70,,115127,14,0,10,1,30,,115138,14,0,10,1,70,,115128,14,0,10,1,32,,115139,14,0,10,1,70,,115129,14,0,10,1,30,,115140,14,0,10,1,70,,115130,14,0,10,1,30,,115141,14,0,10,1,72,,115131,14,0,10,1,29,,115142,14,0,10,1,70,,115143,14,0,10,1,28,,115153,14,0,10,1,71,,115144,14,0,10,1,29,,115152,14,0,10,1,70,,115145,14,0,10,1,30,,115154,14,0,10,1,70,,115146,14,0,10,1,30,,115155,14,0,10,1,70,,115147,14,0,10,1,29,,115156,14,0,10,1,70,,115148,14,0,10,1,29,,115157,14,0,10,1,70,,115149,14,0,10,1,29,,115158,14,0,10,1,70,,115150,14,0,10,1,30,,115159,14,0,10,1,70,,115151,14,0,10,1
9302,'H51M000A-70-A',2541,,115160,14,0,6 46,1
9302,'H51M000I-70-I',2543,,115161,14,0,6 46,1
9302,'H51M000S-70-S',1614,,115163,14,0,10,2,929,,115162,14,0,6 46,1
9302,'H51M100F-70-F1',2543,,115164,14,0,6 46,1
9302,'H51M200F-70-F2',2543,,115165,14,0,6 46,1
9302,'H51M300F-70-F3',2543,,115166,14,0,6 46,1
37202,'H54M000A-70-A',2617,,155312,69,0,10,1,90,,155313,69,0,10,1,45,,155315,69,0,10,1,84,,155316,69,0,10,1,90,,155314,69,0,10,1
37202,'H54M000I-70-I',2622,,155317,69,0,10,1,85,,155318,69,0,10,1,46,,155320,69,0,10,1,86,,155319,69,0,10,1,89,,155321,69,0,10,1
37202,'H54M000S-70-S',2559,,155326,69,0,10,1,80,,155323,69,0,10,1,80,,155322,69,0,10,1,82,,155325,69,0,10,1,45,,155324,69,0,10,1,89,,155327,69,0,10,1
37202,'H54M100F-70-F1',2622,,155330,69,0,10,1,85,,155331,69,0,10,1,46,,155332,69,0,10,1,86,,155329,69,0,10,1,89,,155328,69,0,10,1
37202,'H54M200F-70-F2',2622,,155333,69,0,10,1,85,,155337,69,0,10,2,46,,155335,69,0,10,1,86,,155336,69,0,10,2,89,,155334,69,0,10,1
37202,'H54M300F-70-F3',2622,,155338,69,0,10,1,85,,155342,69,0,10,1,46,,155340,69,0,10,1,86,,155339,69,0,10,1,89,,155341,69,0,10,1
