2803,'H54M000A-70-A',535,,92679,41,0,8,1,69,,92667,41,0,8,1,32,,92681,41,0,8,1,72,,92697,41,0,8,1,32,,92668,41,0,8,1,73,,92682,41,0,8,1,33,,92694,41,0,8,1,73,,92671,41,0,8,1,33,,92683,41,0,8,1,72,,92695,41,0,8,1,33,,92672,41,0,8,1,71,,92684,41,0,8,1,27,,92703,41,0,8,2,68,,92696,41,0,8,1,27,,92669,41,0,8,1,71,,92685,41,0,8,1,32,,92704,41,0,8,2,72,,92670,41,0,8,1,32,,92686,41,0,8,1,71,,92705,41,0,8,2,31,,92673,41,0,8,1,71,,92687,41,0,8,1,71,,92706,41,0,8,2,32,,92674,41,0,8,1,71,,92688,41,0,8,1,32,,92707,41,0,8,2,73,,92675,41,0,8,1,33,,92689,41,0,8,1,74,,92698,41,0,8,1,34,,92676,41,0,8,1,74,,92690,41,0,8,1,34,,92699,41,0,8,1,73,,92677,41,0,8,1,73,,92691,41,0,8,1,33,,92700,41,0,8,1,72,,92678,41,0,8,1,33,,92692,41,0,8,1,73,,92701,41,0,8,1,33,,92680,41,0,8,1,73,,92693,41,0,8,1,33,,92702,41,0,8,1
2803,'H54M000I-70-I',534,,92711,41,0,8,1,23,,92713,41,0,8,1,74,,92712,41,0,8,1,72,,92724,41,0,8,2,33,,92714,41,0,8,1,72,,92727,41,0,8,1,32,,92725,41,0,8,2,72,,92728,41,0,8,1,33,,92739,41,0,8,1,72,,92726,41,0,8,2,33,,92729,41,0,8,1,64,,92710,41,0,8,1,24,,92740,41,0,8,1,71,,92715,41,0,8,2,31,,92730,41,0,8,1,72,,92741,41,0,8,1,32,,92716,41,0,8,2,72,,92731,41,0,8,1,32,,92742,41,0,8,1,72,,92717,41,0,8,2,33,,92732,41,0,8,1,73,,92743,41,0,8,1,33,,92718,41,0,8,2,73,,92733,41,0,8,1,73,,92744,41,0,8,1,33,,92719,41,0,8,2,73,,92734,41,0,8,1,33,,92745,41,0,8,1,73,,92720,41,0,8,2,33,,92735,41,0,8,1,73,,92746,41,0,8,1,31,,92721,41,0,8,2,73,,92736,41,0,8,1,32,,92747,41,0,8,1,73,,92722,41,0,8,2,73,,92708,41,0,8,1,33,,92737,41,0,8,1,73,,92723,41,0,8,2,31,,92709,41,0,8,1,74,,92738,41,0,8,1
2803,'H54M000S-70-S',538,,92753,41,0,8,1,73,,92760,41,0,8,1,15,,92754,41,0,8,1,23,,92763,41,0,8,1,10,,92759,41,0,8,2,51,,92762,41,0,8,1,12,,92766,41,0,8,2,10,,92755,41,0,8,1,18,,92748,41,0,8,1,8,,92761,41,0,8,1,49,,92772,41,0,8,2,10,,92771,41,0,8,2,11,,92776,41,0,8,2,13,,92773,41,0,8,1,13,,92777,41,0,8,2,64,,92767,41,0,8,2,30,,92749,41,0,8,1,71,,92774,41,0,8,1,30,,92768,41,0,8,2,71,,92750,41,0,8,1,31,,92775,41,0,8,1,73,,92769,41,0,8,2,31,,92751,41,0,8,1,68,,92778,41,0,8,1,30,,92781,41,0,8,1,68,,92770,41,0,8,2,31,,92782,41,0,8,2,71,,92779,41,0,8,1,102,,92788,41,0,8,2,30,,92796,41,0,8,1,70,,92780,41,0,8,1,28,,92797,41,0,8,2,65,,92789,41,0,8,2,31,,92783,41,0,8,1,71,,92756,41,0,8,1,30,,92790,41,0,8,2,71,,92784,41,0,8,1,31,,92757,41,0,8,1,71,,92791,41,0,8,2,30,,92785,41,0,8,1,69,,92758,41,0,8,1,31,,92792,41,0,8,2,70,,92786,41,0,8,1,29,,92801,41,0,8,2,69,,92793,41,0,8,2,30,,92787,41,0,8,1,70,,92802,41,0,8,2,29,,92794,41,0,8,2,69,,92798,41,0,8,1
2803,'H54M100F-70-F1',534,,92804,41,0,8,1,23,,92814,41,0,8,1,74,,92805,41,0,8,1,72,,92818,41,0,8,2,33,,92815,41,0,8,1,72,,92806,41,0,8,1,32,,92820,41,0,8,2,72,,92816,41,0,8,1,33,,92807,41,0,8,1,72,,92819,41,0,8,2,33,,92817,41,0,8,1,64,,92803,41,0,8,1,24,,92808,41,0,8,1,71,,92821,41,0,8,2,31,,92831,41,0,8,2,72,,92809,41,0,8,1,32,,92822,41,0,8,2,72,,92832,41,0,8,2,32,,92810,41,0,8,1,72,,92823,41,0,8,2,33,,92833,41,0,8,2,73,,92812,41,0,8,1,33,,92824,41,0,8,2,73,,92834,41,0,8,2,73,,92811,41,0,8,1,33,,92825,41,0,8,2,73,,92835,41,0,8,2,33,,92813,41,0,8,1,73,,92826,41,0,8,2,33,,92836,41,0,8,2,73,,92838,41,0,8,1,31,,92827,41,0,8,2,73,,92837,41,0,8,1,32,,92839,41,0,8,1,73,,92828,41,0,8,2,73,,92842,41,0,8,1,33,,92840,41,0,8,1,73,,92829,41,0,8,2,31,,92830,41,0,8,2,74,,92841,41,0,8,1
2803,'H54M200F-70-F2',534,,92843,41,0,8,2,23,,92854,41,0,8,2,74,,92844,41,0,8,1,16,,92871,41,0,8,1,56,,92858,41,0,8,2,16,,92876,41,0,8,1,17,,92855,41,0,8,2,72,,92845,41,0,8,1,32,,92859,41,0,8,2,72,,92856,41,0,8,2,33,,92846,41,0,8,1,72,,92860,41,0,8,2,33,,92857,41,0,8,2,64,,92853,41,0,8,1,24,,92847,41,0,8,1,71,,92861,41,0,8,2,31,,92877,41,0,8,1,72,,92848,41,0,8,1,32,,92862,41,0,8,2,72,,92879,41,0,8,1,32,,92849,41,0,8,1,72,,92863,41,0,8,2,33,,92878,41,0,8,1,73,,92850,41,0,8,1,33,,92864,41,0,8,2,73,,92880,41,0,8,1,73,,92851,41,0,8,1,33,,92865,41,0,8,2,73,,92881,41,0,8,1,33,,92852,41,0,8,1,73,,92866,41,0,8,2,33,,92882,41,0,8,1,73,,92872,41,0,8,1,31,,92867,41,0,8,2,73,,92883,41,0,8,1,32,,92873,41,0,8,1,73,,92868,41,0,8,2,73,,92884,41,0,8,1,33,,92874,41,0,8,1,73,,92869,41,0,8,2,31,,92870,41,0,8,1,74,,92875,41,0,8,1
2803,'H54M300F-70-F3',534,,92924,41,0,8,1,23,,92920,41,0,8,1,74,,92914,41,0,8,1,72,,92915,41,0,8,2,33,,92921,41,0,8,1,72,,92923,41,0,8,1,32,,92916,41,0,8,2,72,,92894,41,0,8,1,33,,92905,41,0,8,1,72,,92917,41,0,8,2,33,,92895,41,0,8,1,64,,92922,41,0,8,1,24,,92906,41,0,8,1,71,,92885,41,0,8,2,31,,92896,41,0,8,1,72,,92907,41,0,8,1,32,,92886,41,0,8,2,72,,92897,41,0,8,1,32,,92908,41,0,8,1,72,,92887,41,0,8,2,33,,92898,41,0,8,1,73,,92909,41,0,8,1,33,,92888,41,0,8,2,73,,92899,41,0,8,1,73,,92910,41,0,8,1,33,,92890,41,0,8,2,73,,92900,41,0,8,1,33,,92911,41,0,8,1,73,,92889,41,0,8,2,33,,92901,41,0,8,1,73,,92912,41,0,8,1,31,,92891,41,0,8,2,73,,92902,41,0,8,1,32,,92913,41,0,8,1,73,,92892,41,0,8,2,73,,92918,41,0,8,1,33,,92903,41,0,8,1,73,,92893,41,0,8,2,31,,92919,41,0,8,1,74,,92904,41,0,8,1
2803,'H57M000S-70-S',638,,92925,41,0,8,2,917,,92927,41,0,8,2
2803,'H58M000S-70-S',741,,92928,41,0,8,2
3902,'H54M000S-70-S',656,,98373,12,0,10,1,71,,98376,12,0,10,1,31,,98374,12,0,10,1,70,,98375,12,0,10,2,30,,98377,12,0,10,1,756,,98379,12,0,10,1,35,,98382,12,0,10,2,65,,98381,12,0,10,2,30,,98378,12,0,10,1,69,,98380,12,0,10,1
3902,'H54M200F-70-F2',656,,98384,12,0,10,1,71,,98385,12,0,10,1,31,,98387,12,0,10,2,70,,98388,12,0,10,2,30,,98386,12,0,10,1,756,,98389,12,0,10,1,35,,98391,12,0,10,2,65,,98392,12,0,10,2,30,,98383,12,0,10,1,69,,98390,12,0,10,1
