18701,'H54U000A-80-A',537,,266680,22,0,5,2,71,,266677,22,0,5,1,31,,266681,22,0,5,1,71,,266666,22,0,5,2,31,,266678,22,0,5,1,72,,266679,22,0,5,1,31,,266661,22,0,5,1,72,,266673,22,0,5,1,33,,266691,22,0,5,1,71,,266667,22,0,5,2,30,,266674,22,0,5,1,70,,266662,22,0,5,1,30,,266668,22,0,5,2,69,,266689,22,0,5,1,27,,266696,22,0,5,2,67,,266669,22,0,5,2,28,,266686,22,0,5,2,68,,266705,22,0,5,1,28,,266670,22,0,5,2,68,,266663,22,0,5,1,28,,266706,22,0,5,1,67,,266671,22,0,5,2,25,,266664,22,0,5,1,20,,266682,22,0,5,1,59,,266707,22,0,5,2,17,,266672,22,0,5,2,15,,266702,22,0,5,1,16,,266665,22,0,5,1,55,,266687,22,0,5,2,17,,266708,22,0,5,2,21,,266692,22,0,5,1,61,,266703,22,0,5,1,21,,266688,22,0,5,2,19,,266675,22,0,5,1,59,,266697,22,0,5,1,19,,266704,22,0,5,1,19,,266683,22,0,5,1,68,,266693,22,0,5,1,26,,266698,22,0,5,1,66,,266684,22,0,5,1,29,,266694,22,0,5,1,70,,266699,22,0,5,1,31,,266676,22,0,5,1,71,,266695,22,0,5,1,32,,266700,22,0,5,1,72,,266690,22,0,5,1,32,,266685,22,0,5,1,73,,266701,22,0,5,1
18701,'H54U000I-80-I',533,,266712,22,0,5,1,71,,266720,22,0,5,1,30,,266732,22,0,5,2,73,,266713,22,0,5,1,33,,266733,22,0,5,2,73,,266714,22,0,5,1,33,,266736,22,0,5,1,71,,266734,22,0,5,2,31,,266735,22,0,5,1,72,,266737,22,0,5,1,31,,266731,22,0,5,2,70,,266721,22,0,5,1,29,,266718,22,0,5,2,70,,266745,22,0,5,1,31,,266748,22,0,5,2,69,,266709,22,0,5,2,29,,266746,22,0,5,1,68,,266722,22,0,5,1,27,,266710,22,0,5,2,64,,266747,22,0,5,1,23,,266717,22,0,5,1,22,,266723,22,0,5,1,62,,266711,22,0,5,2,22,,266743,22,0,5,1,22,,266752,22,0,5,1,61,,266724,22,0,5,1,21,,266719,22,0,5,2,61,,266715,22,0,5,1,19,,266753,22,0,5,1,18,,266738,22,0,5,1,64,,266725,22,0,5,1,28,,266716,22,0,5,1,28,,266739,22,0,5,1,68,,266726,22,0,5,1,28,,266749,22,0,5,1,68,,266740,22,0,5,1,26,,266727,22,0,5,1,65,,266750,22,0,5,1,25,,266741,22,0,5,1,65,,266728,22,0,5,1,24,,266751,22,0,5,1,73,,266742,22,0,5,1,32,,266729,22,0,5,1,73,,266744,22,0,5,1,33,,266730,22,0,5,1
18701,'H54U000S-81-S',537,,266768,22,0,5,1,73,,266762,22,0,5,1,32,,266754,22,0,5,1,70,,266781,22,0,5,1,33,,266794,22,0,5,2,70,,266769,22,0,5,2,30,,266782,22,0,5,1,65,,266795,22,0,5,2,29,,266770,22,0,5,2,69,,266783,22,0,5,1,30,,266796,22,0,5,2,69,,266771,22,0,5,2,30,,266784,22,0,5,1,71,,266797,22,0,5,2,29,,266772,22,0,5,2,65,,266763,22,0,5,1,22,,266785,22,0,5,1,22,,266798,22,0,5,2,60,,266773,22,0,5,2,17,,266800,22,0,5,2,17,,266764,22,0,5,1,16,,266786,22,0,5,1,55,,266799,22,0,5,2,16,,266804,22,0,5,2,12,,266774,22,0,5,2,12,,266765,22,0,5,1,52,,266801,22,0,5,2,11,,266806,22,0,5,2,12,,266787,22,0,5,1,12,,266807,22,0,5,2,12,,266775,22,0,5,2,51,,266812,22,0,5,2,11,,266802,22,0,5,2,12,,266766,22,0,5,1,10,,266803,22,0,5,2,10,,266808,22,0,5,2,11,,266788,22,0,5,1,51,,266809,22,0,5,2,12,,266758,22,0,5,1,16,,266777,22,0,5,1,15,,266767,22,0,5,1,57,,266776,22,0,5,1,17,,266789,22,0,5,1,17,,266778,22,0,5,1,16,,266759,22,0,5,1,59,,266810,22,0,5,2,19,,266805,22,0,5,1,19,,266790,22,0,5,1,65,,266760,22,0,5,1,25,,266811,22,0,5,2,66,,266791,22,0,5,1,25,,266761,22,0,5,1,21,,266755,22,0,5,1,62,,266779,22,0,5,1,23,,266792,22,0,5,1,64,,266756,22,0,5,1,32,,266780,22,0,5,1,72,,266793,22,0,5,1,32,,266757,22,0,5,1
18701,'H54U100F-80-F1',533,,266816,22,0,5,1,71,,266824,22,0,5,1,30,,266836,22,0,5,2,73,,266817,22,0,5,1,33,,266837,22,0,5,2,73,,266818,22,0,5,1,33,,266840,22,0,5,1,71,,266838,22,0,5,2,31,,266839,22,0,5,1,72,,266841,22,0,5,1,31,,266835,22,0,5,2,70,,266825,22,0,5,1,29,,266822,22,0,5,2,70,,266849,22,0,5,1,31,,266852,22,0,5,2,69,,266813,22,0,5,2,29,,266850,22,0,5,1,68,,266826,22,0,5,1,27,,266814,22,0,5,2,64,,266851,22,0,5,1,23,,266821,22,0,5,1,22,,266827,22,0,5,1,62,,266815,22,0,5,2,22,,266847,22,0,5,1,22,,266856,22,0,5,1,61,,266828,22,0,5,1,21,,266823,22,0,5,2,61,,266819,22,0,5,1,19,,266857,22,0,5,1,18,,266842,22,0,5,1,64,,266829,22,0,5,1,28,,266820,22,0,5,1,28,,266843,22,0,5,1,68,,266830,22,0,5,1,28,,266853,22,0,5,1,68,,266844,22,0,5,1,26,,266831,22,0,5,1,65,,266854,22,0,5,1,25,,266845,22,0,5,1,65,,266832,22,0,5,1,24,,266855,22,0,5,1,73,,266846,22,0,5,1,32,,266833,22,0,5,1,73,,266848,22,0,5,1,33,,266834,22,0,5,1
18701,'H54U200F-82-F2',533,,266861,22,0,5,1,71,,266868,22,0,5,1,30,,266885,22,0,5,2,73,,266883,22,0,5,1,33,,266886,22,0,5,2,73,,266884,22,0,5,1,33,,266878,22,0,5,1,71,,266888,22,0,5,1,31,,266867,22,0,5,2,72,,266879,22,0,5,1,31,,266889,22,0,5,1,70,,266887,22,0,5,1,29,,266880,22,0,5,1,70,,266890,22,0,5,1,31,,266893,22,0,5,1,69,,266858,22,0,5,1,29,,266891,22,0,5,1,68,,266894,22,0,5,1,27,,266859,22,0,5,1,64,,266892,22,0,5,1,23,,266869,22,0,5,1,22,,266895,22,0,5,1,62,,266860,22,0,5,1,22,,266870,22,0,5,1,22,,266881,22,0,5,1,61,,266896,22,0,5,1,21,,266871,22,0,5,1,61,,266873,22,0,5,1,19,,266882,22,0,5,1,18,,266862,22,0,5,1,64,,266897,22,0,5,1,28,,266874,22,0,5,1,28,,266863,22,0,5,1,68,,266898,22,0,5,1,28,,266875,22,0,5,1,68,,266864,22,0,5,1,26,,266899,22,0,5,1,65,,266876,22,0,5,1,25,,266865,22,0,5,1,65,,266900,22,0,5,1,24,,266877,22,0,5,1,73,,266866,22,0,5,1,32,,266901,22,0,5,1,73,,266872,22,0,5,2,33,,266902,22,0,5,1
36201,'H54U000A-80-A',2705,,277314,72,0,5,1,45,,277315,72,0,5,2,85,,277316,72,0,5,1,85,,277317,72,0,5,1
36201,'H54U000I-80-I',2620,,277318,72,0,5,1,85,,277320,72,0,5,1,44,,277321,72,0,5,2,85,,277322,72,0,5,1,85,,277319,72,0,5,1
36201,'H54U000S-81-S',2619,,277324,72,0,5,1,85,,277327,72,0,5,2,45,,277323,72,0,5,1,85,,277326,72,0,5,2,85,,277325,72,0,5,1
36201,'H54U100F-80-F1',2620,,277328,72,0,5,1,85,,277330,72,0,5,1,44,,277331,72,0,5,2,85,,277332,72,0,5,1,85,,277329,72,0,5,1
36201,'H54U200F-82-F2',2620,,277336,72,0,5,1,85,,277335,72,0,5,1,44,,277334,72,0,5,2,85,,277333,72,0,5,1,85,,277337,72,0,5,1
