'25N-H58N100F-80-F1-E',6901,63000,4,'',1,7500,4,'',1,3300,4,'',1,7300,4,'',1,3200,4,'',1,7000,4,'',1,3300,4,'',1,6700,4,'',1,50900,4,'',1,2000,4,'',1,6000,4,'',1,2000,4,'',1,2000,4,'',1,6000,4,'',1,2000,4,'',1,2000,4,'',1,5800,4,'',1,2000,4,'',1,2000,4,'',1,49900,4,'',1,7300,4,'',1,3100,4,'',1,6600,4,'',1,2700,4,'',1,2100,4,'',1
'25N-H58N100F-80-F1-E',6902,54500,,'',1,7000,,'',1,3000,,'',1,7000,,'',1,2900,,'',1,6500,,'',1,2500,,'',1,2500,,'',1,55200,,'',1,1800,,'',1,2000,,'',1,6000,,'',1,2000,,'',1,2000,,'',1,7000,,'',1,3000,,'',1,7100,,'',1,3000,,'',1,49400,,'',1,7000,,'',1,3200,,'',1,7300,,'',1,3100,,'',1
'25N-H58N100F-80-F1-NE',6901,55800,4,'',1,48100,4,'',1,6500,4,'',1,2700,4,'',1,7100,4,'',1,3000,4,'',1,7000,4,'',1,3000,4,'',1,7000,4,'',1,2000,4,'',1,2000,4,'',1,6000,4,'',1,39900,4,'',1,2000,4,'',1,1900,4,'',1,6900,4,'',1,3000,4,'',1,7000,4,'',1,2800,4,'',1,6800,4,'',1,3100,4,'',1,7100,4,'',1
'25N-H58N100F-80-F1-NE',6902,45400,,'',1,6000,,'',1,41100,,'',1,2800,,'',1,6700,,'',1,2600,,'',1,6500,,'',1,2500,,'',1,2300,,'',1,6300,,'',1,2300,,'',1,6400,,'',1,2300,,'',1,2000,,'',1,46800,,'',1,3000,,'',1,7000,,'',1,3000,,'',1,6900,,'',1,2900,,'',1,6800,,'',1,2800,,'',1,6800,,'',1
'25N-H58N200F-80-F2-E',6901,63000,4,'',1,7500,4,'',1,3300,4,'',1,7300,4,'',1,3200,4,'',1,7000,4,'',1,3300,4,'',1,6700,4,'',1,50900,4,'',1,2000,4,'',1,6000,4,'',1,2000,4,'',1,2000,4,'',1,6000,4,'',1,2000,4,'',1,2000,4,'',1,5800,4,'',1,2000,4,'',1,2000,4,'',1,49900,4,'',1,7300,4,'',1,3100,4,'',1,6600,4,'',1,2700,4,'',1,2100,4,'',1
'25N-H58N200F-80-F2-E',6902,54500,,'',1,7000,,'',1,3000,,'',1,7000,,'',1,2900,,'',1,6500,,'',1,2500,,'',1,2500,,'',1,55200,,'',1,1800,,'',1,2000,,'',1,6000,,'',1,2000,,'',1,2000,,'',1,7000,,'',1,3000,,'',1,7100,,'',1,3000,,'',1,49400,,'',1,7000,,'',1,3200,,'',1,7300,,'',1,3100,,'',1
'25N-H58N200F-80-F2-NE',6901,55800,4,'',1,48100,4,'',1,6500,4,'',1,2700,4,'',1,7100,4,'',1,3000,4,'',1,7000,4,'',1,3000,4,'',1,7000,4,'',1,2000,4,'',1,2000,4,'',1,6000,4,'',1,39900,4,'',1,2000,4,'',1,1900,4,'',1,6900,4,'',1,3000,4,'',1,7000,4,'',1,2800,4,'',1,6800,4,'',1,3100,4,'',1,7100,4,'',1
'25N-H58N200F-80-F2-NE',6902,45400,,'',1,6000,,'',1,41100,,'',1,2800,,'',1,6700,,'',1,2600,,'',1,6500,,'',1,2500,,'',1,2300,,'',1,6300,,'',1,2300,,'',1,6400,,'',1,2300,,'',1,2000,,'',1,46800,,'',1,3000,,'',1,7000,,'',1,3000,,'',1,6900,,'',1,2900,,'',1,6800,,'',1,2800,,'',1,6800,,'',1
'25N-H58N300F-80-F3-E',6901,63000,4,'',1,7500,4,'',1,3300,4,'',1,7300,4,'',1,3200,4,'',1,7000,4,'',1,3300,4,'',1,6700,4,'',1,50900,4,'',1,2000,4,'',1,6000,4,'',1,2000,4,'',1,2000,4,'',1,6000,4,'',1,2000,4,'',1,2000,4,'',1,5800,4,'',1,2000,4,'',1,2000,4,'',1,49900,4,'',1,7300,4,'',1,3100,4,'',1,6600,4,'',1,2700,4,'',1,2100,4,'',1
'25N-H58N300F-80-F3-E',6902,54500,,'',1,7000,,'',1,3000,,'',1,7000,,'',1,2900,,'',1,6500,,'',1,2500,,'',1,2500,,'',1,55200,,'',1,1800,,'',1,2000,,'',1,6000,,'',1,2000,,'',1,2000,,'',1,7000,,'',1,3000,,'',1,7100,,'',1,3000,,'',1,49400,,'',1,7000,,'',1,3200,,'',1,7300,,'',1,3100,,'',1
'25N-H58N300F-80-F3-NE',6901,55800,4,'',1,48100,4,'',1,6500,4,'',1,2700,4,'',1,7100,4,'',1,3000,4,'',1,7000,4,'',1,3000,4,'',1,7000,4,'',1,2000,4,'',1,2000,4,'',1,6000,4,'',1,39900,4,'',1,2000,4,'',1,1900,4,'',1,6900,4,'',1,3000,4,'',1,7000,4,'',1,2800,4,'',1,6800,4,'',1,3100,4,'',1,7100,4,'',1
'25N-H58N300F-80-F3-NE',6902,45400,,'',1,6000,,'',1,41100,,'',1,2800,,'',1,6700,,'',1,2600,,'',1,6500,,'',1,2500,,'',1,2300,,'',1,6300,,'',1,2300,,'',1,6400,,'',1,2300,,'',1,2000,,'',1,46800,,'',1,3000,,'',1,7000,,'',1,3000,,'',1,6900,,'',1,2900,,'',1,6800,,'',1,2800,,'',1,6800,,'',1
'25N-H58N400F-80-F4-E',6901,63000,4,'',1,7500,4,'',1,3300,4,'',1,7300,4,'',1,3200,4,'',1,7000,4,'',1,3300,4,'',1,6700,4,'',1,50900,4,'',1,2000,4,'',1,6000,4,'',1,2000,4,'',1,2000,4,'',1,6000,4,'',1,2000,4,'',1,2000,4,'',1,5800,4,'',1,2000,4,'',1,2000,4,'',1,49900,4,'',1,7300,4,'',1,3100,4,'',1,6600,4,'',1,2700,4,'',1,2100,4,'',1
'25N-H58N400F-80-F4-E',6902,54500,,'',1,7000,,'',1,3000,,'',1,7000,,'',1,2900,,'',1,6500,,'',1,2500,,'',1,2500,,'',1,55200,,'',1,1800,,'',1,2000,,'',1,6000,,'',1,2000,,'',1,2000,,'',1,7000,,'',1,3000,,'',1,7100,,'',1,3000,,'',1,49400,,'',1,7000,,'',1,3200,,'',1,7300,,'',1,3100,,'',1
'25N-H58N400F-80-F4-NE',6901,55800,4,'',1,48100,4,'',1,6500,4,'',1,2700,4,'',1,7100,4,'',1,3000,4,'',1,7000,4,'',1,3000,4,'',1,7000,4,'',1,2000,4,'',1,2000,4,'',1,6000,4,'',1,39900,4,'',1,2000,4,'',1,1900,4,'',1,6900,4,'',1,3000,4,'',1,7000,4,'',1,2800,4,'',1,6800,4,'',1,3100,4,'',1,7100,4,'',1
'25N-H58N400F-80-F4-NE',6902,45400,,'',1,6000,,'',1,41100,,'',1,2800,,'',1,6700,,'',1,2600,,'',1,6500,,'',1,2500,,'',1,2300,,'',1,6300,,'',1,2300,,'',1,6400,,'',1,2300,,'',1,2000,,'',1,46800,,'',1,3000,,'',1,7000,,'',1,3000,,'',1,6900,,'',1,2900,,'',1,6800,,'',1,2800,,'',1,6800,,'',1
'25N-H58NV10A-80-A-E',6901,63700,4,'',1,7200,4,'',1,3200,4,'',1,7000,4,'',1,3000,4,'',1,7100,4,'',1,3100,4,'',1,7300,4,'',1,50700,4,'',1,2000,4,'',1,6000,4,'',1,1500,4,'',1,1500,4,'',1,1500,4,'',1,5500,4,'',1,2000,4,'',1,2000,4,'',1,5800,4,'',1,1900,4,'',1,1900,4,'',1,1900,4,'',1,48200,4,'',1,7100,4,'',1,3100,4,'',1,7100,4,'',1,2600,4,'',1
'25N-H58NV10A-80-A-E',6902,54400,,'',1,6900,,'',1,3000,,'',1,6300,,'',1,2100,,'',1,2100,,'',1,6200,,'',1,2000,,'',1,2000,,'',1,6000,,'',1,49500,,'',1,1500,,'',1,1500,,'',1,1500,,'',1,5500,,'',1,1500,,'',1,1500,,'',1,1700,,'',1,5800,,'',1,1700,,'',1,1800,,'',1,6000,,'',1,2000,,'',1,2500,,'',1,49400,,'',1,7300,,'',1,3000,,'',1,7100,,'',1,3000,,'',1
'25N-H58NV10A-80-A-NE',6901,60400,4,'',1,44200,4,'',1,7000,4,'',1,2500,4,'',1,6000,4,'',1,2000,4,'',1,2000,4,'',1,6000,4,'',1,2000,4,'',1,2100,4,'',1,6000,4,'',1,2000,4,'',1,2100,4,'',1,6000,4,'',1,41400,4,'',1,2100,4,'',1,6200,4,'',1,2600,4,'',1,2700,4,'',1,6800,4,'',1,2900,4,'',1,6800,4,'',1,2700,4,'',1,6800,4,'',1,29200,4,'',1,2200,4,'',1
'25N-H58NV10A-80-A-NE',6902,44500,,'',1,7000,,'',1,41600,,'',1,2000,,'',1,6000,,'',1,2000,,'',1,2000,,'',1,5900,,'',1,2000,,'',1,2000,,'',1,6000,,'',1,2000,,'',1,1800,,'',1,5500,,'',1,1500,,'',1,1500,,'',1,1600,,'',1,47100,,'',1,3000,,'',1,6900,,'',1,2900,,'',1,6800,,'',1,2800,,'',1,6800,,'',1,2800,,'',1,7200,,'',1,30800,,'',1
'25N-H58NV10I-80-I-E',6901,63000,4,'',1,7500,4,'',1,3300,4,'',1,7300,4,'',1,3200,4,'',1,7000,4,'',1,3300,4,'',1,6700,4,'',1,50900,4,'',1,2000,4,'',1,6000,4,'',1,2000,4,'',1,2000,4,'',1,6000,4,'',1,2000,4,'',1,2000,4,'',1,5800,4,'',1,2000,4,'',1,2000,4,'',1,49900,4,'',1,7300,4,'',1,3100,4,'',1,6600,4,'',1,2700,4,'',1,2100,4,'',1
'25N-H58NV10I-80-I-E',6902,54500,,'',1,7000,,'',1,3000,,'',1,7000,,'',1,2900,,'',1,6500,,'',1,2500,,'',1,2500,,'',1,55200,,'',1,1800,,'',1,2000,,'',1,6000,,'',1,2000,,'',1,2000,,'',1,7000,,'',1,3000,,'',1,7100,,'',1,3000,,'',1,49400,,'',1,7000,,'',1,3200,,'',1,7300,,'',1,3100,,'',1
'25N-H58NV10I-80-I-NE',6901,55800,4,'',1,48100,4,'',1,6500,4,'',1,2700,4,'',1,7100,4,'',1,3000,4,'',1,7000,4,'',1,3000,4,'',1,7000,4,'',1,2000,4,'',1,2000,4,'',1,6000,4,'',1,39900,4,'',1,2000,4,'',1,1900,4,'',1,6900,4,'',1,3000,4,'',1,7000,4,'',1,2800,4,'',1,6800,4,'',1,3100,4,'',1,7100,4,'',1
'25N-H58NV10I-80-I-NE',6902,45400,,'',1,6000,,'',1,41100,,'',1,2800,,'',1,6700,,'',1,2600,,'',1,6500,,'',1,2500,,'',1,2300,,'',1,6300,,'',1,2300,,'',1,6400,,'',1,2300,,'',1,2000,,'',1,46800,,'',1,3000,,'',1,7000,,'',1,3000,,'',1,6900,,'',1,2900,,'',1,6800,,'',1,2800,,'',1,6800,,'',1
'25N-H58NV10S-80-S-E',6901,62200,4,'',1,3000,4,'',1,6600,4,'',1,2000,4,'',1,1600,4,'',1,5000,4,'',1,1100,4,'',1,900,4,'',1,900,4,'',1,800,4,'',1,800,4,'',1,900,4,'',1,4700,4,'',1,700,4,'',1,1300,4,'',1,1100,4,'',1,800,4,'',1,1300,4,'',1,56200,4,'',1,1900,4,'',1,1900,4,'',1,5500,4,'',1,1200,4,'',1,1000,4,'',1,1100,4,'',1,1000,4,'',1,4900,4,'',1,900,4,'',1,900,4,'',1,1000,4,'',1,1100,4,'',1,900,4,'',1,5000,4,'',1,900,4,'',1,1000,4,'',1,900,4,'',1,900,4,'',1,900,4,'',1,800,4,'',1,47800,4,'',1,2000,4,'',1,6300,4,'',1,2400,4,'',1,6800,4,'',1,2600,4,'',1,6500,4,'',1
'25N-H58NV10S-80-S-E',6902,54000,,'',1,6500,,'',1,1000,,'',1,1000,,'',1,1000,,'',1,1000,,'',1,1000,,'',1,5000,,'',1,1000,,'',1,900,,'',1,1200,,'',1,800,,'',1,1000,,'',1,5000,,'',1,1100,,'',1,1100,,'',1,1000,,'',1,1000,,'',1,1000,,'',1,5200,,'',1,45100,,'',1,5400,,'',1,1400,,'',1,1300,,'',1,1300,,'',1,5200,,'',1,1400,,'',1,1700,,'',1,1100,,'',1,1200,,'',1,5200,,'',1,1200,,'',1,1100,,'',1,1000,,'',1,1200,,'',1,6100,,'',1,2700,,'',1,49700,,'',1,7300,,'',1,3200,,'',1,7300,,'',1,3100,,'',1
'25N-H58NV10S-80-S-NE',6901,54900,4,'',1,47300,4,'',1,2500,4,'',1,6500,4,'',1,2700,4,'',1,6600,4,'',1,2400,4,'',1,2100,4,'',1,6000,4,'',1,2000,4,'',1,2000,4,'',1,6000,4,'',1,1800,4,'',1,1700,4,'',1,5700,4,'',1,40200,4,'',1,900,4,'',1,800,4,'',1,1100,4,'',1,1300,4,'',1,6100,4,'',1,2600,4,'',1,2600,4,'',1,6600,4,'',1,2600,4,'',1,6500,4,'',1,2600,4,'',1,6400,4,'',1
'25N-H58NV10S-80-S-NE',6902,44500,,'',1,6900,,'',1,40600,,'',1,2000,,'',1,6000,,'',1,2000,,'',1,2000,,'',1,6000,,'',1,1100,,'',1,1900,,'',1,1900,,'',1,5900,,'',1,1900,,'',1,1900,,'',1,6000,,'',1,2000,,'',1,1900,,'',1,46900,,'',1,3000,,'',1,7000,,'',1,3000,,'',1,7000,,'',1,3000,,'',1,7000,,'',1,2900,,'',1,6800,,'',1
'25N-H58NV20A-80-A-E',6901,63700,4,'',1,7200,4,'',1,3200,4,'',1,7000,4,'',1,3000,4,'',1,7100,4,'',1,3100,4,'',1,7300,4,'',1,50700,4,'',1,2000,4,'',1,6000,4,'',1,1500,4,'',1,1500,4,'',1,1500,4,'',1,5500,4,'',1,2000,4,'',1,2000,4,'',1,5800,4,'',1,1900,4,'',1,1900,4,'',1,1900,4,'',1,48200,4,'',1,7100,4,'',1,3100,4,'',1,7100,4,'',1,2600,4,'',1
'25N-H58NV20A-80-A-E',6902,54400,,'',1,6900,,'',1,3000,,'',1,6300,,'',1,2100,,'',1,2100,,'',1,6200,,'',1,2000,,'',1,2000,,'',1,6000,,'',1,49500,,'',1,1500,,'',1,1500,,'',1,1500,,'',1,5500,,'',1,1500,,'',1,1500,,'',1,1700,,'',1,5800,,'',1,1700,,'',1,1800,,'',1,6000,,'',1,2000,,'',1,2500,,'',1,49400,,'',1,7300,,'',1,3000,,'',1,7100,,'',1,3000,,'',1
'25N-H58NV20A-80-A-NE',6901,60400,4,'',1,44200,4,'',1,7000,4,'',1,2500,4,'',1,6000,4,'',1,2000,4,'',1,2000,4,'',1,6000,4,'',1,2000,4,'',1,2100,4,'',1,6000,4,'',1,2000,4,'',1,2100,4,'',1,6000,4,'',1,41400,4,'',1,2100,4,'',1,6200,4,'',1,2600,4,'',1,2700,4,'',1,6800,4,'',1,2900,4,'',1,6800,4,'',1,2700,4,'',1,6800,4,'',1,29200,4,'',1,2200,4,'',1
'25N-H58NV20A-80-A-NE',6902,44500,,'',1,7000,,'',1,41600,,'',1,2000,,'',1,6000,,'',1,2000,,'',1,2000,,'',1,5900,,'',1,2000,,'',1,2000,,'',1,6000,,'',1,2000,,'',1,1800,,'',1,5500,,'',1,1500,,'',1,1500,,'',1,1600,,'',1,47100,,'',1,3000,,'',1,6900,,'',1,2900,,'',1,6800,,'',1,2800,,'',1,6800,,'',1,2800,,'',1,7200,,'',1,30800,,'',1
'25N-H58NV20I-80-I-E',6901,63000,4,'',1,7500,4,'',1,3300,4,'',1,7300,4,'',1,3200,4,'',1,7000,4,'',1,3300,4,'',1,6700,4,'',1,50900,4,'',1,2000,4,'',1,6000,4,'',1,2000,4,'',1,2000,4,'',1,6000,4,'',1,2000,4,'',1,2000,4,'',1,5800,4,'',1,2000,4,'',1,2000,4,'',1,49900,4,'',1,7300,4,'',1,3100,4,'',1,6600,4,'',1,2700,4,'',1,2100,4,'',1
'25N-H58NV20I-80-I-E',6902,54500,,'',1,7000,,'',1,3000,,'',1,7000,,'',1,2900,,'',1,6500,,'',1,2500,,'',1,2500,,'',1,55200,,'',1,1800,,'',1,2000,,'',1,6000,,'',1,2000,,'',1,2000,,'',1,7000,,'',1,3000,,'',1,7100,,'',1,3000,,'',1,49400,,'',1,7000,,'',1,3200,,'',1,7300,,'',1,3100,,'',1
'25N-H58NV20I-80-I-NE',6901,55800,4,'',1,48100,4,'',1,6500,4,'',1,2700,4,'',1,7100,4,'',1,3000,4,'',1,7000,4,'',1,3000,4,'',1,7000,4,'',1,2000,4,'',1,2000,4,'',1,6000,4,'',1,39900,4,'',1,2000,4,'',1,1900,4,'',1,6900,4,'',1,3000,4,'',1,7000,4,'',1,2800,4,'',1,6800,4,'',1,3100,4,'',1,7100,4,'',1
'25N-H58NV20I-80-I-NE',6902,45400,,'',1,6000,,'',1,41100,,'',1,2800,,'',1,6700,,'',1,2600,,'',1,6500,,'',1,2500,,'',1,2300,,'',1,6300,,'',1,2300,,'',1,6400,,'',1,2300,,'',1,2000,,'',1,46800,,'',1,3000,,'',1,7000,,'',1,3000,,'',1,6900,,'',1,2900,,'',1,6800,,'',1,2800,,'',1,6800,,'',1
'25N-H58NV20S-80-S-E',6901,62200,4,'',1,3000,4,'',1,6600,4,'',1,2000,4,'',1,1600,4,'',1,5000,4,'',1,1100,4,'',1,900,4,'',1,900,4,'',1,800,4,'',1,800,4,'',1,900,4,'',1,4700,4,'',1,700,4,'',1,1300,4,'',1,1100,4,'',1,800,4,'',1,1300,4,'',1,56200,4,'',1,1900,4,'',1,1900,4,'',1,5500,4,'',1,1200,4,'',1,1000,4,'',1,1100,4,'',1,1000,4,'',1,4900,4,'',1,900,4,'',1,900,4,'',1,1000,4,'',1,1100,4,'',1,900,4,'',1,5000,4,'',1,900,4,'',1,1000,4,'',1,900,4,'',1,900,4,'',1,900,4,'',1,800,4,'',1,47800,4,'',1,2000,4,'',1,6300,4,'',1,2400,4,'',1,6800,4,'',1,2600,4,'',1,6500,4,'',1
'25N-H58NV20S-80-S-E',6902,54000,,'',1,6500,,'',1,1000,,'',1,1000,,'',1,1000,,'',1,1000,,'',1,1000,,'',1,5000,,'',1,1000,,'',1,900,,'',1,1200,,'',1,800,,'',1,1000,,'',1,5000,,'',1,1100,,'',1,1100,,'',1,1000,,'',1,1000,,'',1,1000,,'',1,5200,,'',1,45100,,'',1,5400,,'',1,1400,,'',1,1300,,'',1,1300,,'',1,5200,,'',1,1400,,'',1,1700,,'',1,1100,,'',1,1200,,'',1,5200,,'',1,1200,,'',1,1100,,'',1,1000,,'',1,1200,,'',1,6100,,'',1,2700,,'',1,49700,,'',1,7300,,'',1,3200,,'',1,7300,,'',1,3100,,'',1
'25N-H58NV20S-80-S-NE',6901,54900,4,'',1,47300,4,'',1,2500,4,'',1,6500,4,'',1,2700,4,'',1,6600,4,'',1,2400,4,'',1,2100,4,'',1,6000,4,'',1,2000,4,'',1,2000,4,'',1,6000,4,'',1,1800,4,'',1,1700,4,'',1,5700,4,'',1,40200,4,'',1,900,4,'',1,800,4,'',1,1100,4,'',1,1300,4,'',1,6100,4,'',1,2600,4,'',1,2600,4,'',1,6600,4,'',1,2600,4,'',1,6500,4,'',1,2600,4,'',1,6400,4,'',1
'25N-H58NV20S-80-S-NE',6902,44500,,'',1,6900,,'',1,40600,,'',1,2000,,'',1,6000,,'',1,2000,,'',1,2000,,'',1,6000,,'',1,1100,,'',1,1900,,'',1,1900,,'',1,5900,,'',1,1900,,'',1,1900,,'',1,6000,,'',1,2000,,'',1,1900,,'',1,46900,,'',1,3000,,'',1,7000,,'',1,3000,,'',1,7000,,'',1,3000,,'',1,7000,,'',1,2900,,'',1,6800,,'',1
