1704,'H60U000A-85-A',527,,222269,35,0,9,1,75,,222257,35,0,9,1,44,,222270,35,0,9,1,76,,222258,35,0,9,1,84,,222271,35,0,9,1,38,,222259,35,0,9,1,90,,222272,35,0,9,1,79,,222278,35,0,9,1,44,,222260,35,0,9,1,83,,222273,35,0,9,1,80,,222279,35,0,9,1,82,,222261,35,0,9,1,42,,222274,35,0,9,1,80,,222280,35,0,9,1,80,,222262,35,0,9,1,41,,222275,35,0,9,1,81,,222281,35,0,9,1,81,,222263,35,0,9,1,39,,222276,35,0,9,1,78,,222283,35,0,9,1,78,,222264,35,0,9,1,36,,222277,35,0,9,1,75,,222282,35,0,9,1,45,,222265,35,0,9,1,81,,222284,35,0,9,1,85,,222266,35,0,9,1,81,,222285,35,0,9,1,42,,222267,35,0,9,1,81,,222286,35,0,9,1,81,,222268,35,0,9,1,41,,222287,35,0,9,1
1704,'H60U000I-84-I',537,,222288,35,0,9,1,69,,222317,35,0,9,1,30,,222297,35,0,9,1,75,,222289,35,0,9,1,44,,222298,35,0,9,1,75,,222290,35,0,9,1,86,,222299,35,0,9,1,43,,222291,35,0,9,1,85,,222300,35,0,9,1,83,,222292,35,0,9,1,90,,222301,35,0,9,1,85,,222293,35,0,9,1,36,,222309,35,0,9,1,83,,222302,35,0,9,1,81,,222294,35,0,9,1,40,,222310,35,0,9,1,80,,222303,35,0,9,1,80,,222295,35,0,9,1,40,,222311,35,0,9,1,79,,222304,35,0,9,1,79,,222296,35,0,9,1,36,,222312,35,0,9,1,84,,222305,35,0,9,1,80,,222313,35,0,9,1,44,,222306,35,0,9,1,80,,222314,35,0,9,1,83,,222307,35,0,9,1,42,,222315,35,0,9,1,82,,222308,35,0,9,1,83,,222316,35,0,9,1
1704,'H60U000S-86-S',540,,222327,35,0,9,1,69,,222318,35,0,9,1,34,,222351,35,0,9,1,72,,222328,35,0,9,1,36,,222339,35,0,9,1,74,,222319,35,0,9,1,33,,222352,35,0,9,1,70,,222329,35,0,9,1,72,,222340,35,0,9,1,37,,222320,35,0,9,1,79,,222330,35,0,9,1,38,,222341,35,0,9,1,78,,222321,35,0,9,1,78,,222331,35,0,9,1,38,,222342,35,0,9,1,78,,222322,35,0,9,1,79,,222332,35,0,9,1,32,,222345,35,0,9,1,75,,222343,35,0,9,1,33,,222323,35,0,9,1,73,,222333,35,0,9,1,33,,222346,35,0,9,1,70,,222344,35,0,9,1,29,,222324,35,0,9,1,71,,222334,35,0,9,1,30,,222347,35,0,9,1,74,,222325,35,0,9,1,32,,222335,35,0,9,1,70,,222348,35,0,9,1,30,,222326,35,0,9,1,72,,222336,35,0,9,1,80,,222349,35,0,9,1,44,,222337,35,0,9,1,76,,222350,35,0,9,1,83,,222338,35,0,9,1
1704,'H60U100F-85-F1',537,,222353,35,0,9,1,69,,222382,35,0,9,1,30,,222362,35,0,9,1,75,,222354,35,0,9,1,44,,222363,35,0,9,1,75,,222355,35,0,9,1,86,,222364,35,0,9,1,43,,222356,35,0,9,1,85,,222365,35,0,9,1,83,,222357,35,0,9,1,90,,222366,35,0,9,1,85,,222358,35,0,9,1,36,,222374,35,0,9,1,83,,222367,35,0,9,1,81,,222359,35,0,9,1,40,,222375,35,0,9,1,80,,222368,35,0,9,1,80,,222360,35,0,9,1,40,,222377,35,0,9,1,79,,222369,35,0,9,1,79,,222361,35,0,9,1,36,,222378,35,0,9,1,84,,222371,35,0,9,1,80,,222376,35,0,9,1,44,,222370,35,0,9,1,80,,222379,35,0,9,1,83,,222372,35,0,9,1,42,,222380,35,0,9,1,82,,222373,35,0,9,1,83,,222381,35,0,9,1
1704,'H60U200F-83-F2',537,,222383,35,0,9,1,69,,222412,35,0,9,1,30,,222392,35,0,9,1,75,,222384,35,0,9,1,44,,222393,35,0,9,1,75,,222385,35,0,9,1,86,,222394,35,0,9,1,43,,222386,35,0,9,1,85,,222395,35,0,9,1,83,,222387,35,0,9,1,90,,222396,35,0,9,1,85,,222388,35,0,9,1,36,,222404,35,0,9,1,83,,222397,35,0,9,1,81,,222389,35,0,9,1,40,,222405,35,0,9,1,80,,222398,35,0,9,1,80,,222390,35,0,9,1,40,,222407,35,0,9,1,79,,222399,35,0,9,1,79,,222391,35,0,9,1,36,,222408,35,0,9,1,84,,222401,35,0,9,1,80,,222406,35,0,9,1,44,,222400,35,0,9,1,80,,222409,35,0,9,1,83,,222402,35,0,9,1,42,,222410,35,0,9,1,82,,222403,35,0,9,1,83,,222411,35,0,9,1
19001,'H56U000S-81-S',613,,267738,29,0,5,1,33,,267737,29,0,5,1,72,,267728,29,0,5,1,34,,267719,29,0,5,2,72,,267745,29,0,5,2,31,,267716,29,0,5,1,70,,267720,29,0,5,2,29,,267746,29,0,5,2,69,,267717,29,0,5,1,29,,267721,29,0,5,2,69,,267718,29,0,5,1,31,,267729,29,0,5,1,71,,267722,29,0,5,2,30,,267739,29,0,5,1,70,,267730,29,0,5,1,30,,267723,29,0,5,2,70,,267741,29,0,5,2,30,,267731,29,0,5,1,70,,267724,29,0,5,2,28,,267742,29,0,5,2,65,,267744,29,0,5,2,27,,267732,29,0,5,1,69,,267725,29,0,5,2,30,,267740,29,0,5,1,69,,267733,29,0,5,1,31,,267726,29,0,5,2,70,,267736,29,0,5,1,31,,267734,29,0,5,1,73,,267727,29,0,5,2,33,,267743,29,0,5,1,73,,267735,29,0,5,1
37104,'H50U000A-82-A',2609,,277775,55,0,9,1,30,,277779,55,0,9,1,70,,277777,55,0,9,2,30,,277774,55,0,9,1,70,,277776,55,0,9,1,30,,277780,55,0,9,1,70,,277778,55,0,9,2
37104,'H50U000I-82-I',2608,,277781,55,0,9,1,30,,277786,55,0,9,1,71,,277784,55,0,9,1,30,,277783,55,0,9,2,70,,277782,55,0,9,1,30,,277787,55,0,9,1,70,,277785,55,0,9,1
37104,'H50U000S-83-S',2611,,277793,55,0,9,1,30,,277789,55,0,9,1,71,,277792,55,0,9,2,30,,277791,55,0,9,1,68,,277794,55,0,9,1,29,,277790,55,0,9,1,69,,277788,55,0,9,1
37104,'H50U100F-80-F1',2608,,277795,55,0,9,1,30,,277800,55,0,9,1,71,,277798,55,0,9,1,30,,277797,55,0,9,2,70,,277796,55,0,9,1,30,,277801,55,0,9,1,70,,277799,55,0,9,1
37104,'H50U200F-80-F2',2608,,277802,55,0,9,1,30,,277807,55,0,9,1,71,,277805,55,0,9,1,30,,277804,55,0,9,2,70,,277803,55,0,9,1,30,,277808,55,0,9,1,70,,277806,55,0,9,1
