4301,'H58M000A-70-A',639,,98668,45,0,5,2,74,,98676,45,0,5,2,33,,98667,45,0,5,1,76,,98663,45,0,5,1,32,,98684,45,0,5,2,77,,98669,45,0,5,1,74,,98677,45,0,5,2,36,,98664,45,0,5,1,74,,98685,45,0,5,1,34,,98670,45,0,5,1,74,,98678,45,0,5,2,34,,98665,45,0,5,1,72,,98686,45,0,5,1,72,,98671,45,0,5,1,32,,98679,45,0,5,2,26,,98693,45,0,5,2,66,,98666,45,0,5,1,25,,98687,45,0,5,1,69,,98672,45,0,5,1,30,,98680,45,0,5,2,70,,98694,45,0,5,2,30,,98688,45,0,5,1,68,,98673,45,0,5,1,29,,98681,45,0,5,2,69,,98695,45,0,5,2,27,,98689,45,0,5,1,69,,98674,45,0,5,1,30,,98682,45,0,5,2,69,,98696,45,0,5,2,30,,98690,45,0,5,1,68,,98675,45,0,5,1,31,,98683,45,0,5,2,90,,98691,45,0,5,1,95,,98697,45,0,5,2,95,,98692,45,0,5,1,97,,98698,45,0,5,2
4301,'H58M000I-70-I',714,,98713,45,0,5,2,34,,98704,45,0,5,2,74,,98705,45,0,5,1,35,,98723,45,0,5,2,73,,98714,45,0,5,2,74,,98727,45,0,5,1,32,,98706,45,0,5,1,73,,98724,45,0,5,2,33,,98715,45,0,5,2,74,,98728,45,0,5,1,34,,98707,45,0,5,1,72,,98699,45,0,5,1,30,,98716,45,0,5,2,69,,98729,45,0,5,1,30,,98708,45,0,5,1,70,,98700,45,0,5,1,29,,98717,45,0,5,2,69,,98730,45,0,5,1,29,,98709,45,0,5,1,69,,98701,45,0,5,1,29,,98718,45,0,5,2,69,,98731,45,0,5,1,28,,98710,45,0,5,1,68,,98702,45,0,5,1,28,,98719,45,0,5,2,68,,98732,45,0,5,1,28,,98711,45,0,5,1,68,,98703,45,0,5,1,29,,98720,45,0,5,2,69,,98733,45,0,5,1,31,,98712,45,0,5,1,92,,98721,45,0,5,2,89,,98725,45,0,5,1,95,,98722,45,0,5,2,95,,98726,45,0,5,1
4301,'H58M000S-70-S',610,,98734,45,0,5,2,22,,98735,45,0,5,1,71,,98749,45,0,5,1,35,,98750,45,0,5,2,74,,98751,45,0,5,2,31,,98736,45,0,5,1,57,,98758,45,0,5,2,15,,98763,45,0,5,2,32,,98742,45,0,5,1,72,,98759,45,0,5,2,32,,98737,45,0,5,1,67,,98766,45,0,5,2,27,,98752,45,0,5,2,67,,98743,45,0,5,1,31,,98760,45,0,5,2,70,,98738,45,0,5,1,30,,98767,45,0,5,2,70,,98753,45,0,5,2,30,,98744,45,0,5,1,71,,98761,45,0,5,2,32,,98739,45,0,5,1,72,,98768,45,0,5,2,33,,98754,45,0,5,2,72,,98745,45,0,5,1,31,,98762,45,0,5,2,68,,98740,45,0,5,1,29,,98769,45,0,5,2,71,,98755,45,0,5,2,31,,98746,45,0,5,1,70,,98741,45,0,5,1,29,,98770,45,0,5,2,68,,98756,45,0,5,2,35,,98747,45,0,5,1,80,,98757,45,0,5,2,82,,98764,45,0,5,1,92,,98748,45,0,5,1,96,,98765,45,0,5,1,100,,98771,45,0,5,1
4301,'H58M100F-70-F1',606,,98802,45,0,5,2,22,,98772,45,0,5,1,30,,98787,45,0,5,1,69,,98803,45,0,5,2,74,,98780,45,0,5,2,31,,98773,45,0,5,1,18,,98801,45,0,5,1,57,,98788,45,0,5,1,33,,98804,45,0,5,2,74,,98781,45,0,5,2,32,,98774,45,0,5,1,67,,98792,45,0,5,1,27,,98795,45,0,5,1,67,,98789,45,0,5,2,29,,98782,45,0,5,2,70,,98776,45,0,5,1,30,,98793,45,0,5,1,70,,98796,45,0,5,1,29,,98790,45,0,5,2,70,,98783,45,0,5,2,31,,98775,45,0,5,1,72,,98794,45,0,5,1,33,,98809,45,0,5,1,73,,98791,45,0,5,2,33,,98784,45,0,5,2,69,,98777,45,0,5,1,31,,98807,45,0,5,1,72,,98797,45,0,5,1,32,,98785,45,0,5,2,71,,98778,45,0,5,1,29,,98808,45,0,5,1,70,,98798,45,0,5,1,33,,98786,45,0,5,2,81,,98779,45,0,5,1,83,,98799,45,0,5,1,89,,98805,45,0,5,1,98,,98800,45,0,5,1,98,,98806,45,0,5,1
4301,'H58M200F-70-F2',606,,98840,45,0,5,2,22,,98810,45,0,5,1,30,,98825,45,0,5,1,69,,98841,45,0,5,2,74,,98818,45,0,5,2,31,,98811,45,0,5,1,18,,98839,45,0,5,1,57,,98826,45,0,5,1,33,,98842,45,0,5,2,74,,98819,45,0,5,2,32,,98812,45,0,5,1,67,,98830,45,0,5,1,27,,98833,45,0,5,1,67,,98827,45,0,5,2,29,,98820,45,0,5,2,70,,98814,45,0,5,1,30,,98831,45,0,5,1,70,,98834,45,0,5,1,29,,98828,45,0,5,2,70,,98821,45,0,5,2,31,,98813,45,0,5,1,72,,98832,45,0,5,1,33,,98847,45,0,5,1,73,,98829,45,0,5,2,33,,98822,45,0,5,2,69,,98815,45,0,5,1,31,,98845,45,0,5,1,72,,98835,45,0,5,1,32,,98823,45,0,5,2,71,,98816,45,0,5,1,29,,98846,45,0,5,1,70,,98836,45,0,5,1,33,,98824,45,0,5,2,81,,98817,45,0,5,1,83,,98837,45,0,5,1,89,,98843,45,0,5,1,98,,98838,45,0,5,1,98,,98844,45,0,5,1
4301,'H58M300F-70-F3',606,,98878,45,0,5,2,22,,98848,45,0,5,1,30,,98863,45,0,5,1,69,,98879,45,0,5,2,74,,98856,45,0,5,2,31,,98849,45,0,5,1,18,,98877,45,0,5,1,57,,98864,45,0,5,1,33,,98880,45,0,5,2,74,,98857,45,0,5,2,32,,98850,45,0,5,1,67,,98868,45,0,5,1,27,,98871,45,0,5,1,67,,98865,45,0,5,2,29,,98858,45,0,5,2,70,,98852,45,0,5,1,30,,98869,45,0,5,1,70,,98872,45,0,5,1,29,,98866,45,0,5,2,70,,98859,45,0,5,2,31,,98851,45,0,5,1,72,,98870,45,0,5,1,33,,98885,45,0,5,1,73,,98867,45,0,5,2,33,,98860,45,0,5,2,69,,98853,45,0,5,1,31,,98883,45,0,5,1,72,,98873,45,0,5,1,32,,98861,45,0,5,2,71,,98854,45,0,5,1,29,,98884,45,0,5,1,70,,98874,45,0,5,1,33,,98862,45,0,5,2,81,,98855,45,0,5,1,83,,98875,45,0,5,1,89,,98881,45,0,5,1,98,,98876,45,0,5,1,98,,98882,45,0,5,1
4901,'H51M000S-70-S',640,,101798,26,0,5,2
4901,'H54M000S-70-S',1719,,101800,26,0,5,2,81,,101799,26,0,5,2
4901,'H57M000S-70-S',1636,,101801,26,0,5,2
4901,'H58M000A-70-A',612,,101804,26,0,5,1,25,,101821,26,0,5,1,66,,101816,26,0,5,1,21,,101819,26,0,5,2,20,,101823,26,0,5,1,66,,101828,26,0,5,1,28,,101822,26,0,5,1,68,,101838,26,0,5,1,32,,101820,26,0,5,2,72,,101824,26,0,5,1,31,,101829,26,0,5,1,70,,101830,26,0,5,2,28,,101839,26,0,5,2,68,,101841,26,0,5,2,23,,101825,26,0,5,1,23,,101842,26,0,5,2,65,,101843,26,0,5,2,24,,101831,26,0,5,2,64,,101802,26,0,5,1,21,,101846,26,0,5,2,20,,101826,26,0,5,1,61,,101851,26,0,5,2,21,,101857,26,0,5,2,20,,101844,26,0,5,2,58,,101832,26,0,5,2,15,,101803,26,0,5,1,10,,101811,26,0,5,1,11,,101818,26,0,5,2,11,,101847,26,0,5,2,49,,101827,26,0,5,1,9,,101807,26,0,5,2,9,,101856,26,0,5,2,9,,101852,26,0,5,2,9,,101805,26,0,5,1,11,,101858,26,0,5,2,50,,101813,26,0,5,1,11,,101845,26,0,5,2,9,,101859,26,0,5,2,8,,101833,26,0,5,2,7,,101861,26,0,5,2,10,,101812,26,0,5,1,11,,101862,26,0,5,1,50,,101848,26,0,5,2,10,,101809,26,0,5,2,10,,101817,26,0,5,1,10,,101808,26,0,5,2,10,,101806,26,0,5,1,10,,101840,26,0,5,2,56,,101814,26,0,5,1,16,,101860,26,0,5,2,19,,101853,26,0,5,1,59,,101849,26,0,5,1,19,,101810,26,0,5,2,19,,101834,26,0,5,1,60,,101865,26,0,5,2,24,,101815,26,0,5,1,15,,101863,26,0,5,2,58,,101854,26,0,5,1,22,,101850,26,0,5,1,17,,101836,26,0,5,2,17,,101835,26,0,5,1,61,,101866,26,0,5,2,21,,101864,26,0,5,2,68,,101855,26,0,5,1,30,,101837,26,0,5,2,71,,101867,26,0,5,2
4901,'H58M000I-70-I',608,,101868,26,0,5,1,28,,101873,26,0,5,2,67,,101878,26,0,5,1,27,,101882,26,0,5,1,70,,101869,26,0,5,1,33,,101874,26,0,5,2,72,,101890,26,0,5,1,29,,101883,26,0,5,1,69,,101875,26,0,5,1,23,,101902,26,0,5,2,22,,101887,26,0,5,1,62,,101905,26,0,5,1,27,,101891,26,0,5,1,71,,101901,26,0,5,2,30,,101903,26,0,5,2,70,,101888,26,0,5,1,30,,101914,26,0,5,1,70,,101892,26,0,5,1,26,,101896,26,0,5,2,24,,101904,26,0,5,2,61,,101916,26,0,5,2,18,,101889,26,0,5,1,15,,101915,26,0,5,1,57,,101876,26,0,5,2,13,,101920,26,0,5,2,14,,101877,26,0,5,1,13,,101893,26,0,5,1,53,,101897,26,0,5,2,13,,101918,26,0,5,2,12,,101879,26,0,5,1,12,,101917,26,0,5,2,12,,101895,26,0,5,1,53,,101870,26,0,5,1,13,,101912,26,0,5,1,13,,101880,26,0,5,1,13,,101871,26,0,5,2,16,,101884,26,0,5,1,54,,101909,26,0,5,1,17,,101919,26,0,5,2,19,,101885,26,0,5,2,61,,101906,26,0,5,1,22,,101913,26,0,5,1,22,,101872,26,0,5,2,62,,101898,26,0,5,1,21,,101910,26,0,5,1,63,,101886,26,0,5,2,22,,101907,26,0,5,1,16,,101881,26,0,5,1,17,,101921,26,0,5,1,65,,101899,26,0,5,1,25,,101911,26,0,5,1,70,,101908,26,0,5,1,29,,101922,26,0,5,1,68,,101900,26,0,5,1,24,,101894,26,0,5,1
4901,'H58M000S-70-S',602,,101923,26,0,5,2,17,,101924,26,0,5,2,86,,101928,26,0,5,2,21,,101935,26,0,5,2,18,,101943,26,0,5,2,64,,101945,26,0,5,1,19,,101950,26,0,5,2,21,,101958,26,0,5,2,65,,101956,26,0,5,1,25,,101938,26,0,5,1,68,,101962,26,0,5,2,28,,101946,26,0,5,1,68,,101959,26,0,5,2,30,,101954,26,0,5,2,26,,101957,26,0,5,1,65,,101969,26,0,5,1,17,,101965,26,0,5,2,17,,101963,26,0,5,2,55,,101947,26,0,5,1,16,,101960,26,0,5,2,16,,101977,26,0,5,1,56,,101955,26,0,5,2,16,,101951,26,0,5,2,15,,101980,26,0,5,2,15,,101970,26,0,5,1,54,,101966,26,0,5,2,16,,101939,26,0,5,1,13,,101964,26,0,5,2,11,,101948,26,0,5,1,8,,101941,26,0,5,1,8,,101961,26,0,5,2,49,,101985,26,0,5,2,7,,101978,26,0,5,1,8,,101982,26,0,5,2,8,,101991,26,0,5,1,15,,101994,26,0,5,2,7,,101952,26,0,5,2,6,,101995,26,0,5,2,45,,101981,26,0,5,2,3,,101989,26,0,5,2,5,,101967,26,0,5,1,5,,101971,26,0,5,1,9,,101953,26,0,5,2,5,,102007,26,0,5,2,3,,101933,26,0,5,1,5,,102006,26,0,5,2,6,,101979,26,0,5,1,6,,101936,26,0,5,1,6,,101990,26,0,5,2,58,,101942,26,0,5,1,6,,101927,26,0,5,1,6,,101949,26,0,5,2,6,,101929,26,0,5,1,7,,101976,26,0,5,2,7,,102003,26,0,5,1,6,,101992,26,0,5,1,7,,101988,26,0,5,2,48,,101925,26,0,5,1,8,,102001,26,0,5,2,12,,101986,26,0,5,2,12,,101972,26,0,5,1,12,,101934,26,0,5,1,52,,101937,26,0,5,1,13,,101999,26,0,5,2,13,,102008,26,0,5,2,12,,101930,26,0,5,1,13,,101993,26,0,5,2,53,,101975,26,0,5,1,13,,102002,26,0,5,2,14,,101987,26,0,5,1,14,,101973,26,0,5,1,56,,101996,26,0,5,1,15,,101983,26,0,5,1,15,,102000,26,0,5,2,17,,101931,26,0,5,1,60,,101997,26,0,5,1,28,,102004,26,0,5,2,68,,101974,26,0,5,1,28,,101984,26,0,5,1,22,,101932,26,0,5,1,59,,101998,26,0,5,1,20,,102005,26,0,5,2,14,,101926,26,0,5,1
4901,'H58M100F-70-F1',610,,102022,26,0,5,1,26,,102065,26,0,5,1,64,,102026,26,0,5,2,20,,102012,26,0,5,1,20,,102040,26,0,5,1,66,,102019,26,0,5,2,29,,102066,26,0,5,1,68,,102063,26,0,5,1,32,,102011,26,0,5,2,72,,102031,26,0,5,2,30,,102038,26,0,5,1,70,,102045,26,0,5,1,27,,102049,26,0,5,2,68,,102023,26,0,5,1,23,,102030,26,0,5,2,23,,102010,26,0,5,1,65,,102027,26,0,5,2,24,,102046,26,0,5,1,67,,102050,26,0,5,2,21,,102024,26,0,5,1,20,,102032,26,0,5,2,61,,102036,26,0,5,2,21,,102020,26,0,5,2,18,,102028,26,0,5,2,58,,102048,26,0,5,1,15,,102051,26,0,5,2,10,,102052,26,0,5,2,11,,102025,26,0,5,1,11,,102034,26,0,5,2,9,,102033,26,0,5,2,49,,102014,26,0,5,2,9,,102073,26,0,5,2,9,,102037,26,0,5,2,10,,102041,26,0,5,1,11,,102021,26,0,5,2,10,,102016,26,0,5,1,51,,102029,26,0,5,2,10,,102056,26,0,5,1,8,,102047,26,0,5,1,8,,102013,26,0,5,1,11,,102064,26,0,5,1,11,,102053,26,0,5,2,49,,102035,26,0,5,2,8,,102058,26,0,5,1,10,,102015,26,0,5,2,10,,102039,26,0,5,1,10,,102042,26,0,5,1,10,,102009,26,0,5,2,56,,102017,26,0,5,1,16,,102057,26,0,5,1,19,,102062,26,0,5,1,59,,102054,26,0,5,2,19,,102059,26,0,5,1,18,,102071,26,0,5,1,60,,102043,26,0,5,1,24,,102018,26,0,5,1,15,,102069,26,0,5,1,20,,102067,26,0,5,1,61,,102055,26,0,5,2,16,,102060,26,0,5,1,17,,102072,26,0,5,1,61,,102044,26,0,5,1,22,,102070,26,0,5,1,71,,102068,26,0,5,1,29,,102061,26,0,5,1
4901,'H58M200F-70-F2',610,,102087,26,0,5,1,26,,102130,26,0,5,1,64,,102091,26,0,5,2,20,,102077,26,0,5,1,20,,102105,26,0,5,1,66,,102084,26,0,5,2,29,,102131,26,0,5,1,68,,102128,26,0,5,1,32,,102076,26,0,5,2,72,,102096,26,0,5,2,30,,102103,26,0,5,1,70,,102110,26,0,5,1,27,,102114,26,0,5,2,68,,102088,26,0,5,1,23,,102095,26,0,5,2,23,,102075,26,0,5,1,65,,102092,26,0,5,2,24,,102111,26,0,5,1,67,,102115,26,0,5,2,21,,102089,26,0,5,1,20,,102097,26,0,5,2,61,,102101,26,0,5,2,21,,102085,26,0,5,2,18,,102093,26,0,5,2,58,,102113,26,0,5,1,15,,102116,26,0,5,2,10,,102117,26,0,5,2,11,,102090,26,0,5,1,11,,102099,26,0,5,2,9,,102098,26,0,5,2,49,,102079,26,0,5,2,9,,102138,26,0,5,2,9,,102102,26,0,5,2,10,,102106,26,0,5,1,11,,102086,26,0,5,2,10,,102081,26,0,5,1,51,,102094,26,0,5,2,10,,102121,26,0,5,1,8,,102112,26,0,5,1,8,,102078,26,0,5,1,11,,102129,26,0,5,1,11,,102118,26,0,5,2,49,,102100,26,0,5,2,8,,102123,26,0,5,1,10,,102080,26,0,5,2,10,,102104,26,0,5,1,10,,102107,26,0,5,1,10,,102074,26,0,5,2,56,,102082,26,0,5,1,16,,102122,26,0,5,1,19,,102127,26,0,5,1,59,,102119,26,0,5,2,19,,102124,26,0,5,1,18,,102136,26,0,5,1,60,,102108,26,0,5,1,24,,102083,26,0,5,1,15,,102134,26,0,5,1,20,,102132,26,0,5,1,61,,102120,26,0,5,2,16,,102125,26,0,5,1,17,,102137,26,0,5,1,61,,102109,26,0,5,1,22,,102135,26,0,5,1,71,,102133,26,0,5,1,29,,102126,26,0,5,1
4901,'H58M300F-70-F3',610,,102152,26,0,5,1,26,,102195,26,0,5,1,64,,102156,26,0,5,2,20,,102142,26,0,5,1,20,,102170,26,0,5,1,66,,102149,26,0,5,2,29,,102196,26,0,5,1,68,,102193,26,0,5,1,32,,102141,26,0,5,2,72,,102161,26,0,5,2,30,,102168,26,0,5,1,70,,102175,26,0,5,1,27,,102179,26,0,5,2,68,,102153,26,0,5,1,23,,102160,26,0,5,2,23,,102140,26,0,5,1,65,,102157,26,0,5,2,24,,102176,26,0,5,1,67,,102180,26,0,5,2,21,,102154,26,0,5,1,20,,102162,26,0,5,2,61,,102166,26,0,5,2,21,,102150,26,0,5,2,18,,102158,26,0,5,2,58,,102178,26,0,5,1,15,,102181,26,0,5,2,10,,102182,26,0,5,2,11,,102155,26,0,5,1,11,,102164,26,0,5,2,9,,102163,26,0,5,2,49,,102144,26,0,5,2,9,,102203,26,0,5,2,9,,102167,26,0,5,2,10,,102171,26,0,5,1,11,,102151,26,0,5,2,10,,102146,26,0,5,1,51,,102159,26,0,5,2,10,,102186,26,0,5,1,8,,102177,26,0,5,1,8,,102143,26,0,5,1,11,,102194,26,0,5,1,11,,102183,26,0,5,2,49,,102165,26,0,5,2,8,,102188,26,0,5,1,10,,102145,26,0,5,2,10,,102169,26,0,5,1,10,,102172,26,0,5,1,10,,102139,26,0,5,2,56,,102147,26,0,5,1,16,,102187,26,0,5,1,19,,102192,26,0,5,1,59,,102184,26,0,5,2,19,,102189,26,0,5,1,18,,102201,26,0,5,1,60,,102173,26,0,5,1,24,,102148,26,0,5,1,15,,102199,26,0,5,1,20,,102197,26,0,5,1,61,,102185,26,0,5,2,16,,102190,26,0,5,1,17,,102202,26,0,5,1,61,,102174,26,0,5,1,22,,102200,26,0,5,1,71,,102198,26,0,5,1,29,,102191,26,0,5,1
4901,'H59M000S-70-S',1806,,102204,26,0,5,1
38001,'H50M000A-70-A',2643,,155447,76,0,5,2,94,,155446,76,0,5,1,85,,155444,76,0,5,2,25,,155448,43,0,5,1,60,,155445,76,0,5,1
38001,'H50M000I-70-I',2554,,155452,76,0,5,1,90,,155449,76,0,5,1,82,,155453,76,0,5,2,84,,155450,76,0,5,1,47,,155451,76,0,5,2
38001,'H50M000S-70-S',2610,,155456,76,0,5,1,44,,155454,76,0,5,2,88,,155457,76,0,5,1,84,,155458,76,0,5,1,86,,155455,76,0,5,2
38001,'H50M000S-70-SV',2804,,155459,43,0,5,1
38001,'H50M100F-70-F1',2554,,155463,76,0,5,1,90,,155460,76,0,5,2,82,,155464,76,0,5,2,84,,155461,76,0,5,1,47,,155462,76,0,5,2
38001,'H50M200F-70-F2',2554,,155468,76,0,5,1,90,,155465,76,0,5,2,82,,155469,76,0,5,2,84,,155466,76,0,5,1,47,,155467,76,0,5,2
38001,'H50M300F-70-F3',2554,,155473,76,0,5,1,90,,155470,76,0,5,1,82,,155474,76,0,5,2,84,,155471,76,0,5,1,47,,155472,76,0,5,2
44801,'H54M000S-70-S',1517,,157443,5,0,22 47,2,30,,157449,5,0,22 47,1,70,,157446,5,0,22 47,1,27,,157444,5,0,22 47,2,66,,157433,5,0,22 47,2,18,,157445,5,0,22 47,2,19,,157447,5,0,22 47,1,58,,157450,5,0,22 47,2,17,,157442,5,0,22 47,2,17,,157434,5,0,22 47,2,66,,157448,5,0,22 47,1,27,,157451,5,0,22 47,1
44801,'H54M200F-70-F2',1517,,157455,5,0,22 47,1,30,,157466,5,0,22 47,2,70,,157463,5,0,22 47,1,30,,157456,5,0,22 47,1,68,,157467,5,0,22 47,2,29,,157464,5,0,22 47,1,69,,157457,5,0,22 47,1,26,,157468,5,0,22 47,2,66,,157465,5,0,22 47,1,27,,157458,5,0,22 47,1
