18902,'H54U000A-80-A',445,,267470,15,0,10,1,68,,267480,15,0,10,1,28,,267483,15,0,10,1,69,,267471,15,0,10,1,27,,267481,15,0,10,1,68,,267484,15,0,10,1,27,,267472,15,0,10,1,26,,267482,15,0,10,1,59,,267492,15,0,10,1,19,,267485,15,0,10,1,20,,267503,15,0,10,1,64,,267478,15,0,10,2,24,,267493,15,0,10,1,67,,267502,15,0,10,2,27,,267473,15,0,10,1,63,,267486,15,0,10,1,21,,267494,15,0,10,1,20,,267504,15,0,10,1,60,,267511,15,0,10,2,19,,267474,15,0,10,1,19,,267487,15,0,10,1,18,,267495,15,0,10,1,58,,267505,15,0,10,1,18,,267512,15,0,10,2,22,,267475,15,0,10,1,62,,267488,15,0,10,1,22,,267496,15,0,10,1,62,,267513,15,0,10,2,22,,267476,15,0,10,1,22,,267489,15,0,10,1,64,,267497,15,0,10,1,29,,267514,15,0,10,2,70,,267519,15,0,10,2,28,,267498,15,0,10,1,65,,267477,15,0,10,1,25,,267490,15,0,10,1,25,,267479,15,0,10,1,67,,267499,15,0,10,1,30,,267515,15,0,10,2,70,,267506,15,0,10,1,30,,267500,15,0,10,1,69,,267516,15,0,10,2,28,,267507,15,0,10,1,69,,267501,15,0,10,1,29,,267517,15,0,10,2,70,,267508,15,0,10,1,31,,267509,15,0,10,1,71,,267491,15,0,10,2,29,,267518,15,0,10,2,68,,267510,15,0,10,1
18902,'H54U000I-80-I',446,,267520,15,0,10,2,69,,267534,15,0,10,1,29,,267548,15,0,10,2,68,,267521,15,0,10,2,28,,267535,15,0,10,1,69,,267549,15,0,10,2,29,,267522,15,0,10,2,68,,267536,15,0,10,1,28,,267550,15,0,10,2,69,,267523,15,0,10,2,29,,267537,15,0,10,1,69,,267551,15,0,10,2,29,,267524,15,0,10,2,29,,267538,15,0,10,1,59,,267554,15,0,10,1,18,,267552,15,0,10,2,20,,267558,15,0,10,2,60,,267525,15,0,10,2,21,,267540,15,0,10,1,20,,267562,15,0,10,1,60,,267539,15,0,10,1,21,,267531,15,0,10,2,21,,267556,15,0,10,1,64,,267541,15,0,10,1,25,,267559,15,0,10,2,68,,267532,15,0,10,2,30,,267527,15,0,10,1,70,,267542,15,0,10,1,31,,267533,15,0,10,2,72,,267528,15,0,10,1,32,,267543,15,0,10,1,72,,267526,15,0,10,2,30,,267529,15,0,10,1,70,,267544,15,0,10,1,30,,267560,15,0,10,1,70,,267530,15,0,10,1,30,,267545,15,0,10,1,70,,267561,15,0,10,1,30,,267555,15,0,10,1,70,,267546,15,0,10,1,30,,267563,15,0,10,1,70,,267564,15,0,10,1,30,,267547,15,0,10,1,69,,267557,15,0,10,1,25,,267553,15,0,10,1
18902,'H54U000S-81-S',445,,267566,15,0,10,1,56,,267570,15,0,10,1,16,,267572,15,0,10,1,16,,267575,15,0,10,2,15,,267565,15,0,10,1,55,,267567,15,0,10,1,15,,267598,15,0,10,1,14,,267571,15,0,10,1,12,,267601,15,0,10,2,12,,267603,15,0,10,2,52,,267576,15,0,10,2,12,,267604,15,0,10,2,14,,267605,15,0,10,1,15,,267573,15,0,10,1,56,,267610,15,0,10,2,16,,267569,15,0,10,1,17,,267588,15,0,10,1,21,,267600,15,0,10,1,61,,267606,15,0,10,1,22,,267611,15,0,10,2,17,,267586,15,0,10,1,57,,267589,15,0,10,1,17,,267582,15,0,10,2,17,,267574,15,0,10,1,58,,267607,15,0,10,1,20,,267590,15,0,10,1,20,,267587,15,0,10,1,60,,267583,15,0,10,2,21,,267612,15,0,10,2,20,,267608,15,0,10,1,62,,267591,15,0,10,1,22,,267615,15,0,10,2,22,,267584,15,0,10,2,62,,267613,15,0,10,2,23,,267609,15,0,10,1,60,,267592,15,0,10,1,20,,267616,15,0,10,2,18,,267585,15,0,10,2,20,,267614,15,0,10,2,62,,267618,15,0,10,1,23,,267593,15,0,10,1,62,,267602,15,0,10,2,25,,267617,15,0,10,2,27,,267621,15,0,10,2,68,,267594,15,0,10,1,28,,267577,15,0,10,2,68,,267619,15,0,10,1,29,,267622,15,0,10,1,70,,267578,15,0,10,2,29,,267595,15,0,10,1,70,,267623,15,0,10,1,30,,267579,15,0,10,2,70,,267596,15,0,10,1,30,,267624,15,0,10,1,71,,267580,15,0,10,2,31,,267620,15,0,10,1,71,,267625,15,0,10,1,24,,267581,15,0,10,2
18902,'H54U100F-80-F1',446,,267626,15,0,10,2,69,,267640,15,0,10,1,29,,267654,15,0,10,2,68,,267627,15,0,10,2,28,,267641,15,0,10,1,69,,267655,15,0,10,2,29,,267628,15,0,10,2,68,,267642,15,0,10,1,28,,267656,15,0,10,2,69,,267629,15,0,10,2,29,,267643,15,0,10,1,69,,267657,15,0,10,2,29,,267630,15,0,10,2,29,,267644,15,0,10,1,59,,267660,15,0,10,1,18,,267658,15,0,10,2,20,,267664,15,0,10,2,60,,267631,15,0,10,2,21,,267646,15,0,10,1,20,,267668,15,0,10,1,60,,267645,15,0,10,1,21,,267637,15,0,10,2,21,,267662,15,0,10,1,64,,267647,15,0,10,1,25,,267665,15,0,10,2,68,,267638,15,0,10,2,30,,267633,15,0,10,1,70,,267648,15,0,10,1,31,,267639,15,0,10,2,72,,267634,15,0,10,1,32,,267649,15,0,10,1,72,,267632,15,0,10,2,30,,267635,15,0,10,1,70,,267650,15,0,10,1,30,,267666,15,0,10,1,70,,267636,15,0,10,1,30,,267651,15,0,10,1,70,,267667,15,0,10,1,30,,267661,15,0,10,1,70,,267652,15,0,10,1,30,,267669,15,0,10,1,70,,267670,15,0,10,1,30,,267653,15,0,10,1,69,,267663,15,0,10,1,25,,267659,15,0,10,1
18902,'H54U200F-82-F2',446,,267671,15,0,10,1,69,,267677,15,0,10,2,29,,267687,15,0,10,2,68,,267672,15,0,10,1,28,,267678,15,0,10,2,69,,267688,15,0,10,2,29,,267673,15,0,10,1,68,,267679,15,0,10,2,28,,267689,15,0,10,2,69,,267674,15,0,10,1,29,,267680,15,0,10,2,69,,267690,15,0,10,2,29,,267675,15,0,10,1,29,,267681,15,0,10,2,59,,267692,15,0,10,1,18,,267691,15,0,10,2,20,,267704,15,0,10,1,60,,267676,15,0,10,1,21,,267682,15,0,10,2,20,,267684,15,0,10,1,60,,267700,15,0,10,1,21,,267695,15,0,10,1,21,,267705,15,0,10,2,64,,267683,15,0,10,2,25,,267685,15,0,10,1,68,,267701,15,0,10,1,30,,267706,15,0,10,2,70,,267696,15,0,10,1,31,,267702,15,0,10,1,72,,267707,15,0,10,1,32,,267697,15,0,10,1,72,,267703,15,0,10,1,30,,267708,15,0,10,1,70,,267698,15,0,10,1,30,,267686,15,0,10,1,70,,267709,15,0,10,1,30,,267699,15,0,10,1,70,,267713,15,0,10,2,30,,267710,15,0,10,1,70,,267693,15,0,10,2,30,,267714,15,0,10,2,70,,267711,15,0,10,1,30,,267694,15,0,10,2,69,,267715,15,0,10,1,25,,267712,15,0,10,1
36202,'H54U000A-80-A',2543,,277338,18,0,10,2,88,,277340,18,0,10,1,85,,277342,18,0,10,1,85,,277341,18,0,10,1,42,,277339,18,0,10,1
36202,'H54U000I-80-I',2543,,277344,18,0,10,1,85,,277347,18,0,10,1,85,,277343,18,0,10,1,45,,277345,18,0,10,1,85,,277346,18,0,10,2
36202,'H54U000S-81-S',2542,,277348,18,0,10,1,85,,277351,18,0,10,2,85,,277350,18,0,10,1,46,,277352,18,0,10,2,85,,277349,18,0,10,1
36202,'H54U100F-80-F1',2543,,277354,18,0,10,1,85,,277357,18,0,10,1,85,,277353,18,0,10,1,45,,277355,18,0,10,1,85,,277356,18,0,10,2
36202,'H54U200F-82-F2',2543,,277360,18,0,10,2,85,,277358,18,0,10,1,85,,277362,18,0,10,1,45,,277359,18,0,10,1,85,,277361,18,0,10,2
41002,'H57U000S-81-S',554,,278062,13,0,10,1,64,,278063,13,0,10,1,25,,278064,13,0,10,2,66,,278065,13,0,10,2,26,,278066,13,0,10,1,67,,278067,13,0,10,2,27,,278068,13,0,10,1,28,,278069,13,0,10,1
48702,'H54U000S-81-S',554,,281101,14,0,99 129,1,63,,281099,14,0,99 129,1,18,,281107,14,0,99 129,2,17,,281097,14,0,99 129,1,57,,281102,14,0,99 129,2,15,,281103,14,0,99 129,2,14,,281109,14,0,99 129,2,14,,281105,14,0,99 129,1,55,,281098,14,0,99 129,1,24,,281100,14,0,99 129,2,26,,281104,14,0,99 129,2,65,,281106,14,0,99 129,1
48702,'H54U200F-82-F2',554,,281121,14,0,99 129,1,70,,281124,14,0,99 129,1,30,,281116,14,0,99 129,1,70,,281122,14,0,99 129,1,30,,281125,14,0,99 129,1,69,,281117,14,0,99 129,1,30,,281123,14,0,99 129,1,69,,281126,14,0,99 129,1
