20201,'H60U000A-85-A',643,,270857,61,0,5,1,71,,270873,61,0,5,2,30,,270871,61,0,5,1,71,,270861,61,0,5,1,32,,270880,61,0,5,1,67,,270858,61,0,5,1,31,,270874,61,0,5,2,72,,270868,61,0,5,1,32,,270862,61,0,5,1,72,,270881,61,0,5,1,30,,270859,61,0,5,1,68,,270875,61,0,5,2,28,,270869,61,0,5,1,62,,270863,61,0,5,1,24,,270887,61,0,5,1,25,,270882,61,0,5,1,67,,270860,61,0,5,1,30,,270876,61,0,5,2,73,,270870,61,0,5,1,24,,270864,61,0,5,1,63,,270888,61,0,5,1,24,,270885,61,0,5,1,64,,270892,61,0,5,2,22,,270853,61,0,5,1,22,,270877,61,0,5,2,60,,270872,61,0,5,1,22,,270865,61,0,5,1,28,,270889,61,0,5,1,69,,270883,61,0,5,1,31,,270856,61,0,5,1,67,,270878,61,0,5,2,27,,270866,61,0,5,1,70,,270890,61,0,5,1,30,,270884,61,0,5,1,69,,270854,61,0,5,1,28,,270879,61,0,5,2,67,,270867,61,0,5,1,30,,270891,61,0,5,1,70,,270886,61,0,5,1,29,,270855,61,0,5,1
20201,'H60U000I-84-I',745,,270909,61,0,5,1,71,,270917,61,0,5,2,32,,270922,61,0,5,1,71,,270895,61,0,5,2,33,,270896,61,0,5,1,73,,270910,61,0,5,1,33,,270897,61,0,5,1,69,,270907,61,0,5,1,30,,270908,61,0,5,1,70,,270918,61,0,5,1,31,,270911,61,0,5,1,70,,270898,61,0,5,1,72,,270923,61,0,5,1,30,,270902,61,0,5,1,73,,270919,61,0,5,1,33,,270912,61,0,5,1,69,,270899,61,0,5,1,32,,270924,61,0,5,1,70,,270903,61,0,5,1,30,,270920,61,0,5,1,73,,270913,61,0,5,1,32,,270900,61,0,5,1,72,,270925,61,0,5,1,27,,270904,61,0,5,1,71,,270914,61,0,5,1,29,,270921,61,0,5,1,68,,270901,61,0,5,1,30,,270926,61,0,5,1,68,,270905,61,0,5,1,30,,270915,61,0,5,1,70,,270893,61,0,5,1,30,,270894,61,0,5,1,67,,270927,61,0,5,1,25,,270906,61,0,5,1,24,,270916,61,0,5,1
20201,'H60U000S-86-S',632,,270936,61,0,5,1,68,,270950,61,0,5,2,22,,270937,21,0,5,1,6,,270949,61,0,5,1,18,,270948,61,0,5,1,3,,270951,21,0,5,1,65,,270954,61,0,5,2,30,,270952,61,0,5,1,73,,270958,61,0,5,1,32,,270930,61,0,5,1,68,,270961,61,0,5,1,30,,270939,61,0,5,1,67,,270943,61,0,5,1,27,,270955,61,0,5,1,63,,270959,61,0,5,1,28,,270931,61,0,5,1,72,,270962,61,0,5,1,27,,270940,61,0,5,1,27,,270944,61,0,5,1,71,,270956,61,0,5,1,26,,270960,61,0,5,1,57,,270966,21,0,5,2,12,,270953,61,0,5,1,23,,270932,61,0,5,1,60,,270938,61,0,5,1,10,,270968,21,0,5,2,7,,270963,21,0,5,1,1,,270935,61,0,5,1,6,,270969,21,0,5,2,14,,270941,61,0,5,1,57,,270967,21,0,5,1,8,,270945,61,0,5,1,27,,270929,21,0,5,1,6,,270957,61,0,5,1,71,,270928,61,0,5,1,29,,270972,61,0,5,1,69,,270964,61,0,5,1,27,,270942,61,0,5,1,73,,270946,61,0,5,1,32,,270933,61,0,5,1,69,,270973,61,0,5,2,22,,270970,61,0,5,1,19,,270965,61,0,5,1,62,,270975,61,0,5,2,32,,270947,61,0,5,1,67,,270934,61,0,5,1,29,,270974,61,0,5,2,69,,270971,61,0,5,1,32,,270976,61,0,5,2
20201,'H60U100F-85-F1',745,,270992,61,0,5,1,71,,271000,61,0,5,2,32,,271004,61,0,5,1,71,,271001,61,0,5,1,33,,270978,61,0,5,1,73,,270993,61,0,5,1,33,,270985,61,0,5,1,69,,270980,61,0,5,1,30,,270979,61,0,5,2,70,,270984,61,0,5,1,31,,270994,61,0,5,1,70,,270986,61,0,5,1,72,,271005,61,0,5,1,30,,270997,61,0,5,2,73,,271010,61,0,5,1,33,,270995,61,0,5,1,69,,270987,61,0,5,1,32,,271006,61,0,5,1,70,,270998,61,0,5,2,30,,271011,61,0,5,1,73,,270996,61,0,5,1,32,,270988,61,0,5,1,72,,271007,61,0,5,1,27,,270999,61,0,5,2,71,,270977,61,0,5,1,29,,271002,61,0,5,1,68,,270989,61,0,5,1,30,,271009,61,0,5,1,68,,270982,61,0,5,2,30,,270990,61,0,5,1,70,,271003,61,0,5,1,30,,270981,61,0,5,1,67,,271008,61,0,5,1,25,,270983,61,0,5,2,24,,270991,61,0,5,1
20201,'H60U200F-83-F2',745,,271027,61,0,5,1,71,,271035,61,0,5,2,32,,271039,61,0,5,1,71,,271036,61,0,5,1,33,,271013,61,0,5,1,73,,271028,61,0,5,1,33,,271020,61,0,5,1,69,,271015,61,0,5,1,30,,271014,61,0,5,2,70,,271019,61,0,5,1,31,,271029,61,0,5,1,70,,271021,61,0,5,1,72,,271040,61,0,5,1,30,,271032,61,0,5,2,73,,271045,61,0,5,1,33,,271030,61,0,5,1,69,,271022,61,0,5,1,32,,271041,61,0,5,1,70,,271033,61,0,5,2,30,,271046,61,0,5,1,73,,271031,61,0,5,1,32,,271023,61,0,5,1,72,,271042,61,0,5,1,27,,271034,61,0,5,2,71,,271012,61,0,5,1,29,,271037,61,0,5,1,68,,271024,61,0,5,1,30,,271044,61,0,5,1,68,,271017,61,0,5,2,30,,271025,61,0,5,1,70,,271038,61,0,5,1,30,,271016,61,0,5,1,67,,271043,61,0,5,1,25,,271018,61,0,5,2,24,,271026,61,0,5,1
37801,'H60U000A-85-A',2540,,277917,22,0,5,1,91,,277916,22,0,5,2,91,,277915,22,0,5,1,91,,277918,22,0,5,1
37801,'H60U000I-84-I',2540,,277921,22,0,5,1,91,,277920,22,0,5,1,90,,277922,22,0,5,1,93,,277919,22,0,5,1
37801,'H60U000S-86-S',2539,,277925,22,0,5,1,91,,277923,22,0,5,1,97,,277926,22,0,5,1,89,,277924,22,0,5,1
37801,'H60U100F-85-F1',2540,,277929,22,0,5,1,91,,277927,22,0,5,1,90,,277930,22,0,5,1,93,,277928,22,0,5,1
37801,'H60U200F-83-F2',2540,,277933,22,0,5,1,91,,277931,22,0,5,1,90,,277934,22,0,5,1,93,,277932,22,0,5,1
