'24N-H60N100F-80-F1',21501,53000,,'',2,2900,,'',1,7000,,'',1,7100,,'',2,3000,,'',1,7000,,'',1,3100,,'',2,7000,,'',1,3100,,'',1,7100,,'',2,3100,,'',1,7200,,'',1,3100,,'',2,6800,,'',1,2800,,'',1,6900,,'',1,2900,,'',2,6900,,'',1,2900,,'',1,3000,,'',1,7000,,'',2,3000,,'',1,7000,,'',1,3000,,'',1,7100,,'',2,7200,,'',1,3300,,'',1,7300,,'',2,2900,,'',1,7000,,'',1,3000,,'',1,7000,,'',1,3000,,'',1,7000,,'',1,2900,,'',1,6900,,'',1,2500,,'',1,1900,,'',1,8100,,'',1
'24N-H60N100F-80-F1',21502,65600,4,'',2,7000,4,'',1,3000,4,'',1,7100,4,'',2,3000,4,'',1,7100,4,'',1,3100,4,'',2,7100,4,'',1,7200,4,'',1,3100,4,'',2,7500,4,'',1,3300,4,'',1,7100,4,'',2,3000,4,'',1,6900,4,'',1,2900,4,'',1,6900,4,'',2,2900,4,'',1,7000,4,'',1,3000,4,'',1,7000,4,'',2,3000,4,'',1,6900,4,'',1,2800,4,'',1,6900,4,'',2,2900,4,'',1,6900,4,'',1,3000,4,'',1,7100,4,'',1,3000,4,'',1,7000,4,'',1,2900,4,'',1,6900,4,'',1,3000,4,'',1,2800,4,'',1,6600,4,'',1,2500,4,'',1,6500,4,'',1
'24N-H60N200F-80-F2',21501,53000,,'',1,2900,,'',1,7000,,'',1,7100,,'',1,3000,,'',1,7000,,'',1,3100,,'',1,7000,,'',1,3100,,'',1,7100,,'',1,3100,,'',1,7200,,'',1,3100,,'',1,6800,,'',1,2800,,'',1,6900,,'',1,2900,,'',1,6900,,'',1,2900,,'',1,3000,,'',1,7000,,'',1,3000,,'',1,7000,,'',1,3000,,'',1,7100,,'',1,7200,,'',1,3300,,'',1,7300,,'',1,2900,,'',1,7000,,'',1,3000,,'',1,7000,,'',1,3000,,'',1,7000,,'',1,2900,,'',1,6900,,'',1,2500,,'',1,1900,,'',1,8100,,'',1
'24N-H60N200F-80-F2',21502,65600,4,'',1,7000,4,'',1,3000,4,'',1,7100,4,'',1,3000,4,'',1,7100,4,'',1,3100,4,'',1,7100,4,'',1,7200,4,'',1,3100,4,'',1,7500,4,'',1,3300,4,'',1,7100,4,'',1,3000,4,'',1,6900,4,'',1,2900,4,'',1,6900,4,'',1,2900,4,'',1,7000,4,'',1,3000,4,'',1,7000,4,'',1,3000,4,'',1,7200,4,'',1,2400,4,'',1,7000,4,'',1,2900,4,'',1,6900,4,'',1,3000,4,'',1,7100,4,'',1,3000,4,'',1,7000,4,'',1,2900,4,'',1,6900,4,'',1,3000,4,'',1,2800,4,'',1,6600,4,'',1,2500,4,'',1,6500,4,'',1
'24N-H60N300F-80-F3',21501,53000,,'',2,2900,,'',1,7000,,'',1,7100,,'',2,3000,,'',1,7000,,'',1,3100,,'',2,7000,,'',1,3100,,'',1,7100,,'',2,3100,,'',1,7200,,'',1,3100,,'',2,6800,,'',1,2800,,'',1,6900,,'',1,2900,,'',2,6900,,'',1,2900,,'',1,3000,,'',1,7000,,'',2,3000,,'',1,7000,,'',1,3000,,'',1,7100,,'',2,7200,,'',1,3300,,'',1,7300,,'',2,2900,,'',1,7000,,'',1,3000,,'',1,7000,,'',1,3000,,'',1,7000,,'',1,2900,,'',1,6900,,'',1,2500,,'',1,1900,,'',1,8100,,'',1
'24N-H60N300F-80-F3',21502,65600,4,'',2,7000,4,'',1,3000,4,'',1,7100,4,'',2,3000,4,'',1,7100,4,'',1,3100,4,'',2,7100,4,'',1,7200,4,'',1,3100,4,'',2,7500,4,'',1,3300,4,'',1,7100,4,'',2,3000,4,'',1,6900,4,'',1,2900,4,'',1,6900,4,'',2,2900,4,'',1,7000,4,'',1,3000,4,'',1,7000,4,'',2,3000,4,'',1,6900,4,'',1,2800,4,'',1,6900,4,'',2,2900,4,'',1,6900,4,'',1,3000,4,'',1,7100,4,'',1,3000,4,'',1,7000,4,'',1,2900,4,'',1,6900,4,'',1,3000,4,'',1,2800,4,'',1,6600,4,'',1,2500,4,'',1,6500,4,'',1
'24N-H60N400F-81-F4',21501,53000,,'',1,2900,,'',1,7000,,'',1,7100,,'',1,3000,,'',1,7000,,'',1,3100,,'',1,7000,,'',1,3100,,'',1,7100,,'',1,3100,,'',1,7200,,'',1,3100,,'',1,6800,,'',1,2800,,'',1,6900,,'',1,2900,,'',1,6900,,'',1,2900,,'',1,3000,,'',1,7000,,'',1,3000,,'',1,7000,,'',1,3000,,'',1,7100,,'',1,7200,,'',1,3300,,'',1,7300,,'',1,2900,,'',1,7000,,'',1,3000,,'',1,7000,,'',1,3000,,'',1,7000,,'',1,2900,,'',1,6900,,'',1,2500,,'',1,1900,,'',1,8100,,'',1
'24N-H60N400F-81-F4',21502,65600,4,'',1,7000,4,'',1,3000,4,'',1,7100,4,'',1,3000,4,'',1,7100,4,'',1,3100,4,'',1,7100,4,'',1,7200,4,'',1,3100,4,'',1,7500,4,'',1,3300,4,'',1,7100,4,'',1,3000,4,'',1,6900,4,'',1,2900,4,'',1,6900,4,'',1,2900,4,'',1,7000,4,'',1,3000,4,'',1,7000,4,'',1,3000,4,'',1,7200,4,'',1,2400,4,'',1,7000,4,'',1,2900,4,'',1,6900,4,'',1,3000,4,'',1,7100,4,'',1,3000,4,'',1,7000,4,'',1,2900,4,'',1,6900,4,'',1,3000,4,'',1,2800,4,'',1,6600,4,'',1,2500,4,'',1,6500,4,'',1
'24N-H60NV10A-80-A',21501,53000,,'',1,2400,,'',1,6600,,'',1,2500,,'',1,6500,,'',1,2500,,'',1,6900,,'',1,3000,,'',1,7000,,'',1,2800,,'',1,6800,,'',1,2800,,'',1,2900,,'',1,6900,,'',1,2800,,'',1,6800,,'',1,2800,,'',1,6700,,'',1,2700,,'',1,6700,,'',1,2700,,'',1,6700,,'',1,2700,,'',1,2600,,'',1,6300,,'',1,2000,,'',1,6000,,'',1,2100,,'',1,2400,,'',1,6400,,'',1,2400,,'',1,2400,,'',1,6400,,'',1,3200,,'',1,7100,,'',1,3100,,'',1,7100,,'',1,3100,,'',1,7100,,'',1,7100,,'',1,3100,,'',1,2700,,'',1,6200,,'',1
'24N-H60NV10A-80-A',21502,65800,4,'',1,5200,4,'',1,1100,4,'',1,1000,4,'',1,2400,4,'',1,6500,4,'',1,2500,4,'',1,6700,4,'',1,3000,4,'',1,7100,4,'',1,3000,4,'',1,7000,4,'',1,3000,4,'',1,7100,4,'',1,3100,4,'',1,6700,4,'',1,2700,4,'',1,6700,4,'',1,2600,4,'',1,2700,4,'',1,6700,4,'',1,2700,4,'',1,6800,4,'',1,2800,4,'',1,6700,4,'',1,2500,4,'',1,6400,4,'',1,2400,4,'',1,2400,4,'',1,6500,4,'',1,3100,4,'',1,7200,4,'',1,3100,4,'',1,7100,4,'',1,3100,4,'',1,7100,4,'',1,3000,4,'',1,6900,4,'',1,3000,4,'',1,7100,4,'',1,3000,4,'',1,6500,4,'',1
'24N-H60NV10I-80-I',21501,53000,,'',2,2900,,'',1,7000,,'',1,7100,,'',2,3000,,'',1,7000,,'',1,3100,,'',2,7000,,'',1,3100,,'',1,7100,,'',2,3100,,'',1,7200,,'',1,3100,,'',2,6800,,'',1,2800,,'',1,6900,,'',1,2900,,'',2,6900,,'',1,2900,,'',1,3000,,'',1,7000,,'',2,3000,,'',1,7000,,'',1,3000,,'',1,7100,,'',2,7200,,'',1,3300,,'',1,7300,,'',2,2900,,'',1,7000,,'',1,3000,,'',1,7000,,'',1,3000,,'',1,7000,,'',1,2900,,'',1,6900,,'',1,2500,,'',1,1900,,'',1,8100,,'',1
'24N-H60NV10I-80-I',21502,65600,4,'',2,7000,4,'',1,3000,4,'',1,7100,4,'',2,3000,4,'',1,7100,4,'',1,3100,4,'',2,7100,4,'',1,7200,4,'',1,3100,4,'',2,7500,4,'',1,3300,4,'',1,7100,4,'',2,3000,4,'',1,6900,4,'',1,2900,4,'',1,6900,4,'',2,2900,4,'',1,7000,4,'',1,3000,4,'',1,7000,4,'',2,3000,4,'',1,6900,4,'',1,2800,4,'',1,6900,4,'',2,2900,4,'',1,6900,4,'',1,3000,4,'',1,7100,4,'',1,3000,4,'',1,7000,4,'',1,2900,4,'',1,6900,4,'',1,3000,4,'',1,2800,4,'',1,6600,4,'',1,2500,4,'',1,6500,4,'',1
'24N-H60NV10S-80-S',21501,50000,,'',1,3000,,'',1,7000,,'',2,2200,,'',1,2000,,'',1,6800,,'',1,2600,,'',1,7100,,'',1,3100,,'',1,7100,,'',1,2800,,'',1,6800,,'',1,2700,,'',1,6800,,'',1,2900,,'',1,2800,,'',1,6800,,'',1,2800,,'',1,5900,,'',1,1600,,'',1,1600,,'',1,5600,,'',1,1200,,'',1,1200,,'',1,1200,,'',2,1300,,'',1,5200,,'',2,1200,,'',1,1300,,'',1,1500,,'',1,5900,,'',1,2000,,'',1,2000,,'',1,6000,,'',1,1900,,'',1,2200,,'',1,6700,,'',1,2800,,'',1,6700,,'',1,2800,,'',2,7300,,'',1,3300,,'',1,7300,,'',1,3200,,'',1,7200,,'',1,3200,,'',1,7000,,'',1,2900,,'',1,8500,,'',2
'24N-H60NV10S-80-S',21502,63400,4,'',1,1700,4,'',1,6200,4,'',1,1800,4,'',1,1800,4,'',2,5600,4,'',1,1300,4,'',2,2000,4,'',1,2000,4,'',1,5500,4,'',1,900,4,'',1,1200,4,'',1,6600,4,'',1,2700,4,'',1,2800,4,'',1,6900,4,'',1,2800,4,'',1,6800,4,'',1,2800,4,'',1,6900,4,'',1,3000,4,'',1,6800,4,'',1,2900,4,'',1,6500,4,'',2,2600,4,'',1,6800,4,'',1,3000,4,'',1,7100,4,'',1,3000,4,'',1,6800,4,'',1,2500,4,'',1,3000,4,'',1,6700,4,'',2,2600,4,'',1,6400,4,'',1,2500,4,'',1,6600,4,'',1,3200,4,'',1,7200,4,'',1,3100,4,'',1,7000,4,'',1,3300,4,'',1,7300,4,'',1,3300,4,'',1,7300,4,'',1
'24N-H60NV20A-80-A',21501,53000,,'',1,2400,,'',1,6600,,'',1,2500,,'',1,6500,,'',1,2500,,'',1,6900,,'',1,3000,,'',1,7000,,'',1,2800,,'',1,6800,,'',1,2800,,'',1,2900,,'',1,6900,,'',1,2800,,'',1,6800,,'',1,2800,,'',1,6700,,'',1,2700,,'',1,6700,,'',1,2700,,'',1,6700,,'',1,2700,,'',1,2600,,'',1,6300,,'',1,2000,,'',1,6000,,'',1,2100,,'',1,2400,,'',1,6400,,'',1,2400,,'',1,2400,,'',1,6400,,'',1,3200,,'',1,7100,,'',1,3100,,'',1,7100,,'',1,3100,,'',1,7100,,'',1,7100,,'',1,3100,,'',1,2700,,'',1,6200,,'',1
'24N-H60NV20A-80-A',21502,65800,4,'',1,5200,4,'',1,1100,4,'',1,1000,4,'',1,2400,4,'',1,6500,4,'',1,2500,4,'',1,6700,4,'',1,3000,4,'',1,7100,4,'',1,3000,4,'',1,7000,4,'',1,3000,4,'',1,7100,4,'',1,3100,4,'',1,6700,4,'',1,2700,4,'',1,6700,4,'',1,2600,4,'',1,2700,4,'',1,6700,4,'',1,2700,4,'',1,6800,4,'',1,2800,4,'',1,6700,4,'',1,2500,4,'',1,6400,4,'',1,2400,4,'',1,2400,4,'',1,6500,4,'',1,3100,4,'',1,7200,4,'',1,3100,4,'',1,7100,4,'',1,3100,4,'',1,7100,4,'',1,3000,4,'',1,6900,4,'',1,3000,4,'',1,7100,4,'',1,3000,4,'',1,6500,4,'',1
'24N-H60NV20I-80-I',21501,53000,,'',2,2900,,'',1,7000,,'',1,7100,,'',2,3000,,'',1,7000,,'',1,3100,,'',2,7000,,'',1,3100,,'',1,7100,,'',2,3100,,'',1,7200,,'',1,3100,,'',2,6800,,'',1,2800,,'',1,6900,,'',1,2900,,'',2,6900,,'',1,2900,,'',1,3000,,'',1,7000,,'',2,3000,,'',1,7000,,'',1,3000,,'',1,7100,,'',2,7200,,'',1,3300,,'',1,7300,,'',2,2900,,'',1,7000,,'',1,3000,,'',1,7000,,'',1,3000,,'',1,7000,,'',1,2900,,'',1,6900,,'',1,2500,,'',1,1900,,'',1,8100,,'',1
'24N-H60NV20I-80-I',21502,65600,4,'',2,7000,4,'',1,3000,4,'',1,7100,4,'',2,3000,4,'',1,7100,4,'',1,3100,4,'',2,7100,4,'',1,7200,4,'',1,3100,4,'',2,7500,4,'',1,3300,4,'',1,7100,4,'',2,3000,4,'',1,6900,4,'',1,2900,4,'',1,6900,4,'',2,2900,4,'',1,7000,4,'',1,3000,4,'',1,7000,4,'',2,3000,4,'',1,6900,4,'',1,2800,4,'',1,6900,4,'',2,2900,4,'',1,6900,4,'',1,3000,4,'',1,7100,4,'',1,3000,4,'',1,7000,4,'',1,2900,4,'',1,6900,4,'',1,3000,4,'',1,2800,4,'',1,6600,4,'',1,2500,4,'',1,6500,4,'',1
'24N-H60NV20S-80-S',21501,50000,,'',1,3000,,'',1,7000,,'',2,2200,,'',1,2000,,'',1,6800,,'',1,2600,,'',1,7100,,'',1,3100,,'',1,7100,,'',1,2800,,'',1,6800,,'',1,2700,,'',1,6800,,'',1,2900,,'',1,2800,,'',1,6800,,'',1,2800,,'',1,5900,,'',1,1600,,'',1,1600,,'',1,5600,,'',1,1200,,'',1,1200,,'',1,1200,,'',2,1300,,'',1,5200,,'',2,1200,,'',1,1300,,'',1,1500,,'',1,5900,,'',1,2000,,'',1,2000,,'',1,6000,,'',1,1900,,'',1,2200,,'',1,6700,,'',1,2800,,'',1,6700,,'',1,2800,,'',2,7300,,'',1,3300,,'',1,7300,,'',1,3200,,'',1,7200,,'',1,3200,,'',1,7000,,'',1,2900,,'',1,8500,,'',2
'24N-H60NV20S-80-S',21502,63400,4,'',1,1700,4,'',1,6200,4,'',1,1800,4,'',1,1800,4,'',2,5600,4,'',1,1300,4,'',2,2000,4,'',1,2000,4,'',1,5500,4,'',1,900,4,'',1,1200,4,'',1,6600,4,'',1,2700,4,'',1,2800,4,'',1,6900,4,'',1,2800,4,'',1,6800,4,'',1,2800,4,'',1,6900,4,'',1,3000,4,'',1,6800,4,'',1,2900,4,'',1,6500,4,'',2,2600,4,'',1,6800,4,'',1,3000,4,'',1,7100,4,'',1,3000,4,'',1,6800,4,'',1,2500,4,'',1,3000,4,'',1,6700,4,'',2,2600,4,'',1,6400,4,'',1,2500,4,'',1,6600,4,'',1,3200,4,'',1,7200,4,'',1,3100,4,'',1,7000,4,'',1,3300,4,'',1,7300,4,'',1,3300,4,'',1,7300,4,'',1
'24N-H60N200F-80-F2',22501,61500,,'',1,3200,,'',1,7300,,'',1,3200,,'',1,6900,,'',2,2900,,'',1,6700,,'',1,60100,,'',1,2800,,'',1,6900,,'',1,3000,,'',1,7000,,'',1,3000,,'',1,7000,,'',1,3000,,'',1,46600,,'',1
'24N-H60N200F-80-F2',22502,63900,4,'',1,7200,4,'',1,3200,4,'',1,7200,4,'',2,3000,4,'',1,7200,4,'',1,3200,4,'',1,7200,4,'',1,3000,4,'',1,48100,4,'',1,2700,4,'',2,7100,4,'',1,7400,4,'',1,3200,4,'',1,7000,4,'',1,3200,4,'',1,6900,4,'',1,2900,4,'',1,2200,4,'',1,30000,4,'',1
'24N-H60N400F-81-F4',22501,61500,,'',1,3200,,'',1,7300,,'',1,3200,,'',1,6900,,'',2,2900,,'',1,6700,,'',1,60100,,'',1,2800,,'',1,6900,,'',1,3000,,'',1,7000,,'',1,3000,,'',1,7000,,'',1,3000,,'',1,46600,,'',1
'24N-H60N400F-81-F4',22502,63900,4,'',1,7200,4,'',1,3200,4,'',1,7200,4,'',2,3000,4,'',1,7200,4,'',1,3200,4,'',1,7200,4,'',1,3000,4,'',1,48100,4,'',1,2700,4,'',2,7100,4,'',1,7400,4,'',1,3200,4,'',1,7000,4,'',1,3200,4,'',1,6900,4,'',1,2900,4,'',1,2200,4,'',1,30000,4,'',1
'24N-H60NV10S-80-S',22501,61500,,'',1,3200,,'',2,7300,,'',2,3300,,'',1,6800,,'',1,2700,,'',1,6900,,'',1,60100,,'',1,1900,,'',1,900,,'',1,900,,'',1,5000,,'',2,800,,'',1,1200,,'',1,900,,'',1,1100,,'',1,1000,,'',1,5500,,'',1,2400,,'',1,2300,,'',1,6300,,'',1,2500,,'',1,46600,,'',1
'24N-H60NV10S-80-S',22502,63900,4,'',2,1200,4,'',1,5100,4,'',1,1000,4,'',1,600,4,'',1,1000,4,'',2,700,4,'',1,1300,4,'',1,5400,4,'',1,1400,4,'',1,2200,4,'',1,6200,4,'',2,3200,4,'',1,2700,4,'',1,6700,4,'',1,2500,4,'',1,48100,4,'',1,2700,4,'',2,7100,4,'',1,7400,4,'',1,3200,4,'',1,7000,4,'',1,3200,4,'',1,6800,4,'',1,2700,4,'',1,2500,4,'',1,30000,4,'',1
'24N-H60NV20S-80-S',22501,61500,,'',1,3200,,'',2,7300,,'',2,3300,,'',1,6800,,'',1,2700,,'',1,6900,,'',1,60100,,'',1,1900,,'',1,900,,'',1,900,,'',1,5000,,'',2,800,,'',1,1200,,'',1,900,,'',1,1100,,'',1,1000,,'',1,5500,,'',1,2400,,'',1,2300,,'',1,6300,,'',1,2500,,'',1,46600,,'',1
'24N-H60NV20S-80-S',22502,63900,4,'',2,1200,4,'',1,5100,4,'',1,1000,4,'',1,600,4,'',1,1000,4,'',2,700,4,'',1,1300,4,'',1,5400,4,'',1,1400,4,'',1,2200,4,'',1,6200,4,'',2,3200,4,'',1,2700,4,'',1,6700,4,'',1,2500,4,'',1,48100,4,'',1,2700,4,'',2,7100,4,'',1,7400,4,'',1,3200,4,'',1,7000,4,'',1,3200,4,'',1,6800,4,'',1,2700,4,'',1,2500,4,'',1,30000,4,'',1
