19201,'H50M000S-70-S',615,,144469,23,0,5,1,186,,144468,23,0,5,2
19201,'H51M000S-70-S',1505,,144470,23,0,5,2
19201,'H54M000A-70-A',545,,144478,23,0,5,1,70,,144491,23,0,5,2,30,,144471,23,0,5,1,70,,144479,23,0,5,1,30,,144492,23,0,5,1,70,,144472,23,0,5,1,29,,144480,23,0,5,1,71,,144493,23,0,5,1,30,,144473,23,0,5,1,70,,144481,23,0,5,1,31,,144494,23,0,5,1,73,,144474,23,0,5,1,31,,144482,23,0,5,1,72,,144495,23,0,5,1,31,,144503,23,0,5,1,70,,144475,23,0,5,1,30,,144483,23,0,5,1,70,,144496,23,0,5,1,28,,144504,23,0,5,1,68,,144476,23,0,5,1,29,,144484,23,0,5,1,69,,144497,23,0,5,1,30,,144505,23,0,5,1,71,,144477,23,0,5,1,31,,144485,23,0,5,1,71,,144498,23,0,5,1,30,,144506,23,0,5,1,71,,144486,23,0,5,1,30,,144499,23,0,5,1,68,,144507,23,0,5,1,29,,144489,23,0,5,1,69,,144500,23,0,5,1,30,,144508,23,0,5,1,70,,144487,23,0,5,1,30,,144501,23,0,5,1,70,,144509,23,0,5,1,29,,144488,23,0,5,1,70,,144502,23,0,5,1,28,,144511,23,0,5,1,72,,144490,23,0,5,1,41,,144510,23,0,5,1
19201,'H54M000I-70-I',546,,144512,23,0,5,1,67,,144527,23,0,5,2,31,,144519,23,0,5,1,70,,144513,23,0,5,1,30,,144528,23,0,5,2,70,,144520,23,0,5,1,31,,144514,23,0,5,1,72,,144529,23,0,5,2,30,,144521,23,0,5,1,70,,144515,23,0,5,1,30,,144530,23,0,5,2,70,,144522,23,0,5,1,30,,144516,23,0,5,1,70,,144531,23,0,5,2,30,,144544,23,0,5,1,70,,144523,23,0,5,1,30,,144517,23,0,5,1,67,,144532,23,0,5,2,28,,144545,23,0,5,1,69,,144524,23,0,5,1,30,,144518,23,0,5,1,72,,144533,23,0,5,2,32,,144546,23,0,5,1,73,,144525,23,0,5,1,32,,144534,23,0,5,2,72,,144547,23,0,5,1,30,,144526,23,0,5,1,69,,144535,23,0,5,2,30,,144548,23,0,5,1,69,,144540,23,0,5,1,29,,144536,23,0,5,2,70,,144549,23,0,5,1,30,,144542,23,0,5,1,70,,144538,23,0,5,2,29,,144550,23,0,5,1,70,,144541,23,0,5,1,30,,144537,23,0,5,2,69,,144551,23,0,5,1,29,,144543,23,0,5,1,71,,144539,23,0,5,2,32,,144552,23,0,5,1
19201,'H54M000S-70-S',551,,144554,23,0,5,1,52,,144553,23,0,5,2,28,,144560,23,0,5,1,17,,144574,23,0,5,1,57,,144575,23,0,5,1,17,,144576,23,0,5,1,19,,144555,23,0,5,1,80,,144561,23,0,5,1,21,,144572,23,0,5,1,68,,144577,23,0,5,1,29,,144556,23,0,5,1,68,,144562,23,0,5,1,28,,144573,23,0,5,1,69,,144578,23,0,5,1,29,,144557,23,0,5,1,69,,144563,23,0,5,1,30,,144586,23,0,5,2,72,,144579,23,0,5,1,30,,144558,23,0,5,1,70,,144564,23,0,5,1,133,,144559,23,0,5,1,70,,144565,23,0,5,1,101,,144588,23,0,5,2,30,,144580,23,0,5,1,68,,144566,23,0,5,1,29,,144587,23,0,5,1,24,,144589,23,0,5,2,64,,144581,23,0,5,1,29,,144567,23,0,5,1,70,,144590,23,0,5,1,30,,144582,23,0,5,1,70,,144568,23,0,5,1,30,,144591,23,0,5,1,68,,144583,23,0,5,1,29,,144569,23,0,5,1,70,,144592,23,0,5,1,30,,144584,23,0,5,1,69,,144570,23,0,5,1,30,,144593,23,0,5,1,70,,144585,23,0,5,1,32,,144571,23,0,5,1
19201,'H54M100F-70-F1',545,,144601,23,0,5,1,70,,144602,23,0,5,1,30,,144594,23,0,5,1,70,,144603,23,0,5,2,30,,144615,23,0,5,1,70,,144595,23,0,5,1,29,,144604,23,0,5,2,71,,144616,23,0,5,1,30,,144596,23,0,5,1,70,,144605,23,0,5,2,31,,144617,23,0,5,1,73,,144597,23,0,5,1,31,,144606,23,0,5,2,72,,144618,23,0,5,1,31,,144627,23,0,5,1,70,,144598,23,0,5,1,30,,144607,23,0,5,2,70,,144619,23,0,5,1,28,,144628,23,0,5,1,68,,144599,23,0,5,1,29,,144608,23,0,5,2,69,,144620,23,0,5,1,30,,144629,23,0,5,1,71,,144600,23,0,5,1,31,,144609,23,0,5,2,71,,144623,23,0,5,1,30,,144630,23,0,5,1,71,,144610,23,0,5,2,30,,144621,23,0,5,1,68,,144631,23,0,5,1,29,,144611,23,0,5,2,69,,144622,23,0,5,1,30,,144632,23,0,5,1,70,,144612,23,0,5,2,30,,144624,23,0,5,1,70,,144634,23,0,5,1,29,,144613,23,0,5,2,70,,144625,23,0,5,1,28,,144633,23,0,5,1,72,,144614,23,0,5,2,33,,144626,23,0,5,1
19201,'H54M200F-70-F2',546,,144635,23,0,5,1,67,,144650,23,0,5,2,31,,144642,23,0,5,2,70,,144636,23,0,5,1,30,,144651,23,0,5,2,70,,144643,23,0,5,2,31,,144637,23,0,5,1,72,,144652,23,0,5,2,30,,144644,23,0,5,2,70,,144638,23,0,5,1,30,,144653,23,0,5,2,70,,144645,23,0,5,2,30,,144640,23,0,5,1,70,,144655,23,0,5,2,30,,144667,23,0,5,1,70,,144646,23,0,5,2,30,,144639,23,0,5,1,67,,144654,23,0,5,2,28,,144668,23,0,5,1,69,,144647,23,0,5,2,30,,144641,23,0,5,1,72,,144656,23,0,5,2,32,,144669,23,0,5,1,73,,144648,23,0,5,2,32,,144657,23,0,5,2,72,,144670,23,0,5,1,30,,144649,23,0,5,2,69,,144658,23,0,5,2,30,,144671,23,0,5,1,69,,144663,23,0,5,1,29,,144659,23,0,5,2,70,,144672,23,0,5,1,30,,144664,23,0,5,1,70,,144660,23,0,5,2,29,,144673,23,0,5,1,70,,144665,23,0,5,1,30,,144661,23,0,5,2,69,,144674,23,0,5,1,29,,144666,23,0,5,1,71,,144662,23,0,5,2,32,,144675,23,0,5,1
19201,'H54M300F-70-F3',546,,144710,23,0,5,1,67,,144680,23,0,5,2,31,,144702,23,0,5,1,70,,144711,23,0,5,1,30,,144681,23,0,5,2,70,,144703,23,0,5,1,31,,144712,23,0,5,1,72,,144682,23,0,5,2,30,,144704,23,0,5,1,70,,144713,23,0,5,1,30,,144683,23,0,5,2,70,,144705,23,0,5,1,30,,144714,23,0,5,1,70,,144684,23,0,5,2,30,,144693,23,0,5,1,70,,144706,23,0,5,1,30,,144715,23,0,5,1,67,,144685,23,0,5,2,28,,144694,23,0,5,1,69,,144707,23,0,5,1,30,,144716,23,0,5,1,72,,144686,23,0,5,2,32,,144695,23,0,5,1,73,,144708,23,0,5,1,32,,144687,23,0,5,2,72,,144696,23,0,5,1,30,,144709,23,0,5,1,69,,144688,23,0,5,2,30,,144697,23,0,5,1,69,,144676,23,0,5,1,29,,144689,23,0,5,2,70,,144698,23,0,5,1,30,,144677,23,0,5,1,70,,144690,23,0,5,2,29,,144699,23,0,5,1,70,,144678,23,0,5,1,30,,144691,23,0,5,2,69,,144700,23,0,5,1,29,,144679,23,0,5,1,71,,144692,23,0,5,2,32,,144701,23,0,5,1
19201,'H57M000S-70-S',1434,,144717,23,0,5,2
19201,'H58M000S-70-S',1638,,144718,23,0,5,1
