19202,'H50M000S-70-S',707,,144719,28,0,10,1
19202,'H51M000S-70-S',812,,144720,16,0,10,1,799,,144721,28,0,10,2,113,,144722,28,0,10,2
19202,'H54M000A-70-A',503,,144723,28,0,10,1,31,,144744,28,0,10,2,70,,144724,28,0,10,1,30,,144732,28,0,10,1,71,,144745,28,0,10,1,30,,144725,28,0,10,1,69,,144733,28,0,10,1,29,,144746,28,0,10,1,69,,144726,28,0,10,1,30,,144734,28,0,10,1,70,,144747,28,0,10,1,30,,144727,28,0,10,1,70,,144735,28,0,10,1,33,,144748,28,0,10,1,75,,144728,28,0,10,1,32,,144736,28,0,10,1,71,,144749,28,0,10,1,31,,144756,28,0,10,1,71,,144729,28,0,10,1,31,,144737,28,0,10,1,71,,144750,28,0,10,1,30,,144757,28,0,10,1,68,,144730,28,0,10,1,27,,144738,28,0,10,1,68,,144751,28,0,10,1,28,,144758,28,0,10,1,68,,144731,28,0,10,1,31,,144739,28,0,10,1,70,,144752,28,0,10,1,30,,144759,28,0,10,1,70,,144740,28,0,10,1,30,,144753,28,0,10,1,69,,144760,28,0,10,1,30,,144741,28,0,10,1,70,,144754,28,0,10,1,30,,144761,28,0,10,1,71,,144742,28,0,10,1,30,,144755,28,0,10,1,72,,144762,28,0,10,1,32,,144743,28,0,10,1,81,,144763,28,0,10,1
19202,'H54M000I-70-I',501,,144764,28,0,10,1,31,,144780,28,0,10,2,71,,144773,28,0,10,1,32,,144765,28,0,10,1,69,,144781,28,0,10,2,29,,144774,28,0,10,1,70,,144766,28,0,10,1,31,,144782,28,0,10,2,71,,144772,28,0,10,1,30,,144767,28,0,10,1,70,,144783,28,0,10,2,30,,144775,28,0,10,1,70,,144768,28,0,10,1,30,,144784,28,0,10,2,70,,144776,28,0,10,1,31,,144769,28,0,10,1,70,,144785,28,0,10,2,30,,144797,28,0,10,1,70,,144777,28,0,10,1,30,,144770,28,0,10,1,70,,144786,28,0,10,2,30,,144798,28,0,10,1,70,,144778,28,0,10,1,30,,144771,28,0,10,1,70,,144787,28,0,10,2,31,,144799,28,0,10,1,69,,144779,28,0,10,1,31,,144788,28,0,10,2,69,,144800,28,0,10,1,30,,144793,28,0,10,1,69,,144789,28,0,10,2,29,,144801,28,0,10,1,69,,144794,28,0,10,1,29,,144790,28,0,10,2,70,,144802,28,0,10,1,30,,144795,28,0,10,1,70,,144791,28,0,10,2,30,,144803,28,0,10,1,70,,144796,28,0,10,1,31,,144792,28,0,10,2,70,,144804,28,0,10,1
19202,'H54M000S-70-S',504,,144805,28,0,10,1,24,,144811,28,0,10,1,24,,144826,28,0,10,1,63,,144827,28,0,10,1,18,,144829,28,0,10,1,16,,144806,28,0,10,1,78,,144812,28,0,10,1,20,,144823,28,0,10,1,10,,144840,16,0,10,1,45,,144828,28,0,10,1,16,,144830,28,0,10,1,29,,144807,28,0,10,1,69,,144813,28,0,10,1,27,,144824,28,0,10,1,70,,144831,28,0,10,1,30,,144808,28,0,10,1,70,,144814,28,0,10,1,30,,144841,28,0,10,2,70,,144832,28,0,10,1,30,,144809,28,0,10,1,69,,144815,28,0,10,1,30,,144842,28,0,10,2,70,,144833,28,0,10,1,29,,144810,28,0,10,1,70,,144816,28,0,10,1,41,,144844,28,0,10,1,78,,144834,28,0,10,1,19,,144825,28,0,10,1,58,,144817,28,0,10,1,35,,144843,28,0,10,1,67,,144845,28,0,10,2,28,,144835,28,0,10,1,71,,144818,28,0,10,1,31,,144846,28,0,10,1,71,,144836,28,0,10,1,28,,144819,28,0,10,1,69,,144847,28,0,10,1,30,,144837,28,0,10,1,70,,144820,28,0,10,1,30,,144848,28,0,10,1,70,,144838,28,0,10,1,30,,144821,28,0,10,1,70,,144849,28,0,10,1,29,,144839,28,0,10,1,67,,144822,28,0,10,1
19202,'H54M100F-70-F1',503,,144858,28,0,10,1,31,,144859,28,0,10,1,70,,144851,28,0,10,1,30,,144860,28,0,10,2,71,,144872,28,0,10,1,30,,144850,28,0,10,1,69,,144861,28,0,10,2,29,,144873,28,0,10,1,69,,144852,28,0,10,1,30,,144862,28,0,10,2,70,,144874,28,0,10,1,30,,144853,28,0,10,1,70,,144863,28,0,10,2,33,,144875,28,0,10,1,75,,144854,28,0,10,1,32,,144864,28,0,10,2,71,,144876,28,0,10,1,31,,144884,28,0,10,1,71,,144855,28,0,10,1,31,,144865,28,0,10,2,71,,144877,28,0,10,1,30,,144885,28,0,10,1,68,,144856,28,0,10,1,27,,144866,28,0,10,2,68,,144878,28,0,10,1,28,,144886,28,0,10,1,68,,144857,28,0,10,1,31,,144867,28,0,10,2,70,,144882,28,0,10,1,30,,144887,28,0,10,1,70,,144868,28,0,10,2,30,,144879,28,0,10,1,69,,144888,28,0,10,1,30,,144869,28,0,10,2,70,,144880,28,0,10,1,30,,144889,28,0,10,1,71,,144870,28,0,10,2,30,,144881,28,0,10,1,72,,144890,28,0,10,1,32,,144871,28,0,10,2,62,,144883,28,0,10,1
19202,'H54M200F-70-F2',501,,144891,28,0,10,1,31,,144908,28,0,10,2,71,,144899,28,0,10,2,32,,144892,28,0,10,1,69,,144909,28,0,10,2,29,,144900,28,0,10,2,70,,144893,28,0,10,1,31,,144910,28,0,10,2,71,,144901,28,0,10,2,30,,144894,28,0,10,1,70,,144911,28,0,10,2,30,,144902,28,0,10,2,70,,144895,28,0,10,1,30,,144912,28,0,10,2,70,,144903,28,0,10,2,31,,144896,28,0,10,1,70,,144913,28,0,10,2,30,,144924,28,0,10,1,70,,144904,28,0,10,2,30,,144897,28,0,10,1,70,,144914,28,0,10,2,30,,144925,28,0,10,1,70,,144905,28,0,10,2,30,,144898,28,0,10,1,70,,144915,28,0,10,2,31,,144926,28,0,10,1,69,,144906,28,0,10,2,31,,144916,28,0,10,2,69,,144927,28,0,10,1,30,,144907,28,0,10,2,69,,144917,28,0,10,2,29,,144928,28,0,10,1,69,,144921,28,0,10,1,29,,144918,28,0,10,2,70,,144929,28,0,10,1,30,,144922,28,0,10,1,70,,144919,28,0,10,2,30,,144930,28,0,10,1,70,,144923,28,0,10,1,31,,144920,28,0,10,2,70,,144931,28,0,10,1
19202,'H54M300F-70-F3',501,,144965,28,0,10,1,31,,144936,28,0,10,2,71,,144957,28,0,10,1,32,,144966,28,0,10,1,69,,144937,28,0,10,2,29,,144958,28,0,10,1,70,,144967,28,0,10,1,31,,144938,28,0,10,2,71,,144959,28,0,10,1,30,,144968,28,0,10,1,70,,144939,28,0,10,2,30,,144960,28,0,10,1,70,,144969,28,0,10,1,30,,144940,28,0,10,2,70,,144962,28,0,10,1,31,,144970,28,0,10,1,70,,144941,28,0,10,2,30,,144949,28,0,10,1,70,,144961,28,0,10,1,30,,144971,28,0,10,1,70,,144942,28,0,10,2,30,,144950,28,0,10,1,70,,144963,28,0,10,1,30,,144972,28,0,10,1,70,,144943,28,0,10,2,31,,144951,28,0,10,1,69,,144964,28,0,10,1,31,,144944,28,0,10,2,69,,144952,28,0,10,1,30,,144932,28,0,10,1,69,,144945,28,0,10,2,29,,144953,28,0,10,1,69,,144933,28,0,10,1,29,,144946,28,0,10,2,70,,144954,28,0,10,1,30,,144934,28,0,10,1,70,,144947,28,0,10,2,30,,144955,28,0,10,1,70,,144935,28,0,10,1,31,,144948,28,0,10,2,70,,144956,28,0,10,1
19202,'H57M000S-70-S',1532,,144973,28,0,10,2
19202,'H58M000S-70-S',745,,144974,16,0,10,1
