3401,'H59M000A-70-A',532,,95939,21,0,5,1,77,,95938,21,0,5,1,29,,95940,21,0,5,1,69,,95923,21,0,5,1,29,,95941,21,0,5,1,69,,95924,21,0,5,1,29,,95942,21,0,5,1,69,,95925,21,0,5,1,29,,95943,21,0,5,1,70,,95926,21,0,5,1,30,,95944,21,0,5,1,71,,95927,21,0,5,1,29,,95945,21,0,5,1,69,,95928,21,0,5,1,32,,95946,21,0,5,1,69,,95929,21,0,5,1,32,,95947,21,0,5,1,69,,95930,21,0,5,1,32,,95948,21,0,5,1,69,,95931,21,0,5,1,32,,95949,21,0,5,1,71,,95932,21,0,5,1,32,,95950,21,0,5,1,71,,95933,21,0,5,1,32,,95951,21,0,5,1,71,,95934,21,0,5,1,31,,95952,21,0,5,1,70,,95935,21,0,5,1,26,,95953,21,0,5,1,65,,95936,21,0,5,1,25,,95954,21,0,5,1,28,,95937,21,0,5,1,68,,95955,21,0,5,1,25,,95956,21,0,5,2,66,,95918,21,0,5,1,25,,95957,21,0,5,2,64,,95919,21,0,5,1,24,,95958,21,0,5,2,24,,95920,21,0,5,1,64,,95959,21,0,5,2,23,,95921,21,0,5,1,64,,95960,21,0,5,2,24,,95922,21,0,5,1,24,,95961,21,0,5,2
3401,'H59M000I-70-I',530,,95982,21,0,5,1,77,,95962,21,0,5,1,29,,95983,21,0,5,1,69,,95963,21,0,5,1,29,,95984,21,0,5,1,69,,95964,21,0,5,1,31,,95985,21,0,5,1,69,,95965,21,0,5,1,29,,95986,21,0,5,1,69,,95966,21,0,5,1,29,,95987,21,0,5,1,28,,95967,21,0,5,1,71,,95988,21,0,5,1,71,,95968,21,0,5,1,29,,95989,21,0,5,1,71,,95969,21,0,5,1,29,,95990,21,0,5,1,71,,95970,21,0,5,1,30,,95991,21,0,5,1,70,,95971,21,0,5,1,31,,95992,21,0,5,1,70,,95972,21,0,5,1,31,,95993,21,0,5,1,70,,95973,21,0,5,1,30,,95994,21,0,5,1,70,,95974,21,0,5,1,31,,95995,21,0,5,1,69,,95975,21,0,5,1,30,,95996,21,0,5,1,70,,95976,21,0,5,1,30,,95997,21,0,5,1,70,,95977,21,0,5,1,30,,95998,21,0,5,1,70,,95978,21,0,5,1,29,,95999,21,0,5,2,70,,95979,21,0,5,1,29,,96000,21,0,5,2,29,,95980,21,0,5,1,67,,96001,21,0,5,2,29,,95981,21,0,5,1,69,,96002,21,0,5,2
3401,'H59M000S-70-S',507,,96010,21,0,5,1,30,,96023,21,0,5,1,72,,96011,21,0,5,1,27,,96024,21,0,5,1,15,,96029,21,0,5,1,51,,96003,21,0,5,1,11,,96012,21,0,5,1,11,,96036,21,0,5,2,12,,96025,21,0,5,1,13,,96038,21,0,5,1,54,,96030,21,0,5,1,16,,96004,21,0,5,1,24,,96037,21,0,5,2,70,,96031,21,0,5,1,31,,96005,21,0,5,1,72,,96032,21,0,5,1,30,,96006,21,0,5,1,70,,96033,21,0,5,1,31,,96007,21,0,5,1,71,,96034,21,0,5,1,30,,96008,21,0,5,1,71,,96035,21,0,5,1,33,,96009,21,0,5,1,65,,96039,21,0,5,1,23,,96013,21,0,5,1,67,,96026,21,0,5,2,26,,96040,21,0,5,1,67,,96014,21,0,5,1,23,,96027,21,0,5,2,19,,96052,21,0,5,2,59,,96041,21,0,5,1,20,,96015,21,0,5,1,20,,96028,21,0,5,2,16,,96042,21,0,5,1,55,,96053,21,0,5,2,16,,96044,21,0,5,2,19,,96016,21,0,5,1,62,,96043,21,0,5,1,24,,96045,21,0,5,2,68,,96017,21,0,5,1,30,,96046,21,0,5,2,70,,96018,21,0,5,1,30,,96047,21,0,5,2,70,,96019,21,0,5,1,30,,96048,21,0,5,2,70,,96020,21,0,5,1,29,,96049,21,0,5,2,28,,96021,21,0,5,1,68,,96050,21,0,5,2,27,,96022,21,0,5,1,64,,96051,21,0,5,2
3401,'H59M100F-70-F1',530,,96074,21,0,5,1,77,,96054,21,0,5,1,29,,96075,21,0,5,1,69,,96055,21,0,5,1,29,,96076,21,0,5,1,69,,96056,21,0,5,1,31,,96077,21,0,5,1,69,,96057,21,0,5,1,29,,96078,21,0,5,1,69,,96058,21,0,5,1,29,,96079,21,0,5,1,28,,96059,21,0,5,1,71,,96080,21,0,5,1,71,,96060,21,0,5,1,29,,96081,21,0,5,1,71,,96061,21,0,5,1,29,,96085,21,0,5,1,71,,96063,21,0,5,1,30,,96082,21,0,5,1,70,,96062,21,0,5,1,31,,96083,21,0,5,1,70,,96064,21,0,5,1,31,,96084,21,0,5,1,70,,96065,21,0,5,1,30,,96086,21,0,5,1,70,,96067,21,0,5,1,31,,96087,21,0,5,1,69,,96066,21,0,5,1,30,,96088,21,0,5,1,70,,96068,21,0,5,1,30,,96089,21,0,5,1,70,,96069,21,0,5,1,30,,96090,21,0,5,1,70,,96070,21,0,5,1,29,,96091,21,0,5,2,70,,96071,21,0,5,1,29,,96092,21,0,5,2,29,,96072,21,0,5,1,67,,96093,21,0,5,2,29,,96073,21,0,5,1,69,,96094,21,0,5,2
3401,'H59M200F-70-F2',530,,96114,21,0,5,1,77,,96095,21,0,5,1,29,,96116,21,0,5,1,69,,96096,21,0,5,1,29,,96117,21,0,5,1,69,,96097,21,0,5,1,31,,96118,21,0,5,1,69,,96098,21,0,5,1,29,,96119,21,0,5,1,69,,96099,21,0,5,1,29,,96120,21,0,5,1,28,,96100,21,0,5,1,71,,96121,21,0,5,1,71,,96101,21,0,5,1,29,,96122,21,0,5,1,71,,96102,21,0,5,1,29,,96123,21,0,5,1,71,,96103,21,0,5,1,30,,96124,21,0,5,1,70,,96104,21,0,5,1,31,,96125,21,0,5,1,70,,96105,21,0,5,1,31,,96126,21,0,5,1,70,,96106,21,0,5,1,30,,96127,21,0,5,1,70,,96107,21,0,5,1,31,,96128,21,0,5,1,69,,96108,21,0,5,1,30,,96129,21,0,5,1,70,,96109,21,0,5,1,30,,96130,21,0,5,1,70,,96110,21,0,5,1,30,,96131,21,0,5,1,70,,96111,21,0,5,1,29,,96132,21,0,5,2,70,,96112,21,0,5,1,29,,96133,21,0,5,2,29,,96113,21,0,5,1,67,,96134,21,0,5,2,29,,96115,21,0,5,1,69,,96135,21,0,5,2
3401,'H59M300F-70-F3',530,,96156,21,0,5,1,77,,96136,21,0,5,1,29,,96158,21,0,5,1,69,,96137,21,0,5,1,29,,96157,21,0,5,1,69,,96138,21,0,5,1,31,,96159,21,0,5,1,69,,96139,21,0,5,1,29,,96160,21,0,5,1,69,,96140,21,0,5,1,29,,96161,21,0,5,1,28,,96141,21,0,5,1,71,,96165,21,0,5,1,71,,96142,21,0,5,1,29,,96162,21,0,5,1,71,,96143,21,0,5,1,29,,96166,21,0,5,1,71,,96144,21,0,5,1,30,,96163,21,0,5,1,70,,96145,21,0,5,1,31,,96167,21,0,5,1,70,,96146,21,0,5,1,31,,96164,21,0,5,1,70,,96147,21,0,5,1,30,,96168,21,0,5,1,70,,96148,21,0,5,1,31,,96169,21,0,5,1,69,,96149,21,0,5,1,30,,96170,21,0,5,1,70,,96150,21,0,5,1,30,,96171,21,0,5,1,70,,96151,21,0,5,1,30,,96172,21,0,5,1,70,,96152,21,0,5,1,29,,96173,21,0,5,2,70,,96153,21,0,5,1,29,,96174,21,0,5,2,29,,96154,21,0,5,1,67,,96175,21,0,5,2,29,,96155,21,0,5,1,69,,96176,21,0,5,2
35301,'H54M000A-70-A',2628,,153947,17,0,5,1,87,,153948,17,0,5,1,85,,153946,17,0,5,1,40,,153945,17,0,5,1
35301,'H54M000I-70-I',2545,,153949,17,0,5,1,85,,153953,17,0,5,1,85,,153952,17,0,5,1,85,,153951,17,0,5,1,40,,153950,17,0,5,1
35301,'H54M000S-70-S',2544,,153955,17,0,5,1,85,,153958,17,0,5,1,85,,153956,17,0,5,1,45,,153954,17,0,5,1,80,,153957,17,0,5,1
35301,'H54M100F-70-F1',2545,,153962,17,0,5,1,85,,153959,17,0,5,1,85,,153960,17,0,5,1,85,,153961,17,0,5,2,40,,153963,17,0,5,1
35301,'H54M200F-70-F2',2545,,153967,17,0,5,1,85,,153965,17,0,5,1,85,,153964,17,0,5,2,85,,153966,17,0,5,1,40,,153968,17,0,5,1
35301,'H54M300F-70-F3',2545,,153971,17,0,5,1,85,,153973,17,0,5,1,85,,153969,17,0,5,1,85,,153970,17,0,5,1,40,,153972,17,0,5,1
