12403,'H50U000A-82-A',612,,253114,18,0,8,2,30,,253127,18,0,8,2,70,,253134,18,0,8,1,30,,253115,18,0,8,2,70,,253128,18,0,8,2,31,,253135,18,0,8,1,71,,253116,18,0,8,2,31,,253129,18,0,8,2,70,,253136,18,0,8,1,29,,253117,18,0,8,2,69,,253130,18,0,8,2,31,,253137,18,0,8,1,70,,253118,18,0,8,2,30,,253131,18,0,8,2,70,,253138,18,0,8,1,30,,253119,18,0,8,2,70,,253132,18,0,8,2,31,,253139,18,0,8,1,71,,253120,18,0,8,2,30,,253133,18,0,8,2,69,,253140,18,0,8,1,30,,253121,18,0,8,2,70,,253111,18,0,8,2,29,,253141,18,0,8,1,70,,253122,18,0,8,2,30,,253112,18,0,8,2,69,,253142,18,0,8,1,30,,253123,18,0,8,2,70,,253113,18,0,8,2,30,,253143,18,0,8,1,70,,253124,18,0,8,2,29,,253144,18,0,8,1,70,,253109,18,0,8,1,30,,253125,18,0,8,2,70,,253145,18,0,8,1,30,,253110,18,0,8,1,67,,253126,18,0,8,2
12403,'H50U000I-82-I',653,,253158,18,0,8,1,72,,253170,18,0,8,2,32,,253146,18,0,8,1,69,,253159,18,0,8,1,29,,253171,18,0,8,2,70,,253147,18,0,8,1,29,,253160,18,0,8,1,70,,253172,18,0,8,2,30,,253148,18,0,8,1,71,,253161,18,0,8,1,30,,253173,18,0,8,2,70,,253149,18,0,8,1,30,,253162,18,0,8,1,70,,253174,18,0,8,2,30,,253150,18,0,8,1,70,,253163,18,0,8,1,30,,253175,18,0,8,2,71,,253151,18,0,8,1,30,,253164,18,0,8,1,69,,253176,18,0,8,2,30,,253152,18,0,8,1,70,,253165,18,0,8,1,30,,253177,18,0,8,2,69,,253153,18,0,8,1,29,,253166,18,0,8,1,70,,253178,18,0,8,2,30,,253154,18,0,8,1,69,,253167,18,0,8,1,29,,253179,18,0,8,2,68,,253155,18,0,8,1,29,,253168,18,0,8,1,69,,253180,18,0,8,2,29,,253156,18,0,8,1,68,,253169,18,0,8,1,29,,253181,18,0,8,2,70,,253157,18,0,8,1
12403,'H50U000S-83-S',547,,253188,18,0,8,2,70,,253192,18,0,8,1,29,,253205,18,0,8,2,69,,253189,18,0,8,2,32,,253193,18,0,8,1,71,,253199,18,0,8,2,29,,253182,18,0,8,1,70,,253184,18,0,8,1,28,,253190,18,0,8,2,71,,253200,18,0,8,2,31,,253185,18,0,8,1,70,,253206,18,0,8,2,30,,253201,18,0,8,2,71,,253186,18,0,8,1,30,,253207,18,0,8,2,71,,253202,18,0,8,2,31,,253187,18,0,8,1,72,,253208,18,0,8,2,31,,253203,18,0,8,2,70,,253214,18,0,8,1,28,,253191,18,0,8,1,68,,253209,18,0,8,2,31,,253204,18,0,8,2,69,,253219,18,0,8,1,31,,253194,18,0,8,1,72,,253210,18,0,8,2,32,,253215,18,0,8,1,70,,253195,18,0,8,1,29,,253211,18,0,8,2,70,,253216,18,0,8,1,29,,253196,18,0,8,1,68,,253212,18,0,8,2,29,,253217,18,0,8,1,69,,253197,18,0,8,1,29,,253213,18,0,8,2,69,,253218,18,0,8,1,28,,253198,18,0,8,1,67,,253183,18,0,8,2
12403,'H50U100F-80-F1',653,,253232,18,0,8,1,72,,253244,18,0,8,2,32,,253220,18,0,8,1,69,,253233,18,0,8,1,29,,253245,18,0,8,2,70,,253221,18,0,8,1,29,,253234,18,0,8,1,70,,253246,18,0,8,2,30,,253222,18,0,8,1,71,,253235,18,0,8,1,30,,253247,18,0,8,2,70,,253223,18,0,8,1,30,,253236,18,0,8,1,70,,253248,18,0,8,2,30,,253224,18,0,8,1,70,,253237,18,0,8,1,30,,253249,18,0,8,2,71,,253225,18,0,8,1,30,,253238,18,0,8,1,69,,253250,18,0,8,2,30,,253226,18,0,8,1,70,,253239,18,0,8,1,30,,253251,18,0,8,2,69,,253227,18,0,8,1,29,,253240,18,0,8,1,70,,253252,18,0,8,2,30,,253228,18,0,8,1,69,,253241,18,0,8,1,29,,253253,18,0,8,2,68,,253229,18,0,8,1,29,,253242,18,0,8,1,69,,253254,18,0,8,2,29,,253230,18,0,8,1,68,,253243,18,0,8,1,29,,253255,18,0,8,2,70,,253231,18,0,8,1
12403,'H50U200F-80-F2',653,,253268,18,0,8,1,72,,253280,18,0,8,2,32,,253256,18,0,8,1,69,,253269,18,0,8,1,29,,253281,18,0,8,2,70,,253257,18,0,8,1,29,,253270,18,0,8,1,70,,253282,18,0,8,2,30,,253258,18,0,8,1,71,,253271,18,0,8,1,30,,253283,18,0,8,2,70,,253259,18,0,8,1,30,,253272,18,0,8,1,70,,253284,18,0,8,2,30,,253260,18,0,8,1,70,,253273,18,0,8,1,30,,253285,18,0,8,2,71,,253261,18,0,8,1,30,,253274,18,0,8,1,69,,253286,18,0,8,2,30,,253262,18,0,8,1,70,,253275,18,0,8,1,30,,253287,18,0,8,2,69,,253263,18,0,8,1,29,,253276,18,0,8,1,70,,253288,18,0,8,2,30,,253264,18,0,8,1,69,,253277,18,0,8,1,29,,253289,18,0,8,2,68,,253265,18,0,8,1,29,,253278,18,0,8,1,69,,253290,18,0,8,2,29,,253266,18,0,8,1,68,,253279,18,0,8,1,29,,253291,18,0,8,2,70,,253267,18,0,8,1
36802,'H57U000A-80-A',2630,,277589,51,0,10,1,21,,277588,51,0,10,1,59,,277586,51,0,10,2,30,,277584,51,0,10,1,70,,277590,51,0,10,2,34,,277587,51,0,10,2,83,,277585,51,0,10,1
36802,'H57U000I-80-I',2624,,277592,51,0,10,1,86,,277594,51,0,10,1,45,,277591,51,0,10,1,87,,277593,51,0,10,1,87,,277595,51,0,10,1
36802,'H57U000S-81-S',2626,,277596,51,0,10,1,81,,277597,51,0,10,1,93,,277599,51,0,10,1,54,,277598,51,0,10,1,78,,277600,51,0,10,1
36802,'H57U100F-80-F1',2624,,277602,51,0,10,1,86,,277604,51,0,10,1,45,,277601,51,0,10,1,87,,277603,51,0,10,1,87,,277605,51,0,10,1
36802,'H57U200F-80-F2',2624,,277607,51,0,10,1,86,,277609,51,0,10,1,45,,277606,51,0,10,1,87,,277608,51,0,10,1,87,,277610,51,0,10,1
