1304,'H51M000A-80-A',620,,178441,1,0,9,1,33,,178459,1,0,9,1,69,,178442,1,0,9,1,29,,178460,1,0,9,1,69,,178443,1,0,9,1,30,,178461,1,0,9,1,70,,178444,1,0,9,1,30,,178424,1,0,9,2,70,,178445,1,0,9,1,30,,178425,1,0,9,2,70,,178446,1,0,9,1,28,,178426,1,0,9,2,70,,178447,1,0,9,1,30,,178427,1,0,9,2,70,,178448,1,0,9,1,30,,178428,1,0,9,2,70,,178449,1,0,9,1,30,,178429,1,0,9,2,70,,178450,1,0,9,1,30,,178430,1,0,9,2,71,,178451,1,0,9,1,31,,178431,1,0,9,2,72,,178452,1,0,9,1,33,,178432,1,0,9,2,70,,178453,1,0,9,1,30,,178433,1,0,9,2,69,,178454,1,0,9,1,29,,178434,1,0,9,2,69,,178455,1,0,9,1,29,,178435,1,0,9,2,69,,178456,1,0,9,1,30,,178436,1,0,9,2,70,,178457,1,0,9,1,30,,178437,1,0,9,2,70,,178458,1,0,9,1,30,,178438,1,0,9,2,70,,178440,1,0,9,1,30,,178439,1,0,9,2
1304,'H51M000I-80-I',720,,178462,1,0,9,1,30,,178480,1,0,9,2,70,,178463,1,0,9,1,29,,178481,1,0,9,2,69,,178464,1,0,9,1,29,,178482,1,0,9,2,69,,178465,1,0,9,1,29,,178483,1,0,9,2,69,,178466,1,0,9,1,30,,178484,1,0,9,2,70,,178467,1,0,9,1,30,,178485,1,0,9,2,71,,178468,1,0,9,1,30,,178486,1,0,9,2,72,,178469,1,0,9,1,30,,178487,1,0,9,2,72,,178470,1,0,9,1,30,,178488,1,0,9,2,72,,178471,1,0,9,1,32,,178489,1,0,9,2,72,,178472,1,0,9,1,31,,178490,1,0,9,2,72,,178473,1,0,9,1,30,,178491,1,0,9,2,69,,178474,1,0,9,1,30,,178492,1,0,9,2,69,,178475,1,0,9,1,29,,178493,1,0,9,2,69,,178476,1,0,9,1,29,,178494,1,0,9,2,69,,178477,1,0,9,1,29,,178495,1,0,9,2,69,,178478,1,0,9,1,30,,178496,1,0,9,2,70,,178479,1,0,9,1,30,,178497,1,0,9,2
1304,'H51M000S-80-S',2005,,178531,1,0,9,1,30,,178524,1,0,9,1,70,,178532,1,0,9,1,30,,178525,1,0,9,1,70,,178533,1,0,9,1,30,,178526,1,0,9,1,70,,178534,1,0,9,1,30,,178529,1,0,9,2,70,,178509,1,0,9,1
5604,'H50M000S-81-S',1638,,187644,1,0,9,2
5604,'H57M000S-80-S',1507,,187645,1,0,9,1,231,,187646,1,0,9,1
5604,'H58M000A-80-A',507,,187653,1,0,9,1,32,,187648,1,0,9,1,70,,187654,1,0,9,1,30,,187661,1,0,9,2,71,,187655,1,0,9,1,31,,187647,1,0,9,1,71,,187656,1,0,9,1,29,,187649,1,0,9,1,69,,187657,1,0,9,1,30,,187650,1,0,9,1,70,,187658,1,0,9,1,30,,187651,1,0,9,1,70,,187659,1,0,9,1,31,,187652,1,0,9,1,70,,187666,1,0,9,1,30,,187662,1,0,9,2,69,,187676,1,0,9,1,30,,187667,1,0,9,2,70,,187664,1,0,9,2,30,,187660,1,0,9,1,70,,187668,1,0,9,2,30,,187665,1,0,9,2,70,,187663,1,0,9,2,30,,187678,1,0,9,1,70,,187669,1,0,9,1,30,,187677,1,0,9,1,70,,187679,1,0,9,2,30,,187670,1,0,9,1,70,,187680,1,0,9,2,30,,187671,1,0,9,1,70,,187681,1,0,9,2,30,,187672,1,0,9,1,70,,187682,1,0,9,2,30,,187673,1,0,9,1,70,,187683,1,0,9,2,30,,187674,1,0,9,1,70,,187684,1,0,9,2,30,,187675,1,0,9,1,70,,187685,1,0,9,2
5604,'H58M000I-80-I',505,,187694,1,0,9,1,31,,187686,1,0,9,1,69,,187687,1,0,9,1,29,,187707,1,0,9,1,69,,187688,1,0,9,1,32,,187708,1,0,9,1,70,,187689,1,0,9,1,30,,187709,1,0,9,1,70,,187695,1,0,9,2,30,,187710,1,0,9,1,70,,187696,1,0,9,2,30,,187690,1,0,9,1,70,,187697,1,0,9,2,30,,187691,1,0,9,1,70,,187698,1,0,9,2,31,,187692,1,0,9,1,73,,187699,1,0,9,2,31,,187693,1,0,9,1,70,,187723,1,0,9,2,30,,187700,1,0,9,2,69,,187701,1,0,9,1,28,,187712,1,0,9,2,69,,187711,1,0,9,2,29,,187715,1,0,9,1,69,,187702,1,0,9,1,33,,187716,1,0,9,1,69,,187703,1,0,9,1,29,,187717,1,0,9,1,70,,187704,1,0,9,1,30,,187718,1,0,9,1,70,,187705,1,0,9,1,30,,187719,1,0,9,1,70,,187706,1,0,9,1,30,,187720,1,0,9,1,70,,187724,1,0,9,1,30,,187721,1,0,9,1,70,,187713,1,0,9,2,30,,187722,1,0,9,1,70,,187714,1,0,9,2
5604,'H58M000S-80-S',505,,187743,1,0,9,1,31,,187746,1,0,9,2,70,,187749,1,0,9,1,29,,187747,1,0,9,2,70,,187750,1,0,9,1,14,,187726,1,0,9,2,16,,187748,1,0,9,2,4,,187725,1,0,9,2,11,,187733,1,0,9,2,57,,187751,1,0,9,1,30,,187735,1,0,9,1,71,,187736,1,0,9,2,30,,187752,1,0,9,1,14,,187734,1,0,9,2,58,,187755,1,0,9,1,28,,187737,1,0,9,2,70,,187753,1,0,9,1,30,,187756,1,0,9,1,15,,187732,1,0,9,1,56,,187738,1,0,9,2,30,,187754,1,0,9,1,70,,187757,1,0,9,1,30,,187739,1,0,9,2,69,,187744,1,0,9,1,29,,187731,1,0,9,1,100,,187745,1,0,9,1,71,,187765,1,0,9,1,100,,187764,1,0,9,1,98,,187758,1,0,9,2,29,,187740,1,0,9,1,70,,187759,1,0,9,2,30,,187742,1,0,9,1,65,,187741,1,0,9,2,30,,187727,1,0,9,1,70,,187760,1,0,9,2,30,,187728,1,0,9,1,70,,187761,1,0,9,2,30,,187729,1,0,9,1,70,,187762,1,0,9,2,30,,187730,1,0,9,1,70,,187763,1,0,9,2
7902,'H58M000A-80-A',500,,191262,1,0,10,1,33,,191263,1,0,10,1,25,,191272,1,0,10,1,65,,191266,1,0,10,1,27,,191268,1,0,10,1,60,,191264,1,0,10,1,25,,191279,1,0,10,1,65,,191273,1,0,10,1,30,,191284,1,0,10,1,70,,191269,1,0,10,1,30,,191280,1,0,10,1,70,,191274,1,0,10,1,30,,191285,1,0,10,1,70,,191270,1,0,10,1,30,,191281,1,0,10,1,70,,191275,1,0,10,1,30,,191286,1,0,10,1,70,,191271,1,0,10,1,30,,191295,1,0,10,1,70,,191276,1,0,10,1,32,,191287,1,0,10,1,73,,191299,1,0,10,1,28,,191296,1,0,10,1,68,,191277,1,0,10,1,29,,191282,1,0,10,1,70,,191300,1,0,10,1,30,,191290,1,0,10,1,70,,191301,1,0,10,1,30,,191283,1,0,10,1,70,,191288,1,0,10,1,30,,191291,1,0,10,1,70,,191278,1,0,10,1,30,,191293,1,0,10,1,70,,191289,1,0,10,1,30,,191292,1,0,10,1,70,,191297,1,0,10,1,30,,191294,1,0,10,1,70,,191265,1,0,10,1,30,,191302,1,0,10,1,70,,191303,1,0,10,1,30,,191261,1,0,10,1,70,,191267,1,0,10,1,30,,191298,1,0,10,1
7902,'H58M000I-80-I',459,,191308,1,0,10,1,74,,191327,1,0,10,1,25,,191312,1,0,10,1,64,,191318,1,0,10,1,24,,191309,1,0,10,1,60,,191338,1,0,10,1,24,,191328,1,0,10,1,70,,191313,1,0,10,1,30,,191305,1,0,10,1,70,,191319,1,0,10,1,30,,191336,1,0,10,1,70,,191314,1,0,10,1,30,,191306,1,0,10,1,70,,191320,1,0,10,1,30,,191331,1,0,10,1,70,,191315,1,0,10,1,30,,191307,1,0,10,1,70,,191321,1,0,10,1,30,,191332,1,0,10,1,72,,191316,1,0,10,1,30,,191341,1,0,10,1,73,,191322,1,0,10,1,29,,191333,1,0,10,1,69,,191317,1,0,10,1,29,,191340,1,0,10,1,70,,191323,1,0,10,1,29,,191334,1,0,10,1,70,,191325,1,0,10,1,30,,191329,1,0,10,1,70,,191335,1,0,10,1,30,,191342,1,0,10,1,70,,191326,1,0,10,1,30,,191310,1,0,10,1,70,,191324,1,0,10,1,30,,191304,1,0,10,1,70,,191330,1,0,10,1,30,,191337,1,0,10,1,70,,191345,1,0,10,1,30,,191339,1,0,10,1,70,,191311,1,0,10,1,30,,191343,1,0,10,1,70,,191344,1,0,10,1
7902,'H58M000S-80-S',458,,191365,1,0,10,1,75,,191347,1,0,10,1,67,,191382,1,0,10,1,24,,191381,1,0,10,1,22,,191366,1,0,10,1,57,,191377,1,0,10,1,13,,191391,1,0,10,1,15,,191383,1,0,10,1,14,,191349,1,0,10,1,55,,191359,1,0,10,1,15,,191367,1,0,10,1,15,,191350,1,0,10,1,70,,191378,1,0,10,1,30,,191384,1,0,10,1,70,,191360,1,0,10,1,30,,191351,1,0,10,1,70,,191379,1,0,10,1,30,,191385,1,0,10,1,70,,191361,1,0,10,1,30,,191352,1,0,10,1,70,,191380,1,0,10,1,30,,191386,1,0,10,1,70,,191346,1,0,10,1,31,,191388,1,0,10,1,71,,191373,1,0,10,1,18,,191387,1,0,10,1,20,,191355,1,0,10,1,60,,191389,1,0,10,1,30,,191368,1,0,10,1,70,,191353,1,0,10,1,30,,191362,1,0,10,1,70,,191390,1,0,10,1,30,,191369,1,0,10,1,70,,191354,1,0,10,1,30,,191348,1,0,10,1,25,,191374,1,0,10,1,70,,191370,1,0,10,1,30,,191356,1,0,10,1,70,,191363,1,0,10,1,30,,191375,1,0,10,1,70,,191371,1,0,10,1,30,,191357,1,0,10,1,70,,191364,1,0,10,1,30,,191376,1,0,10,1,70,,191372,1,0,10,1,30,,191358,1,0,10,1
36303,'H51M000A-80-A',2521,,214603,50,4,,1,25,,214609,50,4,,1,61,,214606,50,4,,1,17,,214617,50,4,,1,9,,214602,50,4,,1,9,,214605,50,4,,1,9,,214613,50,4,,2,49,,214610,50,4,,2,10,,214611,50,4,,1,10,,214604,50,4,,1,9,,214608,50,4,,1,9,,214607,50,4,,1,9,,214619,50,4,,2,8,,214615,50,4,,1,50,,214618,50,4,,1,12,,214614,50,4,,2,20,,214612,50,4,,1,64,,214620,50,4,,1,27,,214616,50,4,,1
36303,'H51M000I-80-I',2450,,214622,50,4,,1,87,,214621,50,4,,2,85,,214623,50,4,,1,84,,214626,50,4,,2,45,,214624,50,4,,1,85,,214627,50,4,,2,85,,214625,50,4,,1
36303,'H51M000S-80-S',2452,,214631,50,4,,1,87,,214630,50,4,,1,85,,214632,50,4,,1,83,,214628,50,4,,1,44,,214633,50,4,,1,83,,214629,50,4,,1,86,,214634,50,4,,1
36303,'H51M000S-80-SV',2637,,214635,50,4,,2,15,,214636,50,4,,2,69,,214637,50,4,,2,14,,214638,50,4,,2
36304,'H51M000A-80-A',2549,,214639,1,0,9,1,84,,214642,1,0,9,1,84,,214640,1,0,9,2,84,,214641,1,0,9,1,45,,214643,1,0,9,2
36304,'H51M000I-80-I',2500,,214645,1,0,9,1,50,,214644,1,0,9,2,85,,214646,1,0,9,1,86,,214648,1,0,9,2,79,,214647,1,0,9,1,45,,214649,1,0,9,2
36304,'H51M000S-80-S',2507,,214652,1,0,9,1,45,,214651,1,0,9,1,86,,214653,1,0,9,1,83,,214650,1,0,9,1,84,,214654,1,0,9,1,40,,214655,1,0,9,1
