4901,'H51M000S-80-S',1931,,185553,33,0,5,2
4901,'H54M000S-81-S',1738,,185554,33,0,5,2
4901,'H57M000S-80-S',1627,,185558,33,0,5,2,23,,185555,33,0,5,2,85,,185557,33,0,5,2,19,,185556,33,0,5,1,65,,185559,33,0,5,2
4901,'H58M000A-80-A',617,,185560,33,0,5,1,28,,185571,33,0,5,1,69,,185566,33,0,5,1,29,,185583,33,0,5,2,68,,185577,33,0,5,2,30,,185569,33,0,5,1,70,,185592,33,0,5,1,32,,185593,33,0,5,1,72,,185561,33,0,5,1,31,,185585,33,0,5,1,70,,185595,33,0,5,2,30,,185599,33,0,5,1,69,,185602,33,0,5,2,22,,185562,33,0,5,1,22,,185572,33,0,5,1,65,,185603,33,0,5,2,24,,185596,33,0,5,2,64,,185600,33,0,5,1,22,,185582,33,0,5,2,21,,185563,33,0,5,1,60,,185611,33,0,5,2,20,,185567,33,0,5,1,20,,185604,33,0,5,2,58,,185597,33,0,5,2,17,,185601,33,0,5,1,9,,185573,33,0,5,1,10,,185615,33,0,5,2,51,,185590,33,0,5,1,10,,185608,33,0,5,2,11,,185564,33,0,5,1,12,,185612,33,0,5,2,11,,185578,33,0,5,1,9,,185568,33,0,5,1,49,,185605,33,0,5,1,9,,185570,33,0,5,1,9,,185594,33,0,5,2,8,,185584,33,0,5,1,9,,185598,33,0,5,2,8,,185621,33,0,5,2,8,,185574,33,0,5,1,50,,185586,33,0,5,1,10,,185591,33,0,5,1,10,,185618,33,0,5,1,12,,185565,33,0,5,1,14,,185613,33,0,5,1,54,,185579,33,0,5,1,15,,185606,33,0,5,1,16,,185620,33,0,5,2,19,,185587,33,0,5,1,59,,185575,33,0,5,1,20,,185619,33,0,5,1,20,,185622,33,0,5,1,60,,185614,33,0,5,1,23,,185607,33,0,5,1,16,,185580,33,0,5,1,56,,185588,33,0,5,1,22,,185576,33,0,5,1,17,,185609,33,0,5,1,57,,185623,33,0,5,1,21,,185616,33,0,5,1,23,,185581,33,0,5,1,68,,185589,33,0,5,1,27,,185610,33,0,5,1,71,,185617,33,0,5,1
4901,'H58M000I-80-I',612,,185624,33,0,5,1,31,,185632,33,0,5,1,68,,185636,33,0,5,1,28,,185641,33,0,5,1,68,,185625,33,0,5,1,34,,185633,33,0,5,1,71,,185651,33,0,5,1,29,,185642,33,0,5,1,70,,185653,33,0,5,2,30,,185658,33,0,5,2,71,,185646,33,0,5,1,31,,185661,33,0,5,2,72,,185654,33,0,5,1,30,,185664,33,0,5,1,70,,185659,33,0,5,2,30,,185644,33,0,5,1,70,,185662,33,0,5,2,26,,185655,33,0,5,1,64,,185671,33,0,5,2,21,,185672,33,0,5,2,18,,185660,33,0,5,2,15,,185634,33,0,5,1,56,,185645,33,0,5,1,14,,185675,33,0,5,2,14,,185663,33,0,5,2,14,,185665,33,0,5,1,52,,185676,33,0,5,2,13,,185667,33,0,5,2,12,,185626,33,0,5,1,12,,185673,33,0,5,2,12,,185629,33,0,5,1,55,,185674,33,0,5,2,14,,185635,33,0,5,1,16,,185652,33,0,5,1,14,,185656,33,0,5,1,55,,185666,33,0,5,1,13,,185637,33,0,5,1,20,,185668,33,0,5,2,60,,185630,33,0,5,1,19,,185647,33,0,5,1,19,,185649,33,0,5,2,60,,185657,33,0,5,1,22,,185643,33,0,5,1,22,,185670,33,0,5,1,62,,185669,33,0,5,2,19,,185648,33,0,5,1,19,,185631,33,0,5,1,53,,185650,33,0,5,2,25,,185638,33,0,5,1,25,,185627,33,0,5,1,70,,185639,33,0,5,1,29,,185677,33,0,5,2,68,,185640,33,0,5,1,24,,185628,33,0,5,1
4901,'H58M000S-80-S',607,,185725,33,0,5,2,17,,185692,33,0,5,2,22,,185685,33,0,5,1,66,,185693,33,0,5,2,22,,185699,33,0,5,2,9,,185753,33,0,5,2,9,,185694,33,0,5,1,63,,185702,33,0,5,2,20,,185726,33,0,5,2,18,,185729,33,0,5,1,67,,185706,33,0,5,2,25,,185687,33,0,5,1,70,,185695,33,0,5,1,26,,185712,33,0,5,2,68,,185730,33,0,5,1,30,,185707,33,0,5,2,66,,185688,33,0,5,1,26,,185703,33,0,5,1,16,,185696,33,0,5,2,56,,185700,33,0,5,2,16,,185713,33,0,5,2,16,,185731,33,0,5,1,16,,185680,33,0,5,1,56,,185708,33,0,5,2,16,,185710,33,0,5,1,16,,185727,33,0,5,1,16,,185704,33,0,5,1,54,,185697,33,0,5,2,17,,185748,33,0,5,1,10,,185701,33,0,5,2,11,,185714,33,0,5,2,8,,185718,33,0,5,2,48,,185739,33,0,5,2,9,,185732,33,0,5,2,7,,185723,33,0,5,1,16,,185761,33,0,5,2,8,,185709,33,0,5,2,14,,185711,33,0,5,1,47,,185760,33,0,5,2,6,,185716,33,0,5,2,3,,185728,33,0,5,1,5,,185717,33,0,5,2,4,,185734,33,0,5,2,4,,185705,33,0,5,1,4,,185686,33,0,5,1,13,,185740,33,0,5,2,5,,185750,33,0,5,1,52,,185749,33,0,5,1,7,,185724,33,0,5,1,6,,185737,33,0,5,2,11,,185715,33,0,5,2,6,,185690,33,0,5,1,6,,185719,33,0,5,2,7,,185733,33,0,5,2,7,,185722,33,0,5,2,6,,185744,33,0,5,2,47,,185762,33,0,5,2,9,,185757,33,0,5,2,7,,185758,33,0,5,1,24,,185735,33,0,5,2,12,,185755,33,0,5,2,52,,185751,33,0,5,1,13,,185752,33,0,5,1,13,,185691,33,0,5,2,12,,185720,33,0,5,2,13,,185756,33,0,5,2,53,,185738,33,0,5,1,13,,185689,33,0,5,1,14,,185759,33,0,5,1,14,,185678,33,0,5,1,56,,185736,33,0,5,2,15,,185684,33,0,5,1,17,,185745,33,0,5,1,19,,185721,33,0,5,2,61,,185682,33,0,5,2,24,,185742,33,0,5,1,68,,185679,33,0,5,1,28,,185698,33,0,5,1,60,,185746,33,0,5,1,19,,185683,33,0,5,2,20,,185743,33,0,5,1,14,,185747,33,0,5,1
35301,'H54M000A-80-A',2708,,214161,80,0,5,1,49,,214164,80,0,5,1,86,,214163,80,0,5,1,81,,214162,80,0,5,1
35301,'H54M000I-81-I',2624,,214169,80,0,5,1,88,,214165,80,0,5,2,45,,214167,80,0,5,1,85,,214166,80,0,5,1,81,,214168,80,0,5,1
35301,'H54M000S-81-S',2623,,214170,80,0,5,1,87,,214174,80,0,5,1,46,,214171,80,0,5,1,85,,214173,80,0,5,2,80,,214172,80,0,5,1
44801,'H54M000S-81-S',1524,,216250,12,0,22 47,1,30,,216256,12,0,22 47,2,70,,216253,12,0,22 47,1,26,,216251,12,0,22 47,1,66,,216247,12,0,22 47,1,19,,216249,12,0,22 47,2,20,,216254,12,0,22 47,1,59,,216240,12,0,22 47,1,16,,216252,12,0,22 47,2,16,,216248,12,0,22 47,1,66,,216255,12,0,22 47,1,27,,216257,12,0,22 47,2
