1703,'H60U000A-85-A',512,,222098,26,0,8,1,46,,222110,26,0,8,1,75,,222099,26,0,8,1,84,,222111,26,0,8,1,37,,222100,26,0,8,1,85,,222112,26,0,8,1,87,,222101,26,0,8,1,85,,222113,26,0,8,1,39,,222119,26,0,8,1,85,,222102,26,0,8,1,84,,222114,26,0,8,1,83,,222120,26,0,8,1,41,,222103,26,0,8,1,82,,222115,26,0,8,1,81,,222121,26,0,8,1,41,,222104,26,0,8,1,80,,222116,26,0,8,1,80,,222122,26,0,8,1,39,,222105,26,0,8,1,76,,222117,26,0,8,1,78,,222123,26,0,8,1,38,,222106,26,0,8,1,75,,222118,26,0,8,1,33,,222124,26,0,8,1,85,,222107,26,0,8,1,81,,222125,26,0,8,1,43,,222108,26,0,8,1,81,,222126,26,0,8,1,82,,222109,26,0,8,1,41,,222127,26,0,8,1
1703,'H60U000I-84-I',518,,222157,26,0,8,1,30,,222136,26,0,8,1,74,,222128,26,0,8,1,84,,222137,26,0,8,1,35,,222129,26,0,8,1,84,,222138,26,0,8,1,80,,222130,26,0,8,1,45,,222139,26,0,8,1,83,,222131,26,0,8,1,85,,222140,26,0,8,1,85,,222132,26,0,8,1,36,,222149,26,0,8,1,80,,222141,26,0,8,1,40,,222133,26,0,8,1,80,,222150,26,0,8,1,80,,222142,26,0,8,1,40,,222134,26,0,8,1,81,,222151,26,0,8,1,82,,222143,26,0,8,1,82,,222135,26,0,8,1,38,,222152,26,0,8,1,84,,222144,26,0,8,1,83,,222153,26,0,8,1,44,,222145,26,0,8,1,81,,222154,26,0,8,1,83,,222146,26,0,8,1,42,,222155,26,0,8,1,82,,222147,26,0,8,1,80,,222156,26,0,8,1,82,,222148,26,0,8,1
1703,'H60U000S-86-S',513,,222158,26,0,8,1,16,,222196,9,0,8,1,5,,222192,26,0,8,1,10,,222193,26,0,8,1,72,,222168,26,0,8,1,34,,222159,26,0,8,1,79,,222194,26,0,8,1,75,,222169,26,0,8,1,33,,222179,26,0,8,1,73,,222160,26,0,8,1,33,,222195,26,0,8,1,70,,222170,26,0,8,1,35,,222180,26,0,8,1,75,,222161,26,0,8,1,35,,222171,26,0,8,1,78,,222181,26,0,8,1,77,,222162,26,0,8,1,37,,222172,26,0,8,1,78,,222185,26,0,8,1,72,,222182,26,0,8,1,29,,222163,26,0,8,1,72,,222173,26,0,8,1,33,,222186,26,0,8,1,72,,222183,26,0,8,1,29,,222164,26,0,8,1,69,,222174,26,0,8,1,32,,222187,26,0,8,1,67,,222184,26,0,8,1,24,,222165,26,0,8,1,29,,222175,26,0,8,1,71,,222188,26,0,8,1,30,,222166,26,0,8,1,71,,222176,26,0,8,1,30,,222189,26,0,8,1,70,,222167,26,0,8,1,72,,222177,26,0,8,1,37,,222190,26,0,8,1,84,,222178,26,0,8,1,36,,222191,26,0,8,1
1703,'H60U100F-85-F1',518,,222226,26,0,8,1,30,,222205,26,0,8,1,74,,222197,26,0,8,1,84,,222206,26,0,8,1,35,,222198,26,0,8,1,84,,222207,26,0,8,1,80,,222199,26,0,8,1,45,,222208,26,0,8,1,83,,222200,26,0,8,1,85,,222209,26,0,8,1,85,,222201,26,0,8,1,36,,222218,26,0,8,1,80,,222210,26,0,8,1,40,,222202,26,0,8,1,80,,222219,26,0,8,1,80,,222211,26,0,8,1,40,,222203,26,0,8,1,81,,222220,26,0,8,1,82,,222212,26,0,8,1,82,,222204,26,0,8,1,38,,222222,26,0,8,1,84,,222213,26,0,8,1,83,,222221,26,0,8,1,44,,222216,26,0,8,1,81,,222223,26,0,8,1,83,,222214,26,0,8,1,42,,222224,26,0,8,1,82,,222215,26,0,8,1,80,,222225,26,0,8,1,82,,222217,26,0,8,1
1703,'H60U200F-83-F2',518,,222256,26,0,8,1,30,,222235,26,0,8,1,74,,222227,26,0,8,1,84,,222236,26,0,8,1,35,,222228,26,0,8,1,84,,222237,26,0,8,1,80,,222229,26,0,8,1,45,,222238,26,0,8,1,83,,222230,26,0,8,1,85,,222239,26,0,8,1,85,,222231,26,0,8,1,36,,222248,26,0,8,1,80,,222240,26,0,8,1,40,,222232,26,0,8,1,80,,222249,26,0,8,1,80,,222241,26,0,8,1,40,,222233,26,0,8,1,81,,222250,26,0,8,1,82,,222242,26,0,8,1,82,,222234,26,0,8,1,38,,222252,26,0,8,1,84,,222243,26,0,8,1,83,,222251,26,0,8,1,44,,222246,26,0,8,1,81,,222253,26,0,8,1,83,,222244,26,0,8,1,42,,222254,26,0,8,1,82,,222245,26,0,8,1,80,,222255,26,0,8,1,82,,222247,26,0,8,1
12004,'H50U000S-83-S',1512,,252117,18,4,,1,23,,252112,18,4,,1,20,,252118,18,4,,1,56,,252114,18,4,,1,16,,252113,18,4,,1,16,,252119,18,4,,1,16,,252115,18,4,,1,56,,252116,18,4,,1
37103,'H50U000A-82-A',2556,,277743,32,0,8,2,71,,277740,32,0,8,1,27,,277741,32,0,8,1,71,,277745,32,0,8,1,30,,277744,32,0,8,2,70,,277739,32,0,8,1,29,,277742,32,0,8,1
37103,'H50U000I-82-I',2555,,277749,32,0,8,1,69,,277747,32,0,8,2,31,,277746,32,0,8,1,70,,277751,32,0,8,1,30,,277750,32,0,8,1,71,,277748,32,0,8,2,31,,277752,32,0,8,2
37103,'H50U000S-83-S',2555,,277757,32,0,8,2,70,,277755,32,0,8,1,30,,277758,32,0,8,1,68,,277754,32,0,8,1,31,,277753,32,0,8,1,72,,277756,32,0,8,1,30,,277759,32,0,8,1
37103,'H50U100F-80-F1',2555,,277763,32,0,8,1,69,,277761,32,0,8,2,31,,277760,32,0,8,1,70,,277765,32,0,8,1,30,,277764,32,0,8,1,71,,277762,32,0,8,2,31,,277766,32,0,8,2
37103,'H50U200F-80-F2',2555,,277770,32,0,8,1,69,,277768,32,0,8,2,31,,277767,32,0,8,1,70,,277772,32,0,8,1,30,,277771,32,0,8,1,71,,277769,32,0,8,2,31,,277773,32,0,8,2
37201,'H54U000A-80-A',2515,,277812,1,0,5,1,85,,277814,1,0,5,1,44,,277809,1,0,5,1,90,,277810,1,0,5,1,85,,277811,1,0,5,1,84,,277813,1,0,6 7,1
37201,'H54U000I-80-I',2517,,277819,1,0,5,2,87,,277818,1,0,5,1,46,,277820,1,0,5,1,86,,277817,1,0,5,1,85,,277816,1,0,5,1,85,,277815,1,0,6 7,2
37201,'H54U000S-81-S',2517,,277821,1,0,5,1,35,,277827,1,0,5,2,78,,277825,1,0,5,1,80,,277822,1,0,5,2,40,,277826,1,0,5,1,81,,277823,1,0,5,1,85,,277824,1,0,6 7,1
37201,'H54U100F-80-F1',2517,,277832,1,0,5,2,87,,277831,1,0,5,1,46,,277833,1,0,5,1,86,,277830,1,0,5,1,85,,277829,1,0,5,1,85,,277828,1,0,6 7,2
37201,'H54U200F-82-F2',2517,,277835,1,0,5,1,87,,277834,1,0,5,1,46,,277839,1,0,5,1,86,,277838,1,0,5,1,85,,277837,1,0,5,1,85,,277836,1,0,6 7,1
