19702,'H51U000A-83-A',535,,269657,8,0,10,2,70,,269664,8,0,10,1,31,,269658,8,0,10,2,70,,269672,8,0,10,1,29,,269665,8,0,10,1,68,,269659,8,0,10,2,28,,269673,8,0,10,1,28,,269666,8,0,10,1,68,,269660,8,0,10,2,28,,269674,8,0,10,1,68,,269667,8,0,10,1,28,,269661,8,0,10,2,68,,269675,8,0,10,1,20,,269684,8,0,10,2,20,,269668,8,0,10,1,62,,269662,8,0,10,2,19,,269685,8,0,10,2,19,,269676,8,0,10,1,59,,269686,8,0,10,2,22,,269669,8,0,10,1,62,,269663,8,0,10,2,22,,269677,8,0,10,1,20,,269688,8,0,10,2,60,,269687,8,0,10,2,20,,269670,8,0,10,1,20,,269690,8,0,10,1,62,,269678,8,0,10,1,22,,269689,8,0,10,2,22,,269671,8,0,10,1,62,,269691,8,0,10,1,26,,269679,8,0,10,1,67,,269652,8,0,10,1,27,,269692,8,0,10,1,27,,269680,8,0,10,1,67,,269653,8,0,10,1,27,,269693,8,0,10,1,67,,269681,8,0,10,1,27,,269654,8,0,10,1,67,,269694,8,0,10,1,27,,269682,8,0,10,1,68,,269655,8,0,10,1,28,,269695,8,0,10,1,69,,269683,8,0,10,1,33,,269656,8,0,10,1,69,,269696,8,0,10,2,36,,269651,8,0,10,1,76,,269650,8,0,10,1
19702,'H51U000I-83-I',534,,269710,8,0,10,1,71,,269697,8,0,10,2,32,,269711,8,0,10,1,72,,269698,8,0,10,2,32,,269712,8,0,10,1,72,,269699,8,0,10,2,33,,269713,8,0,10,1,72,,269730,8,0,10,2,22,,269734,8,0,10,1,62,,269700,8,0,10,2,27,,269714,8,0,10,1,28,,269731,8,0,10,2,67,,269701,8,0,10,2,27,,269715,8,0,10,1,67,,269732,8,0,10,2,25,,269735,8,0,10,2,65,,269702,8,0,10,2,25,,269716,8,0,10,1,68,,269733,8,0,10,2,28,,269703,8,0,10,2,28,,269717,8,0,10,1,68,,269724,8,0,10,1,27,,269704,8,0,10,2,68,,269718,8,0,10,1,28,,269725,8,0,10,1,69,,269705,8,0,10,2,29,,269719,8,0,10,1,69,,269726,8,0,10,1,29,,269706,8,0,10,2,68,,269720,8,0,10,1,29,,269727,8,0,10,1,69,,269707,8,0,10,2,29,,269721,8,0,10,1,69,,269728,8,0,10,1,32,,269708,8,0,10,2,72,,269722,8,0,10,1,33,,269736,8,0,10,2,73,,269723,8,0,10,1,32,,269737,8,0,10,2,71,,269709,8,0,10,1,30,,269729,8,0,10,1
19702,'H51U000S-83-S',502,,269738,8,0,10,1,23,,269744,8,0,10,2,18,,269743,8,0,10,2,16,,269751,8,0,10,1,54,,269739,8,0,10,1,10,,269753,8,0,10,1,10,,269754,8,0,10,2,11,,269745,8,0,10,2,12,,269758,8,0,10,1,52,,269759,8,0,10,2,12,,269752,8,0,10,1,12,,269762,8,0,10,2,11,,269764,8,0,10,2,12,,269740,8,0,10,1,51,,269766,8,0,10,2,11,,269742,8,0,10,2,12,,269746,8,0,10,2,12,,269761,8,0,10,1,12,,269760,8,0,10,2,52,,269755,8,0,10,2,12,,269763,8,0,10,2,12,,269767,8,0,10,1,22,,269741,8,0,10,1,63,,269747,8,0,10,2,23,,269756,8,0,10,2,22,,269769,8,0,10,1,60,,269768,8,0,10,1,20,,269748,8,0,10,2,20,,269773,8,0,10,2,60,,269757,8,0,10,2,21,,269770,8,0,10,1,62,,269776,8,0,10,2,22,,269749,8,0,10,2,24,,269774,8,0,10,2,64,,269771,8,0,10,1,24,,269779,8,0,10,2,22,,269777,8,0,10,2,60,,269750,8,0,10,2,20,,269775,8,0,10,2,20,,269772,8,0,10,1,73,,269780,8,0,10,2,73,,269784,8,0,10,2,27,,269785,8,0,10,2,26,,269790,8,0,10,1,70,,269781,8,0,10,2,30,,269786,8,0,10,2,71,,269791,8,0,10,1,30,,269782,8,0,10,2,69,,269787,8,0,10,2,30,,269792,8,0,10,1,70,,269783,8,0,10,2,32,,269788,8,0,10,2,72,,269793,8,0,10,1,73,,269794,8,0,10,2,33,,269789,8,0,10,2,76,,269778,8,0,10,1,37,,269795,8,0,10,2
19702,'H51U100F-80-F1',534,,269815,8,0,10,1,71,,269803,8,0,10,2,32,,269816,8,0,10,1,72,,269804,8,0,10,2,32,,269817,8,0,10,1,72,,269805,8,0,10,2,33,,269818,8,0,10,1,72,,269797,8,0,10,2,22,,269796,8,0,10,1,62,,269806,8,0,10,2,27,,269819,8,0,10,1,28,,269798,8,0,10,2,67,,269807,8,0,10,2,27,,269820,8,0,10,1,67,,269799,8,0,10,2,25,,269802,8,0,10,2,65,,269808,8,0,10,2,25,,269821,8,0,10,1,68,,269800,8,0,10,2,28,,269809,8,0,10,2,28,,269822,8,0,10,1,68,,269829,8,0,10,1,27,,269810,8,0,10,2,68,,269823,8,0,10,1,28,,269830,8,0,10,1,69,,269811,8,0,10,2,29,,269824,8,0,10,1,69,,269831,8,0,10,1,29,,269812,8,0,10,2,68,,269825,8,0,10,1,29,,269832,8,0,10,1,69,,269813,8,0,10,2,29,,269826,8,0,10,1,69,,269833,8,0,10,1,32,,269814,8,0,10,2,72,,269827,8,0,10,1,33,,269835,8,0,10,2,73,,269828,8,0,10,1,32,,269836,8,0,10,2,71,,269801,8,0,10,1,30,,269834,8,0,10,1
19702,'H51U200F-80-F2',534,,269856,8,0,10,1,71,,269844,8,0,10,2,32,,269857,8,0,10,1,72,,269845,8,0,10,2,32,,269858,8,0,10,1,72,,269846,8,0,10,2,33,,269859,8,0,10,1,72,,269838,8,0,10,2,22,,269837,8,0,10,1,62,,269847,8,0,10,2,27,,269860,8,0,10,1,28,,269839,8,0,10,2,67,,269848,8,0,10,2,27,,269861,8,0,10,1,67,,269840,8,0,10,2,25,,269843,8,0,10,2,65,,269849,8,0,10,2,25,,269862,8,0,10,1,68,,269841,8,0,10,2,28,,269850,8,0,10,2,28,,269863,8,0,10,1,68,,269870,8,0,10,1,27,,269851,8,0,10,2,68,,269864,8,0,10,1,28,,269871,8,0,10,1,69,,269852,8,0,10,2,29,,269865,8,0,10,1,69,,269872,8,0,10,1,29,,269853,8,0,10,2,68,,269866,8,0,10,1,29,,269873,8,0,10,1,69,,269854,8,0,10,2,29,,269867,8,0,10,1,69,,269874,8,0,10,1,32,,269855,8,0,10,2,72,,269868,8,0,10,1,33,,269876,8,0,10,2,73,,269869,8,0,10,1,32,,269877,8,0,10,2,71,,269842,8,0,10,1,30,,269875,8,0,10,1
37002,'H51U000A-83-A',2557,,277710,15,0,10,1,82,,277711,15,0,10,1,85,,277713,15,0,10,1,84,,277712,15,0,10,1,45,,277714,15,0,10,2
37002,'H51U000I-83-I',2508,,277719,15,0,10,1,45,,277715,15,0,10,2,85,,277717,15,0,10,1,85,,277720,15,0,10,1,85,,277716,15,0,10,2,46,,277718,15,0,10,1
37002,'H51U000S-83-S',2508,,277723,15,0,10,2,45,,277721,15,0,10,1,85,,277725,15,0,10,1,85,,277724,15,0,10,2,85,,277722,15,0,10,1,47,,277726,15,0,10,1
37002,'H51U100F-80-F1',2508,,277729,15,0,10,1,45,,277727,15,0,10,2,85,,277731,15,0,10,1,85,,277730,15,0,10,1,85,,277728,15,0,10,2,46,,277732,15,0,10,1
37002,'H51U200F-80-F2',2508,,277735,15,0,10,1,45,,277733,15,0,10,2,85,,277737,15,0,10,1,85,,277736,15,0,10,1,85,,277734,15,0,10,2,46,,277738,15,0,10,1
