'25M-H60M000A-81-A',20001,63900,,'',1,6400,,'',2,2400,,'',1,2500,,'',1,6900,,'',2,2900,,'',1,6900,,'',1,2900,,'',1,6900,,'',1,2900,,'',1,6700,,'',1,2700,,'',1,6700,,'',1,2700,,'',1,6800,,'',1,2700,,'',1,2700,,'',1,6800,,'',1,2800,,'',1,6700,,'',1,2800,,'',1,6800,,'',1,2700,,'',1,6800,,'',1,2800,,'',1,6700,,'',1,2500,,'',1,2700,,'',1,6700,,'',1
'25M-H60M000A-81-A',20002,63100,4,'',1,2600,4,'',2,6600,4,'',1,2600,4,'',1,6800,4,'',2,2900,4,'',1,6900,4,'',1,3000,4,'',1,6900,4,'',1,2600,4,'',1,6800,4,'',1,2700,4,'',1,6800,4,'',1,2700,4,'',1,2800,4,'',1,6700,4,'',1,2700,4,'',1,6800,4,'',1,2800,4,'',1,6700,4,'',1,2800,4,'',1,6800,4,'',1,2700,4,'',1,6800,4,'',1,2800,4,'',1,6700,4,'',1,2400,4,'',1,2800,4,'',1,6500,4,'',1,2700,4,'',1
'25M-H60M000I-80-I',20001,73900,,'',1,7000,,'',2,3000,,'',1,7000,,'',1,3000,,'',2,7000,,'',1,3000,,'',1,7000,,'',2,3000,,'',1,7000,,'',1,3000,,'',2,7100,,'',1,3100,,'',1,7100,,'',2,3000,,'',1,6900,,'',1,3000,,'',2,7000,,'',1,3000,,'',1,7000,,'',2,3000,,'',1,7000,,'',1,3100,,'',2,7100,,'',1
'25M-H60M000I-80-I',20002,73300,4,'',1,7000,4,'',2,3100,4,'',1,7000,4,'',1,3000,4,'',2,7000,4,'',1,3000,4,'',1,7000,4,'',2,3000,4,'',1,7100,4,'',1,3000,4,'',2,7000,4,'',1,3200,4,'',1,7000,4,'',2,3000,4,'',1,7000,4,'',1,2900,4,'',2,7000,4,'',1,3000,4,'',1,7000,4,'',2,3100,4,'',1,7000,4,'',1,3100,4,'',2,6900,4,'',1,2900,4,'',1
'25M-H60M000S-80-S',20001,60400,,'',1,3100,,'',1,7200,,'',2,2400,,'',1,7000,,'',1,3200,,'',1,7200,,'',1,3200,,'',1,7200,,'',1,3200,,'',1,7300,,'',1,3200,,'',1,7200,,'',1,3200,,'',1,7100,,'',1,3100,,'',1,7000,,'',1,2900,,'',1,6800,,'',1,1300,,'',1,7600,,'',1,3600,,'',1,6200,,'',1,1900,,'',2,2200,,'',1,5800,,'',2,2500,,'',1,2500,,'',2,6400,,'',1
'25M-H60M000S-80-S',20002,62300,4,'',1,7900,4,'',2,2100,4,'',1,1300,4,'',2,1700,4,'',1,5600,4,'',2,1500,4,'',1,2600,4,'',2,5100,4,'',1,3000,4,'',1,7200,4,'',1,3200,4,'',1,7300,4,'',1,3300,4,'',1,7200,4,'',1,3000,4,'',1,7000,4,'',1,3000,4,'',1,7100,4,'',1,3000,4,'',1,7000,4,'',1,3500,4,'',1,7200,4,'',1,3000,4,'',1,6600,4,'',2,2600,4,'',1,7200,4,'',1,3100,4,'',2,6900,4,'',1,2800,4,'',1
'25M-H60M100F-80-F1',20001,73900,,'',1,7000,,'',1,3000,,'',1,7000,,'',1,3000,,'',1,7000,,'',1,3000,,'',1,7000,,'',1,3000,,'',1,7000,,'',1,3000,,'',1,7100,,'',1,3100,,'',1,7100,,'',1,3000,,'',1,6900,,'',1,3000,,'',1,7000,,'',1,3000,,'',1,7000,,'',1,3000,,'',1,7000,,'',1,3100,,'',1,7100,,'',1
'25M-H60M100F-80-F1',20002,73300,4,'',1,7000,4,'',1,3100,4,'',1,7000,4,'',1,3000,4,'',1,7000,4,'',1,3000,4,'',1,7000,4,'',1,3000,4,'',1,7100,4,'',1,3000,4,'',1,7000,4,'',1,3200,4,'',1,7000,4,'',1,3000,4,'',1,7000,4,'',1,2900,4,'',1,7000,4,'',1,3000,4,'',1,7000,4,'',1,3100,4,'',1,7000,4,'',1,3100,4,'',1,6900,4,'',1,2900,4,'',1
'25M-H60M200F-80-F2',20001,73900,,'',1,7000,,'',1,3000,,'',1,7000,,'',1,3000,,'',1,7000,,'',1,3000,,'',1,7000,,'',1,3000,,'',1,7000,,'',1,3000,,'',1,7100,,'',1,3100,,'',1,7100,,'',1,3000,,'',1,6900,,'',1,3000,,'',1,7000,,'',1,3000,,'',1,7000,,'',1,3000,,'',1,7000,,'',1,3100,,'',1,7100,,'',1
'25M-H60M200F-80-F2',20002,73300,4,'',1,7000,4,'',1,3100,4,'',1,7000,4,'',1,3000,4,'',1,7000,4,'',1,3000,4,'',1,7000,4,'',1,3000,4,'',1,7100,4,'',1,3000,4,'',1,7000,4,'',1,3200,4,'',1,7000,4,'',1,3000,4,'',1,7000,4,'',1,2900,4,'',1,7000,4,'',1,3000,4,'',1,7000,4,'',1,3100,4,'',1,7000,4,'',1,3100,4,'',1,6900,4,'',1,2900,4,'',1
'25M-H60M300F-80-F3',20001,73900,,'',1,7000,,'',2,3000,,'',1,7000,,'',1,3000,,'',2,7000,,'',1,3000,,'',1,7000,,'',2,3000,,'',1,7000,,'',1,3000,,'',2,7100,,'',1,3100,,'',1,7100,,'',2,3000,,'',1,6900,,'',1,3000,,'',2,7000,,'',1,3000,,'',1,7000,,'',2,3000,,'',1,7000,,'',1,3100,,'',2,7100,,'',1
'25M-H60M300F-80-F3',20002,73300,4,'',1,7000,4,'',2,3100,4,'',1,7000,4,'',1,3000,4,'',2,7000,4,'',1,3000,4,'',1,7000,4,'',2,3000,4,'',1,7100,4,'',1,3000,4,'',2,7000,4,'',1,3200,4,'',1,7000,4,'',2,3000,4,'',1,7000,4,'',1,2900,4,'',2,7000,4,'',1,3000,4,'',1,7000,4,'',2,3100,4,'',1,7000,4,'',1,3100,4,'',2,6900,4,'',1,2900,4,'',1
