17102,'H50U000A-82-A',542,,263465,12,0,10,2,71,,263485,12,0,10,1,32,,263466,12,0,10,2,71,,263486,12,0,10,1,30,,263467,12,0,10,2,71,,263487,12,0,10,1,30,,263468,12,0,10,2,71,,263488,12,0,10,1,31,,263469,12,0,10,2,70,,263489,12,0,10,1,30,,263470,12,0,10,2,70,,263490,12,0,10,1,31,,263471,12,0,10,2,70,,263491,12,0,10,1,30,,263472,12,0,10,2,71,,263492,12,0,10,1,31,,263473,12,0,10,2,70,,263493,12,0,10,1,29,,263474,12,0,10,2,71,,263494,12,0,10,1,31,,263475,12,0,10,2,71,,263495,12,0,10,1,31,,263476,12,0,10,2,71,,263496,12,0,10,1,31,,263477,12,0,10,2,70,,263497,12,0,10,1,31,,263478,12,0,10,2,71,,263498,12,0,10,1,30,,263479,12,0,10,2,69,,263499,12,0,10,1,30,,263480,12,0,10,2,70,,263500,12,0,10,1,31,,263481,12,0,10,2,71,,263501,12,0,10,1,71,,263482,12,0,10,2,31,,263502,12,0,10,1,71,,263483,12,0,10,2,30,,263503,12,0,10,1,71,,263484,12,0,10,2,31,,263504,12,0,10,1,72,,263464,12,0,10,1
17102,'H50U000I-82-I',540,,263505,12,0,10,2,72,,263525,12,0,10,1,33,,263506,12,0,10,2,74,,263526,12,0,10,1,33,,263507,12,0,10,2,74,,263527,12,0,10,1,32,,263508,12,0,10,2,71,,263528,12,0,10,1,71,,263509,12,0,10,2,31,,263529,12,0,10,1,71,,263510,12,0,10,2,32,,263530,12,0,10,1,71,,263511,12,0,10,2,30,,263531,12,0,10,1,70,,263512,12,0,10,2,30,,263532,12,0,10,1,70,,263513,12,0,10,2,30,,263533,12,0,10,1,70,,263514,12,0,10,2,29,,263534,12,0,10,1,70,,263515,12,0,10,2,30,,263535,12,0,10,1,70,,263516,12,0,10,2,30,,263536,12,0,10,1,70,,263517,12,0,10,2,30,,263537,12,0,10,1,70,,263518,12,0,10,2,30,,263538,12,0,10,1,70,,263519,12,0,10,2,30,,263539,12,0,10,1,69,,263520,12,0,10,2,30,,263540,12,0,10,1,70,,263521,12,0,10,2,31,,263541,12,0,10,1,71,,263522,12,0,10,2,32,,263542,12,0,10,1,72,,263523,12,0,10,2,32,,263543,12,0,10,1,71,,263524,12,0,10,2,30,,263544,12,0,10,1
17102,'H50U000S-83-S',545,,263563,12,0,10,1,66,,263553,12,0,10,1,20,,263556,12,0,10,1,18,,263564,12,0,10,1,56,,263574,12,0,10,1,15,,263554,12,0,10,1,11,,263557,12,0,10,1,12,,263599,12,0,10,1,13,,263565,12,0,10,1,54,,263575,12,0,10,1,13,,263555,12,0,10,1,14,,263594,12,0,10,1,12,,263558,12,0,10,1,56,,263566,12,0,10,1,16,,263576,12,0,10,1,22,,263595,12,0,10,1,63,,263567,12,0,10,1,24,,263577,12,0,10,1,25,,263596,12,0,10,1,66,,263568,12,0,10,1,26,,263578,12,0,10,1,67,,263597,12,0,10,1,21,,263589,12,0,10,1,17,,263579,12,0,10,1,57,,263559,12,0,10,1,17,,263598,12,0,10,1,19,,263590,12,0,10,1,63,,263569,12,0,10,1,23,,263560,12,0,10,1,23,,263591,12,0,10,1,63,,263570,12,0,10,1,27,,263561,12,0,10,1,63,,263592,12,0,10,1,23,,263571,12,0,10,1,21,,263562,12,0,10,1,57,,263580,12,0,10,1,20,,263593,12,0,10,1,20,,263572,12,0,10,1,61,,263545,12,0,10,2,20,,263581,12,0,10,1,23,,263573,12,0,10,1,66,,263546,12,0,10,2,27,,263582,12,0,10,1,69,,263547,12,0,10,2,30,,263583,12,0,10,1,70,,263548,12,0,10,2,30,,263584,12,0,10,1,68,,263549,12,0,10,2,30,,263585,12,0,10,1,67,,263550,12,0,10,2,30,,263586,12,0,10,1,70,,263551,12,0,10,2,30,,263587,12,0,10,1,71,,263552,12,0,10,2,30,,263588,12,0,10,1
17102,'H50U100F-80-F1',540,,263600,12,0,10,2,72,,263620,12,0,10,1,33,,263601,12,0,10,2,74,,263621,12,0,10,1,33,,263602,12,0,10,2,74,,263622,12,0,10,1,32,,263603,12,0,10,2,71,,263623,12,0,10,1,71,,263604,12,0,10,2,31,,263624,12,0,10,1,71,,263605,12,0,10,2,32,,263625,12,0,10,1,71,,263606,12,0,10,2,30,,263626,12,0,10,1,70,,263607,12,0,10,2,30,,263627,12,0,10,1,70,,263608,12,0,10,2,30,,263628,12,0,10,1,70,,263609,12,0,10,2,29,,263629,12,0,10,1,70,,263610,12,0,10,2,30,,263630,12,0,10,1,70,,263611,12,0,10,2,30,,263631,12,0,10,1,70,,263612,12,0,10,2,30,,263632,12,0,10,1,70,,263613,12,0,10,2,30,,263633,12,0,10,1,70,,263614,12,0,10,2,30,,263634,12,0,10,1,69,,263615,12,0,10,2,30,,263635,12,0,10,1,70,,263616,12,0,10,2,31,,263636,12,0,10,1,71,,263617,12,0,10,2,32,,263637,12,0,10,1,72,,263618,12,0,10,2,32,,263638,12,0,10,1,71,,263619,12,0,10,2,30,,263639,12,0,10,1
17102,'H50U200F-80-F2',540,,263640,12,0,10,2,72,,263660,12,0,10,1,33,,263641,12,0,10,2,74,,263661,12,0,10,1,33,,263642,12,0,10,2,74,,263662,12,0,10,1,32,,263643,12,0,10,2,71,,263663,12,0,10,1,71,,263644,12,0,10,2,31,,263664,12,0,10,1,71,,263645,12,0,10,2,32,,263665,12,0,10,1,71,,263646,12,0,10,2,30,,263666,12,0,10,1,70,,263647,12,0,10,2,30,,263667,12,0,10,1,70,,263648,12,0,10,2,30,,263668,12,0,10,1,70,,263649,12,0,10,2,29,,263669,12,0,10,1,70,,263650,12,0,10,2,30,,263670,12,0,10,1,70,,263651,12,0,10,2,30,,263671,12,0,10,1,70,,263652,12,0,10,2,30,,263672,12,0,10,1,70,,263653,12,0,10,2,30,,263673,12,0,10,1,70,,263654,12,0,10,2,30,,263674,12,0,10,1,69,,263655,12,0,10,2,30,,263675,12,0,10,1,70,,263656,12,0,10,2,31,,263676,12,0,10,1,71,,263657,12,0,10,2,32,,263677,12,0,10,1,72,,263658,12,0,10,2,32,,263678,12,0,10,1,71,,263659,12,0,10,2,30,,263679,12,0,10,1
38002,'H50U000A-82-A',2649,,277976,55,0,10,2,86,,277977,55,0,10,1,82,,277978,55,0,10,1,85,,277979,55,0,10,1
38002,'H50U000I-82-I',2625,,277980,55,0,10,1,84,,277982,55,0,10,1,91,,277985,55,0,10,1,49,,277984,55,0,10,1,59,,277983,55,0,10,1,15,,277981,55,0,10,1
38002,'H50U000S-83-S',2629,,277986,55,0,10,1,86,,277991,55,0,10,2,85,,277990,55,0,10,1,54,,277989,55,0,10,2,55,,277987,55,0,10,2,8,,277992,55,0,10,1,21,,277988,55,0,10,1
38002,'H50U100F-80-F1',2625,,277993,55,0,10,1,84,,277995,55,0,10,1,91,,277998,55,0,10,1,49,,277997,55,0,10,1,59,,277996,55,0,10,1,15,,277994,55,0,10,1
38002,'H50U200F-80-F2',2625,,277999,55,0,10,1,84,,278001,55,0,10,1,91,,278004,55,0,10,1,49,,278003,55,0,10,1,59,,278002,55,0,10,1,15,,278000,55,0,10,1
38002,'H54U000I-80-I',2929,,278006,55,0,10,1,6,,278005,55,0,10,1
38002,'H54U000S-81-S',2924,,278007,55,0,10,2
38002,'H54U100F-80-F1',2929,,278009,55,0,10,1,6,,278008,55,0,10,1
38002,'H54U200F-82-F2',2929,,278011,55,0,10,1,6,,278010,55,0,10,2
