2202,'H57M000S-70-S',829,,90620,19,0,10,2
2202,'H59M000A-70-A',512,,90621,19,0,10,2,29,,90636,19,0,10,1,69,,90622,19,0,10,2,28,,90637,19,0,10,1,69,,90623,19,0,10,2,31,,90638,19,0,10,1,71,,90624,19,0,10,2,30,,90639,19,0,10,1,70,,90625,19,0,10,2,30,,90640,19,0,10,1,71,,90626,19,0,10,2,30,,90641,19,0,10,1,70,,90627,19,0,10,2,30,,90642,19,0,10,1,70,,90628,19,0,10,2,31,,90643,19,0,10,1,71,,90629,19,0,10,2,31,,90644,19,0,10,1,70,,90630,19,0,10,2,32,,90645,19,0,10,1,72,,90631,19,0,10,2,31,,90646,19,0,10,1,71,,90632,19,0,10,2,31,,90647,19,0,10,1,71,,90633,19,0,10,2,30,,90648,19,0,10,1,70,,90634,19,0,10,2,29,,90649,19,0,10,1,69,,90635,19,0,10,2,29,,90650,19,0,10,1,98,,90651,19,0,10,1,98,,90652,19,0,10,1,99,,90653,19,0,10,1,100,,90654,19,0,10,1,100,,90655,19,0,10,1,100,,90656,19,0,10,1
2202,'H59M000I-70-I',512,,90657,19,0,10,2,30,,90672,19,0,10,1,70,,90658,19,0,10,2,29,,90673,19,0,10,1,69,,90659,19,0,10,2,30,,90674,19,0,10,1,70,,90660,19,0,10,2,30,,90675,19,0,10,1,70,,90661,19,0,10,2,30,,90676,19,0,10,1,70,,90662,19,0,10,2,30,,90677,19,0,10,1,70,,90663,19,0,10,2,30,,90678,19,0,10,1,70,,90664,19,0,10,2,30,,90679,19,0,10,1,70,,90665,19,0,10,2,30,,90680,19,0,10,1,70,,90666,19,0,10,2,31,,90681,19,0,10,1,71,,90667,19,0,10,2,30,,90682,19,0,10,1,70,,90668,19,0,10,2,31,,90683,19,0,10,1,72,,90669,19,0,10,2,32,,90684,19,0,10,1,72,,90670,19,0,10,2,32,,90685,19,0,10,1,73,,90671,19,0,10,2,33,,90686,19,0,10,1,99,,90687,19,0,10,1,100,,90688,19,0,10,1,100,,90689,19,0,10,1,100,,90690,19,0,10,1,99,,90691,19,0,10,1
2202,'H59M000S-70-S',513,,90692,19,0,10,1,31,,90699,19,0,10,1,73,,90693,19,0,10,1,33,,90706,19,0,10,1,73,,90707,19,0,10,1,33,,90708,19,0,10,2,145,,90694,19,0,10,1,33,,90700,19,0,10,1,73,,90695,19,0,10,1,33,,90701,19,0,10,1,73,,90696,19,0,10,1,33,,90702,19,0,10,1,73,,90697,19,0,10,1,33,,90703,19,0,10,1,73,,90698,19,0,10,1,32,,90704,19,0,10,1,72,,90713,19,0,10,2,72,,90715,19,0,10,2,31,,90714,19,0,10,1,71,,90716,19,0,10,1,32,,90725,19,0,10,2,71,,90705,19,0,10,1,30,,90717,19,0,10,1,73,,90709,19,0,10,1,33,,90718,19,0,10,1,71,,90710,19,0,10,1,30,,90719,19,0,10,1,70,,90711,19,0,10,1,30,,90720,19,0,10,1,70,,90712,19,0,10,1,30,,90721,19,0,10,1,100,,90722,19,0,10,1,91,,90726,19,0,10,2,89,,90723,19,0,10,1,98,,90724,19,0,10,1
2202,'H59M100F-70-F1',512,,90727,19,0,10,2,30,,90742,19,0,10,1,70,,90728,19,0,10,2,29,,90744,19,0,10,1,69,,90729,19,0,10,2,30,,90743,19,0,10,1,70,,90730,19,0,10,2,30,,90745,19,0,10,1,70,,90731,19,0,10,2,30,,90746,19,0,10,1,70,,90732,19,0,10,2,30,,90747,19,0,10,1,70,,90733,19,0,10,2,30,,90748,19,0,10,1,70,,90734,19,0,10,2,30,,90749,19,0,10,1,70,,90735,19,0,10,2,30,,90750,19,0,10,1,70,,90736,19,0,10,2,31,,90751,19,0,10,1,71,,90737,19,0,10,2,30,,90752,19,0,10,1,70,,90738,19,0,10,2,31,,90753,19,0,10,1,72,,90739,19,0,10,2,32,,90754,19,0,10,1,72,,90740,19,0,10,2,32,,90757,19,0,10,1,73,,90741,19,0,10,2,33,,90755,19,0,10,1,99,,90756,19,0,10,1,100,,90758,19,0,10,1,100,,90759,19,0,10,1,100,,90760,19,0,10,1,99,,90761,19,0,10,1
2202,'H59M200F-70-F2',512,,90762,19,0,10,2,30,,90777,19,0,10,1,70,,90763,19,0,10,2,29,,90778,19,0,10,1,69,,90764,19,0,10,2,30,,90780,19,0,10,1,70,,90765,19,0,10,2,30,,90779,19,0,10,1,70,,90766,19,0,10,2,30,,90781,19,0,10,1,70,,90768,19,0,10,2,30,,90782,19,0,10,1,70,,90767,19,0,10,2,30,,90783,19,0,10,1,70,,90769,19,0,10,2,30,,90784,19,0,10,1,70,,90770,19,0,10,2,30,,90785,19,0,10,1,70,,90771,19,0,10,2,31,,90786,19,0,10,1,71,,90772,19,0,10,2,30,,90787,19,0,10,1,70,,90773,19,0,10,2,31,,90788,19,0,10,1,72,,90774,19,0,10,2,32,,90789,19,0,10,1,72,,90775,19,0,10,2,32,,90790,19,0,10,1,73,,90776,19,0,10,2,33,,90791,19,0,10,1,99,,90792,19,0,10,1,100,,90794,19,0,10,1,100,,90793,19,0,10,1,100,,90795,19,0,10,1,99,,90796,19,0,10,1
2202,'H59M300F-70-F3',512,,90797,19,0,10,2,30,,90812,19,0,10,1,70,,90798,19,0,10,2,29,,90813,19,0,10,1,69,,90801,19,0,10,2,30,,90814,19,0,10,1,70,,90799,19,0,10,2,30,,90815,19,0,10,1,70,,90800,19,0,10,2,30,,90816,19,0,10,1,70,,90802,19,0,10,2,30,,90817,19,0,10,1,70,,90803,19,0,10,2,30,,90818,19,0,10,1,70,,90804,19,0,10,2,30,,90820,19,0,10,1,70,,90805,19,0,10,2,30,,90819,19,0,10,1,70,,90806,19,0,10,2,31,,90821,19,0,10,1,71,,90807,19,0,10,2,30,,90822,19,0,10,1,70,,90808,19,0,10,2,31,,90823,19,0,10,1,72,,90809,19,0,10,2,32,,90824,19,0,10,1,72,,90810,19,0,10,2,32,,90825,19,0,10,1,73,,90811,19,0,10,2,33,,90826,19,0,10,1,99,,90827,19,0,10,1,100,,90828,19,0,10,1,100,,90829,19,0,10,1,100,,90830,19,0,10,1,99,,90831,19,0,10,1
3303,'H54M000A-70-A',526,,95014,2,0,8,1,29,,95026,2,0,8,1,69,,95040,2,0,8,1,1291,,95078,2,0,8,1,23,,95065,2,0,8,1,63,,95073,2,0,8,1,23,,95054,2,0,8,1,23,,95085,2,0,8,1,56,,95068,2,0,8,2,16,,95079,2,0,8,1,20,,95066,2,0,8,1,61,,95047,2,0,8,1,22,,95055,2,0,8,1,23,,95021,2,0,8,1,62,,95022,2,0,8,1,22,,95080,2,0,8,1,22,,95052,2,0,8,1,66,,95060,2,0,8,1,29,,95090,2,0,8,1,69,,95023,2,0,8,1,29,,95053,2,0,8,1
3303,'H54M000I-70-I',533,,95103,2,0,8,1,69,,95114,2,0,8,1,28,,95128,2,0,8,1,1275,,95157,2,0,8,1,16,,95149,2,0,8,1,19,,95120,2,0,8,1,60,,95126,2,0,8,1,23,,95102,2,0,8,1,25,,95154,2,0,8,1,61,,95092,2,0,8,1,21,,95150,2,0,8,1,21,,95121,2,0,8,1,66,,95101,2,0,8,1,28,,95155,2,0,8,1,69,,95093,2,0,8,1,29,,95122,2,0,8,1,70,,95144,2,0,8,1,30,,95156,2,0,8,1,70,,95094,2,0,8,1,30,,95123,2,0,8,1
3303,'H54M000S-70-S',513,,95173,2,0,8,1,27,,95191,2,0,8,1,15,,95164,2,0,8,1,55,,95169,2,0,8,1,15,,95208,2,0,8,1,1286,,95240,2,0,8,1,14,,95223,2,0,8,2,17,,95235,2,0,8,1,60,,95249,2,0,8,1,20,,95234,2,0,8,2,19,,95168,2,0,8,1,17,,95210,2,0,8,1,57,,95241,2,0,8,1,15,,95218,2,0,8,2,15,,95236,2,0,8,1,14,,95186,2,0,8,1,56,,95250,2,0,8,1,16,,95230,2,0,8,2,19,,95245,2,0,8,1,64,,95242,2,0,8,1,29,,95237,2,0,8,1,69,,95251,2,0,8,1,30,,95231,2,0,8,2,70,,95246,2,0,8,1,31,,95238,2,0,8,1
3303,'H54M100F-70-F1',526,,95254,2,0,8,1,29,,95265,2,0,8,1,69,,95282,2,0,8,1,1291,,95317,2,0,8,1,23,,95275,2,0,8,1,63,,95310,2,0,8,1,23,,95314,2,0,8,1,23,,95294,2,0,8,1,56,,95301,2,0,8,2,16,,95318,2,0,8,1,20,,95324,2,0,8,1,61,,95311,2,0,8,1,22,,95315,2,0,8,1,23,,95295,2,0,8,1,62,,95280,2,0,8,2,22,,95319,2,0,8,1,22,,95313,2,0,8,1,66,,95316,2,0,8,1,29,,95296,2,0,8,1,69,,95281,2,0,8,2,28,,95320,2,0,8,1
3303,'H54M200F-70-F2',526,,95333,2,0,8,1,29,,95336,2,0,8,1,69,,95350,2,0,8,1,1291,,95408,2,0,8,1,23,,95381,2,0,8,1,63,,95395,2,0,8,1,23,,95404,2,0,8,1,23,,95375,2,0,8,1,56,,95370,2,0,8,1,16,,95379,2,0,8,1,20,,95400,2,0,8,2,61,,95394,2,0,8,1,22,,95405,2,0,8,1,23,,95374,2,0,8,1,62,,95355,2,0,8,1,22,,95352,2,0,8,1,22,,95399,2,0,8,1,66,,95406,2,0,8,1,29,,95372,2,0,8,1,69,,95407,2,0,8,2,28,,95353,2,0,8,1
3303,'H54M300F-70-F3',533,,95467,2,0,8,1,69,,95424,2,0,8,1,28,,95416,2,0,8,1,1275,,95463,2,0,8,1,16,,95465,2,0,8,1,19,,95432,2,0,8,1,60,,95411,2,0,8,1,23,,95446,2,0,8,1,25,,95460,2,0,8,1,61,,95469,2,0,8,1,21,,95466,2,0,8,1,21,,95433,2,0,8,1,66,,95443,2,0,8,1,28,,95461,2,0,8,1,69,,95470,2,0,8,1,29,,95434,2,0,8,1,70,,95413,2,0,8,1,30,,95462,2,0,8,1,70,,95471,2,0,8,1,30,,95464,2,0,8,1
82204,'H54M000S-70-S',554,,164641,8,0,9,1,66,,164646,8,0,9,1,23,,164642,8,0,9,1,60,,164647,8,0,9,1,13,,164643,8,0,9,1,20,,164648,8,0,9,1,21,,164644,8,0,9,1,65,,164649,8,0,9,1,18,,164645,8,0,9,1,60,,164650,8,0,9,1,244,,164651,8,0,9,1,60,,164654,8,0,9,1,25,,164652,8,0,9,1,20,,164655,8,0,9,1,60,,164653,8,0,9,1,20,,164656,8,0,9,1,130,,164657,8,0,9,1,55,,164662,8,0,9,1,20,,164658,8,0,9,1,21,,164663,8,0,9,1,59,,164659,8,0,9,1,20,,164664,8,0,9,1,20,,164660,8,0,9,1,59,,164665,8,0,9,1,20,,164661,8,0,9,1,20,,164666,8,0,9,1
82204,'H54M100F-70-F1',554,,164667,8,0,9,1,66,,164672,8,0,9,1,23,,164668,8,0,9,1,60,,164673,8,0,9,1,13,,164669,8,0,9,1,20,,164674,8,0,9,1,21,,164670,8,0,9,1,65,,164675,8,0,9,1,18,,164671,8,0,9,1,60,,164676,8,0,9,1,244,,164677,8,0,9,1,60,,164680,8,0,9,1,25,,164678,8,0,9,1,20,,164681,8,0,9,1,60,,164679,8,0,9,1,20,,164682,8,0,9,1,130,,164683,8,0,9,1,55,,164690,8,0,9,1,20,,164684,8,0,9,1,21,,164686,8,0,9,1,59,,164685,8,0,9,1,20,,164687,8,0,9,1,20,,164688,8,0,9,1,59,,164691,8,0,9,1,20,,164689,8,0,9,1,20,,164692,8,0,9,1
82204,'H54M200F-70-F2',554,,164693,8,0,9,1,66,,164698,8,0,9,1,23,,164694,8,0,9,1,60,,164699,8,0,9,1,13,,164695,8,0,9,1,20,,164700,8,0,9,1,21,,164696,8,0,9,1,65,,164701,8,0,9,1,18,,164697,8,0,9,1,60,,164702,8,0,9,1,244,,164703,8,0,9,1,60,,164706,8,0,9,1,25,,164704,8,0,9,1,20,,164707,8,0,9,1,60,,164705,8,0,9,1,20,,164708,8,0,9,1,130,,164709,8,0,9,1,55,,164714,8,0,9,1,20,,164710,8,0,9,1,21,,164716,8,0,9,1,59,,164711,8,0,9,1,20,,164717,8,0,9,1,20,,164712,8,0,9,1,59,,164718,8,0,9,1,20,,164713,8,0,9,1,20,,164715,8,0,9,1
