4504,'H51M000S-70-S',642,,100127,31,0,9,2,205,,100128,31,0,9,2,174,,100129,31,0,9,1
4504,'H58M000A-70-A',526,,100138,31,0,9,2,29,,100141,31,0,9,1,70,,100147,31,0,9,2,33,,100139,31,0,9,2,70,,100142,31,0,9,1,73,,100148,31,0,9,2,30,,100140,31,0,9,2,73,,100143,31,0,9,1,31,,100149,31,0,9,2,71,,100130,31,0,9,1,31,,100156,31,0,9,1,69,,100144,31,0,9,1,30,,100150,31,0,9,2,71,,100131,31,0,9,1,30,,100157,31,0,9,1,22,,100145,31,0,9,1,61,,100165,31,0,9,1,21,,100151,31,0,9,2,61,,100152,31,0,9,1,20,,100132,31,0,9,1,21,,100158,31,0,9,1,69,,100146,31,0,9,1,29,,100171,31,0,9,2,70,,100153,31,0,9,1,33,,100159,31,0,9,1,70,,100166,31,0,9,1,29,,100172,31,0,9,2,68,,100133,31,0,9,1,28,,100154,31,0,9,1,67,,100160,31,0,9,1,29,,100167,31,0,9,1,67,,100134,31,0,9,1,24,,100155,31,0,9,1,30,,100161,31,0,9,1,71,,100168,31,0,9,1,30,,100135,31,0,9,1,72,,100162,31,0,9,1,72,,100169,31,0,9,1,29,,100136,31,0,9,1,29,,100163,31,0,9,1,71,,100170,31,0,9,1,29,,100137,31,0,9,1,70,,100164,31,0,9,1
4504,'H58M000I-70-I',531,,100181,31,0,9,2,28,,100190,31,0,9,1,69,,100201,31,0,9,1,29,,100182,31,0,9,2,71,,100191,31,0,9,1,29,,100202,31,0,9,1,70,,100183,31,0,9,2,74,,100192,31,0,9,1,32,,100203,31,0,9,1,72,,100184,31,0,9,2,33,,100193,31,0,9,1,70,,100173,31,0,9,2,32,,100204,31,0,9,1,70,,100185,31,0,9,2,30,,100194,31,0,9,1,71,,100174,31,0,9,2,31,,100205,31,0,9,1,70,,100186,31,0,9,2,31,,100195,31,0,9,1,71,,100175,31,0,9,2,29,,100206,31,0,9,1,70,,100187,31,0,9,2,31,,100196,31,0,9,1,69,,100176,31,0,9,2,31,,100207,31,0,9,1,69,,100188,31,0,9,2,32,,100197,31,0,9,1,72,,100177,31,0,9,2,31,,100208,31,0,9,1,68,,100189,31,0,9,2,31,,100198,31,0,9,1,71,,100178,31,0,9,2,32,,100209,31,0,9,1,71,,100199,31,0,9,1,28,,100179,31,0,9,2,70,,100210,31,0,9,1,31,,100200,31,0,9,1,70,,100180,31,0,9,2,24,,100211,31,0,9,1
4504,'H58M000S-70-S',517,,100212,31,0,9,1,25,,100216,31,0,9,1,72,,100227,31,0,9,1,93,,100213,31,0,9,1,13,,100217,31,0,9,1,13,,100231,31,0,9,2,17,,100215,31,0,9,2,57,,100228,31,0,9,1,8,,100248,31,0,9,2,22,,100241,31,0,9,1,71,,100233,31,0,9,2,11,,100214,31,0,9,1,12,,100218,31,0,9,1,12,,100232,31,0,9,2,12,,100222,31,0,9,2,52,,100229,31,0,9,1,35,,100242,31,0,9,1,61,,100234,31,0,9,2,23,,100219,31,0,9,1,21,,100223,31,0,9,2,60,,100238,31,0,9,2,20,,100230,31,0,9,1,21,,100243,31,0,9,1,61,,100235,31,0,9,2,20,,100220,31,0,9,1,21,,100224,31,0,9,2,62,,100249,31,0,9,2,24,,100239,31,0,9,2,23,,100244,31,0,9,1,63,,100236,31,0,9,2,22,,100221,31,0,9,1,64,,100251,31,0,9,1,20,,100250,31,0,9,2,21,,100240,31,0,9,2,61,,100245,31,0,9,1,24,,100237,31,0,9,2,22,,100258,31,0,9,2,67,,100252,31,0,9,1,32,,100260,31,0,9,2,70,,100246,31,0,9,1,30,,100259,31,0,9,2,68,,100253,31,0,9,1,30,,100261,31,0,9,2,71,,100247,31,0,9,1,31,,100262,31,0,9,2,68,,100225,31,0,9,1,32,,100254,31,0,9,2,71,,100256,31,0,9,2,30,,100226,31,0,9,1,69,,100255,31,0,9,2,33,,100257,31,0,9,2
4504,'H58M100F-70-F1',531,,100274,31,0,9,1,28,,100263,31,0,9,2,69,,100299,31,0,9,1,29,,100276,31,0,9,1,71,,100264,31,0,9,2,29,,100300,31,0,9,1,70,,100277,31,0,9,1,74,,100265,31,0,9,2,32,,100301,31,0,9,1,72,,100275,31,0,9,1,33,,100266,31,0,9,2,70,,100291,31,0,9,1,32,,100286,31,0,9,2,70,,100278,31,0,9,1,30,,100267,31,0,9,2,71,,100292,31,0,9,1,31,,100288,31,0,9,2,70,,100279,31,0,9,1,31,,100268,31,0,9,2,71,,100293,31,0,9,1,29,,100289,31,0,9,2,70,,100280,31,0,9,1,31,,100269,31,0,9,2,69,,100294,31,0,9,1,31,,100287,31,0,9,2,69,,100281,31,0,9,1,32,,100270,31,0,9,2,72,,100295,31,0,9,1,31,,100290,31,0,9,2,68,,100282,31,0,9,1,31,,100271,31,0,9,2,71,,100296,31,0,9,1,32,,100283,31,0,9,1,71,,100272,31,0,9,2,28,,100297,31,0,9,1,70,,100284,31,0,9,1,31,,100273,31,0,9,2,70,,100298,31,0,9,1,24,,100285,31,0,9,1
4504,'H58M200F-70-F2',531,,100313,31,0,9,1,28,,100302,31,0,9,2,69,,100338,31,0,9,1,29,,100315,31,0,9,1,71,,100303,31,0,9,2,29,,100339,31,0,9,1,70,,100316,31,0,9,1,74,,100304,31,0,9,2,32,,100340,31,0,9,1,72,,100314,31,0,9,1,33,,100305,31,0,9,2,70,,100330,31,0,9,1,32,,100325,31,0,9,2,70,,100317,31,0,9,1,30,,100306,31,0,9,2,71,,100331,31,0,9,1,31,,100327,31,0,9,2,70,,100318,31,0,9,1,31,,100307,31,0,9,2,71,,100332,31,0,9,1,29,,100328,31,0,9,2,70,,100319,31,0,9,1,31,,100308,31,0,9,2,69,,100333,31,0,9,1,31,,100326,31,0,9,2,69,,100320,31,0,9,1,32,,100309,31,0,9,2,72,,100334,31,0,9,1,31,,100329,31,0,9,2,68,,100321,31,0,9,1,31,,100310,31,0,9,2,71,,100335,31,0,9,1,32,,100322,31,0,9,1,71,,100311,31,0,9,2,28,,100336,31,0,9,1,70,,100323,31,0,9,1,31,,100312,31,0,9,2,70,,100337,31,0,9,1,24,,100324,31,0,9,1
4504,'H58M300F-80-F3',531,,167105,31,0,9,2,28,,167109,31,0,9,1,69,,167119,31,0,9,1,29,,167106,31,0,9,2,71,,167110,31,0,9,1,29,,167120,31,0,9,1,70,,167107,31,0,9,2,74,,167111,31,0,9,1,32,,167121,31,0,9,1,72,,167108,31,0,9,2,33,,167112,31,0,9,1,70,,167131,31,0,9,2,32,,167122,31,0,9,1,70,,167116,31,0,9,2,30,,167113,31,0,9,1,71,,167132,31,0,9,2,31,,167123,31,0,9,1,70,,167117,31,0,9,2,30,,167114,31,0,9,1,70,,167133,31,0,9,2,29,,167124,31,0,9,1,69,,167118,31,0,9,2,31,,167115,31,0,9,1,70,,167143,31,0,9,1,32,,167125,31,0,9,1,71,,167142,31,0,9,1,32,,167138,31,0,9,2,72,,167127,31,0,9,1,31,,167126,31,0,9,1,67,,167134,31,0,9,2,31,,167139,31,0,9,2,73,,167128,31,0,9,1,31,,167135,31,0,9,2,70,,167140,31,0,9,2,28,,167129,31,0,9,1,70,,167136,31,0,9,2,31,,167141,31,0,9,2,70,,167130,31,0,9,1,24,,167137,31,0,9,2
4504,'H59M000S-70-S',742,,100381,31,0,9,2,17,,100380,31,0,9,2,66,,100382,31,0,9,2,32,,100383,31,0,9,2
35904,'H57M000A-70-A',2555,,154447,31,0,9,1,75,,154450,31,0,9,2,74,,154445,31,0,9,1,34,,154448,31,0,9,2,75,,154446,31,0,9,1,35,,154449,31,0,9,2
35904,'H57M000I-70-I',2518,,154451,31,0,9,1,35,,154455,31,0,9,1,75,,154452,31,0,9,1,75,,154456,31,0,9,1,35,,154453,31,0,9,1,76,,154457,31,0,9,1,35,,154454,31,0,9,1
35904,'H57M000S-70-S',2520,,154462,31,0,9,1,34,,154458,31,0,9,1,77,,154461,31,0,9,1,75,,154463,31,0,9,1,32,,154459,31,0,9,1,78,,154464,31,0,9,1,33,,154460,31,0,9,1
35904,'H57M100F-70-F1',2518,,154467,31,0,9,1,35,,154471,31,0,9,2,75,,154468,31,0,9,1,75,,154465,31,0,9,1,35,,154470,31,0,9,1,76,,154466,31,0,9,1,35,,154469,31,0,9,1
35904,'H57M200F-70-F2',2518,,154475,31,0,9,1,35,,154474,31,0,9,2,75,,154476,31,0,9,1,75,,154473,31,0,9,1,35,,154477,31,0,9,1,76,,154472,31,0,9,1,35,,154478,31,0,9,1
35904,'H57M300F-80-F3',2518,,175845,31,0,9,1,35,,175849,31,0,9,1,75,,175846,31,0,9,1,75,,175850,31,0,9,1,35,,175848,31,0,9,1,76,,175851,31,0,9,1,35,,175847,31,0,9,1
44502,'H51M000S-70-S',649,,157421,17,0,10,1,52,,157422,17,0,10,2,25,,157423,17,0,10,1,177,,157424,17,0,10,1
44502,'H59M000S-70-S',713,,157428,17,0,10,1,25,,157429,17,0,10,2,12,,157431,17,0,10,2,55,,157427,17,0,10,2,15,,157426,17,0,10,2,15,,157432,17,0,10,2,15,,157430,17,0,10,2,68,,157425,17,0,10,1
