16402,'H50J000S-83-S',733,,55179,31,0,10,1
16402,'H50JV00S-82-S',733,,55180,31,0,10,1
16402,'H51J000S-80-S',1445,,55181,31,0,10,1
16402,'H51JV00S-84-S',1445,,55182,31,0,10,1
16402,'H58J000S-81-S',811,,55183,31,0,10,2,697,,55184,31,0,10,2
16402,'H58J000S-83-S',811,,55185,31,0,10,2,697,,55186,31,0,10,2
16402,'H58JV00S-82-S',811,,55187,31,0,10,2,697,,55188,31,0,10,2
16402,'H60J000A-80-A',555,,55190,31,0,10,2,75,,55203,31,0,10,1,76,,55191,31,0,10,1,38,,55189,31,0,10,2,77,,55204,31,0,10,1,37,,55215,31,0,10,1,75,,55193,31,0,10,1,71,,55205,31,0,10,1,30,,55216,31,0,10,1,69,,55194,31,0,10,1,29,,55206,31,0,10,1,70,,55217,31,0,10,1,29,,55195,31,0,10,1,69,,55207,31,0,10,1,31,,55218,31,0,10,1,72,,55196,31,0,10,1,33,,55208,31,0,10,1,73,,55219,31,0,10,1,33,,55197,31,0,10,1,73,,55209,31,0,10,1,31,,55220,31,0,10,1,70,,55198,31,0,10,1,30,,55210,31,0,10,1,67,,55221,31,0,10,1,18,,55227,31,0,10,1,19,,55199,31,0,10,1,64,,55211,31,0,10,1,29,,55222,31,0,10,1,70,,55200,31,0,10,1,29,,55212,31,0,10,1,69,,55223,31,0,10,1,30,,55201,31,0,10,1,70,,55213,31,0,10,1,30,,55224,31,0,10,1,69,,55202,31,0,10,1,31,,55214,31,0,10,1,70,,55225,31,0,10,1,30,,55228,31,0,10,1,70,,55229,31,0,10,1,30,,55192,31,0,10,1,71,,55226,31,0,10,1
16402,'H60J000I-80-I',551,,55230,31,0,10,1,76,,55244,31,0,10,2,76,,55231,31,0,10,1,37,,55245,31,0,10,2,80,,55232,31,0,10,1,39,,55246,31,0,10,2,78,,55233,31,0,10,1,70,,55259,31,0,10,1,29,,55247,31,0,10,2,69,,55234,31,0,10,1,30,,55260,31,0,10,1,68,,55248,31,0,10,2,28,,55235,31,0,10,1,28,,55261,31,0,10,1,69,,55249,31,0,10,2,29,,55236,31,0,10,1,69,,55262,31,0,10,1,29,,55250,31,0,10,2,69,,55237,31,0,10,1,29,,55263,31,0,10,1,70,,55251,31,0,10,2,29,,55238,31,0,10,1,69,,55264,31,0,10,1,29,,55252,31,0,10,2,68,,55239,31,0,10,1,28,,55265,31,0,10,1,68,,55253,31,0,10,2,29,,55240,31,0,10,1,69,,55266,31,0,10,1,29,,55254,31,0,10,2,68,,55241,31,0,10,1,28,,55267,31,0,10,1,67,,55255,31,0,10,2,27,,55242,31,0,10,1,69,,55268,31,0,10,1,32,,55256,31,0,10,2,71,,55243,31,0,10,1,32,,55257,31,0,10,2,72,,55258,31,0,10,1,30,,55269,31,0,10,2
16402,'H60J000S-98-S',558,,55271,31,0,10,1,73,,55272,31,0,10,1,69,,55275,31,0,10,1,55,,55278,31,0,10,1,77,,55283,31,0,10,1,68,,55288,31,0,10,1,27,,55279,31,0,10,1,25,,55293,31,0,10,1,66,,55284,31,0,10,1,27,,55289,31,0,10,1,63,,55280,31,0,10,1,24,,55294,31,0,10,1,27,,55285,31,0,10,1,66,,55290,31,0,10,1,22,,55281,31,0,10,1,59,,55295,31,0,10,1,19,,55297,31,0,10,1,18,,55286,31,0,10,1,61,,55291,31,0,10,1,19,,55282,31,0,10,1,102,,55298,31,0,10,1,21,,55306,31,0,10,1,57,,55292,31,0,10,1,14,,55310,31,0,10,2,13,,55311,31,0,10,1,14,,55313,31,0,10,2,11,,55273,31,0,10,1,50,,55301,31,0,10,1,12,,55312,31,0,10,1,10,,55299,31,0,10,1,10,,55309,31,0,10,2,11,,55316,31,0,10,1,11,,55315,31,0,10,2,51,,55296,31,0,10,1,13,,55287,31,0,10,1,13,,55314,31,0,10,2,14,,55302,31,0,10,1,54,,55300,31,0,10,1,23,,55317,31,0,10,1,26,,55307,31,0,10,1,68,,55303,31,0,10,1,29,,55318,31,0,10,1,70,,55308,31,0,10,1,31,,55304,31,0,10,1,71,,55319,31,0,10,1,30,,55274,31,0,10,1,72,,55305,31,0,10,1,33,,55320,31,0,10,1,73,,55276,31,0,10,1,79,,55270,31,0,10,1,39,,55277,31,0,10,1
16402,'H60JV00A-80-A',555,,55361,31,0,10,2,75,,55346,31,0,10,1,76,,55322,31,0,10,1,38,,55358,31,0,10,2,77,,55347,31,0,10,1,37,,55334,31,0,10,1,75,,55324,31,0,10,1,71,,55348,31,0,10,1,30,,55335,31,0,10,1,69,,55325,31,0,10,1,29,,55349,31,0,10,1,70,,55336,31,0,10,1,29,,55326,31,0,10,1,69,,55350,31,0,10,1,31,,55337,31,0,10,1,72,,55327,31,0,10,1,33,,55351,31,0,10,1,73,,55338,31,0,10,1,33,,55328,31,0,10,1,73,,55352,31,0,10,1,31,,55339,31,0,10,1,70,,55329,31,0,10,1,30,,55353,31,0,10,1,67,,55340,31,0,10,1,18,,55321,31,0,10,1,19,,55330,31,0,10,1,64,,55354,31,0,10,1,29,,55341,31,0,10,1,70,,55331,31,0,10,1,29,,55355,31,0,10,1,69,,55342,31,0,10,1,30,,55332,31,0,10,1,70,,55356,31,0,10,1,30,,55343,31,0,10,1,69,,55333,31,0,10,1,31,,55357,31,0,10,1,70,,55344,31,0,10,1,30,,55323,31,0,10,1,70,,55360,31,0,10,1,30,,55359,31,0,10,1,71,,55345,31,0,10,1
16402,'H60JV00I-80-I',551,,55362,31,0,10,1,76,,55376,31,0,10,2,76,,55363,31,0,10,1,37,,55377,31,0,10,2,80,,55364,31,0,10,1,39,,55378,31,0,10,2,78,,55365,31,0,10,1,70,,55389,31,0,10,1,29,,55379,31,0,10,2,69,,55366,31,0,10,1,30,,55390,31,0,10,1,68,,55380,31,0,10,2,28,,55367,31,0,10,1,28,,55391,31,0,10,1,69,,55381,31,0,10,2,29,,55368,31,0,10,1,69,,55392,31,0,10,1,29,,55382,31,0,10,2,69,,55369,31,0,10,1,29,,55393,31,0,10,1,70,,55383,31,0,10,2,29,,55370,31,0,10,1,69,,55394,31,0,10,1,29,,55384,31,0,10,2,68,,55371,31,0,10,1,28,,55395,31,0,10,1,68,,55385,31,0,10,2,29,,55372,31,0,10,1,69,,55396,31,0,10,1,29,,55386,31,0,10,2,68,,55373,31,0,10,1,28,,55397,31,0,10,1,67,,55387,31,0,10,2,27,,55374,31,0,10,1,69,,55398,31,0,10,1,32,,55388,31,0,10,2,71,,55375,31,0,10,1,32,,55401,31,0,10,2,72,,55399,31,0,10,1,30,,55400,31,0,10,2
16402,'H60JV00S-98-S',558,,55408,31,0,10,1,73,,55446,31,0,10,1,69,,55410,31,0,10,1,55,,55409,31,0,10,1,77,,55403,31,0,10,1,68,,55415,31,0,10,1,27,,55411,31,0,10,1,25,,55420,31,0,10,1,66,,55404,31,0,10,1,27,,55416,31,0,10,1,63,,55412,31,0,10,1,24,,55421,31,0,10,1,27,,55405,31,0,10,1,66,,55417,31,0,10,1,22,,55413,31,0,10,1,59,,55422,31,0,10,1,19,,55424,31,0,10,1,18,,55406,31,0,10,1,61,,55418,31,0,10,1,19,,55414,31,0,10,1,102,,55425,31,0,10,1,21,,55443,31,0,10,1,57,,55419,31,0,10,1,14,,55433,31,0,10,1,13,,55444,31,0,10,1,14,,55434,31,0,10,2,11,,55447,31,0,10,1,50,,55428,31,0,10,1,12,,55449,31,0,10,1,10,,55426,31,0,10,1,10,,55402,31,0,10,2,11,,55438,31,0,10,1,11,,55407,31,0,10,2,51,,55423,31,0,10,1,13,,55448,31,0,10,1,13,,55435,31,0,10,2,14,,55429,31,0,10,1,54,,55427,31,0,10,1,23,,55439,31,0,10,1,26,,55436,31,0,10,1,68,,55430,31,0,10,1,29,,55440,31,0,10,1,70,,55437,31,0,10,1,31,,55431,31,0,10,1,71,,55441,31,0,10,1,30,,55450,31,0,10,1,72,,55432,31,0,10,1,33,,55442,31,0,10,1,73,,55451,31,0,10,1,79,,55445,31,0,10,1,39,,55452,31,0,10,1
