'26J-H56J000A-80-A',11301,50000,,'',1,3200,,'',1,7300,,'',1,2900,,'',1,7300,,'',1,2900,,'',1,7300,,'',1,3300,,'',1,7100,,'',1,3000,,'',1,7000,,'',1,3000,,'',1,6200,,'',2,2100,,'',1,1900,,'',1,5900,,'',1,1900,,'',1,2000,,'',1,6100,,'',1,2100,,'',1,2300,,'',1,6400,,'',1,2300,,'',1,2200,,'',1,6100,,'',1,2000,,'',1,2100,,'',1,5700,,'',1,2700,,'',1,7100,,'',1,3200,,'',1,7100,,'',1,2700,,'',2,6800,,'',2,2800,,'',1,6800,,'',2,3100,,'',1,7000,,'',1,3000,,'',2,7100,,'',1,3300,,'',1,7400,,'',1,3100,,'',2,7300,,'',1,3300,,'',2,7300,,'',1
'26J-H56J000A-80-A',11302,55900,4,'',1,6900,4,'',1,7300,4,'',1,2900,4,'',1,7300,4,'',1,3200,4,'',1,7200,4,'',1,2900,4,'',1,7000,4,'',1,3100,4,'',1,7100,4,'',1,3100,4,'',1,7200,4,'',2,3200,4,'',1,7100,4,'',1,2700,4,'',1,6500,4,'',1,2300,4,'',1,2100,4,'',1,6100,4,'',1,2000,4,'',1,1900,4,'',1,5900,4,'',1,1900,4,'',1,1900,4,'',1,6100,4,'',1,2200,4,'',1,2000,4,'',1,6100,4,'',1,2100,4,'',2,2500,4,'',1,6600,4,'',1,2700,4,'',2,6700,4,'',2,2600,4,'',1,6900,4,'',2,2800,4,'',1,7000,4,'',1,3000,4,'',2,7100,4,'',1,3100,4,'',2,7300,4,'',1,3300,4,'',2,7300,4,'',1,3300,4,'',2,7300,4,'',1
'26J-H56J000I-80-I',11301,52000,,'',2,3300,,'',1,7300,,'',2,3100,,'',1,7200,,'',1,2400,,'',1,6300,,'',1,2200,,'',1,6400,,'',1,2700,,'',1,2700,,'',1,6900,,'',1,3000,,'',1,7000,,'',1,3000,,'',1,6900,,'',1,2900,,'',1,6800,,'',1,2500,,'',1,6600,,'',1,2700,,'',1,7000,,'',1,3100,,'',1,7100,,'',1,3100,,'',2,6900,,'',1,3100,,'',1,7100,,'',2,3000,,'',1,6700,,'',1,2700,,'',1,6600,,'',1,2600,,'',1,2600,,'',1,6400,,'',1,3300,,'',1,7200,,'',1,3200,,'',1,7200,,'',1,7200,,'',1,3000,,'',1,7100,,'',1
'26J-H56J000I-80-I',11302,62000,4,'',2,3100,4,'',1,7200,4,'',1,3100,4,'',1,7200,4,'',1,3000,4,'',1,7200,4,'',1,7400,4,'',1,3200,4,'',1,7300,4,'',1,3500,4,'',1,7300,4,'',1,3000,4,'',1,6900,4,'',1,2600,4,'',1,6600,4,'',1,2700,4,'',1,6900,4,'',1,2800,4,'',1,2700,4,'',1,6000,4,'',1,1900,4,'',2,2000,4,'',1,6000,4,'',1,2000,4,'',1,1900,4,'',2,6000,4,'',1,2200,4,'',1,6400,4,'',1,2500,4,'',2,2500,4,'',1,6600,4,'',1,2600,4,'',1,7000,4,'',1,3300,4,'',1,7100,4,'',1,3300,4,'',1,7200,4,'',1,3200,4,'',1,7000,4,'',1,3100,4,'',1,7100,4,'',1,3300,4,'',1
'26J-H56J000S-80-S',11301,44500,,'',1,6700,,'',2,2300,,'',1,1800,,'',1,5500,,'',1,1400,,'',2,900,,'',1,900,,'',2,800,,'',1,700,,'',2,4600,,'',2,600,,'',2,700,,'',1,700,,'',2,800,,'',2,900,,'',2,1000,,'',1,5400,,'',2,1400,,'',2,1600,,'',1,1600,,'',1,5800,,'',2,2100,,'',2,2200,,'',1,6000,,'',1,1600,,'',1,1500,,'',1,1600,,'',2,5400,,'',2,1200,,'',2,1200,,'',1,1100,,'',2,1200,,'',1,5600,,'',2,1500,,'',1,1400,,'',2,1500,,'',1,5600,,'',1,1600,,'',2,1500,,'',1,1500,,'',2,5500,,'',1,1600,,'',1,1500,,'',2,1000,,'',1,5100,,'',1,1200,,'',1,1400,,'',2,1400,,'',1,5900,,'',2,2200,,'',1,2100,,'',2,6100,,'',2,2300,,'',2,2500,,'',1,6800,,'',1,3000,,'',2,7000,,'',2,3000,,'',1,7000,,'',1,3100,,'',1,7000,,'',1,2800,,'',1,6800,,'',2,3200,,'',1,7300,,'',2,3200,,'',1,7100,,'',2,7000,,'',1
'26J-H56J000S-80-S',11302,54700,4,'',1,6900,4,'',2,2600,4,'',1,6600,4,'',1,2400,4,'',2,2000,4,'',2,5700,4,'',2,1700,4,'',1,3000,4,'',2,6400,4,'',2,2300,4,'',1,6000,4,'',1,2100,4,'',2,2000,4,'',2,6000,4,'',2,2100,4,'',1,2300,4,'',1,5900,4,'',2,1800,4,'',2,1900,4,'',1,5900,4,'',1,2000,4,'',2,1500,4,'',1,1500,4,'',2,5500,4,'',1,1500,4,'',1,1600,4,'',2,6100,4,'',1,2100,4,'',2,1900,4,'',1,1900,4,'',2,5100,4,'',1,1100,4,'',1,1100,4,'',2,900,4,'',2,800,4,'',1,700,4,'',1,4600,4,'',2,600,4,'',1,600,4,'',2,700,4,'',2,700,4,'',2,700,4,'',1,800,4,'',1,800,4,'',1,800,4,'',1,4800,4,'',2,800,4,'',2,800,4,'',2,800,4,'',2,900,4,'',1,900,4,'',2,5200,4,'',2,1500,4,'',1,1700,4,'',1,1600,4,'',1,6000,4,'',2,2000,4,'',2,2000,4,'',1,6000,4,'',1,1800,4,'',1,1900,4,'',1,5800,4,'',1,1700,4,'',1,1900,4,'',1,6100,4,'',1,2000,4,'',2,3200,4,'',1,7100,4,'',2,3000,4,'',1,6800,4,'',2,3200,4,'',1
'26J-H56JV00A-80-A',11301,50000,,'',1,3200,,'',1,7300,,'',1,2900,,'',1,7300,,'',1,2900,,'',1,7300,,'',1,3300,,'',1,7100,,'',1,3000,,'',1,7000,,'',1,3000,,'',1,6200,,'',2,2100,,'',1,1900,,'',1,5900,,'',1,1900,,'',1,2000,,'',1,6100,,'',1,2100,,'',1,2300,,'',1,6400,,'',1,2300,,'',1,2200,,'',1,6100,,'',1,2000,,'',1,2100,,'',1,5700,,'',1,2700,,'',1,7100,,'',1,3200,,'',1,7100,,'',1,2700,,'',2,6800,,'',2,2800,,'',1,6800,,'',2,3100,,'',1,7000,,'',1,3000,,'',2,7100,,'',1,3300,,'',1,7400,,'',1,3100,,'',2,7300,,'',1,3300,,'',2,7300,,'',1
'26J-H56JV00A-80-A',11302,55900,4,'',1,6900,4,'',1,7300,4,'',1,2900,4,'',1,7300,4,'',1,3200,4,'',1,7200,4,'',1,2900,4,'',1,7000,4,'',1,3100,4,'',1,7100,4,'',1,3100,4,'',1,7200,4,'',2,3200,4,'',1,7100,4,'',1,2700,4,'',1,6500,4,'',1,2300,4,'',1,2100,4,'',1,6100,4,'',1,2000,4,'',1,1900,4,'',1,5900,4,'',1,1900,4,'',1,1900,4,'',1,6100,4,'',1,2200,4,'',1,2000,4,'',1,6100,4,'',1,2100,4,'',2,2500,4,'',1,6600,4,'',1,2700,4,'',2,6700,4,'',2,2600,4,'',1,6900,4,'',2,2800,4,'',1,7000,4,'',1,3000,4,'',2,7100,4,'',1,3100,4,'',2,7300,4,'',1,3300,4,'',2,7300,4,'',1,3300,4,'',2,7300,4,'',1
'26J-H56JV00I-80-I',11301,52000,,'',2,3300,,'',1,7300,,'',2,3100,,'',1,7200,,'',1,2400,,'',1,6300,,'',1,2200,,'',1,6400,,'',1,2700,,'',1,2700,,'',1,6900,,'',1,3000,,'',1,7000,,'',1,3000,,'',1,6900,,'',1,2900,,'',1,6800,,'',1,2500,,'',1,6600,,'',1,2700,,'',1,7000,,'',1,3100,,'',1,7100,,'',1,3100,,'',2,6900,,'',1,3100,,'',1,7100,,'',2,3000,,'',1,6700,,'',1,2700,,'',1,6600,,'',1,2600,,'',1,2600,,'',1,6400,,'',1,3300,,'',1,7200,,'',1,3200,,'',1,7200,,'',1,7200,,'',1,3000,,'',1,7100,,'',1
'26J-H56JV00I-80-I',11302,62000,4,'',2,3100,4,'',1,7200,4,'',1,3100,4,'',1,7200,4,'',1,3000,4,'',1,7200,4,'',1,7400,4,'',1,3200,4,'',1,7300,4,'',1,3500,4,'',1,7300,4,'',1,3000,4,'',1,6900,4,'',1,2600,4,'',1,6600,4,'',1,2700,4,'',1,6900,4,'',1,2800,4,'',1,2700,4,'',1,6000,4,'',1,1900,4,'',2,2000,4,'',1,6000,4,'',1,2000,4,'',1,1900,4,'',2,6000,4,'',1,2200,4,'',1,6400,4,'',1,2500,4,'',2,2500,4,'',1,6600,4,'',1,2600,4,'',1,7000,4,'',1,3300,4,'',1,7100,4,'',1,3300,4,'',1,7200,4,'',1,3200,4,'',1,7000,4,'',1,3100,4,'',1,7100,4,'',1,3300,4,'',1
'26J-H56JV00S-80-S',11301,44500,,'',1,6700,,'',1,2300,,'',1,1800,,'',1,5500,,'',1,1400,,'',1,900,,'',1,900,,'',2,800,,'',1,700,,'',2,4600,,'',2,600,,'',1,700,,'',1,700,,'',2,800,,'',1,900,,'',1,1000,,'',1,5400,,'',2,1400,,'',2,1600,,'',1,1600,,'',1,5800,,'',1,2100,,'',2,2200,,'',1,6000,,'',1,1600,,'',1,1500,,'',1,1600,,'',2,5400,,'',2,1200,,'',2,1200,,'',1,1100,,'',2,1200,,'',1,5600,,'',2,1500,,'',1,1400,,'',1,1500,,'',1,5600,,'',1,1600,,'',2,1500,,'',1,1500,,'',1,5500,,'',1,1600,,'',1,1500,,'',2,1000,,'',1,5100,,'',1,1200,,'',1,1400,,'',1,1400,,'',1,5900,,'',2,2200,,'',1,2100,,'',1,6100,,'',2,2300,,'',2,2500,,'',1,6800,,'',1,3000,,'',2,7000,,'',1,3000,,'',1,7000,,'',1,3100,,'',1,7000,,'',1,2800,,'',1,6800,,'',2,3200,,'',1,7300,,'',2,3200,,'',1,7100,,'',2,7000,,'',1
'26J-H56JV00S-80-S',11302,54700,4,'',1,6900,4,'',1,2600,4,'',1,6600,4,'',1,2400,4,'',1,2000,4,'',2,5700,4,'',2,1700,4,'',1,3000,4,'',1,6400,4,'',2,2300,4,'',1,6000,4,'',1,2100,4,'',1,2000,4,'',2,6000,4,'',2,2100,4,'',1,2300,4,'',1,5900,4,'',2,1800,4,'',2,1900,4,'',1,5900,4,'',1,2000,4,'',2,1500,4,'',1,1500,4,'',1,5500,4,'',1,1500,4,'',1,1600,4,'',2,6100,4,'',1,2100,4,'',1,1900,4,'',1,1900,4,'',2,5100,4,'',1,1100,4,'',1,1100,4,'',2,900,4,'',1,800,4,'',1,700,4,'',1,4600,4,'',2,600,4,'',1,600,4,'',2,700,4,'',2,700,4,'',2,700,4,'',1,800,4,'',1,800,4,'',1,800,4,'',1,4800,4,'',2,800,4,'',2,800,4,'',1,800,4,'',2,900,4,'',1,900,4,'',2,5200,4,'',2,1500,4,'',1,1700,4,'',1,1600,4,'',1,6000,4,'',2,2000,4,'',1,2000,4,'',1,6000,4,'',1,1800,4,'',1,1900,4,'',1,5800,4,'',1,1700,4,'',1,1900,4,'',1,6100,4,'',1,2000,4,'',2,3200,4,'',1,7100,4,'',2,3000,4,'',1,6800,4,'',2,3200,4,'',1
