20301,'H50J000S-83-S',713,,69148,11,0,5,1
20301,'H50JV00S-82-S',713,,69149,11,0,5,1
20301,'H56J000S-80-S',1808,,69150,11,0,5,1
20301,'H56JV00S-80-S',1808,,69151,11,0,5,1
20301,'H60J000A-80-A',609,,69158,11,0,5,2,30,,69175,11,0,5,1,71,,69170,11,0,5,1,30,,69159,11,0,5,2,71,,69176,11,0,5,1,30,,69171,11,0,5,1,70,,69160,11,0,5,2,32,,69177,11,0,5,1,73,,69172,11,0,5,1,32,,69161,11,0,5,2,73,,69178,11,0,5,1,33,,69173,11,0,5,1,73,,69162,11,0,5,2,32,,69179,11,0,5,1,70,,69186,11,0,5,2,29,,69174,11,0,5,1,69,,69163,11,0,5,2,29,,69180,11,0,5,1,69,,69187,11,0,5,2,29,,69152,11,0,5,1,70,,69164,11,0,5,2,30,,69181,11,0,5,1,70,,69188,11,0,5,2,28,,69153,11,0,5,1,71,,69165,11,0,5,2,31,,69182,11,0,5,1,69,,69154,11,0,5,1,30,,69166,11,0,5,2,69,,69183,11,0,5,1,29,,69155,11,0,5,1,69,,69167,11,0,5,2,29,,69184,11,0,5,1,68,,69156,11,0,5,1,28,,69168,11,0,5,2,68,,69185,11,0,5,1,28,,69157,11,0,5,1,68,,69169,11,0,5,2
20301,'H60J000I-80-I',709,,69189,11,0,5,1,30,,69212,11,0,5,2,70,,69201,11,0,5,1,30,,69190,11,0,5,1,70,,69213,11,0,5,2,30,,69202,11,0,5,1,70,,69191,11,0,5,1,30,,69214,11,0,5,2,70,,69203,11,0,5,1,30,,69192,11,0,5,1,70,,69215,11,0,5,2,30,,69204,11,0,5,1,71,,69193,11,0,5,1,30,,69216,11,0,5,2,70,,69205,11,0,5,1,32,,69194,11,0,5,1,70,,69217,11,0,5,2,31,,69206,11,0,5,1,71,,69195,11,0,5,1,30,,69218,11,0,5,2,70,,69207,11,0,5,1,31,,69196,11,0,5,1,69,,69219,11,0,5,2,29,,69208,11,0,5,1,68,,69197,11,0,5,1,29,,69220,11,0,5,2,69,,69209,11,0,5,1,29,,69198,11,0,5,1,70,,69221,11,0,5,2,30,,69210,11,0,5,1,70,,69199,11,0,5,1,30,,69222,11,0,5,2,69,,69211,11,0,5,1,30,,69200,11,0,5,1,70,,69223,11,0,5,2
20301,'H60J000S-98-S',603,,69235,11,0,5,2,34,,69225,11,0,5,1,66,,69236,11,0,5,1,27,,69224,11,0,5,2,29,,69245,11,0,5,2,66,,69226,11,0,5,1,12,,69246,11,0,5,1,73,,69244,11,0,5,1,32,,69231,11,0,5,1,72,,69227,11,0,5,1,32,,69247,11,0,5,1,72,,69242,11,0,5,1,31,,69232,11,0,5,1,69,,69228,11,0,5,1,30,,69230,11,0,5,1,69,,69233,11,0,5,1,29,,69241,11,0,5,1,69,,69229,11,0,5,1,29,,69253,11,0,5,1,72,,69259,11,0,5,1,33,,69234,11,0,5,1,65,,69248,11,0,5,2,27,,69254,11,0,5,1,63,,69243,11,0,5,1,32,,69258,11,0,5,1,105,,69255,11,0,5,1,71,,69249,11,0,5,1,30,,69237,11,0,5,1,72,,69256,11,0,5,1,31,,69250,11,0,5,1,70,,69238,11,0,5,1,30,,69257,11,0,5,1,71,,69251,11,0,5,1,29,,69239,11,0,5,1,69,,69260,11,0,5,1,28,,69252,11,0,5,1,68,,69240,11,0,5,1
20301,'H60JV00A-80-A',609,,69261,11,0,5,2,30,,69279,11,0,5,1,71,,69293,11,0,5,1,30,,69262,11,0,5,2,71,,69280,11,0,5,1,30,,69294,11,0,5,1,70,,69263,11,0,5,2,32,,69281,11,0,5,1,73,,69295,11,0,5,1,32,,69264,11,0,5,2,73,,69282,11,0,5,1,33,,69296,11,0,5,1,73,,69265,11,0,5,2,32,,69283,11,0,5,1,70,,69290,11,0,5,2,29,,69297,11,0,5,1,69,,69266,11,0,5,2,29,,69284,11,0,5,1,69,,69291,11,0,5,2,29,,69273,11,0,5,1,70,,69267,11,0,5,2,30,,69285,11,0,5,1,70,,69292,11,0,5,2,28,,69274,11,0,5,1,71,,69268,11,0,5,2,31,,69286,11,0,5,1,69,,69275,11,0,5,1,30,,69269,11,0,5,2,69,,69287,11,0,5,1,29,,69276,11,0,5,1,69,,69270,11,0,5,2,29,,69288,11,0,5,1,68,,69277,11,0,5,1,28,,69271,11,0,5,2,68,,69289,11,0,5,1,28,,69278,11,0,5,1,68,,69272,11,0,5,2
20301,'H60JV00I-80-I',709,,69298,11,0,5,1,30,,69321,11,0,5,2,70,,69310,11,0,5,1,30,,69299,11,0,5,1,70,,69322,11,0,5,2,30,,69311,11,0,5,1,70,,69300,11,0,5,1,30,,69323,11,0,5,2,70,,69312,11,0,5,1,30,,69301,11,0,5,1,70,,69324,11,0,5,2,30,,69313,11,0,5,1,71,,69302,11,0,5,1,30,,69325,11,0,5,2,70,,69314,11,0,5,1,32,,69303,11,0,5,1,70,,69326,11,0,5,2,31,,69315,11,0,5,1,71,,69304,11,0,5,1,30,,69327,11,0,5,2,70,,69316,11,0,5,1,31,,69305,11,0,5,1,69,,69328,11,0,5,2,29,,69317,11,0,5,1,68,,69306,11,0,5,1,29,,69329,11,0,5,2,69,,69318,11,0,5,1,29,,69307,11,0,5,1,70,,69330,11,0,5,2,30,,69319,11,0,5,1,70,,69308,11,0,5,1,30,,69331,11,0,5,2,69,,69320,11,0,5,1,30,,69309,11,0,5,1,70,,69332,11,0,5,2
20301,'H60JV00S-98-S',603,,69369,11,0,5,2,34,,69363,11,0,5,1,66,,69343,11,0,5,1,27,,69366,11,0,5,2,29,,69344,11,0,5,2,66,,69364,11,0,5,1,12,,69339,11,0,5,1,73,,69367,11,0,5,1,32,,69352,11,0,5,1,72,,69365,11,0,5,1,32,,69340,11,0,5,1,72,,69341,11,0,5,1,31,,69353,11,0,5,1,69,,69350,11,0,5,1,30,,69334,11,0,5,1,69,,69354,11,0,5,1,29,,69355,11,0,5,1,69,,69351,11,0,5,1,29,,69345,11,0,5,1,72,,69357,11,0,5,1,33,,69333,11,0,5,1,65,,69368,11,0,5,2,27,,69346,11,0,5,1,63,,69342,11,0,5,1,32,,69356,11,0,5,1,105,,69347,11,0,5,1,71,,69335,11,0,5,1,30,,69359,11,0,5,1,72,,69348,11,0,5,1,31,,69336,11,0,5,1,70,,69360,11,0,5,1,30,,69349,11,0,5,1,71,,69337,11,0,5,1,29,,69361,11,0,5,1,69,,69358,11,0,5,1,28,,69338,11,0,5,1,68,,69362,11,0,5,1
