20802,'H60U000A-85-A',633,,273195,40,0,10,1,69,,273202,40,0,10,1,30,,273199,40,0,10,2,71,,273196,40,0,10,1,31,,273203,40,0,10,1,73,,273200,40,0,10,2,32,,273186,40,0,10,1,69,,273211,40,0,10,1,29,,273176,40,0,10,1,70,,273201,40,0,10,2,30,,273187,40,0,10,1,71,,273212,40,0,10,1,31,,273188,40,0,10,2,72,,273184,40,0,10,2,32,,273204,40,0,10,1,71,,273177,40,0,10,1,31,,273189,40,0,10,2,69,,273182,40,0,10,2,28,,273205,40,0,10,1,68,,273178,40,0,10,1,28,,273190,40,0,10,2,69,,273185,40,0,10,2,29,,273206,40,0,10,1,68,,273179,40,0,10,1,28,,273191,40,0,10,2,68,,273183,40,0,10,2,30,,273207,40,0,10,1,70,,273180,40,0,10,1,33,,273192,40,0,10,2,73,,273208,40,0,10,1,31,,273181,40,0,10,1,71,,273193,40,0,10,2,31,,273210,40,0,10,1,70,,273197,40,0,10,1,31,,273194,40,0,10,2,71,,273209,40,0,10,1,31,,273198,40,0,10,1
20802,'H60U000I-84-I',810,,273213,40,0,10,1,31,,273222,40,0,10,1,72,,273230,40,0,10,1,30,,273239,40,0,10,2,70,,273214,40,0,10,1,30,,273223,40,0,10,2,70,,273231,40,0,10,1,30,,273240,40,0,10,2,70,,273215,40,0,10,1,31,,273224,40,0,10,2,71,,273232,40,0,10,1,31,,273241,40,0,10,2,71,,273216,40,0,10,1,31,,273225,40,0,10,2,71,,273233,40,0,10,1,31,,273242,40,0,10,2,71,,273217,40,0,10,1,30,,273226,40,0,10,2,70,,273234,40,0,10,1,30,,273243,40,0,10,2,70,,273218,40,0,10,1,30,,273227,40,0,10,2,69,,273235,40,0,10,1,30,,273244,40,0,10,2,70,,273219,40,0,10,1,29,,273228,40,0,10,2,69,,273236,40,0,10,1,28,,273245,40,0,10,2,68,,273220,40,0,10,1,28,,273229,40,0,10,2,68,,273237,40,0,10,1,29,,273246,40,0,10,2,71,,273221,40,0,10,1,33,,273238,40,0,10,1
20802,'H60U000S-86-S',645,,273251,40,0,10,1,68,,273262,40,0,10,1,30,,273276,40,0,10,2,69,,273256,40,0,10,1,30,,273270,40,0,10,2,71,,273263,40,0,10,1,30,,273277,40,0,10,2,70,,273257,40,0,10,1,31,,273271,40,0,10,2,70,,273247,40,0,10,1,30,,273264,40,0,10,2,70,,273258,40,0,10,1,30,,273272,40,0,10,2,68,,273248,40,0,10,1,28,,273265,40,0,10,2,69,,273259,40,0,10,1,28,,273273,40,0,10,2,68,,273249,40,0,10,1,29,,273266,40,0,10,2,69,,273260,40,0,10,1,29,,273274,40,0,10,2,68,,273250,40,0,10,1,32,,273267,40,0,10,2,70,,273261,40,0,10,1,28,,273278,40,0,10,1,71,,273255,40,0,10,1,29,,273268,40,0,10,2,29,,273283,40,0,10,2,69,,273281,40,0,10,1,29,,273279,40,0,10,1,69,,273252,40,0,10,1,31,,273282,40,0,10,1,71,,273275,40,0,10,2,30,,273254,40,0,10,1,70,,273269,40,0,10,1,29,,273280,40,0,10,2,69,,273253,40,0,10,1
20802,'H60U100F-85-F1',810,,273294,40,0,10,2,31,,273284,40,0,10,1,72,,273285,40,0,10,1,30,,273310,40,0,10,1,70,,273295,40,0,10,2,30,,273303,40,0,10,1,70,,273286,40,0,10,1,30,,273311,40,0,10,1,70,,273296,40,0,10,2,31,,273304,40,0,10,1,71,,273287,40,0,10,1,31,,273312,40,0,10,1,71,,273297,40,0,10,2,31,,273305,40,0,10,1,71,,273288,40,0,10,1,31,,273313,40,0,10,1,71,,273298,40,0,10,2,30,,273306,40,0,10,1,70,,273289,40,0,10,1,30,,273314,40,0,10,1,70,,273299,40,0,10,2,30,,273307,40,0,10,1,69,,273290,40,0,10,1,30,,273315,40,0,10,1,70,,273300,40,0,10,2,29,,273308,40,0,10,1,69,,273291,40,0,10,1,28,,273316,40,0,10,1,68,,273301,40,0,10,2,28,,273309,40,0,10,1,68,,273292,40,0,10,1,29,,273317,40,0,10,1,71,,273302,40,0,10,2,33,,273293,40,0,10,1
20802,'H60U200F-83-F2',810,,273328,40,0,10,2,31,,273318,40,0,10,1,72,,273319,40,0,10,1,30,,273344,40,0,10,1,70,,273329,40,0,10,2,30,,273337,40,0,10,1,70,,273320,40,0,10,1,30,,273345,40,0,10,1,70,,273330,40,0,10,2,31,,273338,40,0,10,1,71,,273321,40,0,10,1,31,,273346,40,0,10,1,71,,273331,40,0,10,2,31,,273339,40,0,10,1,71,,273322,40,0,10,1,31,,273347,40,0,10,1,71,,273332,40,0,10,2,30,,273340,40,0,10,1,70,,273323,40,0,10,1,30,,273348,40,0,10,1,70,,273333,40,0,10,2,30,,273341,40,0,10,1,69,,273324,40,0,10,1,30,,273349,40,0,10,1,70,,273334,40,0,10,2,29,,273342,40,0,10,1,69,,273325,40,0,10,1,28,,273350,40,0,10,1,68,,273335,40,0,10,2,28,,273343,40,0,10,1,68,,273326,40,0,10,1,29,,273351,40,0,10,1,71,,273336,40,0,10,2,33,,273327,40,0,10,1
37602,'H60U000A-85-A',2647,,277893,18,0,10,1,85,,277891,18,0,10,2,85,,277892,18,0,10,1,85,,277894,18,0,10,1
37602,'H60U000I-84-I',2604,,277897,18,0,10,1,45,,277899,18,0,10,1,85,,277895,18,0,10,1,84,,277896,18,0,10,2,85,,277898,18,0,10,1
37602,'H60U000S-86-S',2602,,277902,18,0,10,1,45,,277900,18,0,10,1,85,,277901,18,0,10,1,85,,277904,18,0,10,2,85,,277903,18,0,10,1
37602,'H60U100F-85-F1',2604,,277908,18,0,10,1,45,,277907,18,0,10,1,85,,277905,18,0,10,1,84,,277906,18,0,10,1,85,,277909,18,0,10,1
37602,'H60U200F-83-F2',2604,,277913,18,0,10,1,45,,277912,18,0,10,1,85,,277910,18,0,10,1,84,,277911,18,0,10,1,85,,277914,18,0,10,1
