2803,'H54J000A-80-A',531,,7131,35,0,8,1,69,,7119,35,0,8,1,32,,7133,35,0,8,1,72,,7149,35,0,8,1,32,,7120,35,0,8,1,73,,7134,35,0,8,1,33,,7146,35,0,8,1,73,,7121,35,0,8,1,33,,7135,35,0,8,1,72,,7147,35,0,8,1,33,,7122,35,0,8,1,71,,7136,35,0,8,1,27,,7155,35,0,8,2,68,,7148,35,0,8,1,27,,7123,35,0,8,1,71,,7137,35,0,8,1,32,,7156,35,0,8,2,72,,7124,35,0,8,1,32,,7138,35,0,8,1,71,,7157,35,0,8,2,31,,7125,35,0,8,1,71,,7139,35,0,8,1,31,,7158,35,0,8,2,72,,7126,35,0,8,1,71,,7140,35,0,8,1,32,,7159,35,0,8,2,73,,7127,35,0,8,1,33,,7141,35,0,8,1,74,,7150,35,0,8,1,34,,7128,35,0,8,1,74,,7142,35,0,8,1,34,,7151,35,0,8,1,73,,7129,35,0,8,1,73,,7143,35,0,8,1,33,,7152,35,0,8,1,72,,7130,35,0,8,1,33,,7144,35,0,8,1,73,,7153,35,0,8,1,33,,7132,35,0,8,1,73,,7145,35,0,8,1,33,,7154,35,0,8,1
2803,'H54J000I-80-I',530,,7163,35,0,8,1,23,,7165,35,0,8,1,74,,7164,35,0,8,1,32,,7176,35,0,8,2,73,,7166,35,0,8,1,72,,7179,35,0,8,1,32,,7177,35,0,8,2,72,,7180,35,0,8,1,33,,7191,35,0,8,1,72,,7178,35,0,8,2,33,,7181,35,0,8,1,64,,7162,35,0,8,1,24,,7192,35,0,8,1,71,,7167,35,0,8,2,31,,7182,35,0,8,1,72,,7193,35,0,8,1,32,,7168,35,0,8,2,72,,7183,35,0,8,1,32,,7194,35,0,8,1,72,,7169,35,0,8,2,33,,7184,35,0,8,1,73,,7195,35,0,8,1,33,,7170,35,0,8,2,73,,7185,35,0,8,1,73,,7196,35,0,8,1,33,,7171,35,0,8,2,73,,7186,35,0,8,1,33,,7197,35,0,8,1,73,,7172,35,0,8,2,33,,7187,35,0,8,1,73,,7198,35,0,8,1,31,,7173,35,0,8,2,73,,7188,35,0,8,1,32,,7199,35,0,8,1,73,,7174,35,0,8,2,73,,7160,35,0,8,1,33,,7189,35,0,8,1,73,,7175,35,0,8,2,31,,7161,35,0,8,1,74,,7190,35,0,8,1
2803,'H54J000S-83-S',534,,7205,35,0,8,1,73,,7212,35,0,8,1,15,,7206,35,0,8,1,23,,7215,35,0,8,1,10,,7211,35,0,8,2,51,,7214,35,0,8,1,12,,7218,35,0,8,2,10,,7207,35,0,8,1,18,,7200,35,0,8,1,8,,7213,35,0,8,1,49,,7224,35,0,8,2,10,,7223,35,0,8,2,11,,7228,35,0,8,2,13,,7225,35,0,8,1,13,,7229,35,0,8,2,64,,7219,35,0,8,2,30,,7201,35,0,8,1,71,,7226,35,0,8,1,30,,7220,35,0,8,2,71,,7202,35,0,8,1,31,,7227,35,0,8,1,73,,7221,35,0,8,2,31,,7203,35,0,8,1,68,,7230,35,0,8,1,30,,7233,35,0,8,1,68,,7222,35,0,8,2,31,,7234,35,0,8,2,71,,7231,35,0,8,1,102,,7240,35,0,8,2,30,,7248,35,0,8,1,70,,7232,35,0,8,1,28,,7249,35,0,8,2,65,,7241,35,0,8,2,31,,7235,35,0,8,1,71,,7208,35,0,8,1,30,,7242,35,0,8,2,71,,7236,35,0,8,1,31,,7209,35,0,8,1,71,,7243,35,0,8,2,30,,7237,35,0,8,1,69,,7210,35,0,8,1,31,,7244,35,0,8,2,70,,7238,35,0,8,1,29,,7253,35,0,8,2,69,,7245,35,0,8,2,30,,7239,35,0,8,1,70,,7254,35,0,8,2,29,,7246,35,0,8,2,69,,7250,35,0,8,1
2803,'H54JV00A-80-A',531,,7295,35,0,8,1,69,,7255,35,0,8,1,32,,7267,35,0,8,1,72,,7284,35,0,8,1,32,,7256,35,0,8,1,73,,7268,35,0,8,1,33,,7292,35,0,8,1,73,,7257,35,0,8,1,33,,7269,35,0,8,1,72,,7293,35,0,8,1,33,,7258,35,0,8,1,71,,7270,35,0,8,1,27,,7291,35,0,8,2,68,,7294,35,0,8,1,27,,7259,35,0,8,1,71,,7271,35,0,8,1,32,,7280,35,0,8,2,72,,7260,35,0,8,1,32,,7272,35,0,8,1,71,,7281,35,0,8,2,31,,7261,35,0,8,1,71,,7273,35,0,8,1,31,,7282,35,0,8,2,72,,7262,35,0,8,1,71,,7274,35,0,8,1,32,,7283,35,0,8,2,73,,7263,35,0,8,1,33,,7275,35,0,8,1,74,,7285,35,0,8,1,34,,7264,35,0,8,1,74,,7276,35,0,8,1,34,,7286,35,0,8,1,73,,7265,35,0,8,1,73,,7277,35,0,8,1,33,,7287,35,0,8,1,72,,7266,35,0,8,1,33,,7278,35,0,8,1,73,,7288,35,0,8,1,33,,7290,35,0,8,1,73,,7279,35,0,8,1,33,,7289,35,0,8,1
2803,'H54JV00I-80-I',530,,7335,35,0,8,1,23,,7331,35,0,8,1,74,,7325,35,0,8,1,32,,7326,35,0,8,2,73,,7332,35,0,8,1,72,,7334,35,0,8,1,32,,7327,35,0,8,2,72,,7305,35,0,8,1,33,,7316,35,0,8,1,72,,7328,35,0,8,2,33,,7306,35,0,8,1,64,,7333,35,0,8,1,24,,7317,35,0,8,1,71,,7296,35,0,8,2,31,,7307,35,0,8,1,72,,7318,35,0,8,1,32,,7297,35,0,8,2,72,,7308,35,0,8,1,32,,7319,35,0,8,1,72,,7298,35,0,8,2,33,,7309,35,0,8,1,73,,7320,35,0,8,1,33,,7299,35,0,8,2,73,,7310,35,0,8,1,73,,7321,35,0,8,1,33,,7300,35,0,8,2,73,,7311,35,0,8,1,33,,7322,35,0,8,1,73,,7301,35,0,8,2,33,,7312,35,0,8,1,73,,7323,35,0,8,1,31,,7302,35,0,8,2,73,,7313,35,0,8,1,32,,7324,35,0,8,1,73,,7303,35,0,8,2,73,,7329,35,0,8,1,33,,7314,35,0,8,1,73,,7304,35,0,8,2,31,,7330,35,0,8,1,74,,7315,35,0,8,1
2803,'H54JV00S-80-S',534,,7337,35,0,8,1,73,,7350,35,0,8,1,15,,7346,35,0,8,1,23,,7353,35,0,8,1,10,,7349,35,0,8,2,51,,7352,35,0,8,1,12,,7360,35,0,8,2,10,,7347,35,0,8,1,18,,7356,35,0,8,1,8,,7351,35,0,8,1,49,,7361,35,0,8,2,10,,7355,35,0,8,2,11,,7362,35,0,8,1,13,,7367,35,0,8,1,13,,7370,35,0,8,2,64,,7343,35,0,8,1,30,,7357,35,0,8,1,71,,7368,35,0,8,1,30,,7344,35,0,8,1,71,,7358,35,0,8,1,31,,7369,35,0,8,1,73,,7345,35,0,8,1,31,,7359,35,0,8,1,68,,7371,35,0,8,1,30,,7374,35,0,8,1,68,,7375,35,0,8,2,31,,7377,35,0,8,2,71,,7372,35,0,8,1,102,,7378,35,0,8,2,30,,7380,35,0,8,1,70,,7373,35,0,8,1,28,,7381,35,0,8,2,65,,7385,35,0,8,2,31,,7338,35,0,8,1,71,,7363,35,0,8,1,30,,7386,35,0,8,2,71,,7339,35,0,8,1,31,,7364,35,0,8,1,71,,7387,35,0,8,2,30,,7340,35,0,8,1,69,,7365,35,0,8,1,31,,7388,35,0,8,2,70,,7341,35,0,8,1,29,,7366,35,0,8,1,69,,7389,35,0,8,2,30,,7342,35,0,8,1,70,,7383,35,0,8,1,29,,7390,35,0,8,2,69,,7348,35,0,8,1
2803,'H57J000S-81-S',634,,7391,35,0,8,2,917,,7393,35,0,8,2
2803,'H57JV00S-83-S',634,,7394,35,0,8,2,917,,7396,35,0,8,2
2803,'H58J000S-81-S',737,,7397,35,0,8,2
2803,'H58J000S-83-S',737,,7398,35,0,8,2
2803,'H58JV00S-82-S',737,,7399,35,0,8,2
