1704,'H60U000A-85-A',513,,222269,19,0,9,1,35,,222257,19,0,9,1,84,,222270,19,0,9,1,75,,222258,19,0,9,1,44,,222271,19,0,9,1,78,,222259,19,0,9,1,87,,222272,19,0,9,1,39,,222278,19,0,9,1,84,,222260,19,0,9,1,83,,222273,19,0,9,1,80,,222279,19,0,9,1,42,,222261,19,0,9,1,80,,222274,19,0,9,1,80,,222280,19,0,9,1,40,,222262,19,0,9,1,81,,222275,19,0,9,1,81,,222281,19,0,9,1,41,,222263,19,0,9,1,79,,222276,19,0,9,1,81,,222283,19,0,9,1,38,,222264,19,0,9,1,76,,222277,19,0,9,1,36,,222282,19,0,9,1,85,,222265,19,0,9,1,81,,222284,19,0,9,1,85,,222266,19,0,9,1,41,,222285,19,0,9,1,82,,222267,19,0,9,1,81,,222286,19,0,9,1,41,,222268,19,0,9,1,81,,222287,19,0,9,1
1704,'H60U000I-84-I',522,,222288,19,0,9,1,29,,222317,19,0,9,1,70,,222297,19,0,9,1,35,,222289,19,0,9,1,84,,222298,19,0,9,1,75,,222290,19,0,9,1,44,,222299,19,0,9,1,83,,222291,19,0,9,1,85,,222300,19,0,9,1,83,,222292,19,0,9,1,48,,222301,19,0,9,1,85,,222293,19,0,9,1,76,,222309,19,0,9,1,83,,222302,19,0,9,1,41,,222294,19,0,9,1,80,,222310,19,0,9,1,80,,222303,19,0,9,1,40,,222295,19,0,9,1,80,,222311,19,0,9,1,80,,222304,19,0,9,1,39,,222296,19,0,9,1,78,,222312,19,0,9,1,84,,222305,19,0,9,1,41,,222313,19,0,9,1,84,,222306,19,0,9,1,80,,222314,19,0,9,1,43,,222307,19,0,9,1,82,,222315,19,0,9,1,83,,222308,19,0,9,1,83,,222316,19,0,9,1
1704,'H60U000S-86-S',524,,222327,19,0,9,1,29,,222318,19,0,9,1,73,,222351,19,0,9,1,32,,222328,19,0,9,1,71,,222339,19,0,9,1,74,,222319,19,0,9,1,33,,222352,19,0,9,1,73,,222329,19,0,9,1,33,,222340,19,0,9,1,77,,222320,19,0,9,1,38,,222330,19,0,9,1,78,,222341,19,0,9,1,78,,222321,19,0,9,1,38,,222331,19,0,9,1,78,,222342,19,0,9,1,77,,222322,19,0,9,1,38,,222332,19,0,9,1,72,,222345,19,0,9,1,34,,222343,19,0,9,1,73,,222323,19,0,9,1,33,,222333,19,0,9,1,73,,222346,19,0,9,1,73,,222344,19,0,9,1,29,,222324,19,0,9,1,72,,222334,19,0,9,1,30,,222347,19,0,9,1,74,,222325,19,0,9,1,32,,222335,19,0,9,1,70,,222348,19,0,9,1,30,,222326,19,0,9,1,72,,222336,19,0,9,1,42,,222349,19,0,9,1,84,,222337,19,0,9,1,77,,222350,19,0,9,1,43,,222338,19,0,9,1
1704,'H60U100F-85-F1',522,,222353,19,0,9,1,29,,222382,19,0,9,1,70,,222362,19,0,9,1,35,,222354,19,0,9,1,84,,222363,19,0,9,1,75,,222355,19,0,9,1,44,,222364,19,0,9,1,83,,222356,19,0,9,1,85,,222365,19,0,9,1,83,,222357,19,0,9,1,48,,222366,19,0,9,1,85,,222358,19,0,9,1,76,,222374,19,0,9,1,83,,222367,19,0,9,1,41,,222359,19,0,9,1,80,,222375,19,0,9,1,80,,222368,19,0,9,1,40,,222360,19,0,9,1,80,,222377,19,0,9,1,80,,222369,19,0,9,1,39,,222361,19,0,9,1,78,,222378,19,0,9,1,84,,222371,19,0,9,1,41,,222376,19,0,9,1,84,,222370,19,0,9,1,80,,222379,19,0,9,1,43,,222372,19,0,9,1,82,,222380,19,0,9,1,83,,222373,19,0,9,1,83,,222381,19,0,9,1
1704,'H60U200F-83-F2',522,,222383,19,0,9,1,29,,222412,19,0,9,1,70,,222392,19,0,9,1,35,,222384,19,0,9,1,84,,222393,19,0,9,1,75,,222385,19,0,9,1,44,,222394,19,0,9,1,83,,222386,19,0,9,1,85,,222395,19,0,9,1,83,,222387,19,0,9,1,48,,222396,19,0,9,1,85,,222388,19,0,9,1,76,,222404,19,0,9,1,83,,222397,19,0,9,1,41,,222389,19,0,9,1,80,,222405,19,0,9,1,80,,222398,19,0,9,1,40,,222390,19,0,9,1,80,,222407,19,0,9,1,80,,222399,19,0,9,1,39,,222391,19,0,9,1,78,,222408,19,0,9,1,84,,222401,19,0,9,1,41,,222406,19,0,9,1,84,,222400,19,0,9,1,80,,222409,19,0,9,1,43,,222402,19,0,9,1,82,,222410,19,0,9,1,83,,222403,19,0,9,1,83,,222411,19,0,9,1
37104,'H50U000A-82-A',2556,,277775,40,0,9,1,70,,277779,40,0,9,1,30,,277777,40,0,9,2,70,,277774,40,0,9,1,30,,277776,40,0,9,1,70,,277780,40,0,9,1,30,,277778,40,0,9,2
37104,'H50U000I-82-I',2555,,277781,40,0,9,1,70,,277786,40,0,9,1,31,,277784,40,0,9,1,70,,277783,40,0,9,2,30,,277782,40,0,9,1,70,,277787,40,0,9,1,30,,277785,40,0,9,1
37104,'H50U000S-83-S',2557,,277793,40,0,9,1,70,,277789,40,0,9,1,31,,277792,40,0,9,2,70,,277791,40,0,9,1,28,,277794,40,0,9,1,70,,277790,40,0,9,1,29,,277788,40,0,9,1
37104,'H50U100F-80-F1',2555,,277795,40,0,9,1,70,,277800,40,0,9,1,31,,277798,40,0,9,1,70,,277797,40,0,9,2,30,,277796,40,0,9,1,70,,277801,40,0,9,1,30,,277799,40,0,9,1
37104,'H50U200F-80-F2',2555,,277802,40,0,9,1,70,,277807,40,0,9,1,31,,277805,40,0,9,1,70,,277804,40,0,9,2,30,,277803,40,0,9,1,70,,277808,40,0,9,1,30,,277806,40,0,9,1
