6801,'H50M000S-70-S',1611,,108842,11,0,5,1
6801,'H60M000A-71-A',604,,108851,5,0,5,2,32,,108843,5,0,5,1,73,,108852,5,0,5,2,33,,108868,5,0,5,1,73,,108870,5,0,5,1,33,,108862,5,0,5,1,73,,108853,5,0,5,1,29,,108878,11,0,5,2,68,,108869,5,0,5,1,29,,108871,5,0,5,1,70,,108844,5,0,5,1,30,,108854,5,0,5,1,70,,108863,5,0,5,1,30,,108872,5,0,5,1,70,,108845,5,0,5,1,30,,108855,5,0,5,1,69,,108864,5,0,5,1,30,,108873,5,0,5,1,70,,108846,5,0,5,1,30,,108856,5,0,5,1,69,,108865,5,0,5,1,28,,108874,5,0,5,1,69,,108847,5,0,5,1,30,,108857,5,0,5,1,69,,108866,5,0,5,1,28,,108875,5,0,5,1,69,,108848,5,0,5,1,30,,108858,5,0,5,1,72,,108867,5,0,5,1,33,,108876,5,0,5,1
6801,'H60M000I-71-I',602,,108881,5,0,5,1,35,,108884,5,0,5,2,75,,108894,5,0,5,1,35,,108882,5,0,5,1,72,,108885,5,0,5,2,28,,108913,11,0,5,1,70,,108895,5,0,5,1,28,,108883,5,0,5,1,69,,108886,5,0,5,2,28,,108906,5,0,5,1,69,,108914,5,0,5,2,30,,108896,5,0,5,1,70,,108887,5,0,5,2,30,,108907,5,0,5,1,70,,108915,5,0,5,2,30,,108897,5,0,5,1,70,,108888,5,0,5,2,30,,108908,5,0,5,1,70,,108916,5,0,5,2,30,,108898,5,0,5,1,70,,108889,5,0,5,2,30,,108909,5,0,5,1,70,,108917,5,0,5,2,30,,108900,5,0,5,1,70,,108890,5,0,5,2,30,,108910,5,0,5,1,70,,108918,5,0,5,2,33,,108899,5,0,5,1,73,,108891,5,0,5,2,33,,108911,5,0,5,1
6801,'H60M000S-71-S',512,,108920,11,0,5,2,31,,108921,11,0,5,1,73,,108926,11,0,5,2,33,,108943,11,0,5,2,72,,108944,11,0,5,1,34,,108938,11,0,5,1,73,,108945,11,0,5,1,75,,108927,11,0,5,2,13,,108934,5,0,5,1,30,,108922,5,0,5,1,69,,108939,5,0,5,1,29,,108946,5,0,5,1,69,,108935,5,0,5,1,29,,108923,5,0,5,1,69,,108940,5,0,5,1,29,,108947,5,0,5,1,68,,108936,5,0,5,1,29,,108924,5,0,5,1,69,,108941,5,0,5,1,30,,108948,5,0,5,1,74,,108937,5,0,5,1,27,,108925,5,0,5,1,102,,108942,11,0,5,1,68,,108949,11,0,5,1,28,,108951,11,0,5,2,69,,108931,11,0,5,1,29,,108953,11,0,5,2,26,,108928,5,0,5,1,66,,108954,5,0,5,1,27,,108958,5,0,5,1,71,,108932,5,0,5,1,31,,108929,5,0,5,1
6801,'H60M100F-71-F1',602,,108960,5,0,5,1,35,,108963,5,0,5,1,75,,108974,5,0,5,2,35,,108961,5,0,5,1,72,,108964,5,0,5,1,29,,108996,5,0,5,1,69,,108975,5,0,5,2,28,,108962,5,0,5,1,69,,108965,5,0,5,1,28,,108987,5,0,5,2,69,,108969,5,0,5,1,30,,108976,5,0,5,2,70,,108966,5,0,5,1,30,,108988,5,0,5,2,70,,108970,5,0,5,1,30,,108977,5,0,5,2,70,,108967,5,0,5,1,30,,108989,5,0,5,2,70,,108971,5,0,5,1,30,,108978,5,0,5,2,70,,108968,5,0,5,1,30,,108990,5,0,5,2,70,,108972,5,0,5,1,30,,108979,5,0,5,2,70,,108981,5,0,5,1,30,,108992,5,0,5,2,70,,108973,5,0,5,1,33,,108980,5,0,5,2,73,,108982,5,0,5,1,33,,108993,5,0,5,2
6801,'H60M200F-71-F2',602,,109011,5,0,5,1,35,,108998,5,0,5,1,75,,109010,5,0,5,2,35,,109012,5,0,5,1,72,,108999,5,0,5,1,29,,109027,5,0,5,1,69,,109004,5,0,5,2,28,,109013,5,0,5,1,69,,109000,5,0,5,1,28,,109019,5,0,5,2,69,,109014,5,0,5,1,30,,109005,5,0,5,2,70,,109001,5,0,5,1,30,,109020,5,0,5,2,70,,109015,5,0,5,1,30,,109006,5,0,5,2,70,,109002,5,0,5,1,30,,109022,5,0,5,2,70,,109016,5,0,5,1,30,,109007,5,0,5,2,70,,109003,5,0,5,1,30,,109021,5,0,5,2,70,,109017,5,0,5,1,30,,109008,5,0,5,2,70,,109030,5,0,5,1,30,,109023,5,0,5,2,70,,109018,5,0,5,1,33,,109009,5,0,5,2,73,,109031,5,0,5,1,33,,109024,5,0,5,2
6801,'H60M300F-80-F3',608,,168535,13,0,5,2,32,,168520,13,0,5,1,72,,168523,13,0,5,1,33,,168536,13,0,5,2,73,,168521,13,0,5,1,33,,168548,13,0,5,2,73,,168537,13,0,5,2,31,,168524,13,0,5,1,68,,168549,13,0,5,2,29,,168538,13,0,5,2,70,,168525,13,0,5,1,30,,168550,13,0,5,2,70,,168539,13,0,5,2,30,,168526,13,0,5,1,70,,168551,13,0,5,2,30,,168540,13,0,5,2,70,,168527,13,0,5,1,30,,168552,13,0,5,2,70,,168541,13,0,5,2,30,,168528,13,0,5,1,70,,168553,13,0,5,2,30,,168542,13,0,5,2,70,,168529,13,0,5,1,30,,168554,13,0,5,2,70,,168543,13,0,5,2,30,,168530,13,0,5,1,70,,168555,13,0,5,2,27,,168544,13,0,5,2,70,,168531,13,0,5,1,30,,168556,13,0,5,2,67,,168545,13,0,5,2,27,,168532,13,0,5,1,70,,168557,13,0,5,2,27,,168546,13,0,5,2,68,,168533,13,0,5,1,35,,168558,13,0,5,2,75,,168547,13,0,5,2,35,,168522,13,0,5,1,75,,168534,13,0,5,1
6802,'H60M000A-71-A',2145,,109114,78,4,,2,72,,109094,78,4,,1,32,,109111,78,4,,1,73,,109081,78,4,,1,31,,109093,78,4,,1,73,,109112,78,4,,1
6802,'H60M000I-71-I',2118,,109140,78,4,,1,28,,109135,78,4,,1,68,,109126,78,4,,2,28,,109147,78,4,,1,69,,109141,78,4,,1,31,,109136,78,4,,1
6802,'H60M000S-71-S',2112,,109193,78,4,,1,26,,109196,78,4,,1,69,,109165,78,4,,1,29,,109162,78,4,,1,67,,109194,78,4,,1,36,,109189,78,4,,1,76,,109183,78,4,,1,32,,109195,78,4,,1
6802,'H60M100F-71-F1',2118,,109223,78,4,,1,28,,109233,78,4,,1,68,,109221,78,4,,1,28,,109230,78,4,,2,69,,109224,78,4,,1,31,,109232,78,4,,1
6802,'H60M200F-71-F2',2118,,109272,78,4,,1,28,,109267,78,4,,1,68,,109269,78,4,,1,28,,109263,78,4,,2,69,,109273,78,4,,1,31,,109266,78,4,,1
