'24U-H55U000A-82-A',36103,250800,,'',1,1000,,'',1,1000,,'',2,1000,,'',1,500,,'',1,600,,'',2,500,,'',1,500,,'',1,4400,,'',1,600,,'',1,700,,'',2,900,,'',2,500,,'',1,500,,'',2,600,,'',1,500,,'',1,500,,'',1,300,,'',2,300,,'',1,4300,,'',1,400,,'',1,300,,'',1,400,,'',2,500,,'',2,500,,'',1,600,,'',1,600,,'',1,300,,'',1,700,,'',1,900,,'',1,5000,,'',1,1000,,'',2,1100,,'',1,1400,,'',1
'24U-H55U000I-80-I',36103,245100,,'',1,6400,,'',1,2400,,'',1,8200,,'',1,8500,,'',1,4500,,'',1,8500,,'',1
'24U-H55U000S-80-S',36103,245100,,'',1,6300,,'',1,1100,,'',2,600,,'',1,1700,,'',1,1100,,'',1,5500,,'',1,1200,,'',2,1500,,'',1,1100,,'',2,4800,,'',1,700,,'',1,1100,,'',1,800,,'',2,2500,,'',2,8500,,'',1
'24U-H55U000S-80-SV',36103,245700,,'',2,4500,,'',2,700,,'',2,1100,,'',2,600,,'',2,1100,,'',2,500,,'',2,900,,'',2,400,,'',2,4800,,'',2,600,,'',2,1200,,'',2,900,,'',2,1500,,'',2,6600,,'',2,1900,,'',2,600,,'',2,900,,'',2
'24U-H55U100F-80-F1',36103,245100,,'',1,6400,,'',1,2400,,'',1,8200,,'',1,8500,,'',1,4500,,'',1,8500,,'',1
'24U-H55U200F-80-F2',36103,245100,,'',1,6400,,'',1,2400,,'',1,8200,,'',1,8500,,'',1,4500,,'',1,8500,,'',1
'24U-H59U000A-80-A',71501,71600,4,'',2,3000,4,'',1,7100,4,'',2,3000,4,'',2,7000,4,'',1,3500,4,'',2,7000,4,'',2,3000,4,'',1,7000,4,'',2,3000,4,'',2,7000,4,'',1,3000,4,'',2,7300,4,'',2,3000,4,'',1,7100,4,'',2,3000,4,'',2,7100,4,'',1,3000,4,'',2,6900,4,'',2,2900,4,'',1,7000,4,'',2,3200,4,'',2,7100,4,'',1,3100,4,'',2,7200,4,'',2,7100,4,'',1,3200,4,'',2,7100,4,'',2,3200,4,'',1,7100,4,'',2,3300,4,'',2,7300,4,'',1,3300,4,'',2,6900,4,'',1,3100,4,'',2,7200,4,'',1
'24U-H59U000A-80-A',71502,70000,,'',1,3000,,'',2,7000,,'',1,3000,,'',2,7000,,'',2,3000,,'',1,7000,,'',2,3000,,'',2,7000,,'',1,3000,,'',2,7000,,'',2,3000,,'',1,7000,,'',2,3000,,'',2,7000,,'',1,3000,,'',2,7000,,'',2,3000,,'',1,7000,,'',2,3000,,'',2,7000,,'',1,3000,,'',2,7000,,'',2,3100,,'',1,7100,,'',2,3200,,'',2,7200,,'',1,3300,,'',2,7300,,'',2,3300,,'',1,7300,,'',2,3300,,'',2,7300,,'',1,3200,,'',2,7200,,'',1,7200,,'',2
'24U-H59U000I-80-I',71501,71700,4,'',2,2600,4,'',1,6600,4,'',2,2600,4,'',1,6800,4,'',2,2800,4,'',1,2800,4,'',2,6700,4,'',1,2800,4,'',2,6800,4,'',1,3000,4,'',2,6700,4,'',1,3000,4,'',2,7000,4,'',1,2800,4,'',2,7100,4,'',1,3400,4,'',2,7500,4,'',1,7400,4,'',2,3400,4,'',1,7400,4,'',2,3400,4,'',1,7300,4,'',2,3400,4,'',1,7400,4,'',2,3400,4,'',1,7500,4,'',2,7100,4,'',1,3400,4,'',2,6900,4,'',1,3300,4,'',2,6900,4,'',1,3000,4,'',2,7300,4,'',1,3300,4,'',2,7100,4,'',1
'24U-H59U000I-80-I',71502,70000,,'',1,2600,,'',2,2600,,'',1,6600,,'',2,2600,,'',1,6600,,'',2,2600,,'',1,6600,,'',2,2700,,'',1,2700,,'',2,6800,,'',1,3000,,'',2,6900,,'',1,2800,,'',2,7000,,'',1,2800,,'',2,7500,,'',1,3100,,'',2,7500,,'',1,7400,,'',2,3500,,'',1,7400,,'',2,3300,,'',1,7300,,'',2,3400,,'',1,7400,,'',2,7400,,'',1,3500,,'',2,7400,,'',1,3300,,'',2,7300,,'',1,3300,,'',2,7300,,'',1,3300,,'',2,7200,,'',1,7300,,'',2
'24U-H59U000S-80-S',71501,72200,4,'',2,3400,4,'',1,7300,4,'',2,7300,4,'',1,3100,4,'',2,7000,4,'',1,3000,4,'',2,7000,4,'',1,3000,4,'',2,7000,4,'',1,3400,4,'',2,7400,4,'',1,3400,4,'',2,7300,4,'',2,3300,4,'',1,7100,4,'',2,3300,4,'',2,7300,4,'',1,7300,4,'',2,3200,4,'',2,7300,4,'',1,3200,4,'',2,7000,4,'',1,3200,4,'',2,7100,4,'',1,3000,4,'',2,6900,4,'',1,3000,4,'',2,6900,4,'',1,3000,4,'',2,6900,4,'',1,2600,4,'',2,6900,4,'',1,2600,4,'',2,2600,4,'',1,6600,4,'',2
'24U-H59U000S-80-S',71502,70000,,'',1,3200,,'',2,7100,,'',1,3000,,'',2,7200,,'',1,3000,,'',2,7000,,'',1,3000,,'',2,7000,,'',1,3100,,'',2,7300,,'',1,3300,,'',2,7300,,'',1,3300,,'',2,7300,,'',2,3300,,'',1,7300,,'',2,7300,,'',2,3300,,'',1,7300,,'',2,3200,,'',2,7100,,'',1,3200,,'',2,7100,,'',1,3100,,'',2,7000,,'',1,3000,,'',2,7000,,'',1,2900,,'',2,6900,,'',1,3000,,'',2,6900,,'',1,2700,,'',2,6800,,'',1,2600,,'',2,6900,,'',1
'24U-H59U100F-80-F1',71501,71700,4,'',2,2600,4,'',1,6600,4,'',2,2600,4,'',1,6800,4,'',2,2800,4,'',1,2800,4,'',2,6700,4,'',1,2800,4,'',2,6800,4,'',1,3000,4,'',2,6700,4,'',1,3000,4,'',2,7000,4,'',1,2800,4,'',2,7100,4,'',1,3400,4,'',2,7500,4,'',1,7400,4,'',2,3400,4,'',1,7400,4,'',2,3400,4,'',1,7300,4,'',2,3400,4,'',1,7400,4,'',2,3400,4,'',1,7500,4,'',2,7100,4,'',1,3400,4,'',2,6900,4,'',1,3300,4,'',2,6900,4,'',1,3000,4,'',2,7300,4,'',1,3300,4,'',2,7100,4,'',1
'24U-H59U100F-80-F1',71502,70000,,'',1,2600,,'',2,2600,,'',1,6600,,'',2,2600,,'',1,6600,,'',2,2600,,'',1,6600,,'',2,2700,,'',1,2700,,'',2,6800,,'',1,3000,,'',2,6900,,'',1,2800,,'',2,7000,,'',1,2800,,'',2,7500,,'',1,3100,,'',2,7500,,'',1,7400,,'',2,3500,,'',1,7400,,'',2,3300,,'',1,7300,,'',2,3400,,'',1,7400,,'',2,7400,,'',1,3500,,'',2,7400,,'',1,3300,,'',2,7300,,'',1,3300,,'',2,7300,,'',1,3300,,'',2,7200,,'',1,7300,,'',2
'24U-H59U200F-80-F2',71501,71700,4,'',2,2600,4,'',1,6600,4,'',2,2600,4,'',1,6800,4,'',2,2800,4,'',1,2800,4,'',2,6700,4,'',1,2800,4,'',2,6800,4,'',1,3000,4,'',2,6700,4,'',1,3000,4,'',2,7000,4,'',1,2800,4,'',2,7100,4,'',1,3400,4,'',2,7500,4,'',1,7400,4,'',2,3400,4,'',1,7400,4,'',2,3400,4,'',1,7300,4,'',2,3400,4,'',1,7400,4,'',2,3400,4,'',1,7500,4,'',2,7100,4,'',1,3400,4,'',2,6900,4,'',1,3300,4,'',2,6900,4,'',1,3000,4,'',2,7300,4,'',1,3300,4,'',2,7100,4,'',1
'24U-H59U200F-80-F2',71502,70000,,'',1,2600,,'',2,2600,,'',1,6600,,'',2,2600,,'',1,6600,,'',2,2600,,'',1,6600,,'',2,2700,,'',1,2700,,'',2,6800,,'',1,3000,,'',2,6900,,'',1,2800,,'',2,7000,,'',1,2800,,'',2,7500,,'',1,3100,,'',2,7500,,'',1,7400,,'',2,3500,,'',1,7400,,'',2,3300,,'',1,7300,,'',2,3400,,'',1,7400,,'',2,7400,,'',1,3500,,'',2,7400,,'',1,3300,,'',2,7300,,'',1,3300,,'',2,7300,,'',1,3300,,'',2,7200,,'',1,7300,,'',2
