3501,'H56M000A-70-A',612,,96668,18,,,1,29,,96670,18,,,1,69,,96666,18,,,1,29,,96672,18,,,1,70,,96669,18,,,1,31,,96671,18,,,1,70,,96667,18,,,1,32,,96673,18,,,1,74,,96663,18,,,1,35,,96652,18,,,1,72,,96640,18,,,1,30,,96646,18,,,1,70,,96664,18,,,1,31,,96653,18,,,1,71,,96641,18,,,1,30,,96647,18,,,1,72,,96659,18,,,1,31,,96654,18,,,1,70,,96642,18,,,1,31,,96648,18,,,1,72,,96660,18,,,1,71,,96655,18,,,1,30,,96643,18,,,1,71,,96649,18,,,1,31,,96661,18,,,1,68,,96656,18,,,1,29,,96644,18,,,1,28,,96650,18,,,1,68,,96662,18,,,1,25,,96657,18,,,1,70,,96645,18,,,1,29,,96651,18,,,1,68,,96665,18,,,1,30,,96658,18,,,1
3501,'H56M000I-70-I',611,,96695,18,,,1,29,,96706,18,,,1,71,,96690,18,,,1,31,,96701,18,,,1,72,,96704,18,,,1,31,,96707,18,,,1,70,,96703,18,,,1,31,,96702,18,,,1,71,,96705,18,,,1,30,,96693,18,,,1,74,,96692,18,,,1,30,,96674,18,,,1,69,,96694,18,,,1,30,,96680,18,,,1,71,,96685,18,,,1,30,,96675,18,,,1,70,,96696,18,,,1,30,,96681,18,,,1,70,,96686,18,,,1,30,,96676,18,,,1,70,,96697,18,,,1,30,,96682,18,,,1,68,,96687,18,,,1,29,,96677,18,,,1,71,,96698,18,,,1,30,,96683,18,,,1,69,,96688,18,,,1,28,,96678,18,,,1,70,,96699,18,,,1,30,,96684,18,,,1,70,,96689,18,,,1,30,,96679,18,,,1,71,,96700,18,,,1,30,,96691,18,,,1
3501,'H56M000S-70-S',619,,96718,18,,,1,31,,96709,18,,,1,69,,96745,18,,,1,30,,96722,18,,,1,63,,96723,18,,,2,21,,96719,18,,,1,22,,96724,18,,,1,63,,96710,18,,,1,22,,96727,18,,,1,18,,96746,18,,,2,59,,96715,18,,,1,22,,96747,18,,,1,65,,96725,18,,,1,29,,96711,18,,,1,69,,96744,18,,,1,32,,96749,18,,,1,69,,96748,18,,,1,29,,96726,18,,,1,69,,96731,18,,,2,25,,96728,18,,,1,28,,96741,18,,,1,66,,96743,18,,,1,22,,96720,18,,,1,61,,96716,18,,,1,24,,96732,18,,,2,21,,96729,18,,,1,60,,96712,18,,,1,18,,96742,18,,,1,18,,96734,18,,,1,58,,96721,18,,,1,22,,96717,18,,,1,16,,96738,18,,,2,16,,96733,18,,,2,57,,96730,18,,,1,20,,96713,18,,,1,22,,96735,18,,,1,71,,96736,18,,,2,33,,96739,18,,,2,73,,96714,18,,,1,69,,96708,18,,,1,30,,96737,18,,,2,70,,96740,18,,,2
3501,'H56M100F-70-F1',611,,96760,18,,,1,29,,96780,18,,,1,71,,96782,18,,,2,31,,96772,18,,,1,72,,96765,18,,,1,31,,96781,18,,,1,70,,96776,18,,,1,31,,96773,18,,,1,71,,96766,18,,,1,30,,96778,18,,,1,74,,96777,18,,,1,30,,96750,18,,,1,69,,96779,18,,,1,30,,96767,18,,,1,71,,96756,18,,,2,30,,96751,18,,,1,70,,96762,18,,,1,30,,96768,18,,,1,70,,96757,18,,,2,30,,96752,18,,,1,70,,96763,18,,,1,30,,96769,18,,,1,68,,96758,18,,,2,29,,96753,18,,,1,71,,96764,18,,,1,30,,96770,18,,,1,69,,96759,18,,,2,28,,96754,18,,,1,70,,96774,18,,,1,30,,96771,18,,,1,70,,96761,18,,,2,30,,96755,18,,,1,71,,96775,18,,,1,30,,96783,18,,,1
3501,'H56M200F-70-F2',611,,96795,18,,,1,29,,96814,18,,,1,71,,96816,18,,,2,31,,96806,18,,,1,72,,96799,18,,,1,31,,96815,18,,,1,70,,96810,18,,,1,31,,96807,18,,,1,71,,96800,18,,,1,30,,96812,18,,,1,74,,96811,18,,,1,30,,96784,18,,,1,69,,96813,18,,,1,30,,96801,18,,,1,71,,96790,18,,,2,30,,96785,18,,,1,70,,96796,18,,,1,30,,96802,18,,,1,70,,96791,18,,,2,30,,96786,18,,,1,70,,96797,18,,,1,30,,96803,18,,,1,68,,96792,18,,,2,29,,96787,18,,,1,71,,96798,18,,,1,30,,96804,18,,,1,69,,96793,18,,,2,28,,96788,18,,,1,70,,96808,18,,,1,30,,96805,18,,,1,70,,96794,18,,,2,30,,96789,18,,,1,71,,96809,18,,,1,30,,96817,18,,,1
3501,'H56M300F-70-F3',611,,96839,18,,,1,29,,96850,18,,,1,71,,96834,18,,,1,31,,96845,18,,,1,72,,96848,18,,,1,31,,96851,18,,,1,70,,96847,18,,,1,31,,96846,18,,,1,71,,96849,18,,,1,30,,96837,18,,,1,74,,96836,18,,,1,30,,96818,18,,,1,69,,96838,18,,,1,30,,96824,18,,,1,71,,96829,18,,,1,30,,96819,18,,,1,70,,96840,18,,,1,30,,96825,18,,,1,70,,96830,18,,,1,30,,96820,18,,,1,70,,96841,18,,,1,30,,96826,18,,,1,68,,96831,18,,,1,29,,96821,18,,,1,71,,96842,18,,,1,30,,96827,18,,,1,69,,96832,18,,,1,28,,96822,18,,,1,70,,96843,18,,,1,30,,96828,18,,,1,70,,96833,18,,,1,30,,96823,18,,,1,71,,96844,18,,,1,30,,96835,18,,,1
3501,'H57M000S-70-S',552,,96852,18,,,1
3601,'H56M000A-70-A',443,,97096,8,,,1,70,,97104,8,,,1,30,,97115,8,,,1,73,,97097,8,,,1,29,,97105,8,,,1,72,,97116,8,,,1,29,,97098,8,,,1,71,,97106,8,,,1,31,,97117,8,,,1,73,,97099,8,,,1,31,,97126,8,,,1,70,,97107,8,,,1,33,,97118,8,,,1,73,,97100,8,,,1,31,,97127,8,,,1,73,,97108,8,,,1,73,,97119,8,,,1,31,,97101,8,,,1,73,,97128,8,,,1,32,,97109,8,,,1,71,,97120,8,,,1,31,,97102,8,,,1,70,,97129,8,,,1,29,,97110,8,,,1,70,,97121,8,,,1,30,,97103,8,,,1,72,,97130,8,,,1,32,,97111,8,,,1,73,,97122,8,,,1,34,,97131,8,,,1,72,,97112,8,,,1,30,,97123,8,,,1,74,,97132,8,,,1,71,,97113,8,,,1,30,,97124,8,,,1,72,,97133,8,,,1,30,,97114,8,,,1,70,,97125,8,,,1,31,,97134,8,,,1
3601,'H56M000I-70-I',443,,97135,8,,,1,70,,97147,8,,,1,30,,97159,8,,,1,71,,97136,8,,,1,32,,97148,8,,,1,71,,97160,8,,,1,31,,97137,8,,,1,70,,97149,8,,,1,30,,97161,8,,,1,71,,97138,8,,,1,32,,97150,8,,,1,73,,97162,8,,,1,33,,97139,8,,,1,72,,97151,8,,,1,71,,97170,8,,,1,33,,97163,8,,,1,73,,97140,8,,,1,33,,97152,8,,,1,72,,97171,8,,,1,32,,97164,8,,,1,73,,97141,8,,,1,33,,97153,8,,,1,72,,97172,8,,,1,29,,97165,8,,,1,71,,97142,8,,,1,30,,97154,8,,,1,70,,97173,8,,,1,30,,97166,8,,,1,72,,97143,8,,,1,32,,97155,8,,,1,72,,97167,8,,,1,73,,97144,8,,,1,31,,97156,8,,,1,72,,97168,8,,,1,32,,97145,8,,,1,71,,97157,8,,,1,29,,97169,8,,,1,70,,97146,8,,,1,31,,97158,8,,,1
3601,'H56M000S-70-S',446,,97174,8,,,1,70,,97181,8,,,1,30,,97183,8,,,1,67,,97185,8,,,1,26,,97175,8,,,1,64,,97182,8,,,1,21,,97187,8,,,1,21,,97184,8,,,1,60,,97186,8,,,1,21,,97190,8,,,1,22,,97176,8,,,1,63,,97197,8,,,1,22,,97188,8,,,1,23,,97206,8,,,1,65,,97191,8,,,1,23,,97177,8,,,1,64,,97198,8,,,1,22,,97189,8,,,1,24,,97207,8,,,1,63,,97192,8,,,1,22,,97178,8,,,1,62,,97214,8,,,1,22,,97199,8,,,1,21,,97208,8,,,1,62,,97193,8,,,1,23,,97179,8,,,1,23,,97215,8,,,1,63,,97200,8,,,1,23,,97209,8,,,1,64,,97194,8,,,1,15,,97221,8,,,1,13,,97180,8,,,1,14,,97219,8,,,1,58,,97216,8,,,1,19,,97201,8,,,1,21,,97210,8,,,1,61,,97195,8,,,1,21,,97222,8,,,1,20,,97220,8,,,1,60,,97217,8,,,1,19,,97202,8,,,1,21,,97211,8,,,1,60,,97196,8,,,1,21,,97223,8,,,1,27,,97218,8,,,1,73,,97203,8,,,1,31,,97212,8,,,1,70,,97224,8,,,1,32,,97204,8,,,1,72,,97213,8,,,1,70,,97225,8,,,1,31,,97205,8,,,1
3601,'H56M100F-70-F1',443,,97226,8,,,1,70,,97238,8,,,1,30,,97250,8,,,1,71,,97227,8,,,1,32,,97239,8,,,1,71,,97251,8,,,1,31,,97228,8,,,1,70,,97240,8,,,1,30,,97252,8,,,1,71,,97229,8,,,1,32,,97241,8,,,1,73,,97253,8,,,1,33,,97230,8,,,1,72,,97242,8,,,1,71,,97261,8,,,1,33,,97254,8,,,1,73,,97231,8,,,1,33,,97243,8,,,1,72,,97264,8,,,1,32,,97255,8,,,1,73,,97232,8,,,1,33,,97244,8,,,1,72,,97262,8,,,1,29,,97256,8,,,1,71,,97235,8,,,1,30,,97245,8,,,1,70,,97263,8,,,1,30,,97257,8,,,1,72,,97233,8,,,1,32,,97248,8,,,1,72,,97258,8,,,1,73,,97234,8,,,1,31,,97246,8,,,1,72,,97259,8,,,1,32,,97236,8,,,1,71,,97247,8,,,1,29,,97260,8,,,1,70,,97237,8,,,1,31,,97249,8,,,1
3601,'H56M200F-70-F2',443,,97265,8,,,1,70,,97277,8,,,1,30,,97289,8,,,1,71,,97266,8,,,1,32,,97278,8,,,1,71,,97290,8,,,1,31,,97267,8,,,1,70,,97279,8,,,1,30,,97291,8,,,1,71,,97268,8,,,1,32,,97281,8,,,1,73,,97292,8,,,1,33,,97269,8,,,1,72,,97280,8,,,1,71,,97300,8,,,1,33,,97293,8,,,1,73,,97270,8,,,1,33,,97282,8,,,1,72,,97301,8,,,1,32,,97294,8,,,1,73,,97271,8,,,1,33,,97283,8,,,1,72,,97302,8,,,1,29,,97295,8,,,1,71,,97272,8,,,1,30,,97284,8,,,1,70,,97303,8,,,1,30,,97296,8,,,1,72,,97273,8,,,1,32,,97285,8,,,1,72,,97298,8,,,1,73,,97274,8,,,1,31,,97286,8,,,1,72,,97297,8,,,1,32,,97275,8,,,1,71,,97287,8,,,1,29,,97299,8,,,1,70,,97276,8,,,1,31,,97288,8,,,1
3601,'H56M300F-70-F3',443,,97304,8,,,1,70,,97316,8,,,1,30,,97328,8,,,1,71,,97305,8,,,1,32,,97317,8,,,1,71,,97329,8,,,1,31,,97306,8,,,1,70,,97318,8,,,1,30,,97330,8,,,1,71,,97307,8,,,1,32,,97319,8,,,1,73,,97331,8,,,1,33,,97308,8,,,1,72,,97320,8,,,1,71,,97339,8,,,1,33,,97332,8,,,1,73,,97309,8,,,1,33,,97321,8,,,1,72,,97340,8,,,1,32,,97333,8,,,1,73,,97310,8,,,1,33,,97322,8,,,1,72,,97341,8,,,1,29,,97334,8,,,1,71,,97311,8,,,1,30,,97323,8,,,1,70,,97342,8,,,1,30,,97335,8,,,1,72,,97312,8,,,1,32,,97324,8,,,1,72,,97336,8,,,1,73,,97313,8,,,1,31,,97325,8,,,1,72,,97337,8,,,1,32,,97314,8,,,1,71,,97326,8,,,1,29,,97338,8,,,1,70,,97315,8,,,1,31,,97327,8,,,1
