20801,'H60J000A-80-A',638,,71282,13,0,5,1,68,,71271,13,0,5,1,28,,71285,13,0,5,1,69,,71283,13,0,5,1,29,,71272,13,0,5,1,70,,71286,13,0,5,1,30,,71284,13,0,5,1,70,,71273,13,0,5,1,31,,71287,13,0,5,1,71,,71264,13,0,5,1,32,,71274,13,0,5,1,73,,71288,13,0,5,1,32,,71265,13,0,5,1,72,,71275,13,0,5,1,33,,71289,13,0,5,1,72,,71266,13,0,5,1,32,,71276,13,0,5,1,68,,71295,13,0,5,2,28,,71290,13,0,5,1,67,,71267,13,0,5,1,27,,71277,13,0,5,1,67,,71296,13,0,5,2,27,,71291,13,0,5,1,66,,71268,13,0,5,1,32,,71278,13,0,5,1,72,,71297,13,0,5,2,31,,71269,13,0,5,1,70,,71279,13,0,5,1,29,,71298,13,0,5,2,69,,71270,13,0,5,1,29,,71280,13,0,5,1,69,,71299,13,0,5,2,29,,71292,13,0,5,1,28,,71281,13,0,5,1,68,,71300,13,0,5,2,28,,71293,13,0,5,1,55,,71294,13,0,5,1
20801,'H60J000I-80-I',709,,71324,13,0,5,1,27,,71313,13,0,5,2,70,,71302,13,0,5,1,30,,71325,13,0,5,1,70,,71314,13,0,5,2,31,,71303,13,0,5,1,70,,71326,13,0,5,1,30,,71315,13,0,5,2,71,,71304,13,0,5,1,31,,71327,13,0,5,1,71,,71316,13,0,5,2,32,,71305,13,0,5,1,71,,71328,13,0,5,1,32,,71317,13,0,5,2,72,,71306,13,0,5,1,32,,71329,13,0,5,1,72,,71318,13,0,5,2,33,,71307,13,0,5,1,72,,71330,13,0,5,1,32,,71319,13,0,5,2,72,,71308,13,0,5,1,71,,71331,13,0,5,1,31,,71320,13,0,5,2,23,,71301,13,0,5,1,62,,71309,13,0,5,1,28,,71332,13,0,5,1,69,,71321,13,0,5,2,31,,71310,13,0,5,1,68,,71333,13,0,5,1,28,,71322,13,0,5,2,71,,71311,13,0,5,1,28,,71334,13,0,5,1,68,,71323,13,0,5,2,31,,71312,13,0,5,1,69,,71335,13,0,5,1
20801,'H60J000S-98-S',544,,71345,13,0,5,1,68,,71351,13,0,5,1,28,,71336,13,0,5,1,70,,71338,13,0,5,1,30,,71344,13,0,5,1,70,,71350,13,0,5,1,29,,71337,13,0,5,1,70,,71348,13,0,5,1,30,,71346,13,0,5,1,70,,71352,13,0,5,1,30,,71347,13,0,5,1,67,,71349,13,0,5,1,27,,71354,13,0,5,1,67,,71353,13,0,5,1,27,,71339,13,0,5,1,27,,71357,13,0,5,1,68,,71355,13,0,5,1,26,,71359,13,0,5,1,66,,71365,13,0,5,2,26,,71358,13,0,5,1,70,,71356,13,0,5,1,31,,71360,13,0,5,1,74,,71373,13,0,5,2,29,,71368,13,0,5,2,69,,71366,13,0,5,1,27,,71343,13,0,5,1,66,,71374,13,0,5,2,28,,71369,13,0,5,1,70,,71367,13,0,5,1,30,,71361,13,0,5,1,70,,71340,13,0,5,1,31,,71370,13,0,5,1,71,,71362,13,0,5,1,30,,71341,13,0,5,1,70,,71371,13,0,5,1,30,,71363,13,0,5,1,71,,71342,13,0,5,1,31,,71372,13,0,5,1,71,,71364,13,0,5,1
20801,'H60JV00A-80-A',638,,71409,13,0,5,1,68,,71406,13,0,5,1,28,,71378,13,0,5,1,69,,71410,13,0,5,1,29,,71407,13,0,5,1,70,,71379,13,0,5,1,30,,71411,13,0,5,1,70,,71408,13,0,5,1,31,,71393,13,0,5,1,71,,71386,13,0,5,1,32,,71398,13,0,5,1,73,,71394,13,0,5,1,32,,71387,13,0,5,1,72,,71399,13,0,5,1,33,,71395,13,0,5,1,72,,71388,13,0,5,1,32,,71400,13,0,5,1,68,,71380,13,0,5,2,28,,71396,13,0,5,1,67,,71389,13,0,5,1,27,,71401,13,0,5,1,67,,71381,13,0,5,2,27,,71397,13,0,5,1,66,,71390,13,0,5,1,32,,71402,13,0,5,1,72,,71382,13,0,5,2,31,,71391,13,0,5,1,70,,71403,13,0,5,1,29,,71383,13,0,5,2,69,,71392,13,0,5,1,29,,71404,13,0,5,1,69,,71384,13,0,5,2,29,,71375,13,0,5,1,28,,71405,13,0,5,1,68,,71385,13,0,5,2,28,,71376,13,0,5,1,55,,71377,13,0,5,1
20801,'H60JV00I-80-I',709,,71413,13,0,5,1,27,,71436,13,0,5,2,70,,71425,13,0,5,1,30,,71414,13,0,5,1,70,,71437,13,0,5,2,31,,71426,13,0,5,1,70,,71415,13,0,5,1,30,,71438,13,0,5,2,71,,71427,13,0,5,1,31,,71416,13,0,5,1,71,,71439,13,0,5,2,32,,71428,13,0,5,1,71,,71417,13,0,5,1,32,,71440,13,0,5,2,72,,71429,13,0,5,1,32,,71418,13,0,5,1,72,,71441,13,0,5,2,33,,71430,13,0,5,1,72,,71419,13,0,5,1,32,,71442,13,0,5,2,72,,71431,13,0,5,1,71,,71420,13,0,5,1,31,,71443,13,0,5,2,23,,71412,13,0,5,1,62,,71432,13,0,5,1,28,,71421,13,0,5,1,69,,71444,13,0,5,2,31,,71433,13,0,5,1,68,,71422,13,0,5,1,28,,71445,13,0,5,2,71,,71434,13,0,5,1,28,,71423,13,0,5,1,68,,71446,13,0,5,2,31,,71435,13,0,5,1,69,,71424,13,0,5,1
20801,'H60JV00S-98-S',544,,71483,13,0,5,1,68,,71484,13,0,5,1,28,,71460,13,0,5,1,70,,71451,13,0,5,1,30,,71447,13,0,5,1,70,,71448,13,0,5,1,29,,71461,13,0,5,1,70,,71449,13,0,5,1,30,,71452,13,0,5,1,70,,71465,13,0,5,1,30,,71456,13,0,5,1,67,,71450,13,0,5,1,27,,71478,13,0,5,1,67,,71466,13,0,5,1,27,,71485,13,0,5,1,27,,71454,13,0,5,1,68,,71479,13,0,5,1,26,,71467,13,0,5,1,66,,71473,13,0,5,2,26,,71455,13,0,5,1,70,,71480,13,0,5,1,31,,71468,13,0,5,1,74,,71458,13,0,5,2,29,,71453,13,0,5,2,69,,71481,13,0,5,1,27,,71457,13,0,5,1,66,,71459,13,0,5,2,28,,71469,13,0,5,1,70,,71482,13,0,5,1,30,,71474,13,0,5,1,70,,71462,13,0,5,1,31,,71470,13,0,5,1,71,,71475,13,0,5,1,30,,71463,13,0,5,1,70,,71471,13,0,5,1,30,,71476,13,0,5,1,71,,71464,13,0,5,1,31,,71472,13,0,5,1,71,,71477,13,0,5,1
37601,'H60J000A-80-A',2502,,75921,25,0,5,1,45,,75925,25,0,5,1,85,,75923,25,0,5,1,85,,75924,25,0,5,1,85,,75922,25,0,5,1
37601,'H60J000I-80-I',2502,,75927,25,0,5,2,45,,75928,25,0,5,1,85,,75929,25,0,5,1,85,,75930,25,0,5,1,84,,75926,25,0,5,1
37601,'H60J000S-98-S',2500,,75933,25,0,5,1,45,,75932,25,0,5,1,85,,75931,25,0,5,1,85,,75935,25,0,5,1,85,,75934,25,0,5,1
37601,'H60JV00A-80-A',2502,,75938,25,0,5,1,45,,75936,25,0,5,1,85,,75940,25,0,5,1,85,,75937,25,0,5,1,85,,75939,25,0,5,1
37601,'H60JV00I-80-I',2502,,75945,25,0,5,2,45,,75944,25,0,5,1,85,,75943,25,0,5,1,85,,75942,25,0,5,1,84,,75941,25,0,5,1
37601,'H60JV00S-98-S',2500,,75947,25,0,5,1,45,,75946,25,0,5,1,85,,75950,25,0,5,1,85,,75949,25,0,5,1,85,,75948,25,0,5,1
