19202,'H50M000S-70-S',724,,144719,44,0,10,1
19202,'H51M000S-70-S',830,,144720,32,0,10,1,799,,144721,44,0,10,2,113,,144722,44,0,10,2
19202,'H54M000A-70-A',513,,144723,44,0,10,1,31,,144744,44,0,10,2,70,,144724,44,0,10,1,33,,144732,44,0,10,1,71,,144745,44,0,10,1,30,,144725,44,0,10,1,69,,144733,44,0,10,1,29,,144746,44,0,10,1,69,,144726,44,0,10,1,30,,144734,44,0,10,1,71,,144747,44,0,10,1,31,,144727,44,0,10,1,70,,144735,44,0,10,1,33,,144748,44,0,10,1,76,,144728,44,0,10,1,32,,144736,44,0,10,1,71,,144749,44,0,10,1,71,,144756,44,0,10,1,31,,144729,44,0,10,1,71,,144737,44,0,10,1,31,,144750,44,0,10,1,70,,144757,44,0,10,1,26,,144730,44,0,10,1,27,,144738,44,0,10,1,68,,144751,44,0,10,1,28,,144758,44,0,10,1,68,,144731,44,0,10,1,31,,144739,44,0,10,1,70,,144752,44,0,10,1,28,,144759,44,0,10,1,68,,144740,44,0,10,1,30,,144753,44,0,10,1,69,,144760,44,0,10,1,30,,144741,44,0,10,1,70,,144754,44,0,10,1,30,,144761,44,0,10,1,71,,144742,44,0,10,1,30,,144755,44,0,10,1,72,,144762,44,0,10,1,32,,144743,44,0,10,1,81,,144763,44,0,10,1
19202,'H54M000I-70-I',512,,144764,44,0,10,1,31,,144780,44,0,10,2,72,,144773,44,0,10,1,32,,144765,44,0,10,1,69,,144781,44,0,10,2,29,,144774,44,0,10,1,70,,144766,44,0,10,1,32,,144782,44,0,10,2,71,,144772,44,0,10,1,30,,144767,44,0,10,1,70,,144783,44,0,10,2,30,,144775,44,0,10,1,70,,144768,44,0,10,1,30,,144784,44,0,10,2,72,,144776,44,0,10,1,31,,144769,44,0,10,1,70,,144785,44,0,10,2,30,,144797,44,0,10,1,70,,144777,44,0,10,1,30,,144770,44,0,10,1,69,,144786,44,0,10,2,30,,144798,44,0,10,1,70,,144778,44,0,10,1,30,,144771,44,0,10,1,70,,144787,44,0,10,2,31,,144799,44,0,10,1,69,,144779,44,0,10,1,29,,144788,44,0,10,2,69,,144800,44,0,10,1,30,,144793,44,0,10,1,69,,144789,44,0,10,2,29,,144801,44,0,10,1,69,,144794,44,0,10,1,29,,144790,44,0,10,2,68,,144802,44,0,10,1,30,,144795,44,0,10,1,70,,144791,44,0,10,2,30,,144803,44,0,10,1,70,,144796,44,0,10,1,31,,144792,44,0,10,2,70,,144804,44,0,10,1
19202,'H54M000S-70-S',517,,144805,44,0,10,1,24,,144811,44,0,10,1,64,,144826,44,0,10,1,25,,144827,44,0,10,1,18,,144829,44,0,10,1,56,,144806,44,0,10,1,41,,144812,44,0,10,1,60,,144823,44,0,10,1,10,,144840,32,0,10,1,5,,144828,44,0,10,1,16,,144830,44,0,10,1,69,,144807,44,0,10,1,28,,144813,44,0,10,1,26,,144824,44,0,10,1,70,,144831,44,0,10,1,30,,144808,44,0,10,1,70,,144814,44,0,10,1,30,,144841,44,0,10,2,70,,144832,44,0,10,1,30,,144809,44,0,10,1,69,,144815,44,0,10,1,30,,144842,44,0,10,2,70,,144833,44,0,10,1,30,,144810,44,0,10,1,70,,144816,44,0,10,1,82,,144844,44,0,10,1,38,,144834,44,0,10,1,59,,144825,44,0,10,1,18,,144817,44,0,10,1,34,,144843,44,0,10,1,65,,144845,44,0,10,2,28,,144835,44,0,10,1,69,,144818,44,0,10,1,31,,144846,44,0,10,1,70,,144836,44,0,10,1,28,,144819,44,0,10,1,69,,144847,44,0,10,1,30,,144837,44,0,10,1,70,,144820,44,0,10,1,30,,144848,44,0,10,1,70,,144838,44,0,10,1,30,,144821,44,0,10,1,70,,144849,44,0,10,1,28,,144839,44,0,10,1,67,,144822,44,0,10,1
19202,'H54M100F-70-F1',513,,144858,44,0,10,1,31,,144859,44,0,10,1,70,,144851,44,0,10,1,33,,144860,44,0,10,2,71,,144872,44,0,10,1,30,,144850,44,0,10,1,69,,144861,44,0,10,2,29,,144873,44,0,10,1,69,,144852,44,0,10,1,30,,144862,44,0,10,2,71,,144874,44,0,10,1,31,,144853,44,0,10,1,70,,144863,44,0,10,2,33,,144875,44,0,10,1,76,,144854,44,0,10,1,32,,144864,44,0,10,2,71,,144876,44,0,10,1,71,,144884,44,0,10,1,31,,144855,44,0,10,1,71,,144865,44,0,10,2,31,,144877,44,0,10,1,70,,144885,44,0,10,1,26,,144856,44,0,10,1,27,,144866,44,0,10,2,68,,144878,44,0,10,1,28,,144886,44,0,10,1,68,,144857,44,0,10,1,31,,144867,44,0,10,2,70,,144882,44,0,10,1,28,,144887,44,0,10,1,68,,144868,44,0,10,2,30,,144879,44,0,10,1,69,,144888,44,0,10,1,30,,144869,44,0,10,2,70,,144880,44,0,10,1,30,,144889,44,0,10,1,71,,144870,44,0,10,2,30,,144881,44,0,10,1,72,,144890,44,0,10,1,32,,144871,44,0,10,2,62,,144883,44,0,10,1
19202,'H54M200F-70-F2',512,,144891,44,0,10,1,31,,144908,44,0,10,2,72,,144899,44,0,10,2,32,,144892,44,0,10,1,69,,144909,44,0,10,2,29,,144900,44,0,10,2,70,,144893,44,0,10,1,32,,144910,44,0,10,2,71,,144901,44,0,10,2,30,,144894,44,0,10,1,70,,144911,44,0,10,2,30,,144902,44,0,10,2,70,,144895,44,0,10,1,30,,144912,44,0,10,2,72,,144903,44,0,10,2,31,,144896,44,0,10,1,70,,144913,44,0,10,2,30,,144924,44,0,10,1,70,,144904,44,0,10,2,30,,144897,44,0,10,1,69,,144914,44,0,10,2,30,,144925,44,0,10,1,70,,144905,44,0,10,2,30,,144898,44,0,10,1,70,,144915,44,0,10,2,31,,144926,44,0,10,1,69,,144906,44,0,10,2,29,,144916,44,0,10,2,69,,144927,44,0,10,1,30,,144907,44,0,10,2,69,,144917,44,0,10,2,29,,144928,44,0,10,1,69,,144921,44,0,10,1,29,,144918,44,0,10,2,68,,144929,44,0,10,1,30,,144922,44,0,10,1,70,,144919,44,0,10,2,30,,144930,44,0,10,1,70,,144923,44,0,10,1,31,,144920,44,0,10,2,70,,144931,44,0,10,1
19202,'H54M300F-80-F3',512,,174112,44,0,10,2,31,,174079,44,0,10,1,72,,174100,44,0,10,1,32,,174113,44,0,10,2,69,,174080,44,0,10,1,29,,174101,44,0,10,1,70,,174114,44,0,10,2,32,,174081,44,0,10,1,71,,174102,44,0,10,1,30,,174115,44,0,10,2,70,,174082,44,0,10,1,30,,174103,44,0,10,1,70,,174116,44,0,10,2,30,,174083,44,0,10,1,72,,174104,44,0,10,1,31,,174117,44,0,10,2,70,,174084,44,0,10,1,30,,174092,44,0,10,2,70,,174105,44,0,10,1,30,,174118,44,0,10,2,69,,174085,44,0,10,1,30,,174093,44,0,10,2,70,,174106,44,0,10,1,30,,174119,44,0,10,2,70,,174086,44,0,10,1,31,,174094,44,0,10,2,69,,174107,44,0,10,1,29,,174087,44,0,10,1,69,,174095,44,0,10,2,30,,174108,44,0,10,1,69,,174088,44,0,10,1,29,,174096,44,0,10,2,69,,174109,44,0,10,1,29,,174089,44,0,10,1,68,,174097,44,0,10,2,30,,174110,44,0,10,1,70,,174090,44,0,10,1,30,,174098,44,0,10,2,70,,174111,44,0,10,1,31,,174091,44,0,10,1,70,,174099,44,0,10,2
19202,'H57M000S-70-S',1550,,144973,44,0,10,2
19202,'H58M000S-70-S',803,,144974,32,0,10,1
