4902,'H50J000S-83-S',955,,17960,5,0,10,2
4902,'H50JV00S-82-S',955,,17961,5,0,10,2
4902,'H51J000S-80-S',844,,17963,5,0,10,1,58,,17962,5,0,10,1
4902,'H51JV00S-84-S',844,,17964,5,0,10,1,58,,17965,5,0,10,1
4902,'H54J000S-83-S',919,,17966,5,0,10,1,625,,17967,5,0,10,2,61,,17969,5,0,10,2
4902,'H54JV00S-80-S',919,,17970,5,0,10,1,625,,17972,5,0,10,2,61,,17973,5,0,10,2
4902,'H57J000S-81-S',818,,17974,5,0,10,1
4902,'H57JV00S-83-S',818,,17975,5,0,10,1
4902,'H58J000A-83-A',456,,17977,5,0,10,1,55,,17979,5,0,10,1,15,,17981,5,0,10,2,16,,17988,5,0,10,1,17,,17990,5,0,10,2,57,,17995,5,0,10,1,16,,18000,5,0,10,2,15,,18001,5,0,10,1,54,,18005,5,0,10,2,13,,17993,5,0,10,1,14,,18011,5,0,10,1,16,,17989,5,0,10,1,56,,17991,5,0,10,2,13,,18014,5,0,10,1,13,,17996,5,0,10,1,12,,17983,5,0,10,1,13,,18002,5,0,10,1,53,,18003,5,0,10,1,13,,17994,5,0,10,1,11,,18006,5,0,10,2,14,,18013,5,0,10,1,16,,18015,5,0,10,2,56,,17992,5,0,10,2,16,,18017,5,0,10,2,16,,17997,5,0,10,1,56,,18019,5,0,10,2,17,,18004,5,0,10,1,19,,18021,5,0,10,2,20,,18007,5,0,10,2,59,,18016,5,0,10,2,17,,18024,5,0,10,2,17,,18018,5,0,10,2,57,,17998,5,0,10,1,14,,18028,5,0,10,2,14,,18020,5,0,10,2,14,,18032,5,0,10,2,57,,18022,5,0,10,2,18,,18008,5,0,10,2,19,,17976,5,0,10,1,61,,18025,5,0,10,2,20,,17999,5,0,10,1,21,,18029,5,0,10,2,61,,18033,5,0,10,2,21,,18023,5,0,10,2,21,,18009,5,0,10,2,61,,17984,5,0,10,1,22,,18026,5,0,10,2,22,,17980,5,0,10,2,61,,17978,5,0,10,1,21,,17986,5,0,10,1,21,,18034,5,0,10,2,68,,17985,5,0,10,1,28,,17982,5,0,10,2,70,,18036,5,0,10,2,30,,17987,5,0,10,1,70,,18030,5,0,10,1,30,,18027,5,0,10,1,70,,18010,5,0,10,1,28,,18037,5,0,10,2,67,,18035,5,0,10,2,32,,18031,5,0,10,1,72,,18012,5,0,10,2,31,,18038,5,0,10,2
4902,'H58J000I-81-I',456,,18041,5,0,10,2,65,,18044,5,0,10,2,25,,18047,5,0,10,1,67,,18050,5,0,10,1,28,,18039,5,0,10,1,68,,18043,5,0,10,2,28,,18048,5,0,10,1,17,,18049,5,0,10,2,57,,18051,5,0,10,1,16,,18063,5,0,10,1,16,,18040,5,0,10,1,16,,18067,5,0,10,2,60,,18045,5,0,10,2,20,,18070,5,0,10,1,61,,18056,5,0,10,1,22,,18052,5,0,10,1,21,,18046,5,0,10,1,62,,18068,5,0,10,2,21,,18054,5,0,10,1,21,,18071,5,0,10,1,60,,18079,5,0,10,1,20,,18057,5,0,10,1,20,,18061,5,0,10,2,60,,18066,5,0,10,2,16,,18069,5,0,10,2,16,,18082,5,0,10,2,20,,18055,5,0,10,1,60,,18080,5,0,10,1,22,,18085,5,0,10,2,62,,18058,5,0,10,1,26,,18062,5,0,10,2,30,,18083,5,0,10,2,72,,18081,5,0,10,1,70,,18086,5,0,10,2,30,,18059,5,0,10,1,70,,18084,5,0,10,2,29,,18060,5,0,10,1,29,,18077,5,0,10,1,69,,18042,5,0,10,2,29,,18074,5,0,10,1,69,,18053,5,0,10,2,30,,18072,5,0,10,1,70,,18078,5,0,10,1,30,,18064,5,0,10,1,70,,18075,5,0,10,1,32,,18073,5,0,10,1,71,,18087,5,0,10,1,25,,18065,5,0,10,1,64,,18076,5,0,10,1
4902,'H58J000I-82-I',456,,18090,5,0,10,2,65,,18093,5,0,10,2,25,,18096,5,0,10,1,67,,18099,5,0,10,1,28,,18088,5,0,10,1,68,,18092,5,0,10,2,28,,18097,5,0,10,1,17,,18098,5,0,10,2,57,,18100,5,0,10,1,16,,18112,5,0,10,1,16,,18089,5,0,10,1,16,,18116,5,0,10,2,60,,18094,5,0,10,2,20,,18119,5,0,10,1,61,,18105,5,0,10,1,22,,18101,5,0,10,1,21,,18095,5,0,10,1,62,,18117,5,0,10,2,21,,18103,5,0,10,1,21,,18120,5,0,10,1,60,,18128,5,0,10,1,20,,18106,5,0,10,1,20,,18110,5,0,10,2,60,,18115,5,0,10,2,16,,18118,5,0,10,2,16,,18131,5,0,10,2,20,,18104,5,0,10,1,60,,18129,5,0,10,1,22,,18134,5,0,10,2,62,,18107,5,0,10,1,26,,18111,5,0,10,2,30,,18132,5,0,10,2,72,,18130,5,0,10,1,70,,18135,5,0,10,2,30,,18108,5,0,10,1,70,,18133,5,0,10,2,29,,18109,5,0,10,1,29,,18126,5,0,10,1,69,,18091,5,0,10,2,29,,18123,5,0,10,1,69,,18102,5,0,10,2,30,,18121,5,0,10,1,70,,18127,5,0,10,1,30,,18113,5,0,10,1,70,,18124,5,0,10,1,32,,18122,5,0,10,1,71,,18136,5,0,10,1,25,,18114,5,0,10,1,64,,18125,5,0,10,1
4902,'H58J000S-81-S',439,,18137,17,0,10,2,14,,18140,5,0,10,2,6,,18142,17,0,10,2,42,,18143,5,0,10,2,7,,18145,5,0,10,2,7,,18146,5,0,10,2,6,,18147,5,0,10,1,8,,18148,17,0,10,1,6,,18149,5,0,10,2,9,,18157,17,0,10,2,9,,18158,5,0,10,2,48,,18162,5,0,10,1,8,,18164,5,0,10,2,8,,18166,5,0,10,1,9,,18167,5,0,10,1,7,,18171,5,0,10,2,6,,18138,5,0,10,2,6,,18172,5,0,10,2,5,,18139,5,0,10,2,5,,18141,5,0,10,2,49,,18180,5,0,10,2,8,,18187,5,0,10,2,8,,18144,5,0,10,2,9,,18195,5,0,10,1,9,,18196,5,0,10,1,9,,18150,5,0,10,2,10,,18198,5,0,10,1,51,,18159,5,0,10,2,18,,18165,5,0,10,2,8,,18184,5,0,10,2,20,,18168,5,0,10,1,56,,18173,5,0,10,2,18,,18181,5,0,10,2,12,,18175,5,0,10,2,72,,18178,5,0,10,1,18,,18161,5,0,10,1,18,,18189,5,0,10,1,58,,18185,5,0,10,2,18,,18169,5,0,10,1,19,,18182,5,0,10,2,15,,18199,5,0,10,1,55,,18176,5,0,10,2,14,,18201,5,0,10,2,12,,18179,5,0,10,1,13,,18202,5,0,10,2,53,,18190,5,0,10,1,15,,18188,5,0,10,2,17,,18186,5,0,10,2,17,,18170,5,0,10,1,56,,18183,5,0,10,2,16,,18200,5,0,10,1,17,,18177,5,0,10,2,16,,18174,5,0,10,2,55,,18203,5,0,10,2,15,,18191,5,0,10,1,100,,18163,5,0,10,1,20,,18197,11,0,10,2,62,,18205,5,0,10,1,24,,18209,11,0,10,2,22,,18192,5,0,10,1,57,,18156,5,0,10,1,16,,18160,5,0,10,1,18,,18213,11,0,10,2,62,,18152,5,0,10,1,21,,18206,5,0,10,1,22,,18210,5,0,10,2,70,,18193,5,0,10,1,31,,18208,5,0,10,2,71,,18153,5,0,10,1,31,,18211,5,0,10,2,71,,18194,5,0,10,1,30,,18204,5,0,10,1,70,,18154,5,0,10,1,26,,18207,5,0,10,1,65,,18212,5,0,10,2
4902,'H58J000S-83-S',439,,18214,17,0,10,2,14,,18217,5,0,10,2,6,,18219,17,0,10,2,42,,18220,5,0,10,2,7,,18222,5,0,10,2,7,,18223,5,0,10,2,6,,18224,5,0,10,1,8,,18225,17,0,10,1,6,,18226,5,0,10,2,9,,18234,17,0,10,2,9,,18235,5,0,10,2,48,,18239,5,0,10,1,8,,18241,5,0,10,2,8,,18243,5,0,10,1,9,,18244,5,0,10,1,7,,18248,5,0,10,2,6,,18215,5,0,10,2,6,,18249,5,0,10,2,5,,18216,5,0,10,2,5,,18218,5,0,10,2,49,,18257,5,0,10,2,8,,18264,5,0,10,2,8,,18221,5,0,10,2,9,,18272,5,0,10,1,9,,18273,5,0,10,1,9,,18227,5,0,10,2,10,,18275,5,0,10,1,51,,18236,5,0,10,2,18,,18242,5,0,10,2,8,,18261,5,0,10,2,20,,18245,5,0,10,1,56,,18250,5,0,10,2,18,,18258,5,0,10,2,12,,18252,5,0,10,2,72,,18255,5,0,10,1,18,,18238,5,0,10,1,18,,18266,5,0,10,1,58,,18262,5,0,10,2,18,,18246,5,0,10,1,19,,18259,5,0,10,2,15,,18276,5,0,10,1,55,,18253,5,0,10,2,14,,18278,5,0,10,2,12,,18256,5,0,10,1,13,,18279,5,0,10,2,53,,18267,5,0,10,1,15,,18265,5,0,10,2,17,,18263,5,0,10,2,17,,18247,5,0,10,1,56,,18260,5,0,10,2,16,,18277,5,0,10,1,17,,18254,5,0,10,2,16,,18251,5,0,10,2,55,,18280,5,0,10,2,15,,18268,5,0,10,1,100,,18240,5,0,10,1,20,,18274,11,0,10,2,62,,18282,5,0,10,1,24,,18286,11,0,10,2,22,,18269,5,0,10,1,57,,18233,5,0,10,1,16,,18237,5,0,10,1,18,,18290,11,0,10,2,62,,18229,5,0,10,1,21,,18283,5,0,10,1,22,,18287,5,0,10,2,70,,18270,5,0,10,1,31,,18285,5,0,10,2,71,,18230,5,0,10,1,31,,18288,5,0,10,2,71,,18271,5,0,10,1,30,,18281,5,0,10,1,70,,18231,5,0,10,1,26,,18284,5,0,10,1,65,,18289,5,0,10,2
4902,'H58JV00A-80-A',456,,18291,5,0,10,1,55,,18346,5,0,10,1,15,,18350,5,0,10,2,16,,18304,5,0,10,1,17,,18307,5,0,10,2,57,,18310,5,0,10,1,16,,18293,5,0,10,2,15,,18297,5,0,10,1,54,,18315,5,0,10,2,13,,18337,5,0,10,1,14,,18294,5,0,10,1,16,,18305,5,0,10,1,56,,18308,5,0,10,2,13,,18340,5,0,10,1,13,,18311,5,0,10,1,12,,18301,5,0,10,1,13,,18298,5,0,10,1,53,,18299,5,0,10,1,13,,18338,5,0,10,1,11,,18316,5,0,10,2,14,,18306,5,0,10,1,16,,18341,5,0,10,2,56,,18309,5,0,10,2,16,,18295,5,0,10,2,16,,18312,5,0,10,1,56,,18347,5,0,10,2,17,,18300,5,0,10,1,19,,18321,5,0,10,2,20,,18317,5,0,10,2,59,,18342,5,0,10,2,17,,18324,5,0,10,2,17,,18296,5,0,10,2,57,,18313,5,0,10,1,14,,18327,5,0,10,2,14,,18320,5,0,10,2,14,,18329,5,0,10,2,57,,18322,5,0,10,2,18,,18318,5,0,10,2,19,,18352,5,0,10,1,61,,18325,5,0,10,2,20,,18314,5,0,10,1,21,,18328,5,0,10,2,61,,18330,5,0,10,2,21,,18323,5,0,10,2,21,,18319,5,0,10,2,61,,18302,5,0,10,1,22,,18326,5,0,10,2,22,,18353,5,0,10,2,61,,18292,5,0,10,1,21,,18348,5,0,10,1,21,,18335,5,0,10,2,68,,18303,5,0,10,1,28,,18351,5,0,10,2,70,,18331,5,0,10,2,30,,18349,5,0,10,1,70,,18343,5,0,10,1,30,,18334,5,0,10,1,70,,18339,5,0,10,1,28,,18332,5,0,10,2,67,,18336,5,0,10,2,32,,18344,5,0,10,1,72,,18345,5,0,10,2,31,,18333,5,0,10,2
4902,'H58JV00I-81-I',456,,18399,5,0,10,2,65,,18356,5,0,10,2,25,,18400,5,0,10,1,67,,18386,5,0,10,1,28,,18354,5,0,10,1,68,,18357,5,0,10,2,28,,18401,5,0,10,1,17,,18402,5,0,10,2,57,,18387,5,0,10,1,16,,18361,5,0,10,1,16,,18355,5,0,10,1,16,,18370,5,0,10,2,60,,18358,5,0,10,2,20,,18373,5,0,10,1,61,,18378,5,0,10,1,22,,18388,5,0,10,1,21,,18359,5,0,10,1,62,,18371,5,0,10,2,21,,18397,5,0,10,1,21,,18374,5,0,10,1,60,,18365,5,0,10,1,20,,18379,5,0,10,1,20,,18382,5,0,10,2,60,,18364,5,0,10,2,16,,18372,5,0,10,2,16,,18368,5,0,10,2,20,,18398,5,0,10,1,60,,18366,5,0,10,1,22,,18384,5,0,10,2,62,,18380,5,0,10,1,26,,18383,5,0,10,2,30,,18369,5,0,10,2,72,,18367,5,0,10,1,70,,18385,5,0,10,2,30,,18381,5,0,10,1,70,,18377,5,0,10,2,29,,18389,5,0,10,1,29,,18393,5,0,10,1,69,,18396,5,0,10,2,29,,18390,5,0,10,1,69,,18360,5,0,10,2,30,,18375,5,0,10,1,70,,18394,5,0,10,1,30,,18362,5,0,10,1,70,,18391,5,0,10,1,32,,18376,5,0,10,1,71,,18395,5,0,10,1,25,,18363,5,0,10,1,64,,18392,5,0,10,1
4902,'H58JV00S-82-S',439,,18403,17,0,10,1,14,,18406,5,0,10,1,6,,18408,17,0,10,2,42,,18409,5,0,10,2,7,,18411,5,0,10,1,7,,18412,5,0,10,2,6,,18413,5,0,10,1,8,,18414,17,0,10,1,6,,18415,5,0,10,2,9,,18423,17,0,10,2,9,,18424,5,0,10,2,48,,18428,5,0,10,1,8,,18430,5,0,10,1,8,,18432,5,0,10,1,9,,18433,5,0,10,1,7,,18437,5,0,10,1,6,,18404,5,0,10,2,6,,18438,5,0,10,2,5,,18405,5,0,10,1,5,,18407,5,0,10,2,49,,18446,5,0,10,2,8,,18453,5,0,10,2,8,,18410,5,0,10,2,9,,18461,5,0,10,1,9,,18462,5,0,10,1,9,,18416,5,0,10,2,10,,18464,5,0,10,1,51,,18425,5,0,10,2,18,,18431,5,0,10,2,8,,18450,5,0,10,1,20,,18434,5,0,10,1,56,,18439,5,0,10,2,18,,18447,5,0,10,2,12,,18441,5,0,10,1,72,,18444,5,0,10,1,18,,18427,5,0,10,1,18,,18455,5,0,10,1,58,,18451,5,0,10,2,18,,18435,5,0,10,1,19,,18448,5,0,10,2,15,,18465,5,0,10,1,55,,18442,5,0,10,2,14,,18467,5,0,10,2,12,,18445,5,0,10,1,13,,18468,5,0,10,2,53,,18456,5,0,10,1,15,,18454,5,0,10,2,17,,18452,5,0,10,2,17,,18436,5,0,10,1,56,,18449,5,0,10,2,16,,18466,5,0,10,1,17,,18443,5,0,10,2,16,,18440,5,0,10,1,55,,18469,5,0,10,2,15,,18457,5,0,10,1,100,,18429,5,0,10,1,20,,18463,11,0,10,2,62,,18471,5,0,10,1,24,,18475,11,0,10,2,22,,18458,5,0,10,1,57,,18422,5,0,10,1,16,,18426,5,0,10,1,18,,18479,11,0,10,2,62,,18418,5,0,10,1,21,,18472,5,0,10,1,22,,18476,5,0,10,2,70,,18459,5,0,10,1,31,,18474,5,0,10,1,71,,18419,5,0,10,1,31,,18477,5,0,10,2,71,,18460,5,0,10,1,30,,18470,5,0,10,1,70,,18420,5,0,10,1,26,,18473,5,0,10,1,65,,18478,5,0,10,2
44904,'H54J000S-83-S',533,,79293,12,0,9,2,10,,79294,12,0,9,2,10,,79296,12,0,9,1,59,,79300,12,0,9,2,9,,79302,12,0,9,2,10,,79305,12,0,9,2,9,,79306,12,0,9,2,9,,79286,12,0,9,1,62,,79311,12,0,9,2,7,,79295,12,0,9,2,8,,79301,12,0,9,2,8,,79312,12,0,9,2,9,,79317,12,0,9,2,9,,79304,12,0,9,2,52,,79303,12,0,9,2,14,,79297,12,0,9,1,22,,79287,12,0,9,1,63,,79316,12,0,9,2,21,,79285,12,0,9,1,22,,79318,12,0,9,1,62,,79298,12,0,9,1,23,,79288,12,0,9,1,25,,79307,12,0,9,2,68,,79313,12,0,9,2,29,,79319,12,0,9,1,69,,79299,12,0,9,1,28,,79308,12,0,9,2,68,,79314,12,0,9,2,28,,79320,12,0,9,1,67,,79292,12,0,9,2,26,,79309,12,0,9,2,66,,79315,12,0,9,2,26,,79321,12,0,9,1,23,,79323,12,0,9,2,88,,79329,12,0,9,1,68,,79326,12,0,9,1,28,,79322,12,0,9,1,70,,79310,12,0,9,1,30,,79289,12,0,9,1,71,,79327,12,0,9,1,29,,79324,12,0,9,1,69,,79330,12,0,9,1,30,,79290,12,0,9,1,70,,79328,12,0,9,1,30,,79325,12,0,9,1,70,,79291,12,0,9,1
44904,'H54JV00S-80-S',533,,79344,12,0,9,1,10,,79345,12,0,9,2,10,,79350,12,0,9,1,59,,79355,12,0,9,1,9,,79357,12,0,9,2,10,,79359,12,0,9,2,9,,79360,12,0,9,2,9,,79334,12,0,9,1,62,,79365,12,0,9,2,7,,79346,12,0,9,2,8,,79356,12,0,9,2,8,,79366,12,0,9,2,9,,79368,12,0,9,2,9,,79332,12,0,9,1,52,,79358,12,0,9,2,14,,79351,12,0,9,1,22,,79335,12,0,9,1,63,,79367,12,0,9,2,21,,79333,12,0,9,1,22,,79331,12,0,9,1,62,,79352,12,0,9,1,23,,79336,12,0,9,1,25,,79362,12,0,9,1,68,,79347,12,0,9,2,29,,79340,12,0,9,1,69,,79353,12,0,9,1,28,,79363,12,0,9,1,68,,79348,12,0,9,2,28,,79341,12,0,9,1,67,,79354,12,0,9,1,26,,79364,12,0,9,1,66,,79349,12,0,9,2,26,,79342,12,0,9,1,23,,79343,12,0,9,1,88,,79375,12,0,9,1,68,,79372,12,0,9,1,28,,79369,12,0,9,1,70,,79361,12,0,9,1,30,,79337,12,0,9,1,71,,79373,12,0,9,1,29,,79370,12,0,9,1,69,,79376,12,0,9,1,30,,79338,12,0,9,1,70,,79374,12,0,9,1,30,,79371,12,0,9,1,70,,79339,12,0,9,1
44904,'H57J000S-81-S',656,,79377,12,0,9,1,48,,79378,12,0,9,2,913,,79379,12,0,9,2
44904,'H57JV00S-83-S',656,,79380,12,0,9,1,48,,79381,12,0,9,1,913,,79382,12,0,9,1
44904,'H58J000S-81-S',603,,79383,12,0,9,2
44904,'H58J000S-83-S',603,,79384,12,0,9,2
44904,'H58JV00S-82-S',603,,79385,12,0,9,2
