4001,'H54J000S-83-S',630,,13080,39,0,5,1,73,,13074,39,0,5,2,37,,13081,39,0,5,1,78,,13086,39,0,53 54,1,39,,13075,39,0,5,2,80,,13082,39,0,5,1,81,,13087,39,0,5,1,38,,13076,39,0,5,2,81,,13083,39,0,5,1,82,,13088,39,0,5,1,82,,13077,39,0,5,2,40,,13084,39,0,5,1,80,,13089,39,0,5,1,82,,13078,39,0,5,2,41,,13085,39,0,5,1,80,,13090,39,0,5,1,25,,13079,39,0,5,2,64,,13092,39,0,5,1,35,,13094,39,0,5,1,72,,13091,39,0,5,1,35,,13093,39,0,5,1,74,,13095,39,0,5,1
4001,'H54JV00S-80-S',630,,13102,39,0,5,1,73,,13100,39,0,5,1,37,,13114,39,0,5,1,78,,13115,39,0,53 54,1,39,,13101,39,0,5,1,80,,13110,39,0,5,1,81,,13103,39,0,5,1,38,,13096,39,0,5,1,81,,13111,39,0,5,1,82,,13104,39,0,5,1,82,,13097,39,0,5,1,40,,13112,39,0,5,1,80,,13105,39,0,5,1,82,,13098,39,0,5,1,41,,13113,39,0,5,1,80,,13106,39,0,5,1,25,,13099,39,0,5,1,64,,13116,39,0,5,1,35,,13108,39,0,5,1,72,,13107,39,0,5,1,35,,13117,39,0,5,1,74,,13109,39,0,5,1
8601,'H54J000A-80-A',643,,30183,80,0,5,1,73,,30196,80,0,5,1,33,,30174,80,0,5,2,74,,30169,80,0,5,1,32,,30190,80,0,5,1,74,,30184,80,0,5,1,73,,30199,80,0,5,1,34,,30175,80,0,5,2,72,,30170,80,0,5,1,32,,30191,80,0,5,1,73,,30185,80,0,5,1,33,,30200,80,0,5,1,73,,30176,80,0,5,2,33,,30171,80,0,5,1,73,,30192,80,0,5,1,32,,30186,80,0,5,1,73,,30201,80,0,5,1,73,,30177,80,0,5,2,31,,30172,80,0,5,1,73,,30193,80,0,5,1,32,,30187,80,0,5,1,73,,30202,80,0,5,1,31,,30178,80,0,5,2,71,,30173,80,0,5,1,33,,30194,80,0,5,1,72,,30188,80,0,5,1,33,,30203,80,0,5,1,73,,30206,80,0,5,1,33,,30180,80,0,5,1,71,,30195,80,0,5,1,72,,30189,80,0,5,1,32,,30204,80,0,5,1,71,,30197,80,0,5,1,32,,30181,80,0,5,1,71,,30179,80,0,5,1,33,,30205,80,0,5,1,72,,30198,80,0,5,1,31,,30182,80,0,5,1
8601,'H54J000I-80-I',643,,30207,80,0,5,1,72,,30215,80,0,5,1,31,,30229,80,0,5,2,71,,30230,80,0,5,2,32,,30235,80,0,5,1,73,,30208,80,0,5,1,32,,30219,80,0,5,1,74,,30224,80,0,5,1,73,,30231,80,0,5,2,33,,30236,80,0,5,1,73,,30209,80,0,5,1,32,,30220,80,0,5,1,72,,30225,80,0,5,1,32,,30232,80,0,5,2,72,,30237,80,0,5,1,32,,30210,80,0,5,1,72,,30221,80,0,5,1,33,,30226,80,0,5,1,72,,30233,80,0,5,2,31,,30238,80,0,5,1,73,,30211,80,0,5,1,73,,30222,80,0,5,1,32,,30227,80,0,5,1,73,,30234,80,0,5,2,33,,30239,80,0,5,1,70,,30212,80,0,5,1,32,,30223,80,0,5,1,71,,30228,80,0,5,1,31,,30242,80,0,5,2,70,,30216,80,0,5,1,30,,30213,80,0,5,1,68,,30245,80,0,5,1,30,,30240,80,0,5,1,71,,30243,80,0,5,1,32,,30217,80,0,5,1,72,,30214,80,0,5,1,30,,30241,80,0,5,1,70,,30244,80,0,5,1,30,,30218,80,0,5,1
8601,'H54J000S-83-S',639,,30260,80,0,5,2,67,,30246,80,0,5,1,30,,30253,80,0,5,2,74,,30256,80,0,5,2,35,,30268,80,0,5,1,69,,30261,80,0,5,2,28,,30247,80,0,5,1,70,,30250,80,0,5,1,30,,30257,80,0,5,2,67,,30254,80,0,5,1,30,,30262,80,0,5,1,69,,30269,80,0,5,1,27,,30248,80,0,5,1,70,,30251,80,0,5,1,30,,30258,80,0,5,2,70,,30255,80,0,5,1,31,,30263,80,0,5,1,71,,30270,80,0,5,1,30,,30249,80,0,5,1,71,,30252,80,0,5,1,31,,30259,80,0,5,2,103,,30264,80,0,5,1,73,,30271,80,0,5,1,27,,30278,80,0,5,2,71,,30284,80,0,5,2,31,,30275,80,0,5,1,68,,30265,80,0,5,1,29,,30272,80,0,5,1,69,,30279,80,0,5,2,29,,30285,80,0,5,2,69,,30276,80,0,5,1,29,,30266,80,0,5,1,68,,30273,80,0,5,1,25,,30282,80,0,5,1,28,,30280,80,0,5,1,70,,30277,80,0,5,1,30,,30267,80,0,5,1,72,,30274,80,0,5,1,71,,30283,80,0,5,1,30,,30281,80,0,5,1
8601,'H54JV00A-80-A',643,,30306,80,0,5,1,73,,30289,80,0,5,1,33,,30296,80,0,5,2,74,,30301,80,0,5,1,32,,30313,80,0,5,1,74,,30307,80,0,5,1,73,,30319,80,0,5,1,34,,30297,80,0,5,2,72,,30302,80,0,5,1,32,,30314,80,0,5,1,73,,30308,80,0,5,1,33,,30320,80,0,5,1,73,,30298,80,0,5,2,33,,30303,80,0,5,1,73,,30315,80,0,5,1,32,,30309,80,0,5,1,73,,30321,80,0,5,1,73,,30299,80,0,5,2,31,,30304,80,0,5,1,73,,30316,80,0,5,1,32,,30310,80,0,5,1,73,,30322,80,0,5,1,31,,30300,80,0,5,2,71,,30305,80,0,5,1,33,,30317,80,0,5,1,72,,30311,80,0,5,1,33,,30323,80,0,5,1,73,,30293,80,0,5,1,33,,30290,80,0,5,1,71,,30318,80,0,5,1,72,,30312,80,0,5,1,32,,30286,80,0,5,1,71,,30294,80,0,5,1,32,,30291,80,0,5,1,71,,30288,80,0,5,1,33,,30287,80,0,5,1,72,,30295,80,0,5,1,31,,30292,80,0,5,1
8601,'H54JV00I-80-I',643,,30332,80,0,5,1,72,,30326,80,0,5,1,31,,30330,80,0,5,2,71,,30340,80,0,5,2,32,,30345,80,0,5,1,73,,30333,80,0,5,1,32,,30355,80,0,5,1,74,,30350,80,0,5,1,73,,30341,80,0,5,2,33,,30346,80,0,5,1,73,,30334,80,0,5,1,32,,30356,80,0,5,1,72,,30351,80,0,5,1,32,,30342,80,0,5,2,72,,30347,80,0,5,1,32,,30335,80,0,5,1,72,,30357,80,0,5,1,33,,30352,80,0,5,1,72,,30343,80,0,5,2,31,,30348,80,0,5,1,73,,30336,80,0,5,1,73,,30358,80,0,5,1,32,,30353,80,0,5,1,73,,30344,80,0,5,2,33,,30349,80,0,5,1,70,,30337,80,0,5,1,32,,30359,80,0,5,1,71,,30354,80,0,5,1,31,,30331,80,0,5,2,70,,30327,80,0,5,1,30,,30338,80,0,5,1,68,,30362,80,0,5,1,30,,30360,80,0,5,1,71,,30324,80,0,5,1,32,,30328,80,0,5,1,72,,30339,80,0,5,1,30,,30361,80,0,5,1,70,,30325,80,0,5,1,30,,30329,80,0,5,1
8601,'H54JV00S-80-S',639,,30379,80,0,5,2,67,,30366,80,0,5,1,30,,30370,80,0,5,1,74,,30375,80,0,5,2,35,,30390,80,0,5,1,69,,30380,80,0,5,2,28,,30367,80,0,5,1,70,,30363,80,0,5,1,30,,30376,80,0,5,2,67,,30373,80,0,5,1,30,,30381,80,0,5,1,69,,30391,80,0,5,1,27,,30368,80,0,5,1,70,,30364,80,0,5,1,30,,30377,80,0,5,2,70,,30374,80,0,5,1,31,,30382,80,0,5,1,71,,30392,80,0,5,1,30,,30369,80,0,5,1,71,,30365,80,0,5,1,31,,30378,80,0,5,2,103,,30383,80,0,5,1,73,,30393,80,0,5,1,27,,30371,80,0,5,1,71,,30401,80,0,5,2,31,,30387,80,0,5,1,68,,30384,80,0,5,1,29,,30394,80,0,5,1,69,,30372,80,0,5,1,29,,30402,80,0,5,2,69,,30388,80,0,5,1,29,,30385,80,0,5,1,68,,30395,80,0,5,1,25,,30399,80,0,5,1,28,,30397,80,0,5,1,70,,30389,80,0,5,1,30,,30386,80,0,5,1,72,,30396,80,0,5,1,71,,30400,80,0,5,1,30,,30398,80,0,5,1
8601,'H58J000S-81-S',1710,,30403,80,0,5,1
8601,'H58J000S-83-S',1710,,30404,80,0,5,1
8601,'H58JV00S-82-S',1710,,30405,80,0,5,1
18702,'H51J000S-80-S',600,,63184,5,0,10,1
18702,'H51JV00S-84-S',600,,63185,5,0,10,1
18702,'H54J000A-80-A',447,,63189,5,0,10,1,71,,63198,5,0,10,1,31,,63207,5,0,10,1,70,,63190,5,0,10,1,30,,63199,5,0,10,1,68,,63208,5,0,10,1,25,,63191,5,0,10,1,59,,63200,5,0,10,1,18,,63213,5,0,10,1,17,,63209,5,0,10,1,17,,63211,5,0,10,2,61,,63186,5,0,10,1,21,,63214,5,0,10,1,19,,63196,5,0,10,1,59,,63212,5,0,10,2,19,,63216,5,0,10,1,19,,63192,5,0,10,1,61,,63197,5,0,10,1,21,,63217,5,0,10,1,21,,63215,5,0,10,2,62,,63193,5,0,10,1,23,,63220,5,0,10,1,61,,63201,5,0,10,1,19,,63210,5,0,10,1,19,,63194,5,0,10,1,19,,63224,5,0,10,2,59,,63221,5,0,10,1,18,,63202,5,0,10,1,18,,63222,5,0,10,1,58,,63195,5,0,10,1,24,,63225,5,0,10,2,25,,63203,5,0,10,1,69,,63223,5,0,10,1,29,,63226,5,0,10,2,69,,63204,5,0,10,1,30,,63187,5,0,10,1,70,,63227,5,0,10,2,32,,63205,5,0,10,1,72,,63188,5,0,10,1,73,,63228,5,0,10,2,33,,63206,5,0,10,1,72,,63218,5,0,10,1,30,,63229,5,0,10,2,70,,63232,5,0,10,1,30,,63219,5,0,10,1,70,,63230,5,0,10,2,31,,63233,5,0,10,1,71,,63235,5,0,10,1,31,,63231,5,0,10,2,71,,63234,5,0,10,1
18702,'H54J000I-80-I',445,,63241,5,0,10,1,73,,63254,5,0,10,2,33,,63242,5,0,10,1,71,,63255,5,0,10,2,30,,63256,5,0,10,2,73,,63243,5,0,10,1,24,,63258,5,0,10,2,61,,63257,5,0,10,2,21,,63244,5,0,10,1,24,,63262,5,0,10,2,65,,63259,5,0,10,2,25,,63249,5,0,10,1,64,,63263,5,0,10,2,18,,63273,5,0,10,1,18,,63260,5,0,10,2,68,,63261,5,0,10,1,29,,63274,5,0,10,1,70,,63246,5,0,10,2,18,,63245,5,0,10,1,17,,63275,5,0,10,2,57,,63277,5,0,10,1,17,,63236,5,0,10,1,25,,63239,5,0,10,1,68,,63276,5,0,10,2,29,,63278,5,0,10,1,72,,63237,5,0,10,1,32,,63240,5,0,10,1,72,,63279,5,0,10,1,33,,63238,5,0,10,1,73,,63248,5,0,10,1,32,,63280,5,0,10,1,73,,63250,5,0,10,1,73,,63269,5,0,10,1,29,,63264,5,0,10,1,68,,63251,5,0,10,1,27,,63270,5,0,10,1,27,,63265,5,0,10,1,67,,63252,5,0,10,1,27,,63271,5,0,10,1,67,,63266,5,0,10,1,27,,63253,5,0,10,1,73,,63272,5,0,10,1,32,,63267,5,0,10,1,73,,63247,5,0,10,2,33,,63268,5,0,10,1
18702,'H54J000S-83-S',445,,63281,5,0,10,1,55,,63282,5,0,10,1,16,,63285,5,0,10,1,14,,63297,5,0,10,2,10,,63298,5,0,10,2,10,,63308,5,0,10,1,60,,63310,5,0,10,2,10,,63312,5,0,10,1,9,,63283,5,0,10,1,6,,63315,5,0,10,2,6,,63316,5,0,10,1,5,,63319,5,0,10,1,6,,63321,5,0,10,2,5,,63323,5,0,10,2,45,,63299,5,0,10,2,7,,63326,5,0,10,2,6,,63328,5,0,10,2,10,,63330,5,0,10,1,5,,63334,5,0,10,2,10,,63335,5,0,10,2,9,,63337,5,0,10,2,51,,63342,5,0,10,2,11,,63317,5,0,10,1,11,,63289,5,0,10,2,9,,63336,5,0,10,2,10,,63300,5,0,10,2,10,,63295,5,0,10,1,51,,63320,5,0,10,2,11,,63331,5,0,10,1,12,,63290,5,0,10,2,12,,63318,5,0,10,1,15,,63296,5,0,10,1,55,,63301,5,0,10,2,15,,63313,5,0,10,1,16,,63332,5,0,10,1,15,,63305,5,0,10,1,55,,63338,5,0,10,2,15,,63314,5,0,10,1,15,,63302,5,0,10,2,16,,63306,5,0,10,1,58,,63333,5,0,10,1,18,,63339,5,0,10,2,16,,63291,5,0,10,1,56,,63303,5,0,10,2,16,,63324,5,0,10,1,16,,63307,5,0,10,1,18,,63340,5,0,10,2,59,,63292,5,0,10,1,23,,63304,5,0,10,2,24,,63325,5,0,10,1,68,,63341,5,0,10,2,28,,63343,5,0,10,2,67,,63356,5,0,10,2,28,,63293,5,0,10,1,68,,63352,5,0,10,2,30,,63351,5,0,10,2,70,,63294,5,0,10,1,30,,63353,5,0,10,2,69,,63347,5,0,10,1,30,,63355,5,0,10,1,69,,63354,5,0,10,2,30,,63348,5,0,10,1,71,,63344,5,0,10,2,30,,63286,5,0,10,1,70,,63349,5,0,10,1,31,,63345,5,0,10,2,71,,63287,5,0,10,1,30,,63350,5,0,10,1,71,,63346,5,0,10,2,32,,63288,5,0,10,1
18702,'H54JV00A-80-A',447,,63357,5,0,10,1,71,,63365,5,0,10,1,31,,63361,5,0,10,1,70,,63386,5,0,10,1,30,,63366,5,0,10,1,68,,63362,5,0,10,1,25,,63387,5,0,10,1,59,,63367,5,0,10,1,18,,63372,5,0,10,1,17,,63363,5,0,10,1,17,,63400,5,0,10,2,61,,63402,5,0,10,1,21,,63373,5,0,10,1,19,,63378,5,0,10,1,59,,63401,5,0,10,2,19,,63405,5,0,10,1,19,,63388,5,0,10,1,61,,63379,5,0,10,1,21,,63406,5,0,10,1,21,,63368,5,0,10,2,62,,63389,5,0,10,1,23,,63358,5,0,10,1,61,,63380,5,0,10,1,19,,63364,5,0,10,1,19,,63390,5,0,10,1,19,,63392,5,0,10,2,59,,63359,5,0,10,1,18,,63381,5,0,10,1,18,,63374,5,0,10,1,58,,63391,5,0,10,1,24,,63393,5,0,10,2,25,,63382,5,0,10,1,69,,63375,5,0,10,1,29,,63394,5,0,10,2,69,,63383,5,0,10,1,30,,63403,5,0,10,1,70,,63395,5,0,10,2,32,,63384,5,0,10,1,72,,63404,5,0,10,1,73,,63396,5,0,10,2,33,,63385,5,0,10,1,72,,63376,5,0,10,1,30,,63397,5,0,10,2,70,,63369,5,0,10,1,30,,63377,5,0,10,1,70,,63398,5,0,10,2,31,,63370,5,0,10,1,71,,63360,5,0,10,1,31,,63399,5,0,10,2,71,,63371,5,0,10,1
18702,'H54JV00I-80-I',445,,63424,5,0,10,1,73,,63420,5,0,10,2,33,,63425,5,0,10,1,71,,63421,5,0,10,2,30,,63428,5,0,10,2,73,,63426,5,0,10,1,24,,63431,5,0,10,2,61,,63429,5,0,10,2,21,,63427,5,0,10,1,24,,63422,5,0,10,2,65,,63432,5,0,10,2,25,,63411,5,0,10,1,64,,63423,5,0,10,2,18,,63408,5,0,10,1,18,,63433,5,0,10,2,68,,63451,5,0,10,1,29,,63409,5,0,10,1,70,,63448,5,0,10,2,18,,63407,5,0,10,1,17,,63437,5,0,10,2,57,,63439,5,0,10,1,17,,63434,5,0,10,1,25,,63449,5,0,10,1,68,,63438,5,0,10,2,29,,63440,5,0,10,1,72,,63435,5,0,10,1,32,,63450,5,0,10,1,72,,63441,5,0,10,1,33,,63436,5,0,10,1,73,,63410,5,0,10,1,32,,63442,5,0,10,1,73,,63412,5,0,10,1,73,,63416,5,0,10,1,29,,63443,5,0,10,1,68,,63413,5,0,10,1,27,,63417,5,0,10,1,27,,63444,5,0,10,1,67,,63414,5,0,10,1,27,,63418,5,0,10,1,67,,63445,5,0,10,1,27,,63415,5,0,10,1,73,,63419,5,0,10,1,32,,63446,5,0,10,1,73,,63430,5,0,10,2,33,,63447,5,0,10,1
18702,'H54JV00S-80-S',445,,63452,5,0,10,1,55,,63453,5,0,10,1,16,,63456,5,0,10,1,14,,63471,5,0,10,2,10,,63472,5,0,10,2,10,,63475,5,0,10,1,60,,63481,5,0,10,2,10,,63484,5,0,10,1,9,,63454,5,0,10,1,6,,63487,5,0,10,1,6,,63490,5,0,10,1,5,,63494,5,0,10,1,6,,63474,5,0,10,2,5,,63496,5,0,10,2,45,,63473,5,0,10,2,7,,63501,5,0,10,2,6,,63505,5,0,10,2,10,,63506,5,0,10,1,5,,63483,5,0,10,2,10,,63482,5,0,10,2,9,,63480,5,0,10,2,51,,63497,5,0,10,2,11,,63491,5,0,10,1,11,,63499,5,0,10,2,9,,63507,5,0,10,1,10,,63465,5,0,10,1,10,,63457,5,0,10,1,51,,63503,5,0,10,2,11,,63508,5,0,10,1,12,,63500,5,0,10,2,12,,63492,5,0,10,1,15,,63458,5,0,10,1,55,,63466,5,0,10,1,15,,63485,5,0,10,1,16,,63509,5,0,10,1,15,,63459,5,0,10,1,55,,63511,5,0,10,2,15,,63486,5,0,10,1,15,,63467,5,0,10,1,16,,63460,5,0,10,1,58,,63510,5,0,10,1,18,,63512,5,0,10,2,16,,63463,5,0,10,1,56,,63468,5,0,10,1,16,,63515,5,0,10,1,16,,63461,5,0,10,1,18,,63513,5,0,10,2,59,,63464,5,0,10,1,23,,63469,5,0,10,1,24,,63516,5,0,10,1,68,,63514,5,0,10,2,28,,63517,5,0,10,2,67,,63521,5,0,10,2,28,,63524,5,0,10,1,68,,63493,5,0,10,1,30,,63462,5,0,10,1,70,,63470,5,0,10,1,30,,63522,5,0,10,2,69,,63525,5,0,10,1,30,,63478,5,0,10,1,69,,63523,5,0,10,2,30,,63526,5,0,10,1,71,,63518,5,0,10,2,30,,63476,5,0,10,1,70,,63527,5,0,10,1,31,,63519,5,0,10,2,71,,63488,5,0,10,1,30,,63477,5,0,10,1,71,,63520,5,0,10,2,32,,63489,5,0,10,1
