20300,'H50M000S-70-S',731,,148836,33,,,1
20300,'H56M000S-70-S',1824,,148837,33,,,1
20300,'H60M000A-71-A',624,,148844,33,,,2,30,,148861,33,,,1,71,,148856,33,,,1,30,,148845,33,,,2,71,,148862,33,,,1,30,,148857,33,,,1,70,,148846,33,,,2,32,,148863,33,,,1,73,,148858,33,,,1,72,,148848,33,,,2,33,,148864,33,,,1,73,,148859,33,,,1,33,,148849,33,,,2,73,,148865,33,,,1,30,,148872,33,,,2,69,,148860,33,,,1,29,,148847,33,,,2,69,,148866,33,,,1,29,,148873,33,,,2,69,,148838,33,,,1,30,,148850,33,,,2,70,,148867,33,,,1,30,,148874,33,,,2,67,,148839,33,,,1,30,,148851,33,,,2,70,,148868,33,,,1,29,,148840,33,,,1,70,,148852,33,,,2,29,,148869,33,,,1,69,,148841,33,,,1,29,,148853,33,,,2,69,,148870,33,,,1,28,,148842,33,,,1,28,,148854,33,,,2,68,,148871,33,,,1,28,,148843,33,,,1,68,,148855,33,,,2
20300,'H60M000I-71-I',724,,148875,33,,,1,30,,148898,33,,,2,70,,148887,33,,,1,30,,148876,33,,,1,70,,148899,33,,,2,30,,148888,33,,,1,70,,148877,33,,,1,30,,148900,33,,,2,70,,148889,33,,,1,30,,148878,33,,,1,70,,148901,33,,,2,30,,148890,33,,,1,72,,148879,33,,,1,30,,148902,33,,,2,70,,148891,33,,,1,32,,148880,33,,,1,70,,148903,33,,,2,31,,148892,33,,,1,71,,148881,33,,,1,70,,148904,33,,,2,30,,148893,33,,,1,70,,148882,33,,,1,29,,148905,33,,,2,29,,148897,33,,,1,68,,148883,33,,,1,29,,148906,33,,,2,69,,148894,33,,,1,29,,148884,33,,,1,68,,148907,33,,,2,30,,148895,33,,,1,70,,148885,33,,,1,30,,148908,33,,,2,69,,148896,33,,,1,30,,148886,33,,,1,70,,148909,33,,,2
20300,'H60M000S-71-S',618,,148921,33,,,2,34,,148911,33,,,1,67,,148922,33,,,1,30,,148910,33,,,2,70,,148931,33,,,2,26,,148912,33,,,1,10,,148932,33,,,1,72,,148930,33,,,1,32,,148917,33,,,1,72,,148913,33,,,1,72,,148933,33,,,1,32,,148928,33,,,1,71,,148918,33,,,1,29,,148914,33,,,1,70,,148916,33,,,1,29,,148919,33,,,1,69,,148927,33,,,1,29,,148915,33,,,1,71,,148939,33,,,1,32,,148945,33,,,1,74,,148920,33,,,1,24,,148934,33,,,2,25,,148940,33,,,1,63,,148929,33,,,1,32,,148944,33,,,1,104,,148941,33,,,1,71,,148935,33,,,1,29,,148923,33,,,1,72,,148942,33,,,1,71,,148936,33,,,1,30,,148924,33,,,1,70,,148943,33,,,1,31,,148937,33,,,1,27,,148925,33,,,1,69,,148946,33,,,1,28,,148938,33,,,1,68,,148926,33,,,1
20300,'H60M100F-71-F1',724,,148958,33,,,1,30,,148970,33,,,2,70,,148947,33,,,1,30,,148959,33,,,1,70,,148971,33,,,2,30,,148948,33,,,1,70,,148960,33,,,1,30,,148972,33,,,2,70,,148949,33,,,1,30,,148961,33,,,1,70,,148973,33,,,2,30,,148950,33,,,1,72,,148962,33,,,1,30,,148974,33,,,2,70,,148951,33,,,1,32,,148963,33,,,1,70,,148975,33,,,2,31,,148952,33,,,1,71,,148964,33,,,1,70,,148976,33,,,2,30,,148953,33,,,1,70,,148965,33,,,1,29,,148977,33,,,2,29,,148954,33,,,1,68,,148966,33,,,1,29,,148978,33,,,2,69,,148955,33,,,1,29,,148967,33,,,1,68,,148979,33,,,2,30,,148956,33,,,1,70,,148968,33,,,1,30,,148980,33,,,2,69,,148957,33,,,1,30,,148969,33,,,1,70,,148981,33,,,2
20300,'H60M200F-71-F2',724,,148982,33,,,1,30,,148994,33,,,2,70,,149006,33,,,1,30,,148983,33,,,1,70,,148995,33,,,2,30,,149007,33,,,1,70,,148984,33,,,1,30,,148996,33,,,2,70,,149008,33,,,1,30,,148985,33,,,1,70,,148997,33,,,2,30,,149009,33,,,1,72,,148986,33,,,1,30,,148998,33,,,2,70,,149010,33,,,1,32,,148987,33,,,1,70,,148999,33,,,2,31,,149011,33,,,1,71,,148988,33,,,1,70,,149000,33,,,2,30,,149012,33,,,1,70,,148989,33,,,1,29,,149001,33,,,2,29,,149013,33,,,1,68,,148990,33,,,1,29,,149002,33,,,2,69,,149014,33,,,1,29,,148991,33,,,1,68,,149003,33,,,2,30,,149015,33,,,1,70,,148992,33,,,1,30,,149004,33,,,2,69,,149016,33,,,1,30,,148993,33,,,1,70,,149005,33,,,2
20300,'H60M300F-71-F3',724,,149017,33,,,1,30,,149040,33,,,2,70,,149029,33,,,1,30,,149018,33,,,1,70,,149041,33,,,2,30,,149030,33,,,1,70,,149020,33,,,1,30,,149042,33,,,2,70,,149031,33,,,1,30,,149019,33,,,1,70,,149043,33,,,2,30,,149032,33,,,1,72,,149021,33,,,1,30,,149044,33,,,2,70,,149033,33,,,1,32,,149022,33,,,1,70,,149045,33,,,2,31,,149034,33,,,1,71,,149023,33,,,1,70,,149046,33,,,2,30,,149035,33,,,1,70,,149024,33,,,1,29,,149047,33,,,2,29,,149036,33,,,1,68,,149025,33,,,1,29,,149048,33,,,2,69,,149037,33,,,1,29,,149026,33,,,1,68,,149049,33,,,2,30,,149038,33,,,1,70,,149027,33,,,1,30,,149050,33,,,2,69,,149039,33,,,1,30,,149028,33,,,1,70,,149051,33,,,2
20901,'H50M000S-70-S',702,,151529,23,,,1
20901,'H60M000A-71-A',609,,151530,23,,,1,33,,151542,23,,,2,73,,151536,23,,,2,33,,151531,23,,,1,73,,151543,23,,,2,33,,151537,23,,,2,73,,151532,23,,,1,32,,151544,23,,,2,72,,151538,23,,,2,72,,151533,23,,,1,34,,151545,23,,,2,73,,151539,23,,,2,33,,151534,23,,,1,73,,151546,23,,,2,33,,151540,23,,,2,73,,151535,23,,,1,33,,151547,23,,,2,73,,151541,23,,,2,31,,151553,23,,,1,72,,151560,23,,,2,73,,151548,23,,,2,33,,151554,23,,,1,71,,151561,23,,,2,33,,151549,23,,,2,73,,151555,23,,,1,31,,151559,23,,,2,69,,151551,23,,,2,31,,151556,23,,,1,71,,151562,23,,,2,29,,151552,23,,,2,68,,151557,23,,,1,29,,151563,23,,,2,68,,151550,23,,,2,27,,151558,23,,,1,69,,151564,23,,,2
20901,'H60M000I-71-I',608,,151565,23,,,1,32,,151578,23,,,2,73,,151589,23,,,2,33,,151566,23,,,1,72,,151579,23,,,2,33,,151590,23,,,2,73,,151567,23,,,1,32,,151577,23,,,2,73,,151591,23,,,2,73,,151568,23,,,1,33,,151580,23,,,2,73,,151592,23,,,2,33,,151569,23,,,1,73,,151581,23,,,2,33,,151593,23,,,2,72,,151570,23,,,1,33,,151582,23,,,2,73,,151594,23,,,2,32,,151571,23,,,1,73,,151583,23,,,2,73,,151595,23,,,2,33,,151572,23,,,1,72,,151584,23,,,2,33,,151597,23,,,2,72,,151573,23,,,1,31,,151585,23,,,2,73,,151596,23,,,2,27,,151574,23,,,1,71,,151586,23,,,2,32,,151598,23,,,2,64,,151575,23,,,1,29,,151587,23,,,2,72,,151599,23,,,2,24,,151576,23,,,1,68,,151588,23,,,2
20901,'H60M000S-71-S',604,,151617,23,,,1,39,,151607,23,,,1,71,,151629,23,,,1,15,,151633,23,,,2,30,,151622,23,,,1,66,,151635,23,,,2,11,,151608,23,,,1,67,,151630,23,,,1,27,,151634,23,,,2,29,,151618,23,,,2,73,,151609,23,,,1,72,,151631,23,,,1,33,,151619,23,,,2,73,,151610,23,,,1,33,,151632,23,,,1,73,,151620,23,,,2,33,,151600,23,,,1,74,,151611,23,,,1,32,,151623,23,,,1,70,,151621,23,,,2,30,,151601,23,,,1,69,,151612,23,,,1,29,,151624,23,,,1,69,,151636,23,,,2,28,,151602,23,,,1,68,,151613,23,,,1,29,,151625,23,,,1,64,,151637,23,,,2,24,,151603,23,,,1,72,,151614,23,,,1,32,,151626,23,,,1,72,,151604,23,,,1,31,,151615,23,,,1,71,,151627,23,,,1,32,,151605,23,,,1,71,,151616,23,,,1,28,,151628,23,,,1,71,,151606,23,,,1
20901,'H60M100F-71-F1',608,,151638,23,,,1,32,,151650,23,,,2,73,,151662,23,,,1,33,,151639,23,,,1,72,,151651,23,,,2,33,,151663,23,,,1,73,,151640,23,,,1,32,,151652,23,,,2,73,,151664,23,,,1,73,,151641,23,,,1,33,,151653,23,,,2,73,,151665,23,,,1,33,,151642,23,,,1,73,,151654,23,,,2,33,,151666,23,,,1,72,,151643,23,,,1,33,,151655,23,,,2,73,,151667,23,,,1,32,,151644,23,,,1,73,,151656,23,,,2,73,,151668,23,,,1,33,,151646,23,,,1,72,,151657,23,,,2,33,,151669,23,,,1,72,,151645,23,,,1,31,,151658,23,,,2,73,,151670,23,,,1,27,,151647,23,,,1,71,,151659,23,,,2,32,,151671,23,,,1,64,,151648,23,,,1,29,,151660,23,,,2,72,,151672,23,,,1,24,,151649,23,,,1,68,,151661,23,,,2
20901,'H60M200F-71-F2',608,,151673,23,,,1,32,,151685,23,,,2,73,,151699,23,,,1,33,,151674,23,,,1,72,,151686,23,,,2,33,,151697,23,,,1,73,,151675,23,,,1,32,,151687,23,,,2,73,,151700,23,,,1,73,,151676,23,,,1,33,,151688,23,,,2,73,,151698,23,,,1,33,,151677,23,,,1,73,,151689,23,,,2,33,,151701,23,,,1,72,,151678,23,,,1,33,,151690,23,,,2,73,,151702,23,,,1,32,,151679,23,,,1,73,,151691,23,,,2,73,,151703,23,,,1,33,,151680,23,,,1,72,,151692,23,,,2,33,,151704,23,,,1,72,,151681,23,,,1,31,,151693,23,,,2,73,,151705,23,,,1,27,,151682,23,,,1,71,,151694,23,,,2,32,,151706,23,,,1,64,,151683,23,,,1,29,,151695,23,,,2,72,,151707,23,,,1,24,,151684,23,,,1,68,,151696,23,,,2
20901,'H60M300F-71-F3',608,,151708,23,,,1,32,,151720,23,,,2,73,,151732,23,,,1,33,,151709,23,,,1,72,,151721,23,,,2,33,,151733,23,,,1,73,,151710,23,,,1,32,,151722,23,,,2,73,,151734,23,,,1,73,,151711,23,,,1,33,,151723,23,,,2,73,,151735,23,,,1,33,,151712,23,,,1,73,,151724,23,,,2,33,,151736,23,,,1,72,,151713,23,,,1,33,,151725,23,,,2,73,,151737,23,,,1,32,,151714,23,,,1,73,,151726,23,,,2,73,,151738,23,,,1,33,,151715,23,,,1,72,,151728,23,,,2,33,,151739,23,,,1,72,,151716,23,,,1,31,,151727,23,,,2,73,,151740,23,,,1,27,,151717,23,,,1,71,,151729,23,,,2,32,,151741,23,,,1,64,,151718,23,,,1,29,,151730,23,,,2,72,,151742,23,,,1,24,,151719,23,,,1,68,,151731,23,,,2
35600,'H56M000A-70-A',2529,,154139,17,,,1,83,,154141,17,,,2,93,,154140,17,,,1,52,,154142,17,,,2,83,,154143,17,,,1
35600,'H56M000I-70-I',2536,,154146,17,,,2,79,,154149,17,,,1,38,,154144,17,,,1,78,,154145,17,,,1,78,,154148,17,,,2,38,,154147,17,,,1
35600,'H56M000S-70-S',2538,,154152,17,,,1,73,,154154,17,,,1,34,,154151,17,,,2,79,,154150,17,,,1,80,,154153,17,,,2,47,,154155,17,,,1
35600,'H56M100F-70-F1',2536,,154158,17,,,2,79,,154159,17,,,2,38,,154156,17,,,1,78,,154157,17,,,1,78,,154161,17,,,2,38,,154160,17,,,1
35600,'H56M200F-70-F2',2536,,154164,17,,,2,79,,154165,17,,,2,38,,154162,17,,,1,78,,154163,17,,,1,78,,154167,17,,,2,38,,154166,17,,,1
35600,'H56M300F-70-F3',2536,,154170,17,,,2,79,,154173,17,,,1,38,,154168,17,,,1,78,,154169,17,,,1,78,,154172,17,,,2,38,,154171,17,,,1
