'24U-H54U000A-80-A',3303,65400,,'',1,6800,,'',1,2800,,'',1,6600,,'',1,2500,,'',1,6600,,'',1,2600,,'',1,1800,,'',1,5800,,'',1,1700,,'',1,1700,,'',1,5700,,'',1,1800,,'',1,1800,,'',1,1700,,'',1,5600,,'',1,1600,,'',2,1500,,'',1,1400,,'',1,5300,,'',1,1300,,'',1,1300,,'',1,1400,,'',2,5300,,'',1,1200,,'',1,1100,,'',1,1200,,'',1,1200,,'',2,1200,,'',1,5200,,'',1,1300,,'',1,1300,,'',1,1200,,'',1,1000,,'',1,5000,,'',2,1000,,'',1,1100,,'',1,1100,,'',1,1000,,'',2,5100,,'',1,1200,,'',2,1200,,'',1,1400,,'',1,1400,,'',2,5600,,'',1,1600,,'',2,1900,,'',1,6100,,'',2
'24U-H54U000A-80-A',3304,64800,4,'',1,6900,4,'',1,2800,4,'',1,7000,4,'',1,2700,4,'',1,1500,4,'',1,5500,4,'',1,1600,4,'',1,1700,4,'',1,5800,4,'',1,1700,4,'',1,2100,4,'',1,1700,4,'',1,5600,4,'',1,1600,4,'',1,1400,4,'',1,1400,4,'',1,5300,4,'',2,1200,4,'',1,1100,4,'',1,1100,4,'',1,1100,4,'',1,5200,4,'',1,1200,4,'',1,1100,4,'',1,1000,4,'',2,1100,4,'',1,5100,4,'',1,1100,4,'',1,1200,4,'',1,1300,4,'',2,1300,4,'',1,5300,4,'',1,1300,4,'',1,1300,4,'',1,1200,4,'',1,1300,4,'',2,5400,4,'',1,1300,4,'',1,1200,4,'',1,1300,4,'',1,5300,4,'',2,1200,4,'',1,1300,4,'',1,1600,4,'',2,1600,4,'',1,5600,4,'',2,1400,4,'',1,1600,4,'',2,6200,4,'',1
'24U-H54U000I-80-I',3303,70000,,'',1,3000,,'',1,7000,,'',1,3000,,'',1,7000,,'',1,3000,,'',1,7000,,'',1,2900,,'',1,2800,,'',1,6000,,'',1,2000,,'',2,2100,,'',1,6100,,'',1,2100,,'',2,6000,,'',1,1900,,'',1,1600,,'',1,1500,,'',2,5400,,'',1,1300,,'',1,1500,,'',1,1500,,'',1,5500,,'',2,1400,,'',1,1400,,'',1,1400,,'',1,1400,,'',1,5400,,'',2,1400,,'',1,1400,,'',1,1500,,'',1,5600,,'',2,1700,,'',1,1800,,'',1,5700,,'',2,1600,,'',1,1600,,'',1,1600,,'',1
'24U-H54U000I-80-I',3304,65300,4,'',1,7000,4,'',1,3200,4,'',1,7000,4,'',1,2600,4,'',1,6400,4,'',1,2100,4,'',1,1900,4,'',1,5900,4,'',1,1800,4,'',1,1900,4,'',1,5900,4,'',1,1800,4,'',2,1800,4,'',1,5600,4,'',1,1500,4,'',1,1500,4,'',2,1400,4,'',1,5400,4,'',1,1300,4,'',1,1500,4,'',1,1500,4,'',2,1500,4,'',1,5300,4,'',1,1500,4,'',1,1500,4,'',1,1400,4,'',2,5400,4,'',1,1500,4,'',1,1400,4,'',1,1400,4,'',1,5400,4,'',2,1500,4,'',1,1400,4,'',1,1500,4,'',1,5500,4,'',2,1700,4,'',1,1900,4,'',1,5900,4,'',1,1900,4,'',1,1800,4,'',1
'24U-H54U000S-80-S',3303,64300,,'',1,1200,,'',1,5100,,'',1,1100,,'',1,1100,,'',1,1100,,'',1,1900,,'',1,6200,,'',1,2200,,'',1,1600,,'',1,5500,,'',1,1500,,'',1,1600,,'',1,5600,,'',1,1500,,'',1,1500,,'',1,1500,,'',1,5500,,'',1,1500,,'',2,1400,,'',1,1400,,'',1,1500,,'',1,5600,,'',1,1700,,'',1,1700,,'',1,5300,,'',2,1300,,'',1,1200,,'',1,1200,,'',2,1200,,'',1,5100,,'',1,1100,,'',1,1100,,'',1,1000,,'',1,1000,,'',1,1000,,'',1,5000,,'',1,900,,'',1,1000,,'',1,900,,'',2,1000,,'',1,900,,'',1,900,,'',2,4900,,'',1,800,,'',2,700,,'',1,600,,'',2,600,,'',1,600,,'',1,700,,'',1,700,,'',1,4700,,'',2,800,,'',1,700,,'',1,800,,'',1,1100,,'',1,1200,,'',1,1100,,'',1,5100,,'',1,1000,,'',1,1000,,'',1,1100,,'',1,1100,,'',1,5100,,'',2
'24U-H54U000S-80-S',3304,63700,4,'',1,1200,4,'',1,5200,4,'',1,400,4,'',1,900,4,'',2,1000,4,'',1,300,4,'',1,1000,4,'',1,1100,4,'',1,300,4,'',2,700,4,'',1,5100,4,'',1,1100,4,'',2,200,4,'',1,1000,4,'',1,1100,4,'',2,1000,4,'',1,200,4,'',1,5200,4,'',1,1100,4,'',1,1200,4,'',1,1100,4,'',1,1100,4,'',1,5200,4,'',1,1200,4,'',1,1100,4,'',1,1200,4,'',1,1300,4,'',1,5400,4,'',2,1400,4,'',1,1200,4,'',1,1100,4,'',1,1300,4,'',1,5100,4,'',1,1100,4,'',1,1200,4,'',1,1200,4,'',1,1200,4,'',2,5300,4,'',1,1200,4,'',1,1100,4,'',2,1200,4,'',1,1100,4,'',1,5000,4,'',1,1100,4,'',1,1100,4,'',1,1100,4,'',1,1100,4,'',1,1000,4,'',1,5100,4,'',1,1200,4,'',2,1200,4,'',1,1000,4,'',1,900,4,'',2,5100,4,'',2,1000,4,'',1,800,4,'',2,900,4,'',1,1000,4,'',1,900,4,'',1,1000,4,'',1,5100,4,'',1,1200,4,'',1,1100,4,'',1,900,4,'',1,900,4,'',1,5200,4,'',1,1100,4,'',1,1000,4,'',1,1700,4,'',1,1600,4,'',1,5900,4,'',2
'24U-H54U100F-80-F1',3303,70000,,'',1,3000,,'',1,7000,,'',1,3000,,'',1,7000,,'',1,3000,,'',1,7000,,'',1,2900,,'',1,2800,,'',1,6000,,'',1,2000,,'',2,2100,,'',1,6100,,'',1,2100,,'',2,6000,,'',1,1900,,'',1,1600,,'',1,1500,,'',2,5400,,'',1,1300,,'',1,1500,,'',1,1500,,'',1,5500,,'',2,1400,,'',1,1400,,'',1,1400,,'',1,1400,,'',1,5400,,'',2,1400,,'',1,1400,,'',1,1500,,'',1,5600,,'',2,1700,,'',1,1800,,'',1,5700,,'',2,1600,,'',1,1600,,'',1,1600,,'',1
'24U-H54U100F-80-F1',3304,65300,4,'',1,7000,4,'',1,3200,4,'',1,7000,4,'',1,2600,4,'',1,6400,4,'',1,2100,4,'',1,1900,4,'',1,5900,4,'',1,1800,4,'',1,1900,4,'',1,5900,4,'',1,1800,4,'',2,1800,4,'',1,5600,4,'',1,1500,4,'',1,1500,4,'',2,1400,4,'',1,5400,4,'',1,1300,4,'',1,1500,4,'',1,1500,4,'',2,1500,4,'',1,5300,4,'',1,1500,4,'',1,1500,4,'',1,1400,4,'',2,5400,4,'',1,1500,4,'',1,1400,4,'',1,1400,4,'',1,5400,4,'',2,1500,4,'',1,1400,4,'',1,1500,4,'',1,5500,4,'',2,1700,4,'',1,1900,4,'',1,5900,4,'',1,1900,4,'',1,1800,4,'',1
'24U-H54U200F-80-F2',3303,70000,,'',1,3000,,'',1,7000,,'',1,3000,,'',1,7000,,'',1,3000,,'',1,7000,,'',1,2900,,'',1,2800,,'',1,6000,,'',1,2000,,'',2,2100,,'',1,6100,,'',1,2100,,'',2,6000,,'',1,1900,,'',1,1600,,'',1,1500,,'',2,5400,,'',1,1300,,'',1,1500,,'',1,1500,,'',1,5500,,'',2,1400,,'',1,1400,,'',1,1400,,'',1,1400,,'',1,5400,,'',2,1400,,'',1,1400,,'',1,1500,,'',1,5600,,'',2,1700,,'',1,1800,,'',1,5700,,'',2,1600,,'',1,1600,,'',1,1600,,'',1
'24U-H54U200F-80-F2',3304,65300,4,'',1,7000,4,'',1,3200,4,'',1,7000,4,'',1,2600,4,'',1,6400,4,'',1,2100,4,'',1,1900,4,'',1,5900,4,'',1,1800,4,'',1,1900,4,'',1,5900,4,'',1,1800,4,'',2,1800,4,'',1,5600,4,'',1,1500,4,'',1,1500,4,'',2,1400,4,'',1,5400,4,'',1,1300,4,'',1,1500,4,'',1,1500,4,'',2,1500,4,'',1,5300,4,'',1,1500,4,'',1,1500,4,'',1,1400,4,'',2,5400,4,'',1,1500,4,'',1,1400,4,'',1,1400,4,'',1,5400,4,'',2,1500,4,'',1,1400,4,'',1,1500,4,'',1,5500,4,'',2,1700,4,'',1,1900,4,'',1,5900,4,'',1,1900,4,'',1,1800,4,'',1
