20202,'H50M000S-70-S',1537,,148598,29,0,10,1
20202,'H60M000A-71-A',616,,148601,29,0,10,1,22,,148612,29,0,10,2,19,,148623,29,0,10,1,59,,148628,29,0,10,1,19,,148608,29,0,10,1,19,,148617,29,0,10,2,66,,148602,29,0,10,1,31,,148600,29,0,10,2,70,,148629,29,0,10,1,30,,148609,29,0,10,1,71,,148614,29,0,10,1,31,,148603,29,0,10,1,71,,148618,29,0,10,2,32,,148624,29,0,10,1,72,,148615,29,0,10,1,72,,148610,29,0,10,1,23,,148604,29,0,10,1,23,,148619,29,0,10,2,63,,148633,29,0,10,1,23,,148625,29,0,10,1,23,,148616,29,0,10,1,64,,148611,29,0,10,1,23,,148605,29,0,10,1,63,,148620,29,0,10,2,26,,148634,29,0,10,1,24,,148626,29,0,10,1,65,,148638,29,0,10,1,23,,148639,29,0,10,1,61,,148606,29,0,10,1,23,,148621,29,0,10,2,25,,148635,29,0,10,1,71,,148627,29,0,10,1,32,,148630,29,0,10,1,68,,148640,29,0,10,1,28,,148607,29,0,10,1,68,,148632,29,0,10,1,29,,148622,29,0,10,1,70,,148637,29,0,10,1,29,,148599,29,0,10,1,71,,148636,29,0,10,1,31,,148613,29,0,10,1,67,,148631,29,0,10,1
20202,'H60M000I-71-I',616,,148643,29,0,10,1,30,,148653,29,0,10,1,70,,148663,29,0,10,1,31,,148668,29,0,10,2,71,,148644,29,0,10,1,30,,148654,29,0,10,1,70,,148664,29,0,10,1,32,,148669,29,0,10,2,72,,148645,29,0,10,1,31,,148655,29,0,10,1,71,,148665,29,0,10,1,30,,148670,29,0,10,2,70,,148650,29,0,10,1,30,,148660,29,0,10,1,71,,148666,29,0,10,1,31,,148658,29,0,10,2,71,,148657,29,0,10,1,31,,148672,29,0,10,1,60,,148675,29,0,10,2,21,,148661,29,0,10,1,61,,148667,29,0,10,1,29,,148659,29,0,10,2,30,,148656,29,0,10,1,72,,148676,29,0,10,2,71,,148662,29,0,10,1,31,,148646,29,0,10,1,69,,148673,29,0,10,1,28,,148651,29,0,10,1,29,,148677,29,0,10,2,69,,148641,29,0,10,1,29,,148648,29,0,10,1,70,,148674,29,0,10,1,28,,148652,29,0,10,1,68,,148678,29,0,10,2,28,,148642,29,0,10,1,69,,148647,29,0,10,1,28,,148649,29,0,10,2,68,,148671,29,0,10,1
20202,'H60M000S-71-S',559,,148682,29,0,10,1,74,,148681,29,0,10,1,73,,148685,29,0,10,1,34,,148689,29,0,10,1,69,,148697,29,0,10,1,26,,148683,29,0,10,1,65,,148695,29,0,10,2,24,,148696,29,0,10,1,26,,148686,29,0,10,1,66,,148690,29,0,10,1,25,,148698,29,0,10,1,63,,148684,29,0,10,1,22,,148680,29,0,10,1,23,,148691,29,0,10,1,65,,148687,29,0,10,1,26,,148704,29,0,10,1,19,,148679,29,0,10,2,58,,148699,29,0,10,1,18,,148708,29,0,10,1,17,,148706,29,0,10,1,55,,148709,29,0,10,1,16,,148692,29,0,10,1,21,,148688,29,0,10,1,64,,148705,29,0,10,1,93,,148712,29,0,10,1,19,,148711,29,0,10,2,19,,148707,29,0,10,1,17,,148716,29,0,10,1,71,,148710,29,0,10,1,30,,148700,29,0,10,1,70,,148693,29,0,10,1,29,,148719,29,0,10,2,69,,148717,29,0,10,1,29,,148714,29,0,10,2,67,,148701,29,0,10,1,28,,148694,29,0,10,1,68,,148720,29,0,10,2,27,,148718,29,0,10,1,67,,148715,29,0,10,2,27,,148702,29,0,10,1,73,,148721,29,0,10,1,34,,148713,29,0,10,1,73,,148703,29,0,10,1
20202,'H60M100F-71-F1',616,,148724,29,0,10,1,30,,148732,29,0,10,1,70,,148737,29,0,10,1,31,,148742,29,0,10,2,71,,148725,29,0,10,1,30,,148733,29,0,10,1,70,,148738,29,0,10,1,32,,148743,29,0,10,2,72,,148726,29,0,10,1,31,,148734,29,0,10,1,71,,148739,29,0,10,1,30,,148744,29,0,10,2,70,,148731,29,0,10,1,30,,148727,29,0,10,1,71,,148740,29,0,10,1,31,,148736,29,0,10,2,71,,148735,29,0,10,1,31,,148748,29,0,10,1,60,,148751,29,0,10,1,21,,148728,29,0,10,1,61,,148741,29,0,10,1,29,,148747,29,0,10,2,30,,148755,29,0,10,1,72,,148752,29,0,10,1,71,,148729,29,0,10,1,31,,148723,29,0,10,1,69,,148754,29,0,10,2,28,,148756,29,0,10,1,29,,148749,29,0,10,1,69,,148722,29,0,10,1,29,,148753,29,0,10,1,70,,148759,29,0,10,1,28,,148757,29,0,10,1,68,,148750,29,0,10,1,28,,148730,29,0,10,1,69,,148745,29,0,10,1,28,,148758,29,0,10,1,68,,148746,29,0,10,1
20202,'H60M200F-71-F2',616,,148793,29,0,10,1,30,,148785,29,0,10,1,70,,148790,29,0,10,1,31,,148781,29,0,10,2,71,,148794,29,0,10,1,30,,148787,29,0,10,1,70,,148791,29,0,10,1,32,,148782,29,0,10,2,72,,148795,29,0,10,1,31,,148786,29,0,10,1,71,,148792,29,0,10,1,30,,148783,29,0,10,2,70,,148768,29,0,10,1,30,,148770,29,0,10,1,71,,148779,29,0,10,1,31,,148767,29,0,10,2,71,,148788,29,0,10,1,31,,148762,29,0,10,1,60,,148773,29,0,10,1,21,,148772,29,0,10,1,61,,148780,29,0,10,1,29,,148784,29,0,10,2,30,,148775,29,0,10,1,72,,148774,29,0,10,1,71,,148771,29,0,10,1,31,,148796,29,0,10,1,69,,148789,29,0,10,2,28,,148776,29,0,10,1,29,,148777,29,0,10,1,69,,148763,29,0,10,1,29,,148797,29,0,10,1,70,,148765,29,0,10,1,28,,148769,29,0,10,1,68,,148778,29,0,10,1,28,,148761,29,0,10,1,69,,148764,29,0,10,1,28,,148760,29,0,10,1,68,,148766,29,0,10,1
20202,'H60M300F-80-F3',635,,174678,38,0,10,1,67,,174690,38,0,10,1,29,,174695,38,0,10,2,71,,174703,38,0,10,1,32,,174696,38,0,10,2,71,,174704,38,0,10,1,32,,174707,38,0,10,2,72,,174684,38,0,10,1,33,,174691,38,0,10,1,73,,174680,38,0,10,1,33,,174679,38,0,10,2,70,,174697,38,0,10,1,31,,174685,38,0,10,2,70,,174692,38,0,10,1,31,,174681,38,0,10,1,70,,174708,38,0,10,1,32,,174698,38,0,10,1,70,,174686,38,0,10,2,33,,174693,38,0,10,1,73,,174682,38,0,10,1,29,,174709,38,0,10,1,72,,174699,38,0,10,1,30,,174687,38,0,10,2,70,,174694,38,0,10,1,73,,174683,38,0,10,1,32,,174710,38,0,10,1,71,,174700,38,0,10,1,30,,174688,38,0,10,2,67,,174713,38,0,10,1,28,,174705,38,0,10,2,28,,174711,38,0,10,1,70,,174701,38,0,10,1,30,,174689,38,0,10,2,71,,174714,38,0,10,1,26,,174706,38,0,10,2,65,,174712,38,0,10,1,32,,174702,38,0,10,1
37802,'H60M000A-71-A',2659,,155426,65,0,10,2,94,,155427,65,0,10,1,88,,155428,65,0,10,1
37802,'H60M000I-71-I',2658,,155429,65,0,10,1,91,,155430,65,0,10,2,90,,155431,65,0,10,1
37802,'H60M000S-71-S',2658,,155432,65,0,10,1,89,,155434,65,0,10,1,97,,155433,65,0,10,1
37802,'H60M100F-71-F1',2658,,155436,65,0,10,1,91,,155435,65,0,10,1,90,,155437,65,0,10,1
37802,'H60M200F-71-F2',2658,,155438,65,0,10,1,91,,155439,65,0,10,1,90,,155440,65,0,10,1
37802,'H60M300F-80-F3',2658,,175996,65,0,10,1,91,,175994,65,0,10,2,90,,175995,65,0,10,1
