20201,'H50J000S-83-S',1731,,68655,38,0,5,1
20201,'H50JV00S-82-S',1731,,68656,38,0,5,1
20201,'H56J000S-80-S',616,,68658,38,0,5,1,1031,,68657,2,0,5,1
20201,'H56JV00S-80-S',616,,68660,38,0,5,1,1031,,68659,2,0,5,1
20201,'H58J000S-81-S',736,,68661,2,0,5,2
20201,'H58J000S-83-S',736,,68662,2,0,5,2
20201,'H58JV00S-82-S',736,,68663,2,0,5,2
20201,'H60J000A-80-A',632,,68675,38,0,5,1,71,,68682,38,0,5,2,31,,68668,38,0,5,1,70,,68667,38,0,5,2,30,,68692,38,0,5,1,70,,68676,38,0,5,1,30,,68679,38,0,5,1,71,,68670,38,0,5,1,31,,68683,38,0,5,2,72,,68688,38,0,5,1,31,,68680,38,0,5,1,71,,68677,38,0,5,1,23,,68671,38,0,5,1,23,,68684,38,0,5,2,63,,68695,38,0,5,1,21,,68689,38,0,5,1,64,,68681,38,0,5,1,24,,68678,38,0,5,1,23,,68672,38,0,5,1,63,,68685,38,0,5,2,23,,68696,38,0,5,1,63,,68690,38,0,5,1,17,,68702,38,0,5,1,17,,68666,38,0,5,1,19,,68704,38,0,5,1,59,,68673,38,0,5,1,21,,68686,38,0,5,2,22,,68697,38,0,5,1,64,,68691,38,0,5,1,26,,68703,38,0,5,1,65,,68705,38,0,5,1,30,,68674,38,0,5,1,71,,68693,38,0,5,1,29,,68669,38,0,5,1,71,,68700,38,0,5,1,28,,68664,38,0,5,1,69,,68698,38,0,5,1,29,,68694,38,0,5,1,71,,68687,38,0,5,1,28,,68701,38,0,5,1,69,,68665,38,0,5,1,29,,68699,38,0,5,1
20201,'H60J000I-80-I',734,,68707,38,0,5,1,70,,68716,38,0,5,1,30,,68727,38,0,5,1,71,,68731,38,0,5,2,32,,68708,38,0,5,1,70,,68717,38,0,5,1,31,,68728,38,0,5,1,71,,68732,38,0,5,2,30,,68713,38,0,5,1,69,,68723,38,0,5,1,29,,68729,38,0,5,1,69,,68721,38,0,5,2,31,,68718,38,0,5,1,72,,68734,38,0,5,1,29,,68724,38,0,5,1,71,,68730,38,0,5,1,31,,68722,38,0,5,2,70,,68719,38,0,5,1,33,,68737,38,0,5,2,72,,68725,38,0,5,1,32,,68709,38,0,5,1,73,,68720,38,0,5,1,30,,68738,38,0,5,2,71,,68726,38,0,5,1,30,,68710,38,0,5,1,69,,68735,38,0,5,1,28,,68714,38,0,5,1,69,,68739,38,0,5,2,29,,68706,38,0,5,1,69,,68711,38,0,5,1,28,,68736,38,0,5,1,67,,68715,38,0,5,1,28,,68740,38,0,5,2,65,,68733,38,0,5,1,27,,68712,38,0,5,1
20201,'H60J000S-98-S',642,,68750,38,0,5,1,69,,68760,38,0,5,1,24,,68743,38,0,5,1,23,,68757,38,0,5,2,67,,68758,38,0,5,1,27,,68747,38,0,5,1,68,,68751,38,0,5,1,27,,68761,38,0,5,1,63,,68744,38,0,5,1,24,,68742,38,0,5,1,24,,68759,38,0,5,1,65,,68748,38,0,5,1,25,,68767,38,0,5,1,70,,68762,38,0,5,1,32,,68745,38,0,5,1,72,,68752,38,0,5,1,26,,68749,38,0,5,1,65,,68768,38,0,5,1,25,,68741,38,0,5,2,67,,68746,38,0,5,1,28,,68769,38,0,5,1,69,,68753,38,0,5,1,15,,68771,2,0,5,1,14,,68770,38,0,5,2,27,,68763,38,0,5,1,59,,68754,2,0,5,1,87,,68772,38,0,5,2,29,,68776,38,0,5,1,69,,68773,38,0,5,2,29,,68764,38,0,5,1,69,,68755,38,0,5,1,27,,68779,38,0,5,2,26,,68777,38,0,5,1,67,,68774,38,0,5,2,26,,68765,38,0,5,1,66,,68756,38,0,5,1,27,,68780,38,0,5,2,67,,68778,38,0,5,1,27,,68775,38,0,5,2,26,,68766,38,0,5,1,76,,68781,38,0,5,1
20201,'H60JV00A-80-A',632,,68816,38,0,5,1,71,,68799,38,0,5,2,31,,68784,38,0,5,1,70,,68783,38,0,5,2,30,,68818,38,0,5,1,70,,68817,38,0,5,1,30,,68819,38,0,5,1,71,,68790,38,0,5,1,31,,68800,38,0,5,2,72,,68795,38,0,5,1,31,,68822,38,0,5,1,71,,68820,38,0,5,1,23,,68791,38,0,5,1,23,,68801,38,0,5,2,63,,68806,38,0,5,1,21,,68796,38,0,5,1,64,,68823,38,0,5,1,24,,68821,38,0,5,1,23,,68792,38,0,5,1,63,,68802,38,0,5,2,23,,68807,38,0,5,1,63,,68797,38,0,5,1,17,,68811,38,0,5,1,17,,68815,38,0,5,1,19,,68804,38,0,5,1,59,,68793,38,0,5,1,21,,68803,38,0,5,2,22,,68808,38,0,5,1,64,,68798,38,0,5,1,26,,68812,38,0,5,1,65,,68805,38,0,5,1,30,,68794,38,0,5,1,71,,68786,38,0,5,1,29,,68785,38,0,5,1,71,,68813,38,0,5,1,28,,68788,38,0,5,1,69,,68809,38,0,5,1,29,,68787,38,0,5,1,71,,68782,38,0,5,1,28,,68814,38,0,5,1,69,,68789,38,0,5,1,29,,68810,38,0,5,1
20201,'H60JV00I-80-I',734,,68836,38,0,5,1,70,,68842,38,0,5,1,30,,68834,38,0,5,1,71,,68851,38,0,5,2,32,,68837,38,0,5,1,70,,68843,38,0,5,1,31,,68835,38,0,5,1,71,,68852,38,0,5,2,30,,68829,38,0,5,1,69,,68847,38,0,5,1,29,,68827,38,0,5,1,69,,68856,38,0,5,2,31,,68844,38,0,5,1,72,,68853,38,0,5,1,29,,68848,38,0,5,1,71,,68828,38,0,5,1,31,,68857,38,0,5,2,70,,68845,38,0,5,1,33,,68830,38,0,5,2,72,,68849,38,0,5,1,32,,68838,38,0,5,1,73,,68846,38,0,5,1,30,,68831,38,0,5,2,71,,68850,38,0,5,1,30,,68839,38,0,5,1,69,,68854,38,0,5,1,28,,68825,38,0,5,1,69,,68832,38,0,5,2,29,,68824,38,0,5,1,69,,68840,38,0,5,1,28,,68855,38,0,5,1,67,,68826,38,0,5,1,28,,68833,38,0,5,2,65,,68858,38,0,5,1,27,,68841,38,0,5,1
20201,'H60JV00S-98-S',642,,68887,38,0,5,1,69,,68891,38,0,5,1,24,,68875,38,0,5,1,23,,68874,38,0,5,2,67,,68889,38,0,5,1,27,,68862,38,0,5,1,68,,68888,38,0,5,1,27,,68892,38,0,5,1,63,,68876,38,0,5,1,24,,68898,38,0,5,1,24,,68890,38,0,5,1,65,,68863,38,0,5,1,25,,68894,38,0,5,1,70,,68893,38,0,5,1,32,,68877,38,0,5,1,72,,68882,38,0,5,1,26,,68864,38,0,5,1,65,,68895,38,0,5,1,25,,68860,38,0,5,2,67,,68859,38,0,5,1,28,,68868,38,0,5,1,69,,68883,38,0,5,1,15,,68896,2,0,5,1,14,,68897,38,0,5,2,27,,68878,38,0,5,1,59,,68884,2,0,5,1,87,,68861,38,0,5,1,29,,68869,38,0,5,1,69,,68865,38,0,5,2,29,,68879,38,0,5,1,69,,68885,38,0,5,1,27,,68872,38,0,5,2,26,,68870,38,0,5,1,67,,68866,38,0,5,2,26,,68880,38,0,5,1,66,,68886,38,0,5,1,27,,68873,38,0,5,2,67,,68871,38,0,5,1,27,,68867,38,0,5,2,26,,68881,38,0,5,1,76,,68899,38,0,5,1
37801,'H60J000A-80-A',2530,,75979,3,0,5,2,91,,75981,3,0,5,1,91,,75982,3,0,5,1,91,,75980,3,0,5,2
37801,'H60J000I-80-I',2530,,75985,3,0,5,1,91,,75984,3,0,5,2,90,,75986,3,0,5,1,93,,75983,3,0,5,1
37801,'H60J000S-98-S',2530,,75987,3,0,5,1,91,,75989,3,0,5,1,97,,75988,3,0,5,1,89,,75990,3,0,5,1
37801,'H60JV00A-80-A',2530,,75993,3,0,5,2,91,,75991,3,0,5,1,91,,75992,3,0,5,1,91,,75994,3,0,5,2
37801,'H60JV00I-80-I',2530,,75995,3,0,5,1,91,,75997,3,0,5,2,90,,75996,3,0,5,1,93,,75998,3,0,5,1
37801,'H60JV00S-98-S',2530,,76001,3,0,5,1,91,,75999,3,0,5,1,97,,76002,3,0,5,1,89,,76000,3,0,5,1
