1101,'H57J000A-80-A',803,,501,4,0,5,1,25,,505,4,0,5,1,28,,502,4,0,5,1,66,,506,4,0,5,1,18,,514,4,0,5,1,18,,503,4,0,5,1,61,,507,4,0,5,1,20,,515,4,0,5,1,62,,504,4,0,5,1,24,,508,4,0,5,1,22,,516,4,0,5,1,62,,528,4,0,5,1,26,,509,4,0,5,1,22,,517,4,0,5,1,63,,529,4,0,5,1,26,,510,4,0,5,1,62,,518,4,0,5,1,16,,535,4,0,5,1,18,,530,4,0,5,1,62,,511,4,0,5,1,18,,519,4,0,5,1,20,,536,4,0,5,1,58,,531,4,0,5,1,20,,512,4,0,5,1,17,,520,4,0,5,1,21,,537,4,0,5,1,57,,532,4,0,5,1,19,,513,4,0,5,1,19,,521,4,0,5,1,63,,538,4,0,5,1,22,,533,4,0,5,1,64,,522,4,0,5,1,22,,539,4,0,5,1,21,,534,4,0,5,1,65,,523,4,0,5,1,32,,540,4,0,5,1,71,,524,4,0,5,1
1101,'H57J000I-80-I',802,,544,4,0,5,1,22,,553,4,0,5,1,18,,568,4,0,5,1,17,,545,4,0,5,1,60,,554,4,0,5,1,15,,569,4,0,5,1,21,,546,4,0,5,1,60,,555,4,0,5,1,19,,570,4,0,5,1,22,,547,4,0,5,1,61,,556,4,0,5,1,20,,571,4,0,5,1,64,,548,4,0,5,1,21,,557,4,0,5,1,21,,572,4,0,5,1,57,,579,4,0,5,1,18,,549,4,0,5,1,18,,558,4,0,5,1,18,,573,4,0,5,1,58,,580,4,0,5,1,19,,550,4,0,5,1,19,,559,4,0,5,1,59,,574,4,0,5,1,16,,590,4,0,5,1,15,,581,4,0,5,1,14,,551,4,0,5,1,55,,560,4,0,5,1,16,,575,4,0,5,1,14,,591,4,0,5,1,16,,582,4,0,5,1,56,,552,4,0,5,1,14,,561,4,0,5,1,16,,576,4,0,5,1,67,,583,4,0,5,1,28,,562,4,0,5,1,17,,577,4,0,5,1,61,,584,4,0,5,1,25,,563,4,0,5,1,20,,578,4,0,5,1,60,,585,4,0,5,1,30,,564,4,0,5,1,70,,586,4,0,5,1
1101,'H57J000S-81-S',710,,592,4,0,5,1,31,,608,4,0,5,1,71,,593,4,0,5,1,31,,609,4,0,5,1,71,,594,4,0,5,1,31,,610,4,0,5,1,71,,595,4,0,5,1,32,,611,4,0,5,1,71,,596,4,0,5,1,33,,612,4,0,5,1,72,,597,4,0,5,1,25,,619,4,0,5,1,63,,613,4,0,5,1,23,,598,4,0,5,1,23,,620,4,0,5,1,64,,614,4,0,5,1,24,,599,4,0,5,1,64,,621,4,0,5,1,24,,615,4,0,5,1,24,,600,4,0,5,1,65,,622,4,0,5,1,25,,616,4,0,5,1,64,,601,4,0,5,1,25,,623,4,0,5,1,65,,617,4,0,5,1,26,,602,4,0,5,1,26,,624,4,0,5,1,71,,618,4,0,5,1,31,,603,4,0,5,1,73,,625,4,0,5,1,73,,604,4,0,5,1,32,,626,4,0,5,1
1101,'H57JV00A-80-A',803,,629,4,0,5,1,25,,633,4,0,5,1,28,,630,4,0,5,1,66,,634,4,0,5,1,18,,642,4,0,5,1,18,,631,4,0,5,1,61,,635,4,0,5,1,20,,643,4,0,5,1,62,,632,4,0,5,1,24,,636,4,0,5,1,22,,644,4,0,5,1,62,,656,4,0,5,1,26,,637,4,0,5,1,22,,645,4,0,5,1,63,,657,4,0,5,1,26,,638,4,0,5,1,62,,646,4,0,5,1,16,,663,4,0,5,1,18,,658,4,0,5,1,62,,639,4,0,5,1,18,,647,4,0,5,1,20,,664,4,0,5,1,58,,659,4,0,5,1,20,,640,4,0,5,1,17,,648,4,0,5,1,21,,665,4,0,5,1,57,,660,4,0,5,1,19,,641,4,0,5,1,19,,649,4,0,5,1,63,,666,4,0,5,1,22,,661,4,0,5,1,64,,650,4,0,5,1,22,,667,4,0,5,1,21,,662,4,0,5,1,65,,651,4,0,5,1,32,,668,4,0,5,1,71,,652,4,0,5,1
1101,'H57JV00I-80-I',802,,672,4,0,5,1,22,,681,4,0,5,1,18,,696,4,0,5,1,17,,673,4,0,5,1,60,,682,4,0,5,1,15,,697,4,0,5,1,21,,674,4,0,5,1,60,,683,4,0,5,1,19,,698,4,0,5,1,22,,675,4,0,5,1,61,,684,4,0,5,1,20,,699,4,0,5,1,64,,676,4,0,5,1,21,,685,4,0,5,1,21,,700,4,0,5,1,57,,707,4,0,5,1,18,,677,4,0,5,1,18,,686,4,0,5,1,18,,701,4,0,5,1,58,,708,4,0,5,1,19,,678,4,0,5,1,19,,687,4,0,5,1,59,,702,4,0,5,1,16,,718,4,0,5,1,15,,709,4,0,5,1,14,,679,4,0,5,1,55,,688,4,0,5,1,16,,703,4,0,5,1,14,,719,4,0,5,1,16,,710,4,0,5,1,56,,680,4,0,5,1,14,,689,4,0,5,1,16,,704,4,0,5,1,67,,711,4,0,5,1,28,,690,4,0,5,1,17,,705,4,0,5,1,61,,712,4,0,5,1,25,,691,4,0,5,1,20,,706,4,0,5,1,60,,713,4,0,5,1,30,,692,4,0,5,1,70,,714,4,0,5,1
1101,'H57JV00S-83-S',710,,720,4,0,5,1,31,,736,4,0,5,1,71,,721,4,0,5,1,31,,737,4,0,5,1,71,,722,4,0,5,1,31,,738,4,0,5,1,71,,723,4,0,5,1,32,,739,4,0,5,1,71,,724,4,0,5,1,33,,740,4,0,5,1,72,,725,4,0,5,1,25,,747,4,0,5,1,63,,741,4,0,5,1,23,,726,4,0,5,1,23,,748,4,0,5,1,64,,742,4,0,5,1,24,,727,4,0,5,1,64,,749,4,0,5,1,24,,743,4,0,5,1,24,,728,4,0,5,1,65,,750,4,0,5,1,25,,744,4,0,5,1,64,,729,4,0,5,1,25,,751,4,0,5,1,65,,745,4,0,5,1,26,,730,4,0,5,1,26,,752,4,0,5,1,71,,746,4,0,5,1,31,,731,4,0,5,1,73,,753,4,0,5,1,73,,732,4,0,5,1,32,,754,4,0,5,1
16603,'H50J000A-84-A',2129,,56777,23,0,22 34,2,71,,56758,23,0,22 34,1,40,,56761,23,0,22 34,2,79,,56759,23,0,22 34,1,40,,56762,23,0,22 34,2,80,,56760,23,0,22 34,1,82,,56763,23,0,22 34,2
16603,'H50J000I-84-I',2116,,56795,23,0,22 34,1,39,,56815,23,0,22 34,1,78,,56796,23,0,22 34,1,79,,56816,23,0,22 34,1,38,,56797,23,0,22 34,1,78,,56817,23,0,22 34,1,83,,56798,23,0,22 34,1
16603,'H50J000S-83-S',2135,,56829,23,0,22 34,1,72,,56836,23,0,22 34,1,33,,56819,23,0,22 34,1,74,,56830,23,0,22 34,1,38,,56837,23,0,22 34,1,78,,56831,23,0,22 34,1,76,,56838,23,0,22 34,1
16603,'H50JV00A-81-A',2129,,56877,23,0,22 34,2,71,,56858,23,0,22 34,1,40,,56861,23,0,22 34,2,79,,56859,23,0,22 34,1,40,,56862,23,0,22 34,2,80,,56860,23,0,22 34,1,82,,56863,23,0,22 34,2
16603,'H50JV00I-81-I',2116,,56895,23,0,22 34,1,39,,56915,23,0,22 34,1,78,,56896,23,0,22 34,1,79,,56916,23,0,22 34,1,38,,56897,23,0,22 34,1,78,,56917,23,0,22 34,1,83,,56898,23,0,22 34,1
16603,'H50JV00S-82-S',2135,,56929,23,0,22 34,1,72,,56936,23,0,22 34,1,33,,56919,23,0,22 34,1,74,,56930,23,0,22 34,1,38,,56937,23,0,22 34,1,78,,56931,23,0,22 34,1,76,,56938,23,0,22 34,1
16604,'H50J000A-84-A',2134,,56987,28,0,22 34,1,72,,56962,28,0,22 34,2,39,,56960,28,0,22 34,1,80,,56963,28,0,22 34,2,80,,56961,28,0,22 34,1,42,,56964,28,0,22 34,2
16604,'H50J000I-84-I',2124,,57015,28,0,22 34,1,78,,56996,28,0,22 34,1,38,,57016,28,0,22 34,1,78,,56997,28,0,22 34,1,39,,57017,28,0,22 34,1,80,,56998,28,0,22 34,1
16604,'H50J000S-83-S',2134,,57035,28,0,22 34,1,74,,57019,28,0,22 34,1,34,,57030,28,0,22 34,1,76,,57036,28,0,22 34,1,41,,57031,28,0,22 34,1,76,,57037,28,0,22 34,1
16604,'H50JV00A-81-A',2134,,57084,28,0,22 34,1,72,,57059,28,0,22 34,2,39,,57057,28,0,22 34,1,80,,57060,28,0,22 34,2,80,,57058,28,0,22 34,1,42,,57061,28,0,22 34,2
16604,'H50JV00I-81-I',2124,,57112,28,0,22 34,1,78,,57093,28,0,22 34,1,38,,57113,28,0,22 34,1,78,,57094,28,0,22 34,1,39,,57114,28,0,22 34,1,80,,57095,28,0,22 34,1
16604,'H50JV00S-82-S',2134,,57132,28,0,22 34,1,74,,57116,28,0,22 34,1,34,,57127,28,0,22 34,1,76,,57133,28,0,22 34,1,41,,57128,28,0,22 34,1,76,,57134,28,0,22 34,1
