19800,'H56M000A-70-A',428,,147166,3,,,1,72,,147149,3,,,2,32,,147153,3,,,1,73,,147144,3,,,1,32,,147167,3,,,1,72,,147150,3,,,2,31,,147154,3,,,1,71,,147156,3,,,1,31,,147152,3,,,1,70,,147168,3,,,1,26,,147185,3,,,2,67,,147180,3,,,1,27,,147183,3,,,2,26,,147173,3,,,1,65,,147184,3,,,1,24,,147143,3,,,1,66,,147186,3,,,2,25,,147181,3,,,1,64,,147155,3,,,1,23,,147174,3,,,1,22,,147161,3,,,1,62,,147158,3,,,1,19,,147169,3,,,1,18,,147187,3,,,2,60,,147177,3,,,1,20,,147182,3,,,1,20,,147157,3,,,1,63,,147159,3,,,1,26,,147162,3,,,1,70,,147170,3,,,1,31,,147178,3,,,1,71,,147146,3,,,2,29,,147160,3,,,1,70,,147163,3,,,1,30,,147171,3,,,1,69,,147179,3,,,1,29,,147147,3,,,2,69,,147175,3,,,1,29,,147164,3,,,1,70,,147172,3,,,1,30,,147151,3,,,1,70,,147148,3,,,2,30,,147176,3,,,1,70,,147165,3,,,1,30,,147145,3,,,1
19800,'H56M000I-70-I',429,,147194,3,,,1,72,,147190,3,,,1,33,,147193,3,,,1,73,,147205,3,,,1,32,,147195,3,,,1,71,,147197,3,,,2,31,,147188,3,,,1,71,,147215,3,,,2,31,,147206,3,,,1,71,,147222,3,,,1,30,,147198,3,,,2,70,,147189,3,,,1,25,,147192,3,,,1,64,,147199,3,,,2,29,,147216,3,,,2,70,,147223,3,,,1,30,,147211,3,,,1,70,,147207,3,,,1,31,,147200,3,,,2,70,,147217,3,,,2,29,,147224,3,,,1,69,,147212,3,,,1,31,,147208,3,,,1,72,,147201,3,,,2,31,,147218,3,,,2,70,,147225,3,,,1,30,,147213,3,,,1,70,,147209,3,,,1,30,,147202,3,,,2,69,,147219,3,,,2,29,,147226,3,,,1,69,,147214,3,,,1,30,,147210,3,,,1,70,,147203,3,,,2,30,,147220,3,,,2,70,,147227,3,,,1,30,,147196,3,,,2,70,,147191,3,,,1,30,,147204,3,,,2,70,,147221,3,,,2,30,,147228,3,,,1
19800,'H56M000S-70-S',502,,147229,3,,,1,30,,147242,3,,,2,68,,147263,3,,,2,18,,147251,3,,,2,17,,147231,3,,,1,17,,147266,3,,,2,71,,147254,3,,,2,13,,147256,3,,,2,13,,147252,3,,,2,53,,147250,3,,,1,14,,147253,3,,,2,14,,147255,3,,,2,22,,147270,3,,,2,64,,147267,3,,,2,28,,147271,3,,,1,98,,147244,3,,,1,69,,147230,3,,,1,29,,147236,3,,,1,69,,147245,3,,,1,31,,147243,3,,,1,70,,147247,3,,,1,30,,147264,3,,,1,70,,147246,3,,,1,31,,147248,3,,,2,96,,147235,3,,,1,64,,147249,3,,,1,25,,147265,3,,,1,3,,147269,5,,,2,10,,147257,3,,,2,69,,147275,3,,,2,29,,147240,3,,,2,69,,147274,3,,,1,29,,147258,3,,,1,69,,147241,3,,,1,28,,147232,3,,,1,26,,147268,3,,,1,67,,147233,3,,,1,28,,147261,3,,,2,67,,147259,3,,,1,27,,147239,3,,,1,64,,147237,3,,,2,25,,147272,3,,,1,68,,147234,3,,,1,29,,147262,3,,,2,69,,147260,3,,,1,30,,147238,3,,,2,70,,147273,3,,,1
19800,'H56M100F-70-F1',429,,147289,3,,,1,72,,147286,3,,,1,33,,147282,3,,,1,73,,147291,3,,,2,32,,147290,3,,,1,71,,147287,3,,,1,31,,147277,3,,,1,71,,147296,3,,,2,31,,147278,3,,,1,71,,147307,3,,,1,30,,147288,3,,,1,70,,147276,3,,,1,25,,147285,3,,,1,64,,147300,3,,,2,29,,147297,3,,,2,70,,147308,3,,,1,30,,147306,3,,,1,70,,147293,3,,,1,31,,147301,3,,,2,70,,147298,3,,,2,29,,147309,3,,,1,69,,147313,3,,,2,31,,147294,3,,,1,72,,147302,3,,,2,31,,147299,3,,,2,70,,147310,3,,,1,30,,147314,3,,,2,70,,147295,3,,,1,30,,147305,3,,,2,69,,147279,3,,,1,29,,147311,3,,,1,69,,147315,3,,,2,30,,147283,3,,,1,70,,147303,3,,,2,30,,147280,3,,,1,70,,147312,3,,,1,30,,147292,3,,,2,70,,147284,3,,,1,30,,147304,3,,,2,70,,147281,3,,,1,30,,147316,3,,,2
19800,'H56M200F-70-F2',429,,147330,3,,,1,72,,147327,3,,,1,33,,147323,3,,,1,73,,147332,3,,,2,32,,147331,3,,,1,71,,147328,3,,,1,31,,147317,3,,,1,71,,147337,3,,,2,31,,147319,3,,,1,71,,147348,3,,,1,30,,147329,3,,,1,70,,147318,3,,,1,25,,147326,3,,,1,64,,147341,3,,,2,29,,147338,3,,,2,70,,147350,3,,,1,30,,147347,3,,,1,70,,147334,3,,,1,31,,147342,3,,,2,70,,147339,3,,,2,29,,147349,3,,,1,69,,147354,3,,,2,31,,147335,3,,,1,72,,147343,3,,,2,31,,147340,3,,,2,70,,147351,3,,,1,30,,147355,3,,,2,70,,147336,3,,,1,30,,147344,3,,,2,69,,147320,3,,,1,29,,147352,3,,,1,69,,147356,3,,,2,30,,147324,3,,,1,70,,147345,3,,,2,30,,147321,3,,,1,70,,147353,3,,,1,30,,147333,3,,,2,70,,147325,3,,,1,30,,147346,3,,,2,70,,147322,3,,,1,30,,147357,3,,,2
19800,'H56M300F-70-F3',429,,147364,3,,,1,72,,147360,3,,,1,33,,147363,3,,,1,73,,147375,3,,,1,32,,147365,3,,,1,71,,147367,3,,,2,31,,147358,3,,,1,71,,147385,3,,,2,31,,147376,3,,,1,71,,147392,3,,,1,30,,147368,3,,,2,70,,147359,3,,,1,25,,147362,3,,,1,64,,147369,3,,,2,29,,147386,3,,,2,70,,147393,3,,,1,30,,147381,3,,,1,70,,147377,3,,,1,31,,147370,3,,,2,70,,147387,3,,,2,29,,147394,3,,,1,69,,147382,3,,,1,31,,147378,3,,,1,72,,147371,3,,,2,31,,147388,3,,,2,70,,147395,3,,,1,30,,147383,3,,,1,70,,147379,3,,,1,30,,147372,3,,,2,69,,147389,3,,,2,29,,147396,3,,,1,69,,147384,3,,,1,30,,147380,3,,,1,70,,147373,3,,,2,30,,147390,3,,,2,70,,147397,3,,,1,30,,147366,3,,,2,70,,147361,3,,,1,30,,147374,3,,,2,70,,147391,3,,,2,30,,147398,3,,,1
19800,'H58M000S-70-S',1013,,147399,3,,,2
19800,'H60M000S-71-S',1510,,147400,3,,,1
20201,'H50M000S-70-S',1548,,148598,36,,,1
20201,'H60M000A-71-A',624,,148601,36,,,1,22,,148612,36,,,2,59,,148623,36,,,1,19,,148628,36,,,1,19,,148608,36,,,1,59,,148617,36,,,2,27,,148602,36,,,1,71,,148600,36,,,2,30,,148629,36,,,1,70,,148609,36,,,1,31,,148614,36,,,1,71,,148603,36,,,1,31,,148618,36,,,2,72,,148624,36,,,1,32,,148615,36,,,1,72,,148610,36,,,1,23,,148604,36,,,1,23,,148619,36,,,2,63,,148633,36,,,1,23,,148625,36,,,1,63,,148616,36,,,1,24,,148611,36,,,1,23,,148605,36,,,1,63,,148620,36,,,2,26,,148634,36,,,1,64,,148626,36,,,1,25,,148638,36,,,1,23,,148639,36,,,1,61,,148606,36,,,1,23,,148621,36,,,2,64,,148635,36,,,1,31,,148627,36,,,1,72,,148630,36,,,1,28,,148640,36,,,1,28,,148607,36,,,1,68,,148632,36,,,1,29,,148622,36,,,1,70,,148637,36,,,1,29,,148599,36,,,1,71,,148636,36,,,1,31,,148613,36,,,1,67,,148631,36,,,1
20201,'H60M000I-71-I',624,,148643,36,,,1,30,,148653,36,,,1,70,,148663,36,,,1,31,,148668,36,,,2,71,,148644,36,,,1,30,,148654,36,,,1,70,,148664,36,,,1,32,,148669,36,,,2,72,,148645,36,,,1,71,,148655,36,,,1,31,,148665,36,,,1,70,,148670,36,,,2,30,,148650,36,,,1,70,,148660,36,,,1,31,,148666,36,,,1,72,,148658,36,,,2,31,,148657,36,,,1,71,,148672,36,,,1,20,,148675,36,,,2,21,,148661,36,,,1,60,,148667,36,,,1,29,,148659,36,,,2,70,,148656,36,,,1,32,,148676,36,,,2,71,,148662,36,,,1,31,,148646,36,,,1,69,,148673,36,,,1,28,,148651,36,,,1,69,,148677,36,,,2,29,,148641,36,,,1,69,,148648,36,,,1,30,,148674,36,,,1,68,,148652,36,,,1,28,,148678,36,,,2,28,,148642,36,,,1,68,,148647,36,,,1,28,,148649,36,,,2,68,,148671,36,,,1
20201,'H60M000S-71-S',609,,148682,36,,,1,36,,148681,36,,,1,73,,148685,36,,,1,34,,148689,36,,,1,69,,148697,36,,,1,25,,148683,36,,,1,65,,148695,36,,,2,24,,148696,36,,,1,66,,148686,36,,,1,25,,148690,36,,,1,25,,148698,36,,,1,63,,148684,36,,,1,22,,148680,36,,,1,23,,148691,36,,,1,65,,148687,36,,,1,26,,148704,36,,,1,59,,148679,36,,,2,18,,148699,36,,,1,18,,148708,36,,,1,57,,148706,36,,,1,15,,148709,36,,,1,16,,148692,36,,,1,21,,148688,36,,,1,64,,148705,36,,,1,94,,148712,36,,,1,19,,148711,36,,,2,19,,148707,36,,,1,57,,148716,36,,,1,31,,148710,36,,,1,70,,148700,36,,,1,30,,148693,36,,,1,69,,148719,36,,,2,29,,148717,36,,,1,67,,148714,36,,,2,26,,148701,36,,,1,28,,148694,36,,,1,68,,148720,36,,,2,27,,148718,36,,,1,67,,148715,36,,,2,27,,148702,36,,,1,73,,148721,36,,,1,34,,148713,36,,,1,73,,148703,36,,,1
20201,'H60M100F-71-F1',624,,148724,36,,,1,30,,148732,36,,,1,70,,148737,36,,,1,31,,148742,36,,,2,71,,148725,36,,,1,30,,148733,36,,,1,70,,148738,36,,,1,32,,148743,36,,,2,72,,148726,36,,,1,71,,148734,36,,,1,31,,148739,36,,,1,70,,148744,36,,,2,30,,148731,36,,,1,70,,148727,36,,,1,31,,148740,36,,,1,72,,148736,36,,,2,31,,148735,36,,,1,71,,148748,36,,,1,20,,148751,36,,,1,21,,148728,36,,,1,60,,148741,36,,,1,29,,148747,36,,,2,70,,148755,36,,,1,32,,148752,36,,,1,71,,148729,36,,,1,31,,148723,36,,,1,69,,148754,36,,,2,28,,148756,36,,,1,69,,148749,36,,,1,29,,148722,36,,,1,69,,148753,36,,,1,30,,148759,36,,,1,68,,148757,36,,,1,28,,148750,36,,,1,28,,148730,36,,,1,68,,148745,36,,,1,28,,148758,36,,,1,68,,148746,36,,,1
20201,'H60M200F-71-F2',624,,148793,36,,,1,30,,148785,36,,,1,70,,148790,36,,,1,31,,148781,36,,,2,71,,148794,36,,,1,30,,148787,36,,,1,70,,148791,36,,,1,32,,148782,36,,,2,72,,148795,36,,,1,71,,148786,36,,,1,31,,148792,36,,,1,70,,148783,36,,,2,30,,148768,36,,,1,70,,148770,36,,,1,31,,148779,36,,,1,72,,148767,36,,,2,31,,148788,36,,,1,71,,148762,36,,,1,20,,148773,36,,,1,21,,148772,36,,,1,60,,148780,36,,,1,29,,148784,36,,,2,70,,148775,36,,,1,32,,148774,36,,,1,71,,148771,36,,,1,31,,148796,36,,,1,69,,148789,36,,,2,28,,148776,36,,,1,69,,148777,36,,,1,29,,148763,36,,,1,69,,148797,36,,,1,30,,148765,36,,,1,68,,148769,36,,,1,28,,148778,36,,,1,28,,148761,36,,,1,68,,148764,36,,,1,28,,148760,36,,,1,68,,148766,36,,,1
20201,'H60M300F-71-F3',624,,148804,36,,,1,30,,148814,36,,,1,70,,148800,36,,,1,31,,148807,36,,,2,71,,148803,36,,,1,30,,148815,36,,,1,70,,148801,36,,,1,32,,148808,36,,,2,72,,148805,36,,,1,71,,148816,36,,,1,31,,148802,36,,,1,70,,148809,36,,,2,30,,148810,36,,,1,70,,148820,36,,,1,31,,148830,36,,,1,72,,148818,36,,,1,31,,148824,36,,,1,71,,148832,36,,,2,20,,148833,36,,,2,21,,148821,36,,,1,60,,148831,36,,,1,29,,148806,36,,,1,70,,148825,36,,,1,32,,148834,36,,,2,71,,148822,36,,,1,31,,148799,36,,,2,69,,148798,36,,,1,28,,148826,36,,,1,69,,148812,36,,,1,29,,148828,36,,,1,69,,148817,36,,,1,30,,148819,36,,,1,68,,148835,36,,,1,28,,148813,36,,,1,28,,148811,36,,,1,68,,148823,36,,,1,28,,148829,36,,,1,68,,148827,36,,,1
20900,'H60M000A-71-A',606,,151323,4,,,2,36,,151318,4,,,1,73,,151329,4,,,2,33,,151324,4,,,2,73,,151319,4,,,1,33,,151330,4,,,2,73,,151325,4,,,2,73,,151320,4,,,1,32,,151331,4,,,2,73,,151326,4,,,2,33,,151321,4,,,1,73,,151332,4,,,2,33,,151327,4,,,2,73,,151322,4,,,1,33,,151333,4,,,2,73,,151328,4,,,2,31,,151341,4,,,1,73,,151347,4,,,2,73,,151334,4,,,2,33,,151340,4,,,1,72,,151348,4,,,2,33,,151335,4,,,2,73,,151342,4,,,1,31,,151349,4,,,2,72,,151336,4,,,2,32,,151343,4,,,1,71,,151350,4,,,2,29,,151337,4,,,2,71,,151344,4,,,1,30,,151351,4,,,2,68,,151339,4,,,2,28,,151345,4,,,1,69,,151352,4,,,2,27,,151338,4,,,2,67,,151346,4,,,1
20900,'H60M000I-71-I',606,,151365,4,,,2,36,,151353,4,,,1,73,,151366,4,,,2,33,,151377,4,,,2,73,,151354,4,,,1,33,,151367,4,,,2,73,,151378,4,,,2,73,,151355,4,,,1,32,,151368,4,,,2,73,,151379,4,,,2,33,,151356,4,,,1,72,,151369,4,,,2,33,,151380,4,,,2,72,,151357,4,,,1,33,,151370,4,,,2,73,,151381,4,,,2,32,,151358,4,,,1,73,,151371,4,,,2,33,,151383,4,,,2,73,,151359,4,,,1,73,,151372,4,,,2,33,,151382,4,,,2,72,,151360,4,,,1,31,,151373,4,,,2,73,,151384,4,,,2,31,,151361,4,,,1,71,,151374,4,,,2,32,,151385,4,,,2,68,,151362,4,,,1,29,,151375,4,,,2,72,,151386,4,,,2,24,,151363,4,,,1,69,,151376,4,,,2,31,,151387,4,,,2,64,,151364,4,,,1
20900,'H60M000S-71-S',604,,151411,4,,,2,33,,151405,4,,,1,66,,151422,4,,,2,26,,151395,4,,,1,28,,151417,4,,,1,68,,151421,4,,,2,30,,151406,4,,,2,73,,151396,4,,,1,72,,151418,4,,,1,33,,151407,4,,,2,73,,151397,4,,,1,32,,151419,4,,,1,73,,151408,4,,,2,32,,151388,4,,,1,71,,151398,4,,,1,31,,151420,4,,,1,69,,151409,4,,,2,28,,151389,4,,,1,68,,151399,4,,,1,27,,151412,4,,,1,67,,151410,4,,,2,30,,151390,4,,,1,70,,151400,4,,,1,29,,151413,4,,,1,69,,151423,4,,,2,28,,151391,4,,,1,72,,151401,4,,,1,33,,151414,4,,,1,73,,151392,4,,,1,33,,151402,4,,,1,72,,151415,4,,,1,32,,151393,4,,,1,72,,151403,4,,,1,30,,151416,4,,,1,70,,151394,4,,,1,29,,151404,4,,,1
20900,'H60M100F-71-F1',606,,151436,4,,,1,36,,151424,4,,,1,73,,151437,4,,,2,33,,151448,4,,,1,73,,151425,4,,,1,33,,151438,4,,,2,73,,151449,4,,,1,73,,151426,4,,,1,32,,151439,4,,,2,73,,151450,4,,,1,33,,151430,4,,,1,72,,151440,4,,,2,33,,151451,4,,,1,72,,151427,4,,,1,33,,151441,4,,,2,73,,151452,4,,,1,32,,151428,4,,,1,73,,151442,4,,,2,33,,151453,4,,,1,73,,151429,4,,,1,73,,151443,4,,,2,33,,151456,4,,,1,72,,151431,4,,,1,31,,151444,4,,,2,73,,151454,4,,,1,31,,151432,4,,,1,71,,151445,4,,,2,32,,151457,4,,,1,68,,151433,4,,,1,29,,151446,4,,,2,72,,151458,4,,,1,24,,151434,4,,,1,69,,151447,4,,,2,31,,151455,4,,,1,64,,151435,4,,,1
20900,'H60M200F-71-F2',606,,151459,4,,,1,36,,151460,4,,,1,73,,151472,4,,,2,33,,151483,4,,,1,73,,151461,4,,,1,33,,151473,4,,,2,73,,151485,4,,,1,73,,151462,4,,,1,32,,151474,4,,,2,73,,151484,4,,,1,33,,151463,4,,,1,72,,151475,4,,,2,33,,151486,4,,,1,72,,151464,4,,,1,33,,151476,4,,,2,73,,151487,4,,,1,32,,151465,4,,,1,73,,151477,4,,,2,33,,151488,4,,,1,73,,151466,4,,,1,73,,151478,4,,,2,33,,151489,4,,,1,72,,151467,4,,,1,31,,151479,4,,,2,73,,151490,4,,,1,31,,151468,4,,,1,71,,151480,4,,,2,32,,151491,4,,,1,68,,151469,4,,,1,29,,151481,4,,,2,72,,151492,4,,,1,24,,151470,4,,,1,69,,151482,4,,,2,31,,151493,4,,,1,64,,151471,4,,,1
20900,'H60M300F-71-F3',606,,151506,4,,,1,36,,151496,4,,,1,73,,151507,4,,,2,33,,151518,4,,,1,73,,151494,4,,,1,33,,151508,4,,,2,73,,151519,4,,,1,73,,151497,4,,,1,32,,151509,4,,,2,73,,151520,4,,,1,33,,151495,4,,,1,72,,151510,4,,,2,33,,151521,4,,,1,72,,151498,4,,,1,33,,151511,4,,,2,73,,151522,4,,,1,32,,151499,4,,,1,73,,151512,4,,,2,33,,151523,4,,,1,73,,151500,4,,,1,73,,151513,4,,,2,33,,151524,4,,,1,72,,151501,4,,,1,31,,151514,4,,,2,73,,151525,4,,,1,31,,151502,4,,,1,71,,151515,4,,,2,32,,151526,4,,,1,68,,151503,4,,,1,29,,151516,4,,,2,72,,151527,4,,,1,24,,151504,4,,,1,69,,151517,4,,,2,31,,151528,4,,,1,64,,151505,4,,,1
