11501,'H50J000S-83-S',626,,42483,10,4,,1,18,,42480,10,4,,1,61,,42484,10,4,,1,20,,42486,10,4,,1,19,,42485,10,4,,1,56,,42487,10,4,,1,32,,42481,10,4,,1,74,,42482,10,4,,1
11501,'H50JV00S-82-S',626,,42512,10,4,,1,18,,42509,10,4,,1,61,,42513,10,4,,1,20,,42515,10,4,,1,19,,42514,10,4,,1,56,,42516,10,4,,1,32,,42510,10,4,,1,74,,42511,10,4,,1
11502,'H50J000S-83-S',538,,42531,1,0,10,1,62,,42538,1,0,10,1,16,,42532,1,0,10,1,16,,42539,1,0,10,1,14,,42533,1,0,10,1,54,,42544,1,0,10,1,10,,42540,1,0,10,1,10,,42534,1,0,10,1,9,,42549,1,0,10,1,9,,42545,1,0,10,1,10,,42541,1,0,10,1,10,,42535,1,0,10,1,49,,42550,1,0,10,1,9,,42546,1,0,10,1,9,,42542,1,0,10,1,9,,42536,1,0,10,1,8,,42551,1,0,10,1,8,,42547,1,0,10,1,9,,42543,1,0,10,1,52,,42537,1,0,10,1,13,,42548,1,0,10,1
11502,'H50JV00S-82-S',538,,42569,1,0,10,1,62,,42576,1,0,10,1,16,,42570,1,0,10,1,16,,42577,1,0,10,1,14,,42571,1,0,10,1,54,,42582,1,0,10,1,10,,42578,1,0,10,1,10,,42572,1,0,10,1,9,,42587,1,0,10,1,9,,42583,1,0,10,1,10,,42579,1,0,10,1,10,,42573,1,0,10,1,49,,42588,1,0,10,1,9,,42584,1,0,10,1,9,,42580,1,0,10,1,9,,42574,1,0,10,1,8,,42589,1,0,10,1,8,,42585,1,0,10,1,9,,42581,1,0,10,1,52,,42575,1,0,10,1,13,,42586,1,0,10,1
37602,'H60J000A-80-A',2625,,75951,2,0,10,1,85,,75954,2,0,10,1,45,,75952,2,0,10,1,85,,75953,2,0,10,1
37602,'H60J000I-80-I',2541,,75958,2,0,10,1,85,,75955,2,0,10,1,85,,75956,2,0,10,1,45,,75957,2,0,10,1,85,,75959,2,0,10,1
37602,'H60J000S-98-S',2542,,75963,2,0,10,1,85,,75962,2,0,10,1,85,,75961,2,0,10,1,45,,75960,2,0,10,1,85,,75964,2,0,10,1
37602,'H60JV00A-80-A',2625,,75967,2,0,10,1,85,,75965,2,0,10,1,45,,75968,2,0,10,1,85,,75966,2,0,10,1
37602,'H60JV00I-80-I',2541,,75970,2,0,10,1,85,,75969,2,0,10,1,85,,75973,2,0,10,1,45,,75972,2,0,10,1,85,,75971,2,0,10,1
37602,'H60JV00S-98-S',2542,,75976,2,0,10,1,85,,75975,2,0,10,1,85,,75974,2,0,10,1,45,,75978,2,0,10,1,85,,75977,2,0,10,1
