'26J-H50J000A-84-A',6901,53640,0,'Est',1,7300,0,'Est',1,3200,0,'Est',1,7190,0,'Est',1,3000,0,'Est',1,6990,0,'Est',1,3000,0,'Est',1,7000,0,'Est',1,3100,0,'Est',1,7000,0,'Est',1,3000,0,'Est',1,6500,0,'Est',1,2000,0,'Est',1,1900,0,'Est',1,6000,0,'Est',1,2000,0,'Est',1,2000,0,'Est',1,6000,0,'Est',1,2000,0,'Est',1,2100,0,'Est',1,6200,0,'Est',1,2100,0,'Est',1,2100,0,'Est',1,6100,0,'Est',1,1800,0,'Est',1,1800,0,'Est',1,5800,0,'Est',1,1800,0,'Est',1,1700,0,'Est',1,1500,0,'Est',1,5500,0,'Est',1,1600,0,'Est',1,1900,0,'Est',1,5800,0,'Est',1,1800,0,'Est',1,1800,0,'Est',1,6300,0,'Est',1,2500,0,'Est',1,2700,0,'Est',1,6810,0,'Est',1,2800,0,'Est',1,6800,0,'Est',1,2700,0,'Est',1,6600,0,'Est',1,2700,0,'Est',1,7100,0,'Est',1,3100,0,'Est',1,7100,0,'Est',1,3200,0,'Est',1,6710,0,'Est',1,2600,0,'Est',1,6200,0,'Est',1
'26J-H50J000I-84-I',6901,53340,0,'Est',1,7300,0,'Est',1,3400,0,'Est',1,7090,0,'Est',1,3100,0,'Est',1,7200,0,'Est',1,3100,0,'Est',1,7000,0,'Est',1,2700,0,'Est',1,6590,0,'Est',1,2600,0,'Est',1,6600,0,'Est',1,3100,0,'Est',1,7000,0,'Est',1,3000,0,'Est',1,7000,0,'Est',1,2600,0,'Est',1,2400,0,'Est',1,6000,0,'Est',1,2000,0,'Est',1,2000,0,'Est',1,6000,0,'Est',1,2000,0,'Est',1,2000,0,'Est',1,6000,0,'Est',1,1900,0,'Est',1,1900,0,'Est',1,6000,0,'Est',1,1700,0,'Est',1,2000,0,'Est',1,6000,0,'Est',1,2000,0,'Est',1,2100,0,'Est',1,6400,0,'Est',1,2800,0,'Est',1,6800,0,'Est',1,2800,0,'Est',1,7000,0,'Est',1,3000,0,'Est',1,7200,0,'Est',1,3110,0,'Est',1,7200,0,'Est',1,3300,0,'Est',1,7100,0,'Est',1,3100,0,'Est',1,6610,0,'Est',1,2100,0,'Est',1
'26J-H50J000S-83-S',6901,52440,0,'Est',1,3090,0,'Est',1,6800,0,'Est',1,2270,0,'Est',1,5750,0,'Est',1,1400,0,'Est',1,1200,0,'Est',1,1200,0,'Est',1,900,0,'Est',1,700,0,'Est',1,4700,0,'Est',1,700,0,'Est',1,900,0,'Est',1,950,0,'Est',1,920,0,'Est',1,900,0,'Est',1,900,0,'Est',1,4800,0,'Est',1,800,0,'Est',1,1900,0,'Est',1,2100,0,'Est',1,6200,0,'Est',1,2500,0,'Est',1,6680,0,'Est',1,2700,0,'Est',1,2500,0,'Est',1,5900,0,'Est',1,1900,0,'Est',1,1900,0,'Est',1,5900,0,'Est',1,1900,0,'Est',1,1800,0,'Est',1,5800,0,'Est',1,1700,0,'Est',1,1800,0,'Est',1,5850,0,'Est',1,2000,0,'Est',1,1400,0,'Est',1,1200,0,'Est',1,5100,0,'Est',1,1100,0,'Est',1,1000,0,'Est',1,1100,0,'Est',1,1000,0,'Est',1,1000,0,'Est',1,5000,0,'Est',1,1000,0,'Est',1,800,0,'Est',1,1100,0,'Est',1,1100,0,'Est',1,1100,0,'Est',1,5050,0,'Est',1,1000,0,'Est',1,1000,0,'Est',1,920,0,'Est',1,1000,0,'Est',1,900,0,'Est',1,4900,0,'Est',1,1000,0,'Est',1,1000,0,'Est',1,1500,0,'Est',1,6400,0,'Est',1,2700,0,'Est',1,2700,0,'Est',1,6700,0,'Est',1,2700,0,'Est',1,6700,0,'Est',1,2400,0,'Est',1,6400,0,'Est',1,2200,0,'Est',1,2000,0,'Est',1,6700,0,'Est',1,3020,0,'Est',1,6900,0,'Est',1,2400,0,'Est',1
'26J-H50JV00A-81-A',6901,53640,0,'Est',1,7300,0,'Est',1,3200,0,'Est',1,7190,0,'Est',1,3000,0,'Est',1,6990,0,'Est',1,3000,0,'Est',1,7000,0,'Est',1,3100,0,'Est',1,7000,0,'Est',1,3000,0,'Est',1,6500,0,'Est',1,2000,0,'Est',1,1900,0,'Est',1,6000,0,'Est',1,2000,0,'Est',1,2000,0,'Est',1,6000,0,'Est',1,2000,0,'Est',1,2100,0,'Est',1,6200,0,'Est',1,2100,0,'Est',1,2100,0,'Est',1,6100,0,'Est',1,1800,0,'Est',1,1800,0,'Est',1,5800,0,'Est',1,1800,0,'Est',1,1700,0,'Est',1,1500,0,'Est',1,5500,0,'Est',1,1600,0,'Est',1,1900,0,'Est',1,5800,0,'Est',1,1800,0,'Est',1,1800,0,'Est',1,6300,0,'Est',1,2500,0,'Est',1,2700,0,'Est',1,6810,0,'Est',1,2800,0,'Est',1,6800,0,'Est',1,2700,0,'Est',1,6600,0,'Est',1,2700,0,'Est',1,7100,0,'Est',1,3100,0,'Est',1,7100,0,'Est',1,3200,0,'Est',1,6710,0,'Est',1,2600,0,'Est',1,6200,0,'Est',1
'26J-H50JV00I-81-I',6901,53340,0,'Est',1,7300,0,'Est',1,3400,0,'Est',1,7090,0,'Est',1,3100,0,'Est',1,7200,0,'Est',1,3100,0,'Est',1,7000,0,'Est',1,2700,0,'Est',1,6590,0,'Est',1,2600,0,'Est',1,6600,0,'Est',1,3100,0,'Est',1,7000,0,'Est',1,3000,0,'Est',1,7000,0,'Est',1,2600,0,'Est',1,2400,0,'Est',1,6000,0,'Est',1,2000,0,'Est',1,2000,0,'Est',1,6000,0,'Est',1,2000,0,'Est',1,2000,0,'Est',1,6000,0,'Est',1,1900,0,'Est',1,1900,0,'Est',1,6000,0,'Est',1,1700,0,'Est',1,2000,0,'Est',1,6000,0,'Est',1,2000,0,'Est',1,2100,0,'Est',1,6400,0,'Est',1,2800,0,'Est',1,6800,0,'Est',1,2800,0,'Est',1,7000,0,'Est',1,3000,0,'Est',1,7200,0,'Est',1,3110,0,'Est',1,7200,0,'Est',1,3300,0,'Est',1,7100,0,'Est',1,3100,0,'Est',1,6610,0,'Est',1,2100,0,'Est',1
'26J-H50JV00S-82-S',6901,52440,0,'Est',1,3090,0,'Est',1,6800,0,'Est',1,2270,0,'Est',1,5750,0,'Est',1,1400,0,'Est',1,1200,0,'Est',1,1200,0,'Est',1,900,0,'Est',1,700,0,'Est',1,4700,0,'Est',1,700,0,'Est',1,900,0,'Est',1,950,0,'Est',1,920,0,'Est',1,900,0,'Est',1,900,0,'Est',1,4800,0,'Est',1,800,0,'Est',1,1900,0,'Est',1,2100,0,'Est',1,6200,0,'Est',1,2500,0,'Est',1,6680,0,'Est',1,2700,0,'Est',1,2500,0,'Est',1,5900,0,'Est',1,1900,0,'Est',1,1900,0,'Est',1,5900,0,'Est',1,1900,0,'Est',1,1800,0,'Est',1,5800,0,'Est',1,1700,0,'Est',1,1800,0,'Est',1,5850,0,'Est',1,2000,0,'Est',1,1400,0,'Est',1,1200,0,'Est',1,5100,0,'Est',1,1100,0,'Est',1,1000,0,'Est',1,1100,0,'Est',1,1000,0,'Est',1,1000,0,'Est',1,5000,0,'Est',1,1000,0,'Est',1,800,0,'Est',1,1100,0,'Est',1,1100,0,'Est',1,1100,0,'Est',1,5050,0,'Est',1,1000,0,'Est',1,1000,0,'Est',1,920,0,'Est',1,1000,0,'Est',1,900,0,'Est',1,4900,0,'Est',1,1000,0,'Est',1,1000,0,'Est',1,1500,0,'Est',1,6400,0,'Est',1,2700,0,'Est',1,2700,0,'Est',1,6700,0,'Est',1,2700,0,'Est',1,6700,0,'Est',1,2400,0,'Est',1,6400,0,'Est',1,2200,0,'Est',1,2000,0,'Est',1,6700,0,'Est',1,3020,0,'Est',1,6900,0,'Est',1,2400,0,'Est',1
'26J-H50J000A-84-A',38001,262230,0,'Est',2,9220,0,'Est',1,4500,0,'Est',2,6500,0,'Est',1,2000,0,'Est',1
'26J-H50J000I-84-I',38001,253700,0,'Est',1,8750,0,'Est',1,8280,0,'Est',2,4400,0,'Est',1,8620,0,'Est',2
'26J-H50J000S-83-S',38001,255030,0,'Est',1,8400,0,'Est',2,8800,0,'Est',1,8300,0,'Est',1,4700,0,'Est',2
'26J-H50J000S-83-SV',38001,274430,0,'Est',1
'26J-H50JV00A-81-A',38001,262230,0,'Est',2,9220,0,'Est',1,4500,0,'Est',2,6500,0,'Est',1,2000,0,'Est',1
'26J-H50JV00I-81-I',38001,253700,0,'Est',1,8750,0,'Est',1,8280,0,'Est',2,4400,0,'Est',1,8620,0,'Est',2
'26J-H50JV00S-82-S',38001,255030,0,'Est',1,8400,0,'Est',2,8800,0,'Est',1,8300,0,'Est',1,4700,0,'Est',2
'26J-H50JV00S-82-SV',38001,274430,0,'Est',1
