35802,'H59J000A-80-A',2505,,74805,10,0,10,2,28,,74801,10,0,10,1,71,,74806,10,0,10,2,31,,74802,10,0,10,1,69,,74807,10,0,10,2,20,,74810,10,0,10,1,17,,74803,10,0,10,1,68,,74808,10,0,10,2,30,,74804,10,0,10,1,69,,74809,10,0,10,2
35802,'H59J000I-80-I',2505,,74815,10,0,10,2,30,,74811,10,0,10,1,70,,74816,10,0,10,2,30,,74812,10,0,10,1,70,,74817,10,0,10,2,30,,74813,10,0,10,1,70,,74818,10,0,10,2,30,,74814,10,0,10,1,70,,74819,10,0,10,2
35802,'H59J000S-81-S',2506,,74820,10,0,10,1,30,,74825,10,0,10,2,70,,74821,10,0,10,1,30,,74826,10,0,10,2,70,,74822,10,0,10,1,30,,74827,10,0,10,2,70,,74823,10,0,10,1,30,,74828,10,0,10,2,70,,74824,10,0,10,1
35802,'H59J000S-81-SV',2621,,74832,10,0,10,2,30,,74829,10,0,10,2,70,,74833,10,0,10,2,30,,74830,10,0,10,2,70,,74834,10,0,10,2,30,,74831,10,0,10,2
35802,'H59JV00A-80-A',2505,,74840,10,0,10,2,28,,74835,10,0,10,1,71,,74841,10,0,10,2,31,,74836,10,0,10,1,69,,74842,10,0,10,2,20,,74839,10,0,10,1,17,,74837,10,0,10,1,68,,74843,10,0,10,2,30,,74838,10,0,10,1,69,,74844,10,0,10,2
35802,'H59JV00I-80-I',2505,,74849,10,0,10,2,30,,74845,10,0,10,1,70,,74850,10,0,10,2,30,,74846,10,0,10,1,70,,74851,10,0,10,2,30,,74847,10,0,10,1,70,,74852,10,0,10,2,30,,74848,10,0,10,1,70,,74853,10,0,10,2
35802,'H59JV00S-83-S',2506,,74854,10,0,10,1,30,,74859,10,0,10,2,70,,74855,10,0,10,1,30,,74860,10,0,10,2,70,,74856,10,0,10,1,30,,74861,10,0,10,2,70,,74857,10,0,10,1,30,,74862,10,0,10,2,70,,74858,10,0,10,1
35802,'H59JV00S-83-SV',2621,,74866,10,0,10,2,30,,74863,10,0,10,2,70,,74867,10,0,10,2,30,,74864,10,0,10,2,70,,74868,10,0,10,2,30,,74865,10,0,10,2
44502,'H51J000S-80-S',700,,79091,27,0,10,1,12,,79092,27,0,10,2,25,,79093,27,0,10,1,177,,79094,27,0,10,1
44502,'H51JV00S-84-S',700,,79096,27,0,10,1,12,,79097,27,0,10,2,25,,79098,27,0,10,1,177,,79095,27,0,10,1
44502,'H59J000S-81-S',724,,79102,27,0,10,1,26,,79103,27,0,10,2,52,,79105,27,0,10,2,15,,79101,27,0,10,2,15,,79100,27,0,10,2,15,,79106,27,0,10,2,54,,79104,27,0,10,2,28,,79099,27,0,10,1
44502,'H59JV00S-83-S',724,,79107,27,0,10,1,26,,79109,27,0,10,2,52,,79110,27,0,10,2,15,,79113,27,0,10,2,15,,79111,27,0,10,2,15,,79112,27,0,10,2,54,,79114,27,0,10,1,28,,79108,27,0,10,1
