18901,'H54M000A-80-A',547,,208076,54,0,5,2,69,,208086,54,0,5,2,29,,208100,54,0,5,1,69,,208077,54,0,5,2,30,,208087,54,0,5,2,71,,208090,54,0,5,1,35,,208075,54,0,5,1,72,,208088,54,0,5,2,31,,208091,54,0,5,1,71,,208081,54,0,5,2,29,,208089,54,0,5,2,69,,208092,54,0,5,1,29,,208082,54,0,5,2,69,,208078,54,0,5,1,28,,208093,54,0,5,1,68,,208113,54,0,5,1,19,,208083,54,0,5,2,19,,208079,54,0,5,1,58,,208106,54,0,5,2,18,,208094,54,0,5,1,18,,208114,54,0,5,1,58,,208084,54,0,5,2,20,,208080,54,0,5,1,20,,208107,54,0,5,2,56,,208095,54,0,5,1,16,,208115,54,0,5,1,16,,208085,54,0,5,2,15,,208123,54,0,5,2,55,,208112,54,0,5,2,15,,208108,54,0,5,2,17,,208125,54,0,5,1,14,,208116,54,0,5,1,54,,208129,54,0,5,2,14,,208124,54,0,5,2,14,,208121,54,0,5,1,13,,208109,54,0,5,2,56,,208117,54,0,5,1,17,,208126,54,0,5,1,17,,208130,54,0,5,2,18,,208098,54,0,5,1,59,,208122,54,0,5,1,20,,208118,54,0,5,1,25,,208127,54,0,5,1,65,,208099,54,0,5,1,25,,208096,54,0,5,1,65,,208103,54,0,5,1,23,,208128,54,0,5,1,22,,208101,54,0,5,1,62,,208097,54,0,5,1,22,,208110,54,0,5,1,63,,208104,54,0,5,1,23,,208119,54,0,5,1,24,,208102,54,0,5,1,68,,208111,54,0,5,1,29,,208105,54,0,5,1,70,,208120,54,0,5,1
18901,'H54M000I-81-I',544,,208138,54,0,5,1,69,,208133,54,0,5,1,31,,208147,54,0,5,1,69,,208139,54,0,5,1,29,,208134,54,0,5,1,69,,208148,54,0,5,1,30,,208168,54,0,5,1,70,,208135,54,0,5,1,30,,208149,54,0,5,1,71,,208169,54,0,5,1,30,,208136,54,0,5,1,74,,208166,54,0,5,2,32,,208170,54,0,5,1,72,,208150,54,0,5,1,30,,208167,54,0,5,2,69,,208160,54,0,5,1,29,,208151,54,0,5,1,70,,208174,54,0,5,2,29,,208161,54,0,5,1,63,,208132,54,0,5,1,19,,208152,54,0,5,1,19,,208140,54,0,5,1,59,,208175,54,0,5,2,20,,208162,54,0,5,1,18,,208176,54,0,5,2,56,,208153,54,0,5,1,15,,208177,54,0,5,2,15,,208141,54,0,5,1,15,,208178,54,0,5,2,55,,208163,54,0,5,1,15,,208137,54,0,5,1,15,,208154,54,0,5,1,17,,208131,54,0,5,1,58,,208142,54,0,5,1,26,,208164,54,0,5,1,68,,208155,54,0,5,1,29,,208143,54,0,5,1,30,,208165,54,0,5,1,70,,208156,54,0,5,1,30,,208144,54,0,5,1,69,,208171,54,0,5,2,30,,208157,54,0,5,1,68,,208145,54,0,5,1,28,,208172,54,0,5,2,68,,208158,54,0,5,1,27,,208146,54,0,5,1,69,,208173,54,0,5,2,32,,208159,54,0,5,1
18901,'H54M000S-81-S',544,,208179,54,0,5,1,70,,208181,54,0,5,2,33,,208194,54,0,5,2,75,,208180,54,0,5,1,34,,208182,54,0,5,2,98,,208185,54,0,5,1,67,,208215,54,0,5,2,29,,208211,54,0,5,1,69,,208205,54,0,5,2,29,,208188,54,0,5,1,69,,208199,54,0,5,1,27,,208195,54,0,5,1,62,,208206,54,0,5,2,20,,208189,54,0,5,1,19,,208212,54,0,5,1,58,,208200,54,0,5,1,18,,208196,54,0,5,1,19,,208207,54,0,5,2,19,,208190,54,0,5,1,59,,208213,54,0,5,1,19,,208201,54,0,5,1,18,,208197,54,0,5,1,52,,208183,54,0,5,1,11,,208208,54,0,5,2,10,,208220,54,0,5,2,12,,208221,54,0,5,2,11,,208228,54,0,5,2,50,,208214,54,0,5,1,30,,208219,54,0,5,2,10,,208198,54,0,5,1,59,,208209,54,0,5,2,7,,208231,54,0,5,2,8,,208230,54,0,5,2,7,,208222,54,0,5,2,7,,208227,54,0,5,2,7,,208217,54,0,5,1,6,,208223,54,0,5,2,9,,208202,54,0,5,1,7,,208193,54,0,5,2,48,,208245,54,0,5,2,7,,208234,54,0,5,2,7,,208203,54,0,5,1,9,,208240,54,0,5,1,10,,208247,54,0,5,2,9,,208232,54,0,5,2,53,,208186,54,0,5,1,13,,208218,54,0,5,1,14,,208235,54,0,5,2,16,,208246,54,0,5,2,58,,208241,54,0,5,1,19,,208216,54,0,5,1,18,,208187,54,0,5,1,18,,208236,54,0,5,2,57,,208210,54,0,5,2,17,,208242,54,0,5,1,20,,208229,54,0,5,1,60,,208184,54,0,5,1,21,,208237,54,0,5,2,25,,208243,54,0,5,1,65,,208224,54,0,5,1,22,,208191,54,0,5,1,61,,208238,54,0,5,2,23,,208244,54,0,5,1,23,,208225,54,0,5,1,70,,208192,54,0,5,1,30,,208239,54,0,5,2
18901,'H57M000S-80-S',827,,208248,54,0,5,1
18901,'H59M000S-80-S',1612,,208251,54,0,5,2,10,,208250,54,0,5,2,30,,208249,54,0,5,1
36201,'H54M000A-80-A',2717,,214576,100,0,5,1,85,,214575,100,0,5,1,45,,214574,100,0,5,1,85,,214573,100,0,5,2
36201,'H54M000I-81-I',2633,,214577,100,0,5,1,84,,214581,100,0,5,2,84,,214578,100,0,5,1,45,,214579,100,0,5,1,85,,214580,100,0,5,1
36201,'H54M000S-81-S',2632,,214584,100,0,5,2,85,,214582,100,0,5,1,85,,214586,100,0,5,1,44,,214583,100,0,5,1,85,,214585,100,0,5,2
41001,'H57M000S-80-S',1602,,215033,29,0,5,2,34,,215035,29,0,5,2,71,,215034,29,0,5,2,28,,215036,29,0,5,1,23,,215027,29,0,5,1,64,,215032,29,0,5,1,27,,215028,29,0,5,1,64,,215030,29,0,5,1,26,,215031,29,0,5,1,67,,215029,29,0,5,1
48701,'H54M000S-81-S',1529,,217126,24,0,99 125,1,73,,217134,24,0,99 125,1,32,,217140,24,0,99 125,2,18,,217129,24,0,99 125,1,67,,217127,24,0,99 125,1,17,,217135,24,0,99 125,1,72,,217136,24,0,99 125,2,22,,217138,24,0,99 125,1,29,,217141,24,0,99 125,2,68,,217137,24,0,99 125,2,26,,217139,24,0,99 125,1
48701,'H59M000S-80-S',1705,,217143,24,0,99 125,2,48,,217142,24,0,99 125,2
