20100,'H60M000A-71-A',607,,147977,9,,,1,30,,147981,9,,,1,70,,148001,9,,,1,30,,147982,9,,,2,70,,147987,9,,,1,30,,147994,9,,,1,70,,147973,9,,,1,30,,148002,9,,,1,71,,147983,9,,,2,30,,147988,9,,,1,69,,147995,9,,,1,29,,147974,9,,,1,70,,148003,9,,,1,30,,147984,9,,,2,70,,147989,9,,,1,30,,147996,9,,,1,70,,147975,9,,,1,31,,148004,9,,,1,71,,147985,9,,,2,30,,147990,9,,,1,70,,147997,9,,,1,30,,147976,9,,,1,71,,148005,9,,,1,31,,147986,9,,,2,70,,147991,9,,,1,31,,147998,9,,,1,84,,147978,10,,,2,33,,148006,10,,,1,71,,147992,10,,,1,72,,147999,10,,,1,32,,147979,10,,,2,72,,148007,10,,,1,32,,147993,10,,,1,71,,148000,10,,,1,30,,147980,10,,,2
20100,'H60M000I-71-I',658,,148019,9,,,1,72,,148023,9,,,1,73,,148017,9,,,2,33,,148008,9,,,1,73,,148020,9,,,1,33,,148024,9,,,1,72,,148018,9,,,2,32,,148039,9,,,1,74,,148036,9,,,1,33,,148010,9,,,2,73,,148021,9,,,1,33,,148028,9,,,2,73,,148015,9,,,1,73,,148037,9,,,1,33,,148011,9,,,2,73,,148022,9,,,1,33,,148029,9,,,2,73,,148016,9,,,1,33,,148038,9,,,1,72,,148012,9,,,2,33,,148009,9,,,1,73,,148013,9,,,2,72,,148025,9,,,1,34,,148030,10,,,2,73,,148034,10,,,1,33,,148014,10,,,2,72,,148026,10,,,1,29,,148031,10,,,2,69,,148035,10,,,1,29,,148033,10,,,1,68,,148027,10,,,1,30,,148032,10,,,2
20100,'H60M000S-71-S',608,,148058,9,,,1,34,,148061,9,,,2,73,,148053,9,,,2,28,,148059,9,,,1,81,,148049,9,,,2,81,,148054,9,,,1,38,,148040,9,,,2,79,,148060,9,,,1,36,,148050,9,,,2,75,,148055,9,,,1,76,,148041,9,,,2,35,,148047,9,,,1,73,,148063,9,,,1,33,,148051,9,,,2,75,,148056,9,,,1,75,,148042,9,,,2,34,,148048,9,,,1,75,,148064,9,,,1,36,,148052,9,,,2,72,,148069,9,,,2,31,,148057,9,,,1,75,,148043,9,,,2,34,,148071,9,,,1,77,,148062,10,,,2,71,,148066,10,,,1,33,,148044,10,,,1,73,,148067,10,,,2,31,,148065,10,,,1,70,,148070,10,,,2,29,,148046,10,,,1,69,,148045,10,,,1,28,,148068,10,,,2
20100,'H60M100F-71-F1',658,,148090,9,,,2,72,,148095,9,,,1,73,,148087,9,,,2,33,,148094,9,,,1,73,,148091,9,,,2,33,,148086,9,,,1,72,,148088,9,,,2,32,,148097,9,,,1,74,,148079,9,,,1,33,,148092,9,,,1,73,,148100,9,,,1,33,,148096,9,,,2,73,,148082,9,,,1,73,,148080,9,,,1,33,,148093,9,,,1,73,,148089,9,,,2,33,,148103,9,,,1,73,,148081,9,,,1,33,,148101,9,,,2,72,,148102,9,,,1,33,,148072,9,,,2,73,,148076,9,,,2,72,,148073,9,,,1,34,,148098,10,,,1,73,,148084,10,,,2,33,,148077,10,,,2,72,,148074,10,,,1,29,,148099,10,,,1,69,,148085,10,,,2,29,,148078,10,,,2,68,,148075,10,,,1,30,,148083,10,,,1
20100,'H60M200F-71-F2',658,,148104,9,,,2,72,,148108,9,,,1,73,,148114,9,,,2,33,,148124,9,,,1,73,,148105,9,,,2,33,,148107,9,,,1,72,,148115,9,,,2,32,,148126,9,,,1,74,,148119,9,,,1,33,,148121,9,,,1,73,,148134,9,,,1,33,,148125,9,,,2,73,,148117,9,,,1,73,,148120,9,,,1,33,,148122,9,,,1,73,,148116,9,,,2,33,,148123,9,,,1,73,,148118,9,,,1,33,,148127,9,,,2,72,,148135,9,,,1,33,,148106,9,,,2,73,,148128,9,,,2,72,,148131,9,,,1,34,,148112,10,,,1,73,,148110,10,,,2,33,,148129,10,,,2,72,,148132,10,,,1,29,,148113,10,,,1,69,,148111,10,,,2,29,,148130,10,,,2,68,,148133,10,,,1,30,,148109,10,,,1
20100,'H60M300F-71-F3',658,,148154,9,,,1,72,,148158,9,,,2,73,,148152,9,,,1,33,,148157,9,,,1,73,,148155,9,,,1,33,,148159,9,,,2,72,,148153,9,,,1,32,,148166,9,,,2,74,,148149,9,,,1,33,,148146,9,,,1,73,,148139,9,,,1,33,,148143,9,,,2,73,,148144,9,,,1,73,,148150,9,,,1,33,,148147,9,,,1,73,,148156,9,,,2,33,,148167,9,,,1,73,,148145,9,,,1,33,,148151,9,,,1,72,,148148,9,,,1,33,,148165,9,,,1,73,,148140,9,,,1,72,,148136,9,,,1,34,,148160,10,,,1,73,,148163,10,,,2,33,,148141,10,,,1,72,,148137,10,,,1,29,,148161,10,,,1,69,,148164,10,,,2,29,,148142,10,,,1,68,,148138,10,,,1,30,,148162,10,,,1
20500,'H60M000A-71-A',538,,149662,8,,,2,70,,149674,8,,,1,30,,149663,8,,,2,72,,149675,8,,,1,30,,149664,8,,,2,71,,149677,8,,,1,31,,149665,8,,,2,71,,149676,8,,,1,31,,149666,8,,,2,73,,149678,8,,,1,31,,149667,8,,,2,76,,149679,8,,,1,35,,149668,8,,,2,76,,149680,8,,,1,75,,149669,8,,,2,35,,149681,8,,,1,76,,149671,8,,,2,36,,149682,8,,,1,76,,149670,8,,,2,76,,149683,8,,,1,36,,149672,8,,,2,75,,149684,8,,,1,35,,149673,8,,,2,75,,149685,8,,,1,73,,149695,8,,,1,35,,149686,8,,,1,74,,149693,8,,,1,33,,149687,8,,,1,73,,149694,8,,,1,34,,149688,8,,,1,75,,149691,8,,,1,73,,149689,8,,,1,34,,149692,8,,,1,74,,149690,8,,,1
20500,'H60M000I-71-I',652,,149706,8,,,1,70,,149702,8,,,2,31,,149707,8,,,1,70,,149703,8,,,2,31,,149708,8,,,1,70,,149704,8,,,2,31,,149709,8,,,1,70,,149705,8,,,2,31,,149701,8,,,1,73,,149696,8,,,1,74,,149710,8,,,1,37,,149697,8,,,1,76,,149723,8,,,1,36,,149698,8,,,1,76,,149724,8,,,1,76,,149700,8,,,1,35,,149725,8,,,1,76,,149699,8,,,1,36,,149726,8,,,1,76,,149711,8,,,2,75,,149727,8,,,1,36,,149712,8,,,2,74,,149718,8,,,1,34,,149713,8,,,2,73,,149719,8,,,1,32,,149714,8,,,2,73,,149720,8,,,1,33,,149715,8,,,2,73,,149721,8,,,1,73,,149716,8,,,2,33,,149722,8,,,1,72,,149717,8,,,2
20500,'H60M000S-71-S',507,,149729,8,,,1,31,,149734,8,,,2,72,,149730,8,,,1,34,,149735,8,,,2,75,,149754,8,,,1,34,,149728,8,,,1,70,,149738,8,,,1,28,,149755,8,,,1,69,,149746,8,,,1,29,,149739,8,,,1,70,,149731,8,,,1,29,,149747,8,,,1,69,,149740,8,,,1,30,,149732,8,,,1,71,,149748,8,,,1,32,,149741,8,,,1,72,,149733,8,,,1,31,,149749,8,,,1,66,,149737,8,,,1,28,,149759,8,,,2,69,,149758,8,,,1,29,,149750,8,,,1,69,,149760,8,,,2,29,,149756,8,,,1,66,,149751,8,,,1,27,,149761,8,,,2,67,,149757,8,,,1,27,,149752,8,,,1,28,,149753,8,,,1,69,,149736,8,,,1,30,,149762,8,,,2,73,,149742,8,,,1,72,,149763,8,,,2,32,,149743,8,,,1,72,,149764,8,,,2,32,,149744,8,,,1,71,,149765,8,,,2,31,,149745,8,,,1,73,,149766,8,,,2
20500,'H60M100F-71-F1',652,,149783,8,,,1,70,,149779,8,,,1,31,,149784,8,,,1,70,,149780,8,,,1,31,,149785,8,,,1,70,,149781,8,,,1,31,,149786,8,,,1,70,,149782,8,,,1,31,,149788,8,,,1,73,,149767,8,,,1,74,,149787,8,,,1,37,,149768,8,,,1,76,,149791,8,,,1,36,,149769,8,,,1,76,,149792,8,,,1,76,,149770,8,,,1,35,,149789,8,,,1,76,,149771,8,,,1,36,,149793,8,,,1,76,,149772,8,,,1,75,,149790,8,,,1,36,,149773,8,,,1,74,,149794,8,,,2,34,,149774,8,,,1,73,,149795,8,,,2,32,,149775,8,,,1,73,,149796,8,,,2,33,,149776,8,,,1,73,,149797,8,,,2,73,,149777,8,,,1,33,,149798,8,,,2,72,,149778,8,,,1
20500,'H60M200F-71-F2',652,,149799,8,,,1,70,,149803,8,,,1,31,,149801,8,,,1,70,,149804,8,,,1,31,,149800,8,,,1,70,,149805,8,,,1,31,,149802,8,,,1,70,,149806,8,,,1,31,,149807,8,,,1,73,,149809,8,,,1,74,,149808,8,,,1,37,,149810,8,,,1,76,,149821,8,,,1,36,,149811,8,,,1,76,,149822,8,,,1,76,,149812,8,,,1,35,,149823,8,,,1,76,,149813,8,,,1,36,,149824,8,,,1,76,,149815,8,,,1,75,,149825,8,,,1,36,,149814,8,,,1,74,,149827,8,,,2,34,,149816,8,,,1,73,,149826,8,,,2,32,,149817,8,,,1,73,,149828,8,,,2,33,,149818,8,,,1,73,,149829,8,,,2,73,,149819,8,,,1,33,,149830,8,,,2,72,,149820,8,,,1
20500,'H60M300F-71-F3',652,,149847,8,,,1,70,,149831,8,,,1,31,,149848,8,,,1,70,,149832,8,,,1,31,,149849,8,,,1,70,,149833,8,,,1,31,,149850,8,,,1,70,,149834,8,,,1,31,,149851,8,,,1,73,,149835,8,,,1,74,,149852,8,,,1,37,,149836,8,,,1,76,,149853,8,,,2,36,,149837,8,,,1,76,,149854,8,,,2,76,,149838,8,,,1,35,,149855,8,,,2,76,,149839,8,,,1,36,,149856,8,,,2,76,,149840,8,,,1,75,,149857,8,,,2,36,,149841,8,,,1,74,,149858,8,,,2,34,,149842,8,,,1,73,,149859,8,,,2,32,,149843,8,,,1,73,,149860,8,,,2,33,,149844,8,,,1,73,,149861,8,,,2,73,,149845,8,,,1,33,,149862,8,,,2,72,,149846,8,,,1
