15001,'H59U000A-80-A',906,,258698,13,0,5,2,26,,258682,13,0,5,1,74,,258699,13,0,5,2,26,,258683,13,0,5,1,21,,258711,13,0,5,2,60,,258700,13,0,5,2,21,,258684,13,0,5,1,21,,258712,13,0,5,2,61,,258701,13,0,5,2,21,,258685,13,0,5,1,64,,258713,13,0,5,2,23,,258702,13,0,5,2,23,,258686,13,0,5,1,61,,258694,13,0,5,1,22,,258714,13,0,5,2,22,,258703,13,0,5,2,61,,258687,13,0,5,1,22,,258695,13,0,5,1,21,,258715,13,0,5,2,62,,258704,13,0,5,2,21,,258688,13,0,5,1,62,,258696,13,0,5,1,20,,258716,13,0,5,2,21,,258705,13,0,5,2,60,,258689,13,0,5,1,22,,258697,13,0,5,1,20,,258717,13,0,5,2,62,,258706,13,0,5,2,22,,258690,13,0,5,1,26,,258718,13,0,5,2,60,,258707,13,0,5,2,20,,258691,13,0,5,1,66,,258719,13,0,5,2,20,,258708,13,0,5,2,21,,258692,13,0,5,1,62,,258720,13,0,5,2,22,,258709,13,0,5,2,23,,258693,13,0,5,1,69,,258721,13,0,5,2,32,,258710,13,0,5,2,72,,258722,13,0,5,2
15001,'H59U000I-80-I',910,,258748,13,0,5,1,26,,258726,13,0,5,2,65,,258755,13,0,5,1,25,,258723,13,0,5,2,19,,258727,13,0,5,2,60,,258725,13,0,5,1,20,,258728,13,0,5,2,18,,258724,13,0,5,2,58,,258729,13,0,5,2,21,,258740,13,0,5,2,20,,258756,13,0,5,1,61,,258730,13,0,5,2,21,,258741,13,0,5,2,20,,258757,13,0,5,1,61,,258731,13,0,5,2,21,,258742,13,0,5,2,21,,258758,13,0,5,1,61,,258732,13,0,5,2,21,,258743,13,0,5,2,21,,258759,13,0,5,1,61,,258733,13,0,5,2,21,,258744,13,0,5,2,21,,258760,13,0,5,1,61,,258734,13,0,5,2,21,,258745,13,0,5,2,19,,258761,13,0,5,1,61,,258735,13,0,5,2,21,,258746,13,0,5,2,19,,258762,13,0,5,1,57,,258749,13,0,5,1,16,,258736,13,0,5,2,18,,258747,13,0,5,2,58,,258763,13,0,5,1,20,,258750,13,0,5,1,20,,258737,13,0,5,2,59,,258764,13,0,5,1,20,,258751,13,0,5,1,20,,258738,13,0,5,2,59,,258765,13,0,5,1,20,,258752,13,0,5,1,26,,258739,13,0,5,2,71,,258753,13,0,5,1,28,,258766,13,0,5,1,69,,258754,13,0,5,1
15001,'H59U000S-80-S',639,,258781,13,0,5,1,63,,258794,13,0,5,2,24,,258767,13,0,5,2,24,,258782,13,0,5,1,64,,258795,13,0,5,2,25,,258768,13,0,5,2,65,,258783,13,0,5,1,19,,258770,13,0,5,2,17,,258796,13,0,5,2,18,,258808,13,0,5,1,59,,258784,13,0,5,1,19,,258771,13,0,5,2,20,,258797,13,0,5,2,60,,258809,13,0,5,1,23,,258785,13,0,5,1,62,,258772,13,0,5,2,20,,258798,13,0,5,2,20,,258810,13,0,5,1,61,,258786,13,0,5,1,20,,258773,13,0,5,2,20,,258799,13,0,5,2,61,,258811,13,0,5,1,21,,258787,13,0,5,1,19,,258774,13,0,5,2,59,,258800,13,0,5,2,20,,258812,13,0,5,1,21,,258788,13,0,5,1,60,,258775,13,0,5,2,22,,258801,13,0,5,2,21,,258813,13,0,5,1,60,,258789,13,0,5,1,21,,258776,13,0,5,2,21,,258802,13,0,5,2,61,,258814,13,0,5,1,19,,258790,13,0,5,1,18,,258777,13,0,5,2,59,,258803,13,0,5,2,20,,258815,13,0,5,1,20,,258791,13,0,5,1,61,,258778,13,0,5,2,22,,258804,13,0,5,2,25,,258792,13,0,5,1,67,,258779,13,0,5,2,28,,258805,13,0,5,2,70,,258793,13,0,5,1,30,,258780,13,0,5,2,68,,258806,13,0,5,2,32,,258769,13,0,5,1,73,,258807,13,0,5,2
15001,'H59U100F-80-F1',910,,258841,13,0,5,1,26,,258819,13,0,5,2,65,,258848,13,0,5,1,25,,258816,13,0,5,2,19,,258820,13,0,5,2,60,,258818,13,0,5,1,20,,258821,13,0,5,2,18,,258817,13,0,5,2,58,,258822,13,0,5,2,21,,258833,13,0,5,2,20,,258849,13,0,5,1,61,,258823,13,0,5,2,21,,258834,13,0,5,2,20,,258850,13,0,5,1,61,,258824,13,0,5,2,21,,258835,13,0,5,2,21,,258851,13,0,5,1,61,,258825,13,0,5,2,21,,258836,13,0,5,2,21,,258852,13,0,5,1,61,,258826,13,0,5,2,21,,258837,13,0,5,2,21,,258853,13,0,5,1,61,,258827,13,0,5,2,21,,258838,13,0,5,2,19,,258854,13,0,5,1,61,,258828,13,0,5,2,21,,258839,13,0,5,2,19,,258855,13,0,5,1,57,,258842,13,0,5,1,16,,258829,13,0,5,2,18,,258840,13,0,5,2,58,,258856,13,0,5,1,20,,258843,13,0,5,1,20,,258830,13,0,5,2,59,,258857,13,0,5,1,20,,258844,13,0,5,1,20,,258831,13,0,5,2,59,,258858,13,0,5,1,20,,258845,13,0,5,1,26,,258832,13,0,5,2,71,,258846,13,0,5,1,28,,258859,13,0,5,1,69,,258847,13,0,5,1
15001,'H59U200F-80-F2',910,,258860,13,0,5,1,26,,258861,13,0,5,2,65,,258862,13,0,5,1,25,,258863,13,0,5,2,19,,258864,13,0,5,2,60,,258865,13,0,5,1,20,,258866,13,0,5,2,18,,258867,13,0,5,2,58,,258868,13,0,5,2,21,,258869,13,0,5,2,20,,258870,13,0,5,1,61,,258871,13,0,5,2,21,,258872,13,0,5,2,20,,258873,13,0,5,1,61,,258874,13,0,5,2,21,,258875,13,0,5,2,21,,258876,13,0,5,1,61,,258877,13,0,5,2,21,,258878,13,0,5,2,21,,258879,13,0,5,1,61,,258880,13,0,5,2,21,,258881,13,0,5,2,21,,258882,13,0,5,1,61,,258883,13,0,5,2,21,,258884,13,0,5,2,19,,258885,13,0,5,1,61,,258886,13,0,5,2,21,,258887,13,0,5,2,19,,258888,13,0,5,1,57,,258889,13,0,5,1,16,,258890,13,0,5,2,18,,258891,13,0,5,2,58,,258892,13,0,5,1,20,,258893,13,0,5,1,20,,258894,13,0,5,2,59,,258895,13,0,5,1,20,,258896,13,0,5,1,20,,258897,13,0,5,2,59,,258898,13,0,5,1,20,,258899,13,0,5,1,26,,258900,13,0,5,2,71,,258901,13,0,5,1,28,,258902,13,0,5,1,69,,258903,13,0,5,1
35001,'H56U000A-80-A',2616,,276616,95,0,5,1,93,,276614,95,0,5,2,94,,276612,95,0,5,1,43,,276613,95,0,5,1,84,,276615,95,0,5,1
35001,'H56U000I-80-I',2613,,276620,95,0,5,1,87,,276618,95,0,5,1,47,,276617,95,0,5,1,84,,276619,95,0,5,1,87,,276621,95,0,5,2
35001,'H56U000S-81-S',2612,,276622,95,0,5,1,47,,276626,95,0,5,2,88,,276623,95,0,5,1,85,,276624,95,0,5,2,88,,276625,95,0,5,1
35001,'H56U100F-80-F1',2613,,276630,95,0,5,1,87,,276628,95,0,5,1,47,,276627,95,0,5,1,84,,276629,95,0,5,1,87,,276631,95,0,5,2
35001,'H56U200F-80-F2',2613,,276635,95,0,5,1,87,,276633,95,0,5,1,47,,276632,95,0,5,1,84,,276634,95,0,5,1,87,,276636,95,0,5,2
35503,'H54U000A-80-A',2534,,276789,13,0,8,2,71,,276782,13,0,8,1,26,,276784,13,0,8,1,25,,276786,13,0,8,1,71,,276788,13,0,8,1,24,,276783,13,0,8,2,80,,276787,13,0,8,1,26,,276785,13,0,8,1
35503,'H54U000I-80-I',2531,,276790,13,0,8,1,84,,276791,13,0,8,1,85,,276795,13,0,8,2,45,,276794,13,0,8,1,85,,276793,13,0,8,1,26,,276792,13,0,8,2
35503,'H54U000S-81-S',2533,,276799,13,0,8,1,83,,276797,13,0,8,1,85,,276800,13,0,8,1,45,,276801,13,0,8,2,78,,276796,13,0,8,1,33,,276798,13,0,8,1
35503,'H54U100F-80-F1',2531,,276802,13,0,8,1,84,,276803,13,0,8,1,85,,276807,13,0,8,2,45,,276806,13,0,8,1,85,,276805,13,0,8,1,26,,276804,13,0,8,2
35503,'H54U200F-82-F2',2531,,276809,13,0,8,1,84,,276812,13,0,8,1,85,,276808,13,0,8,1,45,,276811,13,0,8,1,85,,276810,13,0,8,1,26,,276813,13,0,8,1
35801,'H59U000A-80-A',2441,,276960,13,0,5,1,68,,276965,13,0,5,2,31,,276961,13,0,5,1,71,,276966,13,0,5,2,31,,276962,13,0,5,1,59,,276958,13,0,5,1,18,,276967,13,0,5,2,23,,276963,13,0,5,1,59,,276959,13,0,5,1,17,,276968,13,0,5,2,24,,276964,13,0,5,1,70,,276969,13,0,5,2
35801,'H59U000I-80-I',2441,,276975,13,0,5,1,70,,276970,13,0,5,1,30,,276976,13,0,5,1,70,,276971,13,0,5,1,29,,276977,13,0,5,1,70,,276972,13,0,5,1,30,,276978,13,0,5,1,70,,276973,13,0,5,1,30,,276979,13,0,5,1,70,,276974,13,0,5,1
35801,'H59U000S-80-S',2441,,276985,13,0,5,1,70,,276980,13,0,5,1,30,,276986,13,0,5,1,70,,276981,13,0,5,1,30,,276987,13,0,5,1,70,,276982,13,0,5,1,30,,276988,13,0,5,1,70,,276983,13,0,5,1,30,,276989,13,0,5,1,69,,276984,13,0,5,1
35801,'H59U000S-80-SV',2626,,276990,13,0,5,2,30,,276993,13,0,5,2,70,,276991,13,0,5,2,30,,276994,13,0,5,2,70,,276992,13,0,5,2,29,,276995,13,0,5,2
35801,'H59U100F-80-F1',2441,,277001,13,0,5,1,70,,276996,13,0,5,1,30,,277002,13,0,5,1,70,,276997,13,0,5,1,29,,277003,13,0,5,1,70,,276998,13,0,5,1,30,,277004,13,0,5,1,70,,276999,13,0,5,1,30,,277005,13,0,5,1,70,,277000,13,0,5,1
35801,'H59U200F-80-F2',2441,,277006,13,0,5,1,70,,277007,13,0,5,1,30,,277008,13,0,5,1,70,,277009,13,0,5,1,29,,277010,13,0,5,1,70,,277011,13,0,5,1,30,,277012,13,0,5,1,70,,277013,13,0,5,1,30,,277014,13,0,5,1,70,,277015,13,0,5,1
36401,'H54U000A-80-A',2550,,277444,13,0,5,2,87,,277443,13,0,5,1,71,,277447,13,0,5,1,10,,277446,13,0,5,1,85,,277445,13,0,5,1,44,,277448,13,0,5,2
36401,'H54U000I-80-I',2547,,277450,13,0,5,2,86,,277453,13,0,5,1,71,,277454,13,0,5,1,31,,277451,13,0,5,1,71,,277449,13,0,5,1,41,,277452,13,0,5,1
36401,'H54U000S-81-S',2547,,277456,13,0,5,1,84,,277455,13,0,5,1,84,,277459,13,0,5,2,85,,277458,13,0,5,1,45,,277457,13,0,5,1
36401,'H54U100F-80-F1',2547,,277461,13,0,5,2,86,,277464,13,0,5,1,71,,277465,13,0,5,1,31,,277462,13,0,5,1,71,,277460,13,0,5,1,41,,277463,13,0,5,1
36401,'H54U200F-82-F2',2547,,277471,13,0,5,1,86,,277469,13,0,5,1,71,,277468,13,0,5,2,31,,277470,13,0,5,2,71,,277467,13,0,5,1,41,,277466,13,0,5,2
44501,'H51U000S-83-S',1539,,279752,6,0,5,1,20,,279753,6,0,5,2,62,,279754,6,0,5,2,20,,279755,6,0,5,1,61,,279750,6,0,5,2,21,,279757,6,0,5,2,21,,279758,6,0,5,2,60,,279749,6,0,5,1,20,,279756,6,0,5,2,20,,279751,6,0,5,1
74701,'H50U000A-82-A',549,,281993,11,0,113 16 114 63 20 115 16,1,69,,281970,11,0,113 16 114 63 20 115 16,1,29,,281986,11,0,113 16 114 63 20 115 16,1,7,,281994,11,0,113 16 114 63 20 115 16,1,57,,282005,11,0,113 16 114 63 20 115 16,1,21,,282014,11,0,113 16 114 63 20 115 16,1,20,,281971,11,0,113 16 114 63 20 115 16,1,62,,282025,11,0,113 16 114 63 20 115 16,1,14,,281987,11,0,113 16 114 63 20 115 16,1,13,,281995,11,0,113 16 114 63 20 115 16,1,13,,282006,11,0,113 16 114 63 20 115 16,1,53,,282015,11,0,113 16 114 63 20 115 16,1,13,,281980,11,0,113 16 114 63 20 115 16,1,13,,281972,11,0,113 16 114 63 20 115 16,1,12,,282026,11,0,113 16 114 63 20 115 16,1,13,,281988,11,0,113 16 114 63 20 115 16,1,54,,281996,11,0,113 16 114 63 20 115 16,1,14,,282007,11,0,113 16 114 63 20 115 16,1,14,,282016,11,0,113 16 114 63 20 115 16,1,13,,282036,11,0,113 16 114 63 20 115 16,1,50,,281981,11,0,113 16 114 63 20 115 16,1,9,,281973,11,0,113 16 114 63 20 115 16,1,22,,281989,11,0,113 16 114 63 20 115 16,1,17,,282062,11,0,113 16 114 63 20 115 16,1,5,,282071,11,0,113 16 114 63 20 115 16,1,54,,282075,11,0,113 16 114 63 20 115 16,1,14,,282017,11,0,113 16 114 63 20 115 16,1,15,,282037,11,0,113 16 114 63 20 115 16,1,10,,282090,11,0,113 16 114 63 20 115 16,1,3,,281982,11,0,113 16 114 63 20 115 16,1,52,,282009,11,0,113 16 114 63 20 115 16,1,11,,282054,11,0,113 16 114 63 20 115 16,1,10,,282099,11,0,113 16 114 63 20 115 16,1,10,,282063,11,0,113 16 114 63 20 115 16,1,10,,281999,11,0,113 16 114 63 20 115 16,1,4,,282077,11,0,113 16 114 63 20 115 16,1,10,,281975,11,0,113 16 114 63 20 115 16,1,44,,282103,11,0,113 16 114 63 20 115 16,1,11,,282018,11,0,113 16 114 63 20 115 16,1,5,,281991,11,0,113 16 114 63 20 115 16,1,11,,282084,11,0,113 16 114 63 20 115 16,1,5,,281983,11,0,113 16 114 63 20 115 16,1,11,,282010,11,0,113 16 114 63 20 115 16,1,11,,282055,11,0,113 16 114 63 20 115 16,1,53,,282047,11,0,113 16 114 63 20 115 16,1,12,,282064,11,0,113 16 114 63 20 115 16,1,11,,282078,11,0,113 16 114 63 20 115 16,1,12,,281976,11,0,113 16 114 63 20 115 16,1,11,,282104,11,0,113 16 114 63 20 115 16,1,53,,282111,11,0,113 16 114 63 20 115 16,1,10,,281992,11,0,113 16 114 63 20 115 16,1,9,,282085,11,0,113 16 114 63 20 115 16,1,10,,281984,11,0,113 16 114 63 20 115 16,1,12,,282056,11,0,113 16 114 63 20 115 16,1,51,,282039,11,0,113 16 114 63 20 115 16,1,12,,282020,11,0,113 16 114 63 20 115 16,1,12,,282065,11,0,113 16 114 63 20 115 16,1,13,,282102,11,0,113 16 114 63 20 115 16,1,11,,282002,11,0,113 16 114 63 20 115 16,1,4,,281977,11,0,113 16 114 63 20 115 16,1,52,,282105,11,0,113 16 114 63 20 115 16,1,11,,282112,11,0,113 16 114 63 20 115 16,1,9,,282086,11,0,113 16 114 63 20 115 16,1,8,,281985,11,0,113 16 114 63 20 115 16,1,12,,282057,11,0,113 16 114 63 20 115 16,1,11,,282040,11,0,113 16 114 63 20 115 16,1,45,,282013,11,0,113 16 114 63 20 115 16,1,10,,282033,11,0,113 16 114 63 20 115 16,1,8,,282050,11,0,113 16 114 63 20 115 16,1,10,,282003,11,0,113 16 114 63 20 115 16,1,11,,281978,11,0,113 16 114 63 20 115 16,1,11,,282081,11,0,113 16 114 63 20 115 16,1,5,,282113,11,0,113 16 114 63 20 115 16,1,50,,282087,11,0,113 16 114 63 20 115 16,1,11,,282120,11,0,113 16 114 63 20 115 16,1,11,,282095,11,0,113 16 114 63 20 115 16,1,12,,282107,11,0,113 16 114 63 20 115 16,1,14,,282023,11,0,113 16 114 63 20 115 16,1,51,,282068,11,0,113 16 114 63 20 115 16,1,17,,281979,11,0,113 16 114 63 20 115 16,1,6,,282042,11,0,113 16 114 63 20 115 16,1,12,,282035,11,0,113 16 114 63 20 115 16,1,5,,282088,11,0,113 16 114 63 20 115 16,1,9,,282052,11,0,113 16 114 63 20 115 16,1,51,,282126,11,0,113 16 114 63 20 115 16,1,5,,282060,11,0,113 16 114 63 20 115 16,1,10,,282024,11,0,113 16 114 63 20 115 16,1,10,,282115,11,0,113 16 114 63 20 115 16,1,12,,282122,11,0,113 16 114 63 20 115 16,1,10,,282097,11,0,113 16 114 63 20 115 16,1,52,,282134,11,0,113 16 114 63 20 115 16,1,9,,282089,11,0,113 16 114 63 20 115 16,1,5,,282109,11,0,113 16 114 63 20 115 16,1,5,,282053,11,0,113 16 114 63 20 115 16,1,16,,282131,11,0,113 16 114 63 20 115 16,1,7,,282061,11,0,113 16 114 63 20 115 16,1,7,,282116,11,0,113 16 114 63 20 115 16,1,47,,282044,11,0,113 16 114 63 20 115 16,1,7,,282129,11,0,113 16 114 63 20 115 16,1,7,,282123,11,0,113 16 114 63 20 115 16,1,13,,282098,11,0,113 16 114 63 20 115 16,1,16,,282135,11,0,113 16 114 63 20 115 16,1,66,,282132,11,0,113 16 114 63 20 115 16,1,36,,282124,11,0,113 16 114 63 20 115 16,1,83,,282136,11,0,113 16 114 63 20 115 16,1,83,,282133,11,0,113 16 114 63 20 115 16,1,45,,282125,11,0,113 16 114 63 20 115 16,1,85,,282137,11,0,113 16 114 63 20 115 16,1
74701,'H50U000I-82-I',549,,282161,11,0,113 16 114 63 20 115 16,1,69,,282138,11,0,113 16 114 63 20 115 16,1,29,,282154,11,0,113 16 114 63 20 115 16,1,7,,282162,11,0,113 16 114 63 20 115 16,1,57,,282173,11,0,113 16 114 63 20 115 16,1,21,,282182,11,0,113 16 114 63 20 115 16,1,20,,282139,11,0,113 16 114 63 20 115 16,1,62,,282193,11,0,113 16 114 63 20 115 16,1,14,,282155,11,0,113 16 114 63 20 115 16,1,13,,282163,11,0,113 16 114 63 20 115 16,1,13,,282174,11,0,113 16 114 63 20 115 16,1,53,,282183,11,0,113 16 114 63 20 115 16,1,13,,282148,11,0,113 16 114 63 20 115 16,1,13,,282140,11,0,113 16 114 63 20 115 16,1,12,,282194,11,0,113 16 114 63 20 115 16,1,13,,282156,11,0,113 16 114 63 20 115 16,1,54,,282164,11,0,113 16 114 63 20 115 16,1,14,,282175,11,0,113 16 114 63 20 115 16,1,14,,282184,11,0,113 16 114 63 20 115 16,1,13,,282204,11,0,113 16 114 63 20 115 16,1,50,,282149,11,0,113 16 114 63 20 115 16,1,9,,282141,11,0,113 16 114 63 20 115 16,1,22,,282157,11,0,113 16 114 63 20 115 16,1,17,,282230,11,0,113 16 114 63 20 115 16,1,5,,282239,11,0,113 16 114 63 20 115 16,1,54,,282243,11,0,113 16 114 63 20 115 16,1,14,,282185,11,0,113 16 114 63 20 115 16,1,15,,282205,11,0,113 16 114 63 20 115 16,1,10,,282258,11,0,113 16 114 63 20 115 16,1,3,,282150,11,0,113 16 114 63 20 115 16,1,52,,282177,11,0,113 16 114 63 20 115 16,1,11,,282222,11,0,113 16 114 63 20 115 16,1,10,,282267,11,0,113 16 114 63 20 115 16,1,10,,282231,11,0,113 16 114 63 20 115 16,1,10,,282167,11,0,113 16 114 63 20 115 16,1,4,,282245,11,0,113 16 114 63 20 115 16,1,10,,282143,11,0,113 16 114 63 20 115 16,1,44,,282271,11,0,113 16 114 63 20 115 16,1,11,,282186,11,0,113 16 114 63 20 115 16,1,5,,282159,11,0,113 16 114 63 20 115 16,1,11,,282252,11,0,113 16 114 63 20 115 16,1,5,,282151,11,0,113 16 114 63 20 115 16,1,11,,282178,11,0,113 16 114 63 20 115 16,1,11,,282223,11,0,113 16 114 63 20 115 16,1,53,,282215,11,0,113 16 114 63 20 115 16,1,12,,282232,11,0,113 16 114 63 20 115 16,1,11,,282246,11,0,113 16 114 63 20 115 16,1,12,,282144,11,0,113 16 114 63 20 115 16,1,11,,282272,11,0,113 16 114 63 20 115 16,1,53,,282279,11,0,113 16 114 63 20 115 16,1,10,,282160,11,0,113 16 114 63 20 115 16,1,9,,282253,11,0,113 16 114 63 20 115 16,1,10,,282152,11,0,113 16 114 63 20 115 16,1,12,,282224,11,0,113 16 114 63 20 115 16,1,51,,282207,11,0,113 16 114 63 20 115 16,1,12,,282188,11,0,113 16 114 63 20 115 16,1,12,,282233,11,0,113 16 114 63 20 115 16,1,13,,282270,11,0,113 16 114 63 20 115 16,1,11,,282170,11,0,113 16 114 63 20 115 16,1,4,,282145,11,0,113 16 114 63 20 115 16,1,52,,282273,11,0,113 16 114 63 20 115 16,1,11,,282280,11,0,113 16 114 63 20 115 16,1,9,,282254,11,0,113 16 114 63 20 115 16,1,8,,282153,11,0,113 16 114 63 20 115 16,1,12,,282225,11,0,113 16 114 63 20 115 16,1,11,,282208,11,0,113 16 114 63 20 115 16,1,45,,282181,11,0,113 16 114 63 20 115 16,1,10,,282201,11,0,113 16 114 63 20 115 16,1,8,,282218,11,0,113 16 114 63 20 115 16,1,10,,282171,11,0,113 16 114 63 20 115 16,1,11,,282146,11,0,113 16 114 63 20 115 16,1,11,,282249,11,0,113 16 114 63 20 115 16,1,5,,282281,11,0,113 16 114 63 20 115 16,1,50,,282255,11,0,113 16 114 63 20 115 16,1,11,,282288,11,0,113 16 114 63 20 115 16,1,11,,282263,11,0,113 16 114 63 20 115 16,1,12,,282275,11,0,113 16 114 63 20 115 16,1,14,,282191,11,0,113 16 114 63 20 115 16,1,51,,282236,11,0,113 16 114 63 20 115 16,1,17,,282147,11,0,113 16 114 63 20 115 16,1,6,,282210,11,0,113 16 114 63 20 115 16,1,12,,282203,11,0,113 16 114 63 20 115 16,1,5,,282256,11,0,113 16 114 63 20 115 16,1,9,,282220,11,0,113 16 114 63 20 115 16,1,51,,282294,11,0,113 16 114 63 20 115 16,1,5,,282228,11,0,113 16 114 63 20 115 16,1,10,,282192,11,0,113 16 114 63 20 115 16,1,10,,282283,11,0,113 16 114 63 20 115 16,1,12,,282290,11,0,113 16 114 63 20 115 16,1,10,,282265,11,0,113 16 114 63 20 115 16,1,52,,282302,11,0,113 16 114 63 20 115 16,1,9,,282257,11,0,113 16 114 63 20 115 16,1,5,,282277,11,0,113 16 114 63 20 115 16,1,5,,282221,11,0,113 16 114 63 20 115 16,1,16,,282299,11,0,113 16 114 63 20 115 16,1,7,,282229,11,0,113 16 114 63 20 115 16,1,7,,282284,11,0,113 16 114 63 20 115 16,1,47,,282212,11,0,113 16 114 63 20 115 16,1,7,,282297,11,0,113 16 114 63 20 115 16,1,7,,282291,11,0,113 16 114 63 20 115 16,1,13,,282266,11,0,113 16 114 63 20 115 16,1,16,,282303,11,0,113 16 114 63 20 115 16,1,66,,282300,11,0,113 16 114 63 20 115 16,1,36,,282292,11,0,113 16 114 63 20 115 16,1,83,,282304,11,0,113 16 114 63 20 115 16,1,83,,282301,11,0,113 16 114 63 20 115 16,1,45,,282293,11,0,113 16 114 63 20 115 16,1,85,,282305,11,0,113 16 114 63 20 115 16,1
74701,'H50U000S-83-S',540,,282316,11,0,113 16 114 63 20 115 16,1,73,,282306,11,0,113 16 114 63 20 115 16,1,32,,282327,11,0,113 16 114 63 20 115 16,1,55,,282334,11,0,113 16 114 63 20 115 16,1,8,,282317,11,0,113 16 114 63 20 115 16,1,9,,282343,11,0,113 16 114 63 20 115 16,1,34,,282353,11,0,113 16 114 63 20 115 16,1,49,,282307,11,0,113 16 114 63 20 115 16,1,16,,282364,11,0,113 16 114 63 20 115 16,1,17,,282328,11,0,113 16 114 63 20 115 16,1,16,,282335,11,0,113 16 114 63 20 115 16,1,54,,282318,11,0,113 16 114 63 20 115 16,1,11,,282344,11,0,113 16 114 63 20 115 16,1,13,,282371,11,0,113 16 114 63 20 115 16,1,16,,282354,11,0,113 16 114 63 20 115 16,1,16,,282308,11,0,113 16 114 63 20 115 16,1,54,,282365,11,0,113 16 114 63 20 115 16,1,13,,282329,11,0,113 16 114 63 20 115 16,1,10,,282336,11,0,113 16 114 63 20 115 16,1,10,,282319,11,0,113 16 114 63 20 115 16,1,10,,282345,11,0,113 16 114 63 20 115 16,1,66,,282355,11,0,113 16 114 63 20 115 16,1,28,,282380,11,0,113 16 114 63 20 115 16,1,61,,282330,11,0,113 16 114 63 20 115 16,1,17,,282320,11,0,113 16 114 63 20 115 16,1,17,,282377,11,0,113 16 114 63 20 115 16,1,12,,282390,11,0,113 16 114 63 20 115 16,1,51,,282309,11,0,113 16 114 63 20 115 16,1,12,,282366,11,0,113 16 114 63 20 115 16,1,15,,282381,11,0,113 16 114 63 20 115 16,1,11,,282406,11,0,113 16 114 63 20 115 16,1,12,,282357,11,0,113 16 114 63 20 115 16,1,54,,282339,11,0,113 16 114 63 20 115 16,1,5,,282398,11,0,113 16 114 63 20 115 16,1,13,,282422,11,0,113 16 114 63 20 115 16,1,14,,282425,11,0,113 16 114 63 20 115 16,1,12,,282310,11,0,113 16 114 63 20 115 16,1,50,,282332,11,0,113 16 114 63 20 115 16,1,5,,282367,11,0,113 16 114 63 20 115 16,1,10,,282322,11,0,113 16 114 63 20 115 16,1,11,,282440,11,0,113 16 114 63 20 115 16,1,10,,282382,11,0,113 16 114 63 20 115 16,1,11,,282358,11,0,113 16 114 63 20 115 16,1,54,,282420,11,0,113 16 114 63 20 115 16,1,12,,282340,11,0,113 16 114 63 20 115 16,1,9,,282348,11,0,113 16 114 63 20 115 16,1,12,,282416,11,0,113 16 114 63 20 115 16,1,12,,282376,11,0,113 16 114 63 20 115 16,1,50,,282408,11,0,113 16 114 63 20 115 16,1,11,,282333,11,0,113 16 114 63 20 115 16,1,6,,282393,11,0,113 16 114 63 20 115 16,1,10,,282431,11,0,113 16 114 63 20 115 16,1,5,,282323,11,0,113 16 114 63 20 115 16,1,10,,282359,11,0,113 16 114 63 20 115 16,1,10,,282400,11,0,113 16 114 63 20 115 16,1,48,,282424,11,0,113 16 114 63 20 115 16,1,4,,282453,11,0,113 16 114 63 20 115 16,1,9,,282421,11,0,113 16 114 63 20 115 16,1,4,,282312,11,0,113 16 114 63 20 115 16,1,11,,282458,11,0,113 16 114 63 20 115 16,1,5,,282369,11,0,113 16 114 63 20 115 16,1,11,,282452,11,0,113 16 114 63 20 115 16,1,4,,282417,11,0,113 16 114 63 20 115 16,1,52,,282384,11,0,113 16 114 63 20 115 16,1,10,,282428,11,0,113 16 114 63 20 115 16,1,5,,282394,11,0,113 16 114 63 20 115 16,1,9,,282342,11,0,113 16 114 63 20 115 16,1,5,,282324,11,0,113 16 114 63 20 115 16,1,9,,282350,11,0,113 16 114 63 20 115 16,1,12,,282443,11,0,113 16 114 63 20 115 16,1,52,,282410,11,0,113 16 114 63 20 115 16,1,12,,282433,11,0,113 16 114 63 20 115 16,1,6,,282370,11,0,113 16 114 63 20 115 16,1,11,,282418,11,0,113 16 114 63 20 115 16,1,6,,282402,11,0,113 16 114 63 20 115 16,1,13,,282455,11,0,113 16 114 63 20 115 16,1,54,,282314,11,0,113 16 114 63 20 115 16,1,12,,282444,11,0,113 16 114 63 20 115 16,1,6,,282362,11,0,113 16 114 63 20 115 16,1,12,,282386,11,0,113 16 114 63 20 115 16,1,13,,282396,11,0,113 16 114 63 20 115 16,1,53,,282326,11,0,113 16 114 63 20 115 16,1,12,,282419,11,0,113 16 114 63 20 115 16,1,5,,282352,11,0,113 16 114 63 20 115 16,1,13,,282412,11,0,113 16 114 63 20 115 16,1,6,,282315,11,0,113 16 114 63 20 115 16,1,12,,282363,11,0,113 16 114 63 20 115 16,1,50,,282404,11,0,113 16 114 63 20 115 16,1,11,,282459,11,0,113 16 114 63 20 115 16,1,7,,282457,11,0,113 16 114 63 20 115 16,1,9,,282397,11,0,113 16 114 63 20 115 16,1,18,,282436,11,0,113 16 114 63 20 115 16,1,10,,282388,11,0,113 16 114 63 20 115 16,1,53,,282413,11,0,113 16 114 63 20 115 16,1,16,,282447,11,0,113 16 114 63 20 115 16,1,18,,282460,11,0,113 16 114 63 20 115 16,1,80,,282437,11,0,113 16 114 63 20 115 16,1,87,,282448,11,0,113 16 114 63 20 115 16,1,94,,282438,11,0,113 16 114 63 20 115 16,1,54,,282449,11,0,113 16 114 63 20 115 16,1,94,,282439,11,0,113 16 114 63 20 115 16,1
74701,'H50U100F-80-F1',549,,282484,11,0,113 16 114 63 20 115 16,1,69,,282461,11,0,113 16 114 63 20 115 16,1,29,,282477,11,0,113 16 114 63 20 115 16,1,7,,282485,11,0,113 16 114 63 20 115 16,1,57,,282496,11,0,113 16 114 63 20 115 16,1,21,,282505,11,0,113 16 114 63 20 115 16,1,20,,282462,11,0,113 16 114 63 20 115 16,1,62,,282516,11,0,113 16 114 63 20 115 16,1,14,,282478,11,0,113 16 114 63 20 115 16,1,13,,282486,11,0,113 16 114 63 20 115 16,1,13,,282497,11,0,113 16 114 63 20 115 16,1,53,,282506,11,0,113 16 114 63 20 115 16,1,13,,282471,11,0,113 16 114 63 20 115 16,1,13,,282463,11,0,113 16 114 63 20 115 16,1,12,,282517,11,0,113 16 114 63 20 115 16,1,13,,282479,11,0,113 16 114 63 20 115 16,1,54,,282487,11,0,113 16 114 63 20 115 16,1,14,,282498,11,0,113 16 114 63 20 115 16,1,14,,282507,11,0,113 16 114 63 20 115 16,1,13,,282527,11,0,113 16 114 63 20 115 16,1,50,,282472,11,0,113 16 114 63 20 115 16,1,9,,282464,11,0,113 16 114 63 20 115 16,1,22,,282480,11,0,113 16 114 63 20 115 16,1,17,,282553,11,0,113 16 114 63 20 115 16,1,5,,282562,11,0,113 16 114 63 20 115 16,1,54,,282566,11,0,113 16 114 63 20 115 16,1,14,,282508,11,0,113 16 114 63 20 115 16,1,15,,282528,11,0,113 16 114 63 20 115 16,1,10,,282581,11,0,113 16 114 63 20 115 16,1,3,,282473,11,0,113 16 114 63 20 115 16,1,52,,282500,11,0,113 16 114 63 20 115 16,1,11,,282545,11,0,113 16 114 63 20 115 16,1,10,,282590,11,0,113 16 114 63 20 115 16,1,10,,282554,11,0,113 16 114 63 20 115 16,1,10,,282490,11,0,113 16 114 63 20 115 16,1,4,,282568,11,0,113 16 114 63 20 115 16,1,10,,282466,11,0,113 16 114 63 20 115 16,1,44,,282594,11,0,113 16 114 63 20 115 16,1,11,,282509,11,0,113 16 114 63 20 115 16,1,5,,282482,11,0,113 16 114 63 20 115 16,1,11,,282575,11,0,113 16 114 63 20 115 16,1,5,,282474,11,0,113 16 114 63 20 115 16,1,11,,282501,11,0,113 16 114 63 20 115 16,1,11,,282546,11,0,113 16 114 63 20 115 16,1,53,,282538,11,0,113 16 114 63 20 115 16,1,12,,282555,11,0,113 16 114 63 20 115 16,1,11,,282569,11,0,113 16 114 63 20 115 16,1,12,,282467,11,0,113 16 114 63 20 115 16,1,11,,282595,11,0,113 16 114 63 20 115 16,1,53,,282602,11,0,113 16 114 63 20 115 16,1,10,,282483,11,0,113 16 114 63 20 115 16,1,9,,282576,11,0,113 16 114 63 20 115 16,1,10,,282475,11,0,113 16 114 63 20 115 16,1,12,,282547,11,0,113 16 114 63 20 115 16,1,51,,282530,11,0,113 16 114 63 20 115 16,1,12,,282511,11,0,113 16 114 63 20 115 16,1,12,,282556,11,0,113 16 114 63 20 115 16,1,13,,282593,11,0,113 16 114 63 20 115 16,1,11,,282493,11,0,113 16 114 63 20 115 16,1,4,,282468,11,0,113 16 114 63 20 115 16,1,52,,282596,11,0,113 16 114 63 20 115 16,1,11,,282603,11,0,113 16 114 63 20 115 16,1,9,,282577,11,0,113 16 114 63 20 115 16,1,8,,282476,11,0,113 16 114 63 20 115 16,1,12,,282548,11,0,113 16 114 63 20 115 16,1,11,,282531,11,0,113 16 114 63 20 115 16,1,45,,282504,11,0,113 16 114 63 20 115 16,1,10,,282524,11,0,113 16 114 63 20 115 16,1,8,,282541,11,0,113 16 114 63 20 115 16,1,10,,282494,11,0,113 16 114 63 20 115 16,1,11,,282469,11,0,113 16 114 63 20 115 16,1,11,,282572,11,0,113 16 114 63 20 115 16,1,5,,282604,11,0,113 16 114 63 20 115 16,1,50,,282578,11,0,113 16 114 63 20 115 16,1,11,,282611,11,0,113 16 114 63 20 115 16,1,11,,282586,11,0,113 16 114 63 20 115 16,1,12,,282598,11,0,113 16 114 63 20 115 16,1,14,,282514,11,0,113 16 114 63 20 115 16,1,51,,282559,11,0,113 16 114 63 20 115 16,1,17,,282470,11,0,113 16 114 63 20 115 16,1,6,,282533,11,0,113 16 114 63 20 115 16,1,12,,282526,11,0,113 16 114 63 20 115 16,1,5,,282579,11,0,113 16 114 63 20 115 16,1,9,,282543,11,0,113 16 114 63 20 115 16,1,51,,282617,11,0,113 16 114 63 20 115 16,1,5,,282551,11,0,113 16 114 63 20 115 16,1,10,,282515,11,0,113 16 114 63 20 115 16,1,10,,282606,11,0,113 16 114 63 20 115 16,1,12,,282613,11,0,113 16 114 63 20 115 16,1,10,,282588,11,0,113 16 114 63 20 115 16,1,52,,282625,11,0,113 16 114 63 20 115 16,1,9,,282580,11,0,113 16 114 63 20 115 16,1,5,,282600,11,0,113 16 114 63 20 115 16,1,5,,282544,11,0,113 16 114 63 20 115 16,1,16,,282622,11,0,113 16 114 63 20 115 16,1,7,,282552,11,0,113 16 114 63 20 115 16,1,7,,282607,11,0,113 16 114 63 20 115 16,1,47,,282535,11,0,113 16 114 63 20 115 16,1,7,,282620,11,0,113 16 114 63 20 115 16,1,7,,282614,11,0,113 16 114 63 20 115 16,1,13,,282589,11,0,113 16 114 63 20 115 16,1,16,,282626,11,0,113 16 114 63 20 115 16,1,66,,282623,11,0,113 16 114 63 20 115 16,1,36,,282615,11,0,113 16 114 63 20 115 16,1,83,,282627,11,0,113 16 114 63 20 115 16,1,83,,282624,11,0,113 16 114 63 20 115 16,1,45,,282616,11,0,113 16 114 63 20 115 16,1,85,,282628,11,0,113 16 114 63 20 115 16,1
74701,'H50U200F-80-F2',549,,282652,11,0,113 16 114 63 20 115 16,1,69,,282629,11,0,113 16 114 63 20 115 16,1,29,,282645,11,0,113 16 114 63 20 115 16,1,7,,282653,11,0,113 16 114 63 20 115 16,1,57,,282664,11,0,113 16 114 63 20 115 16,1,21,,282673,11,0,113 16 114 63 20 115 16,1,20,,282630,11,0,113 16 114 63 20 115 16,1,62,,282684,11,0,113 16 114 63 20 115 16,1,14,,282646,11,0,113 16 114 63 20 115 16,1,13,,282654,11,0,113 16 114 63 20 115 16,1,13,,282665,11,0,113 16 114 63 20 115 16,1,53,,282674,11,0,113 16 114 63 20 115 16,1,13,,282639,11,0,113 16 114 63 20 115 16,1,13,,282631,11,0,113 16 114 63 20 115 16,1,12,,282685,11,0,113 16 114 63 20 115 16,1,13,,282647,11,0,113 16 114 63 20 115 16,1,54,,282655,11,0,113 16 114 63 20 115 16,1,14,,282666,11,0,113 16 114 63 20 115 16,1,14,,282675,11,0,113 16 114 63 20 115 16,1,13,,282695,11,0,113 16 114 63 20 115 16,1,50,,282640,11,0,113 16 114 63 20 115 16,1,9,,282632,11,0,113 16 114 63 20 115 16,1,22,,282648,11,0,113 16 114 63 20 115 16,1,17,,282721,11,0,113 16 114 63 20 115 16,1,5,,282730,11,0,113 16 114 63 20 115 16,1,54,,282734,11,0,113 16 114 63 20 115 16,1,14,,282676,11,0,113 16 114 63 20 115 16,1,15,,282696,11,0,113 16 114 63 20 115 16,1,10,,282749,11,0,113 16 114 63 20 115 16,1,3,,282641,11,0,113 16 114 63 20 115 16,1,52,,282668,11,0,113 16 114 63 20 115 16,1,11,,282713,11,0,113 16 114 63 20 115 16,1,10,,282758,11,0,113 16 114 63 20 115 16,1,10,,282722,11,0,113 16 114 63 20 115 16,1,10,,282658,11,0,113 16 114 63 20 115 16,1,4,,282736,11,0,113 16 114 63 20 115 16,1,10,,282634,11,0,113 16 114 63 20 115 16,1,44,,282762,11,0,113 16 114 63 20 115 16,1,11,,282677,11,0,113 16 114 63 20 115 16,1,5,,282650,11,0,113 16 114 63 20 115 16,1,11,,282743,11,0,113 16 114 63 20 115 16,1,5,,282642,11,0,113 16 114 63 20 115 16,1,11,,282669,11,0,113 16 114 63 20 115 16,1,11,,282714,11,0,113 16 114 63 20 115 16,1,53,,282706,11,0,113 16 114 63 20 115 16,1,12,,282723,11,0,113 16 114 63 20 115 16,1,11,,282737,11,0,113 16 114 63 20 115 16,1,12,,282635,11,0,113 16 114 63 20 115 16,1,11,,282763,11,0,113 16 114 63 20 115 16,1,53,,282770,11,0,113 16 114 63 20 115 16,1,10,,282651,11,0,113 16 114 63 20 115 16,1,9,,282744,11,0,113 16 114 63 20 115 16,1,10,,282643,11,0,113 16 114 63 20 115 16,1,12,,282715,11,0,113 16 114 63 20 115 16,1,51,,282698,11,0,113 16 114 63 20 115 16,1,12,,282679,11,0,113 16 114 63 20 115 16,1,12,,282724,11,0,113 16 114 63 20 115 16,1,13,,282761,11,0,113 16 114 63 20 115 16,1,11,,282661,11,0,113 16 114 63 20 115 16,1,4,,282636,11,0,113 16 114 63 20 115 16,1,52,,282764,11,0,113 16 114 63 20 115 16,1,11,,282771,11,0,113 16 114 63 20 115 16,1,9,,282745,11,0,113 16 114 63 20 115 16,1,8,,282644,11,0,113 16 114 63 20 115 16,1,12,,282716,11,0,113 16 114 63 20 115 16,1,11,,282699,11,0,113 16 114 63 20 115 16,1,45,,282672,11,0,113 16 114 63 20 115 16,1,10,,282692,11,0,113 16 114 63 20 115 16,1,8,,282709,11,0,113 16 114 63 20 115 16,1,10,,282662,11,0,113 16 114 63 20 115 16,1,11,,282637,11,0,113 16 114 63 20 115 16,1,11,,282740,11,0,113 16 114 63 20 115 16,1,5,,282772,11,0,113 16 114 63 20 115 16,1,50,,282746,11,0,113 16 114 63 20 115 16,1,11,,282779,11,0,113 16 114 63 20 115 16,1,11,,282754,11,0,113 16 114 63 20 115 16,1,12,,282766,11,0,113 16 114 63 20 115 16,1,14,,282682,11,0,113 16 114 63 20 115 16,1,51,,282727,11,0,113 16 114 63 20 115 16,1,17,,282638,11,0,113 16 114 63 20 115 16,1,6,,282701,11,0,113 16 114 63 20 115 16,1,12,,282694,11,0,113 16 114 63 20 115 16,1,5,,282747,11,0,113 16 114 63 20 115 16,1,9,,282711,11,0,113 16 114 63 20 115 16,1,51,,282785,11,0,113 16 114 63 20 115 16,1,5,,282719,11,0,113 16 114 63 20 115 16,1,10,,282683,11,0,113 16 114 63 20 115 16,1,10,,282774,11,0,113 16 114 63 20 115 16,1,12,,282781,11,0,113 16 114 63 20 115 16,1,10,,282756,11,0,113 16 114 63 20 115 16,1,52,,282793,11,0,113 16 114 63 20 115 16,1,9,,282748,11,0,113 16 114 63 20 115 16,1,5,,282768,11,0,113 16 114 63 20 115 16,1,5,,282712,11,0,113 16 114 63 20 115 16,1,16,,282790,11,0,113 16 114 63 20 115 16,1,7,,282720,11,0,113 16 114 63 20 115 16,1,7,,282775,11,0,113 16 114 63 20 115 16,1,47,,282703,11,0,113 16 114 63 20 115 16,1,7,,282788,11,0,113 16 114 63 20 115 16,1,7,,282782,11,0,113 16 114 63 20 115 16,1,13,,282757,11,0,113 16 114 63 20 115 16,1,16,,282794,11,0,113 16 114 63 20 115 16,1,66,,282791,11,0,113 16 114 63 20 115 16,1,36,,282783,11,0,113 16 114 63 20 115 16,1,83,,282795,11,0,113 16 114 63 20 115 16,1,83,,282792,11,0,113 16 114 63 20 115 16,1,45,,282784,11,0,113 16 114 63 20 115 16,1,85,,282796,11,0,113 16 114 63 20 115 16,1
