9701,'H57U000A-80-A',511,,245021,17,0,5,1,30,,245042,17,0,5,1,72,,245031,17,0,5,1,33,,245022,17,0,5,1,73,,245043,17,0,5,1,33,,245032,17,0,5,1,73,,245023,17,0,5,1,30,,245044,17,0,5,1,72,,245033,17,0,5,1,31,,245024,17,0,5,1,73,,245045,17,0,5,1,71,,245034,17,0,5,1,33,,245025,17,0,5,1,76,,245046,17,0,5,1,32,,245035,17,0,5,1,72,,245026,17,0,5,1,30,,245055,17,0,5,1,70,,245047,17,0,5,1,30,,245036,17,0,5,1,70,,245027,17,0,5,1,29,,245056,17,0,5,1,70,,245048,17,0,5,1,29,,245037,17,0,5,1,70,,245028,17,0,5,1,30,,245057,17,0,5,1,69,,245049,17,0,5,1,28,,245038,17,0,5,1,69,,245059,17,0,5,2,28,,245058,17,0,5,1,67,,245050,17,0,5,1,29,,245039,17,0,5,1,73,,245060,17,0,5,2,33,,245051,17,0,5,1,72,,245040,17,0,5,1,32,,245061,17,0,5,2,72,,245052,17,0,5,1,28,,245041,17,0,5,1,70,,245029,17,0,5,1,28,,245062,17,0,5,2,70,,245054,17,0,5,1,27,,245030,17,0,5,1,67,,245053,17,0,5,1
9701,'H57U000I-80-I',512,,245071,17,0,5,1,33,,245063,17,0,5,1,73,,245073,17,0,5,1,33,,245072,17,0,5,1,74,,245064,17,0,5,1,34,,245074,17,0,5,1,71,,245084,17,0,5,2,70,,245065,17,0,5,1,30,,245075,17,0,5,1,72,,245085,17,0,5,2,31,,245066,17,0,5,1,72,,245076,17,0,5,1,34,,245086,17,0,5,2,71,,245067,17,0,5,1,32,,245077,17,0,5,1,70,,245093,17,0,5,2,30,,245101,17,0,5,1,71,,245068,17,0,5,1,30,,245078,17,0,5,1,70,,245094,17,0,5,2,30,,245102,17,0,5,1,72,,245069,17,0,5,1,29,,245079,17,0,5,1,69,,245095,17,0,5,2,26,,245103,17,0,5,1,67,,245070,17,0,5,1,27,,245080,17,0,5,1,71,,245096,17,0,5,2,31,,245088,17,0,5,1,69,,245081,17,0,5,1,31,,245097,17,0,5,2,71,,245089,17,0,5,1,31,,245082,17,0,5,1,71,,245098,17,0,5,2,32,,245090,17,0,5,1,71,,245083,17,0,5,1,27,,245099,17,0,5,2,71,,245091,17,0,5,1,30,,245087,17,0,5,1,69,,245100,17,0,5,2,28,,245092,17,0,5,1
9701,'H57U000S-81-S',517,,245107,17,0,5,1,27,,245129,17,0,5,2,68,,245110,17,0,5,1,32,,245108,17,0,5,1,69,,245130,17,0,5,2,30,,245111,17,0,5,1,69,,245137,17,0,5,1,23,,245109,17,0,5,1,23,,245139,17,0,5,1,62,,245144,17,0,5,1,22,,245112,17,0,5,1,62,,245138,17,0,5,1,25,,245131,17,0,5,1,25,,245140,17,0,5,1,66,,245145,17,0,5,1,29,,245113,17,0,5,1,71,,245125,17,0,5,1,23,,245141,17,0,5,1,60,,245135,17,0,5,1,21,,245146,17,0,5,1,19,,245114,17,0,5,1,60,,245121,17,0,5,1,18,,245126,17,0,5,1,16,,245142,17,0,5,1,16,,245136,17,0,5,1,55,,245150,17,0,5,1,14,,245147,17,0,5,1,13,,245115,17,0,5,1,12,,245159,17,0,5,2,53,,245122,17,0,5,1,14,,245160,17,0,5,1,12,,245127,17,0,5,1,12,,245161,17,0,5,1,12,,245104,17,0,5,1,52,,245162,17,0,5,2,12,,245151,17,0,5,1,11,,245163,17,0,5,2,12,,245116,17,0,5,1,11,,245143,17,0,5,1,52,,245123,17,0,5,1,12,,245156,17,0,5,2,19,,245148,17,0,5,1,19,,245105,17,0,5,1,58,,245152,17,0,5,1,20,,245124,17,0,5,1,17,,245117,17,0,5,1,61,,245157,17,0,5,2,20,,245149,17,0,5,1,19,,245132,17,0,5,1,61,,245153,17,0,5,1,24,,245118,17,0,5,1,25,,245158,17,0,5,2,66,,245133,17,0,5,1,29,,245154,17,0,5,1,71,,245119,17,0,5,1,30,,245134,17,0,5,1,65,,245155,17,0,5,1,28,,245128,17,0,5,1,70,,245120,17,0,5,1,23,,245106,17,0,5,1
9701,'H57U100F-80-F1',512,,245172,17,0,5,1,33,,245164,17,0,5,1,73,,245174,17,0,5,1,33,,245173,17,0,5,1,74,,245165,17,0,5,1,34,,245175,17,0,5,1,71,,245185,17,0,5,2,70,,245166,17,0,5,1,30,,245176,17,0,5,1,72,,245186,17,0,5,2,31,,245167,17,0,5,1,72,,245177,17,0,5,1,34,,245187,17,0,5,2,71,,245168,17,0,5,1,32,,245178,17,0,5,1,70,,245194,17,0,5,2,30,,245202,17,0,5,1,71,,245169,17,0,5,1,30,,245179,17,0,5,1,70,,245195,17,0,5,2,30,,245203,17,0,5,1,72,,245170,17,0,5,1,29,,245180,17,0,5,1,69,,245196,17,0,5,2,26,,245204,17,0,5,1,67,,245171,17,0,5,1,27,,245181,17,0,5,1,71,,245197,17,0,5,2,31,,245189,17,0,5,1,69,,245182,17,0,5,1,31,,245198,17,0,5,2,71,,245190,17,0,5,1,31,,245183,17,0,5,1,71,,245199,17,0,5,2,32,,245191,17,0,5,1,71,,245184,17,0,5,1,27,,245200,17,0,5,2,71,,245192,17,0,5,1,30,,245188,17,0,5,1,69,,245201,17,0,5,2,28,,245193,17,0,5,1
9701,'H57U200F-80-F2',512,,245213,17,0,5,1,33,,245205,17,0,5,1,73,,245215,17,0,5,1,33,,245214,17,0,5,1,74,,245206,17,0,5,1,34,,245216,17,0,5,1,71,,245226,17,0,5,2,70,,245207,17,0,5,1,30,,245217,17,0,5,1,72,,245227,17,0,5,2,31,,245208,17,0,5,1,72,,245218,17,0,5,1,34,,245228,17,0,5,2,71,,245209,17,0,5,1,32,,245219,17,0,5,1,70,,245235,17,0,5,2,30,,245243,17,0,5,1,71,,245210,17,0,5,1,30,,245220,17,0,5,1,70,,245236,17,0,5,2,30,,245244,17,0,5,1,72,,245211,17,0,5,1,29,,245221,17,0,5,1,69,,245237,17,0,5,2,26,,245245,17,0,5,1,67,,245212,17,0,5,1,27,,245222,17,0,5,1,71,,245238,17,0,5,2,31,,245230,17,0,5,1,69,,245223,17,0,5,1,31,,245239,17,0,5,2,71,,245231,17,0,5,1,31,,245224,17,0,5,1,71,,245240,17,0,5,2,32,,245232,17,0,5,1,71,,245225,17,0,5,1,27,,245241,17,0,5,2,71,,245233,17,0,5,1,30,,245229,17,0,5,1,69,,245242,17,0,5,2,28,,245234,17,0,5,1
36801,'H57U000A-80-A',2622,,277559,67,0,5,1,84,,277563,67,0,5,2,47,,277562,67,0,5,1,82,,277561,67,0,5,1,81,,277560,67,0,5,1
36801,'H57U000I-80-I',2616,,277567,67,0,5,1,85,,277564,67,0,5,1,45,,277566,67,0,5,1,85,,277568,67,0,5,1,85,,277565,67,0,5,1
36801,'H57U000S-81-S',2617,,277569,67,0,5,1,87,,277572,67,0,5,1,54,,277573,67,0,5,1,78,,277570,67,0,5,1,92,,277571,67,0,5,1
36801,'H57U100F-80-F1',2616,,277577,67,0,5,1,85,,277574,67,0,5,1,45,,277576,67,0,5,1,85,,277578,67,0,5,1,85,,277575,67,0,5,1
36801,'H57U200F-80-F2',2616,,277582,67,0,5,1,85,,277579,67,0,5,1,45,,277581,67,0,5,1,85,,277583,67,0,5,1,85,,277580,67,0,5,1
