7902,'H58U000A-80-A',526,,241064,45,0,10,1,33,,241076,45,0,10,2,66,,241086,45,0,10,1,25,,241062,45,0,10,2,67,,241044,45,0,10,1,20,,241077,45,0,10,2,65,,241059,45,0,10,2,27,,241068,45,0,10,1,30,,241045,45,0,10,2,70,,241078,45,0,10,2,30,,241070,45,0,10,1,70,,241073,45,0,10,1,30,,241079,45,0,10,1,70,,241053,45,0,10,1,30,,241071,45,0,10,1,70,,241074,45,0,10,1,30,,241080,45,0,10,1,70,,241054,45,0,10,1,30,,241057,45,0,10,1,70,,241075,45,0,10,1,72,,241081,45,0,10,1,33,,241085,45,0,10,2,68,,241048,45,0,10,1,28,,241060,45,0,10,2,29,,241082,45,0,10,1,70,,241058,45,0,10,1,30,,241049,45,0,10,1,70,,241072,45,0,10,1,30,,241046,45,0,10,1,70,,241065,45,0,10,1,30,,241050,45,0,10,1,69,,241083,45,0,10,2,30,,241047,45,0,10,1,70,,241066,45,0,10,1,30,,241051,45,0,10,1,70,,241084,45,0,10,2,30,,241055,45,0,10,1,69,,241056,45,0,10,1,30,,241067,45,0,10,2,70,,241061,45,0,10,2,30,,241063,45,0,10,2,70,,241052,45,0,10,1,30,,241069,45,0,10,1
7902,'H58U000I-80-I',525,,241095,45,0,10,2,34,,241093,45,0,10,1,66,,241090,45,0,10,1,24,,241110,45,0,10,1,64,,241100,45,0,10,1,20,,241087,45,0,10,2,24,,241119,45,0,10,2,70,,241091,45,0,10,1,31,,241103,45,0,10,2,70,,241088,45,0,10,2,30,,241120,45,0,10,2,71,,241092,45,0,10,1,30,,241104,45,0,10,2,70,,241096,45,0,10,1,30,,241121,45,0,10,2,70,,241128,45,0,10,1,30,,241105,45,0,10,2,70,,241122,45,0,10,1,30,,241115,45,0,10,2,72,,241111,45,0,10,1,70,,241106,45,0,10,2,33,,241123,45,0,10,1,69,,241116,45,0,10,2,29,,241112,45,0,10,1,69,,241107,45,0,10,2,30,,241124,45,0,10,1,69,,241117,45,0,10,2,30,,241113,45,0,10,1,70,,241108,45,0,10,2,30,,241125,45,0,10,1,70,,241118,45,0,10,2,30,,241114,45,0,10,1,70,,241109,45,0,10,2,30,,241101,45,0,10,1,70,,241099,45,0,10,1,29,,241094,45,0,10,1,30,,241097,45,0,10,1,70,,241098,45,0,10,2,30,,241127,45,0,10,1,70,,241102,45,0,10,1,30,,241126,45,0,10,1,70,,241089,45,0,10,1
7902,'H58U000S-80-S',524,,241141,45,0,10,2,35,,241142,45,0,10,1,71,,241136,45,0,10,1,25,,241143,45,0,10,2,63,,241140,45,0,10,2,18,,241150,45,0,10,1,19,,241156,45,0,10,2,54,,241129,45,0,10,2,13,,241135,45,0,10,2,15,,241137,45,0,10,1,15,,241158,45,0,10,2,53,,241144,45,0,10,2,25,,241151,45,0,10,1,29,,241130,45,0,10,2,70,,241138,45,0,10,1,30,,241145,45,0,10,2,70,,241152,45,0,10,1,30,,241131,45,0,10,2,70,,241139,45,0,10,1,30,,241146,45,0,10,2,70,,241153,45,0,10,1,30,,241132,45,0,10,2,70,,241155,45,0,10,1,71,,241134,45,0,10,2,34,,241154,45,0,10,1,20,,241133,45,0,10,2,60,,241169,45,0,10,2,19,,241170,45,0,10,2,70,,241164,45,0,10,1,29,,241157,45,0,10,1,70,,241160,45,0,10,1,30,,241171,45,0,10,2,70,,241165,45,0,10,1,29,,241148,45,0,10,2,70,,241161,45,0,10,1,25,,241172,45,0,10,2,30,,241166,45,0,10,1,70,,241149,45,0,10,2,27,,241162,45,0,10,1,70,,241173,45,0,10,2,29,,241167,45,0,10,1,70,,241163,45,0,10,1,30,,241174,45,0,10,2,72,,241168,45,0,10,1,30,,241159,45,0,10,2,70,,241147,45,0,10,1
7902,'H58U100F-80-F1',525,,241183,45,0,10,2,34,,241181,45,0,10,1,66,,241178,45,0,10,1,24,,241198,45,0,10,1,64,,241188,45,0,10,1,20,,241175,45,0,10,2,24,,241207,45,0,10,2,70,,241179,45,0,10,1,31,,241191,45,0,10,2,70,,241176,45,0,10,2,30,,241208,45,0,10,2,71,,241180,45,0,10,1,30,,241192,45,0,10,2,70,,241184,45,0,10,1,30,,241209,45,0,10,2,70,,241216,45,0,10,1,30,,241193,45,0,10,2,70,,241210,45,0,10,1,30,,241203,45,0,10,2,72,,241199,45,0,10,1,70,,241194,45,0,10,2,33,,241211,45,0,10,1,69,,241204,45,0,10,2,29,,241200,45,0,10,1,69,,241195,45,0,10,2,30,,241212,45,0,10,1,69,,241205,45,0,10,2,30,,241201,45,0,10,1,70,,241196,45,0,10,2,30,,241213,45,0,10,1,70,,241206,45,0,10,2,30,,241202,45,0,10,1,70,,241197,45,0,10,2,30,,241189,45,0,10,1,70,,241187,45,0,10,1,29,,241182,45,0,10,1,30,,241185,45,0,10,1,70,,241186,45,0,10,2,30,,241215,45,0,10,1,70,,241190,45,0,10,1,30,,241214,45,0,10,1,70,,241177,45,0,10,1
7902,'H58U200F-80-F2',525,,241227,45,0,10,1,34,,241237,45,0,10,1,66,,241217,45,0,10,2,24,,241247,45,0,10,2,64,,241228,45,0,10,1,20,,241249,45,0,10,2,24,,241238,45,0,10,1,70,,241218,45,0,10,2,31,,241229,45,0,10,1,70,,241250,45,0,10,2,30,,241239,45,0,10,1,71,,241219,45,0,10,2,30,,241230,45,0,10,1,70,,241251,45,0,10,2,30,,241240,45,0,10,1,70,,241220,45,0,10,2,30,,241231,45,0,10,1,70,,241252,45,0,10,2,30,,241241,45,0,10,1,72,,241221,45,0,10,2,70,,241232,45,0,10,1,33,,241253,45,0,10,2,69,,241242,45,0,10,1,29,,241222,45,0,10,2,69,,241233,45,0,10,1,30,,241254,45,0,10,2,69,,241243,45,0,10,1,30,,241223,45,0,10,2,70,,241234,45,0,10,1,30,,241255,45,0,10,2,70,,241244,45,0,10,1,30,,241224,45,0,10,2,70,,241235,45,0,10,1,30,,241256,45,0,10,2,70,,241245,45,0,10,1,29,,241225,45,0,10,2,30,,241236,45,0,10,1,70,,241257,45,0,10,2,30,,241246,45,0,10,1,70,,241226,45,0,10,2,30,,241248,45,0,10,1,70,,241258,45,0,10,2
38202,'H60U000A-85-A',2615,,278033,47,0,10,2,85,,278034,47,0,10,1,45,,278032,47,0,10,1,85,,278035,47,0,10,1
38202,'H60U000I-84-I',2615,,278036,47,0,10,1,85,,278039,47,0,10,1,44,,278037,47,0,10,1,85,,278038,47,0,10,1
38202,'H60U000S-86-S',2616,,278043,47,0,10,2,85,,278042,47,0,10,1,44,,278041,47,0,10,1,85,,278040,47,0,10,1
38202,'H60U100F-85-F1',2615,,278044,47,0,10,1,85,,278047,47,0,10,2,44,,278045,47,0,10,1,85,,278046,47,0,10,1
38202,'H60U200F-83-F2',2615,,278048,47,0,10,1,85,,278051,47,0,10,2,44,,278049,47,0,10,1,85,,278050,47,0,10,1
