3103,'H51U000A-83-A',557,,226034,35,0,8,1,75,,226038,35,0,8,1,77,,226035,35,0,8,1,36,,226039,35,0,8,1,76,,226036,35,0,8,1,81,,226040,35,0,8,1,36,,226037,35,0,8,1,75,,226059,35,0,8,2,36,,226041,35,0,8,1,77,,226050,35,0,8,1,76,,226060,35,0,8,2,36,,226042,35,0,8,1,75,,226051,35,0,8,1,35,,226061,35,0,8,2,74,,226043,35,0,8,1,33,,226052,35,0,8,1,73,,226062,35,0,8,2,73,,226044,35,0,8,1,33,,226053,35,0,8,1,73,,226063,35,0,8,2,33,,226045,35,0,8,1,72,,226054,35,0,8,1,33,,226064,35,0,8,2,71,,226046,35,0,8,1,30,,226055,35,0,8,1,73,,226065,35,0,8,2,33,,226047,35,0,8,1,73,,226056,35,0,8,1,31,,226066,35,0,8,2,72,,226048,35,0,8,1,73,,226057,35,0,8,1,33,,226067,35,0,8,2,73,,226049,35,0,8,1,33,,226058,35,0,8,1,73,,226068,35,0,8,2
3103,'H51U000I-83-I',557,,226069,35,0,8,2,78,,226082,35,0,8,1,78,,226070,35,0,8,2,37,,226083,35,0,8,1,78,,226071,35,0,8,2,78,,226084,35,0,8,1,38,,226072,35,0,8,2,79,,226085,35,0,8,1,78,,226073,35,0,8,2,40,,226086,35,0,8,1,81,,226074,35,0,8,2,36,,226095,35,0,8,1,73,,226087,35,0,8,1,74,,226075,35,0,8,2,33,,226096,35,0,8,1,73,,226088,35,0,8,1,33,,226076,35,0,8,2,73,,226097,35,0,8,1,31,,226089,35,0,8,1,73,,226077,35,0,8,2,33,,226098,35,0,8,1,72,,226090,35,0,8,1,33,,226078,35,0,8,2,72,,226099,35,0,8,1,73,,226091,35,0,8,1,32,,226079,35,0,8,2,73,,226100,35,0,8,1,33,,226092,35,0,8,1,72,,226080,35,0,8,2,30,,226101,35,0,8,1,69,,226093,35,0,8,1,30,,226081,35,0,8,2,70,,226102,35,0,8,1,29,,226094,35,0,8,1
3103,'H51U000S-83-S',600,,226103,35,0,8,1,30,,226128,35,0,8,1,70,,226116,35,0,8,2,34,,226104,35,0,8,1,71,,226129,35,0,8,1,30,,226117,35,0,8,2,72,,226105,35,0,8,1,32,,226130,35,0,8,1,71,,226118,35,0,8,2,30,,226106,35,0,8,1,72,,226131,35,0,8,1,31,,226119,35,0,8,2,71,,226107,35,0,8,1,30,,226132,35,0,8,1,70,,226120,35,0,8,2,31,,226108,35,0,8,1,72,,226133,35,0,8,1,31,,226121,35,0,8,2,74,,226109,35,0,8,1,33,,226134,35,0,8,1,75,,226122,35,0,8,2,29,,226136,35,0,8,2,68,,226110,35,0,8,1,26,,226135,35,0,8,1,64,,226123,35,0,8,2,31,,226137,35,0,8,2,69,,226111,35,0,8,1,32,,226124,35,0,8,2,70,,226138,35,0,8,2,30,,226112,35,0,8,1,69,,226125,35,0,8,2,30,,226139,35,0,8,2,70,,226113,35,0,8,1,30,,226126,35,0,8,2,67,,226140,35,0,8,2,29,,226114,35,0,8,1,70,,226127,35,0,8,2,30,,226141,35,0,8,2,70,,226115,35,0,8,1
3103,'H51U100F-80-F1',557,,226142,35,0,8,2,78,,226155,35,0,8,1,78,,226143,35,0,8,2,37,,226156,35,0,8,1,78,,226144,35,0,8,2,78,,226157,35,0,8,1,38,,226145,35,0,8,2,79,,226158,35,0,8,1,78,,226146,35,0,8,2,40,,226159,35,0,8,1,81,,226147,35,0,8,2,36,,226168,35,0,8,1,73,,226160,35,0,8,1,74,,226148,35,0,8,2,33,,226169,35,0,8,1,73,,226161,35,0,8,1,33,,226149,35,0,8,2,73,,226170,35,0,8,1,31,,226162,35,0,8,1,73,,226150,35,0,8,2,33,,226171,35,0,8,1,72,,226163,35,0,8,1,33,,226151,35,0,8,2,72,,226172,35,0,8,1,73,,226164,35,0,8,1,32,,226152,35,0,8,2,73,,226173,35,0,8,1,33,,226165,35,0,8,1,72,,226153,35,0,8,2,30,,226174,35,0,8,1,69,,226166,35,0,8,1,30,,226154,35,0,8,2,70,,226175,35,0,8,1,29,,226167,35,0,8,1
3103,'H51U200F-80-F2',557,,226176,35,0,8,2,78,,226189,35,0,8,1,78,,226177,35,0,8,2,37,,226190,35,0,8,1,78,,226178,35,0,8,2,78,,226191,35,0,8,1,38,,226179,35,0,8,2,79,,226192,35,0,8,1,78,,226180,35,0,8,2,40,,226193,35,0,8,1,81,,226181,35,0,8,2,36,,226202,35,0,8,1,73,,226194,35,0,8,1,74,,226182,35,0,8,2,33,,226203,35,0,8,1,73,,226195,35,0,8,1,33,,226183,35,0,8,2,73,,226204,35,0,8,1,31,,226196,35,0,8,1,73,,226184,35,0,8,2,33,,226205,35,0,8,1,72,,226197,35,0,8,1,33,,226185,35,0,8,2,72,,226206,35,0,8,1,73,,226198,35,0,8,1,32,,226186,35,0,8,2,73,,226207,35,0,8,1,33,,226199,35,0,8,1,72,,226187,35,0,8,2,30,,226208,35,0,8,1,69,,226200,35,0,8,1,30,,226188,35,0,8,2,70,,226209,35,0,8,1,29,,226201,35,0,8,1
36103,'H51U000A-83-A',2544,,277220,48,0,8,2,9,,277195,48,0,8,1,50,,277197,48,0,8,1,10,,277215,48,0,8,2,5,,277209,48,0,8,2,6,,277191,48,0,8,1,5,,277189,48,0,8,1,5,,277193,48,0,8,2,4,,277202,48,0,8,1,6,,277206,48,0,8,2,7,,277217,48,0,8,2,49,,277200,48,0,8,1,5,,277213,48,0,8,1,5,,277218,48,0,8,1,6,,277211,48,0,8,1,5,,277187,48,0,8,1,5,,277212,48,0,8,2,3,,277208,48,0,8,2,3,,277196,48,0,8,1,3,,277204,48,0,8,1,4,,277216,48,0,8,2,4,,277210,48,0,8,2,4,,277192,48,0,8,1,3,,277198,48,0,8,1,5,,277190,48,0,8,1,46,,277188,48,0,8,1,6,,277203,48,0,8,1,6,,277207,48,0,8,2,4,,277194,48,0,8,2,8,,277201,48,0,8,1,10,,277219,48,0,8,1,10,,277214,48,0,8,1,11,,277205,48,0,8,1,54,,277199,48,0,8,1
36103,'H51U000I-83-I',2523,,277225,48,0,8,2,28,,277224,48,0,8,1,61,,277221,48,0,8,2,39,,277226,48,0,8,2,85,,277222,48,0,8,1,85,,277227,48,0,8,2,85,,277223,48,0,8,1
36103,'H51U000S-83-S',2522,,277239,48,0,8,1,23,,277228,48,0,8,1,56,,277243,42,0,8,2,1,,277237,48,0,8,1,17,,277231,48,0,8,1,11,,277236,48,0,8,2,15,,277230,48,0,8,1,13,,277240,48,0,8,1,54,,277233,48,0,8,1,11,,277234,48,0,8,1,8,,277229,48,0,8,1,7,,277242,48,0,8,2,13,,277238,48,0,8,1,8,,277232,48,0,8,1,63,,277241,48,0,8,1,85,,277235,48,0,8,1
36103,'H51U000S-83-SV',2528,,277244,48,0,8,2,5,,277247,48,0,8,2,7,,277248,48,0,8,2,11,,277250,48,0,8,2,6,,277252,48,0,8,2,51,,277253,48,0,8,2,5,,277254,48,0,8,2,9,,277255,48,0,8,2,4,,277257,48,0,8,2,8,,277258,48,0,8,2,6,,277260,48,0,8,2,12,,277245,48,0,8,2,50,,277249,48,0,8,2,14,,277251,48,0,8,2,28,,277256,48,0,8,2,59,,277261,48,0,8,2,4,,277259,48,0,8,2,9,,277246,48,0,8,2
36103,'H51U100F-80-F1',2523,,277266,48,0,8,2,28,,277263,48,0,8,1,61,,277262,48,0,8,2,39,,277267,48,0,8,2,85,,277264,48,0,8,1,85,,277268,48,0,8,2,85,,277265,48,0,8,1
36103,'H51U200F-80-F2',2523,,277273,48,0,8,2,28,,277270,48,0,8,1,61,,277269,48,0,8,2,39,,277274,48,0,8,2,85,,277271,48,0,8,1,85,,277275,48,0,8,2,85,,277272,48,0,8,1
