19501,'H56J000A-80-A',504,,65993,30,0,5,1,30,,65960,30,0,5,2,70,,65969,30,0,5,1,30,,65995,30,0,5,1,69,,65994,30,0,5,1,30,,65961,30,0,5,2,72,,65970,30,0,5,1,31,,65996,30,0,5,1,70,,65987,30,0,5,1,30,,65962,30,0,5,2,71,,65971,30,0,5,1,31,,65979,30,0,5,2,71,,65988,30,0,5,1,30,,65963,30,0,5,2,70,,65972,30,0,5,1,31,,65980,30,0,5,2,71,,65989,30,0,5,1,30,,65964,30,0,5,2,70,,65973,30,0,5,1,34,,65981,30,0,5,2,70,,65990,30,0,5,1,31,,65965,30,0,5,2,72,,65974,30,0,5,1,31,,65982,30,0,5,2,70,,65991,30,0,5,1,29,,65966,30,0,5,2,70,,65975,30,0,5,1,29,,65983,30,0,5,2,69,,65992,30,0,5,1,29,,65967,30,0,5,2,69,,65976,30,0,5,1,29,,65984,30,0,5,2,69,,65997,30,0,5,1,29,,65968,30,0,5,2,69,,65977,30,0,5,1,29,,65985,30,0,5,2,70,,65998,30,0,5,1,30,,66000,30,0,5,2,69,,65978,30,0,5,1,29,,65986,30,0,5,2,69,,66001,30,0,5,2,28,,65999,30,0,5,1
19501,'H56J000I-80-I',506,,66011,30,0,5,2,30,,66007,30,0,5,1,70,,66004,30,0,5,2,30,,66002,30,0,5,1,70,,66012,30,0,5,2,30,,66008,30,0,5,1,70,,66005,30,0,5,2,29,,66003,30,0,5,1,69,,66013,30,0,5,2,29,,66010,30,0,5,1,69,,66006,30,0,5,2,32,,66009,30,0,5,1,72,,66014,30,0,5,2,32,,66026,30,0,5,1,71,,66019,30,0,5,1,31,,66033,30,0,5,2,70,,66015,30,0,5,2,30,,66027,30,0,5,1,70,,66020,30,0,5,1,30,,66034,30,0,5,2,71,,66016,30,0,5,2,31,,66028,30,0,5,1,70,,66021,30,0,5,1,30,,66035,30,0,5,2,70,,66017,30,0,5,2,31,,66029,30,0,5,1,70,,66022,30,0,5,1,30,,66036,30,0,5,2,67,,66018,30,0,5,2,29,,66030,30,0,5,1,69,,66023,30,0,5,1,30,,66037,30,0,5,2,70,,66040,30,0,5,2,31,,66031,30,0,5,1,71,,66024,30,0,5,1,30,,66038,30,0,5,1,70,,66041,30,0,5,2,29,,66032,30,0,5,1,70,,66025,30,0,5,1,30,,66039,30,0,5,1,70,,66042,30,0,5,2
19501,'H56J000S-80-S',454,,66045,30,0,5,1,72,,66076,30,0,5,1,74,,66052,30,0,5,2,33,,66075,30,0,5,1,73,,66080,30,0,5,1,103,,66053,30,0,5,2,25,,66059,30,0,5,2,70,,66062,30,0,5,1,30,,66069,30,0,5,1,71,,66078,30,0,5,1,31,,66060,30,0,5,2,71,,66063,30,0,5,1,30,,66070,30,0,5,1,71,,66079,30,0,5,1,30,,66061,30,0,5,2,72,,66064,30,0,5,1,33,,66071,30,0,5,1,170,,66054,30,0,5,1,26,,66046,30,0,5,2,66,,66050,30,0,5,1,27,,66055,30,0,5,1,70,,66066,30,0,5,2,25,,66077,30,0,5,1,27,,66081,30,0,5,1,68,,66051,30,0,5,1,25,,66056,30,0,5,1,69,,66067,30,0,5,2,29,,66072,30,0,5,1,69,,66047,30,0,5,1,27,,66057,30,0,5,1,69,,66068,30,0,5,2,28,,66073,30,0,5,1,70,,66048,30,0,5,1,29,,66058,30,0,5,1,69,,66065,30,0,5,1,28,,66074,30,0,5,1,68,,66049,30,0,5,1,33,,66044,30,0,5,2,74,,66043,30,0,5,1
19501,'H56JV00A-80-A',504,,66115,30,0,5,1,30,,66082,30,0,5,2,70,,66091,30,0,5,1,30,,66117,30,0,5,1,69,,66116,30,0,5,1,30,,66083,30,0,5,2,72,,66092,30,0,5,1,31,,66118,30,0,5,1,70,,66109,30,0,5,1,30,,66084,30,0,5,2,71,,66093,30,0,5,1,31,,66101,30,0,5,2,71,,66110,30,0,5,1,30,,66085,30,0,5,2,70,,66094,30,0,5,1,31,,66102,30,0,5,2,71,,66111,30,0,5,1,30,,66086,30,0,5,2,70,,66095,30,0,5,1,34,,66103,30,0,5,2,70,,66112,30,0,5,1,31,,66087,30,0,5,2,72,,66096,30,0,5,1,31,,66104,30,0,5,2,70,,66113,30,0,5,1,29,,66088,30,0,5,2,70,,66097,30,0,5,1,29,,66105,30,0,5,2,69,,66114,30,0,5,1,29,,66089,30,0,5,2,69,,66098,30,0,5,1,29,,66106,30,0,5,2,69,,66119,30,0,5,1,29,,66090,30,0,5,2,69,,66099,30,0,5,1,29,,66107,30,0,5,2,70,,66120,30,0,5,1,30,,66122,30,0,5,2,69,,66100,30,0,5,1,29,,66108,30,0,5,2,69,,66123,30,0,5,2,28,,66121,30,0,5,1
19501,'H56JV00I-80-I',506,,66133,30,0,5,2,30,,66129,30,0,5,1,70,,66126,30,0,5,2,30,,66124,30,0,5,1,70,,66134,30,0,5,2,30,,66130,30,0,5,1,70,,66127,30,0,5,2,29,,66125,30,0,5,1,69,,66135,30,0,5,2,29,,66132,30,0,5,1,69,,66128,30,0,5,2,32,,66131,30,0,5,1,72,,66136,30,0,5,2,32,,66148,30,0,5,1,71,,66141,30,0,5,1,31,,66155,30,0,5,2,70,,66137,30,0,5,2,30,,66149,30,0,5,1,70,,66142,30,0,5,1,30,,66156,30,0,5,2,71,,66138,30,0,5,2,31,,66150,30,0,5,1,70,,66143,30,0,5,1,30,,66157,30,0,5,2,70,,66139,30,0,5,2,31,,66151,30,0,5,1,70,,66144,30,0,5,1,30,,66158,30,0,5,2,67,,66140,30,0,5,2,29,,66152,30,0,5,1,69,,66145,30,0,5,1,30,,66159,30,0,5,2,70,,66162,30,0,5,2,31,,66153,30,0,5,1,71,,66146,30,0,5,1,30,,66160,30,0,5,1,70,,66163,30,0,5,2,29,,66154,30,0,5,1,70,,66147,30,0,5,1,30,,66161,30,0,5,1,70,,66164,30,0,5,2
19501,'H56JV00S-80-S',454,,66167,30,0,5,1,72,,66198,30,0,5,1,74,,66174,30,0,5,2,33,,66197,30,0,5,1,73,,66202,30,0,5,1,103,,66175,30,0,5,2,25,,66181,30,0,5,2,70,,66184,30,0,5,1,30,,66191,30,0,5,1,71,,66200,30,0,5,1,31,,66182,30,0,5,2,71,,66185,30,0,5,1,30,,66192,30,0,5,1,71,,66201,30,0,5,1,30,,66183,30,0,5,2,72,,66186,30,0,5,1,33,,66193,30,0,5,1,170,,66176,30,0,5,1,26,,66168,30,0,5,2,66,,66172,30,0,5,1,27,,66177,30,0,5,1,70,,66188,30,0,5,2,25,,66199,30,0,5,1,27,,66203,30,0,5,1,68,,66173,30,0,5,1,25,,66178,30,0,5,1,69,,66189,30,0,5,2,29,,66194,30,0,5,1,69,,66169,30,0,5,1,27,,66179,30,0,5,1,69,,66190,30,0,5,2,28,,66195,30,0,5,1,70,,66170,30,0,5,1,29,,66180,30,0,5,1,69,,66187,30,0,5,1,28,,66196,30,0,5,1,68,,66171,30,0,5,1,33,,66166,30,0,5,1,74,,66165,30,0,5,1
19501,'H58J000S-81-S',739,,66204,30,0,5,2,675,,66205,30,0,5,2
19501,'H58J000S-83-S',739,,66206,30,0,5,2,675,,66207,30,0,5,2
19501,'H58JV00S-82-S',739,,66208,30,0,5,2,675,,66209,30,0,5,2
19501,'H60J000S-98-S',1444,,66210,30,0,5,1
19501,'H60JV00S-98-S',1444,,66211,30,0,5,1
