4002,'H54M000S-81-S',544,,183864,14,0,10,1,77,,183859,14,0,10,1,84,,183867,14,0,10,1,20,,183865,14,0,10,1,20,,183866,14,0,10,1,72,,183869,14,0,10,2,39,,183873,14,0,10,1,80,,183860,14,0,10,1,79,,183870,14,0,10,2,39,,183874,14,0,10,1,79,,183861,14,0,10,1,79,,183871,14,0,10,2,38,,183875,14,0,10,1,78,,183862,14,0,10,1,79,,183872,14,0,10,2,39,,183876,14,0,10,1,77,,183863,14,0,10,1,35,,183881,15,0,10,2,75,,183880,14,0,10,2,26,,183877,14,0,10,1,83,,183879,14,0,10,1,76,,183868,14,0,10,1,37,,183878,14,0,10,1
18602,'H51M000S-80-S',523,,207566,23,0,10,1,207,,207567,23,0,10,2
18602,'H54M000A-80-A',450,,207568,23,0,10,1,70,,207580,23,0,10,1,30,,207569,23,0,10,1,70,,207581,23,0,10,1,31,,207570,23,0,10,1,72,,207582,23,0,10,1,34,,207571,23,0,10,1,74,,207585,23,0,10,1,73,,207586,23,0,10,1,33,,207591,23,0,10,2,71,,207592,23,0,10,1,27,,207597,23,0,10,2,23,,207604,23,0,10,2,62,,207574,23,0,10,2,21,,207593,23,0,10,1,60,,207605,23,0,10,2,22,,207598,23,0,10,1,22,,207594,23,0,10,1,61,,207575,23,0,10,2,21,,207606,23,0,10,2,20,,207599,23,0,10,1,60,,207595,23,0,10,1,20,,207576,23,0,10,2,26,,207607,23,0,10,2,66,,207600,23,0,10,1,27,,207577,23,0,10,2,66,,207608,23,0,10,2,26,,207596,23,0,10,1,21,,207601,23,0,10,1,61,,207578,23,0,10,2,24,,207587,23,0,10,1,68,,207609,23,0,10,1,28,,207579,23,0,10,2,69,,207588,23,0,10,1,26,,207610,23,0,10,1,68,,207611,23,0,10,2,28,,207589,23,0,10,1,26,,207602,23,0,10,1,67,,207612,23,0,10,2,28,,207590,23,0,10,1,72,,207603,23,0,10,1,32,,207613,23,0,10,2,71,,207583,23,0,10,1,32,,207572,23,0,10,2,72,,207614,23,0,10,2,72,,207584,23,0,10,1,32,,207573,23,0,10,2
18602,'H54M000I-81-I',447,,207615,23,0,10,2,71,,207624,23,0,10,1,32,,207616,23,0,10,2,71,,207625,23,0,10,1,31,,207617,23,0,10,2,72,,207626,23,0,10,1,32,,207618,23,0,10,2,72,,207628,23,0,10,1,73,,207619,23,0,10,2,32,,207629,23,0,10,1,72,,207637,23,0,10,2,31,,207620,23,0,10,2,70,,207630,23,0,10,1,30,,207631,23,0,10,1,70,,207621,23,0,10,2,29,,207627,23,0,10,1,69,,207632,23,0,10,1,19,,207653,23,0,10,2,19,,207633,23,0,10,1,67,,207654,23,0,10,2,27,,207647,23,0,10,2,67,,207634,23,0,10,1,27,,207655,23,0,10,2,27,,207648,23,0,10,2,67,,207635,23,0,10,1,31,,207656,23,0,10,2,72,,207641,23,0,10,1,30,,207640,23,0,10,1,70,,207649,23,0,10,2,28,,207642,23,0,10,1,67,,207638,23,0,10,2,28,,207650,23,0,10,2,72,,207643,23,0,10,1,33,,207644,23,0,10,1,70,,207651,23,0,10,2,28,,207622,23,0,10,1,71,,207645,23,0,10,1,31,,207623,23,0,10,1,71,,207646,23,0,10,1,31,,207652,23,0,10,1,71,,207636,23,0,10,1,20,,207639,23,0,10,2
18602,'H54M000S-81-S',506,,207657,23,0,10,1,38,,207672,23,0,10,1,60,,207677,23,0,10,1,21,,207658,23,0,10,1,20,,207681,23,0,10,2,55,,207666,23,0,10,1,59,,207680,23,0,10,1,70,,207682,23,0,10,2,30,,207673,23,0,10,1,71,,207693,23,0,10,2,70,,207659,23,0,10,2,28,,207674,23,0,10,1,28,,207664,23,0,10,1,60,,207676,23,0,10,1,20,,207660,23,0,10,2,20,,207675,23,0,10,1,60,,207694,23,0,10,2,19,,207678,23,0,10,1,20,,207684,23,0,10,1,63,,207661,23,0,10,2,20,,207695,23,0,10,2,20,,207679,23,0,10,1,60,,207685,23,0,10,1,15,,207698,23,0,10,1,15,,207662,23,0,10,2,56,,207696,23,0,10,2,23,,207699,23,0,10,2,21,,207686,23,0,10,1,84,,207697,23,0,10,2,25,,207671,23,0,10,2,65,,207687,23,0,10,1,22,,207704,23,0,10,1,66,,207665,23,0,10,1,25,,207667,23,0,10,1,24,,207688,23,0,10,1,66,,207700,23,0,10,2,30,,207668,23,0,10,1,71,,207689,23,0,10,1,31,,207701,23,0,10,2,71,,207669,23,0,10,1,29,,207690,23,0,10,1,69,,207702,23,0,10,2,27,,207670,23,0,10,1,70,,207691,23,0,10,1,29,,207703,23,0,10,2,68,,207683,23,0,10,1,28,,207692,23,0,10,1
18602,'H57M000S-80-S',449,,207705,23,0,10,1,265,,207706,23,0,10,2,896,,207707,23,0,10,2
43002,'H51M000S-80-S',1049,,215384,14,0,10,1
43002,'H57M000S-80-S',541,,215385,14,0,10,1,72,,215396,14,0,10,2,104,,215392,14,0,10,1,30,,215393,14,0,10,2,70,,215395,14,0,10,2,30,,215394,14,0,10,1,70,,215389,14,0,10,1,31,,215387,14,0,10,1,71,,215388,14,0,10,1,97,,215391,14,0,10,1,30,,215390,14,0,10,2,69,,215386,14,0,10,1
43002,'H59M000S-80-S',645,,215397,14,0,10,2
48602,'H54M000S-81-S',622,,217114,17,0,10,1,21,,217116,17,0,10,2,68,,217117,17,0,10,2,28,,217120,17,0,10,2,15,,217121,17,0,10,2,60,,217119,17,0,10,1,24,,217122,17,0,10,2,66,,217118,17,0,10,2,27,,217115,17,0,10,1
48602,'H57M000S-80-S',601,,217124,17,0,10,1,57,,217123,17,0,10,1,67,,217125,17,0,10,1
