19301,'H50J000S-83-S',1632,,64932,15,0,5,2
19301,'H50JV00S-82-S',1632,,64933,15,0,5,2
19301,'H51J000S-80-S',1556,,64934,15,0,5,2
19301,'H51JV00S-84-S',1556,,64935,15,0,5,2
19301,'H54J000S-83-S',1526,,64937,15,0,5,2,213,,64938,15,0,5,2,286,,64936,15,0,5,1
19301,'H54JV00S-80-S',1526,,64940,15,0,5,2,213,,64941,15,0,5,2,286,,64939,15,0,5,1
19301,'H58J000A-83-A',532,,64963,15,0,5,2,68,,64943,15,0,5,2,29,,64971,15,0,5,1,71,,64964,15,0,5,2,30,,64944,15,0,5,2,23,,64987,15,0,5,2,61,,64972,15,0,5,1,22,,64965,15,0,5,2,22,,64953,15,0,5,2,63,,64945,15,0,5,2,22,,64988,15,0,5,2,64,,64973,15,0,5,1,24,,64983,15,0,5,1,17,,64966,15,0,5,2,55,,64954,15,0,5,2,15,,64949,15,0,5,2,16,,64946,15,0,5,2,15,,64989,15,0,5,2,56,,64974,15,0,5,1,15,,64995,15,0,5,2,15,,64984,15,0,5,1,15,,64967,15,0,5,2,53,,64955,15,0,5,2,12,,64950,15,0,5,2,12,,64947,15,0,5,2,13,,64990,15,0,5,2,13,,65001,15,0,5,2,53,,64975,15,0,5,1,13,,64996,15,0,5,2,11,,64985,15,0,5,1,12,,64968,15,0,5,2,12,,65005,15,0,5,2,51,,64956,15,0,5,2,10,,64951,15,0,5,2,11,,64948,15,0,5,2,11,,64991,15,0,5,2,11,,65002,15,0,5,2,52,,64976,15,0,5,1,12,,64997,15,0,5,2,13,,64986,15,0,5,1,12,,64969,15,0,5,2,12,,65006,15,0,5,2,52,,64957,15,0,5,2,12,,64952,15,0,5,2,11,,65007,15,0,5,2,12,,64992,15,0,5,2,12,,65003,15,0,5,2,53,,64977,15,0,5,1,11,,64942,15,0,5,1,12,,64998,15,0,5,2,15,,64970,15,0,5,2,19,,64958,15,0,5,2,60,,65008,15,0,5,2,23,,65004,15,0,5,2,64,,64978,15,0,5,1,25,,64999,15,0,5,2,24,,64959,15,0,5,2,63,,65009,15,0,5,2,24,,64979,15,0,5,1,70,,65000,15,0,5,2,32,,64960,15,0,5,2,70,,64980,15,0,5,1,31,,64993,15,0,5,2,71,,64961,15,0,5,2,26,,64981,15,0,5,1,71,,64994,15,0,5,2,30,,64962,15,0,5,2,68,,64982,15,0,5,1
19301,'H58J000I-81-I',557,,65024,15,0,5,1,70,,65017,15,0,5,1,30,,65032,15,0,5,2,70,,65025,15,0,5,1,30,,65018,15,0,5,1,72,,65033,15,0,5,2,30,,65020,15,0,5,1,70,,65026,15,0,5,1,71,,65019,15,0,5,1,20,,65034,15,0,5,2,20,,65011,15,0,5,2,60,,65021,15,0,5,1,21,,65027,15,0,5,1,20,,65048,15,0,5,2,60,,65060,15,0,5,2,15,,65035,15,0,5,2,15,,65012,15,0,5,2,15,,65056,15,0,5,2,55,,65022,15,0,5,1,15,,65030,15,0,5,1,16,,65049,15,0,5,2,15,,65063,15,0,5,2,55,,65061,15,0,5,2,15,,65036,15,0,5,2,15,,65013,15,0,5,2,15,,65057,15,0,5,2,55,,65023,15,0,5,1,15,,65028,15,0,5,1,15,,65050,15,0,5,2,15,,65064,15,0,5,2,55,,65062,15,0,5,2,15,,65037,15,0,5,2,14,,65014,15,0,5,2,14,,65010,15,0,5,1,13,,65058,15,0,5,2,54,,65029,15,0,5,1,15,,65051,15,0,5,2,15,,65016,15,0,5,2,15,,65065,15,0,5,2,54,,65038,15,0,5,2,16,,65015,15,0,5,2,16,,65043,15,0,5,1,15,,65059,15,0,5,2,56,,65031,15,0,5,1,31,,65052,15,0,5,2,71,,65039,15,0,5,2,32,,65044,15,0,5,1,72,,65053,15,0,5,2,32,,65040,15,0,5,2,69,,65045,15,0,5,1,31,,65054,15,0,5,2,69,,65041,15,0,5,2,30,,65046,15,0,5,1,68,,65055,15,0,5,2,30,,65042,15,0,5,2,69,,65047,15,0,5,1
19301,'H58J000I-82-I',557,,65080,15,0,5,1,70,,65073,15,0,5,1,30,,65088,15,0,5,2,70,,65081,15,0,5,1,30,,65074,15,0,5,1,72,,65089,15,0,5,2,30,,65076,15,0,5,1,70,,65082,15,0,5,1,71,,65075,15,0,5,1,20,,65090,15,0,5,2,20,,65067,15,0,5,2,60,,65077,15,0,5,1,21,,65083,15,0,5,1,20,,65104,15,0,5,2,60,,65116,15,0,5,2,15,,65091,15,0,5,2,15,,65068,15,0,5,2,15,,65112,15,0,5,2,55,,65078,15,0,5,1,15,,65086,15,0,5,1,16,,65105,15,0,5,2,15,,65119,15,0,5,2,55,,65117,15,0,5,2,15,,65092,15,0,5,2,15,,65069,15,0,5,2,15,,65113,15,0,5,2,55,,65079,15,0,5,1,15,,65084,15,0,5,1,15,,65106,15,0,5,2,15,,65120,15,0,5,2,55,,65118,15,0,5,2,15,,65093,15,0,5,2,14,,65070,15,0,5,2,14,,65066,15,0,5,1,13,,65114,15,0,5,2,54,,65085,15,0,5,1,15,,65107,15,0,5,2,15,,65072,15,0,5,2,15,,65121,15,0,5,2,54,,65094,15,0,5,2,16,,65071,15,0,5,2,16,,65099,15,0,5,1,15,,65115,15,0,5,2,56,,65087,15,0,5,1,31,,65108,15,0,5,2,71,,65095,15,0,5,2,32,,65100,15,0,5,1,72,,65109,15,0,5,2,32,,65096,15,0,5,2,69,,65101,15,0,5,1,31,,65110,15,0,5,2,69,,65097,15,0,5,2,30,,65102,15,0,5,1,68,,65111,15,0,5,2,30,,65098,15,0,5,2,69,,65103,15,0,5,1
19301,'H58J000S-81-S',533,,65125,15,0,5,2,75,,65129,15,0,5,2,25,,65124,15,0,5,2,25,,65127,15,0,5,2,66,,65128,15,0,5,1,17,,65130,15,0,5,2,10,,65135,15,0,5,2,52,,65159,15,0,5,1,13,,65141,15,0,5,2,12,,65142,15,0,5,2,11,,65158,15,0,5,2,16,,65137,15,0,5,1,60,,65122,15,0,5,2,21,,65136,15,0,5,2,68,,65160,15,0,5,1,30,,65143,15,0,5,2,69,,65138,15,0,5,1,27,,65123,15,0,5,2,18,,65148,15,0,5,1,55,,65161,15,0,5,1,15,,65152,15,0,5,1,16,,65144,15,0,5,2,19,,65155,15,0,5,2,58,,65139,15,0,5,1,18,,65164,15,0,5,2,16,,65166,15,0,5,2,13,,65149,15,0,5,1,52,,65162,15,0,5,1,12,,65153,15,0,5,1,12,,65126,15,0,5,1,10,,65169,15,0,5,2,10,,65145,15,0,5,2,51,,65156,15,0,5,2,11,,65140,15,0,5,1,20,,65165,15,0,5,2,6,,65182,15,0,5,2,6,,65183,15,0,5,2,55,,65185,15,0,5,1,6,,65168,15,0,5,2,7,,65150,15,0,5,1,8,,65163,15,0,5,1,16,,65154,15,0,5,1,8,,65187,15,0,5,1,8,,65170,15,0,5,2,48,,65167,15,0,5,2,9,,65146,15,0,5,2,9,,65157,15,0,5,2,8,,65173,15,0,5,2,18,,65172,15,0,5,2,11,,65184,15,0,5,2,51,,65131,15,0,5,1,10,,65186,15,0,5,1,12,,65151,15,0,5,1,11,,65178,15,0,5,2,12,,65171,15,0,5,2,54,,65188,15,0,5,1,19,,65147,15,0,5,1,18,,65174,15,0,5,2,59,,65132,15,0,5,1,40,,65179,15,0,5,2,60,,65189,15,0,5,1,19,,65192,15,0,5,1,18,,65175,15,0,5,2,60,,65133,15,0,5,1,27,,65180,15,0,5,2,30,,65190,15,0,5,1,71,,65176,15,0,5,2,71,,65134,15,0,5,1,32,,65181,15,0,5,2,71,,65191,15,0,5,1,20,,65177,15,0,5,2
19301,'H58J000S-83-S',533,,65196,15,0,5,2,75,,65200,15,0,5,2,25,,65195,15,0,5,2,25,,65198,15,0,5,2,66,,65199,15,0,5,1,17,,65201,15,0,5,2,10,,65206,15,0,5,2,52,,65230,15,0,5,1,13,,65212,15,0,5,2,12,,65213,15,0,5,2,11,,65229,15,0,5,2,16,,65208,15,0,5,1,60,,65193,15,0,5,2,21,,65207,15,0,5,2,68,,65231,15,0,5,1,30,,65214,15,0,5,2,69,,65209,15,0,5,1,27,,65194,15,0,5,2,18,,65219,15,0,5,1,55,,65232,15,0,5,1,15,,65223,15,0,5,1,16,,65215,15,0,5,2,19,,65226,15,0,5,2,58,,65210,15,0,5,1,18,,65235,15,0,5,2,16,,65237,15,0,5,2,13,,65220,15,0,5,1,52,,65233,15,0,5,1,12,,65224,15,0,5,1,12,,65197,15,0,5,1,10,,65240,15,0,5,2,10,,65216,15,0,5,2,51,,65227,15,0,5,2,11,,65211,15,0,5,1,20,,65236,15,0,5,2,6,,65253,15,0,5,2,6,,65254,15,0,5,2,55,,65256,15,0,5,1,6,,65239,15,0,5,2,7,,65221,15,0,5,1,8,,65234,15,0,5,1,16,,65225,15,0,5,1,8,,65258,15,0,5,1,8,,65241,15,0,5,2,48,,65238,15,0,5,2,9,,65217,15,0,5,2,9,,65228,15,0,5,2,8,,65244,15,0,5,2,18,,65243,15,0,5,2,11,,65255,15,0,5,2,51,,65202,15,0,5,1,10,,65257,15,0,5,1,12,,65222,15,0,5,1,11,,65249,15,0,5,2,12,,65242,15,0,5,2,54,,65259,15,0,5,1,19,,65218,15,0,5,1,18,,65245,15,0,5,2,59,,65203,15,0,5,1,40,,65250,15,0,5,2,60,,65260,15,0,5,1,19,,65263,15,0,5,1,18,,65246,15,0,5,2,60,,65204,15,0,5,1,27,,65251,15,0,5,2,30,,65261,15,0,5,1,71,,65247,15,0,5,2,71,,65205,15,0,5,1,32,,65252,15,0,5,2,71,,65262,15,0,5,1,20,,65248,15,0,5,2
19301,'H58JV00A-80-A',532,,65269,15,0,5,2,68,,65326,15,0,5,2,29,,65277,15,0,5,1,71,,65270,15,0,5,2,30,,65327,15,0,5,2,23,,65289,15,0,5,2,61,,65278,15,0,5,1,22,,65271,15,0,5,2,22,,65316,15,0,5,2,63,,65328,15,0,5,2,22,,65290,15,0,5,2,64,,65279,15,0,5,1,24,,65312,15,0,5,1,17,,65272,15,0,5,2,55,,65317,15,0,5,2,15,,65302,15,0,5,2,16,,65329,15,0,5,2,15,,65291,15,0,5,2,56,,65280,15,0,5,1,15,,65306,15,0,5,2,15,,65313,15,0,5,1,15,,65273,15,0,5,2,53,,65318,15,0,5,2,12,,65303,15,0,5,2,12,,65330,15,0,5,2,13,,65292,15,0,5,2,13,,65295,15,0,5,2,53,,65281,15,0,5,1,13,,65307,15,0,5,2,11,,65314,15,0,5,1,12,,65274,15,0,5,2,12,,65267,15,0,5,2,51,,65319,15,0,5,2,10,,65304,15,0,5,2,11,,65331,15,0,5,2,11,,65293,15,0,5,2,11,,65296,15,0,5,2,52,,65282,15,0,5,1,12,,65308,15,0,5,2,13,,65315,15,0,5,1,12,,65275,15,0,5,2,12,,65268,15,0,5,2,52,,65320,15,0,5,2,12,,65305,15,0,5,2,11,,65299,15,0,5,2,12,,65294,15,0,5,2,12,,65297,15,0,5,2,53,,65283,15,0,5,1,11,,65266,15,0,5,1,12,,65309,15,0,5,2,15,,65276,15,0,5,2,19,,65321,15,0,5,2,60,,65300,15,0,5,2,23,,65298,15,0,5,2,64,,65284,15,0,5,1,25,,65310,15,0,5,2,24,,65322,15,0,5,2,63,,65301,15,0,5,2,24,,65285,15,0,5,1,70,,65311,15,0,5,2,32,,65323,15,0,5,2,70,,65286,15,0,5,1,31,,65264,15,0,5,2,71,,65324,15,0,5,2,26,,65287,15,0,5,1,71,,65265,15,0,5,2,30,,65325,15,0,5,2,68,,65288,15,0,5,1
19301,'H58JV00I-81-I',557,,65380,15,0,5,1,70,,65334,15,0,5,1,30,,65346,15,0,5,2,70,,65381,15,0,5,1,30,,65335,15,0,5,1,72,,65347,15,0,5,2,30,,65337,15,0,5,1,70,,65382,15,0,5,1,71,,65336,15,0,5,1,20,,65348,15,0,5,2,20,,65375,15,0,5,2,60,,65338,15,0,5,1,21,,65383,15,0,5,1,20,,65357,15,0,5,2,60,,65369,15,0,5,2,15,,65349,15,0,5,2,15,,65376,15,0,5,2,15,,65365,15,0,5,2,55,,65339,15,0,5,1,15,,65384,15,0,5,1,16,,65358,15,0,5,2,15,,65372,15,0,5,2,55,,65370,15,0,5,2,15,,65350,15,0,5,2,15,,65377,15,0,5,2,15,,65366,15,0,5,2,55,,65340,15,0,5,1,15,,65385,15,0,5,1,15,,65359,15,0,5,2,15,,65373,15,0,5,2,55,,65371,15,0,5,2,15,,65351,15,0,5,2,14,,65378,15,0,5,2,14,,65333,15,0,5,1,13,,65367,15,0,5,2,54,,65386,15,0,5,1,15,,65360,15,0,5,2,15,,65332,15,0,5,2,15,,65374,15,0,5,2,54,,65352,15,0,5,2,16,,65379,15,0,5,2,16,,65341,15,0,5,1,15,,65368,15,0,5,2,56,,65387,15,0,5,1,31,,65361,15,0,5,2,71,,65353,15,0,5,2,32,,65342,15,0,5,1,72,,65362,15,0,5,2,32,,65354,15,0,5,2,69,,65343,15,0,5,1,31,,65363,15,0,5,2,69,,65355,15,0,5,2,30,,65344,15,0,5,1,68,,65364,15,0,5,2,30,,65356,15,0,5,2,69,,65345,15,0,5,1
19301,'H58JV00S-82-S',533,,65391,15,0,5,2,75,,65395,15,0,5,2,25,,65390,15,0,5,2,25,,65393,15,0,5,2,66,,65394,15,0,5,1,17,,65396,15,0,5,2,10,,65401,15,0,5,2,52,,65425,15,0,5,1,13,,65407,15,0,5,2,12,,65408,15,0,5,1,11,,65424,15,0,5,2,16,,65403,15,0,5,1,60,,65388,15,0,5,2,21,,65402,15,0,5,2,68,,65426,15,0,5,1,30,,65409,15,0,5,1,69,,65404,15,0,5,1,27,,65389,15,0,5,2,18,,65414,15,0,5,1,55,,65427,15,0,5,1,15,,65418,15,0,5,1,16,,65410,15,0,5,1,19,,65421,15,0,5,2,58,,65405,15,0,5,1,18,,65430,15,0,5,2,16,,65432,15,0,5,2,13,,65415,15,0,5,1,52,,65428,15,0,5,1,12,,65419,15,0,5,1,12,,65392,15,0,5,1,10,,65435,15,0,5,2,10,,65411,15,0,5,1,51,,65422,15,0,5,2,11,,65406,15,0,5,1,20,,65431,15,0,5,2,6,,65448,15,0,5,2,6,,65449,15,0,5,2,55,,65451,15,0,5,1,6,,65434,15,0,5,2,7,,65416,15,0,5,1,8,,65429,15,0,5,1,16,,65420,15,0,5,1,8,,65453,15,0,5,1,8,,65436,15,0,5,2,48,,65433,15,0,5,1,9,,65412,15,0,5,2,9,,65423,15,0,5,2,8,,65439,15,0,5,1,18,,65438,15,0,5,2,11,,65450,15,0,5,2,51,,65397,15,0,5,1,10,,65452,15,0,5,1,12,,65417,15,0,5,1,11,,65444,15,0,5,1,12,,65437,15,0,5,2,54,,65454,15,0,5,1,19,,65413,15,0,5,1,18,,65440,15,0,5,1,59,,65398,15,0,5,1,40,,65445,15,0,5,1,60,,65455,15,0,5,1,19,,65458,15,0,5,1,18,,65441,15,0,5,1,60,,65399,15,0,5,1,27,,65446,15,0,5,1,30,,65456,15,0,5,1,71,,65442,15,0,5,1,71,,65400,15,0,5,1,32,,65447,15,0,5,1,71,,65457,15,0,5,1,20,,65443,15,0,5,1
