4901,'H51J000S-80-S',610,,17395,1,0,5,2
4901,'H51JV00S-84-S',610,,17396,1,0,5,2
4901,'H54J000S-83-S',1642,,17398,1,0,5,2,83,,17397,1,0,5,2
4901,'H54JV00S-80-S',1642,,17400,1,0,5,2,83,,17399,1,0,5,2
4901,'H57J000S-81-S',1556,,17401,1,0,5,2
4901,'H57JV00S-83-S',1556,,17402,1,0,5,2
4901,'H58J000A-83-A',545,,17405,1,0,5,1,65,,17422,1,0,5,1,24,,17417,1,0,5,1,20,,17420,1,0,5,2,60,,17424,1,0,5,1,26,,17429,1,0,5,1,66,,17423,1,0,5,1,26,,17439,1,0,5,1,72,,17421,1,0,5,2,32,,17425,1,0,5,1,70,,17430,1,0,5,1,30,,17431,1,0,5,2,67,,17440,1,0,5,2,27,,17442,1,0,5,2,23,,17426,1,0,5,1,63,,17443,1,0,5,2,25,,17444,1,0,5,2,64,,17432,1,0,5,2,24,,17403,1,0,5,1,21,,17447,1,0,5,2,60,,17427,1,0,5,1,21,,17452,1,0,5,2,21,,17458,1,0,5,2,60,,17445,1,0,5,2,18,,17433,1,0,5,2,15,,17404,1,0,5,1,10,,17412,1,0,5,1,51,,17419,1,0,5,2,11,,17448,1,0,5,2,9,,17428,1,0,5,1,9,,17408,1,0,5,2,9,,17457,1,0,5,2,9,,17453,1,0,5,2,50,,17406,1,0,5,1,11,,17459,1,0,5,2,10,,17414,1,0,5,1,11,,17446,1,0,5,2,10,,17460,1,0,5,2,8,,17434,1,0,5,2,48,,17462,1,0,5,2,11,,17413,1,0,5,1,11,,17463,1,0,5,1,10,,17449,1,0,5,2,10,,17410,1,0,5,2,10,,17418,1,0,5,1,50,,17409,1,0,5,2,10,,17407,1,0,5,1,10,,17441,1,0,5,2,16,,17415,1,0,5,1,16,,17461,1,0,5,2,59,,17454,1,0,5,1,19,,17450,1,0,5,1,19,,17411,1,0,5,2,59,,17435,1,0,5,1,20,,17466,1,0,5,2,24,,17416,1,0,5,1,55,,17464,1,0,5,2,20,,17455,1,0,5,1,22,,17451,1,0,5,1,57,,17437,1,0,5,2,17,,17436,1,0,5,1,21,,17467,1,0,5,2,62,,17465,1,0,5,2,31,,17456,1,0,5,1,71,,17438,1,0,5,2,32,,17468,1,0,5,2
4901,'H58J000I-81-I',543,,17469,1,0,5,1,67,,17474,1,0,5,2,27,,17479,1,0,5,1,67,,17483,1,0,5,1,30,,17470,1,0,5,1,70,,17475,1,0,5,2,30,,17491,1,0,5,1,69,,17484,1,0,5,1,29,,17476,1,0,5,1,23,,17503,1,0,5,2,62,,17488,1,0,5,1,22,,17506,1,0,5,1,67,,17492,1,0,5,1,30,,17502,1,0,5,2,70,,17504,1,0,5,2,30,,17489,1,0,5,1,70,,17515,1,0,5,1,27,,17493,1,0,5,1,26,,17497,1,0,5,2,64,,17505,1,0,5,2,21,,17517,1,0,5,2,58,,17490,1,0,5,1,17,,17516,1,0,5,1,17,,17477,1,0,5,2,13,,17521,1,0,5,2,54,,17478,1,0,5,1,13,,17494,1,0,5,1,13,,17498,1,0,5,2,13,,17519,1,0,5,2,12,,17480,1,0,5,1,52,,17518,1,0,5,2,12,,17496,1,0,5,1,13,,17471,1,0,5,1,13,,17513,1,0,5,1,13,,17481,1,0,5,1,53,,17472,1,0,5,2,16,,17485,1,0,5,1,16,,17510,1,0,5,1,58,,17520,1,0,5,2,19,,17486,1,0,5,2,21,,17507,1,0,5,1,62,,17514,1,0,5,1,22,,17473,1,0,5,2,22,,17499,1,0,5,1,62,,17511,1,0,5,1,23,,17487,1,0,5,2,22,,17508,1,0,5,1,56,,17482,1,0,5,1,17,,17522,1,0,5,1,26,,17500,1,0,5,1,66,,17512,1,0,5,1,30,,17509,1,0,5,1,69,,17523,1,0,5,1,28,,17501,1,0,5,1,64,,17495,1,0,5,1
4901,'H58J000I-82-I',543,,17524,1,0,5,1,67,,17529,1,0,5,2,27,,17534,1,0,5,1,67,,17538,1,0,5,1,30,,17525,1,0,5,1,70,,17530,1,0,5,2,30,,17546,1,0,5,1,69,,17539,1,0,5,1,29,,17531,1,0,5,1,23,,17558,1,0,5,2,62,,17543,1,0,5,1,22,,17561,1,0,5,1,67,,17547,1,0,5,1,30,,17557,1,0,5,2,70,,17559,1,0,5,2,30,,17544,1,0,5,1,70,,17570,1,0,5,1,27,,17548,1,0,5,1,26,,17552,1,0,5,2,64,,17560,1,0,5,2,21,,17572,1,0,5,2,58,,17545,1,0,5,1,17,,17571,1,0,5,1,17,,17532,1,0,5,2,13,,17576,1,0,5,2,54,,17533,1,0,5,1,13,,17549,1,0,5,1,13,,17553,1,0,5,2,13,,17574,1,0,5,2,12,,17535,1,0,5,1,52,,17573,1,0,5,2,12,,17551,1,0,5,1,13,,17526,1,0,5,1,13,,17568,1,0,5,1,13,,17536,1,0,5,1,53,,17527,1,0,5,2,16,,17540,1,0,5,1,16,,17565,1,0,5,1,58,,17575,1,0,5,2,19,,17541,1,0,5,2,21,,17562,1,0,5,1,62,,17569,1,0,5,1,22,,17528,1,0,5,2,22,,17554,1,0,5,1,62,,17566,1,0,5,1,23,,17542,1,0,5,2,22,,17563,1,0,5,1,56,,17537,1,0,5,1,17,,17577,1,0,5,1,26,,17555,1,0,5,1,66,,17567,1,0,5,1,30,,17564,1,0,5,1,69,,17578,1,0,5,1,28,,17556,1,0,5,1,64,,17550,1,0,5,1
4901,'H58J000S-81-S',532,,17579,1,0,5,2,17,,17580,1,0,5,2,81,,17584,1,0,5,2,21,,17591,1,0,5,2,58,,17599,1,0,5,2,11,,17600,1,0,27 28,2,10,,17601,1,0,5,1,19,,17606,1,0,5,2,63,,17614,1,0,5,2,9,,17596,1,0,27 28,1,17,,17612,1,0,5,1,68,,17594,1,0,5,1,18,,17624,1,0,27 28,1,10,,17618,1,0,5,2,68,,17602,1,0,5,1,28,,17615,1,0,5,2,26,,17610,1,0,5,2,66,,17613,1,0,5,1,25,,17625,1,0,5,1,57,,17621,1,0,5,2,17,,17619,1,0,5,2,15,,17603,1,0,5,1,16,,17616,1,0,5,2,56,,17633,1,0,5,1,16,,17611,1,0,5,2,16,,17607,1,0,5,2,15,,17636,1,0,5,2,55,,17626,1,0,5,1,14,,17622,1,0,5,2,15,,17595,1,0,5,1,12,,17620,1,0,5,2,50,,17604,1,0,5,1,8,,17597,1,0,5,1,8,,17617,1,0,5,2,8,,17641,1,0,5,2,7,,17634,1,0,5,1,8,,17638,1,0,5,2,8,,17647,1,0,5,1,55,,17650,1,0,5,2,7,,17608,1,0,5,2,6,,17651,1,0,5,2,5,,17637,1,0,5,2,5,,17645,1,0,5,2,5,,17623,1,0,5,1,5,,17627,1,0,5,1,11,,17609,1,0,5,2,5,,17663,1,0,5,2,4,,17589,1,0,5,1,45,,17662,1,0,5,2,6,,17635,1,0,5,1,6,,17592,1,0,5,1,6,,17646,1,0,5,2,18,,17598,1,0,5,1,6,,17583,1,0,5,1,6,,17605,1,0,5,2,7,,17585,1,0,5,1,47,,17632,1,0,5,2,8,,17659,1,0,5,1,7,,17648,1,0,5,1,7,,17644,1,0,5,2,8,,17581,1,0,5,1,8,,17657,1,0,5,2,12,,17642,1,0,5,2,52,,17628,1,0,5,1,12,,17590,1,0,5,1,13,,17593,1,0,5,1,13,,17655,1,0,5,2,13,,17664,1,0,5,2,52,,17586,1,0,5,1,13,,17649,1,0,5,2,13,,17631,1,0,5,1,13,,17658,1,0,5,2,55,,17643,1,0,5,1,15,,17629,1,0,5,1,16,,17652,1,0,5,1,15,,17639,1,0,5,1,55,,17656,1,0,5,2,17,,17587,1,0,5,1,20,,17653,1,0,5,1,68,,17660,1,0,5,2,28,,17630,1,0,5,1,68,,17640,1,0,5,1,22,,17588,1,0,5,1,21,,17654,1,0,5,1,61,,17661,1,0,5,2,14,,17582,1,0,5,1
4901,'H58J000S-83-S',532,,17665,1,0,5,2,17,,17666,1,0,5,2,81,,17670,1,0,5,2,21,,17677,1,0,5,2,58,,17685,1,0,5,2,11,,17686,1,0,27 28,2,10,,17687,1,0,5,1,19,,17692,1,0,5,2,63,,17700,1,0,5,2,9,,17682,1,0,27 28,1,17,,17698,1,0,5,1,68,,17680,1,0,5,1,18,,17710,1,0,27 28,1,10,,17704,1,0,5,2,68,,17688,1,0,5,1,28,,17701,1,0,5,2,26,,17696,1,0,5,2,66,,17699,1,0,5,1,25,,17711,1,0,5,1,57,,17707,1,0,5,2,17,,17705,1,0,5,2,15,,17689,1,0,5,1,16,,17702,1,0,5,2,56,,17719,1,0,5,1,16,,17697,1,0,5,2,16,,17693,1,0,5,2,15,,17722,1,0,5,2,55,,17712,1,0,5,1,14,,17708,1,0,5,2,15,,17681,1,0,5,1,12,,17706,1,0,5,2,50,,17690,1,0,5,1,8,,17683,1,0,5,1,8,,17703,1,0,5,2,8,,17727,1,0,5,2,7,,17720,1,0,5,1,8,,17724,1,0,5,2,8,,17733,1,0,5,1,55,,17736,1,0,5,2,7,,17694,1,0,5,2,6,,17737,1,0,5,2,5,,17723,1,0,5,2,5,,17731,1,0,5,2,5,,17709,1,0,5,1,5,,17713,1,0,5,1,11,,17695,1,0,5,2,5,,17749,1,0,5,2,4,,17675,1,0,5,1,45,,17748,1,0,5,2,6,,17721,1,0,5,1,6,,17678,1,0,5,1,6,,17732,1,0,5,2,18,,17684,1,0,5,1,6,,17669,1,0,5,1,6,,17691,1,0,5,2,7,,17671,1,0,5,1,47,,17718,1,0,5,2,8,,17745,1,0,5,1,7,,17734,1,0,5,1,7,,17730,1,0,5,2,8,,17667,1,0,5,1,8,,17743,1,0,5,2,12,,17728,1,0,5,2,52,,17714,1,0,5,1,12,,17676,1,0,5,1,13,,17679,1,0,5,1,13,,17741,1,0,5,2,13,,17750,1,0,5,2,52,,17672,1,0,5,1,13,,17735,1,0,5,2,13,,17717,1,0,5,1,13,,17744,1,0,5,2,55,,17729,1,0,5,1,15,,17715,1,0,5,1,16,,17738,1,0,5,1,15,,17725,1,0,5,1,55,,17742,1,0,5,2,17,,17673,1,0,5,1,20,,17739,1,0,5,1,68,,17746,1,0,5,2,28,,17716,1,0,5,1,68,,17726,1,0,5,1,22,,17674,1,0,5,1,21,,17740,1,0,5,1,61,,17747,1,0,5,2,14,,17668,1,0,5,1
4901,'H58JV00A-80-A',545,,17751,1,0,5,1,65,,17794,1,0,5,1,24,,17759,1,0,5,1,20,,17763,1,0,5,2,60,,17765,1,0,5,1,26,,17755,1,0,5,1,66,,17795,1,0,5,1,26,,17761,1,0,5,1,72,,17764,1,0,5,2,32,,17766,1,0,5,1,70,,17756,1,0,5,1,30,,17770,1,0,5,2,67,,17798,1,0,5,2,27,,17754,1,0,5,2,23,,17767,1,0,5,1,63,,17774,1,0,5,2,25,,17775,1,0,5,2,64,,17771,1,0,5,2,24,,17813,1,0,5,1,21,,17778,1,0,5,2,60,,17768,1,0,5,1,21,,17781,1,0,5,2,21,,17783,1,0,5,2,60,,17776,1,0,5,2,18,,17772,1,0,5,2,15,,17814,1,0,5,1,10,,17757,1,0,5,1,51,,17807,1,0,5,2,11,,17779,1,0,5,2,9,,17769,1,0,5,1,9,,17815,1,0,5,2,9,,17762,1,0,5,2,9,,17782,1,0,5,2,50,,17752,1,0,5,1,11,,17784,1,0,5,2,10,,17808,1,0,5,1,11,,17777,1,0,5,2,10,,17790,1,0,5,2,8,,17773,1,0,5,2,48,,17803,1,0,5,2,11,,17758,1,0,5,1,11,,17804,1,0,5,1,10,,17780,1,0,5,2,10,,17811,1,0,5,2,10,,17760,1,0,5,1,50,,17816,1,0,5,2,10,,17753,1,0,5,1,10,,17799,1,0,5,2,16,,17809,1,0,5,1,16,,17791,1,0,5,2,59,,17800,1,0,5,1,19,,17788,1,0,5,1,19,,17812,1,0,5,2,59,,17796,1,0,5,1,20,,17785,1,0,5,2,24,,17810,1,0,5,1,55,,17792,1,0,5,2,20,,17801,1,0,5,1,22,,17789,1,0,5,1,57,,17805,1,0,5,2,17,,17797,1,0,5,1,21,,17786,1,0,5,2,62,,17793,1,0,5,2,31,,17802,1,0,5,1,71,,17806,1,0,5,2,32,,17787,1,0,5,2
4901,'H58JV00I-81-I',543,,17817,1,0,5,1,67,,17819,1,0,5,2,27,,17869,1,0,5,1,67,,17852,1,0,5,1,30,,17818,1,0,5,1,70,,17820,1,0,5,2,30,,17842,1,0,5,1,69,,17853,1,0,5,1,29,,17821,1,0,5,1,23,,17833,1,0,5,2,62,,17866,1,0,5,1,22,,17836,1,0,5,1,67,,17843,1,0,5,1,30,,17828,1,0,5,2,70,,17834,1,0,5,2,30,,17867,1,0,5,1,70,,17829,1,0,5,1,27,,17844,1,0,5,1,26,,17847,1,0,5,2,64,,17835,1,0,5,2,21,,17831,1,0,5,2,58,,17868,1,0,5,1,17,,17830,1,0,5,1,17,,17822,1,0,5,2,13,,17849,1,0,5,2,54,,17850,1,0,5,1,13,,17845,1,0,5,1,13,,17848,1,0,5,2,13,,17840,1,0,5,2,12,,17851,1,0,5,1,52,,17832,1,0,5,2,12,,17855,1,0,5,1,13,,17870,1,0,5,1,13,,17859,1,0,5,1,13,,17865,1,0,5,1,53,,17863,1,0,5,2,16,,17854,1,0,5,1,16,,17856,1,0,5,1,58,,17841,1,0,5,2,19,,17823,1,0,5,2,21,,17837,1,0,5,1,62,,17860,1,0,5,1,22,,17864,1,0,5,2,22,,17825,1,0,5,1,62,,17857,1,0,5,1,23,,17824,1,0,5,2,22,,17838,1,0,5,1,56,,17871,1,0,5,1,17,,17861,1,0,5,1,26,,17826,1,0,5,1,66,,17858,1,0,5,1,30,,17839,1,0,5,1,69,,17862,1,0,5,1,28,,17827,1,0,5,1,64,,17846,1,0,5,1
4901,'H58JV00S-82-S',532,,17872,1,0,5,2,17,,17873,1,0,5,2,81,,17877,1,0,5,2,21,,17884,1,0,5,2,58,,17892,1,0,5,1,11,,17893,1,0,27 28,1,10,,17894,1,0,5,1,19,,17899,1,0,5,2,63,,17907,1,0,5,2,9,,17889,1,0,27 28,1,17,,17905,1,0,5,1,68,,17887,1,0,5,1,18,,17917,1,0,27 28,1,10,,17911,1,0,5,1,68,,17895,1,0,5,1,28,,17908,1,0,5,2,26,,17903,1,0,5,2,66,,17906,1,0,5,1,25,,17918,1,0,5,1,57,,17914,1,0,5,2,17,,17912,1,0,5,2,15,,17896,1,0,5,1,16,,17909,1,0,5,2,56,,17926,1,0,5,1,16,,17904,1,0,5,2,16,,17900,1,0,5,1,15,,17929,1,0,5,2,55,,17919,1,0,5,1,14,,17915,1,0,5,2,15,,17888,1,0,5,1,12,,17913,1,0,5,2,50,,17897,1,0,5,1,8,,17890,1,0,5,1,8,,17910,1,0,5,2,8,,17934,1,0,5,1,7,,17927,1,0,5,1,8,,17931,1,0,5,2,8,,17940,1,0,5,1,55,,17943,1,0,5,2,7,,17901,1,0,5,1,6,,17944,1,0,5,2,5,,17930,1,0,5,2,5,,17938,1,0,5,2,5,,17916,1,0,5,1,5,,17920,1,0,5,1,11,,17902,1,0,5,2,5,,17956,1,0,5,2,4,,17882,1,0,5,1,45,,17955,1,0,5,2,6,,17928,1,0,5,1,6,,17885,1,0,5,1,6,,17939,1,0,5,2,18,,17891,1,0,5,1,6,,17876,1,0,5,1,6,,17898,1,0,5,2,7,,17878,1,0,5,1,47,,17925,1,0,5,2,8,,17952,1,0,5,1,7,,17941,1,0,5,1,7,,17937,1,0,5,1,8,,17874,1,0,5,1,8,,17950,1,0,5,2,12,,17935,1,0,5,2,52,,17921,1,0,5,1,12,,17883,1,0,5,1,13,,17886,1,0,5,1,13,,17948,1,0,5,1,13,,17957,1,0,5,2,52,,17879,1,0,5,1,13,,17942,1,0,5,2,13,,17924,1,0,5,1,13,,17951,1,0,5,2,55,,17936,1,0,5,1,15,,17922,1,0,5,1,16,,17945,1,0,5,1,15,,17932,1,0,5,1,55,,17949,1,0,5,1,17,,17880,1,0,5,1,20,,17946,1,0,5,1,68,,17953,1,0,5,2,28,,17923,1,0,5,1,68,,17933,1,0,5,1,22,,17881,1,0,5,1,21,,17947,1,0,5,1,61,,17954,1,0,5,2,14,,17875,1,0,5,1
4901,'H59J000S-81-S',1731,,17958,1,0,5,1
4901,'H59JV00S-83-S',1731,,17959,1,0,5,1
