46001,'H51J000S-80-S',1744,,79386,37,4,,2
46001,'H51JV00S-84-S',1744,,79387,37,4,,2
46001,'H56J000S-80-S',1825,,79388,37,4,,1
46001,'H56JV00S-80-S',1825,,79389,37,4,,1
46001,'H58J000S-81-S',632,,79391,36,4,,2,71,,79395,36,4,,2,32,,79390,36,4,,2,69,,79392,36,4,,1,14,,79394,36,4,,2,35,,79396,36,4,,2,70,,79397,36,4,,2,25,,79399,36,4,,1,61,,79398,36,4,,2,29,,79400,36,4,,1,564,,79404,37,4,,2,9,,79405,37,4,,2,9,,79406,37,4,,1,8,,79408,37,4,,2,12,,79411,37,4,,1,10,,79414,37,4,,2,50,,79417,37,4,,2,9,,79418,37,4,,2,10,,79420,37,4,,2,10,,79401,37,4,,2,8,,79416,37,4,,2,15,,79422,37,4,,1,7,,79402,37,4,,2,44,,79412,28,4,,2,5,,79409,37,4,,2,7,,79419,37,4,,2,20,,79393,37,4,,1,15,,79410,37,4,,2,57,,79413,37,4,,2,15,,79403,37,4,,2,16,,79407,37,4,,1,17,,79415,37,4,,2,58,,79421,37,4,,2,21,,79423,37,4,,1
46001,'H58J000S-83-S',632,,79425,36,4,,2,71,,79429,36,4,,2,32,,79424,36,4,,2,69,,79426,36,4,,1,14,,79428,36,4,,2,35,,79430,36,4,,2,70,,79431,36,4,,2,25,,79433,36,4,,1,61,,79432,36,4,,2,29,,79434,36,4,,1,564,,79438,37,4,,2,9,,79439,37,4,,2,9,,79440,37,4,,1,8,,79442,37,4,,2,12,,79445,37,4,,1,10,,79448,37,4,,2,50,,79451,37,4,,2,9,,79452,37,4,,2,10,,79454,37,4,,2,10,,79435,37,4,,2,8,,79450,37,4,,2,15,,79456,37,4,,1,7,,79436,37,4,,2,44,,79446,28,4,,2,5,,79443,37,4,,2,7,,79453,37,4,,2,20,,79427,37,4,,1,15,,79444,37,4,,2,57,,79447,37,4,,2,15,,79437,37,4,,2,16,,79441,37,4,,1,17,,79449,37,4,,2,58,,79455,37,4,,2,21,,79457,37,4,,1
46001,'H58JV00S-82-S',632,,79459,36,4,,2,71,,79463,36,4,,2,32,,79458,36,4,,2,69,,79460,36,4,,1,14,,79462,36,4,,2,35,,79464,36,4,,2,70,,79465,36,4,,2,25,,79467,36,4,,1,61,,79466,36,4,,2,29,,79468,36,4,,1,564,,79472,37,4,,2,9,,79473,37,4,,2,9,,79474,37,4,,1,8,,79476,37,4,,2,12,,79479,37,4,,1,10,,79482,37,4,,2,50,,79485,37,4,,1,9,,79486,37,4,,1,10,,79488,37,4,,2,10,,79469,37,4,,2,8,,79484,37,4,,2,15,,79490,37,4,,1,7,,79470,37,4,,2,44,,79480,28,4,,2,5,,79477,37,4,,2,7,,79487,37,4,,1,20,,79461,37,4,,1,15,,79478,37,4,,2,57,,79481,37,4,,2,15,,79471,37,4,,2,16,,79475,37,4,,1,17,,79483,37,4,,2,58,,79489,37,4,,2,21,,79491,37,4,,1
46002,'H56J000S-80-S',1834,,79493,1,0,10,1
46002,'H56JV00S-80-S',1834,,79495,1,0,10,1
46002,'H57J000S-81-S',502,,79496,1,0,10,1,5,,79497,1,0,10,1,10,,79498,1,0,10,1,12,,79499,1,0,10,1,6,,79500,1,0,10,2,4,,79501,1,0,10,1
46002,'H57JV00S-83-S',502,,79503,1,0,10,1,5,,79504,1,0,10,1,10,,79505,1,0,10,1,12,,79506,1,0,10,1,6,,79507,1,0,10,2,4,,79508,1,0,10,1
46002,'H58J000S-81-S',457,,79514,1,0,10,2,52,,79516,1,0,10,1,3,,79518,1,0,10,1,14,,79521,1,0,10,1,6,,79523,1,0,10,2,11,,79527,1,0,10,2,5,,79530,1,0,10,2,7,,79533,1,0,10,2,47,,79532,1,0,10,2,3,,79511,1,0,10,2,4,,79512,1,0,10,2,8,,79520,1,0,10,2,5,,79517,1,0,10,2,5,,79515,1,0,10,1,2,,79539,1,0,10,2,3,,79510,1,0,10,2,3,,79513,1,0,10,2,6,,79519,1,0,10,2,5,,79524,1,0,10,2,8,,79534,1,0,10,2,47,,79526,1,0,10,2,10,,79542,1,0,10,2,10,,79529,1,0,10,2,17,,79544,1,0,10,1,21,,79538,1,0,10,2,70,,79528,1,0,10,2,28,,79546,1,0,10,2,62,,79545,1,0,10,2,581,,79548,1,0,10,2,28,,79522,1,0,10,1,72,,79550,1,0,10,2,32,,79547,1,0,10,1,72,,79551,1,0,10,2,30,,79552,1,0,10,2,69,,79553,1,0,10,1,102,,79549,1,0,10,2
46002,'H58J000S-83-S',457,,79558,1,0,10,2,52,,79560,1,0,10,1,3,,79562,1,0,10,1,14,,79565,1,0,10,1,6,,79567,1,0,10,2,11,,79571,1,0,10,2,5,,79574,1,0,10,2,7,,79577,1,0,10,2,47,,79576,1,0,10,2,3,,79555,1,0,10,2,4,,79556,1,0,10,2,8,,79564,1,0,10,2,5,,79561,1,0,10,2,5,,79559,1,0,10,1,2,,79583,1,0,10,2,3,,79554,1,0,10,2,3,,79557,1,0,10,2,6,,79563,1,0,10,2,5,,79568,1,0,10,2,8,,79578,1,0,10,2,47,,79570,1,0,10,2,10,,79586,1,0,10,2,10,,79573,1,0,10,2,17,,79588,1,0,10,1,21,,79582,1,0,10,2,70,,79572,1,0,10,2,28,,79590,1,0,10,2,62,,79589,1,0,10,2,581,,79592,1,0,10,2,28,,79566,1,0,10,1,72,,79594,1,0,10,2,32,,79591,1,0,10,1,72,,79595,1,0,10,2,30,,79596,1,0,10,2,69,,79597,1,0,10,1,102,,79593,1,0,10,2
46002,'H58JV00S-82-S',457,,79602,1,0,10,2,52,,79604,1,0,10,1,3,,79606,1,0,10,1,14,,79609,1,0,10,1,6,,79611,1,0,10,2,11,,79615,1,0,10,2,5,,79618,1,0,10,1,7,,79621,1,0,10,2,47,,79620,1,0,10,2,3,,79599,1,0,10,2,4,,79600,1,0,10,2,8,,79608,1,0,10,2,5,,79605,1,0,10,2,5,,79603,1,0,10,1,2,,79627,1,0,10,2,3,,79598,1,0,10,1,3,,79601,1,0,10,2,6,,79607,1,0,10,2,5,,79612,1,0,10,2,8,,79622,1,0,10,2,47,,79614,1,0,10,2,10,,79630,1,0,10,2,10,,79617,1,0,10,2,17,,79632,1,0,10,1,21,,79626,1,0,10,2,70,,79616,1,0,10,2,28,,79634,1,0,10,2,62,,79633,1,0,10,2,581,,79636,1,0,10,1,28,,79610,1,0,10,1,72,,79638,1,0,10,2,32,,79635,1,0,10,1,72,,79639,1,0,10,2,30,,79640,1,0,10,2,69,,79641,1,0,10,1,102,,79637,1,0,10,2
46002,'H59J000S-81-S',522,,79642,1,0,10,1
46002,'H59JV00S-83-S',522,,79643,1,0,10,1
