20402,'H60J000A-80-A',656,,69797,8,0,10,1,71,,69806,8,0,10,1,32,,69816,8,0,10,1,72,,69798,8,0,10,1,72,,69807,8,0,10,1,32,,69817,8,0,10,1,72,,69799,8,0,10,1,32,,69808,8,0,10,1,72,,69818,8,0,10,1,32,,69800,8,0,10,1,73,,69809,8,0,10,1,33,,69819,8,0,10,1,72,,69801,8,0,10,1,33,,69825,8,0,10,1,70,,69810,8,0,10,1,30,,69820,8,0,10,1,69,,69802,8,0,10,1,29,,69826,8,0,10,1,69,,69811,8,0,10,1,30,,69821,8,0,10,1,70,,69803,8,0,10,1,30,,69827,8,0,10,1,70,,69812,8,0,10,1,30,,69822,8,0,10,1,70,,69804,8,0,10,1,30,,69828,8,0,10,1,70,,69796,8,0,10,1,30,,69824,8,0,10,1,70,,69815,8,0,10,1,29,,69823,8,0,10,1,69,,69829,8,0,10,1,29,,69805,8,0,10,1,67,,69813,8,0,10,1,27,,69814,8,0,10,1
20402,'H60J000I-80-I',802,,69830,8,0,10,1,32,,69836,8,0,10,1,72,,69845,8,0,10,1,32,,69831,8,0,10,1,72,,69837,8,0,10,1,31,,69846,8,0,10,1,70,,69832,8,0,10,1,31,,69838,8,0,10,1,71,,69847,8,0,10,1,31,,69833,8,0,10,1,70,,69854,8,0,10,1,30,,69839,8,0,10,1,70,,69848,8,0,10,1,29,,69834,8,0,10,1,71,,69855,8,0,10,1,30,,69840,8,0,10,1,70,,69849,8,0,10,1,30,,69835,8,0,10,1,70,,69856,8,0,10,1,32,,69841,8,0,10,1,73,,69850,8,0,10,1,33,,69857,8,0,10,1,72,,69842,8,0,10,1,33,,69851,8,0,10,1,73,,69858,8,0,10,1,71,,69843,8,0,10,1,31,,69852,8,0,10,1,73,,69859,8,0,10,1,33,,69844,8,0,10,1,72,,69853,8,0,10,1,33,,69860,8,0,10,1
20402,'H60J000S-98-S',607,,69880,8,0,10,1,28,,69883,8,0,10,1,72,,69861,8,0,10,1,33,,69884,8,0,10,1,73,,69865,8,0,10,1,32,,69875,8,0,10,1,73,,69885,8,0,10,1,33,,69866,8,0,10,1,73,,69876,8,0,10,1,33,,69886,8,0,10,1,74,,69867,8,0,10,1,74,,69877,8,0,10,1,35,,69887,8,0,10,1,75,,69868,8,0,10,1,36,,69878,8,0,10,1,76,,69881,8,0,10,1,75,,69869,8,0,10,1,39,,69879,8,0,10,1,74,,69882,8,0,10,1,36,,69870,8,0,10,1,61,,69890,8,0,10,1,18,,69888,8,0,10,1,21,,69889,8,0,10,1,59,,69895,8,0,10,1,25,,69874,8,0,10,1,65,,69891,8,0,10,1,31,,69862,8,0,10,1,72,,69871,8,0,10,1,32,,69892,8,0,10,1,71,,69863,8,0,10,1,30,,69872,8,0,10,1,71,,69893,8,0,10,1,31,,69864,8,0,10,1,71,,69873,8,0,10,1,31,,69894,8,0,10,1
20402,'H60JV00A-80-A',656,,69902,8,0,10,1,71,,69907,8,0,10,1,32,,69915,8,0,10,1,72,,69903,8,0,10,1,72,,69908,8,0,10,1,32,,69916,8,0,10,1,72,,69904,8,0,10,1,32,,69909,8,0,10,1,72,,69917,8,0,10,1,32,,69905,8,0,10,1,73,,69910,8,0,10,1,33,,69918,8,0,10,1,72,,69906,8,0,10,1,33,,69922,8,0,10,1,70,,69911,8,0,10,1,30,,69919,8,0,10,1,69,,69927,8,0,10,1,29,,69923,8,0,10,1,69,,69912,8,0,10,1,30,,69920,8,0,10,1,70,,69928,8,0,10,1,30,,69924,8,0,10,1,70,,69913,8,0,10,1,30,,69921,8,0,10,1,70,,69929,8,0,10,1,30,,69925,8,0,10,1,70,,69897,8,0,10,1,30,,69901,8,0,10,1,70,,69899,8,0,10,1,29,,69896,8,0,10,1,69,,69900,8,0,10,1,29,,69898,8,0,10,1,67,,69914,8,0,10,1,27,,69926,8,0,10,1
20402,'H60JV00I-80-I',802,,69930,8,0,10,1,32,,69936,8,0,10,1,72,,69945,8,0,10,1,32,,69931,8,0,10,1,72,,69937,8,0,10,1,31,,69946,8,0,10,1,70,,69932,8,0,10,1,31,,69938,8,0,10,1,71,,69947,8,0,10,1,31,,69933,8,0,10,1,70,,69954,8,0,10,1,30,,69939,8,0,10,1,70,,69948,8,0,10,1,29,,69934,8,0,10,1,71,,69955,8,0,10,1,30,,69940,8,0,10,1,70,,69949,8,0,10,1,30,,69935,8,0,10,1,70,,69956,8,0,10,1,32,,69941,8,0,10,1,73,,69950,8,0,10,1,33,,69957,8,0,10,1,72,,69942,8,0,10,1,33,,69951,8,0,10,1,73,,69958,8,0,10,1,71,,69943,8,0,10,1,31,,69952,8,0,10,1,73,,69959,8,0,10,1,33,,69944,8,0,10,1,72,,69953,8,0,10,1,33,,69960,8,0,10,1
20402,'H60JV00S-98-S',607,,69965,8,0,10,1,28,,69993,8,0,10,1,72,,69964,8,0,10,1,33,,69963,8,0,10,1,73,,69982,8,0,10,1,32,,69976,8,0,10,1,73,,69988,8,0,10,1,33,,69983,8,0,10,1,73,,69977,8,0,10,1,33,,69994,8,0,10,1,74,,69984,8,0,10,1,74,,69978,8,0,10,1,35,,69995,8,0,10,1,75,,69985,8,0,10,1,36,,69979,8,0,10,1,76,,69969,8,0,10,1,75,,69986,8,0,10,1,39,,69980,8,0,10,1,74,,69970,8,0,10,1,36,,69987,8,0,10,1,61,,69971,8,0,10,1,18,,69961,8,0,10,1,21,,69992,8,0,10,1,59,,69981,8,0,10,1,25,,69962,8,0,10,1,65,,69972,8,0,10,1,31,,69966,8,0,10,1,72,,69989,8,0,10,1,32,,69973,8,0,10,1,71,,69967,8,0,10,1,30,,69990,8,0,10,1,71,,69974,8,0,10,1,31,,69968,8,0,10,1,71,,69991,8,0,10,1,31,,69975,8,0,10,1
35402,'H56J000A-80-A',2609,,74478,4,0,10,1,33,,74476,4,0,10,1,66,,74473,4,0,10,1,30,,74474,4,0,10,2,85,,74475,4,0,10,1,85,,74477,4,0,10,1
35402,'H56J000I-80-I',2609,,74479,4,0,10,1,46,,74482,4,0,10,1,85,,74481,4,0,10,2,84,,74480,4,0,10,1,85,,74483,4,0,10,1
35402,'H56J000S-80-S',2612,,74486,4,0,10,1,46,,74488,4,0,10,1,85,,74484,4,0,10,1,86,,74485,4,0,10,1,86,,74487,4,0,10,1
35402,'H56JV00A-80-A',2609,,74494,4,0,10,1,33,,74492,4,0,10,1,66,,74489,4,0,10,1,30,,74490,4,0,10,2,85,,74491,4,0,10,1,85,,74493,4,0,10,1
35402,'H56JV00I-80-I',2609,,74495,4,0,10,1,46,,74498,4,0,10,1,85,,74497,4,0,10,2,84,,74496,4,0,10,1,85,,74499,4,0,10,1
35402,'H56JV00S-80-S',2612,,74502,4,0,10,1,46,,74504,4,0,10,1,85,,74500,4,0,10,1,86,,74501,4,0,10,1,86,,74503,4,0,10,1
35602,'H56J000A-80-A',2630,,74621,95,0,10,1,19,,74624,95,0,10,1,59,,74627,95,0,10,2,20,,74616,95,0,10,1,10,,74619,95,0,10,1,10,,74628,95,0,10,1,10,,74623,95,0,10,1,50,,74620,95,0,10,1,10,,74615,95,0,10,1,10,,74622,95,0,10,1,11,,74617,95,0,10,1,12,,74629,95,0,10,2,52,,74618,95,0,10,2,12,,74625,95,0,10,1,13,,74626,95,0,10,2
35602,'H56J000I-80-I',2624,,74630,95,0,10,1,89,,74633,95,0,10,2,42,,74632,95,0,10,1,91,,74631,95,0,10,2,81,,74634,95,0,10,1
35602,'H56J000S-80-S',2626,,74635,95,0,10,1,82,,74639,95,0,10,2,45,,74641,95,0,10,1,65,,74638,95,0,10,1,22,,74636,95,0,10,1,64,,74637,95,0,10,2,22,,74640,95,0,10,1
35602,'H56JV00A-80-A',2630,,74648,95,0,10,1,19,,74651,95,0,10,1,59,,74654,95,0,10,2,20,,74643,95,0,10,1,10,,74646,95,0,10,1,10,,74655,95,0,10,1,10,,74650,95,0,10,1,50,,74647,95,0,10,1,10,,74642,95,0,10,1,10,,74649,95,0,10,1,11,,74644,95,0,10,1,12,,74656,95,0,10,2,52,,74645,95,0,10,2,12,,74652,95,0,10,1,13,,74653,95,0,10,2
35602,'H56JV00I-80-I',2624,,74657,95,0,10,1,89,,74660,95,0,10,2,42,,74659,95,0,10,1,91,,74658,95,0,10,2,81,,74661,95,0,10,1
35602,'H56JV00S-80-S',2626,,74662,95,0,10,1,82,,74666,95,0,10,2,45,,74668,95,0,10,1,65,,74665,95,0,10,1,22,,74663,95,0,10,1,64,,74664,95,0,10,1,22,,74667,95,0,10,1
