6801,'H50M000S-70-S',1627,,108842,31,0,5,1
6801,'H60M000A-71-A',617,,108851,25,0,5,2,32,,108843,25,0,5,1,73,,108852,25,0,5,2,33,,108868,25,0,5,1,73,,108870,25,0,5,1,73,,108862,25,0,5,1,33,,108853,25,0,5,1,69,,108878,31,0,5,2,28,,108869,25,0,5,1,69,,108871,25,0,5,1,30,,108844,25,0,5,1,70,,108854,25,0,5,1,30,,108863,25,0,5,1,70,,108872,25,0,5,1,30,,108845,25,0,5,1,70,,108855,25,0,5,1,29,,108864,25,0,5,1,30,,108873,25,0,5,1,70,,108846,25,0,5,1,30,,108856,25,0,5,1,69,,108865,25,0,5,1,28,,108874,25,0,5,1,69,,108847,25,0,5,1,30,,108857,25,0,5,1,69,,108866,25,0,5,1,28,,108875,25,0,5,1,69,,108848,25,0,5,1,30,,108858,25,0,5,1,72,,108867,25,0,5,1,33,,108876,25,0,5,1,73,,108849,10,0,5,1,73,,108880,10,0,5,2,33,,108861,10,0,5,1,72,,108877,10,0,5,1,32,,108850,10,0,5,1,71,,108860,10,0,5,1,22,,108859,10,0,5,2,22,,108879,10,0,5,1
6801,'H60M000I-71-I',615,,108881,25,0,5,1,35,,108884,25,0,5,2,75,,108894,25,0,5,1,75,,108882,25,0,5,1,32,,108885,25,0,5,2,68,,108913,31,0,5,1,30,,108895,25,0,5,1,28,,108883,25,0,5,1,69,,108886,25,0,5,2,28,,108906,25,0,5,1,69,,108914,25,0,5,2,30,,108896,25,0,5,1,70,,108887,25,0,5,2,30,,108907,25,0,5,1,70,,108915,25,0,5,2,30,,108897,25,0,5,1,70,,108888,25,0,5,2,30,,108908,25,0,5,1,70,,108916,25,0,5,2,30,,108898,25,0,5,1,70,,108889,25,0,5,2,30,,108909,25,0,5,1,70,,108917,25,0,5,2,30,,108900,25,0,5,1,70,,108890,25,0,5,2,30,,108910,25,0,5,1,70,,108918,25,0,5,2,33,,108899,25,0,5,1,72,,108891,25,0,5,2,73,,108911,25,0,5,1,33,,108904,10,0,5,1,72,,108901,10,0,5,1,29,,108892,10,0,5,2,69,,108912,10,0,5,1,29,,108905,10,0,5,1,68,,108902,10,0,5,1,28,,108903,10,0,5,1,24,,108893,10,0,5,1
6801,'H60M000S-71-S',455,,108919,10,0,5,1,70,,108920,31,0,5,2,31,,108921,31,0,5,1,75,,108926,31,0,5,2,74,,108943,31,0,5,2,32,,108944,31,0,5,1,75,,108938,31,0,5,1,33,,108945,31,0,5,1,74,,108927,31,0,5,2,13,,108934,25,0,5,1,68,,108922,25,0,5,1,29,,108939,25,0,5,1,29,,108946,25,0,5,1,69,,108935,25,0,5,1,29,,108923,25,0,5,1,69,,108940,25,0,5,1,29,,108947,25,0,5,1,68,,108936,25,0,5,1,29,,108924,25,0,5,1,69,,108941,25,0,5,1,30,,108948,25,0,5,1,76,,108937,25,0,5,1,28,,108925,25,0,5,1,100,,108942,31,0,5,1,68,,108949,31,0,5,1,28,,108951,31,0,5,2,69,,108931,31,0,5,1,29,,108953,31,0,5,2,64,,108928,25,0,5,1,26,,108954,25,0,5,1,67,,108958,25,0,5,1,31,,108932,25,0,5,1,71,,108929,25,0,5,1,29,,108955,10,0,5,1,67,,108959,10,0,5,1,27,,108933,10,0,5,1,27,,108930,10,0,5,1,67,,108956,10,0,5,1,34,,108952,10,0,5,1,75,,108950,10,0,5,1,72,,108957,10,0,5,1
6801,'H60M100F-71-F1',615,,108960,25,0,5,1,35,,108963,25,0,5,1,75,,108974,25,0,5,2,75,,108961,25,0,5,1,32,,108964,25,0,5,1,69,,108996,25,0,5,1,29,,108975,25,0,5,2,28,,108962,25,0,5,1,69,,108965,25,0,5,1,28,,108987,25,0,5,2,69,,108969,25,0,5,1,30,,108976,25,0,5,2,70,,108966,25,0,5,1,30,,108988,25,0,5,2,70,,108970,25,0,5,1,30,,108977,25,0,5,2,70,,108967,25,0,5,1,30,,108989,25,0,5,2,70,,108971,25,0,5,1,30,,108978,25,0,5,2,70,,108968,25,0,5,1,30,,108990,25,0,5,2,70,,108972,25,0,5,1,30,,108979,25,0,5,2,70,,108981,25,0,5,1,30,,108992,25,0,5,2,70,,108973,25,0,5,1,33,,108980,25,0,5,2,72,,108982,25,0,5,1,73,,108993,25,0,5,2,33,,108985,10,0,5,1,72,,108995,10,0,5,1,29,,108983,10,0,5,1,69,,108991,10,0,5,2,29,,108986,10,0,5,1,68,,108994,10,0,5,1,28,,108997,10,0,5,1,24,,108984,10,0,5,1
6801,'H60M200F-71-F2',615,,109011,25,0,5,1,35,,108998,25,0,5,1,75,,109010,25,0,5,2,75,,109012,25,0,5,1,32,,108999,25,0,5,1,69,,109027,25,0,5,1,29,,109004,25,0,5,2,28,,109013,25,0,5,1,69,,109000,25,0,5,1,28,,109019,25,0,5,2,69,,109014,25,0,5,1,30,,109005,25,0,5,2,70,,109001,25,0,5,1,30,,109020,25,0,5,2,70,,109015,25,0,5,1,30,,109006,25,0,5,2,70,,109002,25,0,5,1,30,,109022,25,0,5,2,70,,109016,25,0,5,1,30,,109007,25,0,5,2,70,,109003,25,0,5,1,30,,109021,25,0,5,2,70,,109017,25,0,5,1,30,,109008,25,0,5,2,70,,109030,25,0,5,1,30,,109023,25,0,5,2,70,,109018,25,0,5,1,33,,109009,25,0,5,2,72,,109031,25,0,5,1,73,,109024,25,0,5,2,33,,109034,10,0,5,1,72,,109029,10,0,5,1,29,,109032,10,0,5,1,69,,109025,10,0,5,2,29,,109035,10,0,5,1,68,,109028,10,0,5,1,28,,109026,10,0,5,1,24,,109033,10,0,5,1
6801,'H60M300F-80-F3',621,,168535,33,0,5,2,32,,168520,33,0,5,1,72,,168523,33,0,5,1,33,,168536,33,0,5,2,73,,168521,33,0,5,1,73,,168548,33,0,5,2,33,,168537,33,0,5,2,71,,168524,33,0,5,1,28,,168549,33,0,5,2,69,,168538,33,0,5,2,30,,168525,33,0,5,1,70,,168550,33,0,5,2,30,,168539,33,0,5,2,70,,168526,33,0,5,1,30,,168551,33,0,5,2,70,,168540,33,0,5,2,30,,168527,33,0,5,1,70,,168552,33,0,5,2,30,,168541,33,0,5,2,70,,168528,33,0,5,1,30,,168553,33,0,5,2,70,,168542,33,0,5,2,30,,168529,33,0,5,1,70,,168554,33,0,5,2,30,,168543,33,0,5,2,70,,168530,33,0,5,1,30,,168555,33,0,5,2,67,,168544,33,0,5,2,30,,168531,33,0,5,1,70,,168556,33,0,5,2,27,,168545,33,0,5,2,27,,168532,33,0,5,1,70,,168557,33,0,5,2,27,,168546,33,0,5,2,68,,168533,33,0,5,1,35,,168558,33,0,5,2,75,,168547,33,0,5,2,75,,168522,33,0,5,1,35,,168534,33,0,5,1
37601,'H60M000A-71-A',2449,,155343,10,0,5,1,85,,155347,10,0,5,1,85,,155345,10,0,5,1,85,,155346,10,0,5,1,45,,155344,10,0,5,1
37601,'H60M000I-71-I',2449,,155349,10,0,5,2,85,,155350,10,0,5,1,85,,155351,10,0,5,1,85,,155352,10,0,5,1,45,,155348,10,0,5,1
37601,'H60M000S-71-S',2448,,155355,10,0,5,1,85,,155354,10,0,5,1,85,,155353,10,0,5,1,85,,155357,10,0,5,1,45,,155356,10,0,5,1
37601,'H60M100F-71-F1',2449,,155360,10,0,5,1,85,,155362,10,0,5,1,85,,155358,10,0,5,1,85,,155359,10,0,5,1,45,,155361,10,0,5,1
37601,'H60M200F-71-F2',2449,,155365,10,0,5,1,85,,155367,10,0,5,1,85,,155364,10,0,5,1,85,,155363,10,0,5,1,45,,155366,10,0,5,1
37601,'H60M300F-80-F3',2449,,175982,10,0,5,1,85,,175981,10,0,5,1,85,,175980,10,0,5,1,85,,175984,10,0,5,1,45,,175983,10,0,5,1
47001,'H50M000A-70-A',447,,158302,11,0,5,1,70,,158309,11,0,5,1,30,,158319,11,0,5,1,69,,158329,11,0,5,1,27,,158303,11,0,5,1,65,,158310,11,0,5,1,23,,158320,11,0,5,1,21,,158336,11,0,5,1,61,,158330,11,0,5,1,22,,158304,11,0,5,1,21,,158311,11,0,5,1,60,,158321,11,0,5,1,21,,158337,11,0,5,1,21,,158331,11,0,5,1,62,,158305,11,0,5,1,21,,158312,11,0,5,1,62,,158322,11,0,5,1,21,,158338,11,0,5,1,20,,158332,11,0,5,1,60,,158306,11,0,5,1,21,,158313,11,0,5,1,18,,158342,11,0,5,1,16,,158323,11,0,5,1,56,,158339,11,0,5,1,15,,158345,11,0,5,1,16,,158333,11,0,5,1,56,,158307,11,0,5,1,17,,158314,11,0,5,1,17,,158343,11,0,5,1,17,,158324,9,0,5,1,57,,158340,9,0,5,1,15,,158346,9,0,5,1,15,,158334,9,0,5,1,16,,158351,9,0,5,1,55,,158308,9,0,5,1,15,,158315,9,0,5,1,16,,158344,9,0,5,1,15,,158325,9,0,5,1,54,,158341,9,0,5,1,15,,158347,9,0,5,1,20,,158335,9,0,5,1,62,,158352,9,0,5,1,25,,158316,9,0,5,1,25,,158326,9,0,5,1,68,,158348,9,0,5,1,28,,158353,9,0,5,1,68,,158317,9,0,5,1,29,,158327,9,0,5,1,69,,158349,9,0,5,1,29,,158354,9,0,5,1,70,,158318,9,0,5,1,30,,158328,9,0,5,1,70,,158350,9,0,5,1,29,,158355,9,0,5,1,69,,158301,9,0,5,1
47001,'H50M000I-70-I',447,,158357,11,0,5,1,70,,158367,11,0,5,1,31,,158377,11,0,5,1,70,,158387,11,0,5,1,30,,158358,11,0,5,1,70,,158368,11,0,5,1,31,,158378,11,0,5,1,70,,158388,11,0,5,1,26,,158359,11,0,5,1,65,,158369,11,0,5,1,25,,158379,11,0,5,1,65,,158389,11,0,5,1,24,,158356,11,0,5,1,24,,158360,11,0,5,1,64,,158370,11,0,5,1,24,,158380,11,0,5,1,65,,158390,11,0,5,1,24,,158393,11,0,5,1,24,,158361,11,0,5,1,63,,158371,11,0,5,1,23,,158381,11,0,5,1,23,,158391,11,0,5,1,61,,158394,11,0,5,1,20,,158362,11,0,5,1,61,,158372,9,0,5,1,21,,158382,9,0,5,1,20,,158400,9,0,5,1,59,,158392,9,0,5,1,19,,158395,9,0,5,1,20,,158363,9,0,5,1,61,,158373,9,0,5,1,20,,158383,9,0,5,1,22,,158401,9,0,5,1,64,,158396,9,0,5,1,24,,158364,9,0,5,1,24,,158374,9,0,5,1,66,,158384,9,0,5,1,29,,158397,9,0,5,1,70,,158365,9,0,5,1,30,,158375,9,0,5,1,70,,158385,9,0,5,1,30,,158398,9,0,5,1,68,,158366,9,0,5,1,30,,158376,9,0,5,1,70,,158386,9,0,5,1,30,,158399,9,0,5,1
47001,'H50M000S-70-S',448,,158412,11,0,5,1,70,,158405,11,0,5,1,24,,158415,11,0,5,1,59,,158421,11,0,5,1,14,,158402,11,0,5,1,10,,158404,11,0,5,1,9,,158413,11,0,5,1,8,,158411,11,0,5,1,8,,158426,11,0,5,1,7,,158440,11,0,5,1,46,,158428,11,0,5,1,7,,158406,11,0,5,1,8,,158430,11,0,5,1,7,,158410,11,0,5,1,7,,158463,11,0,5,1,8,,158416,11,0,5,1,10,,158464,11,0,5,1,51,,158422,11,0,5,1,11,,158403,11,0,5,1,12,,158435,11,0,5,1,12,,158414,11,0,5,1,11,,158427,11,0,5,1,12,,158441,11,0,5,1,52,,158429,11,0,5,1,11,,158431,11,0,5,1,12,,158465,11,0,5,1,13,,158417,11,0,5,1,60,,158423,11,0,5,1,21,,158436,11,0,5,1,21,,158442,11,0,5,1,56,,158466,11,0,5,1,16,,158432,11,0,5,1,16,,158418,11,0,5,1,16,,158459,11,0,5,1,56,,158424,11,0,5,1,16,,158437,11,0,5,1,16,,158443,11,0,5,1,16,,158467,11,0,5,1,57,,158433,11,0,5,1,18,,158419,11,0,5,1,17,,158460,11,0,5,1,57,,158425,11,0,5,1,16,,158438,11,0,5,1,15,,158444,9,0,5,1,15,,158468,11,0,5,1,54,,158434,9,0,5,1,15,,158447,11,0,5,1,14,,158420,9,0,5,1,15,,158461,9,0,5,1,54,,158446,11,0,5,1,14,,158449,9,0,5,1,14,,158439,9,0,5,1,15,,158450,9,0,5,1,56,,158445,9,0,5,1,14,,158451,9,0,5,1,16,,158448,9,0,5,1,17,,158454,9,0,5,1,57,,158462,9,0,5,1,17,,158407,9,0,5,1,26,,158469,9,0,5,1,71,,158452,9,0,5,1,29,,158455,9,0,5,1,68,,158408,9,0,5,1,28,,158470,9,0,5,1,69,,158453,9,0,5,1,32,,158456,9,0,5,1,71,,158409,9,0,5,1,31,,158471,9,0,5,1,70,,158458,9,0,5,1,28,,158457,9,0,5,1
47001,'H50M100F-70-F1',447,,158473,11,0,5,1,70,,158483,11,0,5,1,31,,158493,11,0,5,1,70,,158503,11,0,5,1,30,,158474,11,0,5,1,70,,158484,11,0,5,1,31,,158494,11,0,5,1,70,,158504,11,0,5,1,26,,158475,11,0,5,1,65,,158485,11,0,5,1,25,,158495,11,0,5,1,65,,158505,11,0,5,1,24,,158472,11,0,5,1,24,,158476,11,0,5,1,64,,158486,11,0,5,1,24,,158496,11,0,5,1,65,,158506,11,0,5,1,24,,158509,11,0,5,1,24,,158477,11,0,5,1,63,,158487,11,0,5,1,23,,158497,11,0,5,1,23,,158507,11,0,5,1,61,,158510,11,0,5,1,20,,158478,11,0,5,1,61,,158488,9,0,5,1,21,,158498,9,0,5,1,20,,158516,9,0,5,1,59,,158508,9,0,5,1,19,,158511,9,0,5,1,20,,158479,9,0,5,1,61,,158489,9,0,5,1,20,,158499,9,0,5,1,22,,158517,9,0,5,1,64,,158512,9,0,5,1,24,,158480,9,0,5,1,24,,158490,9,0,5,1,66,,158500,9,0,5,1,29,,158513,9,0,5,1,70,,158481,9,0,5,1,30,,158491,9,0,5,1,70,,158501,9,0,5,1,30,,158514,9,0,5,1,68,,158482,9,0,5,1,30,,158492,9,0,5,1,70,,158502,9,0,5,1,30,,158515,9,0,5,1
47001,'H50M200F-70-F2',447,,158519,11,0,5,1,70,,158529,11,0,5,1,31,,158539,11,0,5,1,70,,158549,11,0,5,1,30,,158520,11,0,5,1,70,,158530,11,0,5,1,31,,158540,11,0,5,1,70,,158550,11,0,5,1,26,,158521,11,0,5,1,65,,158531,11,0,5,1,25,,158541,11,0,5,1,65,,158551,11,0,5,1,24,,158518,11,0,5,1,24,,158522,11,0,5,1,64,,158532,11,0,5,1,24,,158542,11,0,5,1,65,,158552,11,0,5,1,24,,158558,11,0,5,1,24,,158523,11,0,5,1,63,,158533,11,0,5,1,23,,158545,11,0,5,1,23,,158553,11,0,5,1,61,,158555,11,0,5,1,20,,158524,11,0,5,1,61,,158534,9,0,5,1,21,,158543,9,0,5,1,20,,158562,9,0,5,1,59,,158554,9,0,5,1,19,,158556,9,0,5,1,20,,158525,9,0,5,1,61,,158535,9,0,5,1,20,,158544,9,0,5,1,22,,158563,9,0,5,1,64,,158557,9,0,5,1,24,,158526,9,0,5,1,24,,158536,9,0,5,1,66,,158546,9,0,5,1,29,,158559,9,0,5,1,70,,158527,9,0,5,1,30,,158537,9,0,5,1,70,,158547,9,0,5,1,30,,158560,9,0,5,1,68,,158528,9,0,5,1,30,,158538,9,0,5,1,70,,158548,9,0,5,1,30,,158561,9,0,5,1
47001,'H50M300F-80-F3',618,,176458,12,0,5,1,29,,176434,12,0,5,1,69,,176442,12,0,5,1,30,,176450,12,0,5,1,70,,176459,12,0,5,1,30,,176435,12,0,5,1,70,,176443,12,0,5,1,30,,176451,12,0,5,1,70,,176460,12,0,5,1,30,,176436,12,0,5,1,69,,176444,12,0,5,1,29,,176452,12,0,5,1,69,,176461,12,0,5,1,30,,176437,12,0,5,1,70,,176445,12,0,5,1,30,,176453,12,0,5,1,70,,176462,12,0,5,1,30,,176438,12,0,5,1,70,,176446,12,0,5,1,31,,176454,12,0,5,1,71,,176463,12,0,5,1,31,,176439,12,0,5,1,71,,176447,12,0,5,1,30,,176455,12,0,5,1,70,,176464,12,0,5,1,30,,176440,12,0,5,1,70,,176448,12,0,5,1,30,,176456,12,0,5,1,69,,176465,12,0,5,1,30,,176441,12,0,5,1,72,,176449,12,0,5,1,33,,176457,12,0,5,1
