'25N-H56N000S-80-S-E',15002,85000,,'',1
'25N-H59N000A-80-A-E',15001,92000,4,'',2,60300,4,'',2,2100,4,'',1,6400,4,'',2,2000,4,'',2,2100,4,'',1,6300,4,'',2,2000,4,'',2,2200,4,'',1,6200,4,'',2,52300,4,'',2,6500,4,'',1,3200,4,'',1
'25N-H59N000A-80-A-E',15002,85600,,'',1,58500,,'',1,6400,,'',2,2100,,'',2,2100,,'',1,6400,,'',2,2000,,'',2,2100,,'',1,6300,,'',2,2000,,'',2,2200,,'',1,54600,,'',1,3200,,'',1,7200,,'',1,3200,,'',1
'25N-H59N000A-80-A-NE',15001,94600,4,'',1,6700,4,'',2,2700,4,'',1,1900,4,'',2,5900,4,'',2,2000,4,'',1,1900,4,'',2,6000,4,'',2,1900,4,'',1,2000,4,'',2,6000,4,'',2,2000,4,'',1,2100,4,'',2,6000,4,'',2,2100,4,'',1,6400,4,'',2,33400,4,'',2,2200,4,'',1,6200,4,'',2,2200,4,'',2,6100,4,'',1,2100,4,'',2,2200,4,'',2,6200,4,'',1,2100,4,'',2,2100,4,'',2,6200,4,'',1,2100,4,'',2,2100,4,'',2,6200,4,'',1
'25N-H59N000A-80-A-NE',15002,92300,,'',2,2600,,'',1,5700,,'',2,1700,,'',2,2000,,'',1,5900,,'',2,2000,,'',2,1900,,'',1,5900,,'',2,2000,,'',2,1900,,'',1,2000,,'',2,6000,,'',2,2000,,'',1,6100,,'',2,2000,,'',2,39900,,'',2,2200,,'',2,6100,,'',1,2100,,'',2,2200,,'',2,6200,,'',1,2100,,'',2,2100,,'',2,6200,,'',1,2100,,'',2,2100,,'',2,6200,,'',1,2300,,'',2
'25N-H59N000I-80-I-E',15001,91900,4,'',2,60000,4,'',2,2000,4,'',1,6100,4,'',2,2100,4,'',2,2100,4,'',1,6100,4,'',2,2100,4,'',2,1900,4,'',1,5900,4,'',2,1900,4,'',2,50800,4,'',1,2900,4,'',2,6800,4,'',1
'25N-H59N000I-80-I-E',15002,85500,,'',2,58500,,'',1,6100,,'',2,2100,,'',2,2100,,'',1,6000,,'',2,2100,,'',2,2100,,'',1,6100,,'',2,2100,,'',2,2000,,'',1,55700,,'',2,2800,,'',1,6900,,'',2,2900,,'',1
'25N-H59N000I-80-I-NE',15001,94400,4,'',2,6700,4,'',2,2600,4,'',1,1900,4,'',2,5900,4,'',2,2000,4,'',1,1900,4,'',2,6000,4,'',2,2000,4,'',1,2100,4,'',2,6000,4,'',2,2000,4,'',1,2100,4,'',2,6000,4,'',2,2100,4,'',1,2100,4,'',2,38300,4,'',1,5900,4,'',2,1900,4,'',2,2000,4,'',1,1900,4,'',2,5900,4,'',2,1900,4,'',1,2000,4,'',2,5900,4,'',2,2000,4,'',1,1900,4,'',2,5900,4,'',2,1900,4,'',1,2700,4,'',2
'25N-H59N000I-80-I-NE',15002,92100,,'',2,2500,,'',1,5800,,'',2,1800,,'',2,1800,,'',1,1900,,'',2,5900,,'',2,2000,,'',1,1900,,'',2,6000,,'',2,2000,,'',1,2100,,'',2,6000,,'',2,2000,,'',1,2100,,'',2,6000,,'',2,38700,,'',2,1900,,'',2,1900,,'',1,5900,,'',2,1900,,'',2,2000,,'',1,5900,,'',2,2000,,'',2,2000,,'',1,5900,,'',2,1900,,'',2,1900,,'',1,6700,,'',2,3000,,'',1
'25N-H59N000S-80-S-E',15001,65700,4,'',1,6300,4,'',2,2400,4,'',1,6300,4,'',1,2400,4,'',2,2600,4,'',1,6300,4,'',1,1800,4,'',2,57900,4,'',1,2100,4,'',2,2000,4,'',1,6100,4,'',2,1900,4,'',1,2000,4,'',2,6000,4,'',1,2100,4,'',2,2000,4,'',1,5900,4,'',2,51600,4,'',1,7000,4,'',2,3300,4,'',1
'25N-H59N000S-80-S-E',15002,63000,,'',1,7000,,'',1,2400,,'',2,2400,,'',1,6300,,'',1,2000,,'',2,7700,,'',1,53700,,'',1,6000,,'',2,2000,,'',1,2000,,'',2,6000,,'',1,2000,,'',2,1900,,'',1,5900,,'',2,2000,,'',1,2000,,'',2,56600,,'',1,2800,,'',1,7000,,'',2,3300,,'',1
'25N-H59N000S-80-S-NE',15001,95800,4,'',1,5800,4,'',1,1700,4,'',1,1800,4,'',2,6000,4,'',1,2000,4,'',1,2100,4,'',1,6200,4,'',2,2000,4,'',1,2000,4,'',1,6100,4,'',1,2100,4,'',2,2000,4,'',1,6100,4,'',1,2000,4,'',1,1900,4,'',2,38100,4,'',1,2100,4,'',2,6100,4,'',1,2100,4,'',2,6100,4,'',1,2100,4,'',2,2100,4,'',1,6300,4,'',2,2800,4,'',1,7000,4,'',1,3000,4,'',2,7000,4,'',1
'25N-H59N000S-80-S-NE',15002,92600,,'',1,1800,,'',2,5900,,'',1,1900,,'',1,2000,,'',1,5900,,'',2,2000,,'',1,2100,,'',1,6100,,'',1,2100,,'',2,2000,,'',1,6000,,'',1,2000,,'',1,2000,,'',2,6000,,'',1,2100,,'',1,37800,,'',1,1900,,'',2,1900,,'',1,6000,,'',2,2100,,'',1,2100,,'',2,6100,,'',1,2100,,'',2,2400,,'',1,6700,,'',2,2800,,'',1,7100,,'',1,2700,,'',2
