5503,'H51M000S-80-S',811,,187089,14,0,8,2
5503,'H57M000S-80-S',1407,,187092,14,0,8,1,140,,187091,14,0,8,2,60,,187090,14,0,8,1,29,,187093,14,0,8,1
5503,'H58M000A-80-A',513,,187100,14,0,8,1,28,,187113,14,0,8,1,70,,187109,14,0,8,2,30,,187115,14,0,8,1,70,,187101,14,0,8,1,31,,187095,14,0,8,1,70,,187118,14,0,8,1,31,,187123,14,0,8,1,72,,187102,14,0,8,1,31,,187096,14,0,8,1,70,,187119,14,0,8,1,31,,187124,14,0,8,1,62,,187141,14,0,8,1,14,,187103,14,0,8,1,13,,187145,14,0,8,1,13,,187110,14,0,8,1,56,,187097,14,0,8,1,14,,187148,14,0,8,1,13,,187131,14,0,8,1,13,,187134,14,0,8,1,11,,187152,14,0,8,2,50,,187125,14,0,8,1,11,,187138,14,0,8,1,9,,187157,14,0,8,1,9,,187142,14,0,8,1,8,,187160,14,0,8,1,8,,187104,14,0,8,1,49,,187146,14,0,8,1,9,,187111,14,0,8,1,8,,187165,14,0,8,1,8,,187128,14,0,8,1,8,,187098,14,0,8,1,8,,187149,14,0,8,1,9,,187122,14,0,8,1,8,,187167,14,0,8,1,48,,187132,14,0,8,1,8,,187135,14,0,8,1,9,,187153,14,0,8,2,9,,187126,14,0,8,1,9,,187139,14,0,8,1,7,,187147,14,0,8,1,8,,187162,14,0,8,1,48,,187158,14,0,8,1,9,,187161,14,0,8,1,9,,187105,14,0,8,1,8,,187112,14,0,8,1,7,,187171,14,0,8,2,7,,187166,14,0,8,1,7,,187129,14,0,8,1,8,,187099,14,0,8,1,47,,187173,14,0,8,2,6,,187150,14,0,8,1,6,,187174,14,0,8,1,6,,187168,14,0,8,1,6,,187133,14,0,8,1,6,,187127,14,0,8,1,7,,187136,14,0,8,1,6,,187154,14,0,8,2,6,,187175,14,0,8,1,47,,187140,14,0,8,1,8,,187179,14,0,8,1,8,,187163,14,0,8,1,8,,187181,14,0,8,2,9,,187159,14,0,8,1,10,,187116,14,0,8,1,9,,187106,14,0,8,1,48,,187172,14,0,8,2,8,,187107,14,0,8,1,9,,187130,14,0,8,1,9,,187151,14,0,8,1,9,,187094,14,0,8,1,10,,187169,14,0,8,1,10,,187137,14,0,8,1,48,,187176,14,0,8,1,10,,187155,14,0,8,1,11,,187180,14,0,8,1,12,,187182,14,0,8,2,12,,187117,14,0,8,1,52,,187164,14,0,8,1,12,,187143,14,0,8,1,13,,187108,14,0,8,1,13,,187177,14,0,8,1,12,,187170,14,0,8,1,52,,187184,14,0,8,2,14,,187156,14,0,8,1,14,,187120,14,0,8,1,14,,187183,14,0,8,2,13,,187114,14,0,8,1,54,,187186,14,0,8,1,14,,187144,14,0,8,1,18,,187178,14,0,8,1,61,,187185,14,0,8,2,26,,187121,14,0,8,1
5503,'H58M000I-80-I',516,,187188,14,0,8,1,32,,187209,14,0,8,1,72,,187202,14,0,8,1,32,,187215,14,0,8,1,70,,187189,14,0,8,1,28,,187210,14,0,8,1,67,,187203,14,0,8,1,27,,187197,14,0,8,1,69,,187190,14,0,8,1,30,,187211,14,0,8,1,70,,187204,14,0,8,1,21,,187226,14,0,8,1,23,,187198,14,0,8,1,63,,187191,14,0,8,1,18,,187194,14,0,8,1,17,,187212,14,0,8,1,57,,187233,14,0,8,1,17,,187221,14,0,8,1,14,,187224,14,0,8,2,13,,187227,14,0,8,1,53,,187199,14,0,8,1,12,,187237,14,0,8,1,10,,187231,14,0,8,2,10,,187192,14,0,8,1,10,,187240,14,0,8,2,50,,187195,14,0,8,1,10,,187213,14,0,8,1,10,,187245,14,0,8,2,10,,187234,14,0,8,1,10,,187236,14,0,8,2,10,,187222,14,0,8,1,50,,187225,14,0,8,2,10,,187228,14,0,8,1,9,,187232,14,0,8,2,8,,187200,14,0,8,1,8,,187247,14,0,8,2,8,,187238,14,0,8,1,9,,187248,14,0,8,1,48,,187193,14,0,8,1,8,,187241,14,0,8,2,7,,187187,14,0,8,1,8,,187196,14,0,8,1,8,,187219,14,0,8,1,8,,187246,14,0,8,2,8,,187217,14,0,8,1,8,,187235,14,0,8,1,47,,187252,14,0,8,2,7,,187223,14,0,8,1,10,,187256,14,0,8,1,10,,187229,14,0,8,1,8,,187216,14,0,8,1,9,,187201,14,0,8,1,11,,187208,14,0,8,2,49,,187249,14,0,8,1,10,,187214,14,0,8,1,10,,187242,14,0,8,2,12,,187239,14,0,8,1,13,,187220,14,0,8,1,53,,187205,14,0,8,1,19,,187253,14,0,8,2,21,,187230,14,0,8,1,63,,187250,14,0,8,1,25,,187243,14,0,8,2,68,,187206,14,0,8,1,30,,187254,14,0,8,2,69,,187251,14,0,8,1,30,,187244,14,0,8,2,70,,187207,14,0,8,1,30,,187255,14,0,8,2,70,,187218,14,0,8,1
5503,'H58M000S-80-S',518,,187330,14,0,8,1,22,,187257,14,0,8,2,66,,187265,14,0,8,1,29,,187272,14,0,8,2,70,,187277,14,0,8,1,9,,187287,14,0,8,2,14,,187271,14,0,8,1,96,,187266,14,0,8,1,13,,187299,14,0,8,1,13,,187291,14,0,8,1,56,,187278,14,0,8,1,17,,187292,14,0,8,1,20,,187288,14,0,8,1,60,,187306,14,0,8,1,20,,187303,14,0,8,1,20,,187273,14,0,8,1,58,,187300,14,0,8,1,18,,187279,14,0,8,1,20,,187293,14,0,8,1,19,,187289,14,0,8,1,60,,187307,14,0,8,1,18,,187270,14,0,8,1,15,,187304,14,0,8,1,53,,187274,14,0,8,1,13,,187261,14,0,8,1,13,,187301,14,0,8,1,13,,187280,14,0,8,1,13,,187321,14,0,8,1,62,,187294,14,0,8,1,10,,187290,14,0,8,1,11,,187312,14,0,8,2,10,,187308,14,0,8,1,10,,187260,14,0,8,2,50,,187262,14,0,8,1,9,,187267,14,0,8,2,10,,187268,14,0,8,1,9,,187275,14,0,8,1,20,,187302,14,0,8,1,60,,187281,14,0,8,1,9,,187318,14,0,8,1,20,,187269,14,0,8,1,9,,187295,14,0,8,1,50,,187264,14,0,8,1,8,,187313,14,0,8,2,9,,187322,14,0,8,1,7,,187309,14,0,8,1,7,,187329,14,0,8,2,8,,187263,14,0,8,1,8,,187305,14,0,8,1,48,,187282,14,0,8,1,8,,187326,14,0,8,2,9,,187276,14,0,8,1,10,,187316,14,0,8,1,9,,187258,14,0,8,1,9,,187327,14,0,8,2,10,,187314,14,0,8,1,50,,187319,14,0,8,2,10,,187323,14,0,8,1,13,,187296,14,0,8,1,14,,187259,14,0,8,1,14,,187310,14,0,8,1,53,,187328,14,0,8,2,14,,187283,14,0,8,1,14,,187317,14,0,8,1,19,,187285,14,0,8,2,60,,187315,14,0,8,1,20,,187297,14,0,8,1,22,,187324,14,0,8,1,59,,187311,14,0,8,1,19,,187284,14,0,8,1,19,,187320,14,0,8,1,57,,187286,14,0,8,2,24,,187298,14,0,8,1,65,,187325,14,0,8,1
5503,'H59M000S-80-S',742,,187331,14,0,8,1,12,,187332,14,0,8,1
36303,'H51M000A-80-A',2451,,214603,16,0,8,1,65,,214609,16,0,8,1,22,,214606,16,0,8,1,18,,214617,16,0,8,1,49,,214602,16,0,8,1,9,,214605,16,0,8,1,9,,214613,16,0,8,2,9,,214610,16,0,8,2,10,,214611,16,0,8,1,10,,214604,16,0,8,1,49,,214608,16,0,8,1,9,,214607,16,0,8,1,9,,214619,16,0,8,2,8,,214615,16,0,8,1,10,,214618,16,0,8,1,12,,214614,16,0,8,2,60,,214612,16,0,8,1,24,,214620,16,0,8,1,67,,214616,16,0,8,1
36303,'H51M000I-80-I',2426,,214622,16,0,8,1,87,,214621,16,0,8,2,45,,214623,16,0,8,1,84,,214626,16,0,8,2,85,,214624,16,0,8,1,85,,214627,16,0,8,2,45,,214625,16,0,8,1
36303,'H51M000S-80-S',2426,,214631,16,0,8,1,87,,214630,16,0,8,1,46,,214632,16,0,8,1,83,,214628,16,0,8,1,85,,214633,16,0,8,1,83,,214629,16,0,8,1,46,,214634,16,0,8,1
36303,'H51M000S-80-SV',2612,,214635,16,0,8,2,15,,214636,16,0,8,2,30,,214637,16,0,8,2,54,,214638,16,0,8,2
