'26J-H51J000A-82-A',6603,60000,0,'Nord',1,3200,0,'Nord',2,7000,0,'Nord',1,3000,0,'Nord',2,7000,0,'Nord',1,3000,0,'Nord',2,7000,0,'Nord',1,3000,0,'Nord',2,7000,0,'Nord',1,3000,0,'Nord',2,7000,0,'Nord',1,3000,0,'Nord',2,7000,0,'Nord',1,3100,0,'Nord',2,7200,0,'Nord',1,3200,0,'Nord',2,7200,0,'Nord',1,3200,0,'Nord',2,7200,0,'Nord',1,3300,0,'Nord',2,7200,0,'Nord',1,3300,0,'Nord',2,7300,0,'Nord',1,3300,0,'Nord',2,7300,0,'Nord',1,7300,0,'Nord',2,2600,0,'Nord',2,2900,0,'Nord',1,7000,0,'Nord',2,2900,0,'Nord',1,6900,0,'Nord',2,2800,0,'Nord',1,6700,0,'Nord',2,2700,0,'Nord',1,6700,0,'Nord',2,2700,0,'Nord',1,6700,0,'Nord',2,2600,0,'Nord',1,7200,0,'Nord',2,3300,0,'Nord',1
'26J-H51J000A-82-A',6604,55300,4,'',1,7100,4,'',2,3200,4,'',1,7000,4,'',2,3000,4,'',1,7200,4,'',2,3000,4,'',1,7100,4,'',2,3000,4,'',1,7000,4,'',2,3000,4,'',1,7000,4,'',2,3000,4,'',1,7100,4,'',2,7000,4,'',1,3400,4,'',2,7200,4,'',1,3200,4,'',2,7200,4,'',1,3300,4,'',2,7200,4,'',1,3300,4,'',2,7300,4,'',1,3300,4,'',2,7300,4,'',1,7300,4,'',2,2600,4,'',2,2900,4,'',1,7000,4,'',2,2900,4,'',1,6900,4,'',2,2800,4,'',1,6700,4,'',2,2700,4,'',1,6700,4,'',2,2700,4,'',1,6700,4,'',2,2600,4,'',1,2600,4,'',2,6600,4,'',1
'26J-H51J000I-82-I',6603,63000,0,'Nord',2,7300,0,'Nord',1,3000,0,'Nord',2,7000,0,'Nord',1,3000,0,'Nord',2,7000,0,'Nord',1,3000,0,'Nord',2,7000,0,'Nord',1,3000,0,'Nord',2,7000,0,'Nord',1,3000,0,'Nord',2,7000,0,'Nord',1,3000,0,'Nord',2,7000,0,'Nord',1,3000,0,'Nord',2,7000,0,'Nord',1,3000,0,'Nord',2,7000,0,'Nord',1,3000,0,'Nord',2,7100,0,'Nord',1,3100,0,'Nord',2,7100,0,'Nord',1,3100,0,'Nord',2,7000,0,'Nord',1,3000,0,'Nord',2,7000,0,'Nord',1,3000,0,'Nord',2,7000,0,'Nord',1,3000,0,'Nord',2,7000,0,'Nord',1,3000,0,'Nord',2,7000,0,'Nord',1,3000,0,'Nord',2,7000,0,'Nord',1,3000,0,'Nord',2,7000,0,'Nord',1,3000,0,'Nord',2,7200,0,'Nord',1
'26J-H51J000I-82-I',6604,62500,4,'',2,3000,4,'',1,7000,4,'',2,3200,4,'',1,7000,4,'',2,3000,4,'',1,7000,4,'',2,3200,4,'',1,7000,4,'',2,3000,4,'',1,7000,4,'',2,3000,4,'',1,7000,4,'',2,3000,4,'',1,7100,4,'',2,7000,4,'',1,3000,4,'',2,7000,4,'',1,3000,4,'',2,7100,4,'',1,3100,4,'',2,7100,4,'',1,3100,4,'',2,7000,4,'',1,3000,4,'',2,7000,4,'',1,2900,4,'',2,7000,4,'',1,2900,4,'',2,7000,4,'',1,3000,4,'',2,7000,4,'',1,2800,4,'',2,7000,4,'',1,3000,4,'',2,2700,4,'',1,6700,4,'',2,2800,4,'',1
'26J-H51J000S-80-S',6603,54900,0,'Nord',1,6700,0,'Nord',1,3100,0,'Nord',1,7200,0,'Nord',1,3100,0,'Nord',1,7100,0,'Nord',1,3000,0,'Nord',1,7000,0,'Nord',1,3000,0,'Nord',1,7000,0,'Nord',1,3000,0,'Nord',1,6900,0,'Nord',1,2900,0,'Nord',1,6900,0,'Nord',1,2900,0,'Nord',1,6900,0,'Nord',1,2900,0,'Nord',1,6900,0,'Nord',1,3000,0,'Nord',1,7000,0,'Nord',1,2900,0,'Nord',1,6800,0,'Nord',1,2900,0,'Nord',1,6800,0,'Nord',1,2800,0,'Nord',1,6800,0,'Nord',1,2900,0,'Nord',1,6700,0,'Nord',1,2900,0,'Nord',1,7100,0,'Nord',1,3200,0,'Nord',1,7200,0,'Nord',1,3000,0,'Nord',1,7000,0,'Nord',1,3000,0,'Nord',1,7000,0,'Nord',1,2900,0,'Nord',1,7000,0,'Nord',1,3300,0,'Nord',1,7300,0,'Nord',1
'26J-H51J000S-80-S',6604,54100,4,'',1,7100,4,'',1,3100,4,'',1,7100,4,'',1,2700,4,'',1,7500,4,'',1,2800,4,'',1,6900,4,'',1,2600,4,'',1,7000,4,'',1,2700,4,'',1,6600,4,'',1,2800,4,'',1,2900,4,'',1,7000,4,'',1,3000,4,'',1,7000,4,'',1,3000,4,'',1,7000,4,'',1,7100,4,'',1,35600,4,'',1,7000,4,'',1,2900,4,'',1,7300,4,'',1,7200,4,'',1,3100,4,'',1,7000,4,'',1,3000,4,'',1,7000,4,'',1,2900,4,'',1,7000,4,'',1,3000,4,'',1,2700,4,'',1
'26J-H51JV00A-80-A',6603,60000,0,'Nord',1,3200,0,'Nord',2,7000,0,'Nord',1,3000,0,'Nord',2,7000,0,'Nord',1,3000,0,'Nord',2,7000,0,'Nord',1,3000,0,'Nord',2,7000,0,'Nord',1,3000,0,'Nord',2,7000,0,'Nord',1,3000,0,'Nord',2,7000,0,'Nord',1,3100,0,'Nord',2,7200,0,'Nord',1,3200,0,'Nord',2,7200,0,'Nord',1,3200,0,'Nord',2,7200,0,'Nord',1,3300,0,'Nord',2,7200,0,'Nord',1,3300,0,'Nord',2,7300,0,'Nord',1,3300,0,'Nord',2,7300,0,'Nord',1,7300,0,'Nord',2,2600,0,'Nord',2,2900,0,'Nord',1,7000,0,'Nord',2,2900,0,'Nord',1,6900,0,'Nord',2,2800,0,'Nord',1,6700,0,'Nord',2,2700,0,'Nord',1,6700,0,'Nord',2,2700,0,'Nord',1,6700,0,'Nord',2,2600,0,'Nord',1,7200,0,'Nord',2,3300,0,'Nord',1
'26J-H51JV00A-80-A',6604,55300,4,'',1,7100,4,'',2,3200,4,'',1,7000,4,'',2,3000,4,'',1,7200,4,'',2,3000,4,'',1,7100,4,'',2,3000,4,'',1,7000,4,'',2,3000,4,'',1,7000,4,'',2,3000,4,'',1,7100,4,'',2,7000,4,'',1,3400,4,'',2,7200,4,'',1,3200,4,'',2,7200,4,'',1,3300,4,'',2,7200,4,'',1,3300,4,'',2,7300,4,'',1,3300,4,'',2,7300,4,'',1,7300,4,'',2,2600,4,'',2,2900,4,'',1,7000,4,'',2,2900,4,'',1,6900,4,'',2,2800,4,'',1,6700,4,'',2,2700,4,'',1,6700,4,'',2,2700,4,'',1,6700,4,'',2,2600,4,'',1,2600,4,'',2,6600,4,'',1
'26J-H51JV00I-80-I',6603,63000,0,'Nord',2,7300,0,'Nord',1,3000,0,'Nord',2,7000,0,'Nord',1,3000,0,'Nord',2,7000,0,'Nord',1,3000,0,'Nord',2,7000,0,'Nord',1,3000,0,'Nord',2,7000,0,'Nord',1,3000,0,'Nord',2,7000,0,'Nord',1,3000,0,'Nord',2,7000,0,'Nord',1,3000,0,'Nord',2,7000,0,'Nord',1,3000,0,'Nord',2,7000,0,'Nord',1,3000,0,'Nord',2,7100,0,'Nord',1,3100,0,'Nord',2,7100,0,'Nord',1,3100,0,'Nord',2,7000,0,'Nord',1,3000,0,'Nord',2,7000,0,'Nord',1,3000,0,'Nord',2,7000,0,'Nord',1,3000,0,'Nord',2,7000,0,'Nord',1,3000,0,'Nord',2,7000,0,'Nord',1,3000,0,'Nord',2,7000,0,'Nord',1,3000,0,'Nord',2,7000,0,'Nord',1,3000,0,'Nord',2,7200,0,'Nord',1
'26J-H51JV00I-80-I',6604,62500,4,'',2,3000,4,'',1,7000,4,'',2,3200,4,'',1,7000,4,'',2,3000,4,'',1,7000,4,'',2,3200,4,'',1,7000,4,'',2,3000,4,'',1,7000,4,'',2,3000,4,'',1,7000,4,'',2,3000,4,'',1,7100,4,'',2,7000,4,'',1,3000,4,'',2,7000,4,'',1,3000,4,'',2,7100,4,'',1,3100,4,'',2,7100,4,'',1,3100,4,'',2,7000,4,'',1,3000,4,'',2,7000,4,'',1,2900,4,'',2,7000,4,'',1,2900,4,'',2,7000,4,'',1,3000,4,'',2,7000,4,'',1,2800,4,'',2,7000,4,'',1,3000,4,'',2,2700,4,'',1,6700,4,'',2,2800,4,'',1
'26J-H51JV00S-84-S',6603,54900,0,'Nord',1,6700,0,'Nord',1,3100,0,'Nord',1,7200,0,'Nord',1,3100,0,'Nord',1,7100,0,'Nord',1,3000,0,'Nord',1,7000,0,'Nord',1,3000,0,'Nord',1,7000,0,'Nord',1,3000,0,'Nord',1,6900,0,'Nord',1,2900,0,'Nord',1,6900,0,'Nord',1,2900,0,'Nord',1,6900,0,'Nord',1,2900,0,'Nord',1,6900,0,'Nord',1,3000,0,'Nord',1,7000,0,'Nord',1,2900,0,'Nord',1,6800,0,'Nord',1,2900,0,'Nord',1,6800,0,'Nord',1,2800,0,'Nord',1,6800,0,'Nord',1,2900,0,'Nord',1,6700,0,'Nord',1,2900,0,'Nord',1,7100,0,'Nord',1,3200,0,'Nord',1,7200,0,'Nord',1,3000,0,'Nord',1,7000,0,'Nord',1,3000,0,'Nord',1,7000,0,'Nord',1,2900,0,'Nord',1,7000,0,'Nord',1,3300,0,'Nord',1,7300,0,'Nord',1
'26J-H51JV00S-84-S',6604,54100,4,'',1,7100,4,'',1,3100,4,'',1,7100,4,'',1,2700,4,'',1,7500,4,'',1,2800,4,'',1,6900,4,'',1,2600,4,'',1,7000,4,'',1,2700,4,'',1,6600,4,'',1,2800,4,'',1,2900,4,'',1,7000,4,'',1,3000,4,'',1,7000,4,'',1,3000,4,'',1,7000,4,'',1,7100,4,'',1,35600,4,'',1,7000,4,'',1,2900,4,'',1,7300,4,'',1,7200,4,'',1,3100,4,'',1,7000,4,'',1,3000,4,'',1,7000,4,'',1,2900,4,'',1,7000,4,'',1,3000,4,'',1,2700,4,'',1
