10701,'H56U000A-80-A',523,,249109,27,0,5,1,31,,249097,27,0,5,1,73,,249099,27,0,5,2,31,,249110,27,0,5,1,72,,249098,27,0,5,1,73,,249100,27,0,5,2,31,,249111,27,0,5,1,70,,249127,27,0,5,2,28,,249120,27,0,5,1,69,,249101,27,0,5,2,29,,249112,27,0,5,1,71,,249128,27,0,5,2,30,,249121,27,0,5,1,70,,249102,27,0,5,2,30,,249113,27,0,5,1,70,,249129,27,0,5,2,30,,249122,27,0,5,1,70,,249103,27,0,5,2,30,,249114,27,0,5,1,70,,249130,27,0,5,2,30,,249123,27,0,5,1,70,,249104,27,0,5,2,30,,249115,27,0,5,1,70,,249131,27,0,5,2,30,,249124,27,0,5,1,70,,249105,27,0,5,2,30,,249116,27,0,5,1,70,,249132,27,0,5,2,30,,249125,27,0,5,1,69,,249106,27,0,5,2,30,,249117,27,0,5,1,70,,249133,27,0,5,2,30,,249126,27,0,5,1,70,,249107,27,0,5,2,30,,249118,27,0,5,1,70,,249134,27,0,5,2,30,,249136,27,0,5,1,28,,249108,27,0,5,2,69,,249119,27,0,5,1,29,,249135,27,0,5,2,71,,249137,27,0,5,1
10701,'H56U000I-80-I',522,,249176,27,0,5,1,31,,249139,27,0,5,1,72,,249138,27,0,5,1,32,,249177,27,0,5,1,70,,249140,27,0,5,1,73,,249150,27,0,5,2,32,,249155,27,0,5,1,70,,249141,27,0,5,1,31,,249164,27,0,5,2,71,,249151,27,0,5,2,28,,249156,27,0,5,1,69,,249142,27,0,5,1,30,,249165,27,0,5,2,70,,249152,27,0,5,2,30,,249157,27,0,5,1,70,,249143,27,0,5,1,30,,249166,27,0,5,2,70,,249153,27,0,5,2,30,,249158,27,0,5,1,70,,249144,27,0,5,1,30,,249167,27,0,5,2,71,,249154,27,0,5,2,31,,249159,27,0,5,1,72,,249145,27,0,5,1,32,,249160,27,0,5,2,71,,249168,27,0,5,2,31,,249172,27,0,5,1,69,,249146,27,0,5,1,27,,249161,27,0,5,2,68,,249169,27,0,5,2,28,,249173,27,0,5,1,69,,249147,27,0,5,1,29,,249162,27,0,5,2,30,,249170,27,0,5,2,70,,249174,27,0,5,1,27,,249148,27,0,5,1,69,,249163,27,0,5,2,29,,249171,27,0,5,2,69,,249175,27,0,5,1,33,,249149,27,0,5,1
10701,'H56U000S-81-S',518,,249180,27,0,5,1,22,,249186,27,0,5,2,18,,249219,27,0,5,2,57,,249191,27,0,5,2,17,,249189,27,0,5,2,18,,249179,27,0,5,1,52,,249181,27,0,5,1,12,,249197,27,0,5,1,11,,249187,27,0,5,2,10,,249206,27,0,5,2,9,,249227,27,0,5,2,8,,249220,27,0,5,2,7,,249212,27,0,5,2,47,,249183,27,0,5,1,9,,249192,27,0,5,2,9,,249188,27,0,5,2,9,,249190,27,0,5,2,11,,249214,27,0,5,1,12,,249218,27,0,5,1,50,,249213,27,0,5,2,11,,249198,27,0,5,1,12,,249182,27,0,5,1,10,,249207,27,0,5,2,14,,249221,27,0,5,2,64,,249193,27,0,5,2,28,,249215,27,0,5,1,68,,249199,27,0,5,1,29,,249208,27,0,5,2,69,,249194,27,0,5,2,28,,249216,27,0,5,1,67,,249200,27,0,5,1,30,,249209,27,0,5,2,69,,249195,27,0,5,2,29,,249217,27,0,5,1,66,,249178,27,0,5,1,23,,249201,27,0,5,1,23,,249210,27,0,5,2,63,,249196,27,0,5,2,22,,249184,27,0,5,1,22,,249185,27,0,5,1,62,,249222,27,0,5,2,22,,249202,27,0,5,1,22,,249211,27,0,5,2,67,,249232,27,0,5,1,25,,249228,27,0,5,2,69,,249223,27,0,5,2,30,,249203,27,0,5,1,67,,249233,27,0,5,1,27,,249229,27,0,5,2,67,,249224,27,0,5,2,27,,249204,27,0,5,1,68,,249234,27,0,5,1,28,,249230,27,0,5,2,68,,249225,27,0,5,2,28,,249205,27,0,5,1,28,,249235,27,0,5,1,69,,249231,27,0,5,2,32,,249226,27,0,5,2
10701,'H56U100F-80-F1',522,,249274,27,0,5,1,31,,249237,27,0,5,1,72,,249236,27,0,5,1,32,,249275,27,0,5,1,70,,249238,27,0,5,1,73,,249248,27,0,5,2,32,,249253,27,0,5,1,70,,249239,27,0,5,1,31,,249262,27,0,5,2,71,,249249,27,0,5,2,28,,249254,27,0,5,1,69,,249240,27,0,5,1,30,,249263,27,0,5,2,70,,249250,27,0,5,2,30,,249255,27,0,5,1,70,,249241,27,0,5,1,30,,249264,27,0,5,2,70,,249251,27,0,5,2,30,,249256,27,0,5,1,70,,249242,27,0,5,1,30,,249265,27,0,5,2,71,,249252,27,0,5,2,31,,249257,27,0,5,1,72,,249243,27,0,5,1,32,,249258,27,0,5,2,71,,249266,27,0,5,2,31,,249270,27,0,5,1,69,,249244,27,0,5,1,27,,249259,27,0,5,2,68,,249267,27,0,5,2,28,,249271,27,0,5,1,69,,249245,27,0,5,1,29,,249260,27,0,5,2,30,,249268,27,0,5,2,70,,249272,27,0,5,1,27,,249246,27,0,5,1,69,,249261,27,0,5,2,29,,249269,27,0,5,2,69,,249273,27,0,5,1,33,,249247,27,0,5,1
10701,'H56U200F-80-F2',522,,249314,27,0,5,1,31,,249277,27,0,5,1,72,,249276,27,0,5,1,32,,249315,27,0,5,1,70,,249278,27,0,5,1,73,,249288,27,0,5,2,32,,249293,27,0,5,1,70,,249279,27,0,5,1,31,,249302,27,0,5,2,71,,249289,27,0,5,2,28,,249294,27,0,5,1,69,,249280,27,0,5,1,30,,249303,27,0,5,2,70,,249290,27,0,5,2,30,,249295,27,0,5,1,70,,249281,27,0,5,1,30,,249304,27,0,5,2,70,,249291,27,0,5,2,30,,249296,27,0,5,1,70,,249282,27,0,5,1,30,,249305,27,0,5,2,71,,249292,27,0,5,2,31,,249297,27,0,5,1,72,,249283,27,0,5,1,32,,249298,27,0,5,2,71,,249306,27,0,5,2,31,,249310,27,0,5,1,69,,249284,27,0,5,1,27,,249299,27,0,5,2,68,,249307,27,0,5,2,28,,249311,27,0,5,1,69,,249285,27,0,5,1,29,,249300,27,0,5,2,30,,249308,27,0,5,2,70,,249312,27,0,5,1,27,,249286,27,0,5,1,69,,249301,27,0,5,2,29,,249309,27,0,5,2,69,,249313,27,0,5,1,33,,249287,27,0,5,1
35001,'H56U000A-80-A',2550,,276616,70,0,5,1,94,,276614,70,0,5,2,94,,276612,70,0,5,1,83,,276613,70,0,5,1,84,,276615,70,0,5,1
35001,'H56U000I-80-I',2547,,276620,70,0,5,1,87,,276618,70,0,5,1,87,,276617,70,0,5,1,84,,276619,70,0,5,1,47,,276621,70,0,5,2
35001,'H56U000S-81-S',2548,,276622,70,0,5,1,87,,276626,70,0,5,2,88,,276623,70,0,5,1,85,,276624,70,0,5,2,48,,276625,70,0,5,1
35001,'H56U100F-80-F1',2547,,276630,70,0,5,1,87,,276628,70,0,5,1,87,,276627,70,0,5,1,84,,276629,70,0,5,1,47,,276631,70,0,5,2
35001,'H56U200F-80-F2',2547,,276635,70,0,5,1,87,,276633,70,0,5,1,87,,276632,70,0,5,1,84,,276634,70,0,5,1,47,,276636,70,0,5,2
