6801,'H60U000A-85-A',602,,238417,44,0,5,1,29,,238418,44,0,5,1,70,,238435,44,0,5,2,32,,238422,44,0,5,2,72,,238419,44,0,5,1,32,,238436,44,0,5,2,70,,238423,44,0,5,2,31,,238420,44,0,5,1,72,,238437,44,0,5,2,30,,238424,44,0,5,2,73,,238448,44,0,5,1,32,,238438,44,0,5,2,73,,238425,44,0,5,2,31,,238449,44,0,5,1,69,,238421,44,0,5,1,32,,238439,44,0,5,2,71,,238426,44,0,5,1,29,,238450,44,0,5,1,72,,238440,44,0,5,2,31,,238427,44,0,5,1,69,,238451,44,0,5,1,32,,238441,44,0,5,2,71,,238428,44,0,5,1,29,,238452,44,0,5,1,71,,238442,44,0,5,2,31,,238429,44,0,5,1,67,,238453,44,0,5,1,30,,238445,44,0,5,2,71,,238430,44,0,5,1,29,,238454,44,0,5,1,70,,238446,44,0,5,2,27,,238431,44,0,5,1,68,,238455,44,0,5,1,29,,238443,44,0,5,2,67,,238432,44,0,5,1,28,,238457,44,0,5,1,70,,238444,44,0,5,2,33,,238433,44,0,5,1,72,,238456,44,0,5,1,31,,238447,44,0,5,2,70,,238434,44,0,5,1
6801,'H60U000I-84-I',627,,238458,44,0,5,1,32,,238480,44,0,5,2,72,,238493,44,0,5,1,73,,238459,44,0,5,1,34,,238481,44,0,5,2,73,,238494,44,0,5,1,33,,238460,44,0,5,1,71,,238482,44,0,5,2,28,,238495,44,0,5,1,69,,238461,44,0,5,1,30,,238483,44,0,5,2,70,,238471,44,0,5,1,31,,238462,44,0,5,1,70,,238484,44,0,5,2,30,,238472,44,0,5,1,70,,238463,44,0,5,1,30,,238485,44,0,5,2,70,,238473,44,0,5,1,30,,238464,44,0,5,1,70,,238486,44,0,5,2,31,,238474,44,0,5,1,70,,238465,44,0,5,1,29,,238487,44,0,5,2,70,,238475,44,0,5,1,30,,238466,44,0,5,1,70,,238488,44,0,5,2,30,,238476,44,0,5,1,67,,238467,44,0,5,1,29,,238489,44,0,5,2,70,,238477,44,0,5,1,27,,238468,44,0,5,1,67,,238490,44,0,5,2,30,,238478,44,0,5,1,67,,238469,44,0,5,1,28,,238491,44,0,5,2,75,,238479,44,0,5,1,35,,238470,44,0,5,1,75,,238492,44,0,5,2,35,,238496,44,0,5,1
6801,'H60U000S-86-S',549,,238504,44,0,5,1,78,,238497,44,0,5,1,77,,238513,44,0,5,2,22,,238505,44,0,5,1,12,,238525,36,0,5,2,19,,238498,44,0,5,2,52,,238522,36,0,5,2,24,,238514,44,0,5,1,25,,238526,44,0,5,1,64,,238523,44,0,5,1,24,,238499,44,0,5,2,65,,238515,44,0,5,1,30,,238527,44,0,5,1,68,,238524,44,0,5,1,27,,238500,44,0,5,2,71,,238516,44,0,5,1,32,,238511,44,0,5,1,72,,238501,44,0,5,2,32,,238517,44,0,5,1,71,,238512,44,0,5,1,34,,238502,44,0,5,2,65,,238532,44,0,5,2,28,,238518,44,0,5,1,68,,238506,44,0,5,1,26,,238503,44,0,5,2,69,,238533,44,0,5,2,31,,238519,44,0,5,1,73,,238539,44,0,5,1,30,,238528,44,0,5,1,67,,238534,44,0,5,2,27,,238520,44,0,5,1,73,,238507,44,0,5,1,33,,238535,44,0,5,2,67,,238521,44,0,5,1,32,,238508,44,0,5,1,73,,238536,44,0,5,2,30,,238529,44,0,5,1,72,,238509,44,0,5,1,31,,238537,44,0,5,2,73,,238530,44,0,5,1,33,,238510,44,0,5,1,73,,238538,44,0,5,2,30,,238531,44,0,5,1
6801,'H60U100F-85-F1',627,,238540,44,0,5,1,32,,238564,44,0,5,1,72,,238565,44,0,5,2,73,,238541,44,0,5,1,34,,238553,44,0,5,1,73,,238566,44,0,5,2,33,,238542,44,0,5,1,71,,238554,44,0,5,1,28,,238567,44,0,5,2,69,,238543,44,0,5,1,30,,238555,44,0,5,1,70,,238570,44,0,5,2,31,,238544,44,0,5,1,70,,238556,44,0,5,1,30,,238568,44,0,5,2,70,,238545,44,0,5,1,30,,238557,44,0,5,1,70,,238569,44,0,5,2,30,,238546,44,0,5,1,70,,238558,44,0,5,1,31,,238571,44,0,5,2,70,,238547,44,0,5,1,29,,238559,44,0,5,1,70,,238572,44,0,5,1,30,,238548,44,0,5,1,70,,238560,44,0,5,1,30,,238573,44,0,5,1,67,,238549,44,0,5,1,29,,238562,44,0,5,1,70,,238574,44,0,5,1,27,,238550,44,0,5,1,67,,238561,44,0,5,1,30,,238575,44,0,5,1,67,,238551,44,0,5,1,28,,238563,44,0,5,1,75,,238576,44,0,5,1,35,,238552,44,0,5,1,75,,238577,44,0,5,2,35,,238578,44,0,5,1
6801,'H60U200F-83-F2',627,,238579,44,0,5,1,32,,238603,44,0,5,1,72,,238604,44,0,5,2,73,,238580,44,0,5,1,34,,238592,44,0,5,1,73,,238605,44,0,5,2,33,,238581,44,0,5,1,71,,238593,44,0,5,1,28,,238606,44,0,5,2,69,,238582,44,0,5,1,30,,238594,44,0,5,1,70,,238609,44,0,5,2,31,,238583,44,0,5,1,70,,238595,44,0,5,1,30,,238607,44,0,5,2,70,,238584,44,0,5,1,30,,238596,44,0,5,1,70,,238608,44,0,5,2,30,,238585,44,0,5,1,70,,238597,44,0,5,1,31,,238610,44,0,5,2,70,,238586,44,0,5,1,29,,238598,44,0,5,1,70,,238611,44,0,5,1,30,,238587,44,0,5,1,70,,238599,44,0,5,1,30,,238612,44,0,5,1,67,,238588,44,0,5,1,29,,238601,44,0,5,1,70,,238613,44,0,5,1,27,,238589,44,0,5,1,67,,238600,44,0,5,1,30,,238614,44,0,5,1,67,,238590,44,0,5,1,28,,238602,44,0,5,1,75,,238615,44,0,5,1,35,,238591,44,0,5,1,75,,238616,44,0,5,2,35,,238617,44,0,5,1
38201,'H60U000A-85-A',2615,,278012,34,0,5,1,85,,278015,34,0,5,1,45,,278013,34,0,5,2,85,,278014,34,0,5,1
38201,'H60U000I-84-I',2615,,278017,34,0,5,1,85,,278018,34,0,5,1,45,,278016,34,0,5,1,85,,278019,34,0,5,1
38201,'H60U000S-86-S',2610,,278021,34,0,5,1,48,,278020,34,0,5,1,85,,278023,34,0,5,2,86,,278022,34,0,5,1
38201,'H60U100F-85-F1',2615,,278025,34,0,5,1,85,,278026,34,0,5,1,45,,278024,34,0,5,1,85,,278027,34,0,5,2
38201,'H60U200F-83-F2',2615,,278029,34,0,5,1,85,,278030,34,0,5,1,45,,278028,34,0,5,1,85,,278031,34,0,5,2
