18602,'H54J000A-80-A',503,,62568,44,4,,1,30,,62574,44,4,,1,70,,62569,44,4,,1,32,,62575,44,4,,1,72,,62570,44,4,,1,32,,62572,44,4,,1,77,,62571,44,4,,1,33,,62573,44,4,,1,73,,62584,44,4,,1,33,,62583,44,4,,2,71,,62585,44,4,,1,27,,62587,44,4,,2,63,,62591,44,4,,1,22,,62576,44,4,,1,21,,62586,44,4,,1,60,,62598,44,4,,2,22,,62592,44,4,,1,62,,62608,44,4,,1,21,,62577,44,4,,1,21,,62599,44,4,,2,60,,62593,44,4,,1,20,,62609,44,4,,1,20,,62578,44,4,,1,66,,62600,44,4,,2,26,,62594,44,4,,1,67,,62579,44,4,,1,26,,62596,44,4,,1,26,,62610,44,4,,1,62,,62595,44,4,,1,21,,62580,44,4,,1,63,,62588,44,4,,2,28,,62603,44,4,,1,28,,62581,44,4,,1,68,,62589,44,4,,2,26,,62604,44,4,,1,68,,62611,44,4,,2,27,,62590,44,4,,2,66,,62601,44,4,,1,27,,62612,44,4,,2,68,,62605,44,4,,1,31,,62602,44,4,,1,72,,62613,44,4,,2,31,,62597,44,4,,1,71,,62606,44,4,,1,32,,62614,44,4,,2,72,,62582,44,4,,1,32,,62607,44,4,,1
18602,'H54J000I-80-I',501,,62615,44,4,,1,31,,62629,44,4,,2,73,,62616,44,4,,1,31,,62630,44,4,,2,71,,62617,44,4,,1,33,,62631,44,4,,2,72,,62618,44,4,,1,32,,62632,44,4,,2,75,,62619,44,4,,1,32,,62633,44,4,,2,72,,62640,44,4,,1,32,,62620,44,4,,1,70,,62634,44,4,,2,30,,62638,44,4,,2,70,,62621,44,4,,1,29,,62637,44,4,,2,69,,62639,44,4,,2,19,,62652,44,4,,1,59,,62625,44,4,,1,27,,62653,44,4,,2,27,,62647,44,4,,1,67,,62626,44,4,,1,27,,62654,44,4,,2,67,,62648,44,4,,1,27,,62627,44,4,,1,71,,62655,44,4,,2,32,,62622,44,4,,1,70,,62641,44,4,,1,30,,62649,44,4,,1,66,,62623,44,4,,1,27,,62656,44,4,,2,68,,62650,44,4,,1,32,,62624,44,4,,1,73,,62643,44,4,,1,28,,62651,44,4,,1,67,,62628,44,4,,1,31,,62644,44,4,,1,71,,62635,44,4,,1,31,,62645,44,4,,1,71,,62636,44,4,,1,31,,62646,44,4,,1,60,,62642,44,4,,1
18602,'H54J000S-83-S',505,,62657,44,4,,1,17,,62661,44,4,,1,19,,62667,44,4,,1,61,,62668,44,4,,1,20,,62674,44,4,,2,21,,62659,44,4,,1,74,,62669,44,4,,1,15,,62687,44,4,,1,7,,62691,9,4,,2,10,,62658,44,4,,1,70,,62681,44,4,,2,30,,62682,44,4,,2,70,,62688,44,4,,1,31,,62692,44,4,,2,70,,62662,44,4,,1,29,,62689,44,4,,1,67,,62683,44,4,,1,20,,62663,44,4,,1,20,,62670,44,4,,1,60,,62690,44,4,,1,20,,62696,44,4,,2,19,,62684,44,4,,1,60,,62664,44,4,,1,23,,62671,44,4,,1,20,,62697,44,4,,2,60,,62685,44,4,,1,20,,62665,44,4,,1,15,,62700,44,4,,2,56,,62672,44,4,,1,16,,62698,44,4,,2,23,,62686,44,4,,1,61,,62666,44,4,,1,22,,62701,44,4,,2,22,,62699,44,4,,2,65,,62673,44,4,,1,25,,62705,44,4,,2,61,,62702,44,4,,2,24,,62675,44,4,,2,24,,62660,44,4,,1,64,,62676,44,4,,1,26,,62704,44,4,,2,70,,62693,44,4,,1,30,,62677,44,4,,1,71,,62706,44,4,,1,31,,62694,44,4,,1,70,,62678,44,4,,1,29,,62707,44,4,,1,67,,62695,44,4,,1,30,,62679,44,4,,1,69,,62708,44,4,,1,26,,62703,44,4,,1,68,,62680,44,4,,1
18602,'H54JV00A-80-A',503,,62750,44,4,,1,30,,62713,44,4,,1,70,,62751,44,4,,1,32,,62714,44,4,,1,72,,62752,44,4,,1,32,,62721,44,4,,1,77,,62753,44,4,,1,33,,62722,44,4,,1,73,,62716,44,4,,1,33,,62754,44,4,,2,71,,62717,44,4,,1,27,,62720,44,4,,2,63,,62731,44,4,,1,22,,62715,44,4,,1,21,,62718,44,4,,1,60,,62723,44,4,,2,22,,62732,44,4,,1,62,,62710,44,4,,1,21,,62740,44,4,,1,21,,62724,44,4,,2,60,,62733,44,4,,1,20,,62711,44,4,,1,20,,62741,44,4,,1,66,,62725,44,4,,2,26,,62734,44,4,,1,67,,62742,44,4,,1,26,,62709,44,4,,1,26,,62712,44,4,,1,62,,62735,44,4,,1,21,,62743,44,4,,1,63,,62745,44,4,,2,28,,62726,44,4,,1,28,,62744,44,4,,1,68,,62746,44,4,,2,26,,62727,44,4,,1,68,,62736,44,4,,2,27,,62747,44,4,,2,66,,62748,44,4,,1,27,,62737,44,4,,2,68,,62728,44,4,,1,31,,62749,44,4,,1,72,,62738,44,4,,2,31,,62755,44,4,,1,71,,62729,44,4,,1,32,,62739,44,4,,2,72,,62719,44,4,,1,32,,62730,44,4,,1
18602,'H54JV00I-80-I',501,,62767,44,4,,1,31,,62783,44,4,,2,73,,62768,44,4,,1,31,,62784,44,4,,2,71,,62769,44,4,,1,33,,62785,44,4,,2,72,,62770,44,4,,1,32,,62786,44,4,,2,75,,62771,44,4,,1,32,,62787,44,4,,2,72,,62794,44,4,,1,32,,62772,44,4,,1,70,,62788,44,4,,2,30,,62792,44,4,,2,70,,62773,44,4,,1,29,,62759,44,4,,2,69,,62793,44,4,,2,19,,62795,44,4,,1,59,,62774,44,4,,1,27,,62764,44,4,,2,27,,62777,44,4,,1,67,,62775,44,4,,1,27,,62765,44,4,,2,67,,62778,44,4,,1,27,,62776,44,4,,1,71,,62766,44,4,,2,32,,62789,44,4,,1,70,,62756,44,4,,1,30,,62779,44,4,,1,66,,62790,44,4,,1,27,,62782,44,4,,2,68,,62780,44,4,,1,32,,62791,44,4,,1,73,,62760,44,4,,1,28,,62781,44,4,,1,67,,62758,44,4,,1,31,,62761,44,4,,1,71,,62796,44,4,,1,31,,62762,44,4,,1,71,,62797,44,4,,1,31,,62763,44,4,,1,60,,62757,44,4,,1
18602,'H54JV00S-80-S',505,,62798,44,4,,1,17,,62803,44,4,,1,19,,62804,44,4,,1,61,,62807,44,4,,1,20,,62809,44,4,,2,21,,62801,44,4,,1,74,,62808,44,4,,1,15,,62823,44,4,,1,7,,62813,9,4,,2,10,,62800,44,4,,1,70,,62812,44,4,,2,30,,62799,44,4,,1,70,,62824,44,4,,1,31,,62811,44,4,,2,70,,62805,44,4,,1,29,,62825,44,4,,1,67,,62814,44,4,,1,20,,62819,44,4,,1,20,,62806,44,4,,1,60,,62826,44,4,,1,20,,62830,44,4,,2,19,,62815,44,4,,1,60,,62820,44,4,,1,23,,62827,44,4,,1,20,,62831,44,4,,2,60,,62816,44,4,,1,20,,62821,44,4,,1,15,,62834,44,4,,2,56,,62828,44,4,,1,16,,62832,44,4,,2,23,,62817,44,4,,1,61,,62822,44,4,,1,22,,62835,44,4,,2,22,,62833,44,4,,2,65,,62818,44,4,,1,25,,62829,44,4,,1,61,,62836,44,4,,2,24,,62810,44,4,,2,24,,62802,44,4,,1,64,,62838,44,4,,1,26,,62843,44,4,,1,70,,62844,44,4,,1,30,,62839,44,4,,1,71,,62849,44,4,,1,31,,62845,44,4,,1,70,,62840,44,4,,1,29,,62847,44,4,,1,67,,62846,44,4,,1,30,,62841,44,4,,1,69,,62848,44,4,,1,26,,62837,44,4,,1,68,,62842,44,4,,1
18602,'H59J000S-81-S',703,,62850,44,4,,2
18602,'H59JV00S-83-S',703,,62851,44,4,,1
18702,'H51J000S-80-S',634,,63184,44,4,,1
18702,'H51JV00S-84-S',634,,63185,44,4,,1
18702,'H54J000A-80-A',517,,63189,44,4,,1,31,,63198,44,4,,1,71,,63207,44,4,,1,30,,63190,44,4,,1,71,,63199,44,4,,1,28,,63208,44,4,,1,65,,63191,44,4,,1,19,,63200,44,4,,1,18,,63213,44,4,,1,58,,63209,44,4,,1,17,,63211,44,4,,2,21,,63186,44,4,,1,61,,63214,44,4,,1,19,,63196,44,4,,1,19,,63212,44,4,,2,59,,63216,44,4,,1,19,,63192,44,4,,1,21,,63197,44,4,,1,61,,63217,44,4,,1,22,,63215,44,4,,2,22,,63193,44,4,,1,63,,63220,44,4,,1,21,,63201,44,4,,1,19,,63210,44,4,,1,59,,63194,44,4,,1,19,,63224,44,4,,2,19,,63221,44,4,,1,58,,63202,44,4,,1,18,,63222,44,4,,1,17,,63195,44,4,,1,64,,63225,44,4,,2,25,,63203,44,4,,1,69,,63223,44,4,,1,29,,63226,44,4,,2,29,,63204,44,4,,1,70,,63187,44,4,,1,30,,63227,44,4,,2,72,,63205,44,4,,1,71,,63188,44,4,,1,32,,63228,44,4,,2,73,,63206,44,4,,1,32,,63218,44,4,,1,69,,63229,44,4,,2,28,,63232,44,4,,1,70,,63219,44,4,,1,30,,63230,44,4,,2,70,,63233,44,4,,1,30,,63235,44,4,,1,71,,63231,44,4,,2,31,,63234,44,4,,1
18702,'H54J000I-80-I',511,,63241,44,4,,1,33,,63254,44,4,,2,75,,63242,44,4,,1,31,,63255,44,4,,2,70,,63256,44,4,,2,33,,63243,44,4,,1,66,,63258,44,4,,2,21,,63257,44,4,,2,61,,63244,44,4,,1,24,,63262,44,4,,2,26,,63259,44,4,,2,65,,63249,44,4,,1,24,,63263,44,4,,2,18,,63273,44,4,,1,58,,63260,44,4,,2,28,,63261,44,4,,1,69,,63274,44,4,,1,30,,63246,44,4,,2,59,,63245,44,4,,1,17,,63275,44,4,,2,17,,63277,44,4,,1,17,,63236,44,4,,1,65,,63239,44,4,,1,28,,63276,44,4,,2,69,,63278,44,4,,1,32,,63237,44,4,,1,72,,63240,44,4,,1,32,,63279,44,4,,1,73,,63238,44,4,,1,33,,63248,44,4,,1,72,,63280,44,4,,1,73,,63250,44,4,,1,31,,63269,44,4,,1,69,,63264,44,4,,1,28,,63251,44,4,,1,27,,63270,44,4,,1,65,,63265,44,4,,1,26,,63252,44,4,,1,67,,63271,44,4,,1,27,,63266,44,4,,1,66,,63253,44,4,,1,33,,63272,44,4,,1,71,,63267,44,4,,1,33,,63247,44,4,,2,73,,63268,44,4,,1
18702,'H54J000S-83-S',519,,63281,44,4,,1,15,,63282,44,4,,1,16,,63285,44,4,,1,54,,63297,44,4,,2,10,,63298,44,4,,2,10,,63308,44,4,,1,20,,63310,44,4,,2,10,,63312,44,4,,1,49,,63283,44,4,,1,6,,63315,44,4,,2,4,,63309,27,4,,2,2,,63316,44,4,,1,5,,63319,44,4,,1,2,,63322,27,4,,2,4,,63321,44,4,,2,5,,63323,44,4,,2,5,,63299,44,4,,2,4,,63329,27,4,,2,3,,63326,44,4,,2,6,,63328,44,4,,2,5,,63284,27,4,,1,5,,63330,44,4,,1,45,,63334,44,4,,2,7,,63311,27,4,,2,5,,63335,44,4,,2,9,,63337,44,4,,2,9,,63327,27,4,,2,2,,63342,44,4,,2,10,,63317,44,4,,1,10,,63289,44,4,,2,48,,63336,44,4,,2,10,,63300,44,4,,2,10,,63295,44,4,,1,11,,63320,44,4,,2,10,,63331,44,4,,1,11,,63290,44,4,,2,52,,63318,44,4,,1,15,,63296,44,4,,1,15,,63301,44,4,,2,18,,63313,44,4,,1,56,,63332,44,4,,1,15,,63305,44,4,,1,15,,63338,44,4,,2,15,,63314,44,4,,1,55,,63302,44,4,,2,16,,63306,44,4,,1,18,,63333,44,4,,1,58,,63339,44,4,,2,16,,63291,44,4,,1,16,,63303,44,4,,2,16,,63324,44,4,,1,56,,63307,44,4,,1,18,,63340,44,4,,2,20,,63292,44,4,,1,63,,63304,44,4,,2,25,,63325,44,4,,1,68,,63341,44,4,,2,28,,63343,44,4,,2,27,,63356,44,4,,2,68,,63293,44,4,,1,28,,63352,44,4,,2,70,,63351,44,4,,2,27,,63294,44,4,,1,69,,63353,44,4,,2,27,,63347,44,4,,1,69,,63355,44,4,,1,28,,63354,44,4,,2,70,,63348,44,4,,1,31,,63344,44,4,,2,70,,63286,44,4,,1,30,,63349,44,4,,1,71,,63345,44,4,,2,29,,63287,44,4,,1,69,,63350,44,4,,1,31,,63346,44,4,,2,72,,63288,44,4,,1
18702,'H54JV00A-80-A',517,,63357,44,4,,1,31,,63365,44,4,,1,71,,63361,44,4,,1,30,,63386,44,4,,1,71,,63366,44,4,,1,28,,63362,44,4,,1,65,,63387,44,4,,1,19,,63367,44,4,,1,18,,63372,44,4,,1,58,,63363,44,4,,1,17,,63400,44,4,,2,21,,63402,44,4,,1,61,,63373,44,4,,1,19,,63378,44,4,,1,19,,63401,44,4,,2,59,,63405,44,4,,1,19,,63388,44,4,,1,21,,63379,44,4,,1,61,,63406,44,4,,1,22,,63368,44,4,,2,22,,63389,44,4,,1,63,,63358,44,4,,1,21,,63380,44,4,,1,19,,63364,44,4,,1,59,,63390,44,4,,1,19,,63392,44,4,,2,19,,63359,44,4,,1,58,,63381,44,4,,1,18,,63374,44,4,,1,17,,63391,44,4,,1,64,,63393,44,4,,2,25,,63382,44,4,,1,69,,63375,44,4,,1,29,,63394,44,4,,2,29,,63383,44,4,,1,70,,63403,44,4,,1,30,,63395,44,4,,2,72,,63384,44,4,,1,71,,63404,44,4,,1,32,,63396,44,4,,2,73,,63385,44,4,,1,32,,63376,44,4,,1,69,,63397,44,4,,2,28,,63369,44,4,,1,70,,63377,44,4,,1,30,,63398,44,4,,2,70,,63370,44,4,,1,30,,63360,44,4,,1,71,,63399,44,4,,2,31,,63371,44,4,,1
18702,'H54JV00I-80-I',511,,63424,44,4,,1,33,,63420,44,4,,2,75,,63425,44,4,,1,31,,63421,44,4,,2,70,,63428,44,4,,2,33,,63426,44,4,,1,66,,63431,44,4,,2,21,,63429,44,4,,2,61,,63427,44,4,,1,24,,63422,44,4,,2,26,,63432,44,4,,2,65,,63411,44,4,,1,24,,63423,44,4,,2,18,,63408,44,4,,1,58,,63433,44,4,,2,28,,63451,44,4,,1,69,,63409,44,4,,1,30,,63448,44,4,,2,59,,63407,44,4,,1,17,,63437,44,4,,2,17,,63439,44,4,,1,17,,63434,44,4,,1,65,,63449,44,4,,1,28,,63438,44,4,,2,69,,63440,44,4,,1,32,,63435,44,4,,1,72,,63450,44,4,,1,32,,63441,44,4,,1,73,,63436,44,4,,1,33,,63410,44,4,,1,72,,63442,44,4,,1,73,,63412,44,4,,1,31,,63416,44,4,,1,69,,63443,44,4,,1,28,,63413,44,4,,1,27,,63417,44,4,,1,65,,63444,44,4,,1,26,,63414,44,4,,1,67,,63418,44,4,,1,27,,63445,44,4,,1,66,,63415,44,4,,1,33,,63419,44,4,,1,71,,63446,44,4,,1,33,,63430,44,4,,2,73,,63447,44,4,,1
18702,'H54JV00S-80-S',519,,63452,44,4,,1,15,,63453,44,4,,1,16,,63456,44,4,,1,54,,63471,44,4,,2,10,,63472,44,4,,2,10,,63475,44,4,,1,20,,63481,44,4,,2,10,,63484,44,4,,1,49,,63454,44,4,,1,6,,63487,44,4,,1,4,,63479,27,4,,2,2,,63490,44,4,,1,5,,63494,44,4,,1,2,,63498,27,4,,1,4,,63474,44,4,,2,5,,63496,44,4,,2,5,,63473,44,4,,2,4,,63504,27,4,,2,3,,63501,44,4,,2,6,,63505,44,4,,2,5,,63455,27,4,,1,5,,63506,44,4,,1,45,,63483,44,4,,2,7,,63495,27,4,,1,5,,63482,44,4,,2,9,,63480,44,4,,2,9,,63502,27,4,,2,2,,63497,44,4,,2,10,,63491,44,4,,1,10,,63499,44,4,,2,48,,63507,44,4,,1,10,,63465,44,4,,1,10,,63457,44,4,,1,11,,63503,44,4,,2,10,,63508,44,4,,1,11,,63500,44,4,,2,52,,63492,44,4,,1,15,,63458,44,4,,1,15,,63466,44,4,,1,18,,63485,44,4,,1,56,,63509,44,4,,1,15,,63459,44,4,,1,15,,63511,44,4,,2,15,,63486,44,4,,1,55,,63467,44,4,,1,16,,63460,44,4,,1,18,,63510,44,4,,1,58,,63512,44,4,,2,16,,63463,44,4,,1,16,,63468,44,4,,1,16,,63515,44,4,,1,56,,63461,44,4,,1,18,,63513,44,4,,2,20,,63464,44,4,,1,63,,63469,44,4,,1,25,,63516,44,4,,1,68,,63514,44,4,,2,28,,63517,44,4,,2,27,,63521,44,4,,2,68,,63524,44,4,,1,28,,63493,44,4,,1,70,,63462,44,4,,1,27,,63470,44,4,,1,69,,63522,44,4,,2,27,,63525,44,4,,1,69,,63478,44,4,,1,28,,63523,44,4,,2,70,,63526,44,4,,1,31,,63518,44,4,,2,70,,63476,44,4,,1,30,,63527,44,4,,1,71,,63519,44,4,,2,29,,63488,44,4,,1,69,,63477,44,4,,1,31,,63520,44,4,,2,72,,63489,44,4,,1
48602,'H54J000S-83-S',616,,81252,24,4,,1,20,,81251,24,4,,1,23,,81253,24,4,,2,55,,81254,24,4,,2,27,,81256,24,4,,2,69,,81258,24,4,,2,20,,81257,24,4,,1,25,,81260,24,4,,2,65,,81259,24,4,,2,27,,81255,24,4,,1
48602,'H54JV00S-80-S',616,,81264,24,4,,1,20,,81261,24,4,,1,23,,81265,24,4,,2,55,,81266,24,4,,2,27,,81267,24,4,,2,69,,81269,24,4,,2,20,,81268,24,4,,1,25,,81262,24,4,,2,65,,81270,24,4,,1,27,,81263,24,4,,1
48602,'H57J000S-81-S',727,,81271,24,4,,1,28,,81272,24,4,,2
48602,'H57JV00S-83-S',727,,81273,24,4,,1,28,,81274,24,4,,2
48702,'H54J000S-83-S',623,,81313,34,4,,1,22,,81317,34,4,,2,13,,81319,34,4,,2,51,,81322,34,4,,2,11,,81323,34,4,,2,22,,81326,34,4,,1,12,,81314,34,4,,1,50,,81327,34,4,,2,10,,81328,34,4,,2,10,,81320,34,4,,2,9,,81329,34,4,,2,19,,81318,34,4,,2,60,,81330,34,4,,2,18,,81315,34,4,,1,20,,81321,34,4,,2,673,,81324,19,4,,1,28,,81331,19,4,,2,65,,81332,19,4,,2,25,,81312,19,4,,1,64,,81325,19,4,,1,25,,81316,19,4,,1,24,,81333,19,4,,2,66,,81311,19,4,,1
48702,'H54JV00S-80-S',623,,81335,34,4,,1,22,,81339,34,4,,2,13,,81340,34,4,,2,51,,81343,34,4,,2,11,,81345,34,4,,1,22,,81348,34,4,,1,12,,81336,34,4,,1,50,,81350,34,4,,2,10,,81351,34,4,,2,10,,81341,34,4,,2,9,,81344,34,4,,2,19,,81346,34,4,,2,60,,81349,34,4,,2,18,,81337,34,4,,1,20,,81342,34,4,,2,673,,81347,19,4,,1,28,,81334,19,4,,1,65,,81355,19,4,,2,25,,81352,19,4,,1,64,,81353,19,4,,1,25,,81338,19,4,,1,24,,81354,19,4,,2,66,,81356,19,4,,1
48702,'H59J000S-81-S',731,,81357,34,4,,1
48702,'H59JV00S-83-S',731,,81358,34,4,,1
