8502,'H59M000A-70-A',519,,112845,36,0,10,2,40,,112846,36,0,10,1,82,,112855,36,0,10,1,80,,112849,36,0,10,1,81,,112847,36,0,10,1,42,,112856,36,0,10,1,82,,112850,36,0,10,1,82,,112848,36,0,10,1,42,,112868,36,0,10,1,82,,112851,36,0,10,1,82,,112872,36,0,10,2,42,,112869,36,0,10,1,81,,112852,36,0,10,1,75,,112860,36,0,10,1,34,,112866,36,0,10,1,74,,112870,36,0,10,1,34,,112853,36,0,10,1,74,,112861,36,0,10,1,73,,112867,36,0,10,1,33,,112871,36,0,10,1,74,,112854,36,0,10,1,34,,112862,36,0,10,1,80,,112873,36,0,10,2,82,,112857,36,0,10,1,43,,112863,36,0,10,1,85,,112874,36,0,10,2,85,,112858,36,0,10,1,85,,112864,36,0,10,1,44,,112875,36,0,10,2,83,,112859,36,0,10,1,85,,112865,36,0,10,1
8502,'H59M000I-70-I',532,,112876,36,0,10,1,83,,112880,36,0,10,2,85,,112886,36,0,10,1,46,,112895,36,0,10,1,83,,112897,36,0,10,2,83,,112887,36,0,10,1,43,,112896,36,0,10,1,82,,112898,36,0,10,2,81,,112888,36,0,10,1,40,,112882,36,0,10,1,80,,112899,36,0,10,2,81,,112889,36,0,10,1,33,,112877,36,0,10,2,72,,112883,36,0,10,1,33,,112900,36,0,10,2,72,,112890,36,0,10,1,72,,112878,36,0,10,2,32,,112884,36,0,10,1,69,,112901,36,0,10,2,32,,112891,36,0,10,1,72,,112879,36,0,10,2,32,,112885,36,0,10,1,73,,112894,36,0,10,1,33,,112906,36,0,10,1,78,,112902,36,0,10,2,79,,112892,36,0,10,1,40,,112907,36,0,10,1,82,,112903,36,0,10,2,83,,112893,36,0,10,1,43,,112881,36,0,10,1,83,,112904,36,0,10,2,83,,112905,36,0,10,1
8502,'H59M000S-70-S',522,,112908,36,0,10,2,33,,112909,36,0,10,1,75,,112921,36,0,10,2,72,,112928,36,0,10,2,33,,112914,36,0,10,1,19,,112923,36,0,10,1,60,,112910,36,0,10,1,18,,112930,36,0,10,1,19,,112922,36,0,10,2,63,,112929,36,0,10,2,25,,112915,36,0,10,1,71,,112924,36,0,10,1,32,,112932,36,0,10,1,72,,112911,36,0,10,1,31,,112916,36,0,10,1,65,,112937,36,0,10,2,24,,112925,36,0,10,1,66,,112933,36,0,10,1,27,,112912,36,0,10,1,29,,112917,36,0,10,1,71,,112938,36,0,10,2,29,,112926,36,0,10,1,69,,112934,36,0,10,1,34,,112913,36,0,10,1,73,,112931,36,0,10,1,73,,112939,36,0,10,2,32,,112927,36,0,10,1,71,,112941,36,0,10,1,33,,112935,36,0,10,1,73,,112918,36,0,10,1,33,,112940,36,0,10,2,73,,112942,36,0,10,1,33,,112936,36,0,10,1,77,,112919,36,0,10,1,83,,112945,36,0,10,1,44,,112943,36,0,10,1,84,,112920,36,0,10,1,72,,112946,36,0,10,1,89,,112944,36,0,10,1
8502,'H59M100F-70-F1',532,,112947,36,0,10,1,83,,112976,36,0,10,2,85,,112956,36,0,10,1,46,,112948,36,0,10,1,83,,112950,36,0,10,2,83,,112957,36,0,10,1,43,,112949,36,0,10,1,82,,112960,36,0,10,2,81,,112954,36,0,10,1,40,,112970,36,0,10,1,80,,112961,36,0,10,2,81,,112955,36,0,10,1,33,,112973,36,0,10,2,72,,112969,36,0,10,1,33,,112962,36,0,10,2,72,,112958,36,0,10,1,72,,112974,36,0,10,2,32,,112971,36,0,10,1,69,,112963,36,0,10,2,32,,112959,36,0,10,1,72,,112975,36,0,10,2,32,,112972,36,0,10,1,73,,112952,36,0,10,1,33,,112967,36,0,10,1,78,,112964,36,0,10,2,79,,112977,36,0,10,1,40,,112968,36,0,10,1,82,,112965,36,0,10,2,83,,112978,36,0,10,1,43,,112953,36,0,10,1,83,,112966,36,0,10,2,83,,112951,36,0,10,1
8502,'H59M200F-70-F2',532,,112979,36,0,10,1,83,,113008,36,0,10,2,85,,112986,36,0,10,1,46,,112980,36,0,10,1,83,,112982,36,0,10,2,83,,112987,36,0,10,1,43,,112981,36,0,10,1,82,,112992,36,0,10,2,81,,112988,36,0,10,1,40,,113001,36,0,10,1,80,,112993,36,0,10,2,81,,112989,36,0,10,1,33,,113005,36,0,10,2,72,,113002,36,0,10,1,33,,112994,36,0,10,2,72,,112990,36,0,10,1,72,,113006,36,0,10,2,32,,113003,36,0,10,1,69,,112996,36,0,10,2,32,,112991,36,0,10,1,72,,113007,36,0,10,2,32,,113004,36,0,10,1,73,,112984,36,0,10,1,33,,112999,36,0,10,1,78,,112997,36,0,10,2,79,,113009,36,0,10,1,40,,113000,36,0,10,1,82,,112995,36,0,10,2,83,,113010,36,0,10,1,43,,112985,36,0,10,1,83,,112998,36,0,10,2,83,,112983,36,0,10,1
8502,'H59M300F-80-F3',532,,169271,36,0,10,1,83,,169298,36,0,10,2,85,,169283,36,0,10,1,46,,169286,36,0,10,2,83,,169288,36,0,10,1,83,,169274,36,0,10,1,43,,169287,36,0,10,2,82,,169289,36,0,10,1,81,,169275,36,0,10,1,40,,169279,36,0,10,1,80,,169290,36,0,10,1,81,,169276,36,0,10,1,33,,169270,36,0,10,2,72,,169280,36,0,10,1,33,,169291,36,0,10,1,72,,169277,36,0,10,1,72,,169296,36,0,10,1,32,,169281,36,0,10,1,69,,169292,36,0,10,1,32,,169278,36,0,10,1,72,,169297,36,0,10,1,32,,169282,36,0,10,1,73,,169272,36,0,10,1,33,,169284,36,0,10,1,78,,169293,36,0,10,1,79,,169299,36,0,10,2,40,,169285,36,0,10,1,82,,169294,36,0,10,1,83,,169300,36,0,10,2,43,,169273,36,0,10,1,83,,169295,36,0,10,1,83,,169301,36,0,10,1
36202,'H54M000A-70-A',2622,,154719,88,0,10,1,88,,154718,88,0,10,1,45,,154716,88,0,10,1,85,,154717,88,0,10,1,82,,154720,88,0,10,1
36202,'H54M000I-70-I',2621,,154723,88,0,10,1,85,,154722,88,0,10,1,45,,154721,88,0,10,1,89,,154725,88,0,10,1,85,,154724,88,0,10,1
36202,'H54M000S-70-S',2622,,154729,88,0,10,2,85,,154730,88,0,10,1,45,,154727,88,0,10,1,88,,154726,88,0,10,1,85,,154728,88,0,10,1
36202,'H54M100F-70-F1',2621,,154734,88,0,10,1,85,,154733,88,0,10,1,45,,154735,88,0,10,2,89,,154731,88,0,10,1,85,,154732,88,0,10,1
36202,'H54M200F-70-F2',2621,,154738,88,0,10,1,85,,154740,88,0,10,1,45,,154737,88,0,10,1,89,,154736,88,0,10,1,85,,154739,88,0,10,1
36202,'H54M300F-80-F3',2621,,175885,88,0,10,1,85,,175882,88,0,10,1,45,,175883,88,0,10,1,89,,175884,88,0,10,2,85,,175881,88,0,10,1
