16402,'H50J000S-83-S',726,,55179,22,0,10,1
16402,'H50JV00S-82-S',726,,55180,22,0,10,1
16402,'H51J000S-80-S',1439,,55181,22,0,10,1
16402,'H51JV00S-84-S',1439,,55182,22,0,10,1
16402,'H58J000S-81-S',803,,55183,22,0,10,2,699,,55184,22,0,10,2
16402,'H58J000S-83-S',803,,55185,22,0,10,2,699,,55186,22,0,10,2
16402,'H58JV00S-82-S',803,,55187,22,0,10,2,699,,55188,22,0,10,2
16402,'H60J000A-80-A',549,,55190,22,0,10,2,75,,55203,22,0,10,1,76,,55191,22,0,10,1,38,,55189,22,0,10,2,77,,55204,22,0,10,1,37,,55215,22,0,10,1,75,,55193,22,0,10,1,31,,55205,22,0,10,1,70,,55216,22,0,10,1,29,,55194,22,0,10,1,69,,55206,22,0,10,1,30,,55217,22,0,10,1,69,,55195,22,0,10,1,29,,55207,22,0,10,1,71,,55218,22,0,10,1,32,,55196,22,0,10,1,73,,55208,22,0,10,1,73,,55219,22,0,10,1,33,,55197,22,0,10,1,73,,55209,22,0,10,1,31,,55220,22,0,10,1,70,,55198,22,0,10,1,30,,55210,22,0,10,1,67,,55221,22,0,10,1,18,,55227,22,0,10,1,19,,55199,22,0,10,1,64,,55211,22,0,10,1,29,,55222,22,0,10,1,70,,55200,22,0,10,1,29,,55212,22,0,10,1,69,,55223,22,0,10,1,30,,55201,22,0,10,1,70,,55213,22,0,10,1,30,,55224,22,0,10,1,70,,55202,22,0,10,1,31,,55214,22,0,10,1,70,,55225,22,0,10,1,30,,55228,22,0,10,1,70,,55229,22,0,10,1,30,,55192,22,0,10,1,71,,55226,22,0,10,1
16402,'H60J000I-80-I',546,,55230,22,0,10,1,76,,55244,22,0,10,2,36,,55231,22,0,10,1,77,,55245,22,0,10,2,80,,55232,22,0,10,1,39,,55246,22,0,10,2,78,,55233,22,0,10,1,70,,55259,22,0,10,1,29,,55247,22,0,10,2,69,,55234,22,0,10,1,30,,55260,22,0,10,1,28,,55248,22,0,10,2,68,,55235,22,0,10,1,28,,55261,22,0,10,1,69,,55249,22,0,10,2,29,,55236,22,0,10,1,69,,55262,22,0,10,1,29,,55250,22,0,10,2,69,,55237,22,0,10,1,29,,55263,22,0,10,1,70,,55251,22,0,10,2,29,,55238,22,0,10,1,69,,55264,22,0,10,1,29,,55252,22,0,10,2,68,,55239,22,0,10,1,28,,55265,22,0,10,1,68,,55253,22,0,10,2,29,,55240,22,0,10,1,69,,55266,22,0,10,1,29,,55254,22,0,10,2,68,,55241,22,0,10,1,28,,55267,22,0,10,1,68,,55255,22,0,10,2,27,,55242,22,0,10,1,29,,55268,22,0,10,1,72,,55256,22,0,10,2,31,,55243,22,0,10,1,72,,55257,22,0,10,2,72,,55258,22,0,10,1,30,,55269,22,0,10,2
16402,'H60J000S-98-S',552,,55271,22,0,10,1,73,,55272,22,0,10,1,28,,55275,22,0,10,1,94,,55278,22,0,10,1,77,,55283,22,0,10,1,28,,55288,22,0,10,1,69,,55279,22,0,10,1,25,,55293,22,0,10,1,66,,55284,22,0,10,1,27,,55289,22,0,10,1,63,,55280,22,0,10,1,24,,55294,22,0,10,1,27,,55285,22,0,10,1,66,,55290,22,0,10,1,22,,55281,22,0,10,1,59,,55295,22,0,10,1,19,,55297,22,0,10,1,18,,55286,22,0,10,1,21,,55291,22,0,10,1,59,,55282,22,0,10,1,102,,55298,22,0,10,1,21,,55306,22,0,10,1,17,,55292,22,0,10,1,54,,55310,22,0,10,2,13,,55311,22,0,10,1,14,,55313,22,0,10,2,11,,55273,22,0,10,1,10,,55301,22,0,10,1,52,,55312,22,0,10,1,10,,55299,22,0,10,1,10,,55309,22,0,10,2,11,,55316,22,0,10,1,11,,55315,22,0,10,2,51,,55296,22,0,10,1,13,,55287,22,0,10,1,13,,55314,22,0,10,2,14,,55302,22,0,10,1,14,,55300,22,0,10,1,63,,55317,22,0,10,1,26,,55307,22,0,10,1,68,,55303,22,0,10,1,29,,55318,22,0,10,1,70,,55308,22,0,10,1,31,,55304,22,0,10,1,71,,55319,22,0,10,1,31,,55274,22,0,10,1,72,,55305,22,0,10,1,33,,55320,22,0,10,1,73,,55276,22,0,10,1,79,,55270,22,0,10,1,39,,55277,22,0,10,1
16402,'H60JV00A-80-A',549,,55361,22,0,10,2,75,,55346,22,0,10,1,76,,55322,22,0,10,1,38,,55358,22,0,10,2,77,,55347,22,0,10,1,37,,55334,22,0,10,1,75,,55324,22,0,10,1,31,,55348,22,0,10,1,70,,55335,22,0,10,1,29,,55325,22,0,10,1,69,,55349,22,0,10,1,30,,55336,22,0,10,1,69,,55326,22,0,10,1,29,,55350,22,0,10,1,71,,55337,22,0,10,1,32,,55327,22,0,10,1,73,,55351,22,0,10,1,73,,55338,22,0,10,1,33,,55328,22,0,10,1,73,,55352,22,0,10,1,31,,55339,22,0,10,1,70,,55329,22,0,10,1,30,,55353,22,0,10,1,67,,55340,22,0,10,1,18,,55321,22,0,10,1,19,,55330,22,0,10,1,64,,55354,22,0,10,1,29,,55341,22,0,10,1,70,,55331,22,0,10,1,29,,55355,22,0,10,1,69,,55342,22,0,10,1,30,,55332,22,0,10,1,70,,55356,22,0,10,1,30,,55343,22,0,10,1,70,,55333,22,0,10,1,31,,55357,22,0,10,1,70,,55344,22,0,10,1,30,,55323,22,0,10,1,70,,55360,22,0,10,1,30,,55359,22,0,10,1,71,,55345,22,0,10,1
16402,'H60JV00I-80-I',546,,55362,22,0,10,1,76,,55376,22,0,10,2,36,,55363,22,0,10,1,77,,55377,22,0,10,2,80,,55364,22,0,10,1,39,,55378,22,0,10,2,78,,55365,22,0,10,1,70,,55389,22,0,10,1,29,,55379,22,0,10,2,69,,55366,22,0,10,1,30,,55390,22,0,10,1,28,,55380,22,0,10,2,68,,55367,22,0,10,1,28,,55391,22,0,10,1,69,,55381,22,0,10,2,29,,55368,22,0,10,1,69,,55392,22,0,10,1,29,,55382,22,0,10,2,69,,55369,22,0,10,1,29,,55393,22,0,10,1,70,,55383,22,0,10,2,29,,55370,22,0,10,1,69,,55394,22,0,10,1,29,,55384,22,0,10,2,68,,55371,22,0,10,1,28,,55395,22,0,10,1,68,,55385,22,0,10,2,29,,55372,22,0,10,1,69,,55396,22,0,10,1,29,,55386,22,0,10,2,68,,55373,22,0,10,1,28,,55397,22,0,10,1,68,,55387,22,0,10,2,27,,55374,22,0,10,1,29,,55398,22,0,10,1,72,,55388,22,0,10,2,31,,55375,22,0,10,1,72,,55401,22,0,10,2,72,,55399,22,0,10,1,30,,55400,22,0,10,2
16402,'H60JV00S-98-S',552,,55408,22,0,10,1,73,,55446,22,0,10,1,28,,55410,22,0,10,1,94,,55409,22,0,10,1,77,,55403,22,0,10,1,28,,55415,22,0,10,1,69,,55411,22,0,10,1,25,,55420,22,0,10,1,66,,55404,22,0,10,1,27,,55416,22,0,10,1,63,,55412,22,0,10,1,24,,55421,22,0,10,1,27,,55405,22,0,10,1,66,,55417,22,0,10,1,22,,55413,22,0,10,1,59,,55422,22,0,10,1,19,,55424,22,0,10,1,18,,55406,22,0,10,1,21,,55418,22,0,10,1,59,,55414,22,0,10,1,102,,55425,22,0,10,1,21,,55443,22,0,10,1,17,,55419,22,0,10,1,54,,55433,22,0,10,1,13,,55444,22,0,10,1,14,,55434,22,0,10,2,11,,55447,22,0,10,1,10,,55428,22,0,10,1,52,,55449,22,0,10,1,10,,55426,22,0,10,1,10,,55402,22,0,10,2,11,,55438,22,0,10,1,11,,55407,22,0,10,2,51,,55423,22,0,10,1,13,,55448,22,0,10,1,13,,55435,22,0,10,2,14,,55429,22,0,10,1,14,,55427,22,0,10,1,63,,55439,22,0,10,1,26,,55436,22,0,10,1,68,,55430,22,0,10,1,29,,55440,22,0,10,1,70,,55437,22,0,10,1,31,,55431,22,0,10,1,71,,55441,22,0,10,1,31,,55450,22,0,10,1,72,,55432,22,0,10,1,33,,55442,22,0,10,1,73,,55451,22,0,10,1,79,,55445,22,0,10,1,39,,55452,22,0,10,1
