2804,'H54U000A-80-A',519,,225513,25,0,9,2,35,,225509,25,0,9,2,75,,225506,25,0,9,1,75,,225514,25,0,9,2,35,,225510,25,0,9,2,75,,225507,25,0,9,1,34,,225515,25,0,9,2,73,,225511,25,0,9,2,33,,225508,25,0,9,1,73,,225516,25,0,9,2,74,,225512,25,0,9,2,34,,225535,25,0,9,1,74,,225517,25,0,9,2,34,,225526,25,0,9,1,73,,225536,25,0,9,1,33,,225518,25,0,9,2,73,,225527,25,0,9,1,32,,225537,25,0,9,1,72,,225519,25,0,9,2,31,,225528,25,0,9,1,72,,225538,25,0,9,1,72,,225520,25,0,9,2,32,,225529,25,0,9,1,73,,225539,25,0,9,1,33,,225521,25,0,9,2,72,,225530,25,0,9,1,33,,225540,25,0,9,1,73,,225522,25,0,9,2,33,,225531,25,0,9,1,73,,225541,25,0,9,1,32,,225523,25,0,9,2,72,,225532,25,0,9,1,32,,225542,25,0,9,1,71,,225524,25,0,9,2,72,,225533,25,0,9,1,33,,225543,25,0,9,1,73,,225525,25,0,9,2,32,,225534,25,0,9,1,66,,225544,25,0,9,1
2804,'H54U000I-80-I',519,,225550,25,0,9,2,34,,225545,25,0,9,1,73,,225548,25,0,9,1,74,,225551,25,0,9,2,33,,225546,25,0,9,1,73,,225549,25,0,9,1,34,,225552,25,0,9,2,74,,225547,25,0,9,1,34,,225564,25,0,9,1,74,,225553,25,0,9,2,34,,225565,25,0,9,1,74,,225563,25,0,9,2,73,,225554,25,0,9,2,33,,225566,25,0,9,1,73,,225575,25,0,9,2,33,,225555,25,0,9,2,72,,225567,25,0,9,1,31,,225576,25,0,9,2,71,,225556,25,0,9,2,31,,225568,25,0,9,1,72,,225577,25,0,9,2,33,,225557,25,0,9,2,73,,225569,25,0,9,1,33,,225578,25,0,9,2,72,,225558,25,0,9,2,73,,225570,25,0,9,1,33,,225579,25,0,9,2,73,,225559,25,0,9,2,33,,225571,25,0,9,1,73,,225580,25,0,9,2,33,,225560,25,0,9,2,73,,225572,25,0,9,1,33,,225581,25,0,9,2,72,,225561,25,0,9,2,31,,225573,25,0,9,1,70,,225582,25,0,9,2,30,,225562,25,0,9,2,72,,225574,25,0,9,1
2804,'H54U000S-81-S',517,,225601,25,0,9,2,30,,225609,25,0,9,2,70,,225614,25,0,9,1,20,,225618,8,0,9,1,12,,225602,25,0,9,2,56,,225595,8,0,9,1,15,,225610,25,0,9,2,12,,225594,8,0,9,1,10,,225621,8,0,9,2,10,,225612,25,0,9,1,54,,225613,8,0,9,2,15,,225603,25,0,9,2,28,,225611,25,0,9,2,54,,225593,8,0,9,1,13,,225596,25,0,9,1,6,,225622,8,0,9,2,25,,225604,25,0,9,2,71,,225583,25,0,9,1,30,,225597,25,0,9,1,70,,225605,25,0,9,2,30,,225584,25,0,9,1,71,,225598,25,0,9,1,30,,225606,25,0,9,2,70,,225585,25,0,9,1,30,,225599,25,0,9,1,70,,225607,25,0,9,2,30,,225586,25,0,9,1,59,,225623,25,0,9,1,18,,225600,25,0,9,1,18,,225626,25,0,9,2,59,,225608,25,0,9,2,17,,225587,25,0,9,1,5,,225632,25,0,9,2,12,,225588,25,0,9,1,19,,225624,25,0,9,1,63,,225627,25,0,9,2,22,,225633,25,0,9,2,60,,225634,25,0,9,2,23,,225589,25,0,9,1,24,,225628,25,0,9,2,71,,225615,25,0,9,1,31,,225590,25,0,9,1,70,,225629,25,0,9,2,30,,225616,25,0,9,1,70,,225591,25,0,9,1,31,,225630,25,0,9,2,70,,225617,25,0,9,1,29,,225592,25,0,9,1,71,,225631,25,0,9,2,30,,225625,25,0,9,1,69,,225635,25,0,9,2,30,,225619,25,0,9,1,73,,225620,25,0,9,1
2804,'H54U100F-80-F1',519,,225641,25,0,9,2,34,,225636,25,0,9,1,73,,225639,25,0,9,1,74,,225642,25,0,9,2,33,,225637,25,0,9,1,73,,225640,25,0,9,1,34,,225643,25,0,9,2,74,,225638,25,0,9,1,34,,225655,25,0,9,1,74,,225644,25,0,9,2,34,,225656,25,0,9,1,74,,225654,25,0,9,2,73,,225645,25,0,9,2,33,,225657,25,0,9,1,73,,225666,25,0,9,2,33,,225646,25,0,9,2,72,,225658,25,0,9,1,31,,225667,25,0,9,2,71,,225647,25,0,9,2,31,,225659,25,0,9,1,72,,225668,25,0,9,2,33,,225648,25,0,9,2,73,,225660,25,0,9,1,33,,225669,25,0,9,2,72,,225649,25,0,9,2,73,,225661,25,0,9,1,33,,225670,25,0,9,2,73,,225650,25,0,9,2,33,,225662,25,0,9,1,73,,225671,25,0,9,2,33,,225651,25,0,9,2,73,,225663,25,0,9,1,33,,225672,25,0,9,2,72,,225652,25,0,9,2,31,,225664,25,0,9,1,70,,225673,25,0,9,2,30,,225653,25,0,9,2,72,,225665,25,0,9,1
2804,'H54U200F-82-F2',519,,225694,25,0,9,1,34,,225674,25,0,9,1,73,,225684,25,0,9,1,74,,225703,25,0,9,2,33,,225695,25,0,9,1,73,,225709,25,0,9,1,34,,225704,25,0,9,2,74,,225696,25,0,9,1,34,,225710,25,0,9,1,74,,225702,25,0,9,1,34,,225697,25,0,9,1,74,,225675,25,0,9,1,73,,225685,25,0,9,2,33,,225698,25,0,9,1,73,,225676,25,0,9,1,33,,225686,25,0,9,2,72,,225699,25,0,9,1,31,,225677,25,0,9,1,71,,225687,25,0,9,2,31,,225700,25,0,9,1,72,,225678,25,0,9,1,33,,225688,25,0,9,2,73,,225701,25,0,9,1,33,,225679,25,0,9,1,72,,225689,25,0,9,2,73,,225705,25,0,9,1,33,,225680,25,0,9,1,73,,225690,25,0,9,2,33,,225706,25,0,9,1,73,,225681,25,0,9,1,33,,225691,25,0,9,2,73,,225711,25,0,9,1,33,,225682,25,0,9,1,72,,225692,25,0,9,2,31,,225707,25,0,9,1,70,,225683,25,0,9,1,30,,225693,25,0,9,2,72,,225708,25,0,9,1
36402,'H54U000A-80-A',2459,,277474,20,0,10,1,85,,277476,20,0,10,1,86,,277473,20,0,10,1,85,,277472,20,0,10,1,85,,277477,20,0,10,1,39,,277475,20,0,10,1
36402,'H54U000I-80-I',2459,,277478,20,0,10,1,85,,277482,20,0,10,1,85,,277479,20,0,10,1,86,,277480,20,0,10,1,44,,277481,20,0,10,1
36402,'H54U000S-81-S',2459,,277484,20,0,10,1,87,,277487,20,0,10,2,84,,277485,20,0,10,1,86,,277483,20,0,10,1,84,,277486,20,0,10,2
36402,'H54U100F-80-F1',2459,,277488,20,0,10,1,85,,277492,20,0,10,1,85,,277489,20,0,10,1,86,,277490,20,0,10,1,44,,277491,20,0,10,1
36402,'H54U200F-82-F2',2459,,277497,20,0,10,1,85,,277495,20,0,10,2,85,,277494,20,0,10,1,86,,277493,20,0,10,2,44,,277496,20,0,10,1
