11001,'H56U000A-80-A',512,,249930,37,0,5,1,30,,249968,37,0,5,1,71,,249948,37,0,5,1,28,,249964,37,0,5,1,69,,249931,37,0,5,1,30,,249969,37,0,5,1,71,,249949,37,0,5,1,31,,249965,37,0,5,1,71,,249932,37,0,5,1,32,,249970,37,0,5,1,74,,249936,37,0,5,1,34,,249966,37,0,5,1,71,,249935,37,0,5,1,32,,249971,37,0,5,1,72,,249972,37,0,5,1,72,,249950,37,0,5,1,23,,249942,37,0,5,1,25,,249958,37,0,5,1,70,,249937,37,0,5,1,29,,249952,37,0,5,1,71,,249955,37,0,5,1,27,,249943,37,0,5,1,70,,249959,37,0,5,1,29,,249938,37,0,5,1,69,,249953,37,0,5,1,29,,249956,37,0,5,1,66,,249944,37,0,5,1,26,,249960,37,0,5,1,67,,249939,37,0,5,1,27,,249954,37,0,5,1,27,,249957,37,0,5,1,70,,249945,37,0,5,1,27,,249961,37,0,5,1,71,,249940,37,0,5,1,32,,249933,37,0,5,1,69,,249946,37,0,5,1,27,,249962,37,0,5,1,70,,249941,37,0,5,1,28,,249934,37,0,5,1,67,,249947,37,0,5,1,25,,249963,37,0,5,1,68,,249951,37,0,5,1,28,,249967,37,0,5,1
11001,'H56U000I-80-I',542,,249979,37,0,5,1,69,,250000,37,0,5,1,29,,250011,37,0,5,1,70,,249989,37,0,5,1,30,,249980,37,0,5,1,69,,250001,37,0,5,1,35,,250012,37,0,5,1,69,,249990,37,0,5,1,32,,249981,37,0,5,1,76,,250002,37,0,5,1,32,,250013,37,0,5,1,72,,249991,37,0,5,1,30,,249982,37,0,5,1,71,,250006,37,0,5,1,31,,250010,37,0,5,1,71,,249988,37,0,5,1,26,,249997,37,0,5,1,65,,249973,37,0,5,1,26,,250003,37,0,5,1,67,,249992,37,0,5,1,31,,249983,37,0,5,1,70,,249998,37,0,5,1,28,,249974,37,0,5,1,67,,250004,37,0,5,1,28,,249993,37,0,5,1,69,,249984,37,0,5,1,28,,249999,37,0,5,1,25,,249975,37,0,5,1,68,,250005,37,0,5,1,29,,249994,37,0,5,1,69,,249985,37,0,5,1,29,,250008,37,0,5,1,70,,249976,37,0,5,1,30,,249995,37,0,5,1,70,,249986,37,0,5,1,28,,250009,37,0,5,1,69,,249977,37,0,5,1,29,,249996,37,0,5,1,68,,249987,37,0,5,1,25,,250007,37,0,5,1,67,,249978,37,0,5,1
11001,'H56U000S-81-S',450,,250018,37,0,5,1,75,,250023,37,0,5,1,27,,250041,37,0,5,1,72,,250054,37,0,5,1,31,,250019,37,0,5,1,71,,250024,37,0,5,1,23,,250026,37,0,5,1,61,,250027,37,0,5,1,30,,250021,37,0,5,1,67,,250045,37,0,5,1,27,,250015,37,0,5,1,70,,250031,37,0,5,1,32,,250028,37,0,5,1,70,,250022,37,0,5,1,30,,250046,37,0,5,1,70,,250016,37,0,5,1,31,,250032,37,0,5,1,70,,250029,37,0,5,1,33,,250017,37,0,5,1,73,,250047,37,0,5,1,32,,250038,37,0,5,1,78,,250020,37,0,5,1,33,,250030,37,0,5,1,72,,250042,37,0,5,1,31,,250048,37,0,5,1,72,,250039,37,0,5,1,71,,250050,37,0,5,1,29,,250034,37,0,5,1,69,,250043,37,0,5,1,28,,250049,37,0,5,1,27,,250040,37,0,5,1,68,,250051,37,0,5,1,27,,250035,37,0,5,1,66,,250044,37,0,5,1,26,,250033,37,0,5,1,65,,250014,37,0,5,1,28,,250052,37,0,5,1,69,,250036,37,0,5,1,30,,250055,37,0,5,1,72,,250025,37,0,5,1,32,,250053,37,0,5,1,64,,250037,37,0,5,1
11001,'H56U100F-80-F1',542,,250062,37,0,5,1,69,,250083,37,0,5,1,29,,250094,37,0,5,1,70,,250072,37,0,5,1,30,,250063,37,0,5,1,69,,250084,37,0,5,1,35,,250095,37,0,5,1,69,,250073,37,0,5,1,32,,250064,37,0,5,1,76,,250085,37,0,5,1,32,,250096,37,0,5,1,72,,250074,37,0,5,1,30,,250065,37,0,5,1,71,,250089,37,0,5,1,31,,250093,37,0,5,1,71,,250071,37,0,5,1,26,,250080,37,0,5,1,65,,250056,37,0,5,1,26,,250086,37,0,5,1,67,,250075,37,0,5,1,31,,250066,37,0,5,1,70,,250081,37,0,5,1,28,,250057,37,0,5,1,67,,250087,37,0,5,1,28,,250076,37,0,5,1,69,,250067,37,0,5,1,28,,250082,37,0,5,1,25,,250058,37,0,5,1,68,,250088,37,0,5,1,29,,250077,37,0,5,1,69,,250068,37,0,5,1,29,,250091,37,0,5,1,70,,250059,37,0,5,1,30,,250078,37,0,5,1,70,,250069,37,0,5,1,28,,250092,37,0,5,1,69,,250060,37,0,5,1,29,,250079,37,0,5,1,68,,250070,37,0,5,1,25,,250090,37,0,5,1,67,,250061,37,0,5,1
11001,'H56U200F-80-F2',542,,250103,37,0,5,1,69,,250124,37,0,5,1,29,,250135,37,0,5,1,70,,250113,37,0,5,1,30,,250104,37,0,5,1,69,,250125,37,0,5,1,35,,250136,37,0,5,1,69,,250114,37,0,5,1,32,,250105,37,0,5,1,76,,250126,37,0,5,1,32,,250137,37,0,5,1,72,,250115,37,0,5,1,30,,250106,37,0,5,1,71,,250130,37,0,5,1,31,,250134,37,0,5,1,71,,250112,37,0,5,1,26,,250121,37,0,5,1,65,,250097,37,0,5,1,26,,250127,37,0,5,1,67,,250116,37,0,5,1,31,,250107,37,0,5,1,70,,250122,37,0,5,1,28,,250098,37,0,5,1,67,,250128,37,0,5,1,28,,250117,37,0,5,1,69,,250108,37,0,5,1,28,,250123,37,0,5,1,25,,250099,37,0,5,1,68,,250129,37,0,5,1,29,,250118,37,0,5,1,69,,250109,37,0,5,1,29,,250132,37,0,5,1,70,,250100,37,0,5,1,30,,250119,37,0,5,1,70,,250110,37,0,5,1,28,,250133,37,0,5,1,69,,250101,37,0,5,1,29,,250120,37,0,5,1,68,,250111,37,0,5,1,25,,250131,37,0,5,1,67,,250102,37,0,5,1
35001,'H56U000A-80-A',2502,,276616,7,0,5,1,54,,276614,7,0,5,2,94,,276612,7,0,5,1,83,,276613,7,0,5,1,84,,276615,7,0,5,1
35001,'H56U000I-80-I',2502,,276620,7,0,5,1,48,,276618,7,0,5,1,87,,276617,7,0,5,1,84,,276619,7,0,5,1,87,,276621,7,0,5,2
35001,'H56U000S-81-S',2501,,276622,7,0,5,1,47,,276626,7,0,5,2,88,,276623,7,0,5,1,85,,276624,7,0,5,2,88,,276625,7,0,5,1
35001,'H56U100F-80-F1',2502,,276630,7,0,5,1,48,,276628,7,0,5,1,87,,276627,7,0,5,1,84,,276629,7,0,5,1,87,,276631,7,0,5,2
35001,'H56U200F-80-F2',2502,,276635,7,0,5,1,48,,276633,7,0,5,1,87,,276632,7,0,5,1,84,,276634,7,0,5,1,87,,276636,7,0,5,2
