11002,'H56J000A-80-A',554,,40461,8,0,10,1,69,,40463,8,0,10,1,31,,40470,8,0,10,1,69,,40466,8,0,10,1,30,,40462,8,0,10,1,70,,40464,8,0,10,1,31,,40487,8,0,10,1,72,,40494,8,0,10,1,31,,40498,8,0,10,1,70,,40493,8,0,10,1,31,,40495,8,0,10,1,70,,40490,8,0,10,1,75,,40481,8,0,10,1,33,,40484,8,0,10,1,73,,40471,8,0,10,1,33,,40488,8,0,10,1,73,,40474,8,0,10,1,29,,40482,8,0,10,1,69,,40485,8,0,10,1,30,,40472,8,0,10,1,69,,40489,8,0,10,1,28,,40476,8,0,10,1,67,,40475,8,0,10,1,27,,40483,8,0,10,1,67,,40500,8,0,10,1,26,,40473,8,0,10,1,30,,40491,8,0,10,1,73,,40477,8,0,10,1,71,,40496,8,0,10,1,33,,40486,8,0,10,1,72,,40469,8,0,10,1,31,,40478,8,0,10,1,71,,40497,8,0,10,1,26,,40465,8,0,10,1,67,,40492,8,0,10,1,26,,40467,8,0,10,1,27,,40479,8,0,10,1,68,,40501,8,0,10,1,30,,40499,8,0,10,1,69,,40468,8,0,10,1,26,,40480,8,0,10,1,68,,40502,8,0,10,1
11002,'H56J000I-80-I',622,,40503,8,0,10,1,29,,40541,8,0,10,1,73,,40509,8,0,10,1,29,,40508,8,0,10,1,69,,40504,8,0,10,1,32,,40542,8,0,10,1,71,,40540,8,0,10,1,32,,40539,8,0,10,1,70,,40535,8,0,10,1,31,,40538,8,0,10,1,71,,40510,8,0,10,1,71,,40517,8,0,10,1,33,,40534,8,0,10,1,75,,40522,8,0,10,1,33,,40531,8,0,10,1,72,,40511,8,0,10,1,31,,40518,8,0,10,1,68,,40527,8,0,10,1,27,,40523,8,0,10,1,68,,40532,8,0,10,1,29,,40512,8,0,10,1,70,,40519,8,0,10,1,29,,40528,8,0,10,1,69,,40524,8,0,10,1,29,,40533,8,0,10,1,69,,40513,8,0,10,1,30,,40520,8,0,10,1,72,,40529,8,0,10,1,31,,40525,8,0,10,1,72,,40514,8,0,10,1,30,,40521,8,0,10,1,69,,40530,8,0,10,1,30,,40526,8,0,10,1,66,,40506,8,0,10,1,27,,40515,8,0,10,1,27,,40536,8,0,10,1,70,,40505,8,0,10,1,30,,40507,8,0,10,1,66,,40516,8,0,10,1,26,,40537,8,0,10,1
11002,'H56J000S-80-S',534,,40572,8,0,10,1,70,,40560,8,0,10,1,50,,40551,8,0,10,1,70,,40579,8,0,10,1,32,,40544,8,0,10,1,71,,40561,8,0,10,1,73,,40564,8,0,10,1,32,,40578,8,0,10,1,68,,40580,8,0,10,1,33,,40545,8,0,10,1,70,,40562,8,0,10,1,30,,40565,8,0,10,1,73,,40568,8,0,10,1,29,,40543,8,0,10,1,69,,40546,8,0,10,1,29,,40573,8,0,10,1,70,,40566,8,0,10,1,31,,40569,8,0,10,1,103,,40574,8,0,10,1,70,,40582,8,0,10,1,27,,40549,8,0,10,1,67,,40567,8,0,10,1,25,,40570,8,0,10,1,15,,40563,8,0,10,1,15,,40558,8,0,10,1,69,,40575,8,0,10,1,29,,40583,8,0,10,1,69,,40550,8,0,10,1,28,,40559,8,0,10,1,67,,40557,8,0,10,1,27,,40571,8,0,10,1,67,,40554,8,0,10,1,29,,40576,8,0,10,1,71,,40547,8,0,10,1,32,,40552,8,0,10,1,73,,40555,8,0,10,1,32,,40577,8,0,10,1,70,,40548,8,0,10,1,28,,40553,8,0,10,1,69,,40556,8,0,10,1,25,,40581,8,0,10,1
11002,'H56JV00A-80-A',554,,40584,8,0,10,1,69,,40586,8,0,10,1,31,,40593,8,0,10,1,69,,40589,8,0,10,1,30,,40585,8,0,10,1,70,,40587,8,0,10,1,31,,40610,8,0,10,1,72,,40617,8,0,10,1,31,,40621,8,0,10,1,70,,40616,8,0,10,1,31,,40618,8,0,10,1,70,,40613,8,0,10,1,75,,40604,8,0,10,1,33,,40607,8,0,10,1,73,,40594,8,0,10,1,33,,40611,8,0,10,1,73,,40597,8,0,10,1,29,,40605,8,0,10,1,69,,40608,8,0,10,1,30,,40595,8,0,10,1,69,,40612,8,0,10,1,28,,40599,8,0,10,1,67,,40598,8,0,10,1,27,,40606,8,0,10,1,67,,40623,8,0,10,1,26,,40596,8,0,10,1,30,,40614,8,0,10,1,73,,40600,8,0,10,1,71,,40619,8,0,10,1,33,,40609,8,0,10,1,72,,40592,8,0,10,1,31,,40601,8,0,10,1,71,,40620,8,0,10,1,26,,40588,8,0,10,1,67,,40615,8,0,10,1,26,,40590,8,0,10,1,27,,40602,8,0,10,1,68,,40624,8,0,10,1,30,,40622,8,0,10,1,69,,40591,8,0,10,1,26,,40603,8,0,10,1,68,,40625,8,0,10,1
11002,'H56JV00I-80-I',622,,40626,8,0,10,1,29,,40664,8,0,10,1,73,,40632,8,0,10,1,29,,40631,8,0,10,1,69,,40627,8,0,10,1,32,,40665,8,0,10,1,71,,40663,8,0,10,1,32,,40662,8,0,10,1,70,,40658,8,0,10,1,31,,40661,8,0,10,1,71,,40633,8,0,10,1,71,,40640,8,0,10,1,33,,40657,8,0,10,1,75,,40645,8,0,10,1,33,,40654,8,0,10,1,72,,40634,8,0,10,1,31,,40641,8,0,10,1,68,,40650,8,0,10,1,27,,40646,8,0,10,1,68,,40655,8,0,10,1,29,,40635,8,0,10,1,70,,40642,8,0,10,1,29,,40651,8,0,10,1,69,,40647,8,0,10,1,29,,40656,8,0,10,1,69,,40636,8,0,10,1,30,,40643,8,0,10,1,72,,40652,8,0,10,1,31,,40648,8,0,10,1,72,,40637,8,0,10,1,30,,40644,8,0,10,1,69,,40653,8,0,10,1,30,,40649,8,0,10,1,66,,40629,8,0,10,1,27,,40638,8,0,10,1,27,,40659,8,0,10,1,70,,40628,8,0,10,1,30,,40630,8,0,10,1,66,,40639,8,0,10,1,26,,40660,8,0,10,1
11002,'H56JV00S-80-S',534,,40695,8,0,10,1,70,,40683,8,0,10,1,50,,40674,8,0,10,1,70,,40702,8,0,10,1,32,,40667,8,0,10,1,71,,40684,8,0,10,1,73,,40687,8,0,10,1,32,,40701,8,0,10,1,68,,40703,8,0,10,1,33,,40668,8,0,10,1,70,,40685,8,0,10,1,30,,40688,8,0,10,1,73,,40691,8,0,10,1,29,,40666,8,0,10,1,69,,40669,8,0,10,1,29,,40696,8,0,10,1,70,,40689,8,0,10,1,31,,40692,8,0,10,1,103,,40697,8,0,10,1,70,,40705,8,0,10,1,27,,40672,8,0,10,1,67,,40690,8,0,10,1,25,,40693,8,0,10,1,15,,40686,8,0,10,1,15,,40681,8,0,10,1,69,,40698,8,0,10,1,29,,40706,8,0,10,1,69,,40673,8,0,10,1,28,,40682,8,0,10,1,67,,40680,8,0,10,1,27,,40694,8,0,10,1,67,,40677,8,0,10,1,29,,40699,8,0,10,1,71,,40670,8,0,10,1,32,,40675,8,0,10,1,73,,40678,8,0,10,1,32,,40700,8,0,10,1,70,,40671,8,0,10,1,28,,40676,8,0,10,1,69,,40679,8,0,10,1,25,,40704,8,0,10,1
11002,'H57J000S-81-S',637,,40707,8,0,10,1
11002,'H57JV00S-83-S',637,,40708,8,0,10,1
11002,'H60J000S-98-S',1506,,40709,8,0,10,1
11002,'H60JV00S-98-S',1506,,40710,8,0,10,1
