20201,'H50M000S-70-S',1732,,148371,39,0,5,1
20201,'H56M000S-70-S',617,,148373,39,0,5,1,1031,,148372,3,0,5,1
20201,'H58M000S-70-S',737,,148374,3,0,5,2
20201,'H60M000A-71-A',632,,148386,39,0,5,1,71,,148393,39,0,5,2,31,,148379,39,0,5,1,70,,148378,39,0,5,2,30,,148403,39,0,5,1,70,,148387,39,0,5,1,30,,148390,39,0,5,1,71,,148381,39,0,5,1,31,,148394,39,0,5,2,72,,148400,39,0,5,1,31,,148391,39,0,5,1,71,,148388,39,0,5,1,23,,148382,39,0,5,1,23,,148395,39,0,5,2,63,,148406,39,0,5,1,21,,148401,39,0,5,1,64,,148392,39,0,5,1,24,,148389,39,0,5,1,23,,148383,39,0,5,1,63,,148396,39,0,5,2,23,,148407,39,0,5,1,63,,148399,39,0,5,1,17,,148413,39,0,5,1,17,,148377,39,0,5,1,19,,148415,39,0,5,1,59,,148384,39,0,5,1,21,,148397,39,0,5,2,22,,148408,39,0,5,1,64,,148402,39,0,5,1,26,,148414,39,0,5,1,65,,148416,39,0,5,1,30,,148385,39,0,5,1,71,,148404,39,0,5,1,29,,148380,39,0,5,1,71,,148411,39,0,5,1,28,,148375,39,0,5,1,69,,148409,39,0,5,1,29,,148405,39,0,5,1,71,,148398,39,0,5,1,28,,148412,39,0,5,1,69,,148376,39,0,5,1,29,,148410,39,0,5,1
20201,'H60M000I-71-I',734,,148418,39,0,5,1,70,,148427,39,0,5,1,30,,148438,39,0,5,1,71,,148442,39,0,5,2,32,,148419,39,0,5,1,70,,148428,39,0,5,1,31,,148439,39,0,5,1,71,,148443,39,0,5,2,30,,148424,39,0,5,1,69,,148434,39,0,5,1,29,,148440,39,0,5,1,69,,148432,39,0,5,2,31,,148430,39,0,5,1,72,,148445,39,0,5,1,29,,148435,39,0,5,1,71,,148441,39,0,5,1,31,,148433,39,0,5,2,70,,148429,39,0,5,1,33,,148448,39,0,5,2,72,,148436,39,0,5,1,32,,148420,39,0,5,1,73,,148431,39,0,5,1,30,,148449,39,0,5,2,71,,148437,39,0,5,1,30,,148421,39,0,5,1,69,,148446,39,0,5,1,28,,148425,39,0,5,1,69,,148450,39,0,5,2,29,,148417,39,0,5,1,69,,148422,39,0,5,1,28,,148447,39,0,5,1,67,,148426,39,0,5,1,28,,148451,39,0,5,2,65,,148444,39,0,5,1,27,,148423,39,0,5,1
20201,'H60M000S-71-S',643,,148461,39,0,5,1,69,,148471,39,0,5,1,24,,148454,39,0,5,1,23,,148468,39,0,5,2,67,,148469,39,0,5,1,27,,148458,39,0,5,1,68,,148462,39,0,5,1,27,,148472,39,0,5,1,63,,148455,39,0,5,1,23,,148453,39,0,5,1,24,,148470,39,0,5,1,65,,148459,39,0,5,1,25,,148478,39,0,5,1,70,,148473,39,0,5,1,32,,148456,39,0,5,1,72,,148463,39,0,5,1,26,,148460,39,0,5,1,65,,148479,39,0,5,1,26,,148452,39,0,5,2,67,,148457,39,0,5,1,28,,148480,39,0,5,1,69,,148464,39,0,5,1,15,,148482,3,0,5,1,14,,148481,39,0,5,2,27,,148474,39,0,5,1,59,,148465,3,0,5,1,86,,148483,39,0,5,2,29,,148487,39,0,5,1,69,,148484,39,0,5,2,29,,148475,39,0,5,1,69,,148466,39,0,5,1,27,,148490,39,0,5,2,26,,148488,39,0,5,1,67,,148485,39,0,5,2,26,,148476,39,0,5,1,66,,148467,39,0,5,1,27,,148491,39,0,5,2,67,,148489,39,0,5,1,27,,148486,39,0,5,2,26,,148477,39,0,5,1,76,,148492,39,0,5,1
20201,'H60M100F-71-F1',734,,148496,39,0,5,1,70,,148504,39,0,5,1,30,,148509,39,0,5,1,71,,148512,39,0,5,2,32,,148497,39,0,5,1,70,,148505,39,0,5,1,31,,148508,39,0,5,1,71,,148513,39,0,5,2,30,,148503,39,0,5,1,69,,148499,39,0,5,1,29,,148510,39,0,5,1,69,,148507,39,0,5,2,31,,148506,39,0,5,1,72,,148516,39,0,5,1,29,,148500,39,0,5,1,71,,148511,39,0,5,1,31,,148515,39,0,5,2,70,,148523,39,0,5,1,33,,148519,39,0,5,1,72,,148498,39,0,5,1,32,,148494,39,0,5,1,73,,148524,39,0,5,1,30,,148520,39,0,5,1,71,,148501,39,0,5,1,30,,148495,39,0,5,1,69,,148522,39,0,5,2,28,,148525,39,0,5,1,69,,148517,39,0,5,1,29,,148493,39,0,5,1,69,,148521,39,0,5,1,28,,148527,39,0,5,1,67,,148526,39,0,5,1,28,,148518,39,0,5,1,65,,148502,39,0,5,1,27,,148514,39,0,5,1
20201,'H60M200F-71-F2',734,,148558,39,0,5,1,70,,148552,39,0,5,1,30,,148556,39,0,5,1,71,,148549,39,0,5,2,32,,148559,39,0,5,1,70,,148553,39,0,5,1,31,,148557,39,0,5,1,71,,148550,39,0,5,2,30,,148534,39,0,5,1,69,,148536,39,0,5,1,29,,148547,39,0,5,1,69,,148533,39,0,5,2,31,,148554,39,0,5,1,72,,148529,39,0,5,1,29,,148537,39,0,5,1,71,,148548,39,0,5,1,31,,148551,39,0,5,2,70,,148542,39,0,5,1,33,,148539,39,0,5,1,72,,148540,39,0,5,1,32,,148560,39,0,5,1,73,,148543,39,0,5,1,30,,148541,39,0,5,1,71,,148538,39,0,5,1,30,,148561,39,0,5,1,69,,148555,39,0,5,2,28,,148544,39,0,5,1,69,,148545,39,0,5,1,29,,148530,39,0,5,1,69,,148562,39,0,5,1,28,,148532,39,0,5,1,67,,148535,39,0,5,1,28,,148546,39,0,5,1,65,,148528,39,0,5,1,27,,148531,39,0,5,1
20201,'H60M300F-80-F3',735,,174659,42,0,5,2,71,,174666,42,0,5,1,32,,174669,42,0,5,2,71,,174648,42,0,5,1,33,,174655,42,0,5,1,73,,174644,42,0,5,1,33,,174643,42,0,5,2,68,,174660,42,0,5,1,30,,174649,42,0,5,2,70,,174656,42,0,5,1,31,,174645,42,0,5,1,70,,174670,42,0,5,1,32,,174661,42,0,5,1,70,,174650,42,0,5,2,33,,174657,42,0,5,1,71,,174646,42,0,5,1,31,,174671,42,0,5,1,72,,174662,42,0,5,1,30,,174651,42,0,5,2,70,,174658,42,0,5,1,33,,174647,42,0,5,1,71,,174672,42,0,5,1,73,,174663,42,0,5,1,29,,174652,42,0,5,2,71,,174675,42,0,5,1,29,,174667,42,0,5,2,68,,174673,42,0,5,1,30,,174664,42,0,5,1,25,,174653,42,0,5,2,66,,174676,42,0,5,1,22,,174668,42,0,5,2,68,,174674,42,0,5,1,29,,174665,42,0,5,1,72,,174654,42,0,5,2,32,,174677,42,0,5,1
37801,'H60M000A-71-A',2531,,155402,4,0,5,2,91,,155404,4,0,5,1,91,,155405,4,0,5,1,91,,155403,4,0,5,2
37801,'H60M000I-71-I',2531,,155408,4,0,5,1,91,,155407,4,0,5,2,90,,155409,4,0,5,1,93,,155406,4,0,5,1
37801,'H60M000S-71-S',2531,,155410,4,0,5,1,91,,155412,4,0,5,1,97,,155411,4,0,5,1,89,,155413,4,0,5,1
37801,'H60M100F-71-F1',2531,,155416,4,0,5,1,91,,155414,4,0,5,1,90,,155417,4,0,5,1,93,,155415,4,0,5,1
37801,'H60M200F-71-F2',2531,,155420,4,0,5,1,91,,155419,4,0,5,1,90,,155421,4,0,5,1,93,,155418,4,0,5,1
37801,'H60M300F-80-F3',2531,,175992,4,0,5,1,91,,175990,4,0,5,2,90,,175991,4,0,5,1,93,,175993,4,0,5,1
46001,'H51M000S-70-S',1623,,157671,3,0,22 30,2
46001,'H56M000S-70-S',1704,,157672,3,0,22 30,1
46001,'H58M000S-70-S',537,,157674,3,0,22 30,2,70,,157678,3,0,22 30,2,30,,157673,3,0,22 30,2,68,,157675,3,0,22 30,1,14,,157677,3,0,22 30,2,31,,157679,3,0,22 30,2,72,,157680,3,0,22 30,2,28,,157682,3,0,22 30,1,62,,157681,3,0,22 30,2,30,,157683,3,0,22 30,1,502,,157687,3,0,22 30,2,9,,157688,3,0,22 30,2,49,,157689,3,0,22 30,1,8,,157691,3,0,22 30,2,10,,157694,3,0,22 30,1,10,,157697,3,0,22 30,2,9,,157700,3,0,22 30,2,9,,157701,3,0,22 30,2,10,,157703,3,0,22 30,2,50,,157684,3,0,22 30,2,8,,157699,3,0,22 30,2,15,,157705,3,0,22 30,1,7,,157685,3,0,22 30,2,9,,157692,3,0,22 30,2,7,,157702,3,0,22 30,2,61,,157676,3,0,22 30,1,20,,157693,3,0,22 30,2,21,,157696,3,0,22 30,2,61,,157686,3,0,22 30,2,19,,157690,3,0,22 30,1,20,,157698,3,0,22 30,2,61,,157704,3,0,22 30,2,21,,157706,3,0,22 30,1
46001,'H58M100F-70-F1',537,,157716,3,0,22 30,2,73,,157717,3,0,22 30,2,32,,157709,3,0,22 30,1,73,,157718,3,0,22 30,2,33,,157711,3,0,22 30,1,73,,157708,3,0,22 30,2,27,,157731,3,0,22 30,1,64,,157714,3,0,22 30,2,532,,157710,3,0,22 30,1,56,,157719,3,0,22 30,1,14,,157727,3,0,22 30,2,10,,157707,3,0,22 30,1,10,,157723,3,0,22 30,1,67,,157730,3,0,22 30,2,5,,157725,3,0,22 30,2,7,,157726,3,0,22 30,2,12,,157715,3,0,22 30,1,8,,157732,3,0,22 30,1,10,,157728,3,0,22 30,2,10,,157721,3,0,22 30,2,55,,157729,3,0,22 30,2,12,,157722,3,0,22 30,2,20,,157712,3,0,22 30,1,60,,157713,3,0,22 30,1,32,,157720,3,0,22 30,1,73,,157724,3,0,22 30,1,33,,157733,3,0,22 30,1
46001,'H58M200F-70-F2',537,,157743,3,0,22 30,2,73,,157744,3,0,22 30,2,32,,157736,3,0,22 30,1,73,,157745,3,0,22 30,2,33,,157738,3,0,22 30,1,73,,157735,3,0,22 30,2,27,,157758,3,0,22 30,1,64,,157741,3,0,22 30,2,532,,157737,3,0,22 30,1,56,,157746,3,0,22 30,1,14,,157754,3,0,22 30,2,10,,157734,3,0,22 30,1,10,,157750,3,0,22 30,1,67,,157757,3,0,22 30,2,5,,157752,3,0,22 30,2,7,,157753,3,0,22 30,2,12,,157742,3,0,22 30,1,8,,157759,3,0,22 30,1,10,,157755,3,0,22 30,2,10,,157748,3,0,22 30,2,55,,157756,3,0,22 30,2,12,,157749,3,0,22 30,2,20,,157739,3,0,22 30,1,60,,157740,3,0,22 30,1,32,,157747,3,0,22 30,1,73,,157751,3,0,22 30,1,33,,157760,3,0,22 30,1
46001,'H58M300F-80-F3',537,,176295,3,0,22 30,2,73,,176296,3,0,22 30,2,32,,176289,3,0,22 30,1,73,,176297,3,0,22 30,2,33,,176290,3,0,22 30,1,73,,176298,3,0,22 30,2,27,,176288,3,0,22 30,1,64,,176287,3,0,22 30,1,532,,176286,3,0,22 30,2,56,,176299,3,0,22 30,1,14,,176285,3,0,22 30,1,10,,176284,3,0,22 30,2,10,,176302,3,0,22 30,2,67,,176304,3,0,22 30,2,5,,176305,3,0,22 30,2,7,,176291,3,0,22 30,1,12,,176308,3,0,22 30,2,8,,176306,3,0,22 30,1,10,,176292,3,0,22 30,2,10,,176301,3,0,22 30,2,55,,176294,3,0,22 30,1,12,,176282,3,0,22 30,2,20,,176283,3,0,22 30,2,60,,176293,3,0,22 30,1,32,,176300,3,0,22 30,1,73,,176303,3,0,22 30,2,33,,176307,3,0,22 30,1
