8501,'H59M000A-70-A',513,,112845,29,,,2,40,,112846,29,,,1,82,,112855,29,,,1,80,,112849,29,,,1,41,,112847,29,,,1,82,,112856,29,,,1,82,,112850,29,,,1,82,,112848,29,,,1,42,,112868,29,,,1,82,,112851,29,,,1,82,,112872,29,,,2,42,,112869,29,,,1,81,,112852,29,,,1,75,,112860,29,,,1,34,,112866,29,,,1,74,,112870,29,,,1,34,,112853,29,,,1,74,,112861,29,,,1,33,,112867,29,,,1,73,,112871,29,,,1,74,,112854,29,,,1,34,,112862,29,,,1,80,,112873,29,,,2,42,,112857,29,,,1,83,,112863,29,,,1,85,,112874,29,,,2,85,,112858,29,,,1,45,,112864,29,,,1,84,,112875,29,,,2,84,,112859,29,,,1,85,,112865,29,,,1
8501,'H59M000I-70-I',526,,112876,29,,,1,83,,112880,29,,,2,45,,112886,29,,,1,86,,112895,29,,,1,83,,112897,29,,,2,83,,112887,29,,,1,43,,112896,29,,,1,82,,112898,29,,,2,81,,112888,29,,,1,40,,112882,29,,,1,80,,112899,29,,,2,81,,112889,29,,,1,33,,112877,29,,,2,72,,112883,29,,,1,33,,112900,29,,,2,72,,112890,29,,,1,32,,112878,29,,,2,72,,112884,29,,,1,29,,112901,29,,,2,72,,112891,29,,,1,72,,112879,29,,,2,32,,112885,29,,,1,73,,112894,29,,,1,33,,112906,29,,,1,78,,112902,29,,,2,39,,112892,29,,,1,80,,112907,29,,,1,82,,112903,29,,,2,83,,112893,29,,,1,43,,112881,29,,,1,83,,112904,29,,,2,83,,112905,29,,,1
8501,'H59M000S-70-S',516,,112908,29,,,2,33,,112909,29,,,1,75,,112921,29,,,2,32,,112928,29,,,2,73,,112914,29,,,1,19,,112923,29,,,1,60,,112910,29,,,1,18,,112930,29,,,1,19,,112922,29,,,2,63,,112929,29,,,2,25,,112915,29,,,1,71,,112924,29,,,1,32,,112932,29,,,1,72,,112911,29,,,1,31,,112916,29,,,1,65,,112937,29,,,2,24,,112925,29,,,1,26,,112933,29,,,1,67,,112912,29,,,1,29,,112917,29,,,1,71,,112938,29,,,2,29,,112926,29,,,1,69,,112934,29,,,1,34,,112913,29,,,1,73,,112931,29,,,1,33,,112939,29,,,2,72,,112927,29,,,1,71,,112941,29,,,1,33,,112935,29,,,1,73,,112918,29,,,1,33,,112940,29,,,2,73,,112942,29,,,1,33,,112936,29,,,1,77,,112919,29,,,1,83,,112945,29,,,1,44,,112943,29,,,1,84,,112920,29,,,1,72,,112946,29,,,1,49,,112944,29,,,1
8501,'H59M100F-70-F1',526,,112947,29,,,1,83,,112976,29,,,2,45,,112956,29,,,1,86,,112948,29,,,1,83,,112950,29,,,2,83,,112957,29,,,1,43,,112949,29,,,1,82,,112960,29,,,2,81,,112954,29,,,1,40,,112970,29,,,1,80,,112961,29,,,2,81,,112955,29,,,1,33,,112973,29,,,2,72,,112969,29,,,1,33,,112962,29,,,2,72,,112958,29,,,1,32,,112974,29,,,2,72,,112971,29,,,1,29,,112963,29,,,2,72,,112959,29,,,1,72,,112975,29,,,2,32,,112972,29,,,1,73,,112952,29,,,1,33,,112967,29,,,1,78,,112964,29,,,2,39,,112977,29,,,1,80,,112968,29,,,1,82,,112965,29,,,2,83,,112978,29,,,1,43,,112953,29,,,1,83,,112966,29,,,2,83,,112951,29,,,1
8501,'H59M200F-70-F2',526,,112979,29,,,1,83,,113008,29,,,2,45,,112986,29,,,1,86,,112980,29,,,1,83,,112982,29,,,2,83,,112987,29,,,1,43,,112981,29,,,1,82,,112992,29,,,2,81,,112988,29,,,1,40,,113001,29,,,1,80,,112993,29,,,2,81,,112989,29,,,1,33,,113005,29,,,2,72,,113002,29,,,1,33,,112994,29,,,2,72,,112990,29,,,1,32,,113006,29,,,2,72,,113003,29,,,1,29,,112996,29,,,2,72,,112991,29,,,1,72,,113007,29,,,2,32,,113004,29,,,1,73,,112984,29,,,1,33,,112999,29,,,1,78,,112997,29,,,2,39,,113009,29,,,1,80,,113000,29,,,1,82,,112995,29,,,2,83,,113010,29,,,1,43,,112985,29,,,1,83,,112998,29,,,2,83,,112983,29,,,1
8501,'H59M300F-70-F3',526,,113011,29,,,1,83,,113040,29,,,2,45,,113018,29,,,1,86,,113012,29,,,1,83,,113014,29,,,2,83,,113019,29,,,1,43,,113013,29,,,1,82,,113024,29,,,2,81,,113020,29,,,1,40,,113033,29,,,1,80,,113025,29,,,2,81,,113021,29,,,1,33,,113037,29,,,2,72,,113034,29,,,1,33,,113026,29,,,2,72,,113022,29,,,1,32,,113038,29,,,2,72,,113035,29,,,1,29,,113027,29,,,2,72,,113023,29,,,1,72,,113039,29,,,2,32,,113036,29,,,1,73,,113016,29,,,1,33,,113031,29,,,1,78,,113028,29,,,2,39,,113041,29,,,1,80,,113032,29,,,1,82,,113029,29,,,2,83,,113042,29,,,1,43,,113017,29,,,1,83,,113030,29,,,2,83,,113015,29,,,1
36201,'H54M000A-70-A',2618,,154719,81,,,1,88,,154718,81,,,1,45,,154716,81,,,1,85,,154717,81,,,1,82,,154720,81,,,1
36201,'H54M000I-70-I',2617,,154723,81,,,1,85,,154722,81,,,1,45,,154721,81,,,1,88,,154725,81,,,1,85,,154724,81,,,1
36201,'H54M000S-70-S',2617,,154729,81,,,2,85,,154730,81,,,1,45,,154727,81,,,1,88,,154726,81,,,1,85,,154728,81,,,1
36201,'H54M100F-70-F1',2617,,154734,81,,,1,85,,154733,81,,,1,45,,154735,81,,,2,88,,154731,81,,,1,85,,154732,81,,,1
36201,'H54M200F-70-F2',2617,,154738,81,,,1,85,,154740,81,,,1,45,,154737,81,,,1,88,,154736,81,,,1,85,,154739,81,,,1
36201,'H54M300F-70-F3',2617,,154742,81,,,1,85,,154744,81,,,1,45,,154741,81,,,1,88,,154745,81,,,1,85,,154743,81,,,1
