19801,'H56J000A-80-A',433,,67397,12,0,5,1,72,,67380,12,0,5,2,32,,67384,12,0,5,1,73,,67375,12,0,5,1,32,,67398,12,0,5,1,72,,67381,12,0,5,2,31,,67385,12,0,5,1,72,,67387,12,0,5,1,31,,67383,12,0,5,1,70,,67399,12,0,5,1,27,,67416,12,0,5,2,67,,67411,12,0,5,1,27,,67414,12,0,5,2,66,,67404,12,0,5,1,25,,67415,12,0,5,1,24,,67374,12,0,5,1,66,,67417,12,0,5,2,25,,67412,12,0,5,1,64,,67386,12,0,5,1,23,,67405,12,0,5,1,22,,67392,12,0,5,1,62,,67389,12,0,5,1,19,,67400,12,0,5,1,18,,67418,12,0,5,2,60,,67408,12,0,5,1,20,,67413,12,0,5,1,20,,67388,12,0,5,1,63,,67390,12,0,5,1,26,,67393,12,0,5,1,70,,67401,12,0,5,1,31,,67409,12,0,5,1,71,,67377,12,0,5,2,29,,67391,12,0,5,1,70,,67394,12,0,5,1,30,,67402,12,0,5,1,69,,67410,12,0,5,1,29,,67378,12,0,5,2,69,,67406,12,0,5,1,29,,67395,12,0,5,1,70,,67403,12,0,5,1,29,,67382,12,0,5,1,70,,67379,12,0,5,2,30,,67407,12,0,5,1,70,,67396,12,0,5,1,30,,67376,12,0,5,1
19801,'H56J000I-80-I',434,,67425,12,0,5,1,72,,67421,12,0,5,1,34,,67424,12,0,5,1,73,,67436,12,0,5,1,32,,67426,12,0,5,1,71,,67428,12,0,5,2,31,,67419,12,0,5,1,71,,67446,12,0,5,2,31,,67437,12,0,5,1,72,,67453,12,0,5,1,30,,67429,12,0,5,2,70,,67420,12,0,5,1,25,,67423,12,0,5,1,64,,67430,12,0,5,2,29,,67447,12,0,5,2,70,,67454,12,0,5,1,30,,67442,12,0,5,1,70,,67438,12,0,5,1,31,,67431,12,0,5,2,70,,67448,12,0,5,2,29,,67455,12,0,5,1,69,,67443,12,0,5,1,31,,67439,12,0,5,1,72,,67432,12,0,5,2,31,,67449,12,0,5,2,70,,67456,12,0,5,1,30,,67444,12,0,5,1,70,,67440,12,0,5,1,30,,67433,12,0,5,2,69,,67450,12,0,5,2,29,,67457,12,0,5,1,69,,67445,12,0,5,1,30,,67441,12,0,5,1,70,,67434,12,0,5,2,30,,67451,12,0,5,2,70,,67458,12,0,5,1,30,,67427,12,0,5,2,69,,67422,12,0,5,1,30,,67435,12,0,5,2,70,,67452,12,0,5,2,30,,67459,12,0,5,1
19801,'H56J000S-80-S',508,,67460,12,0,5,1,30,,67473,12,0,5,2,68,,67494,12,0,5,2,19,,67482,12,0,5,2,17,,67462,12,0,5,1,58,,67497,12,0,5,2,31,,67485,12,0,5,2,13,,67487,12,0,5,2,13,,67483,12,0,5,2,53,,67481,12,0,5,1,14,,67484,12,0,5,2,13,,67486,12,0,5,2,22,,67501,12,0,5,2,64,,67498,12,0,5,2,28,,67502,12,0,5,1,98,,67475,12,0,5,1,69,,67461,12,0,5,1,29,,67467,12,0,5,1,69,,67476,12,0,5,1,31,,67474,12,0,5,1,70,,67478,12,0,5,1,30,,67495,12,0,5,1,70,,67477,12,0,5,1,31,,67479,12,0,5,2,97,,67466,12,0,5,1,64,,67480,12,0,5,1,25,,67496,12,0,5,1,3,,67500,14,0,5,2,10,,67488,12,0,5,2,69,,67506,12,0,5,2,29,,67471,12,0,5,2,69,,67505,12,0,5,1,28,,67489,12,0,5,1,69,,67472,12,0,5,1,28,,67463,12,0,5,1,66,,67499,12,0,5,1,27,,67464,12,0,5,1,68,,67492,12,0,5,2,27,,67490,12,0,5,1,27,,67470,12,0,5,1,64,,67468,12,0,5,2,25,,67503,12,0,5,1,68,,67465,12,0,5,1,29,,67493,12,0,5,2,68,,67491,12,0,5,1,30,,67469,12,0,5,2,70,,67504,12,0,5,1
19801,'H56JV00A-80-A',433,,67530,12,0,5,1,72,,67513,12,0,5,2,32,,67517,12,0,5,1,73,,67508,12,0,5,1,32,,67531,12,0,5,1,72,,67514,12,0,5,2,31,,67518,12,0,5,1,72,,67520,12,0,5,1,31,,67516,12,0,5,1,70,,67532,12,0,5,1,27,,67549,12,0,5,2,67,,67544,12,0,5,1,27,,67547,12,0,5,2,66,,67537,12,0,5,1,25,,67548,12,0,5,1,24,,67507,12,0,5,1,66,,67550,12,0,5,2,25,,67545,12,0,5,1,64,,67519,12,0,5,1,23,,67538,12,0,5,1,22,,67525,12,0,5,1,62,,67522,12,0,5,1,19,,67533,12,0,5,1,18,,67551,12,0,5,2,60,,67541,12,0,5,1,20,,67546,12,0,5,1,20,,67521,12,0,5,1,63,,67523,12,0,5,1,26,,67526,12,0,5,1,70,,67534,12,0,5,1,31,,67542,12,0,5,1,71,,67510,12,0,5,2,29,,67524,12,0,5,1,70,,67527,12,0,5,1,30,,67535,12,0,5,1,69,,67543,12,0,5,1,29,,67511,12,0,5,2,69,,67539,12,0,5,1,29,,67528,12,0,5,1,70,,67536,12,0,5,1,29,,67515,12,0,5,1,70,,67512,12,0,5,2,30,,67540,12,0,5,1,70,,67529,12,0,5,1,30,,67509,12,0,5,1
19801,'H56JV00I-80-I',434,,67558,12,0,5,1,72,,67554,12,0,5,1,34,,67557,12,0,5,1,73,,67569,12,0,5,1,32,,67559,12,0,5,1,71,,67561,12,0,5,2,31,,67552,12,0,5,1,71,,67579,12,0,5,2,31,,67570,12,0,5,1,72,,67586,12,0,5,1,30,,67562,12,0,5,2,70,,67553,12,0,5,1,25,,67556,12,0,5,1,64,,67563,12,0,5,2,29,,67580,12,0,5,2,70,,67587,12,0,5,1,30,,67575,12,0,5,1,70,,67571,12,0,5,1,31,,67564,12,0,5,2,70,,67581,12,0,5,2,29,,67588,12,0,5,1,69,,67576,12,0,5,1,31,,67572,12,0,5,1,72,,67565,12,0,5,2,31,,67582,12,0,5,2,70,,67589,12,0,5,1,30,,67577,12,0,5,1,70,,67573,12,0,5,1,30,,67566,12,0,5,2,69,,67583,12,0,5,2,29,,67590,12,0,5,1,69,,67578,12,0,5,1,30,,67574,12,0,5,1,70,,67567,12,0,5,2,30,,67584,12,0,5,2,70,,67591,12,0,5,1,30,,67560,12,0,5,2,69,,67555,12,0,5,1,30,,67568,12,0,5,2,70,,67585,12,0,5,2,30,,67592,12,0,5,1
19801,'H56JV00S-80-S',508,,67593,12,0,5,1,30,,67606,12,0,5,2,68,,67627,12,0,5,1,19,,67615,12,0,5,2,17,,67595,12,0,5,1,58,,67630,12,0,5,1,31,,67618,12,0,5,1,13,,67620,12,0,5,2,13,,67616,12,0,5,2,53,,67614,12,0,5,1,14,,67617,12,0,5,2,13,,67619,12,0,5,2,22,,67634,12,0,5,2,64,,67631,12,0,5,2,28,,67635,12,0,5,1,98,,67608,12,0,5,1,69,,67594,12,0,5,1,29,,67600,12,0,5,1,69,,67609,12,0,5,1,31,,67607,12,0,5,1,70,,67611,12,0,5,1,30,,67628,12,0,5,1,70,,67610,12,0,5,1,31,,67612,12,0,5,2,97,,67599,12,0,5,1,64,,67613,12,0,5,1,25,,67629,12,0,5,1,3,,67633,14,0,5,2,10,,67621,12,0,5,1,69,,67639,12,0,5,2,29,,67604,12,0,5,2,69,,67638,12,0,5,1,28,,67622,12,0,5,1,69,,67605,12,0,5,1,28,,67596,12,0,5,1,66,,67632,12,0,5,1,27,,67597,12,0,5,1,68,,67625,12,0,5,2,27,,67623,12,0,5,1,27,,67603,12,0,5,1,64,,67601,12,0,5,2,25,,67636,12,0,5,1,68,,67598,12,0,5,1,29,,67626,12,0,5,2,68,,67624,12,0,5,1,30,,67602,12,0,5,2,70,,67637,12,0,5,1
19801,'H58J000S-81-S',1020,,67640,12,0,5,2
19801,'H58J000S-83-S',1020,,67641,12,0,5,2
19801,'H58JV00S-82-S',1020,,67642,12,0,5,2
19801,'H60J000S-98-S',1518,,67643,12,0,5,1
19801,'H60JV00S-98-S',1518,,67644,12,0,5,1
