11703,'H60J000A-80-A',703,,42607,5,0,8,1,44,,42608,5,0,8,1,85,,42609,5,0,8,1,85,,42610,5,0,8,1,85,,42611,5,0,8,1,45,,42612,5,0,8,1,84,,42613,5,0,8,1,85,,42614,5,0,8,1,85,,42615,5,0,8,1,45,,42616,5,0,8,1,84,,42617,5,0,8,1,84,,42618,5,0,8,1,86,,42619,5,0,8,1,46,,42620,5,0,8,1,84,,42621,5,0,8,1,84,,42622,5,0,8,1,44,,42623,5,0,8,1
11703,'H60J000I-80-I',858,,42624,5,0,8,1,85,,42625,5,0,8,1,84,,42626,5,0,8,1,85,,42627,5,0,8,1,45,,42628,5,0,8,1,85,,42629,5,0,8,1,85,,42630,5,0,8,1,85,,42631,5,0,8,1,45,,42632,5,0,8,1,85,,42633,5,0,8,1,85,,42634,5,0,8,1,84,,42635,5,0,8,1,43,,42636,5,0,8,1,83,,42637,5,0,8,1,84,,42638,5,0,8,1
11703,'H60J000S-98-S',547,,42650,5,0,8,1,83,,42651,5,0,8,1,72,,42654,5,0,8,1,33,,42644,5,0,8,1,71,,42655,5,0,8,1,32,,42658,5,0,8,2,74,,42656,5,0,8,1,36,,42657,5,0,8,2,84,,42653,5,0,8,1,85,,42652,5,0,8,1,85,,42639,5,0,8,1,45,,42659,5,0,8,1,85,,42645,5,0,8,1,85,,42660,5,0,8,1,32,,42661,5,0,8,1,70,,42640,5,0,8,2,31,,42646,5,0,8,1,69,,42641,5,0,8,2,31,,42647,5,0,8,1,67,,42642,5,0,8,2,32,,42648,5,0,8,1,64,,42643,5,0,8,2,27,,42649,5,0,8,1,63,,42662,5,0,8,1
11703,'H60JV00A-80-A',703,,42663,5,0,8,1,44,,42664,5,0,8,1,85,,42665,5,0,8,1,85,,42666,5,0,8,1,85,,42667,5,0,8,1,45,,42668,5,0,8,1,84,,42669,5,0,8,1,85,,42670,5,0,8,1,85,,42671,5,0,8,1,45,,42672,5,0,8,1,84,,42673,5,0,8,1,84,,42674,5,0,8,1,86,,42675,5,0,8,1,46,,42676,5,0,8,1,84,,42677,5,0,8,1,84,,42678,5,0,8,1,44,,42679,5,0,8,1
11703,'H60JV00I-80-I',858,,42680,5,0,8,1,85,,42681,5,0,8,1,84,,42682,5,0,8,1,85,,42683,5,0,8,1,45,,42684,5,0,8,1,85,,42685,5,0,8,1,85,,42686,5,0,8,1,85,,42687,5,0,8,1,45,,42688,5,0,8,1,85,,42689,5,0,8,1,85,,42690,5,0,8,1,84,,42691,5,0,8,1,43,,42692,5,0,8,1,83,,42693,5,0,8,1,84,,42694,5,0,8,1
11703,'H60JV00S-98-S',547,,42716,5,0,8,1,83,,42717,5,0,8,1,72,,42701,5,0,8,1,33,,42710,5,0,8,1,71,,42702,5,0,8,1,32,,42704,5,0,8,2,74,,42703,5,0,8,1,36,,42714,5,0,8,2,84,,42695,5,0,8,1,85,,42718,5,0,8,1,85,,42713,5,0,8,1,45,,42711,5,0,8,1,85,,42712,5,0,8,1,85,,42715,5,0,8,1,32,,42709,5,0,8,1,70,,42705,5,0,8,2,31,,42697,5,0,8,1,69,,42706,5,0,8,2,31,,42698,5,0,8,1,67,,42707,5,0,8,2,32,,42699,5,0,8,1,64,,42708,5,0,8,2,27,,42700,5,0,8,1,63,,42696,5,0,8,1
36802,'H57J000A-80-A',2644,,75573,74,0,10,1,61,,75569,74,0,10,1,19,,75570,74,0,10,1,29,,75575,74,0,10,1,70,,75571,74,0,10,1,34,,75574,74,0,10,2,83,,75572,74,0,10,1
36802,'H57J000I-80-I',2637,,75576,74,0,10,1,86,,75579,74,0,10,2,85,,75578,74,0,10,1,49,,75577,74,0,10,1,87,,75580,74,0,10,2
36802,'H57J000S-81-S',2640,,75581,74,0,10,1,81,,75582,74,0,10,1,93,,75585,74,0,10,1,97,,75583,74,0,10,1,38,,75584,74,0,10,1
36802,'H57JV00A-80-A',2644,,75591,74,0,10,1,61,,75590,74,0,10,1,19,,75587,74,0,10,1,29,,75592,74,0,10,1,70,,75588,74,0,10,1,34,,75586,74,0,10,2,83,,75589,74,0,10,1
36802,'H57JV00I-80-I',2637,,75594,74,0,10,1,86,,75596,74,0,10,2,85,,75593,74,0,10,1,49,,75595,74,0,10,1,87,,75597,74,0,10,2
36802,'H57JV00S-83-S',2640,,75599,74,0,10,1,81,,75598,74,0,10,1,93,,75601,74,0,10,1,97,,75600,74,0,10,1,38,,75602,74,0,10,1
