4504,'H58U000A-80-A',522,,231030,28,0,9,1,29,,231055,28,0,9,2,70,,231019,28,0,9,1,33,,231031,28,0,9,1,70,,231056,28,0,9,2,33,,231020,28,0,9,1,70,,231032,28,0,9,1,73,,231057,28,0,9,2,30,,231021,28,0,9,1,73,,231033,28,0,9,1,30,,231047,28,0,9,1,68,,231043,28,0,9,2,29,,231022,28,0,9,1,71,,231034,28,0,9,1,30,,231048,28,0,9,1,69,,231044,28,0,9,2,29,,231023,28,0,9,1,26,,231051,28,0,9,1,60,,231035,28,0,9,1,20,,231049,28,0,9,1,20,,231037,28,0,9,2,61,,231045,28,0,9,2,22,,231024,28,0,9,1,21,,231052,28,0,9,1,62,,231036,28,0,9,1,21,,231050,28,0,9,1,65,,231038,28,0,9,2,29,,231046,28,0,9,2,68,,231025,28,0,9,1,28,,231053,28,0,9,1,68,,231058,28,0,9,1,29,,231039,28,0,9,2,29,,231026,28,0,9,1,64,,231054,28,0,9,1,30,,231059,28,0,9,1,71,,231040,28,0,9,2,30,,231027,28,0,9,1,72,,231060,28,0,9,1,32,,231041,28,0,9,2,70,,231028,28,0,9,1,30,,231061,28,0,9,1,71,,231042,28,0,9,2,29,,231029,28,0,9,1,70,,231062,28,0,9,2
4504,'H58U000I-80-I',529,,231063,28,0,9,1,28,,231079,28,0,9,1,69,,231086,28,0,9,2,29,,231064,28,0,9,1,71,,231080,28,0,9,1,29,,231087,28,0,9,2,70,,231065,28,0,9,1,32,,231081,28,0,9,1,72,,231088,28,0,9,2,72,,231066,28,0,9,1,33,,231082,28,0,9,1,70,,231098,28,0,9,1,31,,231089,28,0,9,2,70,,231067,28,0,9,1,30,,231083,28,0,9,1,70,,231099,28,0,9,1,30,,231090,28,0,9,2,70,,231068,28,0,9,1,30,,231084,28,0,9,1,70,,231100,28,0,9,1,29,,231091,28,0,9,2,69,,231069,28,0,9,1,31,,231101,28,0,9,1,71,,231085,28,0,9,1,32,,231092,28,0,9,2,73,,231070,28,0,9,1,32,,231075,28,0,9,1,72,,231094,28,0,9,2,32,,231093,28,0,9,2,67,,231071,28,0,9,1,31,,231076,28,0,9,1,73,,231095,28,0,9,2,31,,231072,28,0,9,1,70,,231077,28,0,9,1,28,,231096,28,0,9,2,70,,231073,28,0,9,1,31,,231078,28,0,9,1,70,,231097,28,0,9,2,24,,231074,28,0,9,1
4504,'H58U000S-80-S',514,,231107,28,0,9,2,25,,231118,28,0,9,2,71,,231132,28,0,9,2,28,,231143,28,0,9,2,65,,231116,28,0,9,1,13,,231119,28,0,9,2,11,,231108,28,0,9,2,9,,231131,28,0,9,2,10,,231111,28,0,9,1,10,,231133,28,0,9,2,53,,231106,28,0,9,2,12,,231146,28,0,9,2,12,,231144,28,0,9,2,10,,231120,28,0,9,2,10,,231126,28,0,9,1,51,,231117,28,0,9,1,11,,231145,28,0,9,2,12,,231109,28,0,9,2,12,,231123,28,0,9,1,12,,231151,28,0,9,1,60,,231134,28,0,9,2,22,,231147,28,0,9,2,22,,231127,28,0,9,1,65,,231110,28,0,9,2,23,,231124,28,0,9,1,60,,231138,28,0,9,2,20,,231135,28,0,9,2,23,,231148,28,0,9,2,64,,231128,28,0,9,1,26,,231125,28,0,9,1,64,,231112,28,0,9,1,26,,231102,28,0,9,1,24,,231136,28,0,9,2,65,,231149,28,0,9,2,23,,231129,28,0,9,1,64,,231113,28,0,9,1,20,,231152,28,0,9,2,20,,231103,28,0,9,1,63,,231137,28,0,9,2,24,,231150,28,0,9,2,23,,231130,28,0,9,1,67,,231114,28,0,9,1,32,,231104,28,0,9,1,70,,231153,28,0,9,2,30,,231139,28,0,9,1,68,,231115,28,0,9,1,30,,231105,28,0,9,1,71,,231154,28,0,9,2,31,,231140,28,0,9,1,70,,231121,28,0,9,2,32,,231155,28,0,9,2,70,,231141,28,0,9,1,28,,231122,28,0,9,2,71,,231156,28,0,9,2,33,,231142,28,0,9,1
4504,'H58U100F-80-F1',529,,231157,28,0,9,1,28,,231173,28,0,9,1,69,,231180,28,0,9,2,29,,231158,28,0,9,1,71,,231174,28,0,9,1,29,,231181,28,0,9,2,70,,231159,28,0,9,1,32,,231175,28,0,9,1,72,,231182,28,0,9,2,72,,231160,28,0,9,1,33,,231176,28,0,9,1,70,,231192,28,0,9,1,31,,231183,28,0,9,2,70,,231161,28,0,9,1,30,,231177,28,0,9,1,70,,231193,28,0,9,1,30,,231184,28,0,9,2,70,,231162,28,0,9,1,30,,231178,28,0,9,1,70,,231194,28,0,9,1,29,,231185,28,0,9,2,69,,231163,28,0,9,1,31,,231195,28,0,9,1,71,,231179,28,0,9,1,32,,231186,28,0,9,2,73,,231164,28,0,9,1,32,,231169,28,0,9,1,72,,231188,28,0,9,2,32,,231187,28,0,9,2,67,,231165,28,0,9,1,31,,231170,28,0,9,1,73,,231189,28,0,9,2,31,,231166,28,0,9,1,70,,231171,28,0,9,1,28,,231190,28,0,9,2,70,,231167,28,0,9,1,31,,231172,28,0,9,1,70,,231191,28,0,9,2,24,,231168,28,0,9,1
4504,'H58U200F-80-F2',529,,231203,28,0,9,2,28,,231215,28,0,9,1,69,,231222,28,0,9,2,29,,231204,28,0,9,2,71,,231216,28,0,9,1,29,,231223,28,0,9,2,70,,231205,28,0,9,2,32,,231217,28,0,9,1,72,,231224,28,0,9,2,72,,231206,28,0,9,2,33,,231218,28,0,9,1,70,,231196,28,0,9,2,31,,231225,28,0,9,2,70,,231212,28,0,9,1,30,,231219,28,0,9,1,70,,231197,28,0,9,2,30,,231226,28,0,9,2,70,,231213,28,0,9,1,30,,231220,28,0,9,1,70,,231198,28,0,9,2,29,,231227,28,0,9,2,69,,231214,28,0,9,1,31,,231207,28,0,9,2,71,,231221,28,0,9,1,32,,231228,28,0,9,2,73,,231230,28,0,9,1,32,,231199,28,0,9,2,72,,231208,28,0,9,1,32,,231229,28,0,9,2,67,,231231,28,0,9,1,31,,231200,28,0,9,2,73,,231209,28,0,9,1,31,,231232,28,0,9,1,70,,231201,28,0,9,2,28,,231210,28,0,9,1,70,,231233,28,0,9,1,31,,231202,28,0,9,2,70,,231211,28,0,9,1,24,,231234,28,0,9,1
35904,'H57U000A-80-A',2552,,277103,28,0,9,1,75,,277104,28,0,9,1,74,,277106,28,0,9,1,34,,277107,28,0,9,1,75,,277105,28,0,9,1,35,,277108,28,0,9,1
35904,'H57U000I-80-I',2516,,277112,28,0,9,1,35,,277109,28,0,9,1,75,,277113,28,0,9,1,75,,277110,28,0,9,1,35,,277114,28,0,9,1,75,,277111,28,0,9,1,35,,277115,28,0,9,1
35904,'H57U000S-81-S',2517,,277118,28,0,9,1,34,,277116,28,0,9,1,77,,277121,28,0,9,1,75,,277119,28,0,9,1,32,,277117,28,0,9,1,78,,277120,28,0,9,1,33,,277122,28,0,9,1
35904,'H57U100F-80-F1',2516,,277126,28,0,9,1,35,,277123,28,0,9,1,75,,277127,28,0,9,1,75,,277124,28,0,9,1,35,,277128,28,0,9,1,75,,277125,28,0,9,1,35,,277129,28,0,9,1
35904,'H57U200F-80-F2',2516,,277133,28,0,9,1,35,,277130,28,0,9,1,75,,277134,28,0,9,1,75,,277131,28,0,9,1,35,,277135,28,0,9,1,75,,277132,28,0,9,1,35,,277136,28,0,9,1
44502,'H51U000S-83-S',645,,279759,13,0,10,1,55,,279760,13,0,10,2,15,,279761,13,0,10,2,16,,279762,13,0,10,2,15,,279764,13,0,10,1,55,,279766,13,0,10,1,15,,279767,13,0,10,2,16,,279768,13,0,10,2,16,,279769,13,0,10,2,54,,279763,13,0,10,2,16,,279765,13,0,10,1
