3402,'H59M000A-70-A',535,,96196,23,0,10,1,71,,96198,23,0,10,1,31,,96197,23,0,10,1,70,,96199,23,0,10,1,29,,96182,23,0,10,1,72,,96200,23,0,10,1,31,,96183,23,0,10,1,70,,96201,23,0,10,1,30,,96184,23,0,10,1,70,,96202,23,0,10,1,30,,96185,23,0,10,1,68,,96203,23,0,10,1,30,,96186,23,0,10,1,72,,96204,23,0,10,1,29,,96187,23,0,10,1,72,,96205,23,0,10,1,29,,96188,23,0,10,1,72,,96206,23,0,10,1,29,,96189,23,0,10,1,72,,96207,23,0,10,1,30,,96190,23,0,10,1,72,,96208,23,0,10,1,31,,96191,23,0,10,1,72,,96209,23,0,10,1,30,,96192,23,0,10,1,72,,96210,23,0,10,1,30,,96193,23,0,10,1,70,,96211,23,0,10,1,27,,96194,23,0,10,1,66,,96212,23,0,10,1,28,,96195,23,0,10,1,68,,96213,23,0,10,1,25,,96214,23,0,10,2,26,,96177,23,0,10,1,63,,96215,23,0,10,2,25,,96178,23,0,10,1,64,,96216,23,0,10,2,23,,96179,23,0,10,1,24,,96217,23,0,10,2,62,,96180,23,0,10,1,25,,96218,23,0,10,2,67,,96181,23,0,10,1,23,,96219,23,0,10,2
3402,'H59M000I-70-I',535,,96220,23,0,10,1,66,,96241,23,0,10,1,32,,96221,23,0,10,1,69,,96242,23,0,10,1,30,,96222,23,0,10,1,70,,96243,23,0,10,1,31,,96223,23,0,10,1,72,,96244,23,0,10,1,30,,96224,23,0,10,1,70,,96245,23,0,10,1,30,,96225,23,0,10,1,69,,96246,23,0,10,1,31,,96226,23,0,10,1,70,,96247,23,0,10,1,31,,96227,23,0,10,1,69,,96248,23,0,10,1,31,,96228,23,0,10,1,69,,96249,23,0,10,1,31,,96229,23,0,10,1,70,,96250,23,0,10,1,30,,96230,23,0,10,1,71,,96251,23,0,10,1,30,,96231,23,0,10,1,70,,96252,23,0,10,1,30,,96232,23,0,10,1,69,,96253,23,0,10,1,31,,96233,23,0,10,1,70,,96254,23,0,10,1,30,,96234,23,0,10,1,69,,96255,23,0,10,1,30,,96235,23,0,10,1,70,,96256,23,0,10,1,30,,96236,23,0,10,1,70,,96257,23,0,10,1,30,,96237,23,0,10,1,70,,96258,23,0,10,2,30,,96238,23,0,10,1,69,,96259,23,0,10,2,30,,96239,23,0,10,1,69,,96260,23,0,10,2,31,,96240,23,0,10,1
3402,'H59M000S-70-S',540,,96267,23,0,10,1,73,,96279,23,0,10,1,33,,96268,23,0,10,1,65,,96280,23,0,10,1,20,,96285,23,0,10,1,21,,96261,23,0,10,1,56,,96292,23,0,10,2,14,,96281,23,0,10,1,13,,96294,23,0,10,1,13,,96286,23,0,10,1,55,,96262,23,0,10,1,21,,96293,23,0,10,2,30,,96287,23,0,10,1,70,,96263,23,0,10,1,31,,96288,23,0,10,1,70,,96264,23,0,10,1,30,,96289,23,0,10,1,70,,96265,23,0,10,1,31,,96290,23,0,10,1,70,,96266,23,0,10,1,31,,96291,23,0,10,1,70,,96282,23,0,10,2,28,,96295,23,0,10,1,72,,96269,23,0,10,1,24,,96283,23,0,10,2,67,,96296,23,0,10,1,26,,96270,23,0,10,1,65,,96284,23,0,10,2,29,,96305,23,0,10,2,67,,96271,23,0,10,1,30,,96297,23,0,10,1,70,,96298,23,0,10,2,29,,96272,23,0,10,1,71,,96299,23,0,10,2,29,,96273,23,0,10,1,71,,96300,23,0,10,2,30,,96274,23,0,10,1,70,,96301,23,0,10,2,30,,96275,23,0,10,1,70,,96302,23,0,10,2,28,,96276,23,0,10,1,68,,96303,23,0,10,2,28,,96277,23,0,10,1,28,,96304,23,0,10,2,73,,96278,23,0,10,1
3402,'H59M100F-70-F1',535,,96306,23,0,10,1,66,,96328,23,0,10,1,32,,96307,23,0,10,1,69,,96329,23,0,10,1,30,,96308,23,0,10,1,70,,96326,23,0,10,1,31,,96309,23,0,10,1,72,,96330,23,0,10,1,30,,96310,23,0,10,1,70,,96331,23,0,10,1,30,,96311,23,0,10,1,69,,96332,23,0,10,1,31,,96312,23,0,10,1,70,,96336,23,0,10,1,31,,96313,23,0,10,1,69,,96333,23,0,10,1,31,,96314,23,0,10,1,69,,96337,23,0,10,1,31,,96315,23,0,10,1,70,,96334,23,0,10,1,30,,96316,23,0,10,1,71,,96335,23,0,10,1,30,,96317,23,0,10,1,70,,96338,23,0,10,1,30,,96318,23,0,10,1,69,,96339,23,0,10,1,31,,96319,23,0,10,1,70,,96340,23,0,10,1,30,,96320,23,0,10,1,69,,96341,23,0,10,1,30,,96321,23,0,10,1,70,,96342,23,0,10,1,30,,96322,23,0,10,1,70,,96343,23,0,10,1,30,,96323,23,0,10,1,70,,96344,23,0,10,2,30,,96327,23,0,10,1,69,,96345,23,0,10,2,30,,96324,23,0,10,1,69,,96346,23,0,10,2,31,,96325,23,0,10,1
3402,'H59M200F-70-F2',535,,96347,23,0,10,1,66,,96368,23,0,10,1,32,,96348,23,0,10,1,69,,96369,23,0,10,1,30,,96349,23,0,10,1,70,,96370,23,0,10,1,31,,96350,23,0,10,1,72,,96371,23,0,10,1,30,,96351,23,0,10,1,70,,96372,23,0,10,1,30,,96352,23,0,10,1,69,,96373,23,0,10,1,31,,96353,23,0,10,1,70,,96374,23,0,10,1,31,,96355,23,0,10,1,69,,96375,23,0,10,1,31,,96354,23,0,10,1,69,,96376,23,0,10,1,31,,96356,23,0,10,1,70,,96377,23,0,10,1,30,,96357,23,0,10,1,71,,96378,23,0,10,1,30,,96358,23,0,10,1,70,,96379,23,0,10,1,30,,96359,23,0,10,1,69,,96380,23,0,10,1,31,,96360,23,0,10,1,70,,96381,23,0,10,1,30,,96361,23,0,10,1,69,,96383,23,0,10,1,30,,96362,23,0,10,1,70,,96384,23,0,10,1,30,,96363,23,0,10,1,70,,96382,23,0,10,1,30,,96364,23,0,10,1,70,,96385,23,0,10,2,30,,96365,23,0,10,1,69,,96386,23,0,10,2,30,,96366,23,0,10,1,69,,96387,23,0,10,2,31,,96367,23,0,10,1
3402,'H59M300F-80-F3',535,,166491,23,0,10,2,66,,166511,23,0,10,1,32,,166492,23,0,10,2,69,,166512,23,0,10,1,30,,166493,23,0,10,2,70,,166513,23,0,10,1,31,,166494,23,0,10,2,72,,166514,23,0,10,1,30,,166495,23,0,10,2,70,,166515,23,0,10,1,30,,166496,23,0,10,2,69,,166516,23,0,10,1,31,,166497,23,0,10,2,70,,166517,23,0,10,1,33,,166498,23,0,10,2,69,,166518,23,0,10,1,31,,166499,23,0,10,2,70,,166519,23,0,10,1,28,,166500,23,0,10,2,70,,166520,23,0,10,1,30,,166501,23,0,10,2,69,,166521,23,0,10,1,31,,166502,23,0,10,2,70,,166522,23,0,10,1,30,,166503,23,0,10,2,70,,166523,23,0,10,1,30,,166504,23,0,10,2,71,,166524,23,0,10,1,30,,166505,23,0,10,2,69,,166525,23,0,10,1,30,,166506,23,0,10,2,70,,166526,23,0,10,1,30,,166507,23,0,10,2,70,,166527,23,0,10,1,30,,166508,23,0,10,2,70,,166529,23,0,10,1,30,,166509,23,0,10,2,69,,166530,23,0,10,1,30,,166510,23,0,10,2,69,,166531,23,0,10,1,31,,166528,23,0,10,1
35802,'H59M000A-70-A',2503,,154346,5,0,10,2,27,,154342,5,0,10,1,71,,154347,5,0,10,2,31,,154343,5,0,10,1,69,,154348,5,0,10,2,20,,154351,5,0,10,1,17,,154344,5,0,10,1,69,,154349,5,0,10,2,30,,154345,5,0,10,1,69,,154350,5,0,10,2
35802,'H59M000I-70-I',2503,,154356,5,0,10,2,30,,154352,5,0,10,1,70,,154357,5,0,10,2,30,,154353,5,0,10,1,70,,154358,5,0,10,2,30,,154354,5,0,10,1,70,,154359,5,0,10,2,30,,154355,5,0,10,1,70,,154360,5,0,10,2
35802,'H59M000S-70-S',2503,,154361,5,0,10,1,30,,154366,5,0,10,2,70,,154362,5,0,10,1,30,,154367,5,0,10,2,70,,154363,5,0,10,1,30,,154368,5,0,10,2,70,,154364,5,0,10,1,30,,154369,5,0,10,2,70,,154365,5,0,10,1
35802,'H59M000S-70-SV',2618,,154373,5,0,10,2,30,,154370,5,0,10,2,70,,154374,5,0,10,2,30,,154371,5,0,10,2,70,,154375,5,0,10,2,30,,154372,5,0,10,2
35802,'H59M100F-70-F1',2503,,154380,5,0,10,2,30,,154376,5,0,10,1,70,,154381,5,0,10,2,30,,154377,5,0,10,1,70,,154382,5,0,10,2,30,,154378,5,0,10,1,70,,154383,5,0,10,2,30,,154379,5,0,10,1,70,,154384,5,0,10,2
35802,'H59M200F-70-F2',2503,,154389,5,0,10,2,30,,154385,5,0,10,1,70,,154390,5,0,10,2,30,,154386,5,0,10,1,70,,154391,5,0,10,2,30,,154387,5,0,10,1,70,,154392,5,0,10,2,30,,154388,5,0,10,1,70,,154393,5,0,10,2
35802,'H59M300F-80-F3',2503,,175829,5,0,10,1,30,,175834,5,0,10,2,70,,175830,5,0,10,1,30,,175835,5,0,10,2,70,,175831,5,0,10,1,30,,175836,5,0,10,2,70,,175832,5,0,10,1,30,,175837,5,0,10,2,70,,175833,5,0,10,1
