'26J-H58J000S-81-S',4101,53810,0,'Est',2,2000,0,'Est',1,6000,0,'Est',2,2800,0,'Est',2,7100,0,'Est',2,3220,0,'Est',1,6900,0,'Est',1,3100,0,'Est',2,6280,0,'Est',2,2800,0,'Est',1,6900,0,'Est',1,2900,0,'Est',1,1900,0,'Est',1,6900,0,'Est',2,2900,0,'Est',1,6800,0,'Est',1,2920,0,'Est',1,6700,0,'Est',1,2700,0,'Est',2,6400,0,'Est',1,2200,0,'Est',1,2200,0,'Est',1,7320,0,'Est',1,7300,0,'Est',1,3200,0,'Est',2,7100,0,'Est',1,2780,0,'Est',2,2600,0,'Est',1,6700,0,'Est',1,2600,0,'Est',1,6700,0,'Est',2,2880,0,'Est',1,7100,0,'Est',2,2900,0,'Est',1,6700,0,'Est',2
'26J-H58JV00S-82-S',4101,53810,0,'Est',2,2000,0,'Est',1,6000,0,'Est',2,2800,0,'Est',2,7100,0,'Est',1,3220,0,'Est',1,6900,0,'Est',1,3100,0,'Est',2,6280,0,'Est',1,2800,0,'Est',1,6900,0,'Est',1,2900,0,'Est',1,1900,0,'Est',1,6900,0,'Est',2,2900,0,'Est',1,6800,0,'Est',1,2920,0,'Est',1,6700,0,'Est',1,2700,0,'Est',2,6400,0,'Est',1,2200,0,'Est',1,2200,0,'Est',1,7320,0,'Est',1,7300,0,'Est',1,3200,0,'Est',2,7100,0,'Est',1,2780,0,'Est',2,2600,0,'Est',1,6700,0,'Est',1,2600,0,'Est',1,6700,0,'Est',2,2880,0,'Est',1,7100,0,'Est',2,2900,0,'Est',1,6700,0,'Est',2
'26J-H58J000A-83-A',14001,55810,0,'Est',2,7000,0,'Est',1,3000,0,'Est',2,7000,0,'Est',2,3000,0,'Est',1,6910,0,'Est',2,2900,0,'Est',2,6900,0,'Est',1,3100,0,'Est',2,7000,0,'Est',2,3200,0,'Est',1,7200,0,'Est',2,7280,0,'Est',2,3000,0,'Est',1,6900,0,'Est',2,2800,0,'Est',2,2900,0,'Est',1,6900,0,'Est',2,2200,0,'Est',2,6400,0,'Est',2,2400,0,'Est',1,6400,0,'Est',1,2000,0,'Est',2,1940,0,'Est',2,6000,0,'Est',2,2100,0,'Est',1,2100,0,'Est',1,6500,0,'Est',2,3000,0,'Est',2,6780,0,'Est',1,3000,0,'Est',2,7000,0,'Est',2,3600,0,'Est',1,7600,0,'Est',2,3500,0,'Est',2,7500,0,'Est',1,7400,0,'Est',2,3300,0,'Est',2,7400,0,'Est',1,3300,0,'Est',2,7190,0,'Est',1,2740,0,'Est',1,6900,0,'Est',1
'26J-H58J000I-81-I',14001,60710,0,'Est',1,3200,0,'Est',1,7200,0,'Est',2,3100,0,'Est',1,7000,0,'Est',1,2910,0,'Est',2,7000,0,'Est',1,3000,0,'Est',1,7000,0,'Est',2,3200,0,'Est',1,7100,0,'Est',1,3000,0,'Est',2,7000,0,'Est',1,3000,0,'Est',1,6900,0,'Est',2,3020,0,'Est',1,7000,0,'Est',1,3000,0,'Est',2,7000,0,'Est',1,3000,0,'Est',1,7000,0,'Est',2,2600,0,'Est',2,6500,0,'Est',1,2600,0,'Est',1,2800,0,'Est',1,7080,0,'Est',1,2900,0,'Est',1,7100,0,'Est',1,2900,0,'Est',1,6900,0,'Est',1,2900,0,'Est',1,7100,0,'Est',1,7300,0,'Est',1,3300,0,'Est',2,7200,0,'Est',2,3130,0,'Est',1,7100,0,'Est',2,3000,0,'Est',2,7200,0,'Est',1,2900,0,'Est',1
'26J-H58J000S-81-S',14001,61110,0,'Est',2,3000,0,'Est',1,6800,0,'Est',2,3330,0,'Est',2,7200,0,'Est',1,3100,0,'Est',2,7100,0,'Est',1,2900,0,'Est',2,6900,0,'Est',1,2900,0,'Est',2,7000,0,'Est',1,3000,0,'Est',2,7000,0,'Est',1,2900,0,'Est',2,6800,0,'Est',1,2700,0,'Est',2,6800,0,'Est',1,2670,0,'Est',2,2300,0,'Est',1,7100,0,'Est',2,2600,0,'Est',1,6000,0,'Est',2,1800,0,'Est',1,2200,0,'Est',1,5700,0,'Est',2,1700,0,'Est',1,1790,0,'Est',1,5700,0,'Est',2,2000,0,'Est',1,2600,0,'Est',1,6420,0,'Est',1,2900,0,'Est',2,7000,0,'Est',1,2900,0,'Est',1,7000,0,'Est',1,3000,0,'Est',2,7100,0,'Est',1,3390,0,'Est',1,7400,0,'Est',1,3700,0,'Est',2,7700,0,'Est',1,7700,0,'Est',2,3000,0,'Est',2
'26J-H58JV00A-80-A',14001,55810,0,'Est',2,7000,0,'Est',1,3000,0,'Est',2,7000,0,'Est',2,3000,0,'Est',1,6910,0,'Est',2,2900,0,'Est',2,6900,0,'Est',1,3100,0,'Est',2,7000,0,'Est',2,3200,0,'Est',1,7200,0,'Est',2,7280,0,'Est',2,3000,0,'Est',1,6900,0,'Est',2,2800,0,'Est',2,2900,0,'Est',1,6900,0,'Est',2,2200,0,'Est',2,6400,0,'Est',2,2400,0,'Est',1,6400,0,'Est',1,2000,0,'Est',2,1940,0,'Est',2,6000,0,'Est',2,2100,0,'Est',1,2100,0,'Est',1,6500,0,'Est',2,3000,0,'Est',2,6780,0,'Est',1,3000,0,'Est',2,7000,0,'Est',2,3600,0,'Est',1,7600,0,'Est',2,3500,0,'Est',2,7500,0,'Est',1,7400,0,'Est',2,3300,0,'Est',2,7400,0,'Est',1,3300,0,'Est',2,7190,0,'Est',1,2740,0,'Est',1,6900,0,'Est',1
'26J-H58JV00I-80-I',14001,60710,0,'Est',1,3200,0,'Est',1,7200,0,'Est',2,3100,0,'Est',1,7000,0,'Est',1,2910,0,'Est',2,7000,0,'Est',1,3000,0,'Est',1,7000,0,'Est',2,3200,0,'Est',1,7100,0,'Est',1,3000,0,'Est',2,7000,0,'Est',1,3000,0,'Est',1,6900,0,'Est',2,3020,0,'Est',1,7000,0,'Est',1,3000,0,'Est',2,7000,0,'Est',1,3000,0,'Est',1,7000,0,'Est',2,2600,0,'Est',2,6500,0,'Est',1,2600,0,'Est',1,2800,0,'Est',1,7080,0,'Est',1,2900,0,'Est',1,7100,0,'Est',1,2900,0,'Est',1,6900,0,'Est',1,2900,0,'Est',1,7100,0,'Est',1,7300,0,'Est',1,3300,0,'Est',2,7200,0,'Est',2,3130,0,'Est',1,7100,0,'Est',2,3000,0,'Est',2,7200,0,'Est',1,2900,0,'Est',1
'26J-H58JV00S-82-S',14001,61110,0,'Est',2,3000,0,'Est',1,6800,0,'Est',2,3330,0,'Est',2,7200,0,'Est',1,3100,0,'Est',2,7100,0,'Est',1,2900,0,'Est',1,6900,0,'Est',1,2900,0,'Est',2,7000,0,'Est',1,3000,0,'Est',1,7000,0,'Est',1,2900,0,'Est',2,6800,0,'Est',1,2700,0,'Est',1,6800,0,'Est',1,2670,0,'Est',2,2300,0,'Est',1,7100,0,'Est',1,2600,0,'Est',1,6000,0,'Est',2,1800,0,'Est',1,2200,0,'Est',1,5700,0,'Est',2,1700,0,'Est',1,1790,0,'Est',1,5700,0,'Est',2,2000,0,'Est',1,2600,0,'Est',1,6420,0,'Est',1,2900,0,'Est',2,7000,0,'Est',1,2900,0,'Est',1,7000,0,'Est',1,3000,0,'Est',2,7100,0,'Est',1,3390,0,'Est',1,7400,0,'Est',1,3700,0,'Est',2,7700,0,'Est',1,7700,0,'Est',2,3000,0,'Est',2
'26J-H60J000S-98-S',14001,54210,0,'Est',2
'26J-H60JV00S-98-S',14001,54210,0,'Est',2
