4501,'H51M000S-70-S',637,,100127,27,,,2,205,,100128,27,,,2,174,,100129,27,,,1
4501,'H58M000A-70-A',521,,100138,27,,,2,29,,100141,27,,,1,70,,100147,27,,,2,33,,100139,27,,,2,70,,100142,27,,,1,33,,100148,27,,,2,70,,100140,27,,,2,33,,100143,27,,,1,70,,100149,27,,,2,71,,100130,27,,,1,31,,100156,27,,,1,69,,100144,27,,,1,29,,100150,27,,,2,71,,100131,27,,,1,30,,100157,27,,,1,21,,100145,27,,,1,61,,100165,27,,,1,21,,100151,27,,,2,21,,100152,27,,,1,60,,100132,27,,,1,21,,100158,27,,,1,69,,100146,27,,,1,29,,100171,27,,,2,70,,100153,27,,,1,33,,100159,27,,,1,70,,100166,27,,,1,29,,100172,27,,,2,68,,100133,27,,,1,28,,100154,27,,,1,28,,100160,27,,,1,69,,100167,27,,,1,29,,100134,27,,,1,64,,100155,27,,,1,30,,100161,27,,,1,71,,100168,27,,,1,30,,100135,27,,,1,72,,100162,27,,,1,32,,100169,27,,,1,70,,100136,27,,,1,30,,100163,27,,,1,71,,100170,27,,,1,29,,100137,27,,,1,70,,100164,27,,,1
4501,'H58M000I-70-I',528,,100181,27,,,2,28,,100190,27,,,1,69,,100201,27,,,1,29,,100182,27,,,2,71,,100191,27,,,1,29,,100202,27,,,1,70,,100183,27,,,2,32,,100192,27,,,1,72,,100203,27,,,1,72,,100184,27,,,2,33,,100193,27,,,1,70,,100173,27,,,2,31,,100204,27,,,1,70,,100185,27,,,2,30,,100194,27,,,1,69,,100174,27,,,2,31,,100205,27,,,1,70,,100186,27,,,2,31,,100195,27,,,1,71,,100175,27,,,2,29,,100206,27,,,1,70,,100187,27,,,2,31,,100196,27,,,1,70,,100176,27,,,2,31,,100207,27,,,1,71,,100188,27,,,2,32,,100197,27,,,1,72,,100177,27,,,2,32,,100208,27,,,1,68,,100189,27,,,2,31,,100198,27,,,1,71,,100178,27,,,2,32,,100209,27,,,1,71,,100199,27,,,1,28,,100179,27,,,2,70,,100210,27,,,1,31,,100200,27,,,1,70,,100180,27,,,2,24,,100211,27,,,1
4501,'H58M000S-70-S',513,,100212,27,,,1,25,,100216,27,,,1,71,,100227,27,,,1,93,,100213,27,,,1,13,,100217,27,,,1,13,,100231,27,,,2,17,,100215,27,,,2,57,,100228,27,,,1,8,,100248,27,,,2,22,,100241,27,,,1,71,,100233,27,,,2,11,,100214,27,,,1,12,,100218,27,,,1,12,,100232,27,,,2,12,,100222,27,,,2,52,,100229,27,,,1,35,,100242,27,,,1,21,,100234,27,,,2,63,,100219,27,,,1,21,,100223,27,,,2,60,,100238,27,,,2,20,,100230,27,,,1,21,,100243,27,,,1,61,,100235,27,,,2,20,,100220,27,,,1,21,,100224,27,,,2,62,,100249,27,,,2,23,,100239,27,,,2,23,,100244,27,,,1,63,,100236,27,,,2,22,,100221,27,,,1,64,,100251,27,,,1,20,,100250,27,,,2,21,,100240,27,,,2,61,,100245,27,,,1,24,,100237,27,,,2,23,,100258,27,,,2,67,,100252,27,,,1,32,,100260,27,,,2,70,,100246,27,,,1,30,,100259,27,,,2,68,,100253,27,,,1,30,,100261,27,,,2,71,,100247,27,,,1,31,,100262,27,,,2,68,,100225,27,,,1,32,,100254,27,,,2,72,,100256,27,,,2,30,,100226,27,,,1,69,,100255,27,,,2,33,,100257,27,,,2
4501,'H58M100F-70-F1',528,,100274,27,,,1,28,,100263,27,,,2,69,,100299,27,,,1,29,,100276,27,,,1,71,,100264,27,,,2,29,,100300,27,,,1,70,,100277,27,,,1,32,,100265,27,,,2,72,,100301,27,,,1,72,,100275,27,,,1,33,,100266,27,,,2,70,,100291,27,,,1,31,,100286,27,,,2,70,,100278,27,,,1,30,,100267,27,,,2,69,,100292,27,,,1,31,,100288,27,,,2,70,,100279,27,,,1,31,,100268,27,,,2,71,,100293,27,,,1,29,,100289,27,,,2,70,,100280,27,,,1,31,,100269,27,,,2,70,,100294,27,,,1,31,,100287,27,,,2,71,,100281,27,,,1,32,,100270,27,,,2,72,,100295,27,,,1,32,,100290,27,,,2,68,,100282,27,,,1,31,,100271,27,,,2,71,,100296,27,,,1,32,,100283,27,,,1,71,,100272,27,,,2,28,,100297,27,,,1,70,,100284,27,,,1,31,,100273,27,,,2,70,,100298,27,,,1,24,,100285,27,,,1
4501,'H58M200F-70-F2',528,,100313,27,,,1,28,,100302,27,,,2,69,,100338,27,,,1,29,,100315,27,,,1,71,,100303,27,,,2,29,,100339,27,,,1,70,,100316,27,,,1,32,,100304,27,,,2,72,,100340,27,,,1,72,,100314,27,,,1,33,,100305,27,,,2,70,,100330,27,,,1,31,,100325,27,,,2,70,,100317,27,,,1,30,,100306,27,,,2,69,,100331,27,,,1,31,,100327,27,,,2,70,,100318,27,,,1,31,,100307,27,,,2,71,,100332,27,,,1,29,,100328,27,,,2,70,,100319,27,,,1,31,,100308,27,,,2,70,,100333,27,,,1,31,,100326,27,,,2,71,,100320,27,,,1,32,,100309,27,,,2,72,,100334,27,,,1,32,,100329,27,,,2,68,,100321,27,,,1,31,,100310,27,,,2,71,,100335,27,,,1,32,,100322,27,,,1,71,,100311,27,,,2,28,,100336,27,,,1,70,,100323,27,,,1,31,,100312,27,,,2,70,,100337,27,,,1,24,,100324,27,,,1
4501,'H58M300F-70-F3',528,,100352,27,,,1,28,,100341,27,,,2,69,,100377,27,,,1,29,,100354,27,,,1,71,,100342,27,,,2,29,,100378,27,,,1,70,,100355,27,,,1,32,,100343,27,,,2,72,,100379,27,,,1,72,,100353,27,,,1,33,,100344,27,,,2,70,,100369,27,,,1,31,,100364,27,,,2,70,,100356,27,,,1,30,,100345,27,,,2,69,,100370,27,,,1,31,,100366,27,,,2,70,,100357,27,,,1,31,,100346,27,,,2,71,,100371,27,,,1,29,,100367,27,,,2,70,,100358,27,,,1,31,,100347,27,,,2,70,,100372,27,,,1,31,,100365,27,,,2,71,,100359,27,,,1,32,,100348,27,,,2,72,,100373,27,,,1,32,,100368,27,,,2,68,,100360,27,,,1,31,,100349,27,,,2,71,,100374,27,,,1,32,,100361,27,,,1,71,,100350,27,,,2,28,,100375,27,,,1,70,,100362,27,,,1,31,,100351,27,,,2,70,,100376,27,,,1,24,,100363,27,,,1
4501,'H59M000S-70-S',737,,100381,27,,,2,17,,100380,27,,,2,66,,100382,27,,,2,32,,100383,27,,,2
35901,'H57M000A-70-A',2551,,154447,27,,,1,76,,154450,27,,,2,74,,154445,27,,,1,34,,154448,27,,,2,75,,154446,27,,,1,35,,154449,27,,,2
35901,'H57M000I-70-I',2515,,154451,27,,,1,35,,154455,27,,,1,75,,154452,27,,,1,75,,154456,27,,,1,35,,154453,27,,,1,76,,154457,27,,,1,35,,154454,27,,,1
35901,'H57M000S-70-S',2516,,154462,27,,,1,34,,154458,27,,,1,77,,154461,27,,,1,75,,154463,27,,,1,33,,154459,27,,,1,78,,154464,27,,,1,33,,154460,27,,,1
35901,'H57M100F-70-F1',2515,,154467,27,,,1,35,,154471,27,,,2,75,,154468,27,,,1,75,,154465,27,,,1,35,,154470,27,,,1,76,,154466,27,,,1,35,,154469,27,,,1
35901,'H57M200F-70-F2',2515,,154475,27,,,1,35,,154474,27,,,2,75,,154476,27,,,1,75,,154473,27,,,1,35,,154477,27,,,1,76,,154472,27,,,1,35,,154478,27,,,1
35901,'H57M300F-70-F3',2515,,154479,27,,,1,35,,154483,27,,,1,75,,154480,27,,,1,75,,154484,27,,,1,35,,154481,27,,,1,76,,154485,27,,,1,35,,154482,27,,,1
44501,'H51M000S-70-S',644,,157421,13,,,1,12,,157422,13,,,2,64,,157423,13,,,1,138,,157424,13,,,1
44501,'H59M000S-70-S',708,,157428,13,,,1,24,,157429,13,,,2,12,,157431,13,,,2,15,,157427,13,,,2,55,,157426,13,,,2,15,,157432,13,,,2,15,,157430,13,,,2,69,,157425,13,,,1
