20201,'H50J000S-83-S',1716,,68655,28,0,5,1
20201,'H50JV00S-82-S',1716,,68656,28,0,5,1
20201,'H56J000S-80-S',603,,68658,28,0,5,1
20201,'H56JV00S-80-S',603,,68660,28,0,5,1
20201,'H60J000A-80-A',621,,68675,28,0,5,1,31,,68682,28,0,5,2,71,,68668,28,0,5,1,30,,68667,28,0,5,2,70,,68692,28,0,5,1,30,,68676,28,0,5,1,70,,68679,28,0,5,1,30,,68670,28,0,5,1,71,,68683,28,0,5,2,32,,68688,28,0,5,1,71,,68680,28,0,5,1,30,,68677,28,0,5,1,63,,68671,28,0,5,1,23,,68684,28,0,5,2,63,,68695,28,0,5,1,21,,68689,28,0,5,1,24,,68681,28,0,5,1,64,,68678,28,0,5,1,23,,68672,28,0,5,1,63,,68685,28,0,5,2,23,,68696,28,0,5,1,23,,68690,28,0,5,1,57,,68702,28,0,5,1,17,,68666,28,0,5,1,19,,68704,28,0,5,1,19,,68673,28,0,5,1,61,,68686,28,0,5,2,23,,68697,28,0,5,1,64,,68691,28,0,5,1,26,,68703,28,0,5,1,25,,68705,28,0,5,1,70,,68674,28,0,5,1,31,,68693,28,0,5,1,70,,68669,28,0,5,1,71,,68700,28,0,5,1,28,,68664,28,0,5,1,29,,68698,28,0,5,1,69,,68694,28,0,5,1,31,,68687,28,0,5,1,68,,68701,28,0,5,1,29,,68665,28,0,5,1,69,,68699,28,0,5,1
20201,'H60J000I-80-I',723,,68707,28,0,5,1,30,,68716,28,0,5,1,70,,68727,28,0,5,1,31,,68731,28,0,5,2,71,,68708,28,0,5,1,30,,68717,28,0,5,1,71,,68728,28,0,5,1,31,,68732,28,0,5,2,70,,68713,28,0,5,1,29,,68723,28,0,5,1,69,,68729,28,0,5,1,29,,68721,28,0,5,2,71,,68718,28,0,5,1,32,,68734,28,0,5,1,69,,68724,28,0,5,1,31,,68730,28,0,5,1,71,,68722,28,0,5,2,30,,68719,28,0,5,1,73,,68737,28,0,5,2,72,,68725,28,0,5,1,32,,68709,28,0,5,1,73,,68720,28,0,5,1,30,,68738,28,0,5,2,71,,68726,28,0,5,1,30,,68710,28,0,5,1,69,,68735,28,0,5,1,28,,68714,28,0,5,1,69,,68739,28,0,5,2,29,,68706,28,0,5,1,69,,68711,28,0,5,1,28,,68736,28,0,5,1,28,,68715,28,0,5,1,68,,68740,28,0,5,2,26,,68733,28,0,5,1,67,,68712,28,0,5,1
20201,'H60J000S-98-S',629,,68750,28,0,5,1,29,,68760,28,0,5,1,63,,68743,28,0,5,1,23,,68757,28,0,5,2,67,,68758,28,0,5,1,27,,68747,28,0,5,1,68,,68751,28,0,5,1,27,,68761,28,0,5,1,24,,68744,28,0,5,1,64,,68742,28,0,5,1,24,,68759,28,0,5,1,65,,68748,28,0,5,1,25,,68767,28,0,5,1,70,,68762,28,0,5,1,32,,68745,28,0,5,1,72,,68752,28,0,5,1,26,,68749,28,0,5,1,65,,68768,28,0,5,1,23,,68741,28,0,5,2,27,,68746,28,0,5,1,68,,68769,28,0,5,1,29,,68753,28,0,5,1,69,,68770,28,0,5,2,27,,68763,28,0,5,1,106,,68772,28,0,5,2,71,,68776,28,0,5,1,29,,68773,28,0,5,2,69,,68764,28,0,5,1,29,,68755,28,0,5,1,67,,68779,28,0,5,2,26,,68777,28,0,5,1,67,,68774,28,0,5,2,27,,68765,28,0,5,1,66,,68756,28,0,5,1,27,,68780,28,0,5,2,27,,68778,28,0,5,1,67,,68775,28,0,5,2,26,,68766,28,0,5,1,76,,68781,28,0,5,1
20201,'H60JV00A-80-A',621,,68816,28,0,5,1,31,,68799,28,0,5,2,71,,68784,28,0,5,1,30,,68783,28,0,5,2,70,,68818,28,0,5,1,30,,68817,28,0,5,1,70,,68819,28,0,5,1,30,,68790,28,0,5,1,71,,68800,28,0,5,2,32,,68795,28,0,5,1,71,,68822,28,0,5,1,30,,68820,28,0,5,1,63,,68791,28,0,5,1,23,,68801,28,0,5,2,63,,68806,28,0,5,1,21,,68796,28,0,5,1,24,,68823,28,0,5,1,64,,68821,28,0,5,1,23,,68792,28,0,5,1,63,,68802,28,0,5,2,23,,68807,28,0,5,1,23,,68797,28,0,5,1,57,,68811,28,0,5,1,17,,68815,28,0,5,1,19,,68804,28,0,5,1,19,,68793,28,0,5,1,61,,68803,28,0,5,2,23,,68808,28,0,5,1,64,,68798,28,0,5,1,26,,68812,28,0,5,1,25,,68805,28,0,5,1,70,,68794,28,0,5,1,31,,68786,28,0,5,1,70,,68785,28,0,5,1,71,,68813,28,0,5,1,28,,68788,28,0,5,1,29,,68809,28,0,5,1,69,,68787,28,0,5,1,31,,68782,28,0,5,1,68,,68814,28,0,5,1,29,,68789,28,0,5,1,69,,68810,28,0,5,1
20201,'H60JV00I-80-I',723,,68836,28,0,5,1,30,,68842,28,0,5,1,70,,68834,28,0,5,1,31,,68851,28,0,5,2,71,,68837,28,0,5,1,30,,68843,28,0,5,1,71,,68835,28,0,5,1,31,,68852,28,0,5,2,70,,68829,28,0,5,1,29,,68847,28,0,5,1,69,,68827,28,0,5,1,29,,68856,28,0,5,2,71,,68844,28,0,5,1,32,,68853,28,0,5,1,69,,68848,28,0,5,1,31,,68828,28,0,5,1,71,,68857,28,0,5,2,30,,68845,28,0,5,1,73,,68830,28,0,5,2,72,,68849,28,0,5,1,32,,68838,28,0,5,1,73,,68846,28,0,5,1,30,,68831,28,0,5,2,71,,68850,28,0,5,1,30,,68839,28,0,5,1,69,,68854,28,0,5,1,28,,68825,28,0,5,1,69,,68832,28,0,5,2,29,,68824,28,0,5,1,69,,68840,28,0,5,1,28,,68855,28,0,5,1,28,,68826,28,0,5,1,68,,68833,28,0,5,2,26,,68858,28,0,5,1,67,,68841,28,0,5,1
20201,'H60JV00S-98-S',629,,68887,28,0,5,1,29,,68891,28,0,5,1,63,,68875,28,0,5,1,23,,68874,28,0,5,2,67,,68889,28,0,5,1,27,,68862,28,0,5,1,68,,68888,28,0,5,1,27,,68892,28,0,5,1,24,,68876,28,0,5,1,64,,68898,28,0,5,1,24,,68890,28,0,5,1,65,,68863,28,0,5,1,25,,68894,28,0,5,1,70,,68893,28,0,5,1,32,,68877,28,0,5,1,72,,68882,28,0,5,1,26,,68864,28,0,5,1,65,,68895,28,0,5,1,23,,68860,28,0,5,2,27,,68859,28,0,5,1,68,,68868,28,0,5,1,29,,68883,28,0,5,1,69,,68897,28,0,5,2,27,,68878,28,0,5,1,106,,68861,28,0,5,1,71,,68869,28,0,5,1,29,,68865,28,0,5,2,69,,68879,28,0,5,1,29,,68885,28,0,5,1,67,,68872,28,0,5,2,26,,68870,28,0,5,1,67,,68866,28,0,5,2,27,,68880,28,0,5,1,66,,68886,28,0,5,1,27,,68873,28,0,5,2,27,,68871,28,0,5,1,67,,68867,28,0,5,2,26,,68881,28,0,5,1,76,,68899,28,0,5,1
