16401,'H50J000S-83-S',828,,54912,37,0,5,1
16401,'H50JV00S-82-S',828,,54913,37,0,5,1
16401,'H51J000S-80-S',1541,,54914,37,0,5,1
16401,'H51JV00S-84-S',1541,,54915,37,0,5,1
16401,'H58J000S-81-S',721,,54916,37,0,5,2,126,,54917,37,0,5,2,678,,54919,37,0,5,1,76,,54918,37,0,5,2,40,,54920,37,0,5,2
16401,'H58J000S-83-S',721,,54921,37,0,5,2,126,,54922,37,0,5,2,678,,54924,37,0,5,1,76,,54923,37,0,5,2,40,,54925,37,0,5,2
16401,'H58JV00S-82-S',721,,54926,37,0,5,2,126,,54927,37,0,5,2,678,,54929,37,0,5,1,76,,54928,37,0,5,2,40,,54930,37,0,5,2
16401,'H60J000A-80-A',558,,54932,37,0,5,1,77,,54931,37,0,5,2,76,,54945,37,0,5,1,36,,54933,37,0,5,1,71,,54956,37,0,5,1,31,,54935,37,0,5,1,71,,54946,37,0,5,1,30,,54957,37,0,5,1,70,,54936,37,0,5,1,30,,54947,37,0,5,1,69,,54958,37,0,5,1,29,,54937,37,0,5,1,69,,54948,37,0,5,1,29,,54959,37,0,5,1,69,,54938,37,0,5,1,30,,54949,37,0,5,1,70,,54960,37,0,5,1,22,,54969,37,0,5,1,22,,54939,37,0,5,1,70,,54950,37,0,5,1,30,,54961,37,0,5,1,70,,54940,37,0,5,1,71,,54951,37,0,5,1,31,,54962,37,0,5,1,72,,54941,37,0,5,1,31,,54952,37,0,5,1,71,,54963,37,0,5,1,30,,54942,37,0,5,1,70,,54953,37,0,5,1,30,,54964,37,0,5,1,70,,54943,37,0,5,1,30,,54954,37,0,5,1,70,,54965,37,0,5,1,30,,54944,37,0,5,1,71,,54955,37,0,5,1,31,,54966,37,0,5,1,70,,54968,37,0,5,1,32,,54970,37,0,5,1,72,,54934,37,0,5,1,31,,54967,37,0,5,1
16401,'H60J000I-80-I',552,,54984,37,0,5,2,77,,54971,37,0,5,1,78,,54985,37,0,5,2,37,,54972,37,0,5,1,78,,54986,37,0,5,2,78,,54973,37,0,5,1,39,,54987,37,0,5,2,79,,54974,37,0,5,1,31,,54999,37,0,5,1,70,,54988,37,0,5,2,29,,54975,37,0,5,1,69,,55000,37,0,5,1,29,,54989,37,0,5,2,69,,54976,37,0,5,1,29,,55001,37,0,5,1,69,,54990,37,0,5,2,29,,54977,37,0,5,1,70,,55002,37,0,5,1,29,,54991,37,0,5,2,69,,54978,37,0,5,1,29,,55003,37,0,5,1,69,,54992,37,0,5,2,29,,54979,37,0,5,1,68,,55004,37,0,5,1,29,,54993,37,0,5,2,69,,54980,37,0,5,1,28,,55005,37,0,5,1,69,,54994,37,0,5,2,28,,54981,37,0,5,1,29,,55006,37,0,5,1,70,,54995,37,0,5,2,29,,54982,37,0,5,1,70,,55007,37,0,5,1,31,,54996,37,0,5,2,70,,54983,37,0,5,1,32,,54997,37,0,5,2,71,,54998,37,0,5,1,70,,55008,37,0,5,2
16401,'H60J000S-98-S',549,,55011,37,0,5,1,69,,55013,37,0,5,1,28,,55010,37,0,5,1,12,,55016,37,0,5,2,51,,55017,37,0,5,1,25,,55026,37,0,5,1,13,,55027,37,0,5,2,11,,55028,37,0,5,1,51,,55029,37,0,5,1,9,,55025,37,0,5,1,20,,55018,37,0,5,1,67,,55034,37,0,5,1,21,,55022,37,0,5,1,25,,55030,37,0,5,1,66,,55019,37,0,5,1,28,,55035,37,0,5,1,68,,55023,37,0,5,1,28,,55031,37,0,5,1,60,,55020,37,0,5,1,20,,55036,37,0,5,1,27,,55024,37,0,5,1,66,,55032,37,0,5,1,24,,55021,37,0,5,1,64,,55037,37,0,5,1,24,,55039,37,0,5,1,22,,55046,37,0,5,1,60,,55033,37,0,5,1,113,,55040,37,0,5,1,38,,55050,37,0,5,1,60,,55038,37,0,5,1,19,,55049,37,0,5,2,19,,55042,37,0,5,1,59,,55041,37,0,5,1,22,,55051,37,0,5,1,68,,55047,37,0,5,1,29,,55043,37,0,5,1,71,,55052,37,0,5,1,32,,55048,37,0,5,1,72,,55044,37,0,5,1,32,,55053,37,0,5,1,73,,55012,37,0,5,1,32,,55045,37,0,5,1,73,,55054,37,0,5,1,34,,55014,37,0,5,1,79,,55009,37,0,5,1,79,,55015,37,0,5,1
16401,'H60JV00A-80-A',558,,55055,37,0,5,1,77,,55094,37,0,5,2,76,,55080,37,0,5,1,36,,55056,37,0,5,1,71,,55068,37,0,5,1,31,,55058,37,0,5,1,71,,55081,37,0,5,1,30,,55069,37,0,5,1,70,,55059,37,0,5,1,30,,55082,37,0,5,1,69,,55070,37,0,5,1,29,,55060,37,0,5,1,69,,55083,37,0,5,1,29,,55071,37,0,5,1,69,,55061,37,0,5,1,30,,55084,37,0,5,1,70,,55072,37,0,5,1,22,,55092,37,0,5,1,22,,55062,37,0,5,1,70,,55085,37,0,5,1,30,,55073,37,0,5,1,70,,55063,37,0,5,1,71,,55086,37,0,5,1,31,,55074,37,0,5,1,72,,55064,37,0,5,1,31,,55087,37,0,5,1,71,,55075,37,0,5,1,30,,55065,37,0,5,1,70,,55088,37,0,5,1,30,,55076,37,0,5,1,70,,55066,37,0,5,1,30,,55089,37,0,5,1,70,,55077,37,0,5,1,30,,55067,37,0,5,1,71,,55090,37,0,5,1,31,,55078,37,0,5,1,70,,55057,37,0,5,1,32,,55093,37,0,5,1,72,,55091,37,0,5,1,31,,55079,37,0,5,1
16401,'H60JV00I-80-I',552,,55108,37,0,5,2,77,,55095,37,0,5,1,78,,55109,37,0,5,2,37,,55096,37,0,5,1,78,,55110,37,0,5,2,78,,55097,37,0,5,1,39,,55111,37,0,5,2,79,,55098,37,0,5,1,31,,55121,37,0,5,1,70,,55112,37,0,5,2,29,,55099,37,0,5,1,69,,55122,37,0,5,1,29,,55113,37,0,5,2,69,,55100,37,0,5,1,29,,55123,37,0,5,1,69,,55114,37,0,5,2,29,,55101,37,0,5,1,70,,55124,37,0,5,1,29,,55115,37,0,5,2,69,,55102,37,0,5,1,29,,55125,37,0,5,1,69,,55116,37,0,5,2,29,,55103,37,0,5,1,68,,55126,37,0,5,1,29,,55117,37,0,5,2,69,,55104,37,0,5,1,28,,55127,37,0,5,1,69,,55118,37,0,5,2,28,,55105,37,0,5,1,29,,55128,37,0,5,1,70,,55119,37,0,5,2,29,,55106,37,0,5,1,70,,55129,37,0,5,1,31,,55120,37,0,5,2,70,,55107,37,0,5,1,32,,55132,37,0,5,2,71,,55130,37,0,5,1,70,,55131,37,0,5,2
16401,'H60JV00S-98-S',549,,55175,37,0,5,1,69,,55138,37,0,5,1,28,,55136,37,0,5,1,12,,55173,37,0,5,2,51,,55137,37,0,5,1,25,,55149,37,0,5,1,13,,55150,37,0,5,2,11,,55151,37,0,5,1,51,,55144,37,0,5,1,9,,55143,37,0,5,1,20,,55139,37,0,5,1,67,,55152,37,0,5,1,21,,55133,37,0,5,1,25,,55145,37,0,5,1,66,,55140,37,0,5,1,28,,55153,37,0,5,1,68,,55134,37,0,5,1,28,,55146,37,0,5,1,60,,55141,37,0,5,1,20,,55154,37,0,5,1,27,,55135,37,0,5,1,66,,55147,37,0,5,1,24,,55142,37,0,5,1,64,,55155,37,0,5,1,24,,55157,37,0,5,1,22,,55172,37,0,5,1,60,,55148,37,0,5,1,113,,55158,37,0,5,1,38,,55167,37,0,5,1,60,,55156,37,0,5,1,19,,55164,37,0,5,2,19,,55160,37,0,5,1,59,,55159,37,0,5,1,22,,55168,37,0,5,1,68,,55165,37,0,5,1,29,,55161,37,0,5,1,71,,55169,37,0,5,1,32,,55166,37,0,5,1,72,,55162,37,0,5,1,32,,55170,37,0,5,1,73,,55176,37,0,5,1,32,,55163,37,0,5,1,73,,55171,37,0,5,1,34,,55177,37,0,5,1,79,,55174,37,0,5,1,79,,55178,37,0,5,1
