4001,'H54M000S-70-S',611,,98399,22,0,5,1,33,,98393,22,0,5,2,76,,98400,22,0,5,1,39,,98405,22,0,53 54,1,79,,98394,22,0,5,2,80,,98401,22,0,5,1,41,,98406,22,0,5,1,79,,98395,22,0,5,2,81,,98402,22,0,5,1,81,,98407,22,0,5,1,42,,98396,22,0,5,2,80,,98403,22,0,5,1,80,,98408,22,0,5,1,42,,98397,22,0,5,2,80,,98404,22,0,5,1,81,,98409,22,0,5,1,25,,98398,22,0,5,2,24,,98411,22,0,5,1,75,,98413,22,0,5,1,73,,98410,22,0,5,1,35,,98412,22,0,5,1,74,,98414,22,0,5,1
4001,'H54M200F-70-F2',611,,98430,22,0,5,1,33,,98424,22,0,5,1,76,,98434,22,0,5,1,39,,98415,22,0,53 54,1,79,,98425,22,0,5,1,80,,98420,22,0,5,1,41,,98416,22,0,5,1,79,,98426,22,0,5,1,81,,98421,22,0,5,1,81,,98417,22,0,5,1,42,,98427,22,0,5,1,80,,98422,22,0,5,1,80,,98418,22,0,5,1,42,,98428,22,0,5,1,80,,98423,22,0,5,1,81,,98419,22,0,5,1,25,,98429,22,0,5,1,24,,98435,22,0,5,2,75,,98431,22,0,5,1,73,,98433,22,0,5,1,35,,98436,22,0,5,2,74,,98432,22,0,5,1
8601,'H54M000A-70-A',601,,113057,10,0,5,1,33,,113070,10,0,5,1,73,,113048,10,0,5,2,33,,113043,10,0,5,1,72,,113064,10,0,5,1,32,,113058,10,0,5,1,72,,113073,10,0,5,1,31,,113049,10,0,5,2,72,,113044,10,0,5,1,32,,113065,10,0,5,1,72,,113059,10,0,5,1,32,,113074,10,0,5,1,73,,113050,10,0,5,2,73,,113047,10,0,5,1,33,,113066,10,0,5,1,72,,113060,10,0,5,1,33,,113075,10,0,5,1,73,,113051,10,0,5,2,33,,113045,10,0,5,1,73,,113067,10,0,5,1,33,,113061,10,0,5,1,73,,113076,10,0,5,1,33,,113052,10,0,5,2,73,,113046,10,0,5,1,73,,113068,10,0,5,1,33,,113062,10,0,5,1,73,,113077,10,0,5,1,33,,113080,10,0,5,1,73,,113055,10,0,5,1,31,,113069,10,0,5,1,72,,113063,10,0,5,1,32,,113078,10,0,5,1,73,,113071,10,0,5,1,33,,113056,10,0,5,1,73,,113053,10,0,5,1,73,,113079,10,0,5,1,32,,113072,10,0,5,1,71,,113054,10,0,5,1
8601,'H54M000I-70-I',602,,113081,10,0,5,1,32,,113089,10,0,5,1,71,,113103,10,0,5,2,31,,113104,10,0,5,2,72,,113109,10,0,5,1,32,,113082,10,0,5,1,72,,113093,10,0,5,1,32,,113098,10,0,5,1,72,,113105,10,0,5,2,32,,113110,10,0,5,1,72,,113083,10,0,5,1,32,,113094,10,0,5,1,72,,113099,10,0,5,1,32,,113106,10,0,5,2,72,,113111,10,0,5,1,72,,113084,10,0,5,1,32,,113095,10,0,5,1,73,,113100,10,0,5,1,33,,113107,10,0,5,2,72,,113112,10,0,5,1,33,,113085,10,0,5,1,73,,113096,10,0,5,1,33,,113101,10,0,5,1,73,,113108,10,0,5,2,33,,113113,10,0,5,1,73,,113086,10,0,5,1,72,,113097,10,0,5,1,31,,113102,10,0,5,1,71,,113116,10,0,5,2,30,,113090,10,0,5,1,70,,113088,10,0,5,1,30,,113119,10,0,5,1,70,,113114,10,0,5,1,31,,113117,10,0,5,1,72,,113091,10,0,5,1,32,,113087,10,0,5,1,72,,113115,10,0,5,1,31,,113118,10,0,5,1,70,,113092,10,0,5,1
8601,'H54M000S-70-S',551,,113134,10,0,5,2,67,,113120,10,0,5,1,28,,113127,10,0,5,2,72,,113130,10,0,5,2,33,,113142,10,0,5,1,73,,113135,10,0,5,2,31,,113121,10,0,5,1,70,,113124,10,0,5,1,30,,113131,10,0,5,2,67,,113128,10,0,5,1,27,,113136,10,0,5,1,67,,113143,10,0,5,1,27,,113122,10,0,5,1,70,,113125,10,0,5,1,30,,113132,10,0,5,2,70,,113129,10,0,5,1,31,,113137,10,0,5,1,71,,113144,10,0,5,1,30,,113123,10,0,5,1,70,,113126,10,0,5,1,30,,113133,10,0,5,2,103,,113138,10,0,5,1,73,,113145,10,0,5,1,33,,113152,10,0,5,2,73,,113158,10,0,5,2,32,,113149,10,0,5,1,69,,113139,10,0,5,1,29,,113146,10,0,5,1,69,,113153,10,0,5,2,29,,113159,10,0,5,2,69,,113150,10,0,5,1,29,,113140,10,0,5,1,69,,113147,10,0,5,1,29,,113156,10,0,5,1,68,,113154,10,0,5,1,30,,113151,10,0,5,1,70,,113141,10,0,5,1,32,,113148,10,0,5,1,71,,113157,10,0,5,1,30,,113155,10,0,5,1
8601,'H54M100F-70-F1',602,,113160,10,0,5,2,32,,113168,10,0,5,1,71,,113180,10,0,5,1,31,,113181,10,0,5,2,72,,113176,10,0,5,1,32,,113161,10,0,5,2,72,,113187,10,0,5,2,32,,113169,10,0,5,1,72,,113182,10,0,5,2,32,,113177,10,0,5,1,72,,113162,10,0,5,2,32,,113188,10,0,5,2,72,,113170,10,0,5,1,32,,113183,10,0,5,2,72,,113178,10,0,5,1,72,,113163,10,0,5,2,32,,113189,10,0,5,2,73,,113171,10,0,5,1,33,,113184,10,0,5,2,72,,113179,10,0,5,1,33,,113164,10,0,5,2,73,,113190,10,0,5,2,33,,113172,10,0,5,1,73,,113185,10,0,5,2,33,,113186,10,0,5,1,73,,113165,10,0,5,2,72,,113191,10,0,5,2,31,,113173,10,0,5,1,71,,113193,10,0,5,2,30,,113195,10,0,5,1,70,,113166,10,0,5,2,30,,113192,10,0,5,2,70,,113174,10,0,5,1,31,,113194,10,0,5,1,72,,113196,10,0,5,1,32,,113167,10,0,5,2,72,,113175,10,0,5,1,31,,113198,10,0,5,2,70,,113197,10,0,5,1
8601,'H54M200F-70-F2',602,,113199,10,0,5,1,32,,113204,10,0,5,2,71,,113217,10,0,5,1,31,,113207,10,0,5,1,72,,113220,10,0,5,2,32,,113200,10,0,5,1,72,,113227,10,0,5,2,32,,113212,10,0,5,1,72,,113208,10,0,5,1,32,,113221,10,0,5,2,72,,113201,10,0,5,1,32,,113228,10,0,5,2,72,,113213,10,0,5,1,32,,113209,10,0,5,1,72,,113222,10,0,5,2,72,,113202,10,0,5,1,32,,113229,10,0,5,2,73,,113214,10,0,5,1,33,,113210,10,0,5,1,72,,113223,10,0,5,2,33,,113203,10,0,5,1,73,,113205,10,0,5,1,33,,113215,10,0,5,1,73,,113211,10,0,5,1,33,,113224,10,0,5,2,73,,113236,10,0,5,2,72,,113206,10,0,5,1,31,,113233,10,0,5,1,71,,113226,10,0,5,1,30,,113216,10,0,5,1,70,,113237,10,0,5,2,30,,113225,10,0,5,1,70,,113234,10,0,5,1,31,,113230,10,0,5,1,72,,113218,10,0,5,1,32,,113232,10,0,5,1,72,,113235,10,0,5,1,31,,113231,10,0,5,1,70,,113219,10,0,5,1
8601,'H54M300F-70-F3',602,,113246,10,0,5,1,32,,113240,10,0,5,1,71,,113244,10,0,5,2,31,,113254,10,0,5,2,72,,113259,10,0,5,1,32,,113247,10,0,5,1,72,,113269,10,0,5,1,32,,113264,10,0,5,1,72,,113255,10,0,5,2,32,,113260,10,0,5,1,72,,113250,10,0,5,1,32,,113270,10,0,5,1,72,,113266,10,0,5,1,32,,113256,10,0,5,2,72,,113261,10,0,5,1,72,,113248,10,0,5,1,32,,113271,10,0,5,1,73,,113265,10,0,5,1,33,,113257,10,0,5,2,72,,113262,10,0,5,1,33,,113249,10,0,5,1,73,,113272,10,0,5,1,33,,113267,10,0,5,1,73,,113258,10,0,5,2,33,,113263,10,0,5,1,73,,113251,10,0,5,1,72,,113273,10,0,5,1,31,,113268,10,0,5,1,71,,113245,10,0,5,2,30,,113241,10,0,5,1,70,,113252,10,0,5,1,30,,113276,10,0,5,1,70,,113274,10,0,5,1,31,,113238,10,0,5,1,72,,113242,10,0,5,1,32,,113253,10,0,5,1,72,,113275,10,0,5,1,31,,113239,10,0,5,1,70,,113243,10,0,5,1
8601,'H58M000S-70-S',1616,,113277,10,0,5,1
42803,'H54M000S-70-S',651,,155924,18,0,8,2,72,,155922,18,0,8,1,31,,155925,18,0,8,1,72,,155926,18,0,8,1,31,,155923,18,0,8,1
42803,'H54M200F-70-F2',630,,155930,18,0,8,1,21,,155928,18,0,8,1,72,,155931,18,0,8,1,31,,155932,18,0,8,1,72,,155929,18,0,8,1,31,,155927,18,0,8,1
42803,'H57M000S-70-S',630,,155933,18,0,8,1
