1704,'H60M000A-71-A',520,,88622,29,0,9,1,37,,88611,29,0,9,1,81,,88623,29,0,9,1,77,,88612,29,0,9,1,44,,88624,29,0,9,1,78,,88613,29,0,9,1,89,,88625,29,0,9,1,79,,88632,29,0,9,1,44,,88614,29,0,9,1,83,,88626,29,0,9,1,80,,88633,29,0,9,1,42,,88615,29,0,9,1,81,,88628,29,0,9,1,80,,88639,29,0,9,1,40,,88616,29,0,9,1,81,,88629,29,0,9,1,81,,88634,29,0,9,1,41,,88617,29,0,9,1,79,,88630,29,0,9,1,79,,88635,29,0,9,1,38,,88618,29,0,9,1,76,,88631,29,0,9,1,75,,88636,29,0,9,1,45,,88619,29,0,9,1,81,,88637,29,0,9,1,85,,88620,29,0,9,1,41,,88638,29,0,9,1,82,,88627,29,0,9,1,81,,88640,29,0,9,1,81,,88621,29,0,9,1,41,,88641,29,0,9,1
1704,'H60M000I-71-I',529,,88642,29,0,9,1,29,,88671,29,0,9,1,70,,88651,29,0,9,1,75,,88643,29,0,9,1,44,,88652,29,0,9,1,75,,88644,29,0,9,1,86,,88653,29,0,9,1,43,,88645,29,0,9,1,85,,88654,29,0,9,1,83,,88646,29,0,9,1,89,,88655,29,0,9,1,45,,88647,29,0,9,1,76,,88663,29,0,9,1,83,,88656,29,0,9,1,41,,88648,29,0,9,1,80,,88664,29,0,9,1,80,,88657,29,0,9,1,40,,88649,29,0,9,1,80,,88665,29,0,9,1,80,,88658,29,0,9,1,39,,88650,29,0,9,1,77,,88666,29,0,9,1,84,,88659,29,0,9,1,40,,88667,29,0,9,1,84,,88660,29,0,9,1,80,,88668,29,0,9,1,83,,88661,29,0,9,1,42,,88669,29,0,9,1,82,,88662,29,0,9,1,83,,88670,29,0,9,1
1704,'H60M000S-71-S',532,,88683,29,0,9,1,69,,88674,29,0,9,1,33,,88672,29,0,9,1,72,,88684,29,0,9,1,35,,88695,29,0,9,1,73,,88675,29,0,9,1,33,,88673,29,0,9,1,73,,88685,29,0,9,1,32,,88696,29,0,9,1,77,,88676,29,0,9,1,78,,88686,29,0,9,1,38,,88697,29,0,9,1,78,,88677,29,0,9,1,78,,88687,29,0,9,1,36,,88698,29,0,9,1,77,,88678,29,0,9,1,40,,88688,29,0,9,1,73,,88699,29,0,9,1,75,,88705,29,0,9,1,33,,88679,29,0,9,1,73,,88689,29,0,9,1,33,,88700,29,0,9,1,71,,88706,29,0,9,1,29,,88680,29,0,9,1,71,,88690,29,0,9,1,30,,88701,29,0,9,1,74,,88681,29,0,9,1,32,,88691,29,0,9,1,70,,88702,29,0,9,1,30,,88682,29,0,9,1,72,,88692,29,0,9,1,81,,88703,29,0,9,1,44,,88693,29,0,9,1,76,,88704,29,0,9,1,83,,88694,29,0,9,1
1704,'H60M100F-71-F1',529,,88707,29,0,9,1,29,,88736,29,0,9,1,70,,88716,29,0,9,1,75,,88708,29,0,9,1,44,,88717,29,0,9,1,75,,88709,29,0,9,1,86,,88718,29,0,9,1,43,,88710,29,0,9,1,85,,88719,29,0,9,1,83,,88711,29,0,9,1,89,,88720,29,0,9,1,45,,88712,29,0,9,1,76,,88728,29,0,9,1,83,,88721,29,0,9,1,41,,88713,29,0,9,1,80,,88729,29,0,9,1,80,,88722,29,0,9,1,40,,88714,29,0,9,1,80,,88730,29,0,9,1,80,,88723,29,0,9,1,39,,88715,29,0,9,1,77,,88731,29,0,9,1,84,,88724,29,0,9,1,40,,88732,29,0,9,1,84,,88725,29,0,9,1,80,,88733,29,0,9,1,83,,88726,29,0,9,1,42,,88734,29,0,9,1,82,,88727,29,0,9,1,83,,88735,29,0,9,1
1704,'H60M200F-71-F2',529,,88737,29,0,9,1,29,,88766,29,0,9,1,70,,88746,29,0,9,1,75,,88738,29,0,9,1,44,,88749,29,0,9,1,75,,88739,29,0,9,1,86,,88747,29,0,9,1,43,,88740,29,0,9,1,85,,88750,29,0,9,1,83,,88741,29,0,9,1,89,,88748,29,0,9,1,45,,88744,29,0,9,1,76,,88759,29,0,9,1,83,,88751,29,0,9,1,41,,88743,29,0,9,1,80,,88758,29,0,9,1,80,,88752,29,0,9,1,40,,88742,29,0,9,1,80,,88760,29,0,9,1,80,,88754,29,0,9,1,39,,88745,29,0,9,1,77,,88761,29,0,9,1,84,,88753,29,0,9,1,40,,88762,29,0,9,1,84,,88755,29,0,9,1,80,,88763,29,0,9,1,83,,88756,29,0,9,1,42,,88764,29,0,9,1,82,,88757,29,0,9,1,83,,88765,29,0,9,1
1704,'H60M300F-80-F3',529,,165446,29,0,9,1,29,,165475,29,0,9,1,70,,165455,29,0,9,1,75,,165447,29,0,9,1,44,,165456,29,0,9,1,75,,165448,29,0,9,1,86,,165457,29,0,9,1,43,,165449,29,0,9,1,85,,165458,29,0,9,1,83,,165450,29,0,9,1,89,,165459,29,0,9,1,45,,165451,29,0,9,1,76,,165467,29,0,9,1,83,,165460,29,0,9,1,41,,165452,29,0,9,1,80,,165468,29,0,9,1,80,,165461,29,0,9,1,40,,165453,29,0,9,1,80,,165469,29,0,9,1,80,,165462,29,0,9,1,39,,165454,29,0,9,1,77,,165470,29,0,9,1,84,,165463,29,0,9,1,40,,165471,29,0,9,1,84,,165464,29,0,9,1,80,,165472,29,0,9,1,83,,165465,29,0,9,1,42,,165473,29,0,9,1,82,,165466,29,0,9,1,83,,165474,29,0,9,1
6304,'H56M000A-70-A',854,,106441,12,0,9,2,65,,106431,12,0,9,1,31,,106442,12,0,9,2,71,,106432,12,0,9,1,31,,106423,12,0,9,1,71,,106433,12,0,9,1,30,,106424,12,0,9,1,70,,106434,12,0,9,1,31,,106425,12,0,9,1,70,,106435,12,0,9,1,31,,106426,12,0,9,1,71,,106436,12,0,9,1,31,,106427,12,0,9,1,70,,106437,12,0,9,1,31,,106428,12,0,9,1,70,,106438,12,0,9,1,29,,106429,12,0,9,1,69,,106439,12,0,9,1,29,,106430,12,0,9,1,68,,106440,12,0,9,1
6304,'H56M000S-70-S',622,,106443,12,0,9,1,28,,106462,12,0,9,2,70,,106444,12,0,9,1,30,,106463,12,0,9,2,76,,106445,12,0,9,2,75,,106456,12,0,9,1,32,,106446,12,0,9,2,71,,106457,12,0,9,1,30,,106447,12,0,9,2,70,,106458,12,0,9,1,32,,106448,12,0,9,2,72,,106459,12,0,9,1,32,,106449,12,0,9,2,72,,106460,12,0,9,1,32,,106450,12,0,9,2,72,,106461,12,0,9,1,33,,106451,12,0,9,2,76,,106464,12,0,9,1,34,,106452,12,0,9,2,74,,106465,12,0,9,1,73,,106453,12,0,9,2,33,,106466,12,0,9,1,73,,106454,12,0,9,2,32,,106467,12,0,9,1,70,,106455,12,0,9,2,29,,106468,12,0,9,1
6304,'H56M100F-70-F1',854,,106479,12,0,9,2,65,,106469,12,0,9,1,31,,106480,12,0,9,2,71,,106470,12,0,9,1,31,,106481,12,0,9,2,71,,106471,12,0,9,1,30,,106482,12,0,9,2,70,,106472,12,0,9,1,31,,106483,12,0,9,2,70,,106473,12,0,9,1,31,,106484,12,0,9,2,71,,106474,12,0,9,1,31,,106485,12,0,9,2,70,,106475,12,0,9,1,31,,106486,12,0,9,2,70,,106476,12,0,9,1,29,,106487,12,0,9,2,69,,106477,12,0,9,1,29,,106488,12,0,9,1,68,,106478,12,0,9,1
6304,'H56M200F-70-F2',854,,106499,12,0,9,2,65,,106489,12,0,9,1,31,,106500,12,0,9,2,71,,106490,12,0,9,1,31,,106501,12,0,9,2,71,,106491,12,0,9,1,30,,106502,12,0,9,2,70,,106492,12,0,9,1,31,,106503,12,0,9,2,70,,106493,12,0,9,1,31,,106504,12,0,9,2,71,,106494,12,0,9,1,31,,106505,12,0,9,2,70,,106495,12,0,9,1,31,,106506,12,0,9,2,70,,106496,12,0,9,1,29,,106507,12,0,9,2,69,,106497,12,0,9,1,29,,106508,12,0,9,1,68,,106498,12,0,9,1
6304,'H56M300F-80-F3',854,,168139,12,0,9,2,65,,168138,12,0,9,1,31,,168140,12,0,9,2,71,,168141,12,0,9,1,31,,168142,12,0,9,2,71,,168143,12,0,9,1,30,,168145,12,0,9,2,70,,168144,12,0,9,1,31,,168147,12,0,9,2,70,,168146,12,0,9,1,31,,168148,12,0,9,2,71,,168149,12,0,9,1,31,,168150,12,0,9,2,71,,168151,12,0,9,1,30,,168153,12,0,9,2,70,,168152,12,0,9,1,29,,168154,12,0,9,2,69,,168155,12,0,9,1,29,,168156,12,0,9,2,68,,168157,12,0,9,1
37104,'H50M000A-70-A',2603,,155238,50,0,9,1,30,,155233,50,0,9,1,70,,155235,50,0,9,1,30,,155237,50,0,9,2,70,,155239,50,0,9,1,30,,155234,50,0,9,1,70,,155236,50,0,9,1
37104,'H50M000I-70-I',2601,,155240,50,0,9,1,30,,155244,50,0,9,1,71,,155246,50,0,9,2,30,,155242,50,0,9,2,70,,155241,50,0,9,1,30,,155245,50,0,9,1,70,,155243,50,0,9,1
37104,'H50M000S-70-S',2604,,155247,50,0,9,1,30,,155252,50,0,9,2,71,,155250,50,0,9,1,30,,155251,50,0,9,2,68,,155248,50,0,9,1,29,,155253,50,0,9,2,69,,155249,50,0,9,2
37104,'H50M100F-70-F1',2601,,155254,50,0,9,1,30,,155258,50,0,9,1,71,,155260,50,0,9,2,30,,155256,50,0,9,2,70,,155255,50,0,9,1,30,,155259,50,0,9,1,70,,155257,50,0,9,1
37104,'H50M200F-70-F2',2601,,155261,50,0,9,1,30,,155265,50,0,9,1,71,,155267,50,0,9,2,30,,155263,50,0,9,2,70,,155262,50,0,9,1,30,,155266,50,0,9,1,70,,155264,50,0,9,1
37104,'H50M300F-80-F3',2601,,175967,50,0,9,1,30,,175965,50,0,9,1,71,,175962,50,0,9,1,30,,175964,50,0,9,1,70,,175968,50,0,9,1,30,,175966,50,0,9,1,70,,175963,50,0,9,1
