13904,'H58J000A-83-A',459,,46457,0,9,1,65,,46485,0,9,1,24,,46490,0,9,1,61,,46475,0,9,2,15,,46458,0,9,1,13,,46493,0,9,2,12,,46495,0,9,1,10,,46486,0,9,1,50,,46477,0,9,1,11,,46491,0,9,1,11,,46496,0,9,2,11,,46489,0,9,1,11,,46476,0,9,2,51,,46459,0,9,1,10,,46467,0,9,1,12,,46494,0,9,2,28,,46478,0,9,1,70,,46497,0,9,2,30,,46460,0,9,1,70,,46468,0,9,1,30,,46479,0,9,1,70,,46498,0,9,2,31,,46461,0,9,1,70,,46469,0,9,1,30,,46480,0,9,1,70,,46499,0,9,2,30,,46462,0,9,1,70,,46470,0,9,1,29,,46481,0,9,1,70,,46500,0,9,2,30,,46463,0,9,1,70,,46471,0,9,1,30,,46482,0,9,1,70,,46501,0,9,2,22,,46464,0,9,1,70,,46472,0,9,1,30,,46483,0,9,1,69,,46502,0,9,2,29,,46465,0,9,1,70,,46473,0,9,1,30,,46484,0,9,1,70,,46503,0,9,2,22,,46466,0,9,1,20,,46474,0,9,1,60,,46504,0,9,2,25,,46487,0,9,1,72,,46505,0,9,2,32,,46488,0,9,1,71,,46492,0,9,2,33,,46506,0,9,2
13904,'H58J000I-81-I',459,,46507,0,9,1,70,,46526,0,9,1,19,,46529,0,9,1,60,,46511,0,9,2,20,,46508,0,9,1,16,,46517,0,9,1,15,,46527,0,9,1,57,,46538,0,9,2,16,,46530,0,9,1,16,,46512,0,9,2,56,,46509,0,9,1,13,,46547,0,9,2,23,,46518,0,9,1,62,,46539,0,9,2,25,,46531,0,9,1,26,,46513,0,9,2,71,,46519,0,9,1,28,,46540,0,9,2,73,,46532,0,9,1,32,,46514,0,9,2,66,,46520,0,9,1,30,,46541,0,9,2,71,,46533,0,9,1,29,,46515,0,9,2,70,,46521,0,9,1,30,,46542,0,9,2,71,,46534,0,9,1,26,,46516,0,9,2,69,,46522,0,9,1,29,,46543,0,9,2,71,,46548,0,9,2,30,,46535,0,9,1,70,,46523,0,9,1,28,,46544,0,9,2,68,,46549,0,9,2,30,,46536,0,9,1,70,,46524,0,9,1,28,,46545,0,9,2,64,,46550,0,9,2,24,,46537,0,9,1,26,,46528,0,9,2,65,,46525,0,9,1,26,,46551,0,9,2,67,,46510,0,9,1,29,,46546,0,9,1,72,,46552,0,9,2,32,,46553,0,9,2
13904,'H58J000S-81-S',500,,46564,0,9,2,33,,46571,0,9,1,72,,46554,0,9,1,30,,46565,0,9,2,70,,46574,0,9,1,30,,46572,0,9,1,70,,46555,0,9,1,30,,46566,0,9,2,70,,46575,0,9,1,30,,46573,0,9,1,70,,46556,0,9,1,29,,46567,0,9,2,70,,46576,0,9,1,31,,46588,0,9,2,70,,46557,0,9,1,30,,46568,0,9,2,70,,46577,0,9,1,30,,46589,0,9,2,70,,46558,0,9,1,30,,46569,0,9,2,70,,46578,0,9,1,33,,46590,0,9,2,73,,46559,0,9,1,31,,46570,0,9,2,72,,46579,0,9,1,31,,46584,0,9,1,71,,46591,0,9,2,28,,46560,0,9,1,68,,46580,0,9,1,29,,46585,0,9,1,69,,46592,0,9,2,29,,46561,0,9,1,70,,46581,0,9,1,30,,46586,0,9,1,70,,46593,0,9,2,30,,46562,0,9,1,69,,46582,0,9,1,30,,46587,0,9,1,69,,46594,0,9,2,26,,46563,0,9,1,20,,46583,0,9,1
13904,'H58JV00A-80-A',459,,46605,0,9,1,65,,46641,0,9,1,24,,46600,0,9,1,61,,46598,0,9,2,15,,46606,0,9,1,13,,46602,0,9,2,12,,46597,0,9,1,10,,46642,0,9,1,50,,46633,0,9,1,11,,46601,0,9,1,11,,46617,0,9,2,11,,46644,0,9,1,11,,46599,0,9,2,51,,46607,0,9,1,10,,46625,0,9,1,12,,46603,0,9,2,28,,46634,0,9,1,70,,46618,0,9,2,30,,46608,0,9,1,70,,46626,0,9,1,30,,46635,0,9,1,70,,46619,0,9,2,31,,46609,0,9,1,70,,46627,0,9,1,30,,46636,0,9,1,70,,46620,0,9,2,30,,46610,0,9,1,70,,46628,0,9,1,29,,46637,0,9,1,70,,46621,0,9,2,30,,46611,0,9,1,70,,46629,0,9,1,30,,46638,0,9,1,70,,46622,0,9,2,22,,46612,0,9,1,70,,46630,0,9,1,30,,46639,0,9,1,69,,46623,0,9,2,29,,46613,0,9,1,70,,46631,0,9,1,30,,46640,0,9,1,70,,46624,0,9,2,22,,46614,0,9,1,20,,46632,0,9,1,60,,46604,0,9,2,25,,46643,0,9,1,72,,46615,0,9,2,32,,46595,0,9,1,71,,46596,0,9,2,33,,46616,0,9,2
13904,'H58JV00I-80-I',459,,46688,0,9,1,70,,46646,0,9,1,19,,46679,0,9,1,60,,46673,0,9,2,20,,46689,0,9,1,16,,46664,0,9,1,15,,46647,0,9,1,57,,46656,0,9,2,16,,46680,0,9,1,16,,46674,0,9,2,56,,46690,0,9,1,13,,46654,0,9,2,23,,46665,0,9,1,62,,46657,0,9,2,25,,46681,0,9,1,26,,46675,0,9,2,71,,46666,0,9,1,28,,46658,0,9,2,73,,46682,0,9,1,32,,46676,0,9,2,66,,46667,0,9,1,30,,46659,0,9,2,71,,46683,0,9,1,29,,46677,0,9,2,70,,46668,0,9,1,30,,46660,0,9,2,71,,46684,0,9,1,26,,46678,0,9,2,69,,46669,0,9,1,29,,46661,0,9,2,71,,46651,0,9,2,30,,46685,0,9,1,70,,46670,0,9,1,28,,46662,0,9,2,68,,46652,0,9,2,30,,46686,0,9,1,70,,46671,0,9,1,28,,46663,0,9,2,64,,46653,0,9,2,24,,46687,0,9,1,26,,46648,0,9,2,65,,46672,0,9,1,26,,46649,0,9,2,67,,46655,0,9,1,29,,46645,0,9,1,72,,46650,0,9,2,32,,46691,0,9,2
13904,'H58JV00S-82-S',500,,46702,0,9,2,33,,46709,0,9,1,72,,46692,0,9,1,30,,46703,0,9,2,70,,46712,0,9,1,30,,46710,0,9,1,70,,46693,0,9,1,30,,46704,0,9,2,70,,46713,0,9,1,30,,46711,0,9,1,70,,46694,0,9,1,29,,46705,0,9,2,70,,46714,0,9,1,31,,46726,0,9,2,70,,46695,0,9,1,30,,46706,0,9,2,70,,46715,0,9,1,30,,46727,0,9,2,70,,46696,0,9,1,30,,46707,0,9,2,70,,46716,0,9,1,33,,46728,0,9,2,73,,46697,0,9,1,31,,46708,0,9,2,72,,46717,0,9,1,31,,46722,0,9,1,71,,46729,0,9,2,28,,46698,0,9,1,68,,46718,0,9,1,29,,46723,0,9,1,69,,46730,0,9,2,29,,46699,0,9,1,70,,46719,0,9,1,30,,46724,0,9,1,70,,46731,0,9,2,30,,46700,0,9,1,69,,46720,0,9,1,30,,46725,0,9,1,69,,46732,0,9,2,26,,46701,0,9,1,20,,46721,0,9,1
14002,'H51J000S-80-S',904,,46987,0,10,2
14002,'H51JV00S-84-S',904,,46988,0,10,2
14002,'H54J000S-83-S',508,,46989,0,10,2
14002,'H54JV00S-80-S',508,,46990,0,10,2
14002,'H58J000A-83-A',507,,46991,0,10,2,29,,46999,0,10,1,71,,47013,0,10,2,32,,46992,0,10,2,71,,47008,0,10,1,31,,47014,0,10,2,72,,46993,0,10,2,30,,47009,0,10,1,70,,47015,0,10,2,30,,46994,0,10,2,70,,47010,0,10,1,30,,47016,0,10,2,59,,47006,0,10,1,18,,46995,0,10,2,19,,47000,0,10,1,61,,47011,0,10,1,21,,47017,0,10,2,21,,47021,0,10,2,60,,46996,0,10,2,22,,47001,0,10,1,19,,47030,0,10,2,59,,47018,0,10,2,19,,47022,0,10,2,19,,47036,0,10,2,61,,47028,0,10,1,22,,47031,0,10,2,22,,47019,0,10,2,64,,47023,0,10,2,25,,47002,0,10,1,25,,47029,0,10,1,67,,47032,0,10,2,30,,47024,0,10,2,71,,47003,0,10,1,30,,47033,0,10,2,71,,47025,0,10,2,74,,47004,0,10,1,35,,47034,0,10,2,76,,47026,0,10,2,36,,47005,0,10,1,75,,47035,0,10,2,35,,47027,0,10,2,73,,46997,0,10,1,72,,47020,0,10,2,33,,47007,0,10,1,73,,46998,0,10,1,33,,47012,0,10,1
14002,'H58J000I-81-I',540,,47046,0,10,1,73,,47037,0,10,2,33,,47047,0,10,1,74,,47061,0,10,1,33,,47038,0,10,2,74,,47048,0,10,1,31,,47062,0,10,1,70,,47039,0,10,2,30,,47049,0,10,1,70,,47063,0,10,1,31,,47040,0,10,2,71,,47050,0,10,1,71,,47064,0,10,1,30,,47041,0,10,2,70,,47051,0,10,1,30,,47065,0,10,1,70,,47042,0,10,2,30,,47052,0,10,1,70,,47066,0,10,1,30,,47043,0,10,2,70,,47053,0,10,1,30,,47067,0,10,1,70,,47044,0,10,2,26,,47068,0,10,2,24,,47072,0,10,1,66,,47056,0,10,1,29,,47054,0,10,1,69,,47073,0,10,1,28,,47057,0,10,1,73,,47055,0,10,1,33,,47074,0,10,1,73,,47058,0,10,1,33,,47070,0,10,2,72,,47075,0,10,1,73,,47059,0,10,1,33,,47071,0,10,2,73,,47069,0,10,2,32,,47060,0,10,1,72,,47045,0,10,1
14002,'H58J000S-81-S',533,,47079,0,10,2,24,,47076,0,10,1,62,,47078,0,10,2,91,,47087,0,10,2,24,,47077,0,10,1,25,,47085,0,10,2,64,,47089,0,10,1,21,,47088,0,10,2,80,,47080,0,10,1,22,,47093,0,10,2,62,,47101,0,10,1,22,,47103,0,10,1,29,,47097,0,10,2,70,,47081,0,10,1,30,,47094,0,10,2,62,,47104,0,10,1,21,,47098,0,10,2,65,,47082,0,10,1,29,,47095,0,10,2,67,,47105,0,10,1,27,,47099,0,10,2,70,,47083,0,10,1,29,,47096,0,10,2,30,,47106,0,10,1,70,,47100,0,10,2,71,,47084,0,10,1,30,,47109,0,10,1,29,,47107,0,10,1,70,,47113,0,10,1,29,,47091,0,10,2,70,,47110,0,10,1,30,,47114,0,10,1,69,,47092,0,10,2,29,,47111,0,10,1,70,,47115,0,10,1,30,,47086,0,10,1,70,,47090,0,10,2,30,,47102,0,10,1,69,,47112,0,10,1,34,,47116,0,10,1,76,,47108,0,10,2,75,,47117,0,10,1
14002,'H58JV00A-80-A',507,,47128,0,10,2,29,,47119,0,10,1,71,,47140,0,10,2,32,,47129,0,10,2,71,,47158,0,10,1,31,,47141,0,10,2,72,,47130,0,10,2,30,,47159,0,10,1,70,,47142,0,10,2,30,,47131,0,10,2,70,,47160,0,10,1,30,,47143,0,10,2,59,,47162,0,10,1,18,,47132,0,10,2,19,,47152,0,10,1,61,,47161,0,10,1,21,,47144,0,10,2,21,,47145,0,10,2,60,,47133,0,10,2,22,,47153,0,10,1,19,,47134,0,10,2,59,,47122,0,10,2,19,,47146,0,10,2,19,,47125,0,10,2,61,,47121,0,10,1,22,,47135,0,10,2,22,,47123,0,10,2,64,,47147,0,10,2,25,,47154,0,10,1,25,,47124,0,10,1,67,,47136,0,10,2,30,,47148,0,10,2,71,,47155,0,10,1,30,,47137,0,10,2,71,,47149,0,10,2,74,,47156,0,10,1,35,,47138,0,10,2,76,,47150,0,10,2,36,,47157,0,10,1,75,,47139,0,10,2,35,,47151,0,10,2,73,,47126,0,10,1,72,,47120,0,10,2,33,,47163,0,10,1,73,,47127,0,10,1,33,,47118,0,10,1
14002,'H58JV00I-80-I',540,,47164,0,10,1,73,,47170,0,10,2,33,,47183,0,10,1,74,,47192,0,10,1,33,,47171,0,10,2,74,,47184,0,10,1,31,,47193,0,10,1,70,,47172,0,10,2,30,,47185,0,10,1,70,,47194,0,10,1,31,,47173,0,10,2,71,,47186,0,10,1,71,,47195,0,10,1,30,,47174,0,10,2,70,,47187,0,10,1,30,,47196,0,10,1,70,,47175,0,10,2,30,,47188,0,10,1,70,,47197,0,10,1,30,,47176,0,10,2,70,,47189,0,10,1,30,,47198,0,10,1,70,,47177,0,10,2,26,,47199,0,10,2,24,,47166,0,10,1,66,,47178,0,10,1,29,,47190,0,10,1,69,,47167,0,10,1,28,,47179,0,10,1,73,,47191,0,10,1,33,,47168,0,10,1,73,,47180,0,10,1,33,,47200,0,10,2,72,,47169,0,10,1,73,,47181,0,10,1,33,,47201,0,10,2,73,,47202,0,10,2,32,,47182,0,10,1,72,,47165,0,10,1
14002,'H58JV00S-82-S',533,,47206,0,10,2,24,,47203,0,10,1,62,,47205,0,10,2,91,,47214,0,10,2,24,,47204,0,10,1,25,,47212,0,10,2,64,,47216,0,10,1,21,,47215,0,10,2,80,,47207,0,10,1,22,,47220,0,10,2,62,,47228,0,10,1,22,,47230,0,10,1,29,,47224,0,10,1,70,,47208,0,10,1,30,,47221,0,10,2,62,,47231,0,10,1,21,,47225,0,10,1,65,,47209,0,10,1,29,,47222,0,10,2,67,,47232,0,10,1,27,,47226,0,10,1,70,,47210,0,10,1,29,,47223,0,10,2,30,,47233,0,10,1,70,,47227,0,10,1,71,,47211,0,10,1,30,,47236,0,10,1,29,,47234,0,10,1,70,,47240,0,10,1,29,,47218,0,10,2,70,,47237,0,10,1,30,,47241,0,10,1,69,,47219,0,10,2,29,,47238,0,10,1,70,,47242,0,10,1,30,,47213,0,10,1,70,,47217,0,10,2,30,,47229,0,10,1,69,,47239,0,10,1,34,,47243,0,10,1,76,,47235,0,10,2,75,,47244,0,10,1
14002,'H60J000S-98-S',648,,47245,0,10,2
14002,'H60JV00S-98-S',648,,47246,0,10,2
35504,'H54J000A-80-A',2522,,71221,0,9,1,86,,71226,0,9,2,45,,71223,0,9,1,85,,71225,0,9,1,85,,71222,0,9,1,25,,71224,0,9,1
35504,'H54J000I-80-I',2522,,71227,0,9,1,85,,71230,0,9,1,45,,71231,0,9,1,85,,71232,0,9,1,85,,71228,0,9,1,27,,71229,0,9,1
35504,'H54J000S-83-S',2522,,71237,0,9,1,85,,71235,0,9,1,45,,71233,0,9,1,85,,71234,0,9,1,81,,71238,0,9,1,31,,71236,0,9,1
35504,'H54JV00A-80-A',2522,,71239,0,9,1,86,,71243,0,9,2,45,,71241,0,9,1,85,,71242,0,9,1,85,,71240,0,9,1,25,,71244,0,9,1
35504,'H54JV00I-80-I',2522,,71246,0,9,1,85,,71250,0,9,1,45,,71248,0,9,1,85,,71249,0,9,1,85,,71247,0,9,1,27,,71245,0,9,1
35504,'H54JV00S-80-S',2522,,71255,0,9,1,85,,71253,0,9,1,45,,71252,0,9,1,85,,71251,0,9,1,81,,71256,0,9,1,31,,71254,0,9,1
