19501,'H56J000A-80-A',500,,65993,22,0,5,1,30,,65960,22,0,5,2,70,,65969,22,0,5,1,30,,65995,22,0,5,1,29,,65994,22,0,5,1,70,,65961,22,0,5,2,72,,65970,22,0,5,1,30,,65996,22,0,5,1,70,,65987,22,0,5,1,30,,65962,22,0,5,2,71,,65971,22,0,5,1,31,,65979,22,0,5,2,71,,65988,22,0,5,1,30,,65963,22,0,5,2,70,,65972,22,0,5,1,31,,65980,22,0,5,2,71,,65989,22,0,5,1,30,,65964,22,0,5,2,70,,65973,22,0,5,1,34,,65981,22,0,5,2,70,,65990,22,0,5,1,31,,65965,22,0,5,2,72,,65974,22,0,5,1,31,,65982,22,0,5,2,70,,65991,22,0,5,1,30,,65966,22,0,5,2,70,,65975,22,0,5,1,29,,65983,22,0,5,2,69,,65992,22,0,5,1,29,,65967,22,0,5,2,69,,65976,22,0,5,1,29,,65984,22,0,5,2,69,,65997,22,0,5,1,29,,65968,22,0,5,2,69,,65977,22,0,5,1,29,,65985,22,0,5,2,70,,65998,22,0,5,1,30,,66000,22,0,5,2,69,,65978,22,0,5,1,29,,65986,22,0,5,2,69,,66001,22,0,5,2,28,,65999,22,0,5,1
19501,'H56J000I-80-I',501,,66011,22,0,5,2,30,,66007,22,0,5,1,70,,66004,22,0,5,2,30,,66002,22,0,5,1,70,,66012,22,0,5,2,30,,66008,22,0,5,1,70,,66005,22,0,5,2,29,,66003,22,0,5,1,29,,66013,22,0,5,2,69,,66010,22,0,5,1,29,,66006,22,0,5,2,72,,66009,22,0,5,1,72,,66014,22,0,5,2,32,,66026,22,0,5,1,71,,66019,22,0,5,1,31,,66033,22,0,5,2,70,,66015,22,0,5,2,30,,66027,22,0,5,1,70,,66020,22,0,5,1,30,,66034,22,0,5,2,71,,66016,22,0,5,2,31,,66028,22,0,5,1,70,,66021,22,0,5,1,30,,66035,22,0,5,2,70,,66017,22,0,5,2,31,,66029,22,0,5,1,70,,66022,22,0,5,1,30,,66036,22,0,5,2,68,,66018,22,0,5,2,29,,66030,22,0,5,1,69,,66023,22,0,5,1,30,,66037,22,0,5,2,70,,66040,22,0,5,2,31,,66031,22,0,5,1,71,,66024,22,0,5,1,30,,66038,22,0,5,1,70,,66041,22,0,5,2,29,,66032,22,0,5,1,70,,66025,22,0,5,1,30,,66039,22,0,5,1,70,,66042,22,0,5,2
19501,'H56J000S-80-S',449,,66045,22,0,5,1,72,,66076,22,0,5,1,34,,66052,22,0,5,2,73,,66075,22,0,5,1,31,,66080,22,0,5,1,142,,66053,22,0,5,2,27,,66059,22,0,5,2,30,,66062,22,0,5,1,70,,66069,22,0,5,1,31,,66078,22,0,5,1,71,,66060,22,0,5,2,71,,66063,22,0,5,1,30,,66070,22,0,5,1,71,,66079,22,0,5,1,30,,66061,22,0,5,2,72,,66064,22,0,5,1,33,,66071,22,0,5,1,170,,66054,22,0,5,1,26,,66046,22,0,5,2,26,,66050,22,0,5,1,66,,66055,22,0,5,1,29,,66066,22,0,5,2,68,,66077,22,0,5,1,27,,66081,22,0,5,1,68,,66051,22,0,5,1,25,,66056,22,0,5,1,69,,66067,22,0,5,2,29,,66072,22,0,5,1,69,,66047,22,0,5,1,28,,66057,22,0,5,1,69,,66068,22,0,5,2,28,,66073,22,0,5,1,70,,66048,22,0,5,1,29,,66058,22,0,5,1,69,,66065,22,0,5,1,28,,66074,22,0,5,1,28,,66049,22,0,5,1,73,,66044,22,0,5,2,74,,66043,22,0,5,1
19501,'H56JV00A-80-A',500,,66115,22,0,5,1,30,,66082,22,0,5,2,70,,66091,22,0,5,1,30,,66117,22,0,5,1,29,,66116,22,0,5,1,70,,66083,22,0,5,2,72,,66092,22,0,5,1,30,,66118,22,0,5,1,70,,66109,22,0,5,1,30,,66084,22,0,5,2,71,,66093,22,0,5,1,31,,66101,22,0,5,2,71,,66110,22,0,5,1,30,,66085,22,0,5,2,70,,66094,22,0,5,1,31,,66102,22,0,5,2,71,,66111,22,0,5,1,30,,66086,22,0,5,2,70,,66095,22,0,5,1,34,,66103,22,0,5,2,70,,66112,22,0,5,1,31,,66087,22,0,5,2,72,,66096,22,0,5,1,31,,66104,22,0,5,2,70,,66113,22,0,5,1,30,,66088,22,0,5,2,70,,66097,22,0,5,1,29,,66105,22,0,5,2,69,,66114,22,0,5,1,29,,66089,22,0,5,2,69,,66098,22,0,5,1,29,,66106,22,0,5,2,69,,66119,22,0,5,1,29,,66090,22,0,5,2,69,,66099,22,0,5,1,29,,66107,22,0,5,2,70,,66120,22,0,5,1,30,,66122,22,0,5,2,69,,66100,22,0,5,1,29,,66108,22,0,5,2,69,,66123,22,0,5,2,28,,66121,22,0,5,1
19501,'H56JV00I-80-I',501,,66133,22,0,5,2,30,,66129,22,0,5,1,70,,66126,22,0,5,2,30,,66124,22,0,5,1,70,,66134,22,0,5,2,30,,66130,22,0,5,1,70,,66127,22,0,5,2,29,,66125,22,0,5,1,29,,66135,22,0,5,2,69,,66132,22,0,5,1,29,,66128,22,0,5,2,72,,66131,22,0,5,1,72,,66136,22,0,5,2,32,,66148,22,0,5,1,71,,66141,22,0,5,1,31,,66155,22,0,5,2,70,,66137,22,0,5,2,30,,66149,22,0,5,1,70,,66142,22,0,5,1,30,,66156,22,0,5,2,71,,66138,22,0,5,2,31,,66150,22,0,5,1,70,,66143,22,0,5,1,30,,66157,22,0,5,2,70,,66139,22,0,5,2,31,,66151,22,0,5,1,70,,66144,22,0,5,1,30,,66158,22,0,5,2,68,,66140,22,0,5,2,29,,66152,22,0,5,1,69,,66145,22,0,5,1,30,,66159,22,0,5,2,70,,66162,22,0,5,2,31,,66153,22,0,5,1,71,,66146,22,0,5,1,30,,66160,22,0,5,1,70,,66163,22,0,5,2,29,,66154,22,0,5,1,70,,66147,22,0,5,1,30,,66161,22,0,5,1,70,,66164,22,0,5,2
19501,'H56JV00S-80-S',449,,66167,22,0,5,1,72,,66198,22,0,5,1,34,,66174,22,0,5,2,73,,66197,22,0,5,1,31,,66202,22,0,5,1,142,,66175,22,0,5,2,27,,66181,22,0,5,2,30,,66184,22,0,5,1,70,,66191,22,0,5,1,31,,66200,22,0,5,1,71,,66182,22,0,5,2,71,,66185,22,0,5,1,30,,66192,22,0,5,1,71,,66201,22,0,5,1,30,,66183,22,0,5,2,72,,66186,22,0,5,1,33,,66193,22,0,5,1,170,,66176,22,0,5,1,26,,66168,22,0,5,2,26,,66172,22,0,5,1,66,,66177,22,0,5,1,29,,66188,22,0,5,2,68,,66199,22,0,5,1,27,,66203,22,0,5,1,68,,66173,22,0,5,1,25,,66178,22,0,5,1,69,,66189,22,0,5,2,29,,66194,22,0,5,1,69,,66169,22,0,5,1,28,,66179,22,0,5,1,69,,66190,22,0,5,2,28,,66195,22,0,5,1,70,,66170,22,0,5,1,29,,66180,22,0,5,1,69,,66187,22,0,5,1,28,,66196,22,0,5,1,28,,66171,22,0,5,1,73,,66166,22,0,5,1,74,,66165,22,0,5,1
19501,'H58J000S-81-S',731,,66204,22,0,5,2,677,,66205,22,0,5,2
19501,'H58J000S-83-S',731,,66206,22,0,5,2,677,,66207,22,0,5,2
19501,'H58JV00S-82-S',731,,66208,22,0,5,2,677,,66209,22,0,5,2
19501,'H60J000S-98-S',1438,,66210,22,0,5,1
19501,'H60JV00S-98-S',1438,,66211,22,0,5,1
