18901,'H54U000A-80-A',534,,267207,26,0,5,1,69,,267217,26,0,5,1,28,,267219,26,0,5,1,28,,267208,26,0,5,1,68,,267218,26,0,5,1,73,,267220,26,0,5,1,35,,267215,26,0,5,2,73,,267230,26,0,5,1,28,,267239,26,0,5,2,68,,267209,26,0,5,1,32,,267231,26,0,5,1,71,,267240,26,0,5,1,30,,267210,26,0,5,1,69,,267221,26,0,5,1,28,,267241,26,0,5,1,25,,267249,26,0,5,2,63,,267211,26,0,5,1,22,,267222,26,0,5,1,62,,267232,26,0,5,1,22,,267250,26,0,5,2,22,,267212,26,0,5,1,62,,267223,26,0,5,1,22,,267233,26,0,5,1,22,,267251,26,0,5,2,62,,267213,26,0,5,1,16,,267257,26,0,5,2,15,,267229,26,0,5,2,55,,267234,26,0,5,1,16,,267259,26,0,5,2,14,,267252,26,0,5,2,15,,267224,26,0,5,1,55,,267258,26,0,5,2,15,,267216,26,0,5,1,20,,267235,26,0,5,1,61,,267214,26,0,5,1,21,,267225,26,0,5,1,19,,267228,26,0,5,2,18,,267248,26,0,5,1,59,,267236,26,0,5,1,27,,267253,26,0,5,2,70,,267242,26,0,5,1,29,,267237,26,0,5,1,69,,267254,26,0,5,2,29,,267243,26,0,5,1,66,,267245,26,0,5,1,19,,267238,26,0,5,1,20,,267226,26,0,5,2,60,,267255,26,0,5,2,19,,267244,26,0,5,1,19,,267246,26,0,5,1,63,,267227,26,0,5,2,29,,267256,26,0,5,2,70,,267247,26,0,5,1
18901,'H54U000I-80-I',533,,267260,26,0,5,2,69,,267276,26,0,5,1,29,,267290,26,0,5,2,69,,267261,26,0,5,2,29,,267277,26,0,5,1,29,,267291,26,0,5,2,70,,267262,26,0,5,2,30,,267278,26,0,5,1,70,,267292,26,0,5,2,30,,267263,26,0,5,2,70,,267279,26,0,5,1,72,,267293,26,0,5,2,31,,267264,26,0,5,2,72,,267281,26,0,5,1,31,,267280,26,0,5,1,70,,267273,26,0,5,2,32,,267282,26,0,5,1,72,,267303,26,0,5,2,24,,267274,26,0,5,2,21,,267300,26,0,5,1,59,,267267,26,0,5,1,19,,267283,26,0,5,1,20,,267304,26,0,5,2,60,,267275,26,0,5,2,20,,267270,26,0,5,1,16,,267268,26,0,5,1,55,,267305,26,0,5,2,15,,267284,26,0,5,1,15,,267296,26,0,5,2,14,,267265,26,0,5,2,54,,267269,26,0,5,1,14,,267271,26,0,5,1,15,,267297,26,0,5,1,21,,267285,26,0,5,1,61,,267306,26,0,5,1,20,,267266,26,0,5,2,20,,267272,26,0,5,1,64,,267286,26,0,5,1,30,,267307,26,0,5,1,70,,267298,26,0,5,1,30,,267287,26,0,5,1,70,,267308,26,0,5,1,30,,267299,26,0,5,1,69,,267288,26,0,5,1,29,,267301,26,0,5,1,68,,267294,26,0,5,1,26,,267289,26,0,5,1,70,,267302,26,0,5,1,31,,267295,26,0,5,1
18901,'H54U000S-81-S',533,,267309,26,0,5,1,26,,267312,26,0,5,1,75,,267315,26,0,5,2,70,,267314,26,0,5,1,33,,267310,26,0,5,1,71,,267335,26,0,5,1,31,,267339,26,0,5,1,68,,267343,26,0,5,2,29,,267328,26,0,5,1,68,,267336,26,0,5,1,29,,267340,26,0,5,1,70,,267327,26,0,5,1,30,,267322,26,0,5,2,71,,267341,26,0,5,1,32,,267329,26,0,5,1,70,,267323,26,0,5,2,21,,267344,26,0,5,2,20,,267334,26,0,5,1,58,,267342,26,0,5,1,17,,267330,26,0,5,1,20,,267348,26,0,5,2,58,,267324,26,0,5,2,17,,267345,26,0,5,2,18,,267353,26,0,5,1,16,,267357,26,0,5,2,55,,267331,26,0,5,1,14,,267365,26,0,5,2,13,,267349,26,0,5,2,13,,267325,26,0,5,2,10,,267350,26,0,5,2,48,,267346,26,0,5,2,8,,267358,26,0,5,2,9,,267363,26,0,5,2,8,,267354,26,0,5,1,11,,267337,26,0,5,2,11,,267332,26,0,5,1,51,,267326,26,0,5,2,8,,267338,26,0,5,2,10,,267316,26,0,5,2,12,,267351,26,0,5,2,12,,267355,26,0,5,1,15,,267364,26,0,5,2,56,,267367,26,0,5,1,17,,267359,26,0,5,2,16,,267317,26,0,5,2,59,,267366,26,0,5,2,18,,267356,26,0,5,1,19,,267368,26,0,5,1,58,,267347,26,0,5,1,15,,267318,26,0,5,2,15,,267360,26,0,5,1,15,,267333,26,0,5,1,55,,267311,26,0,5,1,15,,267369,26,0,5,1,15,,267352,26,0,5,1,16,,267319,26,0,5,2,62,,267361,26,0,5,1,21,,267313,26,0,5,1,21,,267370,26,0,5,1,63,,267320,26,0,5,2,23,,267362,26,0,5,1,70,,267371,26,0,5,1,30,,267321,26,0,5,2
18901,'H54U100F-80-F1',533,,267372,26,0,5,2,69,,267388,26,0,5,1,29,,267402,26,0,5,2,69,,267373,26,0,5,2,29,,267389,26,0,5,1,29,,267403,26,0,5,2,70,,267374,26,0,5,2,30,,267390,26,0,5,1,70,,267404,26,0,5,2,30,,267375,26,0,5,2,70,,267391,26,0,5,1,72,,267405,26,0,5,2,31,,267376,26,0,5,2,72,,267393,26,0,5,1,31,,267392,26,0,5,1,70,,267385,26,0,5,2,32,,267394,26,0,5,1,72,,267415,26,0,5,2,24,,267386,26,0,5,2,21,,267412,26,0,5,1,59,,267379,26,0,5,1,19,,267395,26,0,5,1,20,,267416,26,0,5,2,60,,267387,26,0,5,2,20,,267382,26,0,5,1,16,,267380,26,0,5,1,55,,267417,26,0,5,2,15,,267396,26,0,5,1,15,,267408,26,0,5,2,14,,267377,26,0,5,2,54,,267381,26,0,5,1,14,,267383,26,0,5,1,15,,267409,26,0,5,1,21,,267397,26,0,5,1,61,,267418,26,0,5,1,20,,267378,26,0,5,2,20,,267384,26,0,5,1,64,,267398,26,0,5,1,30,,267419,26,0,5,1,70,,267410,26,0,5,1,30,,267399,26,0,5,1,70,,267420,26,0,5,1,30,,267411,26,0,5,1,69,,267400,26,0,5,1,29,,267413,26,0,5,1,68,,267406,26,0,5,1,26,,267401,26,0,5,1,70,,267414,26,0,5,1,31,,267407,26,0,5,1
18901,'H54U200F-82-F2',533,,267421,26,0,5,1,69,,267427,26,0,5,2,29,,267436,26,0,5,2,69,,267422,26,0,5,1,29,,267428,26,0,5,2,29,,267437,26,0,5,2,70,,267423,26,0,5,1,30,,267429,26,0,5,2,70,,267438,26,0,5,2,30,,267424,26,0,5,1,70,,267430,26,0,5,2,72,,267439,26,0,5,2,31,,267425,26,0,5,1,72,,267431,26,0,5,2,31,,267451,26,0,5,1,70,,267442,26,0,5,1,32,,267432,26,0,5,2,72,,267433,26,0,5,1,24,,267452,26,0,5,1,21,,267443,26,0,5,1,59,,267456,26,0,5,2,19,,267444,26,0,5,1,20,,267466,26,0,5,2,60,,267453,26,0,5,1,20,,267459,26,0,5,1,16,,267457,26,0,5,2,55,,267450,26,0,5,1,15,,267445,26,0,5,1,15,,267455,26,0,5,2,14,,267454,26,0,5,1,54,,267458,26,0,5,2,14,,267460,26,0,5,1,15,,267426,26,0,5,1,21,,267446,26,0,5,1,61,,267434,26,0,5,1,20,,267449,26,0,5,1,20,,267461,26,0,5,1,64,,267447,26,0,5,1,30,,267435,26,0,5,1,70,,267462,26,0,5,1,30,,267448,26,0,5,1,70,,267467,26,0,5,2,30,,267463,26,0,5,1,69,,267440,26,0,5,2,29,,267468,26,0,5,1,68,,267464,26,0,5,1,26,,267441,26,0,5,2,70,,267469,26,0,5,1,31,,267465,26,0,5,1
36201,'H54U000A-80-A',2700,,277314,60,0,5,1,45,,277315,60,0,5,2,85,,277316,60,0,5,1,85,,277317,60,0,5,1
36201,'H54U000I-80-I',2615,,277318,60,0,5,1,85,,277320,60,0,5,1,44,,277321,60,0,5,2,85,,277322,60,0,5,1,85,,277319,60,0,5,1
36201,'H54U000S-81-S',2614,,277324,60,0,5,1,45,,277327,60,0,5,2,85,,277323,60,0,5,1,85,,277326,60,0,5,2,85,,277325,60,0,5,1
36201,'H54U100F-80-F1',2615,,277328,60,0,5,1,85,,277330,60,0,5,1,44,,277331,60,0,5,2,85,,277332,60,0,5,1,85,,277329,60,0,5,1
36201,'H54U200F-82-F2',2615,,277336,60,0,5,1,85,,277335,60,0,5,1,44,,277334,60,0,5,2,85,,277333,60,0,5,1,85,,277337,60,0,5,1
41001,'H57U000S-81-S',1548,,278055,17,0,5,1,74,,278057,17,0,5,2,31,,278058,17,0,5,1,69,,278060,17,0,5,2,23,,278061,17,0,5,2,64,,278054,17,0,5,1,27,,278052,17,0,5,1,65,,278053,17,0,5,1,26,,278056,17,0,5,1,27,,278059,17,0,5,1
