20301,'H50J000S-83-S',726,,69148,28,0,5,1
20301,'H50JV00S-82-S',726,,69149,28,0,5,1
20301,'H56J000S-80-S',1819,,69150,28,0,5,1
20301,'H56JV00S-80-S',1819,,69151,28,0,5,1
20301,'H60J000A-80-A',619,,69158,28,0,5,2,30,,69175,28,0,5,1,71,,69170,28,0,5,1,30,,69159,28,0,5,2,71,,69176,28,0,5,1,30,,69171,28,0,5,1,70,,69160,28,0,5,2,32,,69177,28,0,5,1,73,,69172,28,0,5,1,32,,69161,28,0,5,2,73,,69178,28,0,5,1,73,,69173,28,0,5,1,33,,69162,28,0,5,2,73,,69179,28,0,5,1,30,,69186,28,0,5,2,69,,69174,28,0,5,1,29,,69163,28,0,5,2,69,,69180,28,0,5,1,29,,69187,28,0,5,2,69,,69152,28,0,5,1,30,,69164,28,0,5,2,70,,69181,28,0,5,1,30,,69188,28,0,5,2,67,,69153,28,0,5,1,30,,69165,28,0,5,2,71,,69182,28,0,5,1,29,,69154,28,0,5,1,70,,69166,28,0,5,2,29,,69183,28,0,5,1,69,,69155,28,0,5,1,29,,69167,28,0,5,2,29,,69184,28,0,5,1,68,,69156,28,0,5,1,28,,69168,28,0,5,2,68,,69185,28,0,5,1,28,,69157,28,0,5,1,68,,69169,28,0,5,2
20301,'H60J000I-80-I',719,,69189,28,0,5,1,30,,69212,28,0,5,2,70,,69201,28,0,5,1,30,,69190,28,0,5,1,70,,69213,28,0,5,2,30,,69202,28,0,5,1,70,,69191,28,0,5,1,30,,69214,28,0,5,2,70,,69203,28,0,5,1,30,,69192,28,0,5,1,70,,69215,28,0,5,2,30,,69204,28,0,5,1,72,,69193,28,0,5,1,30,,69216,28,0,5,2,70,,69205,28,0,5,1,32,,69194,28,0,5,1,70,,69217,28,0,5,2,31,,69206,28,0,5,1,71,,69195,28,0,5,1,30,,69218,28,0,5,2,70,,69207,28,0,5,1,30,,69196,28,0,5,1,69,,69219,28,0,5,2,29,,69208,28,0,5,1,68,,69197,28,0,5,1,29,,69220,28,0,5,2,69,,69209,28,0,5,1,29,,69198,28,0,5,1,69,,69221,28,0,5,2,30,,69210,28,0,5,1,70,,69199,28,0,5,1,30,,69222,28,0,5,2,69,,69211,28,0,5,1,30,,69200,28,0,5,1,70,,69223,28,0,5,2
20301,'H60J000S-98-S',613,,69235,28,0,5,2,34,,69225,28,0,5,1,67,,69236,28,0,5,1,29,,69224,28,0,5,2,70,,69245,28,0,5,2,26,,69226,28,0,5,1,11,,69246,28,0,5,1,72,,69244,28,0,5,1,32,,69231,28,0,5,1,72,,69227,28,0,5,1,32,,69247,28,0,5,1,72,,69242,28,0,5,1,71,,69232,28,0,5,1,29,,69228,28,0,5,1,70,,69230,28,0,5,1,29,,69233,28,0,5,1,29,,69241,28,0,5,1,69,,69229,28,0,5,1,30,,69253,28,0,5,1,72,,69259,28,0,5,1,74,,69234,28,0,5,1,25,,69248,28,0,5,2,25,,69254,28,0,5,1,63,,69243,28,0,5,1,32,,69258,28,0,5,1,104,,69255,28,0,5,1,71,,69249,28,0,5,1,30,,69237,28,0,5,1,72,,69256,28,0,5,1,31,,69250,28,0,5,1,70,,69238,28,0,5,1,30,,69257,28,0,5,1,71,,69251,28,0,5,1,27,,69239,28,0,5,1,69,,69260,28,0,5,1,28,,69252,28,0,5,1,68,,69240,28,0,5,1
20301,'H60JV00A-80-A',619,,69261,28,0,5,2,30,,69279,28,0,5,1,71,,69293,28,0,5,1,30,,69262,28,0,5,2,71,,69280,28,0,5,1,30,,69294,28,0,5,1,70,,69263,28,0,5,2,32,,69281,28,0,5,1,73,,69295,28,0,5,1,32,,69264,28,0,5,2,73,,69282,28,0,5,1,73,,69296,28,0,5,1,33,,69265,28,0,5,2,73,,69283,28,0,5,1,30,,69290,28,0,5,2,69,,69297,28,0,5,1,29,,69266,28,0,5,2,69,,69284,28,0,5,1,29,,69291,28,0,5,2,69,,69273,28,0,5,1,30,,69267,28,0,5,2,70,,69285,28,0,5,1,30,,69292,28,0,5,2,67,,69274,28,0,5,1,30,,69268,28,0,5,2,71,,69286,28,0,5,1,29,,69275,28,0,5,1,70,,69269,28,0,5,2,29,,69287,28,0,5,1,69,,69276,28,0,5,1,29,,69270,28,0,5,2,29,,69288,28,0,5,1,68,,69277,28,0,5,1,28,,69271,28,0,5,2,68,,69289,28,0,5,1,28,,69278,28,0,5,1,68,,69272,28,0,5,2
20301,'H60JV00I-80-I',719,,69298,28,0,5,1,30,,69321,28,0,5,2,70,,69310,28,0,5,1,30,,69299,28,0,5,1,70,,69322,28,0,5,2,30,,69311,28,0,5,1,70,,69300,28,0,5,1,30,,69323,28,0,5,2,70,,69312,28,0,5,1,30,,69301,28,0,5,1,70,,69324,28,0,5,2,30,,69313,28,0,5,1,72,,69302,28,0,5,1,30,,69325,28,0,5,2,70,,69314,28,0,5,1,32,,69303,28,0,5,1,70,,69326,28,0,5,2,31,,69315,28,0,5,1,71,,69304,28,0,5,1,30,,69327,28,0,5,2,70,,69316,28,0,5,1,30,,69305,28,0,5,1,69,,69328,28,0,5,2,29,,69317,28,0,5,1,68,,69306,28,0,5,1,29,,69329,28,0,5,2,69,,69318,28,0,5,1,29,,69307,28,0,5,1,69,,69330,28,0,5,2,30,,69319,28,0,5,1,70,,69308,28,0,5,1,30,,69331,28,0,5,2,69,,69320,28,0,5,1,30,,69309,28,0,5,1,70,,69332,28,0,5,2
20301,'H60JV00S-98-S',613,,69369,28,0,5,2,34,,69363,28,0,5,1,67,,69343,28,0,5,1,29,,69366,28,0,5,2,70,,69344,28,0,5,2,26,,69364,28,0,5,1,11,,69339,28,0,5,1,72,,69367,28,0,5,1,32,,69352,28,0,5,1,72,,69365,28,0,5,1,32,,69340,28,0,5,1,72,,69341,28,0,5,1,71,,69353,28,0,5,1,29,,69350,28,0,5,1,70,,69334,28,0,5,1,29,,69354,28,0,5,1,29,,69355,28,0,5,1,69,,69351,28,0,5,1,30,,69345,28,0,5,1,72,,69357,28,0,5,1,74,,69333,28,0,5,1,25,,69368,28,0,5,2,25,,69346,28,0,5,1,63,,69342,28,0,5,1,32,,69356,28,0,5,1,104,,69347,28,0,5,1,71,,69335,28,0,5,1,30,,69359,28,0,5,1,72,,69348,28,0,5,1,31,,69336,28,0,5,1,70,,69360,28,0,5,1,30,,69349,28,0,5,1,71,,69337,28,0,5,1,27,,69361,28,0,5,1,69,,69358,28,0,5,1,28,,69338,28,0,5,1,68,,69362,28,0,5,1
