19701,'H51M000A-70-A',538,,146859,16,,,1,71,,146872,16,,,1,31,,146860,16,,,1,70,,146877,16,,,2,29,,146885,16,,,2,68,,146861,16,,,1,27,,146878,16,,,2,67,,146886,16,,,2,27,,146862,16,,,1,26,,146879,16,,,2,58,,146893,16,,,2,18,,146887,16,,,2,18,,146894,16,,,2,58,,146863,16,,,1,18,,146880,16,,,2,17,,146895,16,,,2,17,,146888,16,,,2,56,,146896,16,,,2,16,,146864,16,,,1,16,,146897,16,,,2,56,,146881,16,,,2,17,,146901,16,,,2,17,,146889,16,,,2,18,,146898,16,,,2,58,,146865,16,,,1,18,,146882,16,,,2,18,,146890,16,,,2,58,,146902,16,,,2,20,,146899,16,,,2,20,,146866,16,,,1,63,,146883,16,,,2,23,,146891,16,,,2,23,,146900,16,,,2,62,,146867,16,,,1,26,,146884,16,,,2,67,,146903,16,,,2,27,,146868,16,,,1,67,,146873,16,,,1,27,,146855,16,,,1,27,,146869,16,,,1,67,,146874,16,,,1,27,,146856,16,,,1,66,,146870,16,,,1,27,,146875,16,,,1,68,,146857,16,,,1,28,,146871,16,,,1,69,,146876,16,,,1,33,,146858,16,,,1,69,,146904,16,,,1,35,,146892,16,,,1,76,,146905,16,,,1
19701,'H51M000I-70-I',538,,146909,16,,,2,71,,146906,16,,,1,32,,146910,16,,,2,72,,146907,16,,,1,32,,146911,16,,,2,72,,146908,16,,,1,33,,146912,16,,,2,73,,146920,16,,,1,22,,146921,16,,,2,62,,146922,16,,,2,27,,146913,16,,,2,68,,146918,16,,,1,27,,146923,16,,,2,27,,146914,16,,,2,67,,146919,16,,,1,20,,146931,16,,,1,60,,146924,16,,,2,18,,146941,16,,,1,20,,146915,16,,,2,65,,146932,16,,,1,28,,146925,16,,,2,68,,146916,16,,,2,28,,146933,16,,,1,27,,146926,16,,,2,68,,146917,16,,,2,28,,146934,16,,,1,69,,146927,16,,,2,29,,146947,16,,,2,69,,146935,16,,,1,29,,146928,16,,,2,68,,146942,16,,,1,29,,146936,16,,,1,69,,146929,16,,,2,29,,146943,16,,,1,69,,146937,16,,,1,32,,146930,16,,,2,71,,146944,16,,,1,33,,146938,16,,,1,73,,146945,16,,,1,32,,146939,16,,,1,71,,146946,16,,,1,30,,146940,16,,,1
19701,'H51M000S-70-S',507,,146949,16,,,1,41,,146954,16,,,1,71,,146950,16,,,1,22,,146966,16,,,2,9,,146963,16,,,2,8,,146960,16,,,2,55,,146969,16,,,2,6,,146975,16,,,2,7,,146955,16,,,1,5,,146956,16,,,1,8,,146976,16,,,2,6,,146951,16,,,1,7,,146968,16,,,2,52,,146977,16,,,2,5,,146971,16,,,2,10,,146967,16,,,2,9,,146964,16,,,2,10,,146961,16,,,2,11,,146970,16,,,2,51,,146965,16,,,1,9,,146991,16,,,1,11,,146948,16,,,1,12,,146997,16,,,2,15,,146978,16,,,2,56,,146952,16,,,1,18,,146962,16,,,2,20,,146992,16,,,1,60,,146979,16,,,2,20,,146958,16,,,1,20,,146953,16,,,1,60,,146998,16,,,2,20,,146993,16,,,1,20,,146980,16,,,2,60,,146983,16,,,1,20,,147001,16,,,2,20,,146999,16,,,2,60,,146994,16,,,1,21,,146981,16,,,2,20,,146984,16,,,1,62,,147002,16,,,2,20,,147000,16,,,2,20,,146995,16,,,1,61,,146982,16,,,2,21,,146985,16,,,1,20,,147003,16,,,2,59,,147004,16,,,2,20,,146996,16,,,1,21,,147008,16,,,2,64,,146986,16,,,1,29,,146972,16,,,1,69,,147005,16,,,2,29,,146987,16,,,1,69,,146973,16,,,1,29,,147006,16,,,1,70,,146988,16,,,1,30,,146974,16,,,1,70,,147007,16,,,1,30,,146989,16,,,1,73,,147009,16,,,2,34,,147010,16,,,2,76,,146959,16,,,1,37,,146957,16,,,1
19701,'H51M100F-70-F1',538,,147014,16,,,2,71,,147011,16,,,1,32,,147015,16,,,2,72,,147012,16,,,1,32,,147016,16,,,2,72,,147013,16,,,1,33,,147017,16,,,2,73,,147025,16,,,1,22,,147026,16,,,2,62,,147027,16,,,2,27,,147018,16,,,2,68,,147023,16,,,1,27,,147028,16,,,2,27,,147020,16,,,2,67,,147024,16,,,1,20,,147036,16,,,1,60,,147029,16,,,2,18,,147046,16,,,1,20,,147019,16,,,2,65,,147037,16,,,1,28,,147030,16,,,2,68,,147021,16,,,2,28,,147038,16,,,1,27,,147031,16,,,2,68,,147022,16,,,2,28,,147039,16,,,1,69,,147032,16,,,2,29,,147052,16,,,2,69,,147040,16,,,1,29,,147033,16,,,2,68,,147047,16,,,1,29,,147041,16,,,1,69,,147034,16,,,2,29,,147048,16,,,1,69,,147042,16,,,1,32,,147035,16,,,2,71,,147049,16,,,1,33,,147043,16,,,1,73,,147050,16,,,1,32,,147044,16,,,1,71,,147051,16,,,1,30,,147045,16,,,1
19701,'H51M200F-70-F2',538,,147056,16,,,2,71,,147053,16,,,1,32,,147057,16,,,2,72,,147054,16,,,1,32,,147058,16,,,2,72,,147055,16,,,1,33,,147059,16,,,2,73,,147067,16,,,1,22,,147068,16,,,2,62,,147069,16,,,2,27,,147060,16,,,2,68,,147065,16,,,1,27,,147070,16,,,2,27,,147061,16,,,2,67,,147066,16,,,1,20,,147078,16,,,1,60,,147071,16,,,2,18,,147088,16,,,1,20,,147062,16,,,2,65,,147079,16,,,1,28,,147072,16,,,2,68,,147063,16,,,2,28,,147080,16,,,1,27,,147073,16,,,2,68,,147064,16,,,2,28,,147081,16,,,1,69,,147074,16,,,2,29,,147094,16,,,2,69,,147082,16,,,1,29,,147075,16,,,2,68,,147089,16,,,1,29,,147083,16,,,1,69,,147076,16,,,2,29,,147090,16,,,1,69,,147084,16,,,1,32,,147077,16,,,2,71,,147091,16,,,1,33,,147086,16,,,1,73,,147092,16,,,1,32,,147085,16,,,1,71,,147093,16,,,1,30,,147087,16,,,1
19701,'H51M300F-70-F3',538,,147098,16,,,2,71,,147095,16,,,1,32,,147099,16,,,2,72,,147096,16,,,1,32,,147100,16,,,2,72,,147097,16,,,1,33,,147101,16,,,2,73,,147109,16,,,1,22,,147110,16,,,2,62,,147111,16,,,2,27,,147102,16,,,2,68,,147107,16,,,1,27,,147112,16,,,2,27,,147103,16,,,2,67,,147108,16,,,1,20,,147120,16,,,1,60,,147113,16,,,2,18,,147130,16,,,1,20,,147104,16,,,2,65,,147121,16,,,1,28,,147114,16,,,2,68,,147105,16,,,2,28,,147122,16,,,1,27,,147115,16,,,2,68,,147106,16,,,2,28,,147123,16,,,1,69,,147116,16,,,2,29,,147136,16,,,2,69,,147124,16,,,1,29,,147117,16,,,2,68,,147131,16,,,1,29,,147125,16,,,1,69,,147118,16,,,2,29,,147132,16,,,1,69,,147126,16,,,1,32,,147119,16,,,2,71,,147133,16,,,1,33,,147127,16,,,1,73,,147134,16,,,1,32,,147128,16,,,1,71,,147135,16,,,1,30,,147129,16,,,1
19701,'H57M000S-70-S',530,,147137,16,,,1,74,,147138,16,,,1,27,,147140,16,,,2,75,,147141,16,,,1,52,,147142,16,,,2,56,,147139,16,,,2
37001,'H51M000A-70-A',2601,,155156,23,,,1,42,,155157,23,,,1,85,,155159,23,,,1,84,,155158,23,,,1,45,,155160,23,,,2
37001,'H51M000I-70-I',2512,,155165,23,,,1,45,,155163,23,,,2,85,,155161,23,,,1,85,,155166,23,,,1,85,,155164,23,,,2,46,,155162,23,,,1
37001,'H51M000S-70-S',2512,,155171,23,,,2,45,,155169,23,,,1,85,,155167,23,,,1,85,,155172,23,,,2,85,,155170,23,,,1,47,,155168,23,,,1
37001,'H51M100F-70-F1',2512,,155177,23,,,1,45,,155175,23,,,2,85,,155173,23,,,1,85,,155178,23,,,1,85,,155176,23,,,2,46,,155174,23,,,1
37001,'H51M200F-70-F2',2512,,155183,23,,,1,45,,155181,23,,,2,85,,155179,23,,,1,85,,155184,23,,,1,85,,155182,23,,,2,46,,155180,23,,,1
37001,'H51M300F-70-F3',2512,,155189,23,,,1,45,,155187,23,,,2,85,,155185,23,,,1,85,,155190,23,,,1,85,,155188,23,,,2,46,,155186,23,,,1
