10001,'H50U000A-82-A',523,,245823,21,0,5,1,30,,245817,21,0,5,1,71,,245853,21,0,5,2,33,,245824,21,0,5,1,73,,245818,21,0,5,1,27,,245854,21,0,5,2,67,,245825,21,0,5,1,26,,245847,21,0,5,2,70,,245819,21,0,5,1,30,,245826,21,0,5,1,67,,245848,21,0,5,2,27,,245820,21,0,5,2,72,,245827,21,0,5,1,31,,245849,21,0,5,2,70,,245821,21,0,5,2,30,,245832,21,0,5,1,70,,245850,21,0,5,2,28,,245828,21,0,5,2,67,,245822,21,0,5,2,24,,245833,21,0,5,1,22,,245851,21,0,5,2,61,,245835,21,0,5,1,12,,245839,21,0,5,2,2,,245829,21,0,5,2,17,,245841,21,0,5,1,59,,245834,21,0,5,1,19,,245836,21,0,5,1,15,,245852,21,0,5,2,16,,245842,21,0,5,1,57,,245830,21,0,5,2,20,,245840,21,0,5,1,66,,245837,21,0,5,1,27,,245843,21,0,5,1,28,,245831,21,0,5,2,70,,245838,21,0,5,1,29,,245844,21,0,5,1,69,,245855,21,0,5,1,28,,245859,21,0,5,2,68,,245845,21,0,5,1,27,,245856,21,0,5,1,73,,245860,21,0,5,2,33,,245846,21,0,5,1,73,,245857,21,0,5,1,24,,245861,21,0,5,2,69,,245863,21,0,5,1,34,,245858,21,0,5,1,78,,245862,21,0,5,2
10001,'H50U000I-82-I',633,,245864,21,0,5,2,69,,245877,21,0,5,2,28,,245884,21,0,5,1,73,,245865,21,0,5,2,33,,245878,21,0,5,2,73,,245885,21,0,5,1,28,,245866,21,0,5,2,68,,245879,21,0,5,2,28,,245886,21,0,5,1,71,,245867,21,0,5,2,31,,245880,21,0,5,2,70,,245887,21,0,5,1,33,,245868,21,0,5,2,73,,245881,21,0,5,2,32,,245888,21,0,5,1,71,,245869,21,0,5,2,29,,245882,21,0,5,2,67,,245898,21,0,5,1,19,,245891,21,0,5,1,3,,245907,21,0,5,1,10,,245889,21,0,5,1,13,,245870,21,0,5,2,56,,245892,21,0,5,2,16,,245883,21,0,5,2,18,,245899,21,0,5,1,62,,245871,21,0,5,2,19,,245890,21,0,5,1,20,,245893,21,0,5,2,64,,245900,21,0,5,1,30,,245872,21,0,5,2,70,,245894,21,0,5,2,30,,245901,21,0,5,1,70,,245873,21,0,5,2,30,,245895,21,0,5,2,70,,245902,21,0,5,1,30,,245874,21,0,5,2,70,,245896,21,0,5,2,29,,245903,21,0,5,1,70,,245875,21,0,5,2,20,,245897,21,0,5,2,25,,245905,21,0,5,1,70,,245904,21,0,5,1,33,,245876,21,0,5,2,75,,245906,21,0,5,1
10001,'H50U000S-83-S',523,,245945,21,0,5,1,33,,245914,21,0,5,1,74,,245944,21,0,5,1,71,,245921,21,0,5,1,29,,245915,21,0,5,1,29,,245913,21,0,5,1,69,,245927,21,0,5,1,30,,245931,21,0,5,1,68,,245922,21,0,5,2,27,,245916,21,0,5,1,73,,245928,21,0,5,1,33,,245923,21,0,5,2,69,,245917,21,0,5,1,29,,245932,21,0,5,2,69,,245929,21,0,5,1,29,,245924,21,0,5,2,67,,245918,21,0,5,1,25,,245933,21,0,5,2,59,,245910,21,0,5,1,18,,245930,21,0,5,1,11,,245925,21,0,5,2,16,,245952,21,0,5,2,55,,245919,21,0,5,1,15,,245960,21,0,5,1,9,,245934,21,0,5,2,10,,245954,21,0,5,1,12,,245911,21,0,5,1,51,,245936,21,0,5,2,10,,245953,21,0,5,2,12,,245926,21,0,5,2,16,,245943,21,0,5,1,16,,245920,21,0,5,1,58,,245912,21,0,5,1,17,,245935,21,0,5,2,13,,245946,21,0,5,1,63,,245937,21,0,5,2,28,,245955,21,0,5,1,68,,245941,21,0,5,1,28,,245947,21,0,5,1,69,,245938,21,0,5,2,29,,245942,21,0,5,1,29,,245948,21,0,5,1,69,,245939,21,0,5,2,28,,245956,21,0,5,1,68,,245949,21,0,5,1,22,,245950,21,0,5,2,57,,245940,21,0,5,2,15,,245908,21,0,5,2,15,,245957,21,0,5,1,19,,245958,21,0,5,1,73,,245951,21,0,5,2,33,,245909,21,0,5,2,72,,245959,21,0,5,1
10001,'H50U100F-80-F1',633,,245961,21,0,5,2,69,,245974,21,0,5,2,28,,245981,21,0,5,1,73,,245962,21,0,5,2,33,,245975,21,0,5,2,73,,245982,21,0,5,1,28,,245963,21,0,5,2,68,,245976,21,0,5,2,28,,245983,21,0,5,1,71,,245964,21,0,5,2,31,,245977,21,0,5,2,70,,245984,21,0,5,1,33,,245965,21,0,5,2,73,,245978,21,0,5,2,32,,245985,21,0,5,1,71,,245966,21,0,5,2,29,,245979,21,0,5,2,67,,245995,21,0,5,1,19,,245988,21,0,5,1,3,,246004,21,0,5,1,10,,245986,21,0,5,1,13,,245967,21,0,5,2,56,,245989,21,0,5,2,16,,245980,21,0,5,2,18,,245996,21,0,5,1,62,,245968,21,0,5,2,19,,245987,21,0,5,1,20,,245990,21,0,5,2,64,,245997,21,0,5,1,30,,245969,21,0,5,2,70,,245991,21,0,5,2,30,,245998,21,0,5,1,70,,245970,21,0,5,2,30,,245992,21,0,5,2,70,,245999,21,0,5,1,30,,245971,21,0,5,2,70,,245993,21,0,5,2,29,,246000,21,0,5,1,70,,245972,21,0,5,2,20,,245994,21,0,5,2,25,,246002,21,0,5,1,70,,246001,21,0,5,1,33,,245973,21,0,5,2,75,,246003,21,0,5,1
10001,'H50U200F-80-F2',633,,246005,21,0,5,2,69,,246018,21,0,5,2,28,,246025,21,0,5,1,73,,246006,21,0,5,2,33,,246019,21,0,5,2,73,,246026,21,0,5,1,28,,246007,21,0,5,2,68,,246020,21,0,5,2,28,,246027,21,0,5,1,71,,246008,21,0,5,2,31,,246021,21,0,5,2,70,,246028,21,0,5,1,33,,246009,21,0,5,2,73,,246022,21,0,5,2,32,,246029,21,0,5,1,71,,246010,21,0,5,2,29,,246023,21,0,5,2,67,,246039,21,0,5,1,19,,246032,21,0,5,1,3,,246048,21,0,5,1,10,,246030,21,0,5,1,13,,246011,21,0,5,2,56,,246033,21,0,5,2,16,,246024,21,0,5,2,18,,246040,21,0,5,1,62,,246012,21,0,5,2,19,,246031,21,0,5,1,20,,246034,21,0,5,2,64,,246041,21,0,5,1,30,,246013,21,0,5,2,70,,246035,21,0,5,2,30,,246042,21,0,5,1,70,,246014,21,0,5,2,30,,246036,21,0,5,2,70,,246043,21,0,5,1,30,,246015,21,0,5,2,70,,246037,21,0,5,2,29,,246044,21,0,5,1,70,,246016,21,0,5,2,20,,246038,21,0,5,2,25,,246046,21,0,5,1,70,,246045,21,0,5,1,33,,246017,21,0,5,2,75,,246047,21,0,5,1
37601,'H60U000A-85-A',2522,,277868,40,0,5,1,85,,277867,40,0,5,2,45,,277866,40,0,5,1,85,,277870,40,0,5,1,85,,277869,40,0,5,1
37601,'H60U000I-84-I',2522,,277874,40,0,5,1,85,,277871,40,0,5,1,45,,277872,40,0,5,2,85,,277873,40,0,5,1,84,,277875,40,0,5,1
37601,'H60U000S-86-S',2521,,277876,40,0,5,1,84,,277878,40,0,5,1,45,,277880,40,0,5,2,85,,277879,40,0,5,1,85,,277877,40,0,5,1
37601,'H60U100F-85-F1',2522,,277883,40,0,5,1,85,,277881,40,0,5,1,45,,277882,40,0,5,1,85,,277885,40,0,5,1,84,,277884,40,0,5,1
37601,'H60U200F-83-F2',2522,,277888,40,0,5,1,85,,277886,40,0,5,1,45,,277887,40,0,5,1,85,,277890,40,0,5,1,84,,277889,40,0,5,1
37801,'H60U000A-85-A',2543,,277917,25,0,5,1,91,,277916,25,0,5,2,91,,277915,25,0,5,1,91,,277918,25,0,5,1
37801,'H60U000I-84-I',2543,,277921,25,0,5,1,91,,277920,25,0,5,1,90,,277922,25,0,5,1,93,,277919,25,0,5,1
37801,'H60U000S-86-S',2542,,277925,25,0,5,1,91,,277923,25,0,5,1,97,,277926,25,0,5,1,89,,277924,25,0,5,1
37801,'H60U100F-85-F1',2543,,277929,25,0,5,1,91,,277927,25,0,5,1,90,,277930,25,0,5,1,93,,277928,25,0,5,1
37801,'H60U200F-83-F2',2543,,277933,25,0,5,1,91,,277931,25,0,5,1,90,,277934,25,0,5,1,93,,277932,25,0,5,1
46001,'H58U000S-80-S',551,,280002,18,0,5,2,70,,280004,18,0,5,2,31,,280000,18,0,5,1,64,,280005,18,0,5,2,18,,280003,18,0,5,2,72,,280006,18,0,5,2,31,,280007,18,0,5,1,68,,280008,18,0,5,2,21,,279999,18,0,5,2,30,,280001,18,0,5,1,546,,280010,18,0,99 30,2,14,,280011,18,0,99 30,1,10,,280013,18,0,99 30,1,10,,280015,18,0,99 30,2,10,,280016,18,0,99 30,2,10,,280018,18,0,99 30,2,49,,280009,18,0,99 30,2,8,,280020,18,0,99 30,1,9,,280021,18,0,99 30,1,8,,280023,18,0,99 30,2,9,,280025,18,0,99 30,2,9,,280026,18,0,99 30,2,9,,280028,18,0,99 30,2,49,,280014,18,0,99 30,2,10,,280030,18,0,99 30,1,19,,280019,18,0,99 30,2,17,,280029,18,0,99 30,2,60,,280024,18,0,99 30,2,25,,280012,18,0,99 30,1,65,,280017,18,0,99 30,2,24,,280022,18,0,99 30,1,25,,280027,18,0,99 30,2
46001,'H58U200F-80-F2',551,,280034,18,0,5,2,70,,280036,18,0,5,2,31,,280031,18,0,5,1,64,,280033,18,0,5,1,18,,280035,18,0,5,2,72,,280037,18,0,5,2,31,,280040,18,0,5,1,68,,280038,18,0,5,1,21,,280039,18,0,5,2,30,,280032,18,0,5,1,546,,280043,18,0,99 30,1,30,,280045,18,0,99 30,2,26,,280048,18,0,99 30,2,65,,280049,18,0,99 30,2,25,,280051,18,0,99 30,1,65,,280047,18,0,99 30,2,25,,280041,18,0,99 30,2,67,,280042,18,0,99 30,2,30,,280044,18,0,99 30,1,70,,280046,18,0,99 30,2,28,,280050,18,0,99 30,2,18,,280052,18,0,99 30,1
