11001,'H56U000A-80-A',513,,249930,38,0,5,1,30,,249968,38,0,5,1,71,,249948,38,0,5,1,28,,249964,38,0,5,1,69,,249931,38,0,5,1,30,,249969,38,0,5,1,71,,249949,38,0,5,1,31,,249965,38,0,5,1,71,,249932,38,0,5,1,32,,249970,38,0,5,1,74,,249936,38,0,5,1,34,,249966,38,0,5,1,71,,249935,38,0,5,1,32,,249971,38,0,5,1,72,,249972,38,0,5,1,72,,249950,38,0,5,1,23,,249942,38,0,5,1,25,,249958,38,0,5,1,70,,249937,38,0,5,1,29,,249952,38,0,5,1,71,,249955,38,0,5,1,27,,249943,38,0,5,1,70,,249959,38,0,5,1,29,,249938,38,0,5,1,69,,249953,38,0,5,1,29,,249956,38,0,5,1,66,,249944,38,0,5,1,26,,249960,38,0,5,1,67,,249939,38,0,5,1,27,,249954,38,0,5,1,27,,249957,38,0,5,1,70,,249945,38,0,5,1,26,,249961,38,0,5,1,71,,249940,38,0,5,1,32,,249933,38,0,5,1,69,,249946,38,0,5,1,27,,249962,38,0,5,1,70,,249941,38,0,5,1,28,,249934,38,0,5,1,67,,249947,38,0,5,1,25,,249963,38,0,5,1,68,,249951,38,0,5,1,28,,249967,38,0,5,1
11001,'H56U000I-80-I',543,,249979,38,0,5,1,69,,250000,38,0,5,1,29,,250011,38,0,5,1,70,,249989,38,0,5,1,30,,249980,38,0,5,1,69,,250001,38,0,5,1,35,,250012,38,0,5,1,69,,249990,38,0,5,1,32,,249981,38,0,5,1,76,,250002,38,0,5,1,32,,250013,38,0,5,1,72,,249991,38,0,5,1,30,,249982,38,0,5,1,71,,250006,38,0,5,1,31,,250010,38,0,5,1,71,,249988,38,0,5,1,26,,249997,38,0,5,1,65,,249973,38,0,5,1,26,,250003,38,0,5,1,67,,249992,38,0,5,1,31,,249983,38,0,5,1,70,,249998,38,0,5,1,28,,249974,38,0,5,1,67,,250004,38,0,5,1,28,,249993,38,0,5,1,69,,249984,38,0,5,1,28,,249999,38,0,5,1,25,,249975,38,0,5,1,68,,250005,38,0,5,1,29,,249994,38,0,5,1,69,,249985,38,0,5,1,29,,250008,38,0,5,1,70,,249976,38,0,5,1,30,,249995,38,0,5,1,69,,249986,38,0,5,1,28,,250009,38,0,5,1,69,,249977,38,0,5,1,29,,249996,38,0,5,1,68,,249987,38,0,5,1,25,,250007,38,0,5,1,67,,249978,38,0,5,1
11001,'H56U000S-81-S',451,,250018,38,0,5,1,75,,250023,38,0,5,1,27,,250041,38,0,5,1,72,,250054,38,0,5,1,31,,250019,38,0,5,1,71,,250024,38,0,5,1,23,,250026,38,0,5,1,61,,250027,38,0,5,1,30,,250021,38,0,5,1,67,,250045,38,0,5,1,27,,250015,38,0,5,1,70,,250031,38,0,5,1,32,,250028,38,0,5,1,70,,250022,38,0,5,1,30,,250046,38,0,5,1,70,,250016,38,0,5,1,31,,250032,38,0,5,1,70,,250029,38,0,5,1,33,,250017,38,0,5,1,73,,250047,38,0,5,1,32,,250038,38,0,5,1,78,,250020,38,0,5,1,33,,250030,38,0,5,1,72,,250042,38,0,5,1,71,,250048,38,0,5,1,32,,250039,38,0,5,1,71,,250050,38,0,5,1,29,,250034,38,0,5,1,69,,250043,38,0,5,1,28,,250049,38,0,5,1,27,,250040,38,0,5,1,68,,250051,38,0,5,1,27,,250035,38,0,5,1,66,,250044,38,0,5,1,25,,250033,38,0,5,1,65,,250014,38,0,5,1,28,,250052,38,0,5,1,69,,250036,38,0,5,1,30,,250055,38,0,5,1,72,,250025,38,0,5,1,32,,250053,38,0,5,1,64,,250037,38,0,5,1
11001,'H56U100F-80-F1',543,,250062,38,0,5,1,69,,250083,38,0,5,1,29,,250094,38,0,5,1,70,,250072,38,0,5,1,30,,250063,38,0,5,1,69,,250084,38,0,5,1,35,,250095,38,0,5,1,69,,250073,38,0,5,1,32,,250064,38,0,5,1,76,,250085,38,0,5,1,32,,250096,38,0,5,1,72,,250074,38,0,5,1,30,,250065,38,0,5,1,71,,250089,38,0,5,1,31,,250093,38,0,5,1,71,,250071,38,0,5,1,26,,250080,38,0,5,1,65,,250056,38,0,5,1,26,,250086,38,0,5,1,67,,250075,38,0,5,1,31,,250066,38,0,5,1,70,,250081,38,0,5,1,28,,250057,38,0,5,1,67,,250087,38,0,5,1,28,,250076,38,0,5,1,69,,250067,38,0,5,1,28,,250082,38,0,5,1,25,,250058,38,0,5,1,68,,250088,38,0,5,1,29,,250077,38,0,5,1,69,,250068,38,0,5,1,29,,250091,38,0,5,1,70,,250059,38,0,5,1,30,,250078,38,0,5,1,69,,250069,38,0,5,1,28,,250092,38,0,5,1,69,,250060,38,0,5,1,29,,250079,38,0,5,1,68,,250070,38,0,5,1,25,,250090,38,0,5,1,67,,250061,38,0,5,1
11001,'H56U200F-80-F2',543,,250103,38,0,5,1,69,,250124,38,0,5,1,29,,250135,38,0,5,1,70,,250113,38,0,5,1,30,,250104,38,0,5,1,69,,250125,38,0,5,1,35,,250136,38,0,5,1,69,,250114,38,0,5,1,32,,250105,38,0,5,1,76,,250126,38,0,5,1,32,,250137,38,0,5,1,72,,250115,38,0,5,1,30,,250106,38,0,5,1,71,,250130,38,0,5,1,31,,250134,38,0,5,1,71,,250112,38,0,5,1,26,,250121,38,0,5,1,65,,250097,38,0,5,1,26,,250127,38,0,5,1,67,,250116,38,0,5,1,31,,250107,38,0,5,1,70,,250122,38,0,5,1,28,,250098,38,0,5,1,67,,250128,38,0,5,1,28,,250117,38,0,5,1,69,,250108,38,0,5,1,28,,250123,38,0,5,1,25,,250099,38,0,5,1,68,,250129,38,0,5,1,29,,250118,38,0,5,1,69,,250109,38,0,5,1,29,,250132,38,0,5,1,70,,250100,38,0,5,1,30,,250119,38,0,5,1,69,,250110,38,0,5,1,28,,250133,38,0,5,1,69,,250101,38,0,5,1,29,,250120,38,0,5,1,68,,250111,38,0,5,1,25,,250131,38,0,5,1,67,,250102,38,0,5,1
35001,'H56U000A-80-A',2502,,276616,8,0,5,1,54,,276614,8,0,5,2,94,,276612,8,0,5,1,83,,276613,8,0,5,1,84,,276615,8,0,5,1
35001,'H56U000I-80-I',2502,,276620,8,0,5,1,49,,276618,8,0,5,1,87,,276617,8,0,5,1,84,,276619,8,0,5,1,87,,276621,8,0,5,2
35001,'H56U000S-81-S',2502,,276622,8,0,5,1,47,,276626,8,0,5,2,88,,276623,8,0,5,1,85,,276624,8,0,5,2,88,,276625,8,0,5,1
35001,'H56U100F-80-F1',2502,,276630,8,0,5,1,49,,276628,8,0,5,1,87,,276627,8,0,5,1,84,,276629,8,0,5,1,87,,276631,8,0,5,2
35001,'H56U200F-80-F2',2502,,276635,8,0,5,1,49,,276633,8,0,5,1,87,,276632,8,0,5,1,84,,276634,8,0,5,1,87,,276636,8,0,5,2
