19501,'H56J000A-80-A',521,,65993,54,0,5,1,30,,65960,54,0,5,2,70,,65969,54,0,5,1,30,,65995,54,0,5,1,70,,65994,54,0,5,1,30,,65961,54,0,5,2,73,,65970,54,0,5,1,33,,65996,54,0,5,1,70,,65987,54,0,5,1,30,,65962,54,0,5,2,71,,65971,54,0,5,1,72,,65979,54,0,5,2,31,,65988,54,0,5,1,70,,65963,54,0,5,2,30,,65972,54,0,5,1,71,,65980,54,0,5,2,31,,65989,54,0,5,1,70,,65964,54,0,5,2,30,,65973,54,0,5,1,74,,65981,54,0,5,2,30,,65990,54,0,5,1,71,,65965,54,0,5,2,32,,65974,54,0,5,1,70,,65982,54,0,5,2,30,,65991,54,0,5,1,69,,65966,54,0,5,2,30,,65975,54,0,5,1,67,,65983,54,0,5,2,29,,65992,54,0,5,1,69,,65967,54,0,5,2,29,,65976,54,0,5,1,69,,65984,54,0,5,2,29,,65997,54,0,5,1,69,,65968,54,0,5,2,29,,65977,54,0,5,1,29,,65985,54,0,5,2,70,,65998,54,0,5,1,28,,66000,54,0,5,2,69,,65978,54,0,5,1,29,,65986,54,0,5,2,69,,66001,54,0,5,2,28,,65999,54,0,5,1
19501,'H56J000I-80-I',523,,66011,54,0,5,2,30,,66007,54,0,5,1,70,,66004,54,0,5,2,30,,66002,54,0,5,1,70,,66012,54,0,5,2,30,,66008,54,0,5,1,70,,66005,54,0,5,2,29,,66003,54,0,5,1,69,,66013,54,0,5,2,32,,66010,54,0,5,1,69,,66006,54,0,5,2,32,,66009,54,0,5,1,72,,66014,54,0,5,2,32,,66026,54,0,5,1,71,,66019,54,0,5,1,71,,66033,54,0,5,2,30,,66015,54,0,5,2,70,,66027,54,0,5,1,30,,66020,54,0,5,1,70,,66034,54,0,5,2,31,,66016,54,0,5,2,71,,66028,54,0,5,1,30,,66021,54,0,5,1,70,,66035,54,0,5,2,30,,66017,54,0,5,2,71,,66029,54,0,5,1,30,,66022,54,0,5,1,70,,66036,54,0,5,2,27,,66018,54,0,5,2,28,,66030,54,0,5,1,68,,66023,54,0,5,1,30,,66037,54,0,5,2,70,,66040,54,0,5,2,31,,66031,54,0,5,1,71,,66024,54,0,5,1,27,,66038,54,0,5,1,70,,66041,54,0,5,2,29,,66032,54,0,5,1,70,,66025,54,0,5,1,30,,66039,54,0,5,1,70,,66042,54,0,5,2
19501,'H56J000S-80-S',513,,66045,54,0,5,1,32,,66076,54,0,5,1,75,,66052,54,0,5,2,33,,66075,54,0,5,1,76,,66080,54,0,5,1,102,,66053,54,0,5,2,24,,66059,54,0,5,2,70,,66062,54,0,5,1,30,,66069,54,0,5,1,71,,66078,54,0,5,1,31,,66060,54,0,5,2,71,,66063,54,0,5,1,30,,66070,54,0,5,1,71,,66079,54,0,5,1,30,,66061,54,0,5,2,72,,66064,54,0,5,1,73,,66071,54,0,5,1,133,,66054,54,0,5,1,66,,66046,54,0,5,2,26,,66050,54,0,5,1,27,,66055,54,0,5,1,69,,66066,54,0,5,2,23,,66077,54,0,5,1,67,,66081,54,0,5,1,26,,66051,54,0,5,1,65,,66056,54,0,5,1,29,,66067,54,0,5,2,69,,66072,54,0,5,1,29,,66047,54,0,5,1,67,,66057,54,0,5,1,29,,66068,54,0,5,2,28,,66073,54,0,5,1,70,,66048,54,0,5,1,29,,66058,54,0,5,1,67,,66065,54,0,5,1,28,,66074,54,0,5,1,68,,66049,54,0,5,1,33,,66044,54,0,5,2,74,,66043,54,0,5,1
19501,'H56JV00A-80-A',521,,66115,54,0,5,1,30,,66082,54,0,5,2,70,,66091,54,0,5,1,30,,66117,54,0,5,1,70,,66116,54,0,5,1,30,,66083,54,0,5,2,73,,66092,54,0,5,1,33,,66118,54,0,5,1,70,,66109,54,0,5,1,30,,66084,54,0,5,2,71,,66093,54,0,5,1,72,,66101,54,0,5,2,31,,66110,54,0,5,1,70,,66085,54,0,5,2,30,,66094,54,0,5,1,71,,66102,54,0,5,2,31,,66111,54,0,5,1,70,,66086,54,0,5,2,30,,66095,54,0,5,1,74,,66103,54,0,5,2,30,,66112,54,0,5,1,71,,66087,54,0,5,2,32,,66096,54,0,5,1,70,,66104,54,0,5,2,30,,66113,54,0,5,1,69,,66088,54,0,5,2,30,,66097,54,0,5,1,67,,66105,54,0,5,2,29,,66114,54,0,5,1,69,,66089,54,0,5,2,29,,66098,54,0,5,1,69,,66106,54,0,5,2,29,,66119,54,0,5,1,69,,66090,54,0,5,2,29,,66099,54,0,5,1,29,,66107,54,0,5,2,70,,66120,54,0,5,1,28,,66122,54,0,5,2,69,,66100,54,0,5,1,29,,66108,54,0,5,2,69,,66123,54,0,5,2,28,,66121,54,0,5,1
19501,'H56JV00I-80-I',523,,66133,54,0,5,2,30,,66129,54,0,5,1,70,,66126,54,0,5,2,30,,66124,54,0,5,1,70,,66134,54,0,5,2,30,,66130,54,0,5,1,70,,66127,54,0,5,2,29,,66125,54,0,5,1,69,,66135,54,0,5,2,32,,66132,54,0,5,1,69,,66128,54,0,5,2,32,,66131,54,0,5,1,72,,66136,54,0,5,2,32,,66148,54,0,5,1,71,,66141,54,0,5,1,71,,66155,54,0,5,2,30,,66137,54,0,5,2,70,,66149,54,0,5,1,30,,66142,54,0,5,1,70,,66156,54,0,5,2,31,,66138,54,0,5,2,71,,66150,54,0,5,1,30,,66143,54,0,5,1,70,,66157,54,0,5,2,30,,66139,54,0,5,2,71,,66151,54,0,5,1,30,,66144,54,0,5,1,70,,66158,54,0,5,2,27,,66140,54,0,5,2,28,,66152,54,0,5,1,68,,66145,54,0,5,1,30,,66159,54,0,5,2,70,,66162,54,0,5,2,31,,66153,54,0,5,1,71,,66146,54,0,5,1,27,,66160,54,0,5,1,70,,66163,54,0,5,2,29,,66154,54,0,5,1,70,,66147,54,0,5,1,30,,66161,54,0,5,1,70,,66164,54,0,5,2
19501,'H56JV00S-80-S',513,,66167,54,0,5,1,32,,66198,54,0,5,1,75,,66174,54,0,5,2,33,,66197,54,0,5,1,76,,66202,54,0,5,1,102,,66175,54,0,5,2,24,,66181,54,0,5,2,70,,66184,54,0,5,1,30,,66191,54,0,5,1,71,,66200,54,0,5,1,31,,66182,54,0,5,2,71,,66185,54,0,5,1,30,,66192,54,0,5,1,71,,66201,54,0,5,1,30,,66183,54,0,5,2,72,,66186,54,0,5,1,73,,66193,54,0,5,1,133,,66176,54,0,5,1,66,,66168,54,0,5,2,26,,66172,54,0,5,1,27,,66177,54,0,5,1,69,,66188,54,0,5,2,23,,66199,54,0,5,1,67,,66203,54,0,5,1,26,,66173,54,0,5,1,65,,66178,54,0,5,1,29,,66189,54,0,5,2,69,,66194,54,0,5,1,29,,66169,54,0,5,1,67,,66179,54,0,5,1,29,,66190,54,0,5,2,28,,66195,54,0,5,1,70,,66170,54,0,5,1,29,,66180,54,0,5,1,67,,66187,54,0,5,1,28,,66196,54,0,5,1,68,,66171,54,0,5,1,33,,66166,54,0,5,1,74,,66165,54,0,5,1
19501,'H58J000S-81-S',803,,66204,54,0,5,2,632,,66205,54,0,5,2
19501,'H58J000S-83-S',803,,66206,54,0,5,2,632,,66207,54,0,5,2
19501,'H58JV00S-82-S',803,,66208,54,0,5,2,632,,66209,54,0,5,2
19501,'H60J000S-98-S',1508,,66210,54,0,5,1
19501,'H60JV00S-98-S',1508,,66211,54,0,5,1
