18501,'H54M000S-70-S',941,,142046,31,0,5,1
18501,'H59M000A-70-A',615,,142052,31,0,5,1,26,,142065,31,0,5,1,71,,142069,31,0,5,1,29,,142073,31,0,5,1,72,,142066,31,0,5,1,30,,142070,31,0,5,1,71,,142074,31,0,5,1,33,,142067,31,0,5,1,71,,142071,31,0,5,1,32,,142075,31,0,5,1,73,,142068,31,0,5,1,31,,142072,31,0,5,1,73,,142076,31,0,5,1,74,,142062,31,0,5,1,33,,142054,31,0,5,1,72,,142084,31,0,5,2,31,,142077,31,0,5,1,71,,142063,31,0,5,1,30,,142055,31,0,5,1,70,,142085,31,0,5,2,30,,142078,31,0,5,1,70,,142064,31,0,5,1,27,,142056,31,0,5,1,70,,142053,31,0,5,1,29,,142079,31,0,5,1,70,,142047,31,0,5,1,32,,142057,31,0,5,1,70,,142080,31,0,5,1,31,,142048,31,0,5,1,70,,142058,31,0,5,1,30,,142081,31,0,5,1,71,,142049,31,0,5,1,30,,142059,31,0,5,1,70,,142082,31,0,5,1,29,,142050,31,0,5,1,69,,142060,31,0,5,1,29,,142083,31,0,5,1,69,,142051,31,0,5,1,25,,142061,31,0,5,1
18501,'H59M000I-70-I',614,,142086,31,0,5,1,31,,142098,31,0,5,1,70,,142104,31,0,5,1,33,,142087,31,0,5,1,74,,142099,31,0,5,1,31,,142105,31,0,5,1,74,,142088,31,0,5,1,31,,142100,31,0,5,1,73,,142106,31,0,5,1,75,,142089,31,0,5,1,33,,142101,31,0,5,1,71,,142107,31,0,5,1,35,,142090,31,0,5,1,73,,142102,31,0,5,1,33,,142108,31,0,5,1,73,,142117,31,0,5,2,32,,142091,31,0,5,1,73,,142103,31,0,5,1,71,,142109,31,0,5,1,31,,142118,31,0,5,2,69,,142092,31,0,5,1,29,,142111,31,0,5,1,29,,142110,31,0,5,1,67,,142119,31,0,5,2,28,,142093,31,0,5,1,70,,142112,31,0,5,1,30,,142120,31,0,5,2,69,,142094,31,0,5,1,30,,142113,31,0,5,1,68,,142121,31,0,5,2,30,,142095,31,0,5,1,69,,142114,31,0,5,1,28,,142122,31,0,5,2,67,,142096,31,0,5,1,28,,142115,31,0,5,1,68,,142123,31,0,5,2,26,,142097,31,0,5,1,68,,142116,31,0,5,1,27,,142124,31,0,5,2
18501,'H59M000S-70-S',622,,142138,31,0,5,1,32,,142136,31,0,5,1,75,,142137,31,0,5,1,75,,142139,31,0,5,1,32,,142125,31,0,5,1,72,,142150,31,0,5,1,103,,142140,31,0,5,1,32,,142126,31,0,5,1,70,,142151,31,0,5,1,30,,142154,31,0,5,1,69,,142141,31,0,5,1,29,,142127,31,0,5,1,67,,142152,31,0,5,1,27,,142155,31,0,5,1,68,,142142,31,0,5,1,28,,142128,31,0,5,1,27,,142153,31,0,5,1,63,,142156,31,0,5,1,19,,142164,31,0,5,2,65,,142143,31,0,5,1,24,,142129,31,0,5,1,22,,142130,31,0,5,1,60,,142165,31,0,5,2,21,,142157,31,0,5,1,68,,142162,31,0,5,2,26,,142144,31,0,5,1,26,,142131,31,0,5,1,67,,142158,31,0,5,1,26,,142163,31,0,5,2,65,,142145,31,0,5,1,30,,142132,31,0,5,1,70,,142159,31,0,5,1,30,,142146,31,0,5,1,70,,142133,31,0,5,1,30,,142160,31,0,5,1,67,,142147,31,0,5,1,28,,142134,31,0,5,1,69,,142161,31,0,5,1,28,,142148,31,0,5,1,68,,142135,31,0,5,1,30,,142149,31,0,5,1
18501,'H59M100F-70-F1',614,,142172,31,0,5,1,31,,142199,31,0,5,1,70,,142192,31,0,5,1,33,,142173,31,0,5,1,74,,142200,31,0,5,1,31,,142193,31,0,5,1,74,,142174,31,0,5,1,31,,142201,31,0,5,1,73,,142194,31,0,5,1,75,,142175,31,0,5,1,33,,142202,31,0,5,1,71,,142195,31,0,5,1,35,,142176,31,0,5,1,73,,142203,31,0,5,1,33,,142196,31,0,5,1,73,,142184,31,0,5,2,32,,142177,31,0,5,1,73,,142204,31,0,5,1,71,,142197,31,0,5,1,31,,142185,31,0,5,2,69,,142178,31,0,5,1,29,,142166,31,0,5,1,29,,142198,31,0,5,1,67,,142187,31,0,5,2,28,,142179,31,0,5,1,70,,142167,31,0,5,1,30,,142186,31,0,5,2,69,,142180,31,0,5,1,30,,142168,31,0,5,1,68,,142188,31,0,5,2,30,,142181,31,0,5,1,69,,142169,31,0,5,1,28,,142189,31,0,5,2,67,,142182,31,0,5,1,28,,142170,31,0,5,1,68,,142190,31,0,5,2,26,,142183,31,0,5,1,68,,142171,31,0,5,1,27,,142191,31,0,5,2
18501,'H59M200F-70-F2',614,,142211,31,0,5,1,31,,142237,31,0,5,1,70,,142240,31,0,5,1,33,,142212,31,0,5,1,74,,142241,31,0,5,1,31,,142231,31,0,5,1,74,,142213,31,0,5,1,31,,142238,31,0,5,1,73,,142232,31,0,5,1,75,,142214,31,0,5,1,33,,142242,31,0,5,1,71,,142233,31,0,5,1,35,,142215,31,0,5,1,73,,142239,31,0,5,1,33,,142234,31,0,5,1,73,,142223,31,0,5,2,32,,142216,31,0,5,1,73,,142243,31,0,5,1,71,,142235,31,0,5,1,31,,142224,31,0,5,2,69,,142217,31,0,5,1,29,,142205,31,0,5,1,29,,142236,31,0,5,1,67,,142225,31,0,5,2,28,,142218,31,0,5,1,70,,142206,31,0,5,1,30,,142226,31,0,5,2,69,,142219,31,0,5,1,30,,142207,31,0,5,1,68,,142227,31,0,5,2,30,,142220,31,0,5,1,69,,142208,31,0,5,1,28,,142228,31,0,5,2,67,,142221,31,0,5,1,28,,142209,31,0,5,1,68,,142229,31,0,5,2,26,,142222,31,0,5,1,68,,142210,31,0,5,1,27,,142230,31,0,5,2
18501,'H59M300F-80-F3',614,,173690,31,0,5,1,31,,173702,31,0,5,2,70,,173722,31,0,5,1,33,,173691,31,0,5,1,74,,173703,31,0,5,2,31,,173723,31,0,5,1,74,,173692,31,0,5,1,31,,173704,31,0,5,2,73,,173724,31,0,5,1,75,,173693,31,0,5,1,33,,173705,31,0,5,2,71,,173725,31,0,5,1,35,,173694,31,0,5,1,73,,173706,31,0,5,2,33,,173726,31,0,5,1,73,,173714,31,0,5,1,32,,173695,31,0,5,1,73,,173707,31,0,5,2,71,,173727,31,0,5,1,31,,173715,31,0,5,1,69,,173696,31,0,5,1,29,,173708,31,0,5,2,29,,173728,31,0,5,1,67,,173716,31,0,5,1,28,,173697,31,0,5,1,70,,173709,31,0,5,2,30,,173717,31,0,5,1,69,,173698,31,0,5,1,30,,173710,31,0,5,2,68,,173718,31,0,5,1,30,,173699,31,0,5,1,69,,173711,31,0,5,2,28,,173719,31,0,5,1,67,,173700,31,0,5,1,28,,173712,31,0,5,2,68,,173720,31,0,5,1,26,,173701,31,0,5,1,68,,173713,31,0,5,2,27,,173721,31,0,5,1
36401,'H54M000A-70-A',2620,,154839,52,0,5,1,87,,154842,52,0,5,1,31,,154841,52,0,5,1,10,,154840,52,0,5,1,85,,154844,52,0,5,1,84,,154843,52,0,5,1
36401,'H54M000I-70-I',2615,,154846,52,0,5,1,86,,154848,52,0,5,1,31,,154850,52,0,5,1,71,,154845,52,0,5,1,32,,154849,52,0,5,1,81,,154847,52,0,5,1
36401,'H54M000S-70-S',2618,,154853,52,0,5,2,84,,154852,52,0,5,1,44,,154855,52,0,5,2,84,,154851,52,0,5,1,85,,154854,52,0,5,2
36401,'H54M100F-70-F1',2615,,154860,52,0,5,1,86,,154859,52,0,5,1,31,,154856,52,0,5,2,71,,154858,52,0,5,1,32,,154857,52,0,5,1,81,,154861,52,0,5,1
36401,'H54M200F-70-F2',2615,,154866,52,0,5,1,86,,154864,52,0,5,1,31,,154862,52,0,5,2,71,,154867,52,0,5,1,32,,154865,52,0,5,1,81,,154863,52,0,5,1
36401,'H54M300F-80-F3',2615,,175899,52,0,5,1,86,,175903,52,0,5,1,31,,175901,52,0,5,1,71,,175900,52,0,5,1,32,,175902,52,0,5,2,81,,175904,52,0,5,1
37001,'H51M000A-70-A',2612,,155126,83,0,5,1,45,,155128,83,0,5,1,85,,155127,83,0,5,1,85,,155129,83,0,5,2,83,,155130,83,0,5,1
37001,'H51M000I-70-I',2609,,155131,83,0,5,1,45,,155134,83,0,5,1,85,,155133,83,0,5,2,85,,155132,83,0,5,1,85,,155135,83,0,5,1
37001,'H51M000S-70-S',2610,,155137,83,0,5,1,45,,155139,83,0,5,2,83,,155138,83,0,5,1,86,,155136,83,0,5,1,86,,155140,83,0,5,2
37001,'H51M100F-70-F1',2609,,155141,83,0,5,1,45,,155144,83,0,5,1,85,,155143,83,0,5,2,85,,155142,83,0,5,1,85,,155145,83,0,5,1
37001,'H51M200F-70-F2',2609,,155146,83,0,5,1,45,,155149,83,0,5,1,85,,155148,83,0,5,2,85,,155147,83,0,5,1,85,,155150,83,0,5,1
37001,'H51M300F-80-F3',2609,,175947,75,0,5,1,45,,175945,75,0,5,2,85,,175944,75,0,5,1,85,,175948,75,0,5,1,85,,175946,75,0,5,2
