11002,'H56U000A-80-A',609,,250138,31,0,10,1,31,,250175,31,0,10,1,71,,250155,31,0,10,1,29,,250171,31,0,10,1,70,,250139,31,0,10,1,30,,250176,31,0,10,1,75,,250143,31,0,10,1,32,,250172,31,0,10,1,71,,250142,31,0,10,1,31,,250177,31,0,10,1,71,,250179,31,0,10,1,30,,250156,31,0,10,1,73,,250165,31,0,10,1,32,,250144,31,0,10,1,75,,250158,31,0,10,1,73,,250161,31,0,10,1,33,,250149,31,0,10,1,69,,250166,31,0,10,1,29,,250145,31,0,10,1,70,,250159,31,0,10,1,29,,250162,31,0,10,1,25,,250150,31,0,10,1,69,,250167,31,0,10,1,29,,250146,31,0,10,1,67,,250160,31,0,10,1,25,,250163,31,0,10,1,70,,250151,31,0,10,1,33,,250168,31,0,10,1,70,,250147,31,0,10,1,33,,250140,31,0,10,1,72,,250152,31,0,10,1,28,,250169,31,0,10,1,71,,250148,31,0,10,1,28,,250141,31,0,10,1,67,,250153,31,0,10,1,26,,250170,31,0,10,1,67,,250157,31,0,10,1,28,,250173,31,0,10,1,69,,250154,31,0,10,1,27,,250164,31,0,10,1,66,,250178,31,0,10,1,28,,250174,31,0,10,1
11002,'H56U000I-80-I',639,,250188,31,0,10,1,69,,250207,31,0,10,1,32,,250218,31,0,10,1,70,,250198,31,0,10,1,30,,250189,31,0,10,1,72,,250208,31,0,10,1,35,,250219,31,0,10,1,71,,250199,31,0,10,1,31,,250190,31,0,10,1,71,,250212,31,0,10,1,30,,250217,31,0,10,1,71,,250197,31,0,10,1,31,,250180,31,0,10,1,75,,250209,31,0,10,1,73,,250200,31,0,10,1,32,,250191,31,0,10,1,72,,250205,31,0,10,1,29,,250181,31,0,10,1,68,,250210,31,0,10,1,29,,250201,31,0,10,1,29,,250192,31,0,10,1,68,,250206,31,0,10,1,28,,250182,31,0,10,1,68,,250211,31,0,10,1,31,,250202,31,0,10,1,69,,250193,31,0,10,1,31,,250215,31,0,10,1,70,,250184,31,0,10,1,32,,250203,31,0,10,1,70,,250194,31,0,10,1,29,,250216,31,0,10,1,69,,250185,31,0,10,1,29,,250204,31,0,10,1,68,,250195,31,0,10,1,27,,250213,31,0,10,1,67,,250186,31,0,10,1,28,,250183,31,0,10,1,68,,250196,31,0,10,1,27,,250214,31,0,10,1,66,,250187,31,0,10,1
11002,'H56U000S-81-S',551,,250226,31,0,10,1,71,,250230,31,0,10,1,35,,250260,31,0,10,1,59,,250228,31,0,10,1,30,,250250,31,0,10,1,72,,250221,31,0,10,1,29,,250237,31,0,10,1,73,,250233,31,0,10,1,31,,250229,31,0,10,1,68,,250251,31,0,10,1,34,,250222,31,0,10,1,71,,250238,31,0,10,1,31,,250234,31,0,10,1,73,,250223,31,0,10,1,29,,250252,31,0,10,1,69,,250244,31,0,10,1,29,,250227,31,0,10,1,70,,250235,31,0,10,1,33,,250247,31,0,10,1,71,,250253,31,0,10,1,73,,250245,31,0,10,1,30,,250224,31,0,10,1,26,,250259,31,0,10,1,65,,250236,31,0,10,1,25,,250248,31,0,10,1,55,,250225,31,0,10,1,14,,250254,31,0,10,1,28,,250246,31,0,10,1,69,,250255,31,0,10,1,29,,250240,31,0,10,1,68,,250249,31,0,10,1,27,,250239,31,0,10,1,67,,250220,31,0,10,1,27,,250256,31,0,10,1,68,,250241,31,0,10,1,31,,250261,31,0,10,1,72,,250231,31,0,10,1,33,,250257,31,0,10,1,71,,250242,31,0,10,1,30,,250262,31,0,10,1,68,,250232,31,0,10,1,27,,250258,31,0,10,1,25,,250243,31,0,10,1
11002,'H56U100F-80-F1',639,,250271,31,0,10,1,69,,250290,31,0,10,1,32,,250301,31,0,10,1,70,,250281,31,0,10,1,30,,250272,31,0,10,1,72,,250291,31,0,10,1,35,,250302,31,0,10,1,71,,250282,31,0,10,1,31,,250273,31,0,10,1,71,,250295,31,0,10,1,30,,250300,31,0,10,1,71,,250280,31,0,10,1,31,,250263,31,0,10,1,75,,250292,31,0,10,1,73,,250283,31,0,10,1,32,,250274,31,0,10,1,72,,250288,31,0,10,1,29,,250264,31,0,10,1,68,,250293,31,0,10,1,29,,250284,31,0,10,1,29,,250275,31,0,10,1,68,,250289,31,0,10,1,28,,250265,31,0,10,1,68,,250294,31,0,10,1,31,,250285,31,0,10,1,69,,250276,31,0,10,1,31,,250298,31,0,10,1,70,,250267,31,0,10,1,32,,250286,31,0,10,1,70,,250277,31,0,10,1,29,,250299,31,0,10,1,69,,250268,31,0,10,1,29,,250287,31,0,10,1,68,,250278,31,0,10,1,27,,250296,31,0,10,1,67,,250269,31,0,10,1,28,,250266,31,0,10,1,68,,250279,31,0,10,1,27,,250297,31,0,10,1,66,,250270,31,0,10,1
11002,'H56U200F-80-F2',639,,250311,31,0,10,1,69,,250330,31,0,10,1,32,,250341,31,0,10,1,70,,250321,31,0,10,1,30,,250312,31,0,10,1,72,,250331,31,0,10,1,35,,250342,31,0,10,1,71,,250322,31,0,10,1,31,,250313,31,0,10,1,71,,250335,31,0,10,1,30,,250340,31,0,10,1,71,,250320,31,0,10,1,31,,250303,31,0,10,1,75,,250332,31,0,10,1,73,,250323,31,0,10,1,32,,250314,31,0,10,1,72,,250328,31,0,10,1,29,,250304,31,0,10,1,68,,250333,31,0,10,1,29,,250324,31,0,10,1,29,,250315,31,0,10,1,68,,250329,31,0,10,1,28,,250305,31,0,10,1,68,,250334,31,0,10,1,31,,250325,31,0,10,1,69,,250316,31,0,10,1,31,,250338,31,0,10,1,70,,250307,31,0,10,1,32,,250326,31,0,10,1,70,,250317,31,0,10,1,29,,250339,31,0,10,1,69,,250308,31,0,10,1,29,,250327,31,0,10,1,68,,250318,31,0,10,1,27,,250336,31,0,10,1,67,,250309,31,0,10,1,28,,250306,31,0,10,1,68,,250319,31,0,10,1,27,,250337,31,0,10,1,66,,250310,31,0,10,1
35002,'H56U000A-80-A',2623,,276638,100,0,10,1,80,,276646,100,0,10,1,30,,276645,100,0,10,1,11,,276649,100,0,10,1,10,,276637,100,0,10,1,49,,276641,100,0,10,1,9,,276651,100,0,10,1,10,,276648,100,0,10,2,10,,276642,100,0,10,2,10,,276639,100,0,10,1,10,,276643,100,0,10,2,51,,276640,100,0,10,1,10,,276644,100,0,10,2,10,,276647,100,0,10,1,19,,276650,100,0,10,1
35002,'H56U000I-80-I',2613,,276652,100,0,10,1,28,,276657,100,0,10,1,66,,276654,100,0,10,1,27,,276659,100,0,10,2,67,,276658,100,0,10,1,26,,276653,100,0,10,1,26,,276656,100,0,10,1,66,,276655,100,0,10,1
35002,'H56U000S-81-S',2619,,276660,100,0,10,2,85,,276663,100,0,10,1,52,,276661,100,0,10,2,86,,276662,100,0,10,1,69,,276665,100,0,10,2,15,,276664,100,0,10,1
35002,'H56U100F-80-F1',2613,,276666,100,0,10,1,28,,276671,100,0,10,1,66,,276668,100,0,10,1,27,,276673,100,0,10,2,67,,276672,100,0,10,1,26,,276667,100,0,10,1,26,,276670,100,0,10,1,66,,276669,100,0,10,1
35002,'H56U200F-80-F2',2613,,276674,100,0,10,1,28,,276679,100,0,10,1,66,,276676,100,0,10,1,27,,276681,100,0,10,2,67,,276680,100,0,10,1,26,,276675,100,0,10,1,26,,276678,100,0,10,1,66,,276677,100,0,10,1
