2602,'H54M000A-80-A',511,,180689,20,0,10,1,33,,180678,20,0,10,1,71,,180690,20,0,10,1,30,,180679,20,0,10,1,71,,180691,20,0,10,1,30,,180680,20,0,10,1,70,,180692,20,0,10,1,30,,180681,20,0,10,1,70,,180693,20,0,10,1,30,,180682,20,0,10,1,71,,180694,20,0,10,1,30,,180683,20,0,10,1,70,,180695,20,0,10,1,30,,180684,20,0,10,1,70,,180696,20,0,10,1,30,,180685,20,0,10,1,70,,180697,20,0,10,1,29,,180686,20,0,10,1,70,,180698,20,0,10,1,30,,180687,20,0,10,1,70,,180699,20,0,10,1,29,,180688,20,0,10,1,69,,180700,20,0,10,1,29,,180707,20,0,10,1,70,,180701,20,0,10,1,30,,180708,20,0,10,1,71,,180702,20,0,10,1,31,,180709,20,0,10,1,70,,180703,20,0,10,1,30,,180710,20,0,10,1,70,,180704,20,0,10,1,31,,180711,20,0,10,1,72,,180705,20,0,10,1,32,,180712,20,0,10,1,72,,180706,20,0,10,1
2602,'H54M000I-81-I',512,,180713,20,0,10,1,29,,180721,20,0,10,1,68,,180714,20,0,10,1,28,,180722,20,0,10,1,68,,180715,20,0,10,1,28,,180723,20,0,10,1,68,,180716,20,0,10,1,29,,180724,20,0,10,1,70,,180717,20,0,10,1,30,,180725,20,0,10,1,70,,180718,20,0,10,1,30,,180726,20,0,10,1,70,,180719,20,0,10,1,30,,180727,20,0,10,1,70,,180720,20,0,10,1,30,,180728,20,0,10,1,70,,180737,20,0,10,1,30,,180729,20,0,10,1,70,,180738,20,0,10,1,30,,180747,20,0,10,2,70,,180739,20,0,10,1,30,,180748,20,0,10,2,70,,180740,20,0,10,1,30,,180730,20,0,10,1,29,,180741,20,0,10,1,69,,180731,20,0,10,1,28,,180742,20,0,10,1,69,,180732,20,0,10,1,29,,180743,20,0,10,1,69,,180733,20,0,10,1,29,,180744,20,0,10,1,70,,180734,20,0,10,1,30,,180745,20,0,10,1,70,,180735,20,0,10,1,30,,180746,20,0,10,1,70,,180736,20,0,10,1
2602,'H54M000S-81-S',513,,180749,20,0,10,1,28,,180763,20,0,10,2,68,,180750,20,0,10,1,27,,180764,20,0,10,2,67,,180751,20,0,10,1,28,,180767,20,0,10,1,12,,180775,20,0,10,2,11,,180755,20,0,10,1,51,,180752,20,0,10,1,28,,180768,20,0,10,1,70,,180756,20,0,10,1,29,,180769,20,0,10,1,70,,180757,20,0,10,1,30,,180770,20,0,10,1,70,,180758,20,0,10,1,30,,180771,20,0,10,1,70,,180759,20,0,10,1,29,,180781,20,0,10,2,69,,180772,20,0,10,1,28,,180760,20,0,10,1,27,,180766,20,0,10,1,67,,180773,20,0,10,1,27,,180761,20,0,10,1,70,,180776,20,0,10,2,33,,180762,20,0,10,1,72,,180777,20,0,10,2,31,,180783,20,0,10,1,73,,180789,20,0,10,2,72,,180784,20,0,10,1,32,,180790,20,0,10,2,71,,180785,20,0,10,1,30,,180791,20,0,10,2,26,,180786,20,0,10,1,66,,180792,20,0,10,2,27,,180787,20,0,10,1,66,,180793,20,0,10,2,31,,180788,20,0,10,1,72,,180794,20,0,10,2
18502,'H51M000S-80-S',736,,207288,10,0,6 58,2
18502,'H59M000A-80-A',525,,207291,10,0,10,1,33,,207303,10,0,10,1,73,,207304,10,0,10,1,74,,207292,10,0,10,1,32,,207296,10,0,10,2,71,,207305,10,0,10,1,31,,207293,10,0,10,1,71,,207297,10,0,10,2,31,,207306,10,0,10,1,72,,207294,10,0,10,1,31,,207298,10,0,10,2,73,,207307,10,0,10,1,34,,207295,10,0,10,1,71,,207299,10,0,10,2,29,,207311,10,0,10,1,69,,207308,10,0,10,1,29,,207300,10,0,10,1,68,,207289,10,0,10,1,27,,207312,10,0,10,1,68,,207309,10,0,10,1,29,,207301,10,0,10,1,69,,207290,10,0,10,1,30,,207313,10,0,10,1,69,,207310,10,0,10,1,29,,207302,10,0,10,1,69,,207323,10,0,10,2,29,,207314,10,0,10,1,68,,207319,10,0,10,1,28,,207315,10,0,10,1,71,,207324,10,0,10,2,31,,207320,10,0,10,1,71,,207316,10,0,10,1,31,,207325,10,0,10,2,71,,207321,10,0,10,1,30,,207317,10,0,10,1,71,,207326,10,0,10,2,30,,207322,10,0,10,1,70,,207318,10,0,10,1,30,,207327,10,0,10,2
18502,'H59M000I-80-I',525,,207328,10,0,10,1,31,,207340,10,0,10,2,69,,207360,10,0,10,1,29,,207329,10,0,10,1,70,,207341,10,0,10,2,29,,207361,10,0,10,1,70,,207330,10,0,10,1,30,,207342,10,0,10,2,71,,207362,10,0,10,1,32,,207331,10,0,10,1,74,,207343,10,0,10,2,73,,207363,10,0,10,1,32,,207332,10,0,10,1,73,,207344,10,0,10,2,32,,207364,10,0,10,1,72,,207352,10,0,10,1,30,,207333,10,0,10,1,70,,207345,10,0,10,2,31,,207365,10,0,10,1,70,,207353,10,0,10,1,30,,207334,10,0,10,1,70,,207346,10,0,10,2,29,,207366,10,0,10,1,72,,207354,10,0,10,1,33,,207335,10,0,10,1,73,,207347,10,0,10,2,33,,207355,10,0,10,1,71,,207336,10,0,10,1,29,,207348,10,0,10,2,69,,207356,10,0,10,1,30,,207337,10,0,10,1,69,,207349,10,0,10,2,27,,207357,10,0,10,1,69,,207338,10,0,10,1,29,,207350,10,0,10,2,69,,207358,10,0,10,1,26,,207339,10,0,10,1,67,,207351,10,0,10,2,30,,207359,10,0,10,1
18502,'H59M000S-80-S',522,,207369,10,0,10,1,30,,207378,10,0,10,1,69,,207394,10,0,10,2,28,,207370,10,0,10,1,55,,207368,10,0,10,2,12,,207412,10,0,6 58,1,10,,207379,10,0,10,1,20,,207380,10,0,10,1,11,,207395,10,0,6 58,2,50,,207367,10,0,10,1,8,,207373,10,0,6 58,1,7,,207403,10,0,10,2,14,,207371,10,0,10,1,20,,207374,10,0,10,1,68,,207385,10,0,10,1,30,,207381,10,0,10,1,70,,207404,10,0,10,2,29,,207375,10,0,10,1,69,,207386,10,0,10,1,29,,207382,10,0,10,1,68,,207405,10,0,10,2,28,,207376,10,0,10,1,67,,207387,10,0,10,1,27,,207383,10,0,10,1,67,,207406,10,0,10,2,28,,207377,10,0,10,1,68,,207388,10,0,10,1,30,,207384,10,0,10,1,71,,207372,10,0,10,1,30,,207396,10,0,10,1,69,,207389,10,0,10,1,30,,207398,10,0,10,1,71,,207407,10,0,10,2,29,,207397,10,0,10,1,69,,207390,10,0,10,1,31,,207399,10,0,10,1,72,,207408,10,0,10,2,31,,207391,10,0,10,1,71,,207400,10,0,10,1,30,,207409,10,0,10,2,70,,207392,10,0,10,1,30,,207401,10,0,10,1,70,,207410,10,0,10,2,30,,207393,10,0,10,1,71,,207402,10,0,10,1,32,,207411,10,0,10,2
36202,'H54M000A-80-A',2612,,214590,71,0,10,1,88,,214589,71,0,10,1,45,,214587,71,0,10,2,85,,214588,71,0,10,1,82,,214591,71,0,10,1
36202,'H54M000I-81-I',2612,,214594,71,0,10,1,45,,214593,71,0,10,1,85,,214592,71,0,10,1,86,,214596,71,0,10,2,85,,214595,71,0,10,1
36202,'H54M000S-81-S',2611,,214600,71,0,10,1,45,,214598,71,0,10,1,85,,214599,71,0,10,2,88,,214597,71,0,10,1,85,,214601,71,0,10,1
