9202,'H51M000A-70-A',552,,114434,12,0,10,1,70,,114429,12,0,10,1,30,,114435,12,0,10,1,70,,114430,12,0,10,1,30,,114436,12,0,10,1,70,,114431,12,0,10,1,30,,114437,12,0,10,1,72,,114432,12,0,10,1,31,,114438,12,0,10,1,74,,114433,12,0,10,1,72,,114439,12,0,10,1,30,,114447,12,0,10,2,73,,114428,12,0,10,1,32,,114446,12,0,10,2,74,,114448,12,0,10,1,34,,114458,12,0,10,1,74,,114457,12,0,10,1,35,,114449,12,0,10,1,73,,114459,12,0,10,1,74,,114440,12,0,10,1,34,,114450,12,0,10,1,75,,114461,12,0,10,2,34,,114451,12,0,10,1,72,,114441,12,0,10,1,30,,114452,12,0,10,1,70,,114442,12,0,10,1,30,,114453,12,0,10,1,70,,114443,12,0,10,1,29,,114454,12,0,10,1,70,,114444,12,0,10,1,30,,114455,12,0,10,1,70,,114445,12,0,10,1,30,,114456,12,0,10,1,70,,114464,12,0,10,2,32,,114462,12,0,10,1,72,,114465,12,0,10,2,33,,114463,12,0,10,1,73,,114466,12,0,10,2,34,,114460,12,0,10,1
9202,'H51M000I-70-I',518,,114470,12,0,10,1,33,,114479,12,0,10,1,70,,114471,12,0,10,1,30,,114480,12,0,10,1,70,,114472,12,0,10,1,29,,114481,12,0,10,1,71,,114473,12,0,10,1,29,,114482,12,0,10,1,69,,114474,12,0,10,1,29,,114483,12,0,10,1,72,,114475,12,0,10,1,32,,114484,12,0,10,1,72,,114476,12,0,10,1,33,,114485,12,0,10,1,75,,114477,12,0,10,1,73,,114467,12,0,10,1,33,,114487,12,0,10,1,73,,114478,12,0,10,1,33,,114468,12,0,10,1,73,,114488,12,0,10,1,33,,114498,12,0,10,2,72,,114469,12,0,10,1,32,,114489,12,0,10,1,73,,114499,12,0,10,2,73,,114490,12,0,10,1,33,,114500,12,0,10,2,72,,114491,12,0,10,1,33,,114501,12,0,10,2,71,,114492,12,0,10,1,31,,114502,12,0,10,2,72,,114493,12,0,10,1,32,,114503,12,0,10,2,72,,114494,12,0,10,1,31,,114504,12,0,10,2,72,,114495,12,0,10,1,31,,114505,12,0,10,2,73,,114496,12,0,10,1,33,,114506,12,0,10,2,73,,114497,12,0,10,1,29,,114486,12,0,10,1
9202,'H51M000S-70-S',513,,114513,12,0,10,1,30,,114515,12,0,10,2,67,,114518,12,0,10,2,20,,114514,12,0,10,1,20,,114516,12,0,10,2,60,,114521,12,0,10,1,21,,114519,12,0,10,2,21,,114534,12,0,10,1,60,,114517,12,0,10,2,21,,114522,12,0,10,1,19,,114507,12,0,10,1,60,,114520,12,0,10,2,20,,114523,12,0,10,1,70,,114528,12,0,10,2,30,,114508,12,0,10,1,70,,114524,12,0,10,1,30,,114529,12,0,10,2,70,,114509,12,0,10,1,32,,114525,12,0,10,1,70,,114530,12,0,10,2,30,,114510,12,0,10,1,70,,114526,12,0,10,1,30,,114531,12,0,10,2,68,,114511,12,0,10,1,28,,114527,12,0,10,1,28,,114532,12,0,10,2,69,,114512,12,0,10,1,28,,114544,12,0,10,2,68,,114533,12,0,10,2,29,,114536,12,0,10,1,68,,114545,12,0,10,2,24,,114546,12,0,10,2,72,,114537,12,0,10,1,31,,114547,12,0,10,2,70,,114538,12,0,10,1,28,,114548,12,0,10,2,70,,114539,12,0,10,1,30,,114549,12,0,10,2,70,,114540,12,0,10,1,30,,114550,12,0,10,2,70,,114541,12,0,10,1,29,,114551,12,0,10,2,68,,114542,12,0,10,1,30,,114552,12,0,10,2,74,,114543,12,0,10,1,41,,114535,12,0,10,1
9202,'H51M100F-70-F1',518,,114556,12,0,10,1,33,,114566,12,0,10,1,70,,114557,12,0,10,1,30,,114565,12,0,10,1,70,,114558,12,0,10,1,29,,114567,12,0,10,1,71,,114559,12,0,10,1,29,,114568,12,0,10,1,69,,114560,12,0,10,1,29,,114569,12,0,10,1,72,,114561,12,0,10,1,32,,114570,12,0,10,1,72,,114562,12,0,10,1,33,,114571,12,0,10,1,75,,114563,12,0,10,1,73,,114553,12,0,10,1,33,,114573,12,0,10,1,73,,114564,12,0,10,1,33,,114554,12,0,10,1,73,,114574,12,0,10,1,33,,114584,12,0,10,2,72,,114555,12,0,10,1,32,,114575,12,0,10,1,73,,114585,12,0,10,2,73,,114576,12,0,10,1,33,,114586,12,0,10,2,72,,114577,12,0,10,1,33,,114587,12,0,10,2,71,,114579,12,0,10,1,31,,114588,12,0,10,2,72,,114578,12,0,10,1,32,,114589,12,0,10,2,72,,114580,12,0,10,1,31,,114590,12,0,10,2,72,,114581,12,0,10,1,31,,114591,12,0,10,2,73,,114582,12,0,10,1,33,,114592,12,0,10,2,73,,114583,12,0,10,1,29,,114572,12,0,10,1
9202,'H51M200F-70-F2',518,,114596,12,0,10,1,33,,114605,12,0,10,1,70,,114597,12,0,10,1,30,,114606,12,0,10,1,70,,114598,12,0,10,1,29,,114607,12,0,10,1,71,,114599,12,0,10,1,29,,114608,12,0,10,1,69,,114600,12,0,10,1,29,,114609,12,0,10,1,72,,114601,12,0,10,1,32,,114610,12,0,10,1,72,,114602,12,0,10,1,33,,114611,12,0,10,1,75,,114603,12,0,10,1,73,,114593,12,0,10,1,33,,114613,12,0,10,1,73,,114604,12,0,10,1,33,,114594,12,0,10,1,73,,114614,12,0,10,1,33,,114624,12,0,10,2,72,,114595,12,0,10,1,32,,114615,12,0,10,1,73,,114625,12,0,10,2,73,,114616,12,0,10,1,33,,114626,12,0,10,2,72,,114617,12,0,10,1,33,,114627,12,0,10,2,71,,114618,12,0,10,1,31,,114628,12,0,10,2,72,,114619,12,0,10,1,32,,114629,12,0,10,2,72,,114620,12,0,10,1,31,,114630,12,0,10,2,72,,114621,12,0,10,1,31,,114631,12,0,10,2,73,,114622,12,0,10,1,33,,114632,12,0,10,2,73,,114623,12,0,10,1,29,,114612,12,0,10,1
9202,'H51M300F-80-F3',518,,169510,12,0,10,1,33,,169516,12,0,10,1,73,,169527,12,0,10,1,32,,169511,12,0,10,2,70,,169517,12,0,10,1,30,,169528,12,0,10,1,72,,169512,12,0,10,2,30,,169518,12,0,10,1,70,,169529,12,0,10,1,30,,169513,12,0,10,2,71,,169519,12,0,10,1,72,,169530,12,0,10,1,32,,169514,12,0,10,2,73,,169520,12,0,10,1,33,,169531,12,0,10,1,73,,169515,12,0,10,2,33,,169521,12,0,10,1,74,,169532,12,0,10,1,33,,169539,12,0,10,2,73,,169522,12,0,10,1,34,,169533,12,0,10,1,73,,169540,12,0,10,2,72,,169523,12,0,10,1,32,,169534,12,0,10,1,72,,169541,12,0,10,2,31,,169524,12,0,10,1,72,,169535,12,0,10,1,32,,169542,12,0,10,2,71,,169525,12,0,10,1,31,,169536,12,0,10,1,72,,169543,12,0,10,2,32,,169526,12,0,10,1,72,,169537,12,0,10,1,31,,169544,12,0,10,2,72,,169547,12,0,10,1,31,,169538,12,0,10,1,72,,169545,12,0,10,2,31,,169548,12,0,10,1,70,,169546,12,0,10,2,30,,169549,12,0,10,1
37202,'H54M000A-70-A',2626,,155312,86,0,10,1,90,,155313,86,0,10,1,85,,155315,86,0,10,1,44,,155316,86,0,10,1,90,,155314,86,0,10,1
37202,'H54M000I-70-I',2631,,155317,86,0,10,1,85,,155318,86,0,10,1,86,,155320,86,0,10,1,46,,155319,86,0,10,1,89,,155321,86,0,10,1
37202,'H54M000S-70-S',2609,,155326,86,0,10,1,40,,155323,86,0,10,1,80,,155322,86,0,10,1,82,,155325,86,0,10,1,45,,155324,86,0,10,1,89,,155327,86,0,10,1
37202,'H54M100F-70-F1',2631,,155330,86,0,10,1,85,,155331,86,0,10,1,86,,155332,86,0,10,1,46,,155329,86,0,10,1,89,,155328,86,0,10,1
37202,'H54M200F-70-F2',2631,,155333,86,0,10,1,85,,155337,86,0,10,2,86,,155335,86,0,10,1,46,,155336,86,0,10,2,89,,155334,86,0,10,1
37202,'H54M300F-80-F3',2631,,175979,86,0,10,2,85,,175975,86,0,10,1,86,,175978,86,0,10,1,46,,175977,86,0,10,1,89,,175976,86,0,10,1
