16401,'H50J000S-83-S',756,,54912,3,0,5,1
16401,'H50JV00S-82-S',756,,54913,3,0,5,1
16401,'H51J000S-80-S',1510,,54914,3,0,5,1
16401,'H51JV00S-84-S',1510,,54915,3,0,5,1
16401,'H58J000S-81-S',652,,54916,3,0,5,2,165,,54917,3,0,5,2,638,,54919,3,0,5,1,75,,54918,3,0,5,2,80,,54920,3,0,5,2
16401,'H58J000S-83-S',652,,54921,3,0,5,2,165,,54922,3,0,5,2,638,,54924,3,0,5,1,75,,54923,3,0,5,2,80,,54925,3,0,5,2
16401,'H58JV00S-82-S',652,,54926,3,0,5,2,165,,54927,3,0,5,2,638,,54929,3,0,5,1,75,,54928,3,0,5,2,80,,54930,3,0,5,2
16401,'H60J000A-80-A',534,,54932,3,0,5,1,77,,54931,3,0,5,2,36,,54945,3,0,5,1,76,,54933,3,0,5,1,31,,54956,3,0,5,1,71,,54935,3,0,5,1,30,,54946,3,0,5,1,70,,54957,3,0,5,1,30,,54936,3,0,5,1,70,,54947,3,0,5,1,29,,54958,3,0,5,1,69,,54937,3,0,5,1,29,,54948,3,0,5,1,69,,54959,3,0,5,1,29,,54938,3,0,5,1,70,,54949,3,0,5,1,30,,54960,3,0,5,1,62,,54969,3,0,5,1,22,,54939,3,0,5,1,70,,54950,3,0,5,1,30,,54961,3,0,5,1,71,,54940,3,0,5,1,31,,54951,3,0,5,1,71,,54962,3,0,5,1,32,,54941,3,0,5,1,72,,54952,3,0,5,1,31,,54963,3,0,5,1,70,,54942,3,0,5,1,30,,54953,3,0,5,1,70,,54964,3,0,5,1,30,,54943,3,0,5,1,70,,54954,3,0,5,1,30,,54965,3,0,5,1,70,,54944,3,0,5,1,31,,54955,3,0,5,1,71,,54966,3,0,5,1,31,,54968,3,0,5,1,72,,54970,3,0,5,1,32,,54934,3,0,5,1,71,,54967,3,0,5,1
16401,'H60J000I-80-I',531,,54984,3,0,5,2,77,,54971,3,0,5,1,37,,54985,3,0,5,2,77,,54972,3,0,5,1,37,,54986,3,0,5,2,78,,54973,3,0,5,1,79,,54987,3,0,5,2,38,,54974,3,0,5,1,71,,54999,3,0,5,1,30,,54988,3,0,5,2,69,,54975,3,0,5,1,29,,55000,3,0,5,1,69,,54989,3,0,5,2,29,,54976,3,0,5,1,69,,55001,3,0,5,1,29,,54990,3,0,5,2,69,,54977,3,0,5,1,29,,55002,3,0,5,1,69,,54991,3,0,5,2,29,,54978,3,0,5,1,69,,55003,3,0,5,1,29,,54992,3,0,5,2,69,,54979,3,0,5,1,29,,55004,3,0,5,1,69,,54993,3,0,5,2,29,,54980,3,0,5,1,69,,55005,3,0,5,1,29,,54994,3,0,5,2,69,,54981,3,0,5,1,29,,55006,3,0,5,1,70,,54995,3,0,5,2,30,,54982,3,0,5,1,70,,55007,3,0,5,1,31,,54996,3,0,5,2,72,,54983,3,0,5,1,32,,54997,3,0,5,2,71,,54998,3,0,5,1,30,,55008,3,0,5,2
16401,'H60J000S-98-S',524,,55011,3,0,5,1,29,,55013,3,0,5,1,66,,55010,3,0,5,1,11,,55016,3,0,5,2,11,,55017,3,0,5,1,62,,55026,3,0,5,1,11,,55027,3,0,5,2,11,,55028,3,0,5,1,11,,55029,3,0,5,1,10,,55025,3,0,5,1,60,,55018,3,0,5,1,30,,55034,3,0,5,1,22,,55022,3,0,5,1,66,,55030,3,0,5,1,26,,55019,3,0,5,1,68,,55035,3,0,5,1,28,,55023,3,0,5,1,68,,55031,3,0,5,1,20,,55020,3,0,5,1,20,,55036,3,0,5,1,67,,55024,3,0,5,1,26,,55032,3,0,5,1,64,,55021,3,0,5,1,24,,55037,3,0,5,1,24,,55039,3,0,5,1,62,,55046,3,0,5,1,19,,55033,3,0,5,1,110,,55040,3,0,5,1,79,,55050,3,0,5,1,20,,55038,3,0,5,1,60,,55049,3,0,5,2,20,,55042,3,0,5,1,20,,55041,3,0,5,1,63,,55051,3,0,5,1,29,,55047,3,0,5,1,71,,55043,3,0,5,1,31,,55052,3,0,5,1,72,,55048,3,0,5,1,32,,55044,3,0,5,1,72,,55053,3,0,5,1,33,,55012,3,0,5,1,72,,55045,3,0,5,1,33,,55054,3,0,5,1,74,,55014,3,0,5,1,80,,55009,3,0,5,1,39,,55015,3,0,5,1
16401,'H60JV00A-80-A',534,,55055,3,0,5,1,77,,55094,3,0,5,2,36,,55080,3,0,5,1,76,,55056,3,0,5,1,31,,55068,3,0,5,1,71,,55058,3,0,5,1,30,,55081,3,0,5,1,70,,55069,3,0,5,1,30,,55059,3,0,5,1,70,,55082,3,0,5,1,29,,55070,3,0,5,1,69,,55060,3,0,5,1,29,,55083,3,0,5,1,69,,55071,3,0,5,1,29,,55061,3,0,5,1,70,,55084,3,0,5,1,30,,55072,3,0,5,1,62,,55092,3,0,5,1,22,,55062,3,0,5,1,70,,55085,3,0,5,1,30,,55073,3,0,5,1,71,,55063,3,0,5,1,31,,55086,3,0,5,1,71,,55074,3,0,5,1,32,,55064,3,0,5,1,72,,55087,3,0,5,1,31,,55075,3,0,5,1,70,,55065,3,0,5,1,30,,55088,3,0,5,1,70,,55076,3,0,5,1,30,,55066,3,0,5,1,70,,55089,3,0,5,1,30,,55077,3,0,5,1,70,,55067,3,0,5,1,31,,55090,3,0,5,1,71,,55078,3,0,5,1,31,,55057,3,0,5,1,72,,55093,3,0,5,1,32,,55091,3,0,5,1,71,,55079,3,0,5,1
16401,'H60JV00I-80-I',531,,55108,3,0,5,2,77,,55095,3,0,5,1,37,,55109,3,0,5,2,77,,55096,3,0,5,1,37,,55110,3,0,5,2,78,,55097,3,0,5,1,79,,55111,3,0,5,2,38,,55098,3,0,5,1,71,,55121,3,0,5,1,30,,55112,3,0,5,2,69,,55099,3,0,5,1,29,,55122,3,0,5,1,69,,55113,3,0,5,2,29,,55100,3,0,5,1,69,,55123,3,0,5,1,29,,55114,3,0,5,2,69,,55101,3,0,5,1,29,,55124,3,0,5,1,69,,55115,3,0,5,2,29,,55102,3,0,5,1,69,,55125,3,0,5,1,29,,55116,3,0,5,2,69,,55103,3,0,5,1,29,,55126,3,0,5,1,69,,55117,3,0,5,2,29,,55104,3,0,5,1,69,,55127,3,0,5,1,29,,55118,3,0,5,2,69,,55105,3,0,5,1,29,,55128,3,0,5,1,70,,55119,3,0,5,2,30,,55106,3,0,5,1,70,,55129,3,0,5,1,31,,55120,3,0,5,2,72,,55107,3,0,5,1,32,,55132,3,0,5,2,71,,55130,3,0,5,1,30,,55131,3,0,5,2
16401,'H60JV00S-98-S',524,,55175,3,0,5,1,29,,55138,3,0,5,1,66,,55136,3,0,5,1,11,,55173,3,0,5,2,11,,55137,3,0,5,1,62,,55149,3,0,5,1,11,,55150,3,0,5,2,11,,55151,3,0,5,1,11,,55144,3,0,5,1,10,,55143,3,0,5,1,60,,55139,3,0,5,1,30,,55152,3,0,5,1,22,,55133,3,0,5,1,66,,55145,3,0,5,1,26,,55140,3,0,5,1,68,,55153,3,0,5,1,28,,55134,3,0,5,1,68,,55146,3,0,5,1,20,,55141,3,0,5,1,20,,55154,3,0,5,1,67,,55135,3,0,5,1,26,,55147,3,0,5,1,64,,55142,3,0,5,1,24,,55155,3,0,5,1,24,,55157,3,0,5,1,62,,55172,3,0,5,1,19,,55148,3,0,5,1,110,,55158,3,0,5,1,79,,55167,3,0,5,1,20,,55156,3,0,5,1,60,,55164,3,0,5,2,20,,55160,3,0,5,1,20,,55159,3,0,5,1,63,,55168,3,0,5,1,29,,55165,3,0,5,1,71,,55161,3,0,5,1,31,,55169,3,0,5,1,72,,55166,3,0,5,1,32,,55162,3,0,5,1,72,,55170,3,0,5,1,33,,55176,3,0,5,1,72,,55163,3,0,5,1,33,,55171,3,0,5,1,74,,55177,3,0,5,1,80,,55174,3,0,5,1,39,,55178,3,0,5,1
