20002,'H56J000S-80-S',658,,68079,2,0,10,1
20002,'H56JV00S-80-S',658,,68080,2,0,10,1
20002,'H60J000A-80-A',601,,68097,2,0,10,1,26,,68101,2,0,10,1,26,,68099,2,0,10,1,66,,68098,2,0,10,1,28,,68102,2,0,10,1,68,,68100,2,0,10,1,29,,68103,2,0,10,2,69,,68089,2,0,10,1,29,,68081,2,0,10,2,66,,68104,2,0,10,1,27,,68090,2,0,10,1,67,,68082,2,0,10,2,27,,68105,2,0,10,1,27,,68091,2,0,10,1,67,,68083,2,0,10,2,27,,68106,2,0,10,1,67,,68092,2,0,10,1,28,,68084,2,0,10,2,67,,68107,2,0,10,1,27,,68093,2,0,10,1,68,,68085,2,0,10,2,28,,68108,2,0,10,1,67,,68094,2,0,10,1,28,,68086,2,0,10,2,28,,68109,2,0,10,1,67,,68095,2,0,10,1,26,,68087,2,0,10,2,68,,68110,2,0,10,1,27,,68096,2,0,10,1,67,,68088,2,0,10,2
20002,'H60J000I-80-I',701,,68113,2,0,10,1,30,,68120,2,0,10,2,70,,68128,2,0,10,1,30,,68114,2,0,10,1,70,,68121,2,0,10,2,30,,68129,2,0,10,1,70,,68115,2,0,10,1,30,,68122,2,0,10,2,70,,68130,2,0,10,1,30,,68116,2,0,10,1,70,,68123,2,0,10,2,30,,68131,2,0,10,1,70,,68117,2,0,10,1,30,,68124,2,0,10,2,70,,68132,2,0,10,1,30,,68118,2,0,10,1,70,,68125,2,0,10,2,30,,68133,2,0,10,1,70,,68119,2,0,10,1,30,,68126,2,0,10,2,70,,68134,2,0,10,1,32,,68111,2,0,10,1,71,,68127,2,0,10,2,30,,68135,2,0,10,1,69,,68112,2,0,10,1
20002,'H60J000S-98-S',549,,68150,2,0,10,1,77,,68149,2,0,10,1,21,,68151,2,0,10,1,66,,68136,2,0,10,1,16,,68159,2,0,10,2,15,,68143,2,0,10,2,66,,68154,2,0,10,2,11,,68152,2,0,10,1,33,,68137,2,0,10,1,72,,68144,2,0,10,2,33,,68153,2,0,10,1,73,,68138,2,0,10,1,73,,68145,2,0,10,2,32,,68155,2,0,10,1,70,,68139,2,0,10,1,30,,68146,2,0,10,2,70,,68156,2,0,10,1,30,,68140,2,0,10,1,70,,68147,2,0,10,2,30,,68157,2,0,10,1,72,,68141,2,0,10,1,31,,68148,2,0,10,2,71,,68158,2,0,10,1,27,,68163,2,0,10,2,67,,68142,2,0,10,1,33,,68160,2,0,10,1,72,,68164,2,0,10,2,29,,68162,2,0,10,1,69,,68161,2,0,10,2
20002,'H60JV00A-80-A',601,,68191,2,0,10,1,26,,68193,2,0,10,1,26,,68188,2,0,10,1,66,,68192,2,0,10,1,28,,68194,2,0,10,1,68,,68189,2,0,10,1,29,,68190,2,0,10,2,69,,68173,2,0,10,1,29,,68165,2,0,10,2,66,,68181,2,0,10,1,27,,68174,2,0,10,1,67,,68166,2,0,10,2,27,,68182,2,0,10,1,27,,68175,2,0,10,1,67,,68167,2,0,10,2,27,,68183,2,0,10,1,67,,68176,2,0,10,1,28,,68168,2,0,10,2,67,,68184,2,0,10,1,27,,68177,2,0,10,1,68,,68169,2,0,10,2,28,,68185,2,0,10,1,67,,68178,2,0,10,1,28,,68170,2,0,10,2,28,,68186,2,0,10,1,67,,68179,2,0,10,1,26,,68171,2,0,10,2,68,,68187,2,0,10,1,27,,68180,2,0,10,1,67,,68172,2,0,10,2
20002,'H60JV00I-80-I',701,,68211,2,0,10,1,30,,68203,2,0,10,2,70,,68195,2,0,10,1,30,,68212,2,0,10,1,70,,68204,2,0,10,2,30,,68196,2,0,10,1,70,,68213,2,0,10,1,30,,68205,2,0,10,2,70,,68197,2,0,10,1,30,,68214,2,0,10,1,70,,68206,2,0,10,2,30,,68198,2,0,10,1,70,,68215,2,0,10,1,30,,68207,2,0,10,2,70,,68199,2,0,10,1,30,,68216,2,0,10,1,70,,68208,2,0,10,2,30,,68200,2,0,10,1,70,,68217,2,0,10,1,30,,68209,2,0,10,2,70,,68201,2,0,10,1,32,,68218,2,0,10,1,71,,68210,2,0,10,2,30,,68202,2,0,10,1,69,,68219,2,0,10,1
20002,'H60JV00S-98-S',549,,68244,2,0,10,1,77,,68220,2,0,10,1,21,,68222,2,0,10,1,66,,68245,2,0,10,1,16,,68248,2,0,10,2,15,,68226,2,0,10,2,66,,68247,2,0,10,2,11,,68223,2,0,10,1,33,,68232,2,0,10,1,72,,68227,2,0,10,2,33,,68246,2,0,10,1,73,,68233,2,0,10,1,73,,68228,2,0,10,2,32,,68238,2,0,10,1,70,,68234,2,0,10,1,30,,68229,2,0,10,2,70,,68239,2,0,10,1,30,,68235,2,0,10,1,70,,68230,2,0,10,2,30,,68240,2,0,10,1,72,,68236,2,0,10,1,31,,68231,2,0,10,2,71,,68241,2,0,10,1,27,,68224,2,0,10,2,67,,68237,2,0,10,1,33,,68243,2,0,10,1,72,,68225,2,0,10,2,29,,68242,2,0,10,1,69,,68221,2,0,10,2
20104,'H60J000A-80-A',600,,68452,2,0,9,1,29,,68455,2,0,9,1,30,,68453,2,0,9,1,71,,68454,2,0,9,2,72,,68476,2,0,9,1,32,,68458,2,0,9,2,72,,68462,2,0,9,1,32,,68469,2,0,9,1,71,,68447,2,0,9,1,31,,68477,2,0,9,1,71,,68459,2,0,9,2,31,,68463,2,0,9,1,71,,68470,2,0,9,1,30,,68448,2,0,9,1,70,,68478,2,0,9,1,30,,68460,2,0,9,2,70,,68464,2,0,9,1,30,,68471,2,0,9,1,70,,68449,2,0,9,1,30,,68479,2,0,9,1,70,,68461,2,0,9,2,31,,68465,2,0,9,1,71,,68472,2,0,9,1,32,,68450,2,0,9,1,73,,68480,2,0,9,1,34,,68451,2,0,9,2,63,,68466,3,0,9,1,33,,68473,3,0,9,1,73,,68456,3,0,9,2,32,,68481,3,0,9,1,72,,68467,3,0,9,1,31,,68474,3,0,9,1,71,,68457,3,0,9,2,71,,68482,3,0,9,1,30,,68468,3,0,9,1,71,,68475,3,0,9,1
20104,'H60J000I-80-I',650,,68494,2,0,9,2,72,,68483,2,0,9,1,33,,68497,2,0,9,1,73,,68501,2,0,9,1,73,,68495,2,0,9,2,33,,68484,2,0,9,1,74,,68498,2,0,9,1,34,,68502,2,0,9,1,74,,68496,2,0,9,2,34,,68514,2,0,9,1,74,,68511,2,0,9,1,33,,68486,2,0,9,2,73,,68499,2,0,9,1,73,,68505,2,0,9,2,33,,68491,2,0,9,1,73,,68512,2,0,9,1,32,,68487,2,0,9,2,73,,68500,2,0,9,1,33,,68493,2,0,9,1,73,,68492,2,0,9,1,33,,68513,2,0,9,1,73,,68488,2,0,9,2,33,,68485,2,0,9,1,72,,68489,3,0,9,2,72,,68503,3,0,9,1,30,,68506,3,0,9,2,70,,68508,3,0,9,1,30,,68490,3,0,9,2,70,,68504,3,0,9,1,29,,68507,3,0,9,2,69,,68509,3,0,9,1,30,,68515,3,0,9,1,70,,68510,3,0,9,1
20104,'H60J000S-98-S',555,,68530,2,0,9,2,65,,68536,2,0,9,1,34,,68526,2,0,9,2,78,,68531,2,0,9,1,82,,68518,2,0,9,2,42,,68537,2,0,9,1,80,,68527,2,0,9,2,77,,68532,2,0,9,1,36,,68519,2,0,9,2,71,,68523,2,0,9,1,33,,68539,2,0,9,1,73,,68528,2,0,9,2,32,,68533,2,0,9,1,72,,68520,2,0,9,2,71,,68524,2,0,9,1,33,,68540,2,0,9,1,71,,68529,2,0,9,2,27,,68548,2,0,9,2,26,,68534,2,0,9,1,70,,68521,2,0,9,2,31,,68525,2,0,9,1,70,,68541,2,0,9,1,29,,68538,2,0,9,2,70,,68517,2,0,9,1,72,,68535,2,0,9,1,30,,68516,3,0,9,1,26,,68547,3,0,9,1,70,,68542,3,0,9,1,31,,68549,3,0,9,2,70,,68545,3,0,9,1,30,,68522,3,0,9,1,69,,68546,3,0,9,2,30,,68543,3,0,9,1,72,,68550,3,0,9,2,72,,68544,3,0,9,1
20104,'H60JV00A-80-A',600,,68554,2,0,9,1,29,,68552,2,0,9,1,30,,68551,2,0,9,1,71,,68553,2,0,9,2,72,,68566,2,0,9,1,32,,68555,2,0,9,2,72,,68559,2,0,9,1,32,,68573,2,0,9,1,71,,68580,2,0,9,1,31,,68567,2,0,9,1,71,,68556,2,0,9,2,31,,68560,2,0,9,1,71,,68574,2,0,9,1,30,,68581,2,0,9,1,70,,68568,2,0,9,1,30,,68557,2,0,9,2,70,,68561,2,0,9,1,30,,68575,2,0,9,1,70,,68582,2,0,9,1,30,,68569,2,0,9,1,70,,68558,2,0,9,2,31,,68562,2,0,9,1,71,,68576,2,0,9,1,32,,68583,2,0,9,1,73,,68570,2,0,9,1,34,,68586,2,0,9,2,63,,68563,3,0,9,1,33,,68577,3,0,9,1,73,,68584,3,0,9,2,32,,68571,3,0,9,1,72,,68564,3,0,9,1,31,,68578,3,0,9,1,71,,68585,3,0,9,2,71,,68572,3,0,9,1,30,,68565,3,0,9,1,71,,68579,3,0,9,1
20104,'H60JV00I-80-I',650,,68610,2,0,9,2,72,,68614,2,0,9,1,33,,68606,2,0,9,1,73,,68595,2,0,9,1,73,,68611,2,0,9,2,33,,68615,2,0,9,1,74,,68607,2,0,9,1,34,,68596,2,0,9,1,74,,68612,2,0,9,2,34,,68613,2,0,9,1,74,,68601,2,0,9,1,33,,68592,2,0,9,2,73,,68604,2,0,9,1,73,,68608,2,0,9,2,33,,68599,2,0,9,1,73,,68602,2,0,9,1,32,,68593,2,0,9,2,73,,68605,2,0,9,1,33,,68619,2,0,9,1,73,,68600,2,0,9,1,33,,68603,2,0,9,1,73,,68594,2,0,9,2,33,,68616,2,0,9,1,72,,68617,3,0,9,2,72,,68597,3,0,9,1,30,,68590,3,0,9,2,70,,68587,3,0,9,1,30,,68618,3,0,9,2,70,,68598,3,0,9,1,29,,68591,3,0,9,2,69,,68588,3,0,9,1,30,,68609,3,0,9,1,70,,68589,3,0,9,1
20104,'H60JV00S-98-S',555,,68630,2,0,9,2,65,,68620,2,0,9,1,34,,68626,2,0,9,2,78,,68632,2,0,9,1,82,,68622,2,0,9,2,42,,68621,2,0,9,1,80,,68627,2,0,9,2,77,,68633,2,0,9,1,36,,68623,2,0,9,2,71,,68637,2,0,9,1,33,,68640,2,0,9,1,73,,68628,2,0,9,2,32,,68634,2,0,9,1,72,,68624,2,0,9,2,71,,68638,2,0,9,1,33,,68641,2,0,9,1,71,,68629,2,0,9,2,27,,68631,2,0,9,2,26,,68635,2,0,9,1,70,,68625,2,0,9,2,31,,68639,2,0,9,1,70,,68642,2,0,9,1,29,,68652,2,0,9,2,70,,68647,2,0,9,1,72,,68636,2,0,9,1,30,,68648,3,0,9,1,26,,68653,3,0,9,1,70,,68643,3,0,9,1,31,,68649,3,0,9,2,70,,68651,3,0,9,1,30,,68646,3,0,9,1,69,,68654,3,0,9,2,30,,68644,3,0,9,1,72,,68650,3,0,9,1,72,,68645,3,0,9,1
20201,'H50J000S-83-S',1648,,68655,2,0,5,1
20201,'H50JV00S-82-S',1648,,68656,2,0,5,1
20201,'H56J000S-80-S',541,,68658,2,0,5,1
20201,'H56JV00S-80-S',541,,68660,2,0,5,1
20201,'H60J000A-80-A',601,,68675,2,0,5,1,31,,68682,2,0,5,2,70,,68668,2,0,5,1,30,,68667,2,0,5,2,70,,68692,2,0,5,1,30,,68676,2,0,5,1,70,,68679,2,0,5,1,30,,68670,2,0,5,1,71,,68683,2,0,5,2,32,,68688,2,0,5,1,70,,68680,2,0,5,1,30,,68677,2,0,5,1,23,,68671,2,0,5,1,62,,68684,2,0,5,2,23,,68695,2,0,5,1,61,,68689,2,0,5,1,23,,68681,2,0,5,1,24,,68678,2,0,5,1,63,,68672,2,0,5,1,23,,68685,2,0,5,2,63,,68696,2,0,5,1,23,,68690,2,0,5,1,17,,68702,2,0,5,1,17,,68666,2,0,5,1,59,,68704,2,0,5,1,19,,68673,2,0,5,1,21,,68686,2,0,5,2,63,,68697,2,0,5,1,24,,68691,2,0,5,1,66,,68703,2,0,5,1,26,,68705,2,0,5,1,71,,68674,2,0,5,1,31,,68693,2,0,5,1,71,,68669,2,0,5,1,31,,68700,2,0,5,1,68,,68664,2,0,5,1,29,,68698,2,0,5,1,69,,68694,2,0,5,1,31,,68687,2,0,5,1,68,,68701,2,0,5,1,29,,68665,2,0,5,1,69,,68699,2,0,5,1
20201,'H60J000I-80-I',702,,68707,2,0,5,1,30,,68716,2,0,5,1,70,,68727,2,0,5,1,31,,68731,2,0,5,2,71,,68708,2,0,5,1,30,,68717,2,0,5,1,71,,68728,2,0,5,1,31,,68732,2,0,5,2,70,,68713,2,0,5,1,29,,68723,2,0,5,1,69,,68729,2,0,5,1,29,,68721,2,0,5,2,70,,68718,2,0,5,1,32,,68734,2,0,5,1,69,,68724,2,0,5,1,31,,68730,2,0,5,1,71,,68722,2,0,5,2,30,,68719,2,0,5,1,73,,68737,2,0,5,2,32,,68725,2,0,5,1,72,,68709,2,0,5,1,33,,68720,2,0,5,1,71,,68738,2,0,5,2,31,,68726,2,0,5,1,71,,68710,2,0,5,1,29,,68735,2,0,5,1,68,,68714,2,0,5,1,29,,68739,2,0,5,2,69,,68706,2,0,5,1,29,,68711,2,0,5,1,68,,68736,2,0,5,1,28,,68715,2,0,5,1,68,,68740,2,0,5,2,27,,68733,2,0,5,1,67,,68712,2,0,5,1
20201,'H60J000S-98-S',607,,68750,2,0,5,1,27,,68760,2,0,5,1,22,,68743,2,0,5,1,62,,68757,2,0,5,2,25,,68758,2,0,5,1,67,,68747,2,0,5,1,28,,68751,2,0,5,1,69,,68761,2,0,5,1,26,,68744,2,0,5,1,24,,68742,2,0,5,1,64,,68759,2,0,5,1,25,,68748,2,0,5,1,65,,68767,2,0,5,1,30,,68762,2,0,5,1,70,,68745,2,0,5,1,32,,68752,2,0,5,1,66,,68749,2,0,5,1,25,,68768,2,0,5,1,23,,68741,2,0,5,2,65,,68746,2,0,5,1,28,,68769,2,0,5,1,69,,68753,2,0,5,1,29,,68770,2,0,5,2,67,,68763,2,0,5,1,106,,68772,2,0,5,2,33,,68776,2,0,5,1,69,,68773,2,0,5,2,30,,68764,2,0,5,1,69,,68755,2,0,5,1,29,,68779,2,0,5,2,67,,68777,2,0,5,1,27,,68774,2,0,5,2,67,,68765,2,0,5,1,26,,68756,2,0,5,1,67,,68780,2,0,5,2,27,,68778,2,0,5,1,27,,68775,2,0,5,2,66,,68766,2,0,5,1,76,,68781,2,0,5,1
20201,'H60JV00A-80-A',601,,68816,2,0,5,1,31,,68799,2,0,5,2,70,,68784,2,0,5,1,30,,68783,2,0,5,2,70,,68818,2,0,5,1,30,,68817,2,0,5,1,70,,68819,2,0,5,1,30,,68790,2,0,5,1,71,,68800,2,0,5,2,32,,68795,2,0,5,1,70,,68822,2,0,5,1,30,,68820,2,0,5,1,23,,68791,2,0,5,1,62,,68801,2,0,5,2,23,,68806,2,0,5,1,61,,68796,2,0,5,1,23,,68823,2,0,5,1,24,,68821,2,0,5,1,63,,68792,2,0,5,1,23,,68802,2,0,5,2,63,,68807,2,0,5,1,23,,68797,2,0,5,1,17,,68811,2,0,5,1,17,,68815,2,0,5,1,59,,68804,2,0,5,1,19,,68793,2,0,5,1,21,,68803,2,0,5,2,63,,68808,2,0,5,1,24,,68798,2,0,5,1,66,,68812,2,0,5,1,26,,68805,2,0,5,1,71,,68794,2,0,5,1,31,,68786,2,0,5,1,71,,68785,2,0,5,1,31,,68813,2,0,5,1,68,,68788,2,0,5,1,29,,68809,2,0,5,1,69,,68787,2,0,5,1,31,,68782,2,0,5,1,68,,68814,2,0,5,1,29,,68789,2,0,5,1,69,,68810,2,0,5,1
20201,'H60JV00I-80-I',702,,68836,2,0,5,1,30,,68842,2,0,5,1,70,,68834,2,0,5,1,31,,68851,2,0,5,2,71,,68837,2,0,5,1,30,,68843,2,0,5,1,71,,68835,2,0,5,1,31,,68852,2,0,5,2,70,,68829,2,0,5,1,29,,68847,2,0,5,1,69,,68827,2,0,5,1,29,,68856,2,0,5,2,70,,68844,2,0,5,1,32,,68853,2,0,5,1,69,,68848,2,0,5,1,31,,68828,2,0,5,1,71,,68857,2,0,5,2,30,,68845,2,0,5,1,73,,68830,2,0,5,2,32,,68849,2,0,5,1,72,,68838,2,0,5,1,33,,68846,2,0,5,1,71,,68831,2,0,5,2,31,,68850,2,0,5,1,71,,68839,2,0,5,1,29,,68854,2,0,5,1,68,,68825,2,0,5,1,29,,68832,2,0,5,2,69,,68824,2,0,5,1,29,,68840,2,0,5,1,68,,68855,2,0,5,1,28,,68826,2,0,5,1,68,,68833,2,0,5,2,27,,68858,2,0,5,1,67,,68841,2,0,5,1
20201,'H60JV00S-98-S',607,,68887,2,0,5,1,27,,68891,2,0,5,1,22,,68875,2,0,5,1,62,,68874,2,0,5,2,25,,68889,2,0,5,1,67,,68862,2,0,5,1,28,,68888,2,0,5,1,69,,68892,2,0,5,1,26,,68876,2,0,5,1,24,,68898,2,0,5,1,64,,68890,2,0,5,1,25,,68863,2,0,5,1,65,,68894,2,0,5,1,30,,68893,2,0,5,1,70,,68877,2,0,5,1,32,,68882,2,0,5,1,66,,68864,2,0,5,1,25,,68895,2,0,5,1,23,,68860,2,0,5,2,65,,68859,2,0,5,1,28,,68868,2,0,5,1,69,,68883,2,0,5,1,29,,68897,2,0,5,2,67,,68878,2,0,5,1,106,,68861,2,0,5,1,33,,68869,2,0,5,1,69,,68865,2,0,5,2,30,,68879,2,0,5,1,69,,68885,2,0,5,1,29,,68872,2,0,5,2,67,,68870,2,0,5,1,27,,68866,2,0,5,2,67,,68880,2,0,5,1,26,,68886,2,0,5,1,67,,68873,2,0,5,2,27,,68871,2,0,5,1,27,,68867,2,0,5,2,66,,68881,2,0,5,1,76,,68899,2,0,5,1
20301,'H50J000S-83-S',703,,69148,2,0,5,1
20301,'H50JV00S-82-S',703,,69149,2,0,5,1
20301,'H56J000S-80-S',1757,,69150,2,0,5,1
20301,'H56JV00S-80-S',1757,,69151,2,0,5,1
20301,'H60J000A-80-A',601,,69158,2,0,5,2,30,,69175,2,0,5,1,70,,69170,2,0,5,1,30,,69159,2,0,5,2,71,,69176,2,0,5,1,30,,69171,2,0,5,1,70,,69160,2,0,5,2,32,,69177,2,0,5,1,72,,69172,2,0,5,1,32,,69161,2,0,5,2,73,,69178,2,0,5,1,33,,69173,2,0,5,1,73,,69162,2,0,5,2,32,,69179,2,0,5,1,69,,69186,2,0,5,2,29,,69174,2,0,5,1,69,,69163,2,0,5,2,29,,69180,2,0,5,1,69,,69187,2,0,5,2,29,,69152,2,0,5,1,70,,69164,2,0,5,2,30,,69181,2,0,5,1,70,,69188,2,0,5,2,30,,69153,2,0,5,1,71,,69165,2,0,5,2,31,,69182,2,0,5,1,70,,69154,2,0,5,1,30,,69166,2,0,5,2,69,,69183,2,0,5,1,29,,69155,2,0,5,1,69,,69167,2,0,5,2,29,,69184,2,0,5,1,68,,69156,2,0,5,1,28,,69168,2,0,5,2,68,,69185,2,0,5,1,28,,69157,2,0,5,1,68,,69169,2,0,5,2
20301,'H60J000I-80-I',701,,69189,2,0,5,1,30,,69212,2,0,5,2,70,,69201,2,0,5,1,30,,69190,2,0,5,1,70,,69213,2,0,5,2,30,,69202,2,0,5,1,70,,69191,2,0,5,1,30,,69214,2,0,5,2,70,,69203,2,0,5,1,30,,69192,2,0,5,1,70,,69215,2,0,5,2,30,,69204,2,0,5,1,70,,69193,2,0,5,1,30,,69216,2,0,5,2,70,,69205,2,0,5,1,32,,69194,2,0,5,1,70,,69217,2,0,5,2,30,,69206,2,0,5,1,72,,69195,2,0,5,1,30,,69218,2,0,5,2,70,,69207,2,0,5,1,31,,69196,2,0,5,1,70,,69219,2,0,5,2,29,,69208,2,0,5,1,69,,69197,2,0,5,1,29,,69220,2,0,5,2,69,,69209,2,0,5,1,29,,69198,2,0,5,1,70,,69221,2,0,5,2,30,,69210,2,0,5,1,70,,69199,2,0,5,1,30,,69222,2,0,5,2,70,,69211,2,0,5,1,30,,69200,2,0,5,1,70,,69223,2,0,5,2
20301,'H60J000S-98-S',554,,69235,2,0,5,2,74,,69225,2,0,5,1,25,,69236,2,0,5,1,67,,69224,2,0,5,2,27,,69245,2,0,5,2,66,,69226,2,0,5,1,12,,69246,2,0,5,1,33,,69244,2,0,5,1,73,,69231,2,0,5,1,72,,69227,2,0,5,1,32,,69247,2,0,5,1,72,,69242,2,0,5,1,31,,69232,2,0,5,1,69,,69228,2,0,5,1,30,,69230,2,0,5,1,69,,69233,2,0,5,1,29,,69241,2,0,5,1,69,,69229,2,0,5,1,29,,69253,2,0,5,1,72,,69259,2,0,5,1,33,,69234,2,0,5,1,65,,69248,2,0,5,2,27,,69254,2,0,5,1,23,,69243,2,0,5,1,72,,69258,2,0,5,1,105,,69255,2,0,5,1,71,,69249,2,0,5,1,32,,69237,2,0,5,1,72,,69256,2,0,5,1,31,,69250,2,0,5,1,70,,69238,2,0,5,1,30,,69257,2,0,5,1,71,,69251,2,0,5,1,29,,69239,2,0,5,1,69,,69260,2,0,5,1,28,,69252,2,0,5,1,68,,69240,2,0,5,1
20301,'H60JV00A-80-A',601,,69261,2,0,5,2,30,,69279,2,0,5,1,70,,69293,2,0,5,1,30,,69262,2,0,5,2,71,,69280,2,0,5,1,30,,69294,2,0,5,1,70,,69263,2,0,5,2,32,,69281,2,0,5,1,72,,69295,2,0,5,1,32,,69264,2,0,5,2,73,,69282,2,0,5,1,33,,69296,2,0,5,1,73,,69265,2,0,5,2,32,,69283,2,0,5,1,69,,69290,2,0,5,2,29,,69297,2,0,5,1,69,,69266,2,0,5,2,29,,69284,2,0,5,1,69,,69291,2,0,5,2,29,,69273,2,0,5,1,70,,69267,2,0,5,2,30,,69285,2,0,5,1,70,,69292,2,0,5,2,30,,69274,2,0,5,1,71,,69268,2,0,5,2,31,,69286,2,0,5,1,70,,69275,2,0,5,1,30,,69269,2,0,5,2,69,,69287,2,0,5,1,29,,69276,2,0,5,1,69,,69270,2,0,5,2,29,,69288,2,0,5,1,68,,69277,2,0,5,1,28,,69271,2,0,5,2,68,,69289,2,0,5,1,28,,69278,2,0,5,1,68,,69272,2,0,5,2
20301,'H60JV00I-80-I',701,,69298,2,0,5,1,30,,69321,2,0,5,2,70,,69310,2,0,5,1,30,,69299,2,0,5,1,70,,69322,2,0,5,2,30,,69311,2,0,5,1,70,,69300,2,0,5,1,30,,69323,2,0,5,2,70,,69312,2,0,5,1,30,,69301,2,0,5,1,70,,69324,2,0,5,2,30,,69313,2,0,5,1,70,,69302,2,0,5,1,30,,69325,2,0,5,2,70,,69314,2,0,5,1,32,,69303,2,0,5,1,70,,69326,2,0,5,2,30,,69315,2,0,5,1,72,,69304,2,0,5,1,30,,69327,2,0,5,2,70,,69316,2,0,5,1,31,,69305,2,0,5,1,70,,69328,2,0,5,2,29,,69317,2,0,5,1,69,,69306,2,0,5,1,29,,69329,2,0,5,2,69,,69318,2,0,5,1,29,,69307,2,0,5,1,70,,69330,2,0,5,2,30,,69319,2,0,5,1,70,,69308,2,0,5,1,30,,69331,2,0,5,2,70,,69320,2,0,5,1,30,,69309,2,0,5,1,70,,69332,2,0,5,2
20301,'H60JV00S-98-S',554,,69369,2,0,5,2,74,,69363,2,0,5,1,25,,69343,2,0,5,1,67,,69366,2,0,5,2,27,,69344,2,0,5,2,66,,69364,2,0,5,1,12,,69339,2,0,5,1,33,,69367,2,0,5,1,73,,69352,2,0,5,1,72,,69365,2,0,5,1,32,,69340,2,0,5,1,72,,69341,2,0,5,1,31,,69353,2,0,5,1,69,,69350,2,0,5,1,30,,69334,2,0,5,1,69,,69354,2,0,5,1,29,,69355,2,0,5,1,69,,69351,2,0,5,1,29,,69345,2,0,5,1,72,,69357,2,0,5,1,33,,69333,2,0,5,1,65,,69368,2,0,5,2,27,,69346,2,0,5,1,23,,69342,2,0,5,1,72,,69356,2,0,5,1,105,,69347,2,0,5,1,71,,69335,2,0,5,1,32,,69359,2,0,5,1,72,,69348,2,0,5,1,31,,69336,2,0,5,1,70,,69360,2,0,5,1,30,,69349,2,0,5,1,71,,69337,2,0,5,1,29,,69361,2,0,5,1,69,,69358,2,0,5,1,28,,69338,2,0,5,1,68,,69362,2,0,5,1
20401,'H60J000A-80-A',547,,69585,2,0,5,1,73,,69595,2,0,5,1,33,,69607,2,0,5,1,73,,69586,2,0,5,1,33,,69596,2,0,5,1,72,,69608,2,0,5,1,72,,69587,2,0,5,1,32,,69597,2,0,5,1,73,,69609,2,0,5,1,32,,69588,2,0,5,1,72,,69598,2,0,5,1,32,,69610,2,0,5,1,73,,69589,2,0,5,1,33,,69599,2,0,5,1,73,,69611,2,0,5,1,33,,69590,2,0,5,1,72,,69616,2,0,5,1,72,,69600,2,0,5,1,32,,69612,2,0,5,1,72,,69591,2,0,5,1,32,,69617,2,0,5,1,72,,69601,2,0,5,1,32,,69613,2,0,5,1,72,,69592,2,0,5,1,32,,69618,2,0,5,1,70,,69584,2,0,5,1,30,,69615,2,0,5,1,70,,69606,2,0,5,1,30,,69614,2,0,5,1,70,,69619,2,0,5,1,30,,69593,2,0,5,1,70,,69602,2,0,5,1,29,,69604,2,0,5,1,73,,69594,2,0,5,1,30,,69603,2,0,5,1,65,,69605,2,0,5,1
20401,'H60J000I-80-I',701,,69620,2,0,5,1,31,,69627,2,0,5,1,71,,69637,2,0,5,1,32,,69621,2,0,5,1,72,,69628,2,0,5,1,31,,69638,2,0,5,1,71,,69622,2,0,5,1,31,,69629,2,0,5,1,71,,69639,2,0,5,1,31,,69623,2,0,5,1,73,,69630,2,0,5,1,31,,69640,2,0,5,1,71,,69624,2,0,5,1,30,,69647,2,0,5,1,70,,69631,2,0,5,1,30,,69641,2,0,5,1,70,,69625,2,0,5,1,30,,69648,2,0,5,1,70,,69632,2,0,5,1,30,,69642,2,0,5,1,70,,69626,2,0,5,1,30,,69649,2,0,5,1,72,,69633,2,0,5,1,33,,69643,2,0,5,1,73,,69650,2,0,5,1,32,,69634,2,0,5,1,72,,69644,2,0,5,1,73,,69651,2,0,5,1,32,,69635,2,0,5,1,72,,69645,2,0,5,1,32,,69652,2,0,5,1,71,,69636,2,0,5,1,31,,69646,2,0,5,1,71,,69653,2,0,5,1
20401,'H60J000S-98-S',553,,69654,2,0,5,1,76,,69678,2,0,5,1,74,,69659,2,0,5,1,16,,69670,2,0,5,1,33,,69675,2,0,5,1,66,,69679,2,0,5,1,34,,69660,2,0,5,1,73,,69671,2,0,5,1,33,,69680,2,0,5,1,73,,69661,2,0,5,1,73,,69672,2,0,5,1,32,,69681,2,0,5,1,75,,69662,2,0,5,1,34,,69673,2,0,5,1,74,,69676,2,0,5,1,34,,69663,2,0,5,1,75,,69674,2,0,5,1,75,,69677,2,0,5,1,35,,69664,2,0,5,1,68,,69683,2,0,5,1,29,,69682,2,0,5,1,69,,69689,2,0,5,1,28,,69669,2,0,5,1,68,,69684,2,0,5,1,30,,69655,2,0,5,1,70,,69665,2,0,5,1,31,,69685,2,0,5,1,72,,69656,2,0,5,1,31,,69666,2,0,5,1,71,,69686,2,0,5,1,31,,69657,2,0,5,1,71,,69667,2,0,5,1,30,,69687,2,0,5,1,71,,69658,2,0,5,1,31,,69668,2,0,5,1,70,,69688,2,0,5,1
20401,'H60JV00A-80-A',547,,69697,2,0,5,1,73,,69703,2,0,5,1,33,,69712,2,0,5,1,73,,69698,2,0,5,1,33,,69704,2,0,5,1,72,,69713,2,0,5,1,72,,69699,2,0,5,1,32,,69705,2,0,5,1,73,,69714,2,0,5,1,32,,69700,2,0,5,1,72,,69706,2,0,5,1,32,,69715,2,0,5,1,73,,69701,2,0,5,1,33,,69707,2,0,5,1,73,,69716,2,0,5,1,33,,69702,2,0,5,1,72,,69719,2,0,5,1,72,,69708,2,0,5,1,32,,69717,2,0,5,1,72,,69724,2,0,5,1,32,,69720,2,0,5,1,72,,69709,2,0,5,1,32,,69718,2,0,5,1,72,,69725,2,0,5,1,32,,69721,2,0,5,1,70,,69691,2,0,5,1,30,,69696,2,0,5,1,70,,69694,2,0,5,1,30,,69690,2,0,5,1,70,,69695,2,0,5,1,30,,69692,2,0,5,1,70,,69710,2,0,5,1,29,,69722,2,0,5,1,73,,69693,2,0,5,1,30,,69711,2,0,5,1,65,,69723,2,0,5,1
20401,'H60JV00I-80-I',701,,69726,2,0,5,1,31,,69733,2,0,5,1,71,,69743,2,0,5,1,32,,69727,2,0,5,1,72,,69734,2,0,5,1,31,,69744,2,0,5,1,71,,69728,2,0,5,1,31,,69735,2,0,5,1,71,,69745,2,0,5,1,31,,69729,2,0,5,1,73,,69736,2,0,5,1,31,,69746,2,0,5,1,71,,69730,2,0,5,1,30,,69753,2,0,5,1,70,,69737,2,0,5,1,30,,69747,2,0,5,1,70,,69731,2,0,5,1,30,,69754,2,0,5,1,70,,69738,2,0,5,1,30,,69748,2,0,5,1,70,,69732,2,0,5,1,30,,69755,2,0,5,1,72,,69739,2,0,5,1,33,,69749,2,0,5,1,73,,69756,2,0,5,1,32,,69740,2,0,5,1,72,,69750,2,0,5,1,73,,69757,2,0,5,1,32,,69741,2,0,5,1,72,,69751,2,0,5,1,32,,69758,2,0,5,1,71,,69742,2,0,5,1,31,,69752,2,0,5,1,71,,69759,2,0,5,1
20401,'H60JV00S-98-S',553,,69763,2,0,5,1,76,,69762,2,0,5,1,74,,69782,2,0,5,1,16,,69776,2,0,5,1,33,,69761,2,0,5,1,66,,69788,2,0,5,1,34,,69783,2,0,5,1,73,,69777,2,0,5,1,33,,69794,2,0,5,1,73,,69784,2,0,5,1,73,,69778,2,0,5,1,32,,69795,2,0,5,1,75,,69785,2,0,5,1,34,,69779,2,0,5,1,74,,69768,2,0,5,1,34,,69786,2,0,5,1,75,,69780,2,0,5,1,75,,69769,2,0,5,1,35,,69787,2,0,5,1,68,,69770,2,0,5,1,29,,69793,2,0,5,1,69,,69781,2,0,5,1,28,,69760,2,0,5,1,68,,69771,2,0,5,1,30,,69764,2,0,5,1,70,,69789,2,0,5,1,31,,69772,2,0,5,1,72,,69765,2,0,5,1,31,,69790,2,0,5,1,71,,69773,2,0,5,1,31,,69766,2,0,5,1,71,,69791,2,0,5,1,30,,69774,2,0,5,1,71,,69767,2,0,5,1,31,,69792,2,0,5,1,70,,69775,2,0,5,1
21601,'H60J000S-98-S',633,,73603,2,0,5,1,69,,73604,2,0,5,2,29,,73605,2,0,5,1,72,,73606,2,0,5,2,33,,73600,2,0,5,1,71,,73599,2,0,5,1,23,,73608,2,0,5,2,582,,73607,2,0,5,1,31,,73601,2,0,5,1,68,,73611,2,0,5,2,30,,73609,2,0,5,1,71,,73602,2,0,5,1,30,,73612,2,0,5,2,75,,73610,2,0,5,1,37,,73613,2,0,5,2
21601,'H60JV00S-98-S',633,,73617,2,0,5,1,69,,73623,2,0,5,1,29,,73624,2,0,5,1,72,,73614,2,0,5,1,33,,73622,2,0,5,1,71,,73616,2,0,5,1,23,,73628,2,0,5,2,582,,73615,2,0,5,1,31,,73618,2,0,5,1,68,,73625,2,0,5,2,30,,73620,2,0,5,1,71,,73619,2,0,5,1,30,,73626,2,0,5,2,75,,73621,2,0,5,1,37,,73627,2,0,5,2
41902,'H60J000S-98-S',610,,76641,2,0,10,1,30,,76650,2,0,10,2,19,,76654,2,0,10,2,49,,76656,2,0,10,2,8,,76642,2,0,10,1,8,,76665,2,0,10,2,9,,76666,2,0,10,1,11,,76651,2,0,10,2,11,,76655,2,0,10,2,51,,76657,2,0,10,2,11,,76643,2,0,10,1,17,,76667,2,0,10,1,18,,76652,2,0,10,2,59,,76644,2,0,10,1,19,,76658,2,0,10,2,19,,76668,2,0,10,1,59,,76645,2,0,10,1,19,,76653,2,0,10,2,19,,76659,2,0,10,2,59,,76669,2,0,10,1,19,,76646,2,0,10,1,24,,76660,2,0,10,2,71,,76670,2,0,10,1,31,,76661,2,0,10,2,70,,76647,2,0,10,1,31,,76671,2,0,10,1,71,,76648,2,0,10,1,32,,76662,2,0,10,2,71,,76672,2,0,10,1,31,,76663,2,0,10,2,71,,76673,2,0,10,1,32,,76664,2,0,10,2,63,,76649,2,0,10,1,23,,76674,2,0,10,2
41902,'H60JV00S-98-S',610,,76675,2,0,10,1,33,,76687,2,0,10,2,71,,76676,2,0,10,1,31,,76688,2,0,10,2,71,,76677,2,0,10,1,31,,76689,2,0,10,2,70,,76678,2,0,10,1,30,,76690,2,0,10,2,70,,76679,2,0,10,1,30,,76691,2,0,10,2,70,,76680,2,0,10,1,31,,76692,2,0,10,2,71,,76681,2,0,10,1,31,,76693,2,0,10,2,71,,76682,2,0,10,1,31,,76694,2,0,10,2,71,,76683,2,0,10,1,31,,76695,2,0,10,2,71,,76684,2,0,10,1,31,,76696,2,0,10,2,71,,76685,2,0,10,1,32,,76697,2,0,10,2,63,,76698,2,0,10,2,23,,76686,2,0,10,1
