19201,'H50M000S-70-S',605,,144469,11,0,5,1,144,,144468,11,0,5,2
19201,'H51M000S-70-S',1453,,144470,11,0,5,2
19201,'H54M000A-70-A',536,,144478,11,0,5,1,70,,144491,11,0,5,2,30,,144471,11,0,5,1,70,,144479,11,0,5,1,30,,144492,11,0,5,1,70,,144472,11,0,5,1,29,,144480,11,0,5,1,71,,144493,11,0,5,1,30,,144473,11,0,5,1,70,,144481,11,0,5,1,31,,144494,11,0,5,1,71,,144474,11,0,5,1,31,,144482,11,0,5,1,72,,144495,11,0,5,1,31,,144503,11,0,5,1,70,,144475,11,0,5,1,30,,144483,11,0,5,1,70,,144496,11,0,5,1,28,,144504,11,0,5,1,68,,144476,11,0,5,1,29,,144484,11,0,5,1,69,,144497,11,0,5,1,30,,144505,11,0,5,1,71,,144477,11,0,5,1,31,,144485,11,0,5,1,71,,144498,11,0,5,1,31,,144506,11,0,5,1,71,,144486,11,0,5,1,30,,144499,11,0,5,1,68,,144507,11,0,5,1,29,,144489,11,0,5,1,69,,144500,11,0,5,1,30,,144508,11,0,5,1,70,,144487,11,0,5,1,30,,144501,11,0,5,1,70,,144509,11,0,5,1,30,,144488,11,0,5,1,70,,144502,11,0,5,1,29,,144511,11,0,5,1,72,,144490,11,0,5,1,41,,144510,11,0,5,1
19201,'H54M000I-70-I',539,,144512,11,0,5,1,67,,144527,11,0,5,2,31,,144519,11,0,5,1,70,,144513,11,0,5,1,30,,144528,11,0,5,2,70,,144520,11,0,5,1,30,,144514,11,0,5,1,70,,144529,11,0,5,2,30,,144521,11,0,5,1,70,,144515,11,0,5,1,30,,144530,11,0,5,2,70,,144522,11,0,5,1,30,,144516,11,0,5,1,70,,144531,11,0,5,2,30,,144544,11,0,5,1,70,,144523,11,0,5,1,29,,144517,11,0,5,1,67,,144532,11,0,5,2,28,,144545,11,0,5,1,69,,144524,11,0,5,1,30,,144518,11,0,5,1,72,,144533,11,0,5,2,32,,144546,11,0,5,1,73,,144525,11,0,5,1,33,,144534,11,0,5,2,72,,144547,11,0,5,1,30,,144526,11,0,5,1,69,,144535,11,0,5,2,30,,144548,11,0,5,1,69,,144540,11,0,5,1,29,,144536,11,0,5,2,70,,144549,11,0,5,1,30,,144542,11,0,5,1,70,,144538,11,0,5,2,30,,144550,11,0,5,1,70,,144541,11,0,5,1,30,,144537,11,0,5,2,70,,144551,11,0,5,1,29,,144543,11,0,5,1,71,,144539,11,0,5,2,32,,144552,11,0,5,1
19201,'H54M000S-70-S',541,,144554,11,0,5,1,12,,144553,11,0,5,2,68,,144560,11,0,5,1,17,,144574,11,0,5,1,16,,144575,11,0,5,1,56,,144576,11,0,5,1,19,,144555,11,0,5,1,80,,144561,11,0,5,1,23,,144572,11,0,5,1,68,,144577,11,0,5,1,29,,144556,11,0,5,1,28,,144562,11,0,5,1,68,,144573,11,0,5,1,29,,144578,11,0,5,1,69,,144557,11,0,5,1,29,,144563,11,0,5,1,70,,144586,11,0,5,2,30,,144579,11,0,5,1,70,,144558,11,0,5,1,30,,144564,11,0,5,1,172,,144559,11,0,5,1,30,,144565,11,0,5,1,101,,144588,11,0,5,2,70,,144580,11,0,5,1,30,,144566,11,0,5,1,69,,144587,11,0,5,1,24,,144589,11,0,5,2,65,,144581,11,0,5,1,29,,144567,11,0,5,1,70,,144590,11,0,5,1,30,,144582,11,0,5,1,70,,144568,11,0,5,1,30,,144591,11,0,5,1,68,,144583,11,0,5,1,29,,144569,11,0,5,1,70,,144592,11,0,5,1,30,,144584,11,0,5,1,70,,144570,11,0,5,1,30,,144593,11,0,5,1,70,,144585,11,0,5,1,32,,144571,11,0,5,1
19201,'H54M100F-70-F1',536,,144601,11,0,5,1,70,,144602,11,0,5,1,30,,144594,11,0,5,1,70,,144603,11,0,5,2,30,,144615,11,0,5,1,70,,144595,11,0,5,1,29,,144604,11,0,5,2,71,,144616,11,0,5,1,30,,144596,11,0,5,1,70,,144605,11,0,5,2,31,,144617,11,0,5,1,71,,144597,11,0,5,1,31,,144606,11,0,5,2,72,,144618,11,0,5,1,31,,144627,11,0,5,1,70,,144598,11,0,5,1,30,,144607,11,0,5,2,70,,144619,11,0,5,1,28,,144628,11,0,5,1,68,,144599,11,0,5,1,29,,144608,11,0,5,2,69,,144620,11,0,5,1,30,,144629,11,0,5,1,71,,144600,11,0,5,1,31,,144609,11,0,5,2,71,,144623,11,0,5,1,31,,144630,11,0,5,1,71,,144610,11,0,5,2,30,,144621,11,0,5,1,68,,144631,11,0,5,1,29,,144611,11,0,5,2,69,,144622,11,0,5,1,30,,144632,11,0,5,1,70,,144612,11,0,5,2,30,,144624,11,0,5,1,70,,144634,11,0,5,1,30,,144613,11,0,5,2,70,,144625,11,0,5,1,29,,144633,11,0,5,1,72,,144614,11,0,5,2,33,,144626,11,0,5,1
19201,'H54M200F-70-F2',539,,144635,11,0,5,1,67,,144650,11,0,5,2,31,,144642,11,0,5,2,70,,144636,11,0,5,1,30,,144651,11,0,5,2,70,,144643,11,0,5,2,30,,144637,11,0,5,1,70,,144652,11,0,5,2,30,,144644,11,0,5,2,70,,144638,11,0,5,1,30,,144653,11,0,5,2,70,,144645,11,0,5,2,30,,144640,11,0,5,1,70,,144655,11,0,5,2,30,,144667,11,0,5,1,70,,144646,11,0,5,2,29,,144639,11,0,5,1,67,,144654,11,0,5,2,28,,144668,11,0,5,1,69,,144647,11,0,5,2,30,,144641,11,0,5,1,72,,144656,11,0,5,2,32,,144669,11,0,5,1,73,,144648,11,0,5,2,33,,144657,11,0,5,2,72,,144670,11,0,5,1,30,,144649,11,0,5,2,69,,144658,11,0,5,2,30,,144671,11,0,5,1,69,,144663,11,0,5,1,29,,144659,11,0,5,2,70,,144672,11,0,5,1,30,,144664,11,0,5,1,70,,144660,11,0,5,2,30,,144673,11,0,5,1,70,,144665,11,0,5,1,30,,144661,11,0,5,2,70,,144674,11,0,5,1,29,,144666,11,0,5,1,71,,144662,11,0,5,2,32,,144675,11,0,5,1
19201,'H54M300F-80-F3',539,,174072,11,0,5,2,67,,174038,11,0,5,1,31,,174060,11,0,5,1,70,,174073,11,0,5,2,30,,174039,11,0,5,1,70,,174061,11,0,5,1,30,,174074,11,0,5,2,70,,174040,11,0,5,1,30,,174062,11,0,5,1,70,,174075,11,0,5,2,30,,174041,11,0,5,1,70,,174063,11,0,5,1,30,,174076,11,0,5,2,70,,174042,11,0,5,1,30,,174051,11,0,5,2,70,,174064,11,0,5,1,29,,174077,11,0,5,2,67,,174043,11,0,5,1,28,,174052,11,0,5,2,69,,174065,11,0,5,1,30,,174078,11,0,5,2,72,,174044,11,0,5,1,32,,174053,11,0,5,2,73,,174066,11,0,5,1,33,,174045,11,0,5,1,72,,174054,11,0,5,2,30,,174067,11,0,5,1,69,,174046,11,0,5,1,30,,174055,11,0,5,2,69,,174068,11,0,5,1,29,,174047,11,0,5,1,70,,174056,11,0,5,2,30,,174069,11,0,5,1,70,,174048,11,0,5,1,30,,174057,11,0,5,2,70,,174070,11,0,5,1,30,,174049,11,0,5,1,70,,174058,11,0,5,2,29,,174071,11,0,5,1,71,,174050,11,0,5,1,32,,174059,11,0,5,2
19201,'H57M000S-70-S',1422,,144717,11,0,5,2
19201,'H58M000S-70-S',1625,,144718,11,0,5,1
