12303,'26J-H56J000A-80-A',613,,42051,4,,2,33,,42058,4,,1,72,,42052,4,,2,34,,42059,4,,1,73,,42053,4,,2,33,,42060,4,,1,74,,42054,4,,2,73,,42061,4,,1,31,,42055,4,,2,75,,42062,4,,1,32,,42056,4,,2,72,,42063,4,,1,35,,42057,4,,2,74,,42064,4,,1,29,,42074,4,,1,68,,42039,4,,1,28,,42065,4,,1,68,,42075,4,,1,27,,42040,4,,1,68,,42066,4,,1,30,,42076,4,,1,70,,42041,4,,1,30,,42067,4,,1,68,,42045,4,,1,26,,42042,4,,1,67,,42068,4,,1,20,,42046,4,,1,22,,42043,4,,1,58,,42069,4,,1,21,,42047,4,,1,21,,42044,4,,1,64,,42070,4,,1,27,,42048,4,,1,73,,42071,4,,1,32,,42049,4,,1,71,,42072,4,,1,32,,42050,4,,1,71,,42073,4,,1
12303,'26J-H56J000I-80-I',614,,42094,4,,1,31,,42077,4,,2,72,,42095,4,,1,32,,42078,4,,2,73,,42096,4,,1,33,,42079,4,,2,73,,42097,4,,1,73,,42080,4,,2,34,,42098,4,,1,75,,42081,4,,2,34,,42099,4,,1,75,,42082,4,,2,36,,42100,4,,1,76,,42083,4,,2,76,,42101,4,,1,36,,42084,4,,2,74,,42102,4,,1,36,,42085,4,,2,75,,42103,4,,1,75,,42086,4,,2,35,,42104,4,,1,75,,42087,4,,2,32,,42105,4,,1,75,,42088,4,,2,32,,42106,4,,1,73,,42089,4,,2,32,,42107,4,,1,73,,42090,4,,2,72,,42108,4,,1,33,,42091,4,,2,72,,42109,4,,1,31,,42092,4,,2,72,,42110,4,,1,30,,42093,4,,2
12303,'26J-H56J000S-80-S',556,,42113,4,,1,74,,42115,4,,1,78,,42114,4,,1,26,,42124,4,,2,23,,42116,4,,1,62,,42129,4,,2,20,,42119,4,,2,65,,42125,4,,2,28,,42117,4,,1,71,,42120,4,,2,31,,42126,4,,2,71,,42121,4,,1,31,,42111,4,,1,72,,42127,4,,2,31,,42122,4,,2,71,,42112,4,,1,31,,42128,4,,2,78,,42123,4,,2,33,,42142,4,,1,72,,42130,4,,2,32,,42136,4,,2,72,,42143,4,,1,74,,42131,4,,2,30,,42137,4,,2,69,,42144,4,,1,31,,42132,4,,2,69,,42138,4,,2,31,,42145,4,,1,25,,42133,4,,2,71,,42139,4,,2,31,,42146,4,,1,69,,42134,4,,2,30,,42140,4,,2,70,,42147,4,,1,30,,42135,4,,2,70,,42141,4,,2,29,,42148,4,,1,69,,42118,4,,2
12303,'26J-H56JV00A-80-A',613,,42161,4,,2,33,,42168,4,,1,72,,42162,4,,2,34,,42169,4,,1,73,,42163,4,,2,33,,42170,4,,1,74,,42164,4,,2,73,,42171,4,,1,31,,42165,4,,2,75,,42172,4,,1,32,,42166,4,,2,72,,42173,4,,1,35,,42167,4,,2,74,,42174,4,,1,29,,42184,4,,1,68,,42149,4,,1,28,,42175,4,,1,68,,42185,4,,1,27,,42150,4,,1,68,,42176,4,,1,30,,42186,4,,1,70,,42151,4,,1,30,,42177,4,,1,68,,42155,4,,1,26,,42152,4,,1,67,,42178,4,,1,20,,42156,4,,1,22,,42153,4,,1,58,,42179,4,,1,21,,42157,4,,1,21,,42154,4,,1,64,,42180,4,,1,27,,42158,4,,1,73,,42181,4,,1,32,,42159,4,,1,71,,42182,4,,1,32,,42160,4,,1,71,,42183,4,,1
12303,'26J-H56JV00I-80-I',614,,42204,4,,1,31,,42187,4,,2,72,,42205,4,,1,32,,42188,4,,2,73,,42206,4,,1,33,,42189,4,,2,73,,42207,4,,1,73,,42190,4,,2,34,,42208,4,,1,75,,42191,4,,2,34,,42209,4,,1,75,,42192,4,,2,36,,42210,4,,1,76,,42193,4,,2,76,,42211,4,,1,36,,42194,4,,2,74,,42212,4,,1,36,,42195,4,,2,75,,42213,4,,1,75,,42196,4,,2,35,,42214,4,,1,75,,42197,4,,2,32,,42215,4,,1,75,,42198,4,,2,32,,42216,4,,1,73,,42199,4,,2,32,,42217,4,,1,73,,42200,4,,2,72,,42218,4,,1,33,,42201,4,,2,72,,42219,4,,1,31,,42202,4,,2,72,,42220,4,,1,30,,42203,4,,2
12303,'26J-H56JV00S-80-S',556,,42223,4,,1,74,,42225,4,,1,78,,42224,4,,1,26,,42234,4,,2,23,,42226,4,,1,62,,42239,4,,1,20,,42229,4,,1,65,,42235,4,,2,28,,42227,4,,1,71,,42230,4,,1,31,,42236,4,,2,71,,42231,4,,1,31,,42221,4,,1,72,,42237,4,,2,31,,42232,4,,2,71,,42222,4,,1,31,,42238,4,,2,78,,42233,4,,2,33,,42252,4,,1,72,,42240,4,,2,32,,42246,4,,2,72,,42253,4,,1,74,,42241,4,,2,30,,42247,4,,2,69,,42254,4,,1,31,,42242,4,,2,69,,42248,4,,2,31,,42255,4,,1,25,,42243,4,,2,71,,42249,4,,2,31,,42256,4,,1,69,,42244,4,,2,30,,42250,4,,2,70,,42257,4,,1,30,,42245,4,,2,70,,42251,4,,2,29,,42258,4,,1,69,,42228,4,,1
12304,'26J-H56J000A-80-A',549,,42278,0,9,1,72,,42272,0,9,2,31,,42279,0,9,1,72,,42273,0,9,2,33,,42280,0,9,1,73,,42274,0,9,2,73,,42281,0,9,1,33,,42275,0,9,2,73,,42282,0,9,1,33,,42276,0,9,2,72,,42283,0,9,1,32,,42277,0,9,2,72,,42284,0,9,1,30,,42295,0,9,1,68,,42259,0,9,1,28,,42285,0,9,1,67,,42296,0,9,1,28,,42260,0,9,1,68,,42286,0,9,1,30,,42297,0,9,1,70,,42261,0,9,1,28,,42287,0,9,1,68,,42265,0,9,1,27,,42262,0,9,1,27,,42288,0,9,1,63,,42266,0,9,1,23,,42263,0,9,1,63,,42289,0,9,1,21,,42267,0,9,1,22,,42264,0,9,1,64,,42290,0,9,1,27,,42268,0,9,1,72,,42291,0,9,1,32,,42269,0,9,1,72,,42292,0,9,1,32,,42270,0,9,1,70,,42293,0,9,1,32,,42271,0,9,1,71,,42294,0,9,1
12304,'26J-H56J000I-80-I',548,,42298,0,9,2,72,,42316,0,9,1,31,,42299,0,9,2,72,,42317,0,9,1,33,,42300,0,9,2,73,,42318,0,9,1,73,,42301,0,9,2,33,,42319,0,9,1,73,,42302,0,9,2,34,,42320,0,9,1,75,,42303,0,9,2,34,,42321,0,9,1,75,,42304,0,9,2,76,,42322,0,9,1,36,,42305,0,9,2,76,,42323,0,9,1,36,,42306,0,9,2,75,,42324,0,9,1,75,,42307,0,9,2,35,,42325,0,9,1,75,,42308,0,9,2,35,,42326,0,9,1,75,,42309,0,9,2,33,,42327,0,9,1,74,,42310,0,9,2,32,,42328,0,9,1,73,,42311,0,9,2,72,,42329,0,9,1,33,,42312,0,9,2,72,,42330,0,9,1,33,,42313,0,9,2,72,,42331,0,9,1,30,,42314,0,9,2,72,,42332,0,9,1,30,,42315,0,9,2
12304,'26J-H56J000S-80-S',530,,42337,0,9,1,73,,42335,0,9,1,19,,42348,0,9,2,18,,42338,0,9,1,72,,42336,0,9,1,30,,42349,0,9,2,71,,42339,0,9,1,31,,42343,0,9,2,67,,42350,0,9,2,30,,42340,0,9,1,71,,42344,0,9,2,31,,42351,0,9,2,70,,42345,0,9,1,32,,42333,0,9,1,73,,42352,0,9,2,32,,42346,0,9,2,72,,42334,0,9,1,32,,42353,0,9,2,73,,42347,0,9,2,73,,42364,0,9,1,33,,42354,0,9,2,73,,42359,0,9,2,33,,42365,0,9,1,73,,42355,0,9,2,32,,42360,0,9,2,72,,42366,0,9,1,33,,42356,0,9,2,72,,42361,0,9,2,31,,42367,0,9,1,71,,42357,0,9,2,31,,42362,0,9,2,71,,42368,0,9,1,30,,42358,0,9,2,70,,42363,0,9,2,31,,42369,0,9,1,71,,42341,0,9,2,32,,42370,0,9,1,73,,42342,0,9,2
12304,'26J-H56JV00A-80-A',549,,42390,0,9,1,72,,42384,0,9,2,31,,42391,0,9,1,72,,42385,0,9,2,33,,42392,0,9,1,73,,42386,0,9,2,73,,42393,0,9,1,33,,42387,0,9,2,73,,42394,0,9,1,33,,42388,0,9,2,72,,42395,0,9,1,32,,42389,0,9,2,72,,42396,0,9,1,30,,42407,0,9,1,68,,42371,0,9,1,28,,42397,0,9,1,67,,42408,0,9,1,28,,42372,0,9,1,68,,42398,0,9,1,30,,42409,0,9,1,70,,42373,0,9,1,28,,42399,0,9,1,68,,42377,0,9,1,27,,42374,0,9,1,27,,42400,0,9,1,63,,42378,0,9,1,23,,42375,0,9,1,63,,42401,0,9,1,21,,42379,0,9,1,22,,42376,0,9,1,64,,42402,0,9,1,27,,42380,0,9,1,72,,42403,0,9,1,32,,42381,0,9,1,72,,42404,0,9,1,32,,42382,0,9,1,70,,42405,0,9,1,32,,42383,0,9,1,71,,42406,0,9,1
12304,'26J-H56JV00I-80-I',548,,42410,0,9,2,72,,42428,0,9,1,31,,42411,0,9,2,72,,42429,0,9,1,33,,42412,0,9,2,73,,42430,0,9,1,73,,42413,0,9,2,33,,42431,0,9,1,73,,42414,0,9,2,34,,42432,0,9,1,75,,42415,0,9,2,34,,42433,0,9,1,75,,42416,0,9,2,76,,42434,0,9,1,36,,42417,0,9,2,76,,42435,0,9,1,36,,42418,0,9,2,75,,42436,0,9,1,75,,42419,0,9,2,35,,42437,0,9,1,75,,42420,0,9,2,35,,42438,0,9,1,75,,42421,0,9,2,33,,42439,0,9,1,74,,42422,0,9,2,32,,42440,0,9,1,73,,42423,0,9,2,72,,42441,0,9,1,33,,42424,0,9,2,72,,42442,0,9,1,33,,42425,0,9,2,72,,42443,0,9,1,30,,42426,0,9,2,72,,42444,0,9,1,30,,42427,0,9,2
12304,'26J-H56JV00S-80-S',530,,42449,0,9,1,73,,42447,0,9,1,19,,42460,0,9,2,18,,42450,0,9,1,72,,42448,0,9,1,30,,42461,0,9,2,71,,42451,0,9,1,31,,42455,0,9,1,67,,42462,0,9,2,30,,42452,0,9,1,71,,42456,0,9,1,31,,42463,0,9,2,70,,42457,0,9,1,32,,42445,0,9,1,73,,42464,0,9,2,32,,42458,0,9,2,72,,42446,0,9,1,32,,42465,0,9,2,73,,42459,0,9,2,73,,42476,0,9,1,33,,42466,0,9,2,73,,42471,0,9,2,33,,42477,0,9,1,73,,42467,0,9,2,32,,42472,0,9,2,72,,42478,0,9,1,33,,42468,0,9,2,72,,42473,0,9,2,31,,42479,0,9,1,71,,42469,0,9,2,31,,42474,0,9,2,71,,42480,0,9,1,30,,42470,0,9,2,70,,42475,0,9,2,31,,42481,0,9,1,71,,42453,0,9,1,32,,42482,0,9,1,73,,42454,0,9,1
35602,'26J-H56J000A-80-A',2549,,71297,0,10,1,59,,71300,0,10,1,20,,71303,0,10,2,20,,71292,0,10,1,10,,71295,0,10,1,50,,71304,0,10,1,10,,71299,0,10,1,10,,71296,0,10,1,10,,71291,0,10,1,10,,71298,0,10,1,11,,71293,0,10,1,52,,71305,0,10,2,12,,71294,0,10,2,12,,71301,0,10,1,13,,71302,0,10,2
35602,'26J-H56J000I-80-I',2547,,71306,0,10,1,89,,71309,0,10,2,82,,71308,0,10,1,91,,71307,0,10,2,41,,71310,0,10,1
35602,'26J-H56J000S-80-S',2548,,71311,0,10,1,82,,71315,0,10,2,85,,71317,0,10,1,25,,71314,0,10,1,62,,71312,0,10,1,24,,71313,0,10,2,22,,71316,0,10,1
35602,'26J-H56JV00A-80-A',2549,,71324,0,10,1,59,,71327,0,10,1,20,,71330,0,10,2,20,,71319,0,10,1,10,,71322,0,10,1,50,,71331,0,10,1,10,,71326,0,10,1,10,,71323,0,10,1,10,,71318,0,10,1,10,,71325,0,10,1,11,,71320,0,10,1,52,,71332,0,10,2,12,,71321,0,10,2,12,,71328,0,10,1,13,,71329,0,10,2
35602,'26J-H56JV00I-80-I',2547,,71333,0,10,1,89,,71336,0,10,2,82,,71335,0,10,1,91,,71334,0,10,2,41,,71337,0,10,1
35602,'26J-H56JV00S-80-S',2548,,71338,0,10,1,82,,71342,0,10,2,85,,71344,0,10,1,25,,71341,0,10,1,62,,71339,0,10,1,24,,71340,0,10,1,22,,71343,0,10,1
