1700,'H56M000S-70-S',529,,88421,22,,,1
1700,'H60M000A-71-A',509,,88422,22,,,1,45,,88432,22,,,1,77,,88423,22,,,1,81,,88433,22,,,1,38,,88424,22,,,1,85,,88434,22,,,1,86,,88425,22,,,1,85,,88435,22,,,1,39,,88443,22,,,1,85,,88426,22,,,1,84,,88436,22,,,1,43,,88444,22,,,1,81,,88427,22,,,1,82,,88439,22,,,1,81,,88448,22,,,1,41,,88428,22,,,1,80,,88440,22,,,1,80,,88445,22,,,1,39,,88429,22,,,1,77,,88441,22,,,1,38,,88446,22,,,1,78,,88430,22,,,1,75,,88442,22,,,1,33,,88447,22,,,1,85,,88437,22,,,1,81,,88449,22,,,1,44,,88438,22,,,1,81,,88450,22,,,1,82,,88431,22,,,1,41,,88451,22,,,1
1700,'H60M000I-71-I',515,,88481,22,,,1,32,,88461,22,,,1,74,,88452,22,,,1,84,,88460,22,,,1,35,,88453,22,,,1,84,,88462,22,,,1,78,,88454,22,,,1,45,,88463,22,,,1,83,,88455,22,,,1,85,,88464,22,,,1,43,,88456,22,,,1,78,,88473,22,,,1,78,,88465,22,,,1,40,,88457,22,,,1,80,,88474,22,,,1,80,,88466,22,,,1,42,,88458,22,,,1,81,,88475,22,,,1,81,,88467,22,,,1,41,,88459,22,,,1,80,,88476,22,,,1,84,,88468,22,,,1,83,,88477,22,,,1,44,,88469,22,,,1,82,,88478,22,,,1,83,,88470,22,,,1,43,,88479,22,,,1,83,,88471,22,,,1,80,,88480,22,,,1,79,,88472,22,,,1
1700,'H60M000S-71-S',508,,88487,22,,,1,10,,88482,5,,,1,21,,88483,22,,,1,14,,88486,22,,,1,58,,88497,22,,,1,34,,88488,22,,,1,79,,88484,22,,,1,35,,88498,22,,,1,73,,88508,22,,,1,73,,88489,22,,,1,33,,88485,22,,,1,70,,88499,22,,,1,35,,88509,22,,,1,75,,88490,22,,,1,35,,88500,22,,,1,78,,88510,22,,,1,77,,88491,22,,,1,37,,88501,22,,,1,77,,88511,22,,,1,29,,88518,22,,,1,69,,88492,22,,,1,33,,88502,22,,,1,73,,88512,22,,,1,32,,88519,22,,,1,69,,88493,22,,,1,30,,88503,22,,,1,72,,88513,22,,,1,29,,88520,22,,,1,65,,88494,22,,,1,29,,88504,22,,,1,71,,88514,22,,,1,30,,88495,22,,,1,71,,88505,22,,,1,30,,88515,22,,,1,70,,88496,22,,,1,32,,88506,22,,,1,78,,88516,22,,,1,84,,88507,22,,,1,36,,88517,22,,,1
1700,'H60M100F-71-F1',515,,88549,22,,,1,32,,88529,22,,,1,74,,88521,22,,,1,84,,88530,22,,,1,35,,88522,22,,,1,84,,88531,22,,,1,78,,88523,22,,,1,45,,88532,22,,,1,83,,88524,22,,,1,85,,88533,22,,,1,43,,88525,22,,,1,78,,88542,22,,,1,78,,88534,22,,,1,40,,88526,22,,,1,80,,88544,22,,,1,80,,88535,22,,,1,42,,88527,22,,,1,81,,88543,22,,,1,81,,88536,22,,,1,41,,88528,22,,,1,80,,88550,22,,,1,84,,88537,22,,,1,83,,88545,22,,,1,44,,88538,22,,,1,82,,88546,22,,,1,83,,88540,22,,,1,43,,88547,22,,,1,83,,88539,22,,,1,80,,88548,22,,,1,79,,88541,22,,,1
1700,'H60M200F-71-F2',515,,88580,22,,,1,32,,88559,22,,,1,74,,88551,22,,,1,84,,88560,22,,,1,35,,88552,22,,,1,84,,88561,22,,,1,78,,88553,22,,,1,45,,88562,22,,,1,83,,88554,22,,,1,85,,88564,22,,,1,43,,88555,22,,,1,78,,88572,22,,,1,78,,88563,22,,,1,40,,88556,22,,,1,80,,88573,22,,,1,80,,88565,22,,,1,42,,88557,22,,,1,81,,88574,22,,,1,81,,88566,22,,,1,41,,88558,22,,,1,80,,88575,22,,,1,84,,88567,22,,,1,83,,88576,22,,,1,44,,88568,22,,,1,82,,88577,22,,,1,83,,88569,22,,,1,43,,88578,22,,,1,83,,88570,22,,,1,80,,88579,22,,,1,79,,88571,22,,,1
1700,'H60M300F-71-F3',515,,88610,22,,,1,32,,88589,22,,,1,74,,88581,22,,,1,84,,88590,22,,,1,35,,88582,22,,,1,84,,88591,22,,,1,78,,88583,22,,,1,45,,88592,22,,,1,83,,88584,22,,,1,85,,88593,22,,,1,43,,88585,22,,,1,78,,88602,22,,,1,78,,88594,22,,,1,40,,88586,22,,,1,80,,88603,22,,,1,80,,88595,22,,,1,42,,88587,22,,,1,81,,88604,22,,,1,81,,88596,22,,,1,41,,88588,22,,,1,80,,88605,22,,,1,84,,88597,22,,,1,83,,88606,22,,,1,44,,88598,22,,,1,82,,88607,22,,,1,83,,88599,22,,,1,43,,88608,22,,,1,83,,88600,22,,,1,80,,88609,22,,,1,79,,88601,22,,,1
37100,'H50M000A-70-A',2553,,155192,28,,,1,71,,155194,28,,,2,27,,155196,28,,,1,71,,155191,28,,,1,30,,155193,28,,,1,70,,155195,28,,,2,29,,155197,28,,,1
37100,'H50M000I-70-I',2552,,155198,28,,,1,69,,155201,28,,,2,31,,155199,28,,,1,70,,155204,28,,,1,30,,155203,28,,,1,70,,155202,28,,,2,31,,155200,28,,,1
37100,'H50M000S-70-S',2551,,155207,28,,,1,70,,155208,28,,,2,30,,155205,28,,,1,68,,155211,28,,,2,31,,155206,28,,,2,72,,155209,28,,,2,30,,155210,28,,,1
37100,'H50M100F-70-F1',2552,,155212,28,,,1,69,,155215,28,,,2,31,,155213,28,,,1,70,,155218,28,,,1,30,,155217,28,,,1,70,,155216,28,,,2,31,,155214,28,,,1
37100,'H50M200F-70-F2',2552,,155219,28,,,1,69,,155222,28,,,2,31,,155220,28,,,1,70,,155225,28,,,1,30,,155224,28,,,1,70,,155223,28,,,2,31,,155221,28,,,1
37100,'H50M300F-70-F3',2552,,155226,28,,,1,69,,155229,28,,,2,31,,155227,28,,,1,70,,155232,28,,,1,30,,155231,28,,,1,70,,155230,28,,,2,31,,155228,28,,,1
