19501,'H56J000A-80-A',454,,65993,13,0,5,1,70,,65960,13,0,5,2,30,,65969,13,0,5,1,70,,65995,13,0,5,1,29,,65994,13,0,5,1,70,,65961,13,0,5,2,31,,65970,13,0,5,1,70,,65996,13,0,5,1,30,,65987,13,0,5,1,70,,65962,13,0,5,2,31,,65971,13,0,5,1,71,,65979,13,0,5,2,31,,65988,13,0,5,1,70,,65963,13,0,5,2,30,,65972,13,0,5,1,71,,65980,13,0,5,2,31,,65989,13,0,5,1,70,,65964,13,0,5,2,30,,65973,13,0,5,1,74,,65981,13,0,5,2,70,,65990,13,0,5,1,31,,65965,13,0,5,2,72,,65974,13,0,5,1,31,,65982,13,0,5,2,70,,65991,13,0,5,1,30,,65966,13,0,5,2,71,,65975,13,0,5,1,29,,65983,13,0,5,2,69,,65992,13,0,5,1,29,,65967,13,0,5,2,69,,65976,13,0,5,1,29,,65984,13,0,5,2,69,,65997,13,0,5,1,29,,65968,13,0,5,2,69,,65977,13,0,5,1,29,,65985,13,0,5,2,30,,65998,13,0,5,1,70,,66000,13,0,5,2,29,,65978,13,0,5,1,69,,65986,13,0,5,2,29,,66001,13,0,5,2,68,,65999,13,0,5,1
19501,'H56J000I-80-I',454,,66011,13,0,5,2,70,,66007,13,0,5,1,30,,66004,13,0,5,2,70,,66002,13,0,5,1,30,,66012,13,0,5,2,70,,66008,13,0,5,1,30,,66005,13,0,5,2,69,,66003,13,0,5,1,29,,66013,13,0,5,2,69,,66010,13,0,5,1,29,,66006,13,0,5,2,72,,66009,13,0,5,1,32,,66014,13,0,5,2,72,,66026,13,0,5,1,31,,66019,13,0,5,1,71,,66033,13,0,5,2,30,,66015,13,0,5,2,70,,66027,13,0,5,1,30,,66020,13,0,5,1,70,,66034,13,0,5,2,31,,66016,13,0,5,2,71,,66028,13,0,5,1,70,,66021,13,0,5,1,30,,66035,13,0,5,2,70,,66017,13,0,5,2,31,,66029,13,0,5,1,70,,66022,13,0,5,1,30,,66036,13,0,5,2,69,,66018,13,0,5,2,29,,66030,13,0,5,1,29,,66023,13,0,5,1,70,,66037,13,0,5,2,30,,66040,13,0,5,2,71,,66031,13,0,5,1,71,,66024,13,0,5,1,30,,66038,13,0,5,1,70,,66041,13,0,5,2,29,,66032,13,0,5,1,30,,66025,13,0,5,1,70,,66039,13,0,5,1,30,,66042,13,0,5,2
19501,'H56J000S-80-S',443,,66045,13,0,5,1,72,,66076,13,0,5,1,33,,66052,13,0,5,2,73,,66075,13,0,5,1,31,,66080,13,0,5,1,101,,66053,13,0,5,2,69,,66059,13,0,5,2,30,,66062,13,0,5,1,70,,66069,13,0,5,1,31,,66078,13,0,5,1,71,,66060,13,0,5,2,31,,66063,13,0,5,1,70,,66070,13,0,5,1,31,,66079,13,0,5,1,70,,66061,13,0,5,2,32,,66064,13,0,5,1,73,,66071,13,0,5,1,170,,66054,13,0,5,1,26,,66046,13,0,5,2,26,,66050,13,0,5,1,66,,66055,13,0,5,1,28,,66066,13,0,5,2,68,,66077,13,0,5,1,27,,66081,13,0,5,1,68,,66051,13,0,5,1,27,,66056,13,0,5,1,69,,66067,13,0,5,2,29,,66072,13,0,5,1,69,,66047,13,0,5,1,28,,66057,13,0,5,1,69,,66068,13,0,5,2,28,,66073,13,0,5,1,30,,66048,13,0,5,1,69,,66058,13,0,5,1,29,,66065,13,0,5,1,68,,66074,13,0,5,1,28,,66049,13,0,5,1,73,,66044,13,0,5,2,74,,66043,13,0,5,1
19501,'H56JV00A-80-A',454,,66115,13,0,5,1,70,,66082,13,0,5,2,30,,66091,13,0,5,1,70,,66117,13,0,5,1,29,,66116,13,0,5,1,70,,66083,13,0,5,2,31,,66092,13,0,5,1,70,,66118,13,0,5,1,30,,66109,13,0,5,1,70,,66084,13,0,5,2,31,,66093,13,0,5,1,71,,66101,13,0,5,2,31,,66110,13,0,5,1,70,,66085,13,0,5,2,30,,66094,13,0,5,1,71,,66102,13,0,5,2,31,,66111,13,0,5,1,70,,66086,13,0,5,2,30,,66095,13,0,5,1,74,,66103,13,0,5,2,70,,66112,13,0,5,1,31,,66087,13,0,5,2,72,,66096,13,0,5,1,31,,66104,13,0,5,2,70,,66113,13,0,5,1,30,,66088,13,0,5,2,71,,66097,13,0,5,1,29,,66105,13,0,5,2,69,,66114,13,0,5,1,29,,66089,13,0,5,2,69,,66098,13,0,5,1,29,,66106,13,0,5,2,69,,66119,13,0,5,1,29,,66090,13,0,5,2,69,,66099,13,0,5,1,29,,66107,13,0,5,2,30,,66120,13,0,5,1,70,,66122,13,0,5,2,29,,66100,13,0,5,1,69,,66108,13,0,5,2,29,,66123,13,0,5,2,68,,66121,13,0,5,1
19501,'H56JV00I-80-I',454,,66133,13,0,5,2,70,,66129,13,0,5,1,30,,66126,13,0,5,2,70,,66124,13,0,5,1,30,,66134,13,0,5,2,70,,66130,13,0,5,1,30,,66127,13,0,5,2,69,,66125,13,0,5,1,29,,66135,13,0,5,2,69,,66132,13,0,5,1,29,,66128,13,0,5,2,72,,66131,13,0,5,1,32,,66136,13,0,5,2,72,,66148,13,0,5,1,31,,66141,13,0,5,1,71,,66155,13,0,5,2,30,,66137,13,0,5,2,70,,66149,13,0,5,1,30,,66142,13,0,5,1,70,,66156,13,0,5,2,31,,66138,13,0,5,2,71,,66150,13,0,5,1,70,,66143,13,0,5,1,30,,66157,13,0,5,2,70,,66139,13,0,5,2,31,,66151,13,0,5,1,70,,66144,13,0,5,1,30,,66158,13,0,5,2,69,,66140,13,0,5,2,29,,66152,13,0,5,1,29,,66145,13,0,5,1,70,,66159,13,0,5,2,30,,66162,13,0,5,2,71,,66153,13,0,5,1,71,,66146,13,0,5,1,30,,66160,13,0,5,1,70,,66163,13,0,5,2,29,,66154,13,0,5,1,30,,66147,13,0,5,1,70,,66161,13,0,5,1,30,,66164,13,0,5,2
19501,'H56JV00S-80-S',443,,66167,13,0,5,1,72,,66198,13,0,5,1,33,,66174,13,0,5,2,73,,66197,13,0,5,1,31,,66202,13,0,5,1,101,,66175,13,0,5,2,69,,66181,13,0,5,2,30,,66184,13,0,5,1,70,,66191,13,0,5,1,31,,66200,13,0,5,1,71,,66182,13,0,5,2,31,,66185,13,0,5,1,70,,66192,13,0,5,1,31,,66201,13,0,5,1,70,,66183,13,0,5,2,32,,66186,13,0,5,1,73,,66193,13,0,5,1,170,,66176,13,0,5,1,26,,66168,13,0,5,2,26,,66172,13,0,5,1,66,,66177,13,0,5,1,28,,66188,13,0,5,2,68,,66199,13,0,5,1,27,,66203,13,0,5,1,68,,66173,13,0,5,1,27,,66178,13,0,5,1,69,,66189,13,0,5,2,29,,66194,13,0,5,1,69,,66169,13,0,5,1,28,,66179,13,0,5,1,69,,66190,13,0,5,2,28,,66195,13,0,5,1,30,,66170,13,0,5,1,69,,66180,13,0,5,1,29,,66187,13,0,5,1,68,,66196,13,0,5,1,28,,66171,13,0,5,1,73,,66166,13,0,5,1,74,,66165,13,0,5,1
19501,'H58J000S-81-S',723,,66204,13,0,5,2,679,,66205,13,0,5,2
19501,'H58J000S-83-S',723,,66206,13,0,5,2,679,,66207,13,0,5,2
19501,'H58JV00S-82-S',723,,66208,13,0,5,2,679,,66209,13,0,5,2
19501,'H60J000S-98-S',1432,,66210,13,0,5,1
19501,'H60JV00S-98-S',1432,,66211,13,0,5,1
