6802,'H60M000A-71-A',548,,109082,59,0,10,2,72,,109074,59,0,10,1,32,,109084,59,0,10,2,73,,109102,59,0,10,1,32,,109110,59,0,10,1,73,,109095,59,0,10,1,73,,109085,59,0,10,1,34,,109103,59,0,10,1,74,,109104,59,0,10,1,33,,109075,59,0,10,1,73,,109086,59,0,10,1,33,,109096,59,0,10,1,73,,109105,59,0,10,1,32,,109076,59,0,10,1,71,,109087,59,0,10,1,30,,109097,59,0,10,1,71,,109106,59,0,10,1,29,,109077,59,0,10,1,70,,109088,59,0,10,1,31,,109098,59,0,10,1,68,,109107,59,0,10,1,29,,109078,59,0,10,1,70,,109089,59,0,10,1,29,,109099,59,0,10,1,68,,109108,59,0,10,1,29,,109079,59,0,10,1,68,,109090,59,0,10,1,27,,109100,59,0,10,1,67,,109109,59,0,10,1,25,,109080,59,0,10,1,69,,109091,59,0,18 1 19,1,26,,109114,59,0,10,2,72,,109094,59,0,10,1,32,,109111,59,0,10,1,73,,109081,59,0,10,1,31,,109093,59,0,10,1,73,,109112,59,0,10,1,33,,109101,59,0,18 1 19,1,72,,109083,59,0,18 1 19,1,28,,109092,59,0,18 1 19,2,68,,109113,59,0,18 1 19,1
6802,'H60M000I-71-I',545,,109115,59,0,10,1,69,,109118,59,0,10,2,37,,109128,59,0,10,1,76,,109116,59,0,10,1,76,,109119,59,0,10,2,39,,109129,59,0,10,1,77,,109117,59,0,10,1,37,,109120,59,0,10,2,77,,109148,59,0,10,2,76,,109130,59,0,10,1,35,,109121,59,0,10,2,72,,109142,59,0,10,1,32,,109149,59,0,10,2,71,,109131,59,0,10,1,30,,109122,59,0,10,2,70,,109143,59,0,10,1,30,,109150,59,0,10,2,71,,109132,59,0,10,1,31,,109123,59,0,10,2,70,,109144,59,0,10,1,30,,109151,59,0,10,2,70,,109133,59,0,10,1,30,,109124,59,0,10,2,70,,109145,59,0,10,1,27,,109152,59,0,10,2,68,,109134,59,0,10,1,28,,109125,59,0,10,2,68,,109146,59,0,10,1,28,,109153,59,0,18 1 19,2,65,,109140,59,0,10,1,28,,109135,59,0,10,1,68,,109126,59,0,10,2,28,,109147,59,0,10,1,29,,109141,59,0,10,1,71,,109136,59,0,10,1,73,,109127,59,0,18 1 19,1,33,,109137,59,0,18 1 19,1,69,,109138,59,0,18 1 19,1,32,,109139,59,0,18 1 19,1
6802,'H60M000S-71-S',556,,109156,59,0,18 1 19,1,59,,109154,59,0,18 1 19,1,29,,109155,59,0,18 1 19,2,70,,109169,59,0,18 1 19,1,32,,109177,59,0,18 1 19,1,75,,109160,59,0,18 1 19,2,30,,109175,59,0,18 1 19,2,64,,109176,59,0,18 1 19,1,22,,109185,59,0,18 1 19,1,20,,109170,59,0,10,1,69,,109178,59,0,10,1,29,,109166,59,0,10,1,68,,109157,59,0,10,1,29,,109171,59,0,10,1,69,,109179,59,0,10,1,29,,109167,59,0,10,1,69,,109158,59,0,10,1,29,,109172,59,0,10,1,69,,109180,59,0,10,1,33,,109168,59,0,10,1,67,,109159,59,0,10,1,33,,109173,59,0,18 1 19,1,72,,109181,59,0,18 1 19,1,25,,109187,59,0,18 1 19,2,65,,109163,59,0,18 1 19,1,25,,109192,59,0,18 1 19,2,65,,109186,59,0,18 1 19,1,24,,109174,59,0,18 1 19,1,25,,109182,59,0,18 1 19,1,66,,109188,59,0,18 1 19,2,26,,109164,59,0,18 1 19,1,65,,109191,59,0,18 1 19,2,25,,109161,59,0,10,1,26,,109193,59,0,10,1,66,,109196,59,0,10,1,29,,109165,59,0,10,1,69,,109162,59,0,10,1,27,,109194,59,0,10,1,76,,109189,59,0,10,1,76,,109183,59,0,10,1,32,,109195,59,0,10,1,74,,109190,59,0,18 1 19,1,36,,109184,59,0,18 1 19,1
6802,'H60M100F-71-F1',545,,109197,59,0,10,1,69,,109200,59,0,10,1,37,,109212,59,0,10,2,76,,109198,59,0,10,1,76,,109201,59,0,10,1,39,,109213,59,0,10,2,77,,109199,59,0,10,1,37,,109202,59,0,10,1,77,,109206,59,0,10,1,76,,109214,59,0,10,2,35,,109203,59,0,10,1,72,,109225,59,0,10,2,32,,109207,59,0,10,1,71,,109215,59,0,10,2,30,,109204,59,0,10,1,70,,109226,59,0,10,2,30,,109208,59,0,10,1,71,,109216,59,0,10,2,31,,109205,59,0,10,1,70,,109227,59,0,10,2,30,,109209,59,0,10,1,70,,109217,59,0,10,2,30,,109219,59,0,10,1,70,,109228,59,0,10,2,27,,109210,59,0,10,1,68,,109218,59,0,10,2,28,,109220,59,0,10,1,68,,109229,59,0,10,2,28,,109211,59,0,10,1,65,,109223,59,0,10,1,28,,109233,59,0,10,1,68,,109221,59,0,10,1,28,,109230,59,0,10,2,29,,109224,59,0,10,1,71,,109232,59,0,10,1,73,,109222,59,0,18 1 19,1,33,,109235,59,0,18 1 19,1,69,,109231,59,0,18 1 19,2,32,,109234,59,0,18 1 19,1
6802,'H60M200F-71-F2',545,,109249,59,0,10,1,69,,109236,59,0,10,1,37,,109242,59,0,10,2,76,,109250,59,0,10,1,76,,109238,59,0,10,1,39,,109243,59,0,10,2,77,,109251,59,0,10,1,37,,109237,59,0,10,1,77,,109252,59,0,10,1,76,,109244,59,0,10,2,35,,109239,59,0,10,1,72,,109259,59,0,10,2,32,,109253,59,0,10,1,71,,109247,59,0,10,2,30,,109240,59,0,10,1,70,,109260,59,0,10,2,30,,109254,59,0,10,1,71,,109245,59,0,10,2,31,,109241,59,0,10,1,70,,109258,59,0,10,2,30,,109255,59,0,10,1,70,,109246,59,0,10,2,30,,109268,59,0,10,1,70,,109261,59,0,10,2,27,,109256,59,0,10,1,68,,109248,59,0,10,2,28,,109271,59,0,10,1,68,,109262,59,0,10,2,28,,109257,59,0,10,1,65,,109272,59,0,10,1,28,,109267,59,0,10,1,68,,109269,59,0,10,1,28,,109263,59,0,10,2,29,,109273,59,0,10,1,71,,109266,59,0,10,1,73,,109270,59,0,18 1 19,1,33,,109274,59,0,18 1 19,1,69,,109264,59,0,18 1 19,2,32,,109265,59,0,18 1 19,1
6802,'H60M300F-80-F3',505,,168559,26,0,10,1,36,,168561,26,0,10,1,77,,168565,26,0,10,1,35,,168577,26,0,10,2,73,,168562,26,0,10,1,33,,168566,26,0,10,1,74,,168578,26,0,10,2,72,,168563,26,0,10,1,33,,168589,26,0,10,2,73,,168579,26,0,10,2,31,,168567,26,0,10,1,69,,168590,26,0,10,2,28,,168580,26,0,10,2,70,,168568,26,0,10,1,32,,168591,26,0,10,2,70,,168581,26,0,10,2,30,,168569,26,0,10,1,70,,168592,26,0,10,2,30,,168582,26,0,10,2,71,,168570,26,0,10,1,30,,168593,26,0,10,2,70,,168583,26,0,10,2,30,,168571,26,0,10,1,71,,168594,26,0,10,2,30,,168584,26,0,10,2,69,,168572,26,0,10,1,29,,168595,26,0,10,2,70,,168585,26,0,10,2,30,,168573,26,0,10,1,70,,168596,26,0,10,2,27,,168586,26,0,10,2,67,,168574,26,0,10,1,30,,168597,26,0,10,2,67,,168587,26,0,10,2,27,,168575,26,0,10,1,30,,168598,26,0,10,2,67,,168588,26,0,10,2,28,,168576,26,0,10,1,75,,168599,26,0,10,2,73,,168560,26,0,10,1,35,,168564,26,0,10,1
37602,'H60M000A-71-A',2706,,155373,40,0,10,1,45,,155376,40,0,10,1,83,,155374,40,0,10,1,85,,155375,40,0,10,1
37602,'H60M000I-71-I',2622,,155380,40,0,10,1,85,,155377,40,0,10,1,45,,155378,40,0,10,1,83,,155379,40,0,10,1,85,,155381,40,0,10,1
37602,'H60M000S-71-S',2620,,155385,40,0,10,1,85,,155384,40,0,10,1,45,,155383,40,0,10,1,85,,155382,40,0,10,1,85,,155386,40,0,10,1
37602,'H60M100F-71-F1',2622,,155388,40,0,10,1,85,,155390,40,0,10,1,45,,155391,40,0,10,1,83,,155387,40,0,10,1,85,,155389,40,0,10,1
37602,'H60M200F-71-F2',2622,,155392,40,0,10,1,85,,155395,40,0,10,1,45,,155396,40,0,10,1,83,,155394,40,0,10,1,85,,155393,40,0,10,1
37602,'H60M300F-80-F3',2622,,175988,40,0,10,1,85,,175987,40,0,10,1,45,,175986,40,0,10,1,83,,175985,40,0,10,1,85,,175989,40,0,10,1
40104,'H60M000S-71-S',542,,155582,7,0,22 86,1,79,,155585,7,0,22 86,2,19,,155587,7,0,22 86,1,11,,155583,7,0,22 86,1,57,,155589,7,0,22 86,2,17,,155586,7,0,22 86,2,16,,155588,7,0,22 86,1,64,,155584,7,0,22 86,2,12,,155590,7,0,22 86,2
46802,'H60M000S-71-S',708,,158063,45,0,10,1,21,,158071,45,0,10,2,22,,158056,45,0,10,1,6,,158088,14,0,10,2,60,,158061,45,0,10,2,12,,158075,45,0,10,2,10,,158070,45,0,10,1,18,,158077,45,0,10,2,48,,158089,14,0,10,2,5,,158087,45,0,10,2,4,,158057,45,0,10,1,27,,158064,45,0,10,1,68,,158072,45,0,10,2,30,,158067,45,0,10,1,70,,158054,45,0,10,1,28,,158058,45,0,10,1,68,,158065,45,0,10,1,28,,158073,45,0,10,2,68,,158068,45,0,10,1,28,,158055,45,0,10,1,30,,158059,45,0,10,1,71,,158066,45,0,10,1,70,,158074,45,0,10,2,27,,158069,45,0,10,1,23,,158076,45,0,10,1,63,,158079,45,0,10,2,15,,158090,14,0,10,2,8,,158080,45,0,10,2,11,,158091,45,0,10,2,10,,158081,45,0,10,2,58,,158078,45,0,10,1,11,,158092,45,0,10,2,8,,158060,45,0,10,1,20,,158084,45,0,10,2,60,,158082,45,0,10,2,21,,158062,45,0,10,1,65,,158085,45,0,10,1,25,,158086,45,0,10,1,16,,158083,45,0,10,2
46802,'H60M300F-80-F3',719,,176380,22,0,10,1,30,,176366,22,0,10,2,70,,176373,22,0,10,1,30,,176387,22,0,10,2,73,,176381,22,0,10,1,31,,176367,22,0,10,2,72,,176374,22,0,10,1,30,,176388,22,0,10,2,73,,176382,22,0,10,1,31,,176368,22,0,10,2,72,,176375,22,0,10,1,71,,176389,22,0,10,2,32,,176383,22,0,10,1,72,,176369,22,0,10,2,32,,176376,22,0,10,1,71,,176390,22,0,10,2,33,,176384,22,0,10,1,73,,176370,22,0,10,2,33,,176377,22,0,10,1,71,,176391,22,0,10,2,31,,176385,22,0,10,1,73,,176371,22,0,10,2,31,,176378,22,0,10,1,72,,176392,22,0,10,2,30,,176386,22,0,10,1,73,,176372,22,0,10,2,72,,176379,22,0,10,1,31,,176393,22,0,10,2
47002,'H50M000A-70-A',609,,158615,17,0,82 15 83,1,32,,158621,17,0,82 15 83,1,72,,158630,17,0,82 15 83,1,31,,158639,17,0,82 15 83,1,66,,158616,17,0,82 15 83,1,22,,158622,17,0,82 15 83,1,21,,158631,17,0,82 15 83,1,61,,158646,17,0,82 15 83,1,22,,158640,17,0,82 15 83,1,21,,158617,17,0,82 15 83,1,63,,158623,17,0,82 15 83,1,22,,158632,17,0,82 15 83,1,61,,158647,17,0,82 15 83,1,20,,158641,17,0,82 15 83,1,20,,158618,17,0,82 15 83,1,61,,158624,17,0,82 15 83,1,18,,158651,17,0,82 15 83,1,16,,158633,17,0,82 15 83,1,16,,158648,17,0,82 15 83,1,61,,158642,17,0,82 15 83,1,20,,158619,17,0,82 15 83,1,20,,158625,17,0,82 15 83,1,57,,158652,17,0,82 15 83,1,16,,158634,17,0,82 15 83,1,16,,158649,17,0,82 15 83,1,56,,158655,17,0,82 15 83,1,16,,158643,17,0,82 15 83,1,15,,158661,17,0,82 15 83,1,14,,158620,17,0,82 15 83,1,55,,158626,17,0,82 15 83,1,15,,158653,17,0,84 1 85,1,15,,158635,17,0,84 1 86,1,16,,158650,17,0,84 1 85,1,56,,158656,17,0,84 1 86,1,18,,158644,17,0,84 1 86,1,19,,158662,17,0,84 1 86,1,18,,158627,17,0,84 1 86,1,60,,158654,17,0,84 1 86,1,19,,158636,17,0,84 1 86,1,19,,158657,17,0,84 1 86,1,58,,158645,17,0,84 1 86,1,20,,158663,17,0,84 1 86,1,25,,158628,17,0,84 1 86,1,64,,158637,17,0,84 1 86,1,26,,158658,17,0,84 1 86,1,68,,158664,17,0,84 1 86,1,28,,158629,17,0,84 1 86,1,68,,158638,17,0,84 1 86,1,30,,158659,17,0,84 1 86,1,69,,158665,17,0,84 1 86,1,29,,158613,17,0,84 1 86,1,70,,158611,17,0,84 1 86,1,30,,158660,17,0,84 1 86,1,69,,158666,17,0,84 1 86,1,30,,158614,17,0,84 1 86,1,69,,158610,17,0,84 1 86,1,29,,158612,17,0,84 1 86,1
47002,'H50M000I-70-I',608,,158672,17,0,82 15 83,1,30,,158681,17,0,82 15 83,1,70,,158690,17,0,82 15 83,1,32,,158699,17,0,82 15 83,1,70,,158673,17,0,82 15 83,1,30,,158682,17,0,82 15 83,1,70,,158691,17,0,82 15 83,1,29,,158700,17,0,82 15 83,1,70,,158674,17,0,82 15 83,1,30,,158683,17,0,82 15 83,1,71,,158692,17,0,82 15 83,1,29,,158701,17,0,82 15 83,1,70,,158675,17,0,82 15 83,1,26,,158684,17,0,82 15 83,1,23,,158693,17,0,82 15 83,1,59,,158669,17,0,82 15 83,1,19,,158702,17,0,82 15 83,1,20,,158706,17,0,82 15 83,1,61,,158676,17,0,82 15 83,1,20,,158685,17,0,82 15 83,1,21,,158694,17,0,82 15 83,1,60,,158713,17,0,82 15 83,1,18,,158703,17,0,82 15 83,1,20,,158707,17,0,82 15 83,1,58,,158677,17,0,82 15 83,1,17,,158686,17,0,84 1 86,1,17,,158695,17,0,84 1 86,1,59,,158714,17,0,84 1 86,1,18,,158704,17,0,84 1 86,1,19,,158708,17,0,84 1 86,1,60,,158678,17,0,84 1 86,1,21,,158687,17,0,84 1 86,1,19,,158696,17,0,84 1 86,1,61,,158715,17,0,84 1 86,1,22,,158709,17,0,84 1 86,1,26,,158679,17,0,84 1 86,1,68,,158688,17,0,84 1 86,1,27,,158697,17,0,84 1 86,1,66,,158710,17,0,84 1 86,1,28,,158680,17,0,84 1 86,1,68,,158689,17,0,84 1 86,1,28,,158698,17,0,84 1 86,1,70,,158711,17,0,84 1 86,1,30,,158667,17,0,84 1 86,1,70,,158705,17,0,84 1 86,1,30,,158670,17,0,84 1 86,1,70,,158668,17,0,84 1 86,1,30,,158712,17,0,84 1 86,1,70,,158671,17,0,84 1 86,1
47002,'H50M000S-70-S',608,,158726,17,0,82 15 83,1,28,,158719,17,0,82 15 83,1,19,,158725,17,0,82 15 83,1,56,,158728,17,0,82 15 83,1,16,,158735,17,0,82 15 83,1,18,,158716,17,0,82 15 83,1,58,,158727,17,0,82 15 83,1,18,,158740,17,0,82 15 83,1,18,,158741,17,0,82 15 83,1,18,,158742,17,0,82 15 83,1,61,,158729,17,0,82 15 83,1,22,,158736,17,0,82 15 83,1,62,,158747,17,0,82 15 83,1,23,,158752,17,0,82 15 83,1,23,,158743,17,0,82 15 83,1,64,,158730,17,0,82 15 83,1,22,,158737,17,0,82 15 83,1,22,,158748,17,0,82 15 83,1,58,,158753,17,0,82 15 83,1,18,,158783,17,0,82 15 83,1,18,,158744,17,0,82 15 83,1,58,,158731,17,0,82 15 83,1,17,,158779,17,0,82 15 83,1,17,,158738,17,0,82 15 83,1,16,,158749,17,0,82 15 83,1,55,,158754,17,0,84 1 85,1,15,,158784,17,0,82 15 83,1,15,,158745,17,0,84 1 85,1,11,,158756,17,0,84 1 86,1,52,,158732,17,0,84 1 85,1,10,,158760,17,0,84 1 86,1,11,,158780,17,0,84 1 85,1,12,,158739,17,0,84 1 86,1,12,,158764,17,0,84 1 85,1,50,,158750,17,0,84 1 86,1,10,,158755,17,0,84 1 86,1,9,,158766,17,0,84 1 85,1,9,,158785,17,0,84 1 86,1,8,,158757,17,0,84 1 85,1,8,,158746,17,0,84 1 86,1,9,,158768,17,0,84 1 85,1,50,,158762,17,0,84 1 86,1,12,,158733,17,0,84 1 86,1,11,,158772,17,0,84 1 85,1,9,,158781,17,0,84 1 86,1,12,,158761,17,0,84 1 86,1,10,,158720,17,0,84 1 85,1,49,,158765,17,0,84 1 86,1,9,,158751,17,0,84 1 86,1,9,,158786,17,0,84 1 85,1,10,,158767,17,0,84 1 86,1,11,,158758,17,0,84 1 86,1,12,,158769,17,0,84 1 85,1,51,,158734,17,0,84 1 86,1,10,,158763,17,0,84 1 86,1,9,,158773,17,0,84 1 85,1,13,,158782,17,0,84 1 86,1,15,,158721,17,0,84 1 86,1,59,,158787,17,0,84 1 86,1,19,,158759,17,0,84 1 86,1,19,,158770,17,0,84 1 86,1,61,,158774,17,0,84 1 86,1,21,,158718,17,0,84 1 86,1,21,,158722,17,0,84 1 86,1,61,,158788,17,0,84 1 86,1,21,,158771,17,0,84 1 86,1,20,,158777,17,0,84 1 86,1,64,,158775,17,0,84 1 86,1,25,,158723,17,0,84 1 86,1,67,,158789,17,0,84 1 86,1,26,,158778,17,0,84 1 86,1,68,,158776,17,0,84 1 86,1,29,,158717,17,0,84 1 86,1,70,,158724,17,0,84 1 86,1
47002,'H50M100F-70-F1',608,,158795,17,0,82 15 83,1,30,,158806,17,0,82 15 83,1,70,,158813,17,0,82 15 83,1,32,,158824,17,0,82 15 83,1,70,,158796,17,0,82 15 83,1,30,,158802,17,0,82 15 83,1,70,,158814,17,0,82 15 83,1,29,,158822,17,0,82 15 83,1,70,,158797,17,0,82 15 83,1,30,,158803,17,0,82 15 83,1,71,,158815,17,0,82 15 83,1,29,,158823,17,0,82 15 83,1,70,,158798,17,0,82 15 83,1,26,,158807,17,0,82 15 83,1,23,,158816,17,0,82 15 83,1,59,,158792,17,0,82 15 83,1,19,,158825,17,0,82 15 83,1,20,,158829,17,0,82 15 83,1,61,,158799,17,0,82 15 83,1,20,,158808,17,0,82 15 83,1,21,,158817,17,0,82 15 83,1,60,,158835,17,0,82 15 83,1,18,,158826,17,0,82 15 83,1,20,,158830,17,0,82 15 83,1,58,,158804,17,0,82 15 83,1,17,,158809,17,0,84 1 86,1,17,,158818,17,0,84 1 86,1,59,,158836,17,0,84 1 86,1,18,,158827,17,0,84 1 86,1,19,,158831,17,0,84 1 86,1,60,,158805,17,0,84 1 86,1,21,,158810,17,0,84 1 86,1,19,,158819,17,0,84 1 86,1,61,,158837,17,0,84 1 86,1,22,,158832,17,0,84 1 86,1,26,,158800,17,0,84 1 86,1,68,,158811,17,0,84 1 86,1,27,,158820,17,0,84 1 86,1,66,,158833,17,0,84 1 86,1,28,,158801,17,0,84 1 86,1,68,,158812,17,0,84 1 86,1,28,,158821,17,0,84 1 86,1,70,,158834,17,0,84 1 86,1,30,,158790,17,0,84 1 86,1,70,,158828,17,0,84 1 86,1,30,,158793,17,0,84 1 86,1,70,,158791,17,0,84 1 86,1,30,,158838,17,0,84 1 86,1,70,,158794,17,0,84 1 86,1
47002,'H50M200F-70-F2',608,,158844,17,0,82 15 83,1,30,,158850,17,0,82 15 83,1,70,,158862,17,0,82 15 83,1,32,,158871,17,0,82 15 83,1,70,,158845,17,0,82 15 83,1,30,,158854,17,0,82 15 83,1,70,,158863,17,0,82 15 83,1,29,,158872,17,0,82 15 83,1,70,,158846,17,0,82 15 83,1,30,,158855,17,0,82 15 83,1,71,,158864,17,0,82 15 83,1,29,,158873,17,0,82 15 83,1,70,,158847,17,0,82 15 83,1,26,,158856,17,0,82 15 83,1,23,,158865,17,0,82 15 83,1,59,,158841,17,0,82 15 83,1,19,,158874,17,0,82 15 83,1,20,,158877,17,0,82 15 83,1,61,,158848,17,0,82 15 83,1,20,,158857,17,0,82 15 83,1,21,,158866,17,0,82 15 83,1,60,,158885,17,0,82 15 83,1,18,,158875,17,0,82 15 83,1,20,,158878,17,0,82 15 83,1,58,,158849,17,0,82 15 83,1,17,,158858,17,0,84 1 86,1,17,,158867,17,0,84 1 86,1,59,,158886,17,0,84 1 86,1,18,,158876,17,0,84 1 86,1,19,,158880,17,0,84 1 86,1,60,,158851,17,0,84 1 86,1,21,,158859,17,0,84 1 86,1,19,,158868,17,0,84 1 86,1,61,,158887,17,0,84 1 86,1,22,,158881,17,0,84 1 86,1,26,,158852,17,0,84 1 86,1,68,,158860,17,0,84 1 86,1,27,,158869,17,0,84 1 86,1,66,,158882,17,0,84 1 86,1,28,,158853,17,0,84 1 86,1,68,,158861,17,0,84 1 86,1,28,,158870,17,0,84 1 86,1,70,,158883,17,0,84 1 86,1,30,,158839,17,0,84 1 86,1,70,,158879,17,0,84 1 86,1,30,,158842,17,0,84 1 86,1,70,,158840,17,0,84 1 86,1,30,,158884,17,0,84 1 86,1,70,,158843,17,0,84 1 86,1
47002,'H50M300F-80-F3',609,,176466,19,0,10,1,30,,176475,19,0,10,1,70,,176483,19,0,10,1,32,,176491,19,0,10,1,70,,176467,19,0,10,1,30,,176476,19,0,10,1,70,,176484,19,0,10,1,30,,176492,19,0,10,1,70,,176468,19,0,10,1,30,,176477,19,0,10,1,71,,176485,19,0,10,1,30,,176493,19,0,10,1,70,,176469,19,0,10,1,30,,176478,19,0,10,1,69,,176486,19,0,10,1,30,,176494,19,0,10,1,71,,176470,19,0,10,1,30,,176479,19,0,10,1,71,,176487,19,0,10,1,32,,176495,19,0,10,1,70,,176471,19,0,10,1,30,,176480,19,0,10,1,71,,176488,19,0,10,1,30,,176496,19,0,10,1,71,,176472,19,0,10,1,30,,176481,19,0,10,1,69,,176489,19,0,10,1,29,,176497,19,0,10,1,70,,176473,19,0,10,1,30,,176482,19,0,10,1,66,,176490,19,0,10,1,29,,176498,19,0,10,1,69,,176474,19,0,10,1
