19501,'H56M000A-70-A',621,,145970,56,,,1,32,,145935,56,,,2,71,,145944,56,,,1,31,,145971,56,,,1,71,,145963,56,,,1,33,,145936,56,,,2,71,,145945,56,,,1,71,,145954,56,,,2,31,,145964,56,,,1,71,,145937,56,,,2,31,,145946,56,,,1,71,,145955,56,,,2,33,,145965,56,,,1,70,,145938,56,,,2,30,,145947,56,,,1,72,,145956,56,,,2,31,,145966,56,,,1,71,,145939,56,,,2,29,,145948,56,,,1,74,,145957,56,,,2,30,,145967,56,,,1,71,,145940,56,,,2,31,,145949,56,,,1,69,,145958,56,,,2,28,,145968,56,,,1,70,,145941,56,,,2,27,,145950,56,,,1,67,,145959,56,,,2,29,,145969,56,,,1,69,,145942,56,,,2,30,,145951,56,,,1,70,,145960,56,,,2,29,,145972,56,,,1,69,,145943,56,,,2,27,,145952,56,,,1,70,,145961,56,,,2,30,,145973,56,,,1,69,,145975,56,,,2,28,,145953,56,,,1,29,,145962,56,,,2,69,,145976,56,,,2,29,,145974,56,,,1
19501,'H56M000I-70-I',621,,145983,56,,,2,32,,145981,56,,,1,71,,145979,56,,,2,31,,145977,56,,,1,71,,145984,56,,,2,33,,146014,56,,,1,70,,145980,56,,,2,72,,145982,56,,,1,31,,145985,56,,,2,71,,145999,56,,,1,33,,145991,56,,,1,69,,146007,56,,,2,30,,145986,56,,,2,70,,146000,56,,,1,30,,145992,56,,,1,71,,146008,56,,,2,31,,145987,56,,,2,70,,146001,56,,,1,30,,145993,56,,,1,71,,146009,56,,,2,30,,145988,56,,,2,71,,146002,56,,,1,30,,145994,56,,,1,70,,146010,56,,,2,28,,145989,56,,,2,68,,146003,56,,,1,30,,145995,56,,,1,69,,146011,56,,,2,27,,145990,56,,,2,70,,146004,56,,,1,30,,145996,56,,,1,70,,145978,56,,,1,30,,146015,56,,,2,70,,146005,56,,,1,31,,145997,56,,,1,70,,146012,56,,,1,29,,146016,56,,,2,69,,146006,56,,,1,29,,145998,56,,,1,29,,146013,56,,,1,68,,146017,56,,,2
19501,'H56M000S-70-S',558,,146054,56,,,1,69,,146058,56,,,1,73,,146055,56,,,1,26,,146030,56,,,2,31,,146036,56,,,2,65,,146042,56,,,1,15,,146059,56,,,1,14,,146060,56,,,2,3,,146040,56,,,2,84,,146022,56,,,1,63,,146037,56,,,2,30,,146043,56,,,1,70,,146048,56,,,1,31,,146056,56,,,1,71,,146038,56,,,2,32,,146044,56,,,1,72,,146049,56,,,1,31,,146057,56,,,1,70,,146039,56,,,2,26,,146031,56,,,1,66,,146023,56,,,2,26,,146028,56,,,1,110,,146032,56,,,2,72,,146041,56,,,1,31,,146029,56,,,1,71,,146033,56,,,1,31,,146046,56,,,2,70,,146050,56,,,1,29,,146024,56,,,1,69,,146034,56,,,1,29,,146047,56,,,2,68,,146051,56,,,1,29,,146025,56,,,1,70,,146035,56,,,1,29,,146045,56,,,1,68,,146052,56,,,1,28,,146026,56,,,1,28,,146020,56,,,2,69,,146018,56,,,1,29,,146053,56,,,1,70,,146027,56,,,1,30,,146021,56,,,2,70,,146019,56,,,1
19501,'H56M100F-70-F1',621,,146062,56,,,1,32,,146063,56,,,1,71,,146069,56,,,2,31,,146061,56,,,1,71,,146077,56,,,2,33,,146095,56,,,1,70,,146070,56,,,2,72,,146071,56,,,1,31,,146078,56,,,2,71,,146084,56,,,2,33,,146089,56,,,1,69,,146072,56,,,1,30,,146079,56,,,2,70,,146086,56,,,2,30,,146090,56,,,1,71,,146073,56,,,1,31,,146080,56,,,2,70,,146085,56,,,2,30,,146091,56,,,1,71,,146074,56,,,1,30,,146081,56,,,2,71,,146087,56,,,2,30,,146092,56,,,1,70,,146075,56,,,1,28,,146082,56,,,2,68,,146088,56,,,2,30,,146093,56,,,1,69,,146076,56,,,1,27,,146083,56,,,2,70,,146096,56,,,2,30,,146094,56,,,1,70,,146066,56,,,1,30,,146099,56,,,1,70,,146097,56,,,2,31,,146064,56,,,1,70,,146067,56,,,1,29,,146100,56,,,1,69,,146098,56,,,2,29,,146065,56,,,1,29,,146068,56,,,1,68,,146101,56,,,1
19501,'H56M200F-70-F2',621,,146103,56,,,1,32,,146104,56,,,1,71,,146110,56,,,2,31,,146102,56,,,1,71,,146118,56,,,2,33,,146136,56,,,1,70,,146111,56,,,2,72,,146112,56,,,1,31,,146119,56,,,2,71,,146125,56,,,2,33,,146130,56,,,1,69,,146113,56,,,1,30,,146120,56,,,2,70,,146126,56,,,2,30,,146131,56,,,1,71,,146114,56,,,1,31,,146121,56,,,2,70,,146127,56,,,2,30,,146132,56,,,1,71,,146115,56,,,1,30,,146122,56,,,2,71,,146128,56,,,2,30,,146133,56,,,1,70,,146116,56,,,1,28,,146123,56,,,2,68,,146129,56,,,2,30,,146134,56,,,1,69,,146117,56,,,1,27,,146124,56,,,2,70,,146137,56,,,2,30,,146135,56,,,1,70,,146107,56,,,1,30,,146140,56,,,1,70,,146138,56,,,2,31,,146105,56,,,1,70,,146108,56,,,1,29,,146141,56,,,1,69,,146139,56,,,2,29,,146106,56,,,1,29,,146109,56,,,1,68,,146142,56,,,1
19501,'H56M300F-70-F3',621,,146149,56,,,2,32,,146147,56,,,1,71,,146145,56,,,2,31,,146143,56,,,1,71,,146150,56,,,2,33,,146180,56,,,1,70,,146146,56,,,2,72,,146148,56,,,1,31,,146151,56,,,2,71,,146165,56,,,1,33,,146157,56,,,1,69,,146173,56,,,2,30,,146152,56,,,2,70,,146166,56,,,1,30,,146158,56,,,1,71,,146174,56,,,2,31,,146154,56,,,2,70,,146167,56,,,1,30,,146159,56,,,1,71,,146175,56,,,2,30,,146153,56,,,2,71,,146168,56,,,1,30,,146160,56,,,1,70,,146176,56,,,2,28,,146155,56,,,2,68,,146169,56,,,1,30,,146161,56,,,1,69,,146177,56,,,2,27,,146156,56,,,2,70,,146170,56,,,1,30,,146162,56,,,1,70,,146144,56,,,1,30,,146181,56,,,2,70,,146171,56,,,1,31,,146163,56,,,1,70,,146178,56,,,1,29,,146182,56,,,2,69,,146172,56,,,1,29,,146164,56,,,1,29,,146179,56,,,1,68,,146183,56,,,2
19501,'H58M000S-70-S',916,,146184,56,,,2,685,,146185,56,,,2
35601,'H56M000A-70-A',2615,,154180,89,,,1,19,,154183,89,,,1,20,,154186,89,,,2,60,,154175,89,,,1,10,,154178,89,,,1,10,,154187,89,,,1,10,,154182,89,,,1,10,,154179,89,,,1,50,,154174,89,,,1,10,,154181,89,,,1,11,,154176,89,,,1,12,,154188,89,,,2,12,,154177,89,,,2,52,,154184,89,,,1,13,,154185,89,,,2
35601,'H56M000I-70-I',2612,,154189,89,,,1,89,,154192,89,,,2,42,,154191,89,,,1,91,,154190,89,,,2,81,,154193,89,,,1
35601,'H56M000S-70-S',2613,,154194,89,,,1,42,,154198,89,,,2,85,,154200,89,,,1,65,,154197,89,,,1,22,,154195,89,,,1,24,,154196,89,,,2,62,,154199,89,,,1
35601,'H56M100F-70-F1',2612,,154201,89,,,1,89,,154205,89,,,2,42,,154204,89,,,1,91,,154202,89,,,1,81,,154203,89,,,2
35601,'H56M200F-70-F2',2612,,154206,89,,,1,89,,154210,89,,,2,42,,154209,89,,,1,91,,154207,89,,,1,81,,154208,89,,,2
35601,'H56M300F-70-F3',2612,,154211,89,,,1,89,,154214,89,,,2,42,,154213,89,,,1,91,,154212,89,,,2,81,,154215,89,,,1
