17003,'H50J000S-83-S',1522,,57625,11,0,8,1
17003,'H50JV00S-82-S',1522,,57626,11,0,8,1
17003,'H58J000S-81-S',1535,,57629,11,0,8,2,17,,57628,11,0,8,2,48,,57627,11,0,8,1
17003,'H58J000S-83-S',1535,,57632,11,0,8,2,17,,57631,11,0,8,2,48,,57630,11,0,8,1
17003,'H58JV00S-82-S',1535,,57635,11,0,8,2,17,,57634,11,0,8,2,48,,57633,11,0,8,1
17003,'H60J000A-80-A',624,,57638,11,0,8,1,33,,57663,11,0,8,1,73,,57639,11,0,8,1,73,,57664,11,0,8,1,31,,57640,11,0,8,1,71,,57665,11,0,8,1,32,,57653,11,0,8,2,73,,57666,11,0,8,1,28,,57654,11,0,8,2,67,,57667,11,0,8,1,27,,57655,11,0,8,2,68,,57668,11,0,8,1,28,,57656,11,0,8,2,28,,57641,11,0,8,1,68,,57657,11,0,8,2,28,,57642,11,0,8,1,68,,57658,11,0,8,2,27,,57643,11,0,8,1,67,,57659,11,0,8,2,21,,57670,11,0,8,1,21,,57644,11,0,8,1,60,,57660,11,0,8,2,25,,57671,11,0,8,1,59,,57645,11,0,8,1,19,,57661,11,0,8,2,18,,57672,11,0,8,1,20,,57646,11,0,8,1,60,,57662,11,0,8,2,20,,57673,11,0,8,1,65,,57647,11,0,8,1,26,,57674,11,0,8,1,25,,57648,11,0,8,1,62,,57680,11,0,8,2,22,,57675,11,0,8,1,63,,57649,11,0,8,1,24,,57676,11,0,8,1,25,,57650,11,0,8,1,66,,57677,11,0,8,1,27,,57651,11,0,8,1,70,,57678,11,0,8,1,33,,57652,11,0,8,1,73,,57679,11,0,8,1,31,,57636,11,0,8,1,74,,57669,11,0,8,1,86,,57637,11,0,8,1
17003,'H60J000I-80-I',639,,57686,11,0,8,2,70,,57681,11,0,8,1,31,,57687,11,0,8,2,70,,57682,11,0,8,1,32,,57688,11,0,8,2,71,,57708,11,0,8,1,30,,57689,11,0,8,2,70,,57709,11,0,8,1,29,,57690,11,0,8,2,69,,57710,11,0,8,1,26,,57691,11,0,8,2,66,,57711,11,0,8,1,26,,57692,11,0,8,2,26,,57712,11,0,8,1,66,,57693,11,0,8,2,26,,57713,11,0,8,1,66,,57694,11,0,8,2,26,,57714,11,0,8,1,67,,57695,11,0,8,2,28,,57715,11,0,8,1,68,,57696,11,0,8,2,27,,57683,11,0,8,1,20,,57716,11,0,8,1,60,,57697,11,0,8,2,21,,57684,11,0,8,1,20,,57717,11,0,8,1,59,,57698,11,0,8,2,21,,57685,11,0,8,1,20,,57718,11,0,8,1,60,,57699,11,0,8,2,28,,57700,11,0,8,1,69,,57719,11,0,8,1,29,,57701,11,0,8,1,69,,57703,11,0,8,1,29,,57702,11,0,8,1,71,,57704,11,0,8,1,31,,57720,11,0,8,1,71,,57705,11,0,8,1,31,,57721,11,0,8,1,70,,57706,11,0,8,1,30,,57722,11,0,8,1,69,,57707,11,0,8,1,31,,57723,11,0,8,1
17003,'H60J000S-98-S',609,,57738,11,0,8,1,34,,57740,11,0,8,1,74,,57747,11,0,8,2,34,,57741,11,0,8,1,73,,57755,11,0,8,1,31,,57742,11,0,8,1,66,,57728,11,0,8,1,25,,57729,11,0,8,1,68,,57749,11,0,8,1,29,,57730,11,0,8,1,69,,57750,11,0,8,1,28,,57731,11,0,8,1,69,,57751,11,0,8,1,28,,57732,11,0,8,1,70,,57752,11,0,8,1,30,,57733,11,0,8,1,70,,57753,11,0,8,1,30,,57734,11,0,8,1,20,,57756,11,0,8,1,53,,57754,11,0,8,1,34,,57735,11,0,8,1,64,,57773,11,0,8,2,8,,57757,11,0,8,1,8,,57746,11,0,8,2,7,,57775,11,0,8,2,8,,57727,11,0,8,1,8,,57724,11,0,8,1,9,,57736,11,0,8,1,49,,57748,11,0,8,1,8,,57743,11,0,8,1,10,,57774,11,0,8,2,11,,57737,11,0,8,1,12,,57758,11,0,8,1,11,,57725,11,0,8,1,51,,57772,11,0,8,1,10,,57744,11,0,8,1,11,,57739,11,0,8,1,8,,57726,11,0,8,1,15,,57759,11,0,8,1,58,,57767,11,0,8,2,21,,57745,11,0,8,1,23,,57760,11,0,8,1,69,,57768,11,0,8,2,29,,57761,11,0,8,1,71,,57769,11,0,8,2,30,,57762,11,0,8,1,69,,57770,11,0,8,2,29,,57763,11,0,8,1,69,,57771,11,0,8,2,29,,57764,11,0,8,1,69,,57776,11,0,8,1,36,,57765,11,0,8,1,87,,57766,11,0,8,1
17003,'H60JV00A-80-A',624,,57777,11,0,8,1,33,,57803,11,0,8,1,73,,57778,11,0,8,1,73,,57804,11,0,8,1,31,,57779,11,0,8,1,71,,57805,11,0,8,1,32,,57793,11,0,8,2,73,,57806,11,0,8,1,28,,57794,11,0,8,2,67,,57807,11,0,8,1,27,,57795,11,0,8,2,68,,57808,11,0,8,1,28,,57796,11,0,8,2,28,,57781,11,0,8,1,68,,57797,11,0,8,2,28,,57782,11,0,8,1,68,,57798,11,0,8,2,27,,57783,11,0,8,1,67,,57799,11,0,8,2,21,,57809,11,0,8,1,21,,57784,11,0,8,1,60,,57800,11,0,8,2,25,,57810,11,0,8,1,59,,57785,11,0,8,1,19,,57801,11,0,8,2,18,,57811,11,0,8,1,20,,57786,11,0,8,1,60,,57802,11,0,8,2,20,,57812,11,0,8,1,65,,57787,11,0,8,1,26,,57813,11,0,8,1,25,,57788,11,0,8,1,62,,57780,11,0,8,2,22,,57814,11,0,8,1,63,,57789,11,0,8,1,24,,57815,11,0,8,1,25,,57790,11,0,8,1,66,,57816,11,0,8,1,27,,57791,11,0,8,1,70,,57817,11,0,8,1,33,,57792,11,0,8,1,73,,57818,11,0,8,1,31,,57819,11,0,8,1,74,,57821,11,0,8,1,86,,57820,11,0,8,1
17003,'H60JV00I-80-I',639,,57832,11,0,8,2,70,,57830,11,0,8,1,31,,57833,11,0,8,2,70,,57831,11,0,8,1,32,,57834,11,0,8,2,71,,57846,11,0,8,1,30,,57835,11,0,8,2,70,,57847,11,0,8,1,29,,57836,11,0,8,2,69,,57848,11,0,8,1,26,,57837,11,0,8,2,66,,57849,11,0,8,1,26,,57838,11,0,8,2,26,,57850,11,0,8,1,66,,57839,11,0,8,2,26,,57851,11,0,8,1,66,,57840,11,0,8,2,26,,57852,11,0,8,1,67,,57841,11,0,8,2,28,,57853,11,0,8,1,68,,57842,11,0,8,2,27,,57862,11,0,8,1,20,,57854,11,0,8,1,60,,57843,11,0,8,2,21,,57863,11,0,8,1,20,,57855,11,0,8,1,59,,57844,11,0,8,2,21,,57864,11,0,8,1,20,,57856,11,0,8,1,60,,57845,11,0,8,2,28,,57857,11,0,8,1,69,,57860,11,0,8,1,29,,57858,11,0,8,1,69,,57825,11,0,8,1,29,,57859,11,0,8,1,71,,57826,11,0,8,1,31,,57861,11,0,8,1,71,,57827,11,0,8,1,31,,57822,11,0,8,1,70,,57828,11,0,8,1,30,,57823,11,0,8,1,69,,57829,11,0,8,1,31,,57824,11,0,8,1
17003,'H60JV00S-98-S',609,,57865,11,0,8,1,34,,57870,11,0,8,1,74,,57871,11,0,8,2,34,,57911,11,0,8,1,73,,57902,11,0,8,1,31,,57912,11,0,8,1,66,,57916,11,0,8,1,25,,57872,11,0,8,1,68,,57896,11,0,8,1,29,,57873,11,0,8,1,69,,57897,11,0,8,1,28,,57874,11,0,8,1,69,,57898,11,0,8,1,28,,57875,11,0,8,1,70,,57899,11,0,8,1,30,,57876,11,0,8,1,70,,57900,11,0,8,1,30,,57877,11,0,8,1,20,,57867,11,0,8,1,53,,57901,11,0,8,1,34,,57878,11,0,8,1,64,,57894,11,0,8,2,8,,57868,11,0,8,1,8,,57906,11,0,8,2,7,,57903,11,0,8,2,8,,57910,11,0,8,1,8,,57904,11,0,8,1,9,,57879,11,0,8,1,49,,57866,11,0,8,1,8,,57913,11,0,8,1,10,,57895,11,0,8,2,11,,57917,11,0,8,1,12,,57880,11,0,8,1,11,,57905,11,0,8,1,51,,57869,11,0,8,1,10,,57914,11,0,8,1,11,,57909,11,0,8,1,8,,57907,11,0,8,1,15,,57881,11,0,8,1,58,,57889,11,0,8,1,21,,57915,11,0,8,1,23,,57882,11,0,8,1,69,,57890,11,0,8,1,29,,57883,11,0,8,1,71,,57891,11,0,8,1,30,,57884,11,0,8,1,69,,57892,11,0,8,1,29,,57885,11,0,8,1,69,,57893,11,0,8,1,29,,57886,11,0,8,1,69,,57908,11,0,8,1,36,,57887,11,0,8,1,87,,57888,11,0,8,1
