'25N-H56N000A-80-A-E',1203,61800,4,'',1,3300,4,'',1,7200,4,'',1,3200,4,'',1,7200,4,'',1,7400,4,'',1,3300,4,'',1,57300,4,'',1,2400,4,'',1,2400,4,'',1,6200,4,'',1,2400,4,'',1,6400,4,'',1,2200,4,'',1,2400,4,'',1,6400,4,'',1,51100,4,'',1,3200,4,'',1,7200,4,'',1
'25N-H56N000A-80-A-E',1204,55100,,'',1,7300,,'',1,3300,,'',1,7200,,'',1,7200,,'',1,3100,,'',1,7200,,'',1,54300,,'',1,6300,,'',1,2400,,'',1,2400,,'',1,6200,,'',1,2400,,'',1,6400,,'',1,2200,,'',1,2400,,'',1,50400,,'',1,7100,,'',1,7200,,'',1
'25N-H56N000A-80-A-NE',1203,54500,4,'',1,46100,4,'',1,2200,4,'',1,2200,4,'',1,6200,4,'',1,2200,4,'',1,2400,4,'',1,6300,4,'',1,2200,4,'',1,6400,4,'',1,2500,4,'',1,2300,4,'',1,6400,4,'',1,2500,4,'',1,39400,4,'',1,6300,4,'',1,2100,4,'',1,2200,4,'',1,6300,4,'',1,2000,4,'',1,2200,4,'',1,6200,4,'',1,2000,4,'',1,2100,4,'',1,6300,4,'',1,2000,4,'',1,2000,4,'',1
'25N-H56N000A-80-A-NE',1204,51800,,'',1,40800,,'',1,2200,,'',1,6100,,'',1,2200,,'',1,2300,,'',1,6200,,'',1,2100,,'',1,6400,,'',1,2300,,'',1,2200,,'',1,6400,,'',1,2500,,'',1,2300,,'',1,6400,,'',1,39600,,'',1,2300,,'',1,6300,,'',1,2100,,'',1,2200,,'',1,6300,,'',1,2100,,'',1,2100,,'',1,6200,,'',1,2100,,'',1,2000,,'',1,7100,,'',1
'25N-H56N000I-80-I-E',1203,61800,4,'',1,3300,4,'',1,7200,4,'',1,3200,4,'',1,7200,4,'',1,3200,4,'',1,7200,4,'',1,57500,4,'',1,2400,4,'',1,2400,4,'',1,6300,4,'',1,2400,4,'',1,6400,4,'',1,2200,4,'',1,2400,4,'',1,6400,4,'',1,51100,4,'',1,3100,4,'',1,7300,4,'',1
'25N-H56N000I-80-I-E',1204,55100,,'',1,7300,,'',1,3300,,'',1,7200,,'',1,7200,,'',1,3100,,'',1,7200,,'',1,54300,,'',1,6300,,'',1,2400,,'',1,2400,,'',1,6200,,'',1,2400,,'',1,6400,,'',1,2200,,'',1,2400,,'',1,50400,,'',1,7100,,'',1,7100,,'',1
'25N-H56N000I-80-I-NE',1203,54400,4,'',1,46100,4,'',1,2200,4,'',1,2200,4,'',1,6200,4,'',1,2200,4,'',1,2400,4,'',1,6300,4,'',1,2200,4,'',1,6400,4,'',1,2500,4,'',1,2300,4,'',1,6400,4,'',1,2500,4,'',1,39500,4,'',1,6200,4,'',1,2200,4,'',1,2300,4,'',1,6200,4,'',1,2000,4,'',1,2200,4,'',1,6200,4,'',1,2000,4,'',1,2100,4,'',1,6300,4,'',1,2000,4,'',1,2000,4,'',1
'25N-H56N000I-80-I-NE',1204,51800,,'',1,40800,,'',1,2200,,'',1,6100,,'',1,2200,,'',1,2300,,'',1,6200,,'',1,2100,,'',1,6400,,'',1,2300,,'',1,2200,,'',1,6400,,'',1,2500,,'',1,2300,,'',1,6400,,'',1,39600,,'',1,2300,,'',1,6300,,'',1,2200,,'',1,2200,,'',1,6200,,'',1,2100,,'',1,2100,,'',1,6200,,'',1,2100,,'',1,2000,,'',1,7100,,'',1
'25N-H56N000S-80-S-E',1203,62700,4,'',1,8800,4,'',1,2000,4,'',1,2000,4,'',1,5700,4,'',1,1900,4,'',1,200,4,'',1,1900,4,'',1,6700,4,'',1,59100,4,'',1,3100,4,'',1,7300,4,'',1,2900,4,'',1,7000,4,'',1,3000,4,'',1,6700,4,'',1,51800,4,'',1
'25N-H56N000S-80-S-E',1204,61000,,'',1,3000,,'',1,10000,,'',1,6000,,'',1,2000,,'',1,2000,,'',1,6000,,'',1,53000,,'',1,1500,,'',1,5700,,'',1,1800,,'',1,300,,'',1,2100,,'',1,5800,,'',1,1800,,'',1,1800,,'',1,1800,,'',1,6700,,'',1,2700,,'',1,55000,,'',1
'25N-H56N000S-80-S-NE',1203,55500,4,'',1,39200,4,'',1,7000,4,'',1,3000,4,'',1,7000,4,'',1,2900,4,'',1,6900,4,'',1,2900,4,'',1,6900,4,'',1,2900,4,'',1,6900,4,'',1,3000,4,'',1,39600,4,'',1,6400,4,'',1,2500,4,'',1,2600,4,'',1,6600,4,'',1,2700,4,'',1,6600,4,'',1,2800,4,'',1,6800,4,'',1,2800,4,'',1,6600,4,'',1
'25N-H56N000S-80-S-NE',1204,92200,,'',1,2800,,'',1,7000,,'',1,3000,,'',1,7000,,'',1,3000,,'',1,7000,,'',1,3000,,'',1,7000,,'',1,3000,,'',1,6400,,'',1,40300,,'',1,2800,,'',1,6800,,'',1,2800,,'',1,6800,,'',1,2900,,'',1,6900,,'',1,2800,,'',1,6800,,'',1,2700,,'',1
'25N-H59N000S-80-S-E',1203,65700,4,'',1,17200,4,'',1
'25N-H59N000S-80-S-E',1204,71000,,'',1
'25N-H59N000S-80-S-NE',1204,54000,,'',1
