3103,'H51J000A-82-A',511,,8485,17,0,8,2,33,,8484,17,0,8,1,73,,8499,17,0,8,2,34,,8486,17,0,8,1,72,,8500,17,0,8,2,32,,8487,17,0,8,1,70,,8501,17,0,8,2,31,,8488,17,0,8,1,70,,8502,17,0,8,2,31,,8489,17,0,8,1,72,,8503,17,0,8,2,72,,8490,17,0,8,1,33,,8504,17,0,8,2,72,,8491,17,0,8,1,33,,8505,17,0,8,2,72,,8492,17,0,8,1,33,,8506,17,0,8,2,72,,8493,17,0,8,1,33,,8507,17,0,8,2,70,,8494,17,0,8,1,33,,8508,17,0,8,2,73,,8495,17,0,8,1,33,,8509,17,0,8,2,73,,8496,17,0,8,1,70,,8510,17,0,8,2,32,,8497,17,0,8,1,72,,8511,17,0,8,2,25,,8498,17,0,8,1
3103,'H51J000I-82-I',512,,8520,17,0,8,1,33,,8512,17,0,8,2,73,,8521,17,0,8,1,33,,8513,17,0,8,2,73,,8522,17,0,8,1,33,,8514,17,0,8,2,71,,8523,17,0,8,1,30,,8515,17,0,8,2,70,,8524,17,0,8,1,31,,8516,17,0,8,2,70,,8525,17,0,8,1,71,,8517,17,0,8,2,30,,8526,17,0,8,1,70,,8518,17,0,8,2,32,,8527,17,0,8,1,70,,8519,17,0,8,2,30,,8528,17,0,8,1,70,,8533,17,0,8,1,30,,8529,17,0,8,1,70,,8534,17,0,8,1,30,,8530,17,0,8,1,70,,8535,17,0,8,1,30,,8531,17,0,8,1,69,,8536,17,0,8,1,30,,8532,17,0,8,1,70,,8537,17,0,8,1,30,,8539,17,0,8,2,69,,8538,17,0,8,1,29,,8540,17,0,8,2
3103,'H51J000S-80-S',515,,8557,17,0,8,1,33,,8548,17,0,8,1,73,,8562,17,0,8,2,33,,8549,17,0,8,1,74,,8563,17,0,8,2,75,,8550,17,0,8,1,34,,8542,17,0,8,1,73,,8551,17,0,8,1,31,,8543,17,0,8,1,71,,8552,17,0,8,1,31,,8544,17,0,8,1,71,,8553,17,0,8,1,33,,8545,17,0,8,1,72,,8554,17,0,8,1,32,,8546,17,0,8,1,69,,8555,17,0,8,1,27,,8571,17,0,8,1,67,,8547,17,0,8,1,27,,8556,17,0,8,1,67,,8572,17,0,8,1,26,,8579,17,0,8,2,68,,8576,17,0,8,2,25,,8573,17,0,8,1,24,,8580,17,0,8,2,69,,8577,17,0,8,2,88,,8581,17,0,8,1,29,,8578,17,0,8,2,70,,8541,17,0,8,1,22,,8582,17,0,8,1,29,,8564,17,0,8,1,69,,8558,17,0,8,1,28,,8565,17,0,8,1,68,,8559,17,0,8,1,29,,8566,17,0,8,1,69,,8560,17,0,8,1,28,,8567,17,0,8,1,68,,8561,17,0,8,1,28,,8568,17,0,8,1,67,,8574,17,0,8,2,25,,8569,17,0,8,1,65,,8575,17,0,8,2,25,,8570,17,0,8,1
3103,'H51JV00A-80-A',511,,8583,17,0,8,2,33,,8610,17,0,8,1,73,,8584,17,0,8,2,34,,8597,17,0,8,1,72,,8585,17,0,8,2,32,,8598,17,0,8,1,70,,8586,17,0,8,2,31,,8599,17,0,8,1,70,,8587,17,0,8,2,31,,8600,17,0,8,1,72,,8588,17,0,8,2,72,,8601,17,0,8,1,33,,8589,17,0,8,2,72,,8602,17,0,8,1,33,,8590,17,0,8,2,72,,8603,17,0,8,1,33,,8591,17,0,8,2,72,,8604,17,0,8,1,33,,8592,17,0,8,2,70,,8605,17,0,8,1,33,,8593,17,0,8,2,73,,8606,17,0,8,1,33,,8594,17,0,8,2,73,,8607,17,0,8,1,70,,8595,17,0,8,2,32,,8608,17,0,8,1,72,,8596,17,0,8,2,25,,8609,17,0,8,1
3103,'H51JV00I-80-I',512,,8611,17,0,8,1,33,,8612,17,0,8,2,73,,8620,17,0,8,1,33,,8613,17,0,8,2,73,,8621,17,0,8,1,33,,8614,17,0,8,2,71,,8622,17,0,8,1,30,,8615,17,0,8,2,70,,8623,17,0,8,1,31,,8616,17,0,8,2,70,,8624,17,0,8,1,71,,8617,17,0,8,2,30,,8625,17,0,8,1,70,,8618,17,0,8,2,32,,8626,17,0,8,1,70,,8619,17,0,8,2,30,,8627,17,0,8,1,70,,8632,17,0,8,1,30,,8628,17,0,8,1,70,,8633,17,0,8,1,30,,8629,17,0,8,1,70,,8634,17,0,8,1,30,,8630,17,0,8,1,69,,8635,17,0,8,1,30,,8631,17,0,8,1,70,,8636,17,0,8,1,30,,8638,17,0,8,2,69,,8637,17,0,8,1,29,,8639,17,0,8,2
3103,'H51JV00S-84-S',515,,8654,17,0,8,1,33,,8647,17,0,8,1,73,,8659,17,0,8,2,33,,8648,17,0,8,1,74,,8660,17,0,8,2,75,,8649,17,0,8,1,34,,8641,17,0,8,1,73,,8650,17,0,8,1,31,,8642,17,0,8,1,71,,8651,17,0,8,1,31,,8643,17,0,8,1,71,,8652,17,0,8,1,33,,8644,17,0,8,1,72,,8653,17,0,8,1,32,,8645,17,0,8,1,69,,8671,17,0,8,1,27,,8668,17,0,8,1,67,,8646,17,0,8,1,27,,8672,17,0,8,1,67,,8669,17,0,8,1,26,,8678,17,0,8,2,68,,8680,17,0,8,2,25,,8670,17,0,8,1,24,,8679,17,0,8,2,69,,8681,17,0,8,2,88,,8674,17,0,8,1,29,,8673,17,0,8,2,70,,8640,17,0,8,1,22,,8675,17,0,8,1,29,,8661,17,0,8,1,69,,8655,17,0,8,1,28,,8662,17,0,8,1,68,,8656,17,0,8,1,29,,8663,17,0,8,1,69,,8657,17,0,8,1,28,,8664,17,0,8,1,68,,8658,17,0,8,1,28,,8665,17,0,8,1,67,,8676,17,0,8,2,25,,8666,17,0,8,1,65,,8677,17,0,8,2,25,,8667,17,0,8,1
3103,'H54J000S-83-S',1743,,8682,17,0,8,1
3103,'H54JV00S-80-S',1743,,8683,17,0,8,1
36103,'H51J000A-82-A',2539,,75014,41,0,8,1,9,,75042,41,0,8,2,10,,75019,41,0,8,1,50,,75028,41,0,8,1,5,,75015,41,0,8,2,6,,75023,41,0,8,1,5,,75033,41,0,8,1,5,,75017,41,0,8,1,4,,75011,41,0,8,1,6,,75031,41,0,8,1,7,,75043,41,0,8,2,9,,75038,41,0,8,1,45,,75041,41,0,8,1,5,,75036,41,0,8,1,6,,75022,41,0,8,1,5,,75035,41,0,8,1,5,,75021,41,0,8,1,3,,75026,41,0,8,1,3,,75040,41,0,8,1,3,,75044,41,0,8,1,4,,75029,41,0,8,1,4,,75016,41,0,8,2,4,,75024,41,0,8,1,3,,75020,41,0,8,1,5,,75034,41,0,8,1,6,,75012,41,0,8,1,46,,75032,41,0,8,1,6,,75013,41,0,8,1,4,,75018,41,0,8,1,8,,75039,41,0,8,1,10,,75037,41,0,8,1,10,,75030,41,0,8,2,11,,75027,41,0,8,1,54,,75025,41,0,8,1
36103,'H51J000I-82-I',2519,,75046,41,0,8,1,28,,75049,41,0,8,2,61,,75045,41,0,8,1,39,,75047,41,0,8,1,85,,75050,41,0,8,2,85,,75048,41,0,8,1,85,,75051,41,0,8,2
36103,'H51J000S-80-S',2517,,75057,41,0,8,1,23,,75056,41,0,8,1,16,,75067,35,0,8,2,1,,75062,41,0,8,2,57,,75064,41,0,8,2,11,,75052,41,0,8,1,15,,75066,41,0,8,2,13,,75058,41,0,8,1,54,,75053,41,0,8,1,11,,75060,41,0,8,1,8,,75054,41,0,8,1,7,,75061,41,0,8,1,13,,75063,41,0,8,2,8,,75065,41,0,8,2,63,,75059,41,0,8,1,85,,75055,41,0,8,1
36103,'H51J000S-80-SV',2523,,75068,41,0,8,2,5,,75071,41,0,8,2,7,,75072,41,0,8,2,11,,75074,41,0,8,2,6,,75076,41,0,8,2,51,,75077,41,0,8,2,5,,75078,41,0,8,2,9,,75079,41,0,8,2,4,,75081,41,0,8,2,8,,75082,41,0,8,2,6,,75084,41,0,8,2,12,,75069,41,0,8,2,10,,75073,41,0,8,2,54,,75075,41,0,8,2,28,,75080,41,0,8,2,19,,75085,41,0,8,2,44,,75083,41,0,8,2,9,,75070,41,0,8,2
36103,'H51JV00A-80-A',2539,,75102,41,0,8,1,9,,75118,41,0,8,2,10,,75104,41,0,8,1,50,,75115,41,0,8,1,5,,75106,41,0,8,2,6,,75110,41,0,8,1,5,,75086,41,0,8,1,5,,75108,41,0,8,1,4,,75092,41,0,8,1,6,,75098,41,0,8,1,7,,75119,41,0,8,2,9,,75089,41,0,8,1,45,,75100,41,0,8,1,5,,75113,41,0,8,1,6,,75103,41,0,8,1,5,,75088,41,0,8,1,5,,75096,41,0,8,1,3,,75094,41,0,8,1,3,,75091,41,0,8,1,3,,75117,41,0,8,1,4,,75116,41,0,8,1,4,,75107,41,0,8,2,4,,75111,41,0,8,1,3,,75105,41,0,8,1,5,,75087,41,0,8,1,6,,75093,41,0,8,1,46,,75099,41,0,8,1,6,,75101,41,0,8,1,4,,75109,41,0,8,1,8,,75090,41,0,8,1,10,,75114,41,0,8,1,10,,75097,41,0,8,2,11,,75095,41,0,8,1,54,,75112,41,0,8,1
36103,'H51JV00I-80-I',2519,,75124,41,0,8,1,28,,75121,41,0,8,2,61,,75120,41,0,8,1,39,,75125,41,0,8,1,85,,75122,41,0,8,2,85,,75126,41,0,8,1,85,,75123,41,0,8,2
36103,'H51JV00S-84-S',2517,,75134,41,0,8,1,23,,75133,41,0,8,1,16,,75142,35,0,8,2,1,,75138,41,0,8,2,57,,75140,41,0,8,2,11,,75127,41,0,8,1,15,,75136,41,0,8,1,13,,75135,41,0,8,1,54,,75129,41,0,8,1,11,,75137,41,0,8,1,8,,75130,41,0,8,1,7,,75128,41,0,8,1,13,,75139,41,0,8,2,8,,75141,41,0,8,2,63,,75132,41,0,8,1,85,,75131,41,0,8,1
36103,'H51JV00S-84-SV',2523,,75143,41,0,8,2,5,,75146,41,0,8,2,7,,75147,41,0,8,2,11,,75149,41,0,8,2,6,,75151,41,0,8,2,51,,75152,41,0,8,2,5,,75153,41,0,8,2,9,,75154,41,0,8,2,4,,75156,41,0,8,2,8,,75157,41,0,8,2,6,,75159,41,0,8,2,12,,75144,41,0,8,2,10,,75148,41,0,8,2,54,,75150,41,0,8,2,28,,75155,41,0,8,2,19,,75160,41,0,8,2,44,,75158,41,0,8,2,9,,75145,41,0,8,2
