19202,'H50J000S-83-S',702,,64665,22,0,10,1
19202,'H50JV00S-82-S',702,,64666,22,0,10,1
19202,'H51J000S-80-S',805,,64667,10,0,10,1,799,,64668,22,0,10,2,113,,64669,22,0,10,2
19202,'H51JV00S-84-S',805,,64671,10,0,10,1,799,,64670,22,0,10,1,113,,64672,22,0,10,2
19202,'H54J000A-80-A',458,,64673,22,0,10,1,71,,64694,22,0,10,2,30,,64674,22,0,10,1,70,,64682,22,0,10,1,71,,64695,22,0,10,1,30,,64675,22,0,10,1,29,,64683,22,0,10,1,69,,64696,22,0,10,1,29,,64676,22,0,10,1,70,,64684,22,0,10,1,30,,64697,22,0,10,1,70,,64677,22,0,10,1,30,,64685,22,0,10,1,73,,64698,22,0,10,1,75,,64678,22,0,10,1,32,,64686,22,0,10,1,71,,64699,22,0,10,1,31,,64706,22,0,10,1,71,,64679,22,0,10,1,31,,64687,22,0,10,1,71,,64700,22,0,10,1,30,,64707,22,0,10,1,68,,64680,22,0,10,1,27,,64688,22,0,10,1,68,,64701,22,0,10,1,28,,64708,22,0,10,1,68,,64681,22,0,10,1,31,,64689,22,0,10,1,70,,64702,22,0,10,1,30,,64709,22,0,10,1,70,,64690,22,0,10,1,30,,64703,22,0,10,1,70,,64710,22,0,10,1,30,,64691,22,0,10,1,70,,64704,22,0,10,1,30,,64711,22,0,10,1,71,,64692,22,0,10,1,30,,64705,22,0,10,1,72,,64712,22,0,10,1,32,,64693,22,0,10,1,81,,64713,22,0,10,1
19202,'H54J000I-80-I',457,,64714,22,0,10,1,71,,64730,22,0,10,2,31,,64722,22,0,10,1,72,,64715,22,0,10,1,69,,64731,22,0,10,2,29,,64723,22,0,10,1,30,,64716,22,0,10,1,70,,64732,22,0,10,2,71,,64724,22,0,10,1,30,,64717,22,0,10,1,70,,64733,22,0,10,2,30,,64725,22,0,10,1,70,,64718,22,0,10,1,30,,64734,22,0,10,2,70,,64726,22,0,10,1,31,,64719,22,0,10,1,70,,64735,22,0,10,2,30,,64747,22,0,10,1,70,,64727,22,0,10,1,30,,64720,22,0,10,1,70,,64736,22,0,10,2,30,,64748,22,0,10,1,70,,64728,22,0,10,1,30,,64721,22,0,10,1,70,,64737,22,0,10,2,31,,64749,22,0,10,1,69,,64729,22,0,10,1,31,,64738,22,0,10,2,69,,64750,22,0,10,1,30,,64743,22,0,10,1,69,,64739,22,0,10,2,29,,64751,22,0,10,1,29,,64744,22,0,10,1,70,,64740,22,0,10,2,30,,64752,22,0,10,1,70,,64745,22,0,10,1,30,,64741,22,0,10,2,70,,64753,22,0,10,1,30,,64746,22,0,10,1,71,,64742,22,0,10,2,30,,64754,22,0,10,1
19202,'H54J000S-83-S',459,,64755,22,0,10,1,64,,64761,22,0,10,1,24,,64776,22,0,10,1,63,,64777,22,0,10,1,18,,64779,22,0,10,1,16,,64756,22,0,10,1,76,,64762,22,0,10,1,20,,64773,22,0,10,1,10,,64790,10,0,10,1,5,,64778,22,0,10,1,56,,64780,22,0,10,1,29,,64757,22,0,10,1,69,,64763,22,0,10,1,29,,64774,22,0,10,1,70,,64781,22,0,10,1,30,,64758,22,0,10,1,70,,64764,22,0,10,1,30,,64791,22,0,10,2,70,,64782,22,0,10,1,30,,64759,22,0,10,1,69,,64765,22,0,10,1,29,,64792,22,0,10,2,70,,64783,22,0,10,1,29,,64760,22,0,10,1,70,,64766,22,0,10,1,40,,64794,22,0,10,1,78,,64784,22,0,10,1,19,,64775,22,0,10,1,58,,64767,22,0,10,1,35,,64793,22,0,10,1,69,,64795,22,0,10,2,28,,64785,22,0,10,1,71,,64768,22,0,10,1,31,,64796,22,0,10,1,71,,64786,22,0,10,1,29,,64769,22,0,10,1,69,,64797,22,0,10,1,30,,64787,22,0,10,1,70,,64770,22,0,10,1,30,,64798,22,0,10,1,70,,64788,22,0,10,1,30,,64771,22,0,10,1,70,,64799,22,0,10,1,30,,64789,22,0,10,1,67,,64772,22,0,10,1
19202,'H54JV00A-80-A',458,,64801,22,0,10,1,71,,64800,22,0,10,2,30,,64813,22,0,10,1,70,,64821,22,0,10,1,71,,64802,22,0,10,1,30,,64814,22,0,10,1,29,,64822,22,0,10,1,69,,64803,22,0,10,1,29,,64815,22,0,10,1,70,,64823,22,0,10,1,30,,64804,22,0,10,1,70,,64816,22,0,10,1,30,,64824,22,0,10,1,73,,64805,22,0,10,1,75,,64817,22,0,10,1,32,,64825,22,0,10,1,71,,64806,22,0,10,1,31,,64833,22,0,10,1,71,,64818,22,0,10,1,31,,64826,22,0,10,1,71,,64807,22,0,10,1,30,,64834,22,0,10,1,68,,64819,22,0,10,1,27,,64827,22,0,10,1,68,,64808,22,0,10,1,28,,64835,22,0,10,1,68,,64820,22,0,10,1,31,,64828,22,0,10,1,70,,64809,22,0,10,1,30,,64836,22,0,10,1,70,,64829,22,0,10,1,30,,64810,22,0,10,1,70,,64837,22,0,10,1,30,,64830,22,0,10,1,70,,64811,22,0,10,1,30,,64838,22,0,10,1,71,,64831,22,0,10,1,30,,64812,22,0,10,1,72,,64839,22,0,10,1,32,,64832,22,0,10,1,81,,64840,22,0,10,1
19202,'H54JV00I-80-I',457,,64874,22,0,10,1,71,,64845,22,0,10,2,31,,64866,22,0,10,1,72,,64875,22,0,10,1,69,,64846,22,0,10,2,29,,64867,22,0,10,1,30,,64876,22,0,10,1,70,,64847,22,0,10,2,71,,64868,22,0,10,1,30,,64877,22,0,10,1,70,,64848,22,0,10,2,30,,64869,22,0,10,1,70,,64878,22,0,10,1,30,,64849,22,0,10,2,70,,64870,22,0,10,1,31,,64879,22,0,10,1,70,,64850,22,0,10,2,30,,64858,22,0,10,1,70,,64871,22,0,10,1,30,,64880,22,0,10,1,70,,64851,22,0,10,2,30,,64859,22,0,10,1,70,,64872,22,0,10,1,30,,64881,22,0,10,1,70,,64852,22,0,10,2,31,,64860,22,0,10,1,69,,64873,22,0,10,1,31,,64853,22,0,10,2,69,,64861,22,0,10,1,30,,64841,22,0,10,1,69,,64854,22,0,10,2,29,,64862,22,0,10,1,29,,64842,22,0,10,1,70,,64855,22,0,10,2,30,,64863,22,0,10,1,70,,64843,22,0,10,1,30,,64856,22,0,10,2,70,,64864,22,0,10,1,30,,64844,22,0,10,1,71,,64857,22,0,10,2,30,,64865,22,0,10,1
19202,'H54JV00S-80-S',459,,64882,22,0,10,1,64,,64893,22,0,10,1,24,,64905,22,0,10,1,63,,64910,22,0,10,1,18,,64912,22,0,10,1,16,,64883,22,0,10,1,76,,64894,22,0,10,1,20,,64906,22,0,10,1,10,,64917,10,0,10,1,5,,64911,22,0,10,1,56,,64913,22,0,10,1,29,,64884,22,0,10,1,69,,64895,22,0,10,1,29,,64907,22,0,10,1,70,,64914,22,0,10,1,30,,64885,22,0,10,1,70,,64896,22,0,10,1,30,,64908,22,0,10,1,70,,64915,22,0,10,1,30,,64886,22,0,10,1,69,,64897,22,0,10,1,29,,64909,22,0,10,1,70,,64916,22,0,10,1,29,,64887,22,0,10,1,70,,64898,22,0,10,1,40,,64924,22,0,10,1,78,,64925,22,0,10,1,19,,64888,22,0,10,1,58,,64899,22,0,10,1,35,,64923,22,0,10,1,69,,64926,22,0,10,2,28,,64919,22,0,10,1,71,,64900,22,0,10,1,31,,64889,22,0,10,1,71,,64920,22,0,10,1,29,,64901,22,0,10,1,69,,64890,22,0,10,1,30,,64921,22,0,10,1,70,,64902,22,0,10,1,30,,64891,22,0,10,1,70,,64922,22,0,10,1,30,,64903,22,0,10,1,70,,64892,22,0,10,1,30,,64918,22,0,10,1,67,,64904,22,0,10,1
19202,'H57J000S-81-S',1525,,64927,22,0,10,2
19202,'H57JV00S-83-S',1525,,64928,22,0,10,2
19202,'H58J000S-81-S',738,,64929,10,0,10,1
19202,'H58J000S-83-S',738,,64930,10,0,10,1
19202,'H58JV00S-82-S',738,,64931,10,0,10,1
