5201,'H58M000S-70-S',631,,104173,5,0,5,1,72,,104174,5,0,5,2,31,,104170,5,0,5,1,70,,104171,5,0,5,1,32,,104172,5,0,5,2,65,,104175,5,0,5,1
10001,'H50M000A-70-A',537,,117267,38,0,5,1,70,,117266,38,0,5,1,31,,117308,38,0,5,2,73,,117268,38,0,5,1,34,,117278,38,0,5,1,67,,117309,38,0,5,2,27,,117269,38,0,5,1,67,,117275,38,0,5,1,28,,117279,38,0,5,1,67,,117270,38,0,5,1,31,,117264,38,0,5,2,70,,117280,38,0,5,1,32,,117271,38,0,5,1,75,,117265,38,0,5,2,30,,117281,38,0,5,1,68,,117299,38,0,5,1,28,,117292,38,0,5,2,68,,117272,38,0,5,2,27,,117282,38,0,5,1,24,,117300,38,0,5,1,62,,117293,38,0,5,2,21,,117284,38,0,5,1,12,,117283,38,0,5,1,2,,117273,38,0,5,2,59,,117276,38,0,5,1,20,,117301,38,0,5,1,18,,117285,38,0,5,1,56,,117294,38,0,5,2,13,,117311,38,0,5,1,13,,117274,38,0,5,2,10,,117302,38,0,5,1,18,,117277,38,0,5,1,62,,117286,38,0,5,1,24,,117295,38,0,5,2,68,,117303,38,0,5,1,30,,117287,38,0,5,1,70,,117296,38,0,5,2,28,,117304,38,0,5,1,68,,117288,38,0,5,1,28,,117297,38,0,5,2,67,,117305,38,0,5,1,32,,117289,38,0,5,1,73,,117298,38,0,5,2,33,,117306,38,0,5,1,64,,117290,38,0,5,1,29,,117310,38,0,5,1,74,,117307,38,0,5,1,38,,117291,38,0,5,1
10001,'H50M000I-70-I',646,,117325,38,0,5,1,69,,117312,38,0,5,1,28,,117343,38,0,5,1,73,,117326,38,0,5,1,33,,117313,38,0,5,1,73,,117344,38,0,5,1,30,,117327,38,0,5,1,70,,117314,38,0,5,1,29,,117345,38,0,5,1,69,,117328,38,0,5,1,30,,117315,38,0,5,1,70,,117331,38,0,5,1,34,,117329,38,0,5,1,72,,117316,38,0,5,1,32,,117332,38,0,5,1,71,,117330,38,0,5,1,30,,117317,38,0,5,1,68,,117334,38,0,5,1,19,,117354,38,0,5,1,3,,117333,38,0,5,1,10,,117336,38,0,5,2,54,,117353,38,0,5,1,15,,117318,38,0,5,1,16,,117347,38,0,5,1,59,,117335,38,0,5,1,20,,117337,38,0,5,2,20,,117355,38,0,5,2,59,,117319,38,0,5,1,24,,117348,38,0,5,1,30,,117338,38,0,5,2,70,,117320,38,0,5,1,30,,117349,38,0,5,1,70,,117339,38,0,5,2,30,,117321,38,0,5,1,70,,117350,38,0,5,1,30,,117340,38,0,5,2,69,,117322,38,0,5,1,29,,117351,38,0,5,1,70,,117341,38,0,5,2,20,,117323,38,0,5,1,64,,117346,38,0,5,1,30,,117352,38,0,5,1,73,,117342,38,0,5,2,35,,117324,38,0,5,1
10001,'H50M000S-70-S',537,,117356,38,0,5,2,73,,117398,38,0,5,2,35,,117362,38,0,5,1,62,,117357,38,0,5,2,21,,117405,38,0,5,2,21,,117373,38,0,5,1,68,,117372,38,0,5,1,29,,117358,38,0,5,2,70,,117382,38,0,5,1,29,,117363,38,0,5,1,66,,117374,38,0,5,1,33,,117359,38,0,5,2,73,,117364,38,0,5,1,26,,117375,38,0,5,1,72,,117383,38,0,5,2,30,,117360,38,0,5,2,71,,117365,38,0,5,1,27,,117376,38,0,5,1,64,,117384,38,0,5,2,20,,117389,38,0,5,2,18,,117361,38,0,5,2,11,,117366,38,0,5,1,56,,117401,38,0,5,1,15,,117377,38,0,5,1,27,,117385,38,0,5,2,51,,117396,38,0,5,1,10,,117390,38,0,5,2,23,,117395,38,0,5,1,12,,117367,38,0,5,1,66,,117378,38,0,5,1,13,,117397,38,0,5,1,12,,117386,38,0,5,2,13,,117409,38,0,5,1,52,,117391,38,0,5,2,14,,117403,38,0,5,2,15,,117368,38,0,5,1,23,,117379,38,0,5,1,62,,117387,38,0,5,2,28,,117392,38,0,5,2,69,,117369,38,0,5,1,29,,117388,38,0,5,2,69,,117393,38,0,5,2,29,,117370,38,0,5,1,68,,117406,38,0,5,1,28,,117394,38,0,5,2,60,,117380,38,0,5,1,17,,117404,38,0,5,1,15,,117371,38,0,5,1,5,,117407,38,0,5,1,10,,117402,38,0,5,1,61,,117399,38,0,5,2,30,,117381,38,0,5,1,73,,117408,38,0,5,1,32,,117400,38,0,5,2
10001,'H50M100F-70-F1',646,,117423,38,0,5,1,69,,117410,38,0,5,1,28,,117441,38,0,5,1,73,,117424,38,0,5,1,33,,117411,38,0,5,1,73,,117442,38,0,5,1,30,,117427,38,0,5,1,70,,117412,38,0,5,1,29,,117443,38,0,5,1,69,,117425,38,0,5,1,30,,117413,38,0,5,1,70,,117429,38,0,5,1,34,,117426,38,0,5,1,72,,117414,38,0,5,1,32,,117430,38,0,5,1,71,,117428,38,0,5,1,30,,117415,38,0,5,1,68,,117432,38,0,5,1,19,,117452,38,0,5,1,3,,117431,38,0,5,1,10,,117434,38,0,5,2,54,,117451,38,0,5,1,15,,117416,38,0,5,1,16,,117445,38,0,5,1,59,,117433,38,0,5,1,20,,117435,38,0,5,2,20,,117453,38,0,5,2,59,,117417,38,0,5,1,24,,117446,38,0,5,1,30,,117436,38,0,5,2,70,,117418,38,0,5,1,30,,117447,38,0,5,1,70,,117437,38,0,5,2,30,,117419,38,0,5,1,70,,117448,38,0,5,1,30,,117438,38,0,5,2,69,,117420,38,0,5,1,29,,117449,38,0,5,1,70,,117439,38,0,5,2,20,,117421,38,0,5,1,64,,117444,38,0,5,1,30,,117450,38,0,5,1,73,,117440,38,0,5,2,35,,117422,38,0,5,1
10001,'H50M200F-70-F2',646,,117467,38,0,5,1,69,,117454,38,0,5,1,28,,117485,38,0,5,1,73,,117468,38,0,5,1,33,,117455,38,0,5,1,73,,117486,38,0,5,1,30,,117469,38,0,5,1,70,,117456,38,0,5,1,29,,117487,38,0,5,1,69,,117470,38,0,5,1,30,,117457,38,0,5,1,70,,117472,38,0,5,1,34,,117471,38,0,5,1,72,,117458,38,0,5,1,32,,117474,38,0,5,1,71,,117473,38,0,5,1,30,,117459,38,0,5,1,68,,117476,38,0,5,1,19,,117496,38,0,5,1,3,,117475,38,0,5,1,10,,117478,38,0,5,2,54,,117495,38,0,5,1,15,,117461,38,0,5,1,16,,117489,38,0,5,1,59,,117477,38,0,5,1,20,,117479,38,0,5,2,20,,117497,38,0,5,2,59,,117460,38,0,5,1,24,,117490,38,0,5,1,30,,117480,38,0,5,2,70,,117462,38,0,5,1,30,,117491,38,0,5,1,70,,117481,38,0,5,2,30,,117463,38,0,5,1,70,,117492,38,0,5,1,30,,117482,38,0,5,2,69,,117464,38,0,5,1,29,,117493,38,0,5,1,70,,117483,38,0,5,2,20,,117465,38,0,5,1,64,,117488,38,0,5,1,30,,117494,38,0,5,1,73,,117484,38,0,5,2,35,,117466,38,0,5,1
10001,'H50M300F-80-F3',646,,169974,38,0,5,1,69,,169966,38,0,5,2,28,,170001,38,0,5,1,73,,169975,38,0,5,1,33,,169967,38,0,5,2,73,,170002,38,0,5,1,29,,169976,38,0,5,1,69,,169968,38,0,5,2,28,,170003,38,0,5,1,71,,169977,38,0,5,1,31,,169969,38,0,5,2,70,,170004,38,0,5,1,34,,169978,38,0,5,1,73,,169970,38,0,5,2,73,,170005,38,0,5,1,31,,169979,38,0,5,1,69,,169971,38,0,5,2,27,,169993,38,0,5,1,19,,169965,38,0,5,2,3,,169981,38,0,5,2,10,,170006,38,0,5,1,53,,169980,38,0,5,1,16,,169972,38,0,5,2,16,,170007,38,0,5,1,58,,169994,38,0,5,1,22,,169982,38,0,5,2,19,,169988,38,0,5,1,59,,169973,38,0,5,2,24,,169995,38,0,5,1,30,,169983,38,0,5,2,70,,169989,38,0,5,1,30,,169996,38,0,5,1,70,,169984,38,0,5,2,30,,169990,38,0,5,1,70,,169997,38,0,5,1,30,,169985,38,0,5,2,69,,169991,38,0,5,1,29,,169998,38,0,5,1,70,,169986,38,0,5,2,20,,169992,38,0,5,1,64,,169999,38,0,5,1,30,,170008,38,0,5,1,73,,169987,38,0,5,2,35,,170000,38,0,5,1
10001,'H51M000S-70-S',1626,,117542,38,0,5,2
10001,'H58M000S-70-S',1542,,117543,38,0,5,2,6,,117544,38,0,5,2
10001,'H60M000S-71-S',1704,,117545,38,0,5,2
13503,'H50M000S-70-S',1557,,129137,5,0,8,1
13503,'H58M000S-70-S',1413,,129138,5,0,8,1,26,,129139,5,0,8,2,78,,129140,5,0,8,2,89,,129142,5,0,8,1,26,,129143,5,0,8,2,83,,129141,5,0,8,2,41,,129144,5,0,8,2
