12803,'H50J000A-84-A',629,,45824,18,0,8,1,80,,45816,18,0,8,1,37,,45815,18,0,8,2,78,,45825,18,0,8,1,29,,45846,18,0,8,2,73,,45817,18,0,8,1,28,,45832,18,0,8,2,65,,45839,18,0,8,2,27,,45826,18,0,8,1,67,,45847,18,0,8,2,26,,45818,18,0,8,1,69,,45833,18,0,8,2,27,,45840,18,0,8,2,68,,45827,18,0,8,1,27,,45848,18,0,8,2,26,,45819,18,0,8,1,70,,45834,18,0,8,2,28,,45841,18,0,8,2,68,,45828,18,0,8,1,27,,45849,18,0,8,2,68,,45820,18,0,8,1,32,,45835,18,0,8,2,69,,45842,18,0,8,2,28,,45829,18,0,8,1,63,,45850,18,0,8,2,25,,45821,18,0,8,1,71,,45836,18,0,8,2,29,,45843,18,0,8,2,73,,45830,18,0,8,1,36,,45822,18,0,8,1,69,,45837,18,0,8,2,28,,45844,18,0,8,2,69,,45831,18,0,8,1,34,,45823,18,0,8,1,75,,45838,18,0,8,2,38,,45845,18,0,8,2,77,,45851,18,0,8,1
12803,'H50J000I-84-I',630,,45860,18,0,8,1,78,,45852,18,0,8,2,37,,45869,18,0,8,1,74,,45877,18,0,8,2,34,,45861,18,0,8,1,77,,45853,18,0,8,2,76,,45870,18,0,8,1,35,,45878,18,0,8,2,74,,45862,18,0,8,1,37,,45854,18,0,8,2,72,,45871,18,0,8,1,32,,45879,18,0,8,2,68,,45885,18,0,8,2,28,,45863,18,0,8,1,70,,45855,18,0,8,2,29,,45872,18,0,8,1,68,,45880,18,0,8,2,29,,45886,18,0,8,2,62,,45864,18,0,8,1,33,,45856,18,0,8,2,72,,45873,18,0,8,1,38,,45881,18,0,8,2,72,,45865,18,0,8,1,34,,45857,18,0,8,2,70,,45874,18,0,8,1,72,,45882,18,0,8,2,30,,45866,18,0,8,1,71,,45858,18,0,8,2,31,,45875,18,0,8,1,73,,45883,18,0,8,2,34,,45867,18,0,8,1,70,,45859,18,0,8,2,36,,45876,18,0,8,1,70,,45884,18,0,8,2,15,,45868,18,0,8,1
12803,'H50J000S-83-S',540,,45895,18,0,8,1,73,,45903,18,0,8,2,32,,45887,18,0,8,1,67,,45910,18,0,8,1,33,,45924,18,0,8,2,72,,45896,18,0,8,1,32,,45904,18,0,8,2,77,,45888,18,0,8,1,22,,45911,18,0,8,1,69,,45925,18,0,8,2,28,,45897,18,0,8,1,69,,45905,18,0,8,2,32,,45889,18,0,8,1,68,,45912,18,0,8,1,30,,45918,18,0,8,2,70,,45898,18,0,8,1,28,,45906,18,0,8,2,68,,45890,18,0,8,1,29,,45913,18,0,8,1,76,,45919,18,0,8,2,30,,45899,18,0,8,1,76,,45907,18,0,8,2,36,,45891,18,0,8,1,76,,45914,18,0,8,1,73,,45920,18,0,8,2,30,,45900,18,0,8,1,71,,45908,18,0,8,2,27,,45892,18,0,8,1,66,,45915,18,0,8,1,28,,45921,18,0,8,2,28,,45901,18,0,8,1,71,,45909,18,0,8,2,17,,45893,18,0,8,1,62,,45916,18,0,8,1,30,,45922,18,0,8,2,70,,45902,18,0,8,1,38,,45894,18,0,8,1,67,,45917,18,0,8,1,27,,45923,18,0,8,2
12803,'H50JV00A-81-A',629,,45935,18,0,8,1,80,,45927,18,0,8,1,37,,45926,18,0,8,2,78,,45936,18,0,8,1,29,,45957,18,0,8,2,73,,45928,18,0,8,1,28,,45943,18,0,8,2,65,,45950,18,0,8,2,27,,45937,18,0,8,1,67,,45958,18,0,8,2,26,,45929,18,0,8,1,69,,45944,18,0,8,2,27,,45951,18,0,8,2,68,,45938,18,0,8,1,27,,45959,18,0,8,2,26,,45930,18,0,8,1,70,,45945,18,0,8,2,28,,45952,18,0,8,2,68,,45939,18,0,8,1,27,,45960,18,0,8,2,68,,45931,18,0,8,1,32,,45946,18,0,8,2,69,,45953,18,0,8,2,28,,45940,18,0,8,1,63,,45961,18,0,8,2,25,,45932,18,0,8,1,71,,45947,18,0,8,2,29,,45954,18,0,8,2,73,,45941,18,0,8,1,36,,45933,18,0,8,1,69,,45948,18,0,8,2,28,,45955,18,0,8,2,69,,45942,18,0,8,1,34,,45934,18,0,8,1,75,,45949,18,0,8,2,38,,45956,18,0,8,2,77,,45962,18,0,8,1
12803,'H50JV00I-81-I',630,,45971,18,0,8,1,78,,45963,18,0,8,2,37,,45980,18,0,8,1,74,,45988,18,0,8,2,34,,45972,18,0,8,1,77,,45964,18,0,8,2,76,,45981,18,0,8,1,35,,45989,18,0,8,2,74,,45973,18,0,8,1,37,,45965,18,0,8,2,72,,45982,18,0,8,1,32,,45990,18,0,8,2,68,,45996,18,0,8,2,28,,45974,18,0,8,1,70,,45966,18,0,8,2,29,,45983,18,0,8,1,68,,45991,18,0,8,2,29,,45997,18,0,8,2,62,,45975,18,0,8,1,33,,45967,18,0,8,2,72,,45984,18,0,8,1,38,,45992,18,0,8,2,72,,45976,18,0,8,1,34,,45968,18,0,8,2,70,,45985,18,0,8,1,72,,45993,18,0,8,2,30,,45977,18,0,8,1,71,,45969,18,0,8,2,31,,45986,18,0,8,1,73,,45994,18,0,8,2,34,,45978,18,0,8,1,70,,45970,18,0,8,2,36,,45987,18,0,8,1,70,,45995,18,0,8,2,15,,45979,18,0,8,1
12803,'H50JV00S-82-S',540,,46006,18,0,8,1,73,,46014,18,0,8,2,32,,45998,18,0,8,1,67,,46021,18,0,8,1,33,,46035,18,0,8,2,72,,46007,18,0,8,1,32,,46015,18,0,8,2,77,,45999,18,0,8,1,22,,46022,18,0,8,1,69,,46036,18,0,8,2,28,,46008,18,0,8,1,69,,46016,18,0,8,2,32,,46000,18,0,8,1,68,,46023,18,0,8,1,30,,46029,18,0,8,2,70,,46009,18,0,8,1,28,,46017,18,0,8,2,68,,46001,18,0,8,1,29,,46024,18,0,8,1,76,,46030,18,0,8,2,30,,46010,18,0,8,1,76,,46018,18,0,8,2,36,,46002,18,0,8,1,76,,46025,18,0,8,1,73,,46031,18,0,8,2,30,,46011,18,0,8,1,71,,46019,18,0,8,2,27,,46003,18,0,8,1,66,,46026,18,0,8,1,28,,46032,18,0,8,2,28,,46012,18,0,8,1,71,,46020,18,0,8,2,17,,46004,18,0,8,1,62,,46027,18,0,8,1,30,,46033,18,0,8,2,70,,46013,18,0,8,1,38,,46005,18,0,8,1,67,,46028,18,0,8,1,27,,46034,18,0,8,2
17502,'H50J000S-83-S',538,,59412,4,0,10,1,62,,59426,4,0,10,2,20,,59425,4,0,10,1,20,,59420,4,0,10,1,14,,59413,4,0,10,1,65,,59414,4,0,10,2,16,,59427,4,0,10,2,88,,59421,4,0,10,1,26,,59415,4,0,10,2,68,,59428,4,0,10,2,28,,59422,4,0,10,1,69,,59416,4,0,10,2,30,,59429,4,0,10,2,76,,59423,4,0,10,1,38,,59430,4,0,10,2,78,,59424,4,0,10,1,78,,59431,4,0,10,2,34,,59434,4,0,10,1,72,,59417,4,0,10,1,27,,59432,4,0,10,2,67,,59435,4,0,10,1,31,,59418,4,0,10,1,68,,59433,4,0,10,2,28,,59436,4,0,10,1,94,,59419,4,0,10,1
17502,'H50JV00S-82-S',538,,59437,4,0,10,1,62,,59451,4,0,10,2,20,,59450,4,0,10,1,20,,59445,4,0,10,1,14,,59438,4,0,10,1,65,,59439,4,0,10,2,16,,59452,4,0,10,2,88,,59446,4,0,10,1,26,,59440,4,0,10,2,68,,59453,4,0,10,2,28,,59447,4,0,10,1,69,,59441,4,0,10,2,30,,59454,4,0,10,2,76,,59448,4,0,10,1,38,,59455,4,0,10,2,78,,59449,4,0,10,1,78,,59456,4,0,10,2,34,,59459,4,0,10,1,72,,59442,4,0,10,1,27,,59457,4,0,10,2,67,,59460,4,0,10,1,31,,59443,4,0,10,1,68,,59458,4,0,10,2,28,,59461,4,0,10,1,94,,59444,4,0,10,1
17502,'H60J000S-98-S',708,,59463,4,0,10,1,51,,59462,4,0,10,1,949,,59465,4,0,10,2,95,,59464,4,0,10,2
17502,'H60JV00S-98-S',708,,59467,4,0,10,1,51,,59469,4,0,10,1,949,,59468,4,0,10,2,95,,59466,4,0,10,2
20202,'H50J000S-83-S',1519,,68900,4,0,10,1
20202,'H50JV00S-82-S',1519,,68901,4,0,10,1
20202,'H60J000A-80-A',602,,68904,4,0,10,1,21,,68915,4,0,10,2,19,,68926,4,0,10,1,59,,68931,4,0,10,1,19,,68911,4,0,10,1,19,,68920,4,0,10,2,66,,68905,4,0,10,1,31,,68903,4,0,10,2,70,,68932,4,0,10,1,30,,68912,4,0,10,1,71,,68917,4,0,10,1,31,,68906,4,0,10,1,71,,68921,4,0,10,2,32,,68927,4,0,10,1,72,,68918,4,0,10,1,32,,68913,4,0,10,1,63,,68907,4,0,10,1,23,,68922,4,0,10,2,23,,68936,4,0,10,1,63,,68928,4,0,10,1,23,,68919,4,0,10,1,63,,68914,4,0,10,1,23,,68908,4,0,10,1,23,,68923,4,0,10,2,66,,68937,4,0,10,1,25,,68929,4,0,10,1,65,,68941,4,0,10,1,23,,68942,4,0,10,1,21,,68909,4,0,10,1,64,,68924,4,0,10,2,25,,68938,4,0,10,1,72,,68930,4,0,10,1,32,,68933,4,0,10,1,68,,68943,4,0,10,1,28,,68910,4,0,10,1,68,,68935,4,0,10,1,29,,68925,4,0,10,1,70,,68940,4,0,10,1,29,,68902,4,0,10,1,71,,68939,4,0,10,1,31,,68916,4,0,10,1,67,,68934,4,0,10,1
20202,'H60J000I-80-I',602,,68946,4,0,10,1,30,,68956,4,0,10,1,70,,68966,4,0,10,1,31,,68971,4,0,10,2,71,,68947,4,0,10,1,30,,68957,4,0,10,1,70,,68967,4,0,10,1,32,,68972,4,0,10,2,72,,68948,4,0,10,1,31,,68958,4,0,10,1,71,,68968,4,0,10,1,30,,68973,4,0,10,2,70,,68953,4,0,10,1,30,,68963,4,0,10,1,71,,68969,4,0,10,1,31,,68961,4,0,10,2,71,,68959,4,0,10,1,31,,68975,4,0,10,1,59,,68978,4,0,10,2,21,,68964,4,0,10,1,21,,68970,4,0,10,1,70,,68962,4,0,10,2,30,,68960,4,0,10,1,72,,68979,4,0,10,2,31,,68965,4,0,10,1,71,,68949,4,0,10,1,29,,68976,4,0,10,1,68,,68954,4,0,10,1,29,,68980,4,0,10,2,69,,68944,4,0,10,1,29,,68950,4,0,10,1,70,,68977,4,0,10,1,28,,68955,4,0,10,1,68,,68981,4,0,10,2,28,,68945,4,0,10,1,69,,68951,4,0,10,1,28,,68952,4,0,10,2,68,,68974,4,0,10,1
20202,'H60J000S-98-S',543,,68985,4,0,10,1,73,,68984,4,0,10,1,33,,68988,4,0,10,1,73,,68992,4,0,10,1,29,,69000,4,0,10,1,66,,68986,4,0,10,1,25,,68998,4,0,10,2,66,,68999,4,0,10,1,26,,68989,4,0,10,1,66,,68993,4,0,10,1,25,,69001,4,0,10,1,23,,68987,4,0,10,1,62,,68983,4,0,10,1,23,,68994,4,0,10,1,25,,68990,4,0,10,1,65,,69007,4,0,10,1,19,,68982,4,0,10,2,58,,69002,4,0,10,1,18,,69011,4,0,10,1,17,,69009,4,0,10,1,15,,69012,4,0,10,1,56,,68995,4,0,10,1,21,,68991,4,0,10,1,24,,69008,4,0,10,1,92,,69015,4,0,10,1,59,,69014,4,0,10,2,19,,69010,4,0,10,1,17,,69019,4,0,10,1,71,,69013,4,0,10,1,31,,69003,4,0,10,1,70,,68996,4,0,10,1,29,,69022,4,0,10,2,70,,69020,4,0,10,1,29,,69017,4,0,10,2,68,,69004,4,0,10,1,28,,68997,4,0,10,1,68,,69023,4,0,10,2,27,,69021,4,0,10,1,27,,69018,4,0,10,2,67,,69005,4,0,10,1,33,,69024,4,0,10,1,74,,69016,4,0,10,1,73,,69006,4,0,10,1
20202,'H60JV00A-80-A',602,,69031,4,0,10,1,21,,69028,4,0,10,2,19,,69034,4,0,10,1,59,,69060,4,0,10,1,19,,69058,4,0,10,1,19,,69045,4,0,10,2,66,,69032,4,0,10,1,31,,69030,4,0,10,2,70,,69061,4,0,10,1,30,,69059,4,0,10,1,71,,69062,4,0,10,1,31,,69036,4,0,10,1,71,,69046,4,0,10,2,32,,69041,4,0,10,1,72,,69065,4,0,10,1,32,,69063,4,0,10,1,63,,69037,4,0,10,1,23,,69047,4,0,10,2,23,,69052,4,0,10,1,63,,69042,4,0,10,1,23,,69066,4,0,10,1,63,,69064,4,0,10,1,23,,69038,4,0,10,1,23,,69048,4,0,10,2,66,,69053,4,0,10,1,25,,69043,4,0,10,1,65,,69056,4,0,10,1,23,,69050,4,0,10,1,21,,69039,4,0,10,1,64,,69049,4,0,10,2,25,,69054,4,0,10,1,72,,69044,4,0,10,1,32,,69027,4,0,10,1,68,,69051,4,0,10,1,28,,69040,4,0,10,1,68,,69033,4,0,10,1,29,,69026,4,0,10,1,70,,69057,4,0,10,1,29,,69035,4,0,10,1,71,,69055,4,0,10,1,31,,69029,4,0,10,1,67,,69025,4,0,10,1
20202,'H60JV00I-80-I',602,,69083,4,0,10,1,30,,69089,4,0,10,1,70,,69080,4,0,10,1,31,,69097,4,0,10,2,71,,69084,4,0,10,1,30,,69090,4,0,10,1,70,,69081,4,0,10,1,32,,69098,4,0,10,2,72,,69085,4,0,10,1,31,,69091,4,0,10,1,71,,69082,4,0,10,1,30,,69099,4,0,10,2,70,,69075,4,0,10,1,30,,69094,4,0,10,1,71,,69073,4,0,10,1,31,,69103,4,0,10,2,71,,69092,4,0,10,1,31,,69100,4,0,10,1,59,,69076,4,0,10,2,21,,69095,4,0,10,1,21,,69074,4,0,10,1,70,,69104,4,0,10,2,30,,69093,4,0,10,1,72,,69077,4,0,10,2,31,,69096,4,0,10,1,71,,69086,4,0,10,1,29,,69101,4,0,10,1,68,,69071,4,0,10,1,29,,69078,4,0,10,2,69,,69069,4,0,10,1,29,,69087,4,0,10,1,70,,69102,4,0,10,1,28,,69072,4,0,10,1,68,,69079,4,0,10,2,28,,69070,4,0,10,1,69,,69088,4,0,10,1,28,,69067,4,0,10,2,68,,69068,4,0,10,1
20202,'H60JV00S-98-S',543,,69124,4,0,10,1,73,,69105,4,0,10,1,33,,69110,4,0,10,1,73,,69134,4,0,10,1,29,,69137,4,0,10,1,66,,69125,4,0,10,1,25,,69123,4,0,10,2,66,,69136,4,0,10,1,26,,69111,4,0,10,1,66,,69135,4,0,10,1,25,,69138,4,0,10,1,23,,69126,4,0,10,1,62,,69145,4,0,10,1,23,,69130,4,0,10,1,25,,69112,4,0,10,1,65,,69140,4,0,10,1,19,,69106,4,0,10,2,58,,69139,4,0,10,1,18,,69143,4,0,10,1,17,,69116,4,0,10,1,15,,69108,4,0,10,1,56,,69131,4,0,10,1,21,,69113,4,0,10,1,24,,69141,4,0,10,1,92,,69107,4,0,10,1,59,,69109,4,0,10,1,19,,69117,4,0,10,1,17,,69118,4,0,10,1,71,,69142,4,0,10,1,31,,69127,4,0,10,1,70,,69132,4,0,10,1,29,,69121,4,0,10,2,70,,69119,4,0,10,1,29,,69114,4,0,10,2,68,,69128,4,0,10,1,28,,69133,4,0,10,1,68,,69122,4,0,10,2,27,,69120,4,0,10,1,27,,69115,4,0,10,2,67,,69129,4,0,10,1,33,,69147,4,0,10,1,74,,69144,4,0,10,1,73,,69146,4,0,10,1
