8601,'H54U000A-80-A',651,,242443,97,0,5,2,73,,242432,97,0,5,1,33,,242433,97,0,5,1,74,,242438,97,0,5,2,72,,242450,97,0,5,1,34,,242444,97,0,5,2,73,,242457,97,0,5,2,34,,242434,97,0,5,1,72,,242439,97,0,5,2,32,,242451,97,0,5,1,74,,242445,97,0,5,2,33,,242458,97,0,5,2,73,,242435,97,0,5,1,73,,242440,97,0,5,2,33,,242452,97,0,5,1,72,,242446,97,0,5,2,33,,242459,97,0,5,2,73,,242436,97,0,5,1,31,,242441,97,0,5,2,73,,242453,97,0,5,1,32,,242447,97,0,5,2,73,,242460,97,0,5,2,30,,242437,97,0,5,1,71,,242442,97,0,5,2,33,,242454,97,0,5,1,72,,242448,97,0,5,2,73,,242461,97,0,5,2,33,,242464,97,0,5,1,73,,242465,97,0,5,2,31,,242455,97,0,5,1,72,,242449,97,0,5,2,32,,242462,97,0,5,2,71,,242468,97,0,5,1,31,,242466,97,0,5,2,71,,242456,97,0,5,1,33,,242463,97,0,5,2,72,,242469,97,0,5,1,31,,242467,97,0,5,2
8601,'H54U000I-80-I',651,,242470,97,0,5,1,72,,242473,97,0,5,2,31,,242480,97,0,5,1,71,,242475,97,0,5,1,33,,242487,97,0,5,2,73,,242471,97,0,5,1,72,,242492,97,0,5,2,34,,242497,97,0,5,2,73,,242476,97,0,5,1,33,,242488,97,0,5,2,73,,242481,97,0,5,1,32,,242493,97,0,5,2,72,,242498,97,0,5,2,32,,242477,97,0,5,1,72,,242489,97,0,5,2,32,,242482,97,0,5,1,72,,242494,97,0,5,2,73,,242499,97,0,5,2,32,,242478,97,0,5,1,71,,242490,97,0,5,2,33,,242483,97,0,5,1,73,,242495,97,0,5,1,32,,242500,97,0,5,2,73,,242479,97,0,5,1,33,,242474,97,0,5,2,70,,242484,97,0,5,1,32,,242496,97,0,5,1,71,,242501,97,0,5,2,31,,242491,97,0,5,2,70,,242508,97,0,5,1,30,,242485,97,0,5,1,69,,242472,97,0,5,1,31,,242502,97,0,5,1,70,,242503,97,0,5,1,31,,242505,97,0,5,1,72,,242486,97,0,5,1,29,,242507,97,0,5,1,70,,242504,97,0,5,1,30,,242506,97,0,5,1
8601,'H54U000S-81-S',648,,242529,97,0,5,1,67,,242509,97,0,5,1,30,,242513,97,0,5,2,75,,242523,97,0,5,1,35,,242531,97,0,5,2,68,,242530,97,0,5,1,29,,242510,97,0,5,1,71,,242514,97,0,5,2,29,,242524,97,0,5,1,68,,242517,97,0,5,1,30,,242536,97,0,5,2,67,,242532,97,0,5,2,27,,242511,97,0,5,1,70,,242515,97,0,5,2,30,,242525,97,0,5,1,70,,242518,97,0,5,1,30,,242537,97,0,5,2,70,,242533,97,0,5,2,30,,242512,97,0,5,1,72,,242516,97,0,5,2,32,,242526,97,0,5,1,72,,242519,97,0,5,1,33,,242538,97,0,5,2,71,,242542,97,0,5,1,27,,242548,97,0,5,2,70,,242527,97,0,5,1,31,,242520,97,0,5,1,68,,242539,97,0,5,2,29,,242543,97,0,5,1,69,,242549,97,0,5,2,29,,242528,97,0,5,1,69,,242521,97,0,5,1,29,,242540,97,0,5,2,67,,242544,97,0,5,1,25,,242546,97,0,5,2,68,,242534,97,0,5,1,30,,242522,97,0,5,1,70,,242541,97,0,5,2,31,,242545,97,0,5,1,71,,242547,97,0,5,2,31,,242535,97,0,5,1
8601,'H54U100F-80-F1',651,,242550,97,0,5,1,72,,242553,97,0,5,2,31,,242560,97,0,5,1,71,,242555,97,0,5,1,33,,242567,97,0,5,2,73,,242551,97,0,5,1,72,,242572,97,0,5,2,34,,242577,97,0,5,2,73,,242556,97,0,5,1,33,,242568,97,0,5,2,73,,242561,97,0,5,1,32,,242573,97,0,5,2,72,,242578,97,0,5,2,32,,242557,97,0,5,1,72,,242569,97,0,5,2,32,,242562,97,0,5,1,72,,242574,97,0,5,2,73,,242579,97,0,5,2,32,,242558,97,0,5,1,71,,242570,97,0,5,2,33,,242563,97,0,5,1,73,,242575,97,0,5,1,32,,242580,97,0,5,2,73,,242559,97,0,5,1,33,,242554,97,0,5,2,70,,242564,97,0,5,1,32,,242576,97,0,5,1,71,,242581,97,0,5,2,31,,242571,97,0,5,2,70,,242588,97,0,5,1,30,,242565,97,0,5,1,69,,242552,97,0,5,1,31,,242582,97,0,5,1,70,,242583,97,0,5,1,31,,242585,97,0,5,1,72,,242566,97,0,5,1,29,,242587,97,0,5,1,70,,242584,97,0,5,1,30,,242586,97,0,5,1
8601,'H54U200F-82-F2',651,,242589,97,0,5,1,72,,242591,97,0,5,1,31,,242608,97,0,5,1,71,,242600,97,0,5,1,33,,242611,97,0,5,2,73,,242602,97,0,5,1,72,,242623,97,0,5,2,34,,242616,97,0,5,1,73,,242592,97,0,5,2,33,,242612,97,0,5,2,73,,242603,97,0,5,1,32,,242624,97,0,5,2,72,,242617,97,0,5,1,32,,242593,97,0,5,2,72,,242613,97,0,5,2,32,,242604,97,0,5,1,72,,242625,97,0,5,2,73,,242618,97,0,5,1,32,,242594,97,0,5,2,71,,242614,97,0,5,2,33,,242605,97,0,5,1,73,,242598,97,0,5,1,32,,242619,97,0,5,1,73,,242595,97,0,5,2,33,,242615,97,0,5,2,70,,242606,97,0,5,1,32,,242626,97,0,5,1,71,,242596,97,0,5,2,31,,242601,97,0,5,2,70,,242607,97,0,5,1,30,,242620,97,0,5,2,69,,242627,97,0,5,1,31,,242597,97,0,5,2,70,,242622,97,0,5,1,31,,242609,97,0,5,1,72,,242621,97,0,5,2,30,,242599,97,0,5,1,69,,242590,97,0,5,2,30,,242610,97,0,5,1
36201,'H54U000A-80-A',2720,,277314,108,0,5,1,85,,277315,108,0,5,2,45,,277316,108,0,5,1,85,,277317,108,0,5,1
36201,'H54U000I-80-I',2636,,277318,108,0,5,1,84,,277320,108,0,5,1,84,,277321,108,0,5,2,45,,277322,108,0,5,1,85,,277319,108,0,5,1
36201,'H54U000S-81-S',2635,,277324,108,0,5,1,85,,277327,108,0,5,2,85,,277323,108,0,5,1,45,,277326,108,0,5,2,85,,277325,108,0,5,1
36201,'H54U100F-80-F1',2636,,277328,108,0,5,1,84,,277330,108,0,5,1,84,,277331,108,0,5,2,45,,277332,108,0,5,1,85,,277329,108,0,5,1
36201,'H54U200F-82-F2',2636,,277336,108,0,5,1,84,,277335,108,0,5,1,84,,277334,108,0,5,2,45,,277333,108,0,5,1,85,,277337,108,0,5,1
41001,'H57U000S-81-S',1606,,278055,36,0,5,1,34,,278057,36,0,5,2,71,,278058,36,0,5,1,28,,278060,36,0,5,2,63,,278061,36,0,5,2,24,,278054,36,0,5,1,27,,278052,36,0,5,1,64,,278053,36,0,5,1,26,,278056,36,0,5,1,67,,278059,36,0,5,1
48701,'H54U000S-81-S',704,,281067,16,0,99 124,2,30,,281069,16,0,99 124,1,70,,281066,16,0,99 124,2,30,,281068,16,0,99 124,2,72,,281070,16,0,99 124,1,627,,281073,31,0,99 125,1,69,,281077,31,0,99 125,2,33,,281078,31,0,99 125,2,68,,281074,31,0,99 125,1,16,,281081,31,0,99 125,2,16,,281071,31,0,99 125,1,24,,281079,31,0,99 125,2,69,,281075,31,0,99 125,1,29,,281072,31,0,99 125,1,69,,281080,31,0,99 125,2,30,,281076,31,0,99 125,1
48701,'H54U200F-82-F2',704,,281087,16,0,99 124,1,30,,281089,16,0,99 124,1,70,,281082,16,0,99 124,1,30,,281088,16,0,99 124,1,72,,281090,16,0,99 124,1,627,,281083,31,0,99 125,2,69,,281091,31,0,99 125,1,33,,281095,31,0,99 125,1,68,,281084,31,0,99 125,2,29,,281093,31,0,99 125,2,68,,281096,31,0,99 125,1,28,,281085,31,0,99 125,2,29,,281094,31,0,99 125,2,69,,281092,31,0,99 125,1,30,,281086,31,0,99 125,2
