7001,'H60U000A-85-A',750,,239484,9,4,,1,70,,239510,9,4,,2,25,,239485,9,4,,1,65,,239511,9,4,,2,25,,239486,9,4,,1,65,,239512,9,4,,2,25,,239487,9,4,,1,25,,239513,9,4,,2,72,,239488,9,4,,1,78,,239489,9,4,,1,38,,239490,9,4,,1,78,,239491,9,4,,1,38,,239492,9,4,,1,78,,239494,9,4,,1,78,,239493,9,4,,1,31,,239514,20,4,,2,69,,239495,20,4,,1,28,,239515,20,4,,2,69,,239496,20,4,,1,30,,239516,20,4,,2,65,,239497,20,4,,1,23,,239517,9,4,,2,19,,239498,9,4,,1,59,,239518,9,4,,2,26,,239499,9,4,,1,76,,239500,9,4,,1,36,,239501,9,4,,1,76,,239502,9,4,,1,36,,239503,9,4,,1,76,,239504,9,4,,1,76,,239505,9,4,,1,36,,239506,9,4,,1,76,,239507,9,4,,1,35,,239508,9,4,,1,76,,239509,9,4,,1
7001,'H60U000I-84-I',750,,239519,9,4,,1,69,,239545,9,4,,1,25,,239520,9,4,,1,65,,239546,9,4,,1,25,,239521,9,4,,1,25,,239547,9,4,,1,66,,239522,9,4,,1,26,,239548,9,4,,1,71,,239523,9,4,,1,78,,239524,9,4,,1,38,,239525,9,4,,1,78,,239526,9,4,,1,38,,239527,9,4,,1,78,,239528,9,4,,1,78,,239529,9,4,,1,30,,239549,20,4,,1,65,,239530,20,4,,1,32,,239550,20,4,,1,70,,239531,20,4,,1,30,,239551,20,4,,1,65,,239532,20,4,,1,23,,239552,9,4,,1,19,,239533,9,4,,1,59,,239553,9,4,,1,25,,239534,9,4,,1,77,,239535,9,4,,1,35,,239536,9,4,,1,76,,239537,9,4,,1,36,,239538,9,4,,1,76,,239539,9,4,,1,76,,239540,9,4,,1,36,,239541,9,4,,1,76,,239542,9,4,,1,36,,239543,9,4,,1,76,,239544,9,4,,1
7001,'H60U000S-86-S',627,,239568,20,4,,1,30,,239556,20,4,,1,72,,239569,20,4,,1,28,,239557,20,4,,1,67,,239570,20,4,,1,27,,239558,20,4,,1,67,,239571,20,4,,1,28,,239559,20,4,,1,68,,239572,20,4,,1,35,,239560,20,4,,1,75,,239573,20,4,,1,33,,239561,20,4,,1,72,,239574,20,4,,1,71,,239562,20,4,,1,33,,239575,20,4,,1,69,,239563,20,4,,1,27,,239576,20,4,,1,29,,239564,20,4,,1,69,,239577,20,4,,1,29,,239565,20,4,,1,68,,239578,20,4,,1,31,,239566,20,4,,1,71,,239554,20,4,,1,30,,239567,20,4,,1,71,,239555,20,4,,1,73,,239585,20,4,,2,33,,239579,20,4,,1,67,,239586,20,4,,2,26,,239580,20,4,,1,28,,239587,20,4,,2,70,,239581,20,4,,1,30,,239588,20,4,,2,70,,239582,20,4,,1,31,,239589,20,4,,2,72,,239583,20,4,,1,73,,239590,20,4,,2,33,,239584,20,4,,1
7001,'H60U100F-85-F1',750,,239595,9,4,,1,69,,239591,9,4,,1,25,,239596,9,4,,1,65,,239592,9,4,,1,25,,239597,9,4,,1,25,,239593,9,4,,1,66,,239598,9,4,,1,26,,239594,9,4,,1,71,,239599,9,4,,1,78,,239600,9,4,,1,38,,239601,9,4,,1,78,,239602,9,4,,1,38,,239603,9,4,,1,78,,239605,9,4,,1,78,,239606,9,4,,1,30,,239622,20,4,,2,65,,239604,20,4,,1,32,,239621,20,4,,2,70,,239607,20,4,,1,30,,239623,20,4,,2,65,,239608,20,4,,1,23,,239624,9,4,,2,19,,239609,9,4,,1,59,,239625,9,4,,2,25,,239610,9,4,,1,77,,239611,9,4,,1,35,,239612,9,4,,1,76,,239613,9,4,,1,36,,239614,9,4,,1,76,,239615,9,4,,1,76,,239616,9,4,,1,36,,239617,9,4,,1,76,,239618,9,4,,1,36,,239619,9,4,,1,76,,239620,9,4,,1
7001,'H60U200F-83-F2',750,,239630,9,4,,1,69,,239626,9,4,,1,25,,239631,9,4,,1,65,,239627,9,4,,1,25,,239632,9,4,,1,25,,239628,9,4,,1,66,,239633,9,4,,1,26,,239629,9,4,,1,71,,239634,9,4,,1,78,,239635,9,4,,1,38,,239636,9,4,,1,78,,239637,9,4,,1,38,,239638,9,4,,1,78,,239640,9,4,,1,78,,239641,9,4,,1,30,,239657,20,4,,2,65,,239639,20,4,,1,32,,239656,20,4,,2,70,,239642,20,4,,1,30,,239658,20,4,,2,65,,239643,20,4,,1,23,,239659,9,4,,2,19,,239644,9,4,,1,59,,239660,9,4,,2,25,,239645,9,4,,1,77,,239646,9,4,,1,35,,239647,9,4,,1,76,,239648,9,4,,1,36,,239649,9,4,,1,76,,239650,9,4,,1,76,,239651,9,4,,1,36,,239652,9,4,,1,76,,239653,9,4,,1,36,,239654,9,4,,1,76,,239655,9,4,,1
17701,'H60U000A-85-A',2125,,264392,32,4,,1,30,,264366,32,4,,1,70,,264378,32,4,,2,30,,264367,32,4,,1,70,,264379,32,4,,2,30,,264368,32,4,,1,70,,264380,32,4,,2
17701,'H60U000I-84-I',2125,,264409,32,4,,1,29,,264436,32,4,,1,70,,264430,32,4,,1,30,,264433,32,4,,2,70,,264431,32,4,,1,29,,264434,32,4,,2,69,,264432,32,4,,1
17701,'H60U000S-86-S',2135,,264454,32,4,,1,69,,264475,32,4,,1,27,,264457,32,4,,2,28,,264477,32,4,,1,69,,264460,32,4,,1,29,,264483,32,4,,1,72,,264461,32,4,,1
17701,'H60U100F-85-F1',2124,,264498,32,4,,1,30,,264523,32,4,,1,70,,264519,32,4,,1,30,,264524,32,4,,1,70,,264520,32,4,,1,29,,264525,32,4,,1,69,,264521,32,4,,1
17701,'H60U200F-83-F2',2124,,264537,32,4,,1,30,,264562,32,4,,1,70,,264558,32,4,,1,30,,264563,32,4,,1,70,,264559,32,4,,1,29,,264564,32,4,,1,69,,264560,32,4,,1
19603,'H60U000S-86-S',633,,269167,57,4,,1,20,,269174,57,4,,2,66,,269176,57,4,,2,25,,269169,57,4,,1,64,,269159,57,4,,1,24,,269178,57,4,,2,20,,269175,57,4,,2,63,,269177,57,4,,2,25,,269170,57,4,,1,66,,269160,57,4,,1,29,,269179,57,4,,2,69,,269185,57,4,,1,28,,269171,57,4,,1,68,,269161,57,4,,1,27,,269180,57,4,,2,28,,269186,57,4,,1,69,,269172,57,4,,1,27,,269162,57,4,,1,72,,269181,57,4,,2,9,,269190,12,4,,1,20,,269187,57,4,,1,60,,269193,57,4,,2,13,,269173,57,4,,1,8,,269201,12,4,,2,2,,269195,57,4,,1,8,,269196,57,4,,2,8,,269163,57,4,,1,7,,269197,57,4,,2,47,,269198,57,4,,2,7,,269194,57,4,,2,6,,269200,57,4,,1,6,,269203,57,4,,1,7,,269207,57,4,,1,2,,269219,12,4,,2,4,,269191,57,4,,1,5,,269209,57,4,,2,6,,269210,57,4,,2,6,,269211,57,4,,2,46,,269212,57,4,,2,9,,269183,57,4,,1,10,,269164,57,4,,1,10,,269182,57,4,,1,4,,269205,12,4,,2,7,,269202,57,4,,2,10,,269204,57,4,,1,52,,269214,57,4,,1,11,,269199,57,4,,2,11,,269216,57,4,,2,8,,269165,12,4,,1,4,,269192,57,4,,1,12,,269217,57,4,,1,58,,269184,57,4,,1,23,,269206,57,4,,2,73,,269215,57,4,,1,33,,269166,57,4,,1,73,,269218,57,4,,1,33,,269208,57,4,,1,73,,269188,57,4,,1,31,,269189,57,4,,1,71,,269168,57,4,,1,14,,269157,23,4,,1,8,,269158,57,4,,1,15,,269213,57,4,,1
19603,'H60U100F-85-F1',633,,269221,57,4,,1,20,,269233,57,4,,2,66,,269238,57,4,,1,25,,269225,57,4,,1,64,,269234,57,4,,1,24,,269245,57,4,,1,20,,269222,57,4,,1,63,,269244,57,4,,2,25,,269224,57,4,,1,66,,269247,57,4,,2,29,,269235,57,4,,1,69,,269229,57,4,,2,28,,269226,57,4,,1,68,,269248,57,4,,2,27,,269236,57,4,,1,28,,269230,57,4,,2,69,,269227,57,4,,1,27,,269249,57,4,,2,72,,269237,57,4,,1,9,,269254,12,4,,2,20,,269231,57,4,,2,73,,269228,57,4,,1,8,,269240,12,4,,1,25,,269250,57,4,,2,73,,269252,57,4,,1,2,,269263,12,4,,1,67,,269256,57,4,,2,19,,269232,57,4,,2,14,,269262,12,4,,1,17,,269241,57,4,,1,68,,269251,57,4,,2,14,,269259,12,4,,2,14,,269253,57,4,,1,65,,269257,57,4,,2,26,,269264,57,4,,1,70,,269242,57,4,,1,28,,269220,57,4,,1,73,,269255,57,4,,1,33,,269246,57,4,,1,73,,269260,57,4,,1,31,,269223,57,4,,1,71,,269258,57,4,,1,14,,269239,23,4,,1,8,,269261,57,4,,1,15,,269243,57,4,,1
19603,'H60U200F-83-F2',633,,269266,57,4,,1,20,,269278,57,4,,2,66,,269283,57,4,,1,25,,269270,57,4,,1,64,,269279,57,4,,1,24,,269290,57,4,,1,20,,269267,57,4,,1,63,,269289,57,4,,2,25,,269269,57,4,,1,66,,269292,57,4,,2,29,,269280,57,4,,1,69,,269274,57,4,,2,28,,269271,57,4,,1,68,,269293,57,4,,2,27,,269281,57,4,,1,28,,269275,57,4,,2,69,,269272,57,4,,1,27,,269294,57,4,,2,72,,269282,57,4,,1,9,,269299,12,4,,2,20,,269276,57,4,,2,73,,269273,57,4,,1,8,,269285,12,4,,1,25,,269295,57,4,,2,73,,269297,57,4,,1,2,,269308,12,4,,1,67,,269301,57,4,,2,19,,269277,57,4,,2,14,,269307,12,4,,1,17,,269286,57,4,,1,68,,269296,57,4,,2,14,,269304,12,4,,2,14,,269298,57,4,,1,65,,269302,57,4,,2,26,,269309,57,4,,1,70,,269287,57,4,,1,28,,269265,57,4,,1,73,,269300,57,4,,1,33,,269291,57,4,,1,73,,269305,57,4,,1,31,,269268,57,4,,1,71,,269303,57,4,,1,14,,269284,23,4,,1,8,,269306,57,4,,1,15,,269288,57,4,,1
21501,'H60U000A-85-A',525,,274891,49,4,,1,23,,274898,49,4,,1,68,,274899,49,4,,2,32,,274909,49,4,,1,74,,274916,49,4,,1,33,,274900,49,4,,2,73,,274910,49,4,,2,73,,274921,49,4,,1,26,,274892,49,4,,1,26,,274901,49,4,,2,64,,274911,49,4,,2,23,,274926,49,4,,2,66,,274922,49,4,,1,28,,274893,49,4,,1,71,,274912,49,4,,2,32,,274927,49,4,,2,70,,274923,49,4,,1,30,,274894,49,4,,1,70,,274913,49,4,,2,31,,274928,49,4,,2,68,,274924,49,4,,1,27,,274895,49,4,,1,26,,274914,49,4,,2,60,,274908,49,4,,1,20,,274919,49,4,,2,20,,274925,49,4,,1,56,,274917,49,4,,2,18,,274934,49,4,,2,19,,274915,49,4,,2,59,,274907,49,4,,1,17,,274933,49,4,,2,17,,274920,49,4,,2,63,,274918,49,4,,2,28,,274932,49,4,,1,70,,274902,49,4,,1,33,,274929,49,4,,2,73,,274904,49,4,,1,33,,274903,49,4,,1,73,,274930,49,4,,2,33,,274905,49,4,,1,72,,274896,49,4,,1,29,,274931,49,4,,2,70,,274906,49,4,,1,33,,274897,49,4,,1
21501,'H60U000I-84-I',525,,274935,49,4,,2,20,,274938,49,4,,1,62,,274943,49,4,,1,25,,274944,49,4,,2,73,,274936,49,4,,2,33,,274939,49,4,,1,73,,274945,49,4,,2,33,,274964,49,4,,1,72,,274940,49,4,,1,33,,274946,49,4,,2,74,,274965,49,4,,1,33,,274941,49,4,,1,73,,274947,49,4,,2,73,,274966,49,4,,1,31,,274948,49,4,,2,26,,274957,49,4,,2,68,,274960,49,4,,1,27,,274949,49,4,,1,69,,274954,49,4,,1,27,,274958,49,4,,2,67,,274961,49,4,,1,27,,274950,49,4,,1,65,,274955,49,4,,1,20,,274942,49,4,,2,17,,274967,49,4,,2,57,,274962,49,4,,1,20,,274972,49,4,,2,23,,274951,49,4,,1,70,,274956,49,4,,1,28,,274968,49,4,,2,72,,274973,49,4,,2,33,,274952,49,4,,1,71,,274969,49,4,,2,31,,274974,49,4,,2,73,,274953,49,4,,1,31,,274970,49,4,,2,71,,274975,49,4,,2,29,,274963,49,4,,1,72,,274971,49,4,,2,29,,274976,49,4,,2,69,,274937,49,4,,1,80,,274959,49,4,,1
21501,'H60U000S-86-S',525,,274977,49,4,,1,26,,274981,49,4,,1,66,,274994,49,4,,2,26,,275002,49,4,,2,68,,275006,49,4,,2,27,,274989,49,4,,1,65,,274982,49,4,,1,29,,274996,49,4,,1,71,,275008,49,4,,1,25,,275007,49,4,,2,22,,274997,49,4,,1,70,,274983,49,4,,1,27,,274990,49,4,,1,70,,275003,49,4,,2,30,,274998,49,4,,1,71,,274984,49,4,,1,28,,274991,49,4,,1,66,,275004,49,4,,2,24,,274987,49,4,,1,64,,274978,49,4,,1,23,,274985,49,4,,1,23,,274992,49,4,,1,64,,275005,49,4,,2,15,,274980,49,4,,1,12,,274988,49,4,,1,12,,274993,49,4,,1,53,,274979,49,4,,1,12,,275016,49,4,,1,13,,274986,49,4,,1,16,,275025,49,4,,2,57,,275012,49,4,,2,18,,275010,49,4,,2,15,,275015,24,4,,1,1,,275019,49,4,,1,18,,275000,49,4,,2,61,,275026,49,4,,2,22,,275017,49,4,,1,67,,275013,49,4,,2,27,,275020,49,4,,1,28,,275001,49,4,,2,68,,275018,49,4,,1,30,,275023,49,4,,2,71,,275021,49,4,,1,31,,275027,49,4,,2,69,,275014,49,4,,1,32,,275024,49,4,,2,70,,275022,49,4,,1,23,,275009,24,4,,1,4,,274995,49,4,,1,70,,275011,49,4,,1,85,,274999,49,4,,1
21501,'H60U100F-85-F1',525,,275028,49,4,,1,20,,275030,49,4,,2,62,,275034,49,4,,1,25,,275037,49,4,,2,73,,275029,49,4,,1,33,,275031,49,4,,2,73,,275051,49,4,,2,33,,275056,49,4,,1,72,,275032,49,4,,2,33,,275052,49,4,,2,74,,275057,49,4,,1,33,,275033,49,4,,2,73,,275053,49,4,,2,73,,275058,49,4,,1,31,,275035,49,4,,1,26,,275041,49,4,,1,68,,275048,49,4,,1,27,,275059,49,4,,1,69,,275038,49,4,,2,27,,275043,49,4,,1,67,,275049,49,4,,1,27,,275060,49,4,,1,65,,275039,49,4,,2,20,,275069,49,4,,1,17,,275044,49,4,,1,57,,275050,49,4,,1,20,,275064,49,4,,2,23,,275061,49,4,,1,70,,275040,49,4,,2,28,,275045,49,4,,1,72,,275065,49,4,,2,33,,275062,49,4,,1,71,,275046,49,4,,1,31,,275066,49,4,,2,73,,275063,49,4,,1,31,,275047,49,4,,1,71,,275067,49,4,,2,29,,275055,49,4,,1,72,,275054,49,4,,1,29,,275068,49,4,,2,69,,275036,49,4,,1,80,,275042,49,4,,1
21501,'H60U200F-83-F2',525,,275070,49,4,,1,20,,275072,49,4,,2,62,,275076,49,4,,1,25,,275079,49,4,,2,73,,275071,49,4,,1,33,,275073,49,4,,2,73,,275093,49,4,,2,33,,275098,49,4,,1,72,,275074,49,4,,2,33,,275094,49,4,,2,74,,275099,49,4,,1,33,,275075,49,4,,2,73,,275095,49,4,,2,73,,275100,49,4,,1,31,,275077,49,4,,1,26,,275083,49,4,,1,68,,275090,49,4,,1,27,,275101,49,4,,1,69,,275080,49,4,,2,27,,275085,49,4,,1,67,,275091,49,4,,1,27,,275102,49,4,,1,65,,275081,49,4,,2,20,,275111,49,4,,1,17,,275086,49,4,,1,57,,275092,49,4,,1,20,,275106,49,4,,2,23,,275103,49,4,,1,70,,275082,49,4,,2,28,,275087,49,4,,1,72,,275107,49,4,,2,33,,275104,49,4,,1,71,,275088,49,4,,1,31,,275108,49,4,,2,73,,275105,49,4,,1,31,,275089,49,4,,1,71,,275109,49,4,,2,29,,275097,49,4,,1,72,,275096,49,4,,1,29,,275110,49,4,,2,69,,275078,49,4,,1,80,,275084,49,4,,1
22501,'H60U000S-86-S',704,,276068,47,4,,1,33,,276065,47,4,,2,75,,276070,47,4,,1,30,,276071,47,4,,2,70,,276074,47,4,,2,28,,276066,47,4,,1,65,,276064,47,4,,1,595,,276073,47,4,,1,8,,276078,47,4,,1,6,,276063,47,4,,1,8,,276082,47,4,,2,10,,276072,47,4,,2,8,,276075,47,4,,1,10,,276085,47,4,,2,9,,276062,47,4,,1,50,,276080,47,4,,2,9,,276067,47,4,,1,7,,276086,47,4,,2,8,,276076,47,4,,1,10,,276061,47,4,,1,9,,276083,47,4,,2,51,,276084,47,4,,2,13,,276059,47,4,,1,16,,276069,47,4,,1,16,,276060,47,4,,1,61,,276081,47,4,,1,24,,276077,47,4,,1,424,,276079,47,4,,1
47001,'H50U000A-82-A',653,,280634,27,4,,1,69,,280610,27,4,,1,29,,280618,27,4,,1,69,,280626,27,4,,1,30,,280635,27,4,,1,71,,280611,27,4,,1,29,,280619,27,4,,1,70,,280627,27,4,,1,30,,280636,27,4,,1,71,,280612,27,4,,1,31,,280620,27,4,,1,74,,280628,27,4,,1,30,,280637,27,4,,1,70,,280613,27,4,,1,31,,280621,27,4,,1,71,,280629,27,4,,1,31,,280638,27,4,,1,71,,280614,27,4,,1,71,,280622,27,4,,1,31,,280630,27,4,,1,71,,280639,27,4,,1,31,,280615,27,4,,1,71,,280623,27,4,,1,29,,280631,27,4,,1,68,,280640,27,4,,1,28,,280616,27,4,,1,29,,280624,27,4,,1,69,,280632,27,4,,1,29,,280641,27,4,,1,70,,280617,27,4,,1,31,,280625,27,4,,1,72,,280633,27,4,,1
47001,'H50U000I-82-I',656,,280666,27,4,,1,69,,280642,27,4,,1,30,,280650,27,4,,1,70,,280658,27,4,,1,30,,280667,27,4,,1,70,,280643,27,4,,1,30,,280651,27,4,,1,70,,280659,27,4,,1,30,,280668,27,4,,1,70,,280644,27,4,,1,30,,280652,27,4,,1,70,,280660,27,4,,1,29,,280669,27,4,,1,70,,280645,27,4,,1,30,,280653,27,4,,1,70,,280661,27,4,,1,30,,280670,27,4,,1,71,,280646,27,4,,1,30,,280654,27,4,,1,71,,280662,27,4,,1,31,,280671,27,4,,1,71,,280647,27,4,,1,29,,280655,27,4,,1,69,,280663,27,4,,1,30,,280672,27,4,,1,70,,280648,27,4,,1,30,,280656,27,4,,1,70,,280664,27,4,,1,29,,280673,27,4,,1,70,,280649,27,4,,1,32,,280657,27,4,,1,72,,280665,27,4,,1
47001,'H50U000S-83-S',523,,280677,27,4,,1,30,,280680,27,4,,1,71,,280683,27,4,,1,26,,280716,27,4,,1,61,,280678,27,4,,1,14,,280692,27,4,,1,16,,280700,27,4,,1,13,,280681,27,4,,1,53,,280675,27,4,,1,10,,280701,27,4,,1,11,,280684,27,4,,1,11,,280709,27,4,,1,11,,280674,27,4,,1,50,,280717,27,4,,1,10,,280711,27,4,,1,10,,280679,27,4,,1,10,,280693,27,4,,1,11,,280676,27,4,,1,11,,280682,27,4,,1,51,,280685,27,4,,1,12,,280702,27,4,,1,21,,280710,27,4,,1,23,,280718,27,4,,1,66,,280694,27,4,,1,30,,280686,27,4,,1,69,,280703,27,4,,1,28,,280719,27,4,,1,70,,280695,27,4,,1,30,,280687,27,4,,1,71,,280704,27,4,,1,29,,280720,27,4,,1,72,,280696,27,4,,1,24,,280712,27,4,,1,58,,280688,27,4,,1,16,,280705,27,4,,1,17,,280714,27,4,,1,16,,280721,27,4,,1,58,,280715,27,4,,1,18,,280697,27,4,,1,20,,280713,27,4,,1,57,,280689,27,4,,1,25,,280706,27,4,,1,69,,280722,27,4,,1,30,,280698,27,4,,1,70,,280690,27,4,,1,28,,280707,27,4,,1,29,,280723,27,4,,1,69,,280699,27,4,,1,29,,280691,27,4,,1,71,,280708,27,4,,1
47001,'H50U100F-80-F1',656,,280748,27,4,,1,69,,280724,27,4,,1,30,,280732,27,4,,1,70,,280740,27,4,,1,30,,280749,27,4,,1,70,,280725,27,4,,1,30,,280733,27,4,,1,70,,280741,27,4,,1,30,,280750,27,4,,1,70,,280726,27,4,,1,30,,280734,27,4,,1,70,,280742,27,4,,1,29,,280751,27,4,,1,70,,280727,27,4,,1,30,,280735,27,4,,1,70,,280743,27,4,,1,30,,280752,27,4,,1,71,,280728,27,4,,1,30,,280736,27,4,,1,71,,280744,27,4,,1,31,,280753,27,4,,1,71,,280729,27,4,,1,29,,280737,27,4,,1,69,,280745,27,4,,1,30,,280754,27,4,,1,70,,280730,27,4,,1,30,,280738,27,4,,1,70,,280746,27,4,,1,29,,280755,27,4,,1,70,,280731,27,4,,1,32,,280739,27,4,,1,72,,280747,27,4,,1
47001,'H50U200F-80-F2',656,,280780,27,4,,1,69,,280756,27,4,,1,30,,280764,27,4,,1,70,,280772,27,4,,1,30,,280781,27,4,,1,70,,280757,27,4,,1,30,,280765,27,4,,1,70,,280773,27,4,,1,30,,280782,27,4,,1,70,,280758,27,4,,1,30,,280766,27,4,,1,70,,280774,27,4,,1,29,,280783,27,4,,1,70,,280759,27,4,,1,30,,280767,27,4,,1,70,,280775,27,4,,1,30,,280784,27,4,,1,71,,280760,27,4,,1,30,,280768,27,4,,1,71,,280776,27,4,,1,31,,280785,27,4,,1,71,,280761,27,4,,1,29,,280769,27,4,,1,69,,280777,27,4,,1,30,,280786,27,4,,1,70,,280762,27,4,,1,30,,280770,27,4,,1,70,,280778,27,4,,1,29,,280787,27,4,,1,70,,280763,27,4,,1,32,,280771,27,4,,1,72,,280779,27,4,,1
