8104,'H54J000A-80-A',723,,29569,17,0,9,1,28,,29580,17,0,9,1,65,,29591,17,0,9,1,25,,29570,17,0,9,1,65,,29581,17,0,9,1,25,,29592,17,0,9,1,25,,29571,17,0,9,1,65,,29582,17,0,9,1,25,,29593,17,0,9,1,65,,29572,17,0,9,1,25,,29583,17,0,9,1,65,,29594,17,0,9,1,25,,29573,17,0,9,1,25,,29584,17,0,9,1,65,,29595,17,0,9,1,25,,29574,17,0,9,1,66,,29585,17,0,9,1,26,,29596,17,0,9,1,25,,29575,17,0,9,1,65,,29586,17,0,9,1,25,,29597,17,0,9,1,66,,29576,17,0,9,1,26,,29587,17,0,9,1,66,,29598,17,0,9,1,26,,29577,17,0,9,1,25,,29588,17,0,9,1,65,,29599,17,0,9,1,25,,29578,17,0,9,1,65,,29589,17,0,9,1,25,,29600,17,0,9,1,65,,29579,17,0,9,1,26,,29590,17,0,9,1
8104,'H54J000I-80-I',722,,29613,17,0,9,1,26,,29612,17,0,9,1,66,,29611,17,0,9,1,27,,29614,17,0,9,1,65,,29601,17,0,9,1,25,,29615,17,0,9,2,25,,29624,17,0,9,2,65,,29602,17,0,9,1,25,,29616,17,0,9,2,66,,29625,17,0,9,2,25,,29603,17,0,9,1,65,,29617,17,0,9,2,25,,29626,17,0,9,2,25,,29604,17,0,9,1,65,,29618,17,0,9,2,25,,29627,17,0,9,2,66,,29605,17,0,9,1,26,,29619,17,0,9,2,25,,29628,17,0,9,2,65,,29606,17,0,9,1,25,,29620,17,0,9,2,65,,29629,17,0,9,2,25,,29607,17,0,9,1,66,,29621,17,0,9,2,26,,29630,17,0,9,2,26,,29608,17,0,9,1,65,,29622,17,0,9,2,25,,29631,17,0,9,2,65,,29609,17,0,9,1,25,,29623,17,0,9,2,65,,29632,17,0,9,2,25,,29610,17,0,9,1
8104,'H54J000S-83-S',703,,29645,17,0,9,2,35,,29644,17,0,9,1,71,,29633,17,0,9,1,28,,29646,17,0,9,2,65,,29657,17,0,9,2,25,,29634,17,0,9,1,25,,29647,17,0,9,2,65,,29658,17,0,9,2,25,,29635,17,0,9,1,65,,29648,17,0,9,2,25,,29659,17,0,9,2,25,,29636,17,0,9,1,66,,29649,17,0,9,2,25,,29660,17,0,9,2,65,,29637,17,0,9,1,26,,29650,17,0,9,2,65,,29661,17,0,9,2,24,,29638,17,0,9,1,25,,29651,17,0,9,2,66,,29662,17,0,9,2,26,,29639,17,0,9,1,66,,29652,17,0,9,2,26,,29663,17,0,9,2,65,,29640,17,0,9,1,24,,29653,17,0,9,2,23,,29664,17,0,9,2,63,,29641,17,0,9,1,24,,29654,17,0,9,2,65,,29665,17,0,9,2,24,,29642,17,0,9,1,26,,29655,17,0,9,2,66,,29666,17,0,9,2,27,,29643,17,0,9,1,67,,29656,17,0,9,2
8104,'H54JV00A-80-A',723,,29687,17,0,9,1,28,,29667,17,0,9,1,65,,29698,17,0,9,1,25,,29688,17,0,9,1,65,,29668,17,0,9,1,25,,29678,17,0,9,1,25,,29689,17,0,9,1,65,,29669,17,0,9,1,25,,29679,17,0,9,1,65,,29690,17,0,9,1,25,,29670,17,0,9,1,65,,29680,17,0,9,1,25,,29691,17,0,9,1,25,,29671,17,0,9,1,65,,29681,17,0,9,1,25,,29692,17,0,9,1,66,,29672,17,0,9,1,26,,29682,17,0,9,1,25,,29693,17,0,9,1,65,,29673,17,0,9,1,25,,29683,17,0,9,1,66,,29694,17,0,9,1,26,,29674,17,0,9,1,66,,29684,17,0,9,1,26,,29695,17,0,9,1,25,,29675,17,0,9,1,65,,29685,17,0,9,1,25,,29696,17,0,9,1,65,,29676,17,0,9,1,25,,29686,17,0,9,1,65,,29697,17,0,9,1,26,,29677,17,0,9,1
8104,'H54JV00I-80-I',722,,29728,17,0,9,1,26,,29699,17,0,9,1,66,,29730,17,0,9,1,27,,29729,17,0,9,1,65,,29700,17,0,9,1,25,,29710,17,0,9,2,25,,29719,17,0,9,2,65,,29701,17,0,9,1,25,,29711,17,0,9,2,66,,29720,17,0,9,2,25,,29702,17,0,9,1,65,,29712,17,0,9,2,25,,29721,17,0,9,2,25,,29703,17,0,9,1,65,,29713,17,0,9,2,25,,29722,17,0,9,2,66,,29704,17,0,9,1,26,,29714,17,0,9,2,25,,29723,17,0,9,2,65,,29705,17,0,9,1,25,,29715,17,0,9,2,65,,29724,17,0,9,2,25,,29706,17,0,9,1,66,,29716,17,0,9,2,26,,29725,17,0,9,2,26,,29707,17,0,9,1,65,,29717,17,0,9,2,25,,29726,17,0,9,2,65,,29708,17,0,9,1,25,,29718,17,0,9,2,65,,29727,17,0,9,2,25,,29709,17,0,9,1
8104,'H54JV00S-80-S',703,,29753,17,0,9,2,35,,29742,17,0,9,1,71,,29731,17,0,9,1,28,,29754,17,0,9,2,65,,29743,17,0,9,1,25,,29732,17,0,9,1,25,,29755,17,0,9,2,65,,29744,17,0,9,1,25,,29733,17,0,9,1,65,,29756,17,0,9,2,25,,29745,17,0,9,1,25,,29734,17,0,9,1,66,,29757,17,0,9,2,25,,29746,17,0,9,1,65,,29735,17,0,9,1,26,,29758,17,0,9,2,65,,29747,17,0,9,1,24,,29736,17,0,9,1,25,,29759,17,0,9,2,66,,29748,17,0,9,1,26,,29737,17,0,9,1,66,,29760,17,0,9,2,26,,29749,17,0,9,1,65,,29738,17,0,9,1,24,,29761,17,0,9,2,23,,29750,17,0,9,1,63,,29739,17,0,9,1,24,,29762,17,0,9,2,65,,29751,17,0,9,1,24,,29740,17,0,9,1,26,,29763,17,0,9,2,66,,29752,17,0,9,1,27,,29741,17,0,9,1,67,,29764,17,0,9,2
42804,'H54J000S-83-S',1502,,76846,4,0,9,1,29,,76845,4,0,9,1,71,,76843,4,0,9,2,30,,76849,4,0,9,1,69,,76847,4,0,9,2,31,,76850,4,0,9,1,72,,76844,4,0,9,2,30,,76848,4,0,9,1
42804,'H54JV00S-80-S',1502,,76856,4,0,9,1,29,,76851,4,0,9,1,71,,76854,4,0,9,1,30,,76855,4,0,9,1,69,,76858,4,0,9,2,31,,76852,4,0,9,1,72,,76853,4,0,9,2,30,,76857,4,0,9,1
42804,'H59J000S-81-S',1901,,76859,4,0,9,1
42804,'H59JV00S-83-S',1901,,76860,4,0,9,1
