11000,'H56M000A-70-A',514,,122540,41,,,1,30,,122543,41,,,1,71,,122551,41,,,1,28,,122547,41,,,1,69,,122541,41,,,1,30,,122544,41,,,1,71,,122552,41,,,1,31,,122548,41,,,1,70,,122542,41,,,1,33,,122545,41,,,1,74,,122568,41,,,1,34,,122575,41,,,1,71,,122578,41,,,1,31,,122574,41,,,1,73,,122576,41,,,1,72,,122570,41,,,1,23,,122556,41,,,1,25,,122563,41,,,1,70,,122565,41,,,1,30,,122553,41,,,1,71,,122569,41,,,1,25,,122558,41,,,1,66,,122557,41,,,1,25,,122564,41,,,1,67,,122566,41,,,1,30,,122554,41,,,1,67,,122571,41,,,1,27,,122559,41,,,1,30,,122579,41,,,1,70,,122582,41,,,1,30,,122555,41,,,1,69,,122572,41,,,1,30,,122560,41,,,1,71,,122577,41,,,1,72,,122567,41,,,1,30,,122550,41,,,1,28,,122561,41,,,1,71,,122580,41,,,1,26,,122546,41,,,1,65,,122573,41,,,1,25,,122549,41,,,1,66,,122562,41,,,1,28,,122581,41,,,1
11000,'H56M000I-70-I',544,,122583,41,,,1,69,,122620,41,,,1,29,,122589,41,,,1,70,,122587,41,,,1,30,,122584,41,,,1,69,,122621,41,,,1,35,,122590,41,,,1,69,,122588,41,,,1,32,,122585,41,,,1,76,,122622,41,,,1,32,,122619,41,,,1,72,,122618,41,,,1,30,,122615,41,,,1,71,,122617,41,,,1,31,,122591,41,,,1,72,,122597,41,,,1,26,,122623,41,,,1,64,,122607,41,,,1,26,,122602,41,,,1,67,,122612,41,,,1,31,,122592,41,,,1,70,,122598,41,,,1,28,,122608,41,,,1,67,,122603,41,,,1,28,,122613,41,,,1,69,,122593,41,,,1,29,,122599,41,,,1,67,,122609,41,,,1,29,,122604,41,,,1,27,,122614,41,,,1,67,,122594,41,,,1,29,,122600,41,,,1,70,,122610,41,,,1,30,,122605,41,,,1,72,,122595,41,,,1,29,,122601,41,,,1,69,,122611,41,,,1,29,,122606,41,,,1,65,,122586,41,,,1,25,,122596,41,,,1,67,,122616,41,,,1
11000,'H56M000S-70-S',452,,122652,41,,,1,75,,122629,41,,,1,26,,122658,41,,,1,77,,122630,41,,,1,73,,122653,41,,,1,17,,122636,41,,,1,17,,122643,41,,,1,16,,122637,41,,,1,57,,122627,41,,,1,33,,122640,41,,,1,70,,122660,41,,,1,26,,122624,41,,,1,69,,122644,41,,,1,30,,122646,41,,,1,70,,122659,41,,,1,30,,122661,41,,,1,70,,122625,41,,,1,31,,122645,41,,,1,71,,122647,41,,,1,33,,122649,41,,,1,105,,122665,41,,,1,78,,122654,41,,,1,33,,122648,41,,,1,71,,122650,41,,,1,71,,122639,41,,,1,31,,122655,41,,,1,69,,122664,41,,,1,28,,122628,41,,,1,71,,122641,41,,,1,27,,122638,41,,,1,27,,122651,41,,,1,68,,122633,41,,,1,27,,122656,41,,,1,66,,122663,41,,,1,26,,122642,41,,,1,65,,122631,41,,,1,30,,122634,41,,,1,70,,122657,41,,,1,30,,122626,41,,,1,72,,122632,41,,,1,32,,122635,41,,,1,63,,122662,41,,,1
11000,'H56M100F-70-F1',544,,122666,41,,,1,69,,122671,41,,,1,29,,122688,41,,,1,70,,122705,41,,,1,30,,122667,41,,,1,69,,122677,41,,,1,35,,122694,41,,,1,69,,122679,41,,,1,32,,122668,41,,,1,76,,122678,41,,,1,32,,122703,41,,,1,72,,122675,41,,,1,30,,122673,41,,,1,71,,122672,41,,,1,31,,122695,41,,,1,72,,122683,41,,,1,26,,122706,41,,,1,64,,122689,41,,,1,26,,122698,41,,,1,67,,122680,41,,,1,31,,122696,41,,,1,70,,122684,41,,,1,28,,122690,41,,,1,67,,122699,41,,,1,28,,122681,41,,,1,69,,122697,41,,,1,29,,122685,41,,,1,67,,122691,41,,,1,29,,122700,41,,,1,27,,122682,41,,,1,67,,122669,41,,,1,29,,122686,41,,,1,70,,122692,41,,,1,30,,122701,41,,,1,72,,122670,41,,,1,29,,122687,41,,,1,69,,122693,41,,,1,29,,122704,41,,,1,65,,122674,41,,,1,25,,122676,41,,,1,67,,122702,41,,,1
11000,'H56M200F-70-F2',544,,122707,41,,,1,69,,122712,41,,,1,29,,122724,41,,,1,70,,122746,41,,,1,30,,122708,41,,,1,69,,122718,41,,,1,35,,122734,41,,,1,69,,122720,41,,,1,32,,122709,41,,,1,76,,122719,41,,,1,32,,122744,41,,,1,72,,122716,41,,,1,30,,122714,41,,,1,71,,122713,41,,,1,31,,122736,41,,,1,72,,122725,41,,,1,26,,122747,41,,,1,64,,122730,41,,,1,26,,122739,41,,,1,67,,122721,41,,,1,31,,122737,41,,,1,70,,122726,41,,,1,28,,122731,41,,,1,67,,122740,41,,,1,28,,122722,41,,,1,69,,122738,41,,,1,29,,122727,41,,,1,67,,122732,41,,,1,29,,122741,41,,,1,27,,122723,41,,,1,67,,122710,41,,,1,29,,122728,41,,,1,70,,122733,41,,,1,30,,122742,41,,,1,72,,122711,41,,,1,29,,122729,41,,,1,69,,122735,41,,,1,29,,122745,41,,,1,65,,122715,41,,,1,25,,122717,41,,,1,67,,122743,41,,,1
11000,'H56M300F-70-F3',544,,122748,41,,,1,69,,122785,41,,,1,29,,122754,41,,,1,70,,122752,41,,,1,30,,122749,41,,,1,69,,122786,41,,,1,35,,122755,41,,,1,69,,122753,41,,,1,32,,122750,41,,,1,76,,122787,41,,,1,32,,122784,41,,,1,72,,122783,41,,,1,30,,122780,41,,,1,71,,122782,41,,,1,31,,122756,41,,,1,72,,122762,41,,,1,26,,122788,41,,,1,64,,122772,41,,,1,26,,122767,41,,,1,67,,122777,41,,,1,31,,122757,41,,,1,70,,122763,41,,,1,28,,122773,41,,,1,67,,122768,41,,,1,28,,122778,41,,,1,69,,122758,41,,,1,29,,122764,41,,,1,67,,122774,41,,,1,29,,122769,41,,,1,27,,122779,41,,,1,67,,122759,41,,,1,29,,122765,41,,,1,70,,122775,41,,,1,30,,122770,41,,,1,72,,122760,41,,,1,29,,122766,41,,,1,69,,122776,41,,,1,29,,122771,41,,,1,65,,122751,41,,,1,25,,122761,41,,,1,67,,122781,41,,,1
11000,'H60M000S-71-S',1415,,122789,41,,,1
35000,'H56M000A-70-A',2503,,153862,10,,,1,53,,153863,10,,,1,93,,153864,10,,,1,85,,153865,10,,,1,84,,153866,10,,,2
35000,'H56M000I-70-I',2503,,153870,10,,,1,49,,153868,10,,,1,87,,153867,10,,,1,84,,153869,10,,,1,87,,153871,10,,,2
35000,'H56M000S-70-S',2503,,153875,10,,,1,47,,153874,10,,,2,88,,153873,10,,,1,85,,153872,10,,,1,88,,153876,10,,,1
35000,'H56M100F-70-F1',2503,,153878,10,,,1,49,,153879,10,,,1,87,,153877,10,,,1,84,,153881,10,,,1,87,,153880,10,,,1
35000,'H56M200F-70-F2',2503,,153883,10,,,1,49,,153884,10,,,1,87,,153882,10,,,1,84,,153886,10,,,1,87,,153885,10,,,1
35000,'H56M300F-70-F3',2503,,153890,10,,,1,49,,153888,10,,,1,87,,153887,10,,,1,84,,153889,10,,,1,87,,153891,10,,,2
