9202,'H51U000A-83-A',601,,243578,25,0,10,1,33,,243566,25,0,10,1,73,,243554,25,0,10,2,34,,243579,25,0,10,1,72,,243567,25,0,10,1,32,,243555,25,0,10,2,71,,243580,25,0,10,1,30,,243568,25,0,10,1,71,,243556,25,0,10,2,33,,243581,25,0,10,1,71,,243569,25,0,10,1,33,,243557,25,0,10,2,72,,243582,25,0,10,1,33,,243570,25,0,10,1,74,,243558,25,0,10,2,75,,243583,25,0,10,1,35,,243571,25,0,10,1,72,,243592,25,0,10,2,29,,243559,25,0,10,2,73,,243584,25,0,10,1,32,,243572,25,0,10,1,74,,243560,25,0,10,2,30,,243585,25,0,10,1,73,,243573,25,0,10,1,31,,243561,25,0,10,2,72,,243586,25,0,10,1,72,,243574,25,0,10,1,31,,243562,25,0,10,2,70,,243587,25,0,10,1,30,,243575,25,0,10,1,70,,243563,25,0,10,2,30,,243588,25,0,10,1,70,,243576,25,0,10,1,30,,243564,25,0,10,2,70,,243589,25,0,10,1,29,,243577,25,0,10,1,28,,243565,25,0,10,2,73,,243590,25,0,10,1,73,,243591,25,0,10,1
9202,'H51U000I-83-I',527,,243593,25,0,10,1,73,,243597,25,0,10,1,34,,243613,25,0,10,2,72,,243608,25,0,10,2,30,,243598,25,0,10,1,70,,243614,25,0,10,2,32,,243609,25,0,10,2,70,,243599,25,0,10,1,31,,243615,25,0,10,2,70,,243610,25,0,10,2,31,,243600,25,0,10,1,72,,243616,25,0,10,2,32,,243611,25,0,10,2,74,,243601,25,0,10,1,33,,243617,25,0,10,2,73,,243612,25,0,10,2,33,,243602,25,0,10,1,74,,243618,25,0,10,2,73,,243625,25,0,10,2,33,,243603,25,0,10,1,73,,243619,25,0,10,2,33,,243626,25,0,10,2,72,,243604,25,0,10,1,32,,243620,25,0,10,2,72,,243627,25,0,10,2,30,,243605,25,0,10,1,72,,243621,25,0,10,2,32,,243628,25,0,10,2,71,,243606,25,0,10,1,30,,243622,25,0,10,2,72,,243629,25,0,10,2,32,,243607,25,0,10,1,72,,243623,25,0,10,2,71,,243630,25,0,10,2,32,,243594,25,0,10,1,71,,243624,25,0,10,2,32,,243631,25,0,10,2,71,,243595,25,0,10,1,30,,243632,25,0,10,2,70,,243596,25,0,10,1
9202,'H51U000S-83-S',521,,243634,25,0,10,1,26,,243646,25,0,10,1,59,,243648,25,0,10,2,19,,243653,25,0,10,1,17,,243635,25,0,10,1,17,,243657,25,0,10,2,55,,243647,25,0,10,1,16,,243659,25,0,10,2,16,,243649,25,0,10,2,56,,243633,25,0,10,1,15,,243654,25,0,10,1,17,,243636,25,0,10,1,14,,243665,25,0,10,1,55,,243658,25,0,10,2,20,,243660,25,0,10,2,26,,243676,25,0,10,1,68,,243637,25,0,10,1,28,,243666,25,0,10,1,68,,243661,25,0,10,2,28,,243677,25,0,10,1,69,,243638,25,0,10,1,30,,243667,25,0,10,1,68,,243662,25,0,10,2,28,,243678,25,0,10,1,68,,243639,25,0,10,1,29,,243668,25,0,10,1,67,,243663,25,0,10,2,24,,243683,25,0,10,1,16,,243679,25,0,10,1,16,,243640,25,0,10,1,56,,243684,25,0,10,2,16,,243669,25,0,10,1,23,,243681,25,0,10,2,62,,243664,25,0,10,2,23,,243680,25,0,10,1,23,,243641,25,0,10,1,64,,243670,25,0,10,1,22,,243682,25,0,10,2,66,,243650,25,0,10,1,30,,243642,25,0,10,1,69,,243671,25,0,10,1,27,,243651,25,0,10,1,70,,243643,25,0,10,1,30,,243672,25,0,10,1,70,,243652,25,0,10,1,30,,243644,25,0,10,1,70,,243673,25,0,10,1,30,,243655,25,0,10,1,67,,243645,25,0,10,1,30,,243674,25,0,10,1,70,,243656,25,0,10,1,30,,243675,25,0,10,1,71,,243685,25,0,10,2
9202,'H51U100F-80-F1',527,,243686,25,0,10,1,73,,243687,25,0,10,1,34,,243703,25,0,10,2,72,,243698,25,0,10,2,30,,243688,25,0,10,1,70,,243704,25,0,10,2,32,,243699,25,0,10,2,70,,243689,25,0,10,1,31,,243705,25,0,10,2,70,,243700,25,0,10,2,31,,243690,25,0,10,1,72,,243706,25,0,10,2,32,,243701,25,0,10,2,74,,243691,25,0,10,1,33,,243707,25,0,10,2,73,,243702,25,0,10,2,33,,243692,25,0,10,1,74,,243708,25,0,10,2,73,,243715,25,0,10,2,33,,243693,25,0,10,1,73,,243709,25,0,10,2,33,,243716,25,0,10,2,72,,243694,25,0,10,1,32,,243710,25,0,10,2,72,,243717,25,0,10,2,30,,243695,25,0,10,1,72,,243711,25,0,10,2,32,,243718,25,0,10,2,71,,243696,25,0,10,1,30,,243712,25,0,10,2,72,,243719,25,0,10,2,32,,243697,25,0,10,1,72,,243713,25,0,10,2,71,,243720,25,0,10,2,32,,243723,25,0,10,1,71,,243714,25,0,10,2,32,,243721,25,0,10,2,71,,243724,25,0,10,1,30,,243722,25,0,10,2,70,,243725,25,0,10,1
9202,'H51U200F-80-F2',527,,243726,25,0,10,1,73,,243727,25,0,10,1,34,,243743,25,0,10,2,72,,243738,25,0,10,2,30,,243728,25,0,10,1,70,,243744,25,0,10,2,32,,243739,25,0,10,2,70,,243729,25,0,10,1,31,,243745,25,0,10,2,70,,243740,25,0,10,2,31,,243730,25,0,10,1,72,,243746,25,0,10,2,32,,243741,25,0,10,2,74,,243731,25,0,10,1,33,,243747,25,0,10,2,73,,243742,25,0,10,2,33,,243732,25,0,10,1,74,,243748,25,0,10,2,73,,243755,25,0,10,2,33,,243733,25,0,10,1,73,,243749,25,0,10,2,33,,243756,25,0,10,2,72,,243734,25,0,10,1,32,,243750,25,0,10,2,72,,243757,25,0,10,2,30,,243735,25,0,10,1,72,,243751,25,0,10,2,32,,243758,25,0,10,2,71,,243736,25,0,10,1,30,,243752,25,0,10,2,72,,243759,25,0,10,2,32,,243737,25,0,10,1,72,,243753,25,0,10,2,71,,243760,25,0,10,2,32,,243763,25,0,10,1,71,,243754,25,0,10,2,32,,243761,25,0,10,2,71,,243764,25,0,10,1,30,,243762,25,0,10,2,70,,243765,25,0,10,1
36802,'H57U000A-80-A',2638,,277589,61,0,10,1,21,,277588,61,0,10,1,59,,277586,61,0,10,2,29,,277584,61,0,10,1,70,,277590,61,0,10,2,34,,277587,61,0,10,2,83,,277585,61,0,10,1
36802,'H57U000I-80-I',2631,,277592,61,0,10,1,86,,277594,61,0,10,1,85,,277591,61,0,10,1,48,,277593,61,0,10,1,87,,277595,61,0,10,1
36802,'H57U000S-81-S',2634,,277596,61,0,10,1,81,,277597,61,0,10,1,93,,277599,61,0,10,1,94,,277598,61,0,10,1,38,,277600,61,0,10,1
36802,'H57U100F-80-F1',2631,,277602,61,0,10,1,86,,277604,61,0,10,1,85,,277601,61,0,10,1,48,,277603,61,0,10,1,87,,277605,61,0,10,1
36802,'H57U200F-80-F2',2631,,277607,61,0,10,1,86,,277609,61,0,10,1,85,,277606,61,0,10,1,48,,277608,61,0,10,1,87,,277610,61,0,10,1
36903,'H50U000A-82-A',2555,,277617,34,0,8,1,70,,277623,34,0,8,2,17,,277613,34,0,8,1,12,,277611,34,0,8,2,51,,277620,34,0,8,1,10,,277614,34,0,8,1,11,,277622,34,0,8,2,13,,277618,34,0,8,1,16,,277612,34,0,8,2,57,,277621,34,0,8,1,14,,277615,34,0,8,1,13,,277616,34,0,8,1,14,,277619,34,0,8,1
36903,'H50U000I-82-I',2554,,277628,34,0,8,2,87,,277625,34,0,8,1,77,,277627,34,0,8,1,24,,277629,34,0,8,2,63,,277626,34,0,8,1,43,,277624,34,0,8,1
36903,'H50U000S-83-S',2556,,277634,34,0,8,2,52,,277630,34,0,8,1,26,,277633,34,0,8,1,22,,277635,34,0,8,1,79,,277631,34,0,8,1,80,,277636,34,0,8,1,37,,277632,34,0,8,2
36903,'H50U000S-83-SV',2620,,277637,34,0,8,2,23,,277638,34,0,8,2,72,,277640,34,0,8,2,40,,277639,34,0,8,2
36903,'H50U100F-80-F1',2554,,277645,34,0,8,2,87,,277642,34,0,8,1,77,,277644,34,0,8,1,24,,277646,34,0,8,2,63,,277643,34,0,8,1,43,,277641,34,0,8,1
36903,'H50U200F-80-F2',2554,,277651,34,0,8,2,87,,277648,34,0,8,1,77,,277650,34,0,8,1,24,,277652,34,0,8,2,63,,277649,34,0,8,1,43,,277647,34,0,8,1
37202,'H54U000A-80-A',2634,,277841,99,0,10,1,90,,277842,99,0,10,1,85,,277843,99,0,10,1,44,,277844,99,0,10,1,90,,277840,99,0,10,2
37202,'H54U000I-80-I',2639,,277845,99,0,10,1,85,,277847,99,0,10,1,86,,277846,99,0,10,1,46,,277848,99,0,10,1,89,,277849,99,0,10,1
37202,'H54U000S-81-S',2616,,277850,99,0,10,2,40,,277855,99,0,10,1,80,,277852,99,0,10,1,82,,277853,99,0,10,1,86,,277854,99,0,10,1,49,,277851,99,0,10,2
37202,'H54U100F-80-F1',2639,,277856,99,0,10,1,85,,277858,99,0,10,1,86,,277857,99,0,10,1,46,,277859,99,0,10,1,89,,277860,99,0,10,1
37202,'H54U200F-82-F2',2639,,277863,99,0,10,1,85,,277864,99,0,10,1,86,,277862,99,0,10,1,46,,277861,99,0,10,1,89,,277865,99,0,10,1
