3103,'H51J000A-82-A',505,,8485,6,0,8,2,33,,8484,6,0,8,1,73,,8499,6,0,8,2,33,,8486,6,0,8,1,72,,8500,6,0,8,2,32,,8487,6,0,8,1,70,,8501,6,0,8,2,30,,8488,6,0,8,1,70,,8502,6,0,8,2,31,,8489,6,0,8,1,71,,8503,6,0,8,2,32,,8490,6,0,8,1,73,,8504,6,0,8,2,32,,8491,6,0,8,1,73,,8505,6,0,8,2,72,,8492,6,0,8,1,33,,8506,6,0,8,2,72,,8493,6,0,8,1,33,,8507,6,0,8,2,70,,8494,6,0,8,1,33,,8508,6,0,8,2,73,,8495,6,0,8,1,33,,8509,6,0,8,2,73,,8496,6,0,8,1,31,,8510,6,0,8,2,72,,8497,6,0,8,1,32,,8511,6,0,8,2,65,,8498,6,0,8,1
3103,'H51J000I-82-I',505,,8520,6,0,8,1,33,,8512,6,0,8,2,73,,8521,6,0,8,1,33,,8513,6,0,8,2,73,,8522,6,0,8,1,33,,8514,6,0,8,2,71,,8523,6,0,8,1,30,,8515,6,0,8,2,70,,8524,6,0,8,1,31,,8516,6,0,8,2,70,,8525,6,0,8,1,31,,8517,6,0,8,2,70,,8526,6,0,8,1,30,,8518,6,0,8,2,71,,8527,6,0,8,1,30,,8519,6,0,8,2,70,,8528,6,0,8,1,30,,8533,6,0,8,1,70,,8529,6,0,8,1,30,,8534,6,0,8,1,70,,8530,6,0,8,1,30,,8535,6,0,8,1,70,,8531,6,0,8,1,29,,8536,6,0,8,1,70,,8532,6,0,8,1,30,,8537,6,0,8,1,70,,8539,6,0,8,2,29,,8538,6,0,8,1,69,,8540,6,0,8,2
3103,'H51J000S-80-S',507,,8557,6,0,8,1,33,,8548,6,0,8,1,73,,8562,6,0,8,2,33,,8549,6,0,8,1,73,,8563,6,0,8,2,34,,8550,6,0,8,1,74,,8542,6,0,8,1,75,,8551,6,0,8,1,31,,8543,6,0,8,1,71,,8552,6,0,8,1,31,,8544,6,0,8,1,71,,8553,6,0,8,1,32,,8545,6,0,8,1,72,,8554,6,0,8,1,32,,8546,6,0,8,1,69,,8555,6,0,8,1,27,,8571,6,0,8,1,67,,8547,6,0,8,1,27,,8556,6,0,8,1,26,,8572,6,0,8,1,66,,8579,6,0,8,2,28,,8576,6,0,8,2,64,,8573,6,0,8,1,24,,8580,6,0,8,2,68,,8577,6,0,8,2,49,,8581,6,0,8,1,70,,8578,6,0,8,2,32,,8541,6,0,8,1,62,,8582,6,0,8,1,29,,8564,6,0,8,1,69,,8558,6,0,8,1,29,,8565,6,0,8,1,68,,8559,6,0,8,1,29,,8566,6,0,8,1,69,,8560,6,0,8,1,28,,8567,6,0,8,1,68,,8561,6,0,8,1,28,,8568,6,0,8,1,67,,8574,6,0,8,2,25,,8569,6,0,8,1,25,,8575,6,0,8,2,65,,8570,6,0,8,1
3103,'H51JV00A-80-A',505,,8583,6,0,8,2,33,,8610,6,0,8,1,73,,8584,6,0,8,2,33,,8597,6,0,8,1,72,,8585,6,0,8,2,32,,8598,6,0,8,1,70,,8586,6,0,8,2,30,,8599,6,0,8,1,70,,8587,6,0,8,2,31,,8600,6,0,8,1,71,,8588,6,0,8,2,32,,8601,6,0,8,1,73,,8589,6,0,8,2,32,,8602,6,0,8,1,73,,8590,6,0,8,2,72,,8603,6,0,8,1,33,,8591,6,0,8,2,72,,8604,6,0,8,1,33,,8592,6,0,8,2,70,,8605,6,0,8,1,33,,8593,6,0,8,2,73,,8606,6,0,8,1,33,,8594,6,0,8,2,73,,8607,6,0,8,1,31,,8595,6,0,8,2,72,,8608,6,0,8,1,32,,8596,6,0,8,2,65,,8609,6,0,8,1
3103,'H51JV00I-80-I',505,,8611,6,0,8,1,33,,8612,6,0,8,2,73,,8620,6,0,8,1,33,,8613,6,0,8,2,73,,8621,6,0,8,1,33,,8614,6,0,8,2,71,,8622,6,0,8,1,30,,8615,6,0,8,2,70,,8623,6,0,8,1,31,,8616,6,0,8,2,70,,8624,6,0,8,1,31,,8617,6,0,8,2,70,,8625,6,0,8,1,30,,8618,6,0,8,2,71,,8626,6,0,8,1,30,,8619,6,0,8,2,70,,8627,6,0,8,1,30,,8632,6,0,8,1,70,,8628,6,0,8,1,30,,8633,6,0,8,1,70,,8629,6,0,8,1,30,,8634,6,0,8,1,70,,8630,6,0,8,1,29,,8635,6,0,8,1,70,,8631,6,0,8,1,30,,8636,6,0,8,1,70,,8638,6,0,8,2,29,,8637,6,0,8,1,69,,8639,6,0,8,2
3103,'H51JV00S-84-S',507,,8654,6,0,8,1,33,,8647,6,0,8,1,73,,8659,6,0,8,2,33,,8648,6,0,8,1,73,,8660,6,0,8,2,34,,8649,6,0,8,1,74,,8641,6,0,8,1,75,,8650,6,0,8,1,31,,8642,6,0,8,1,71,,8651,6,0,8,1,31,,8643,6,0,8,1,71,,8652,6,0,8,1,32,,8644,6,0,8,1,72,,8653,6,0,8,1,32,,8645,6,0,8,1,69,,8671,6,0,8,1,27,,8668,6,0,8,1,67,,8646,6,0,8,1,27,,8672,6,0,8,1,26,,8669,6,0,8,1,66,,8678,6,0,8,2,28,,8680,6,0,8,2,64,,8670,6,0,8,1,24,,8679,6,0,8,2,68,,8681,6,0,8,2,49,,8674,6,0,8,1,70,,8673,6,0,8,2,32,,8640,6,0,8,1,62,,8675,6,0,8,1,29,,8661,6,0,8,1,69,,8655,6,0,8,1,29,,8662,6,0,8,1,68,,8656,6,0,8,1,29,,8663,6,0,8,1,69,,8657,6,0,8,1,28,,8664,6,0,8,1,68,,8658,6,0,8,1,28,,8665,6,0,8,1,67,,8676,6,0,8,2,25,,8666,6,0,8,1,25,,8677,6,0,8,2,65,,8667,6,0,8,1
3103,'H54J000S-83-S',1732,,8682,6,0,8,1
3103,'H54JV00S-80-S',1732,,8683,6,0,8,1
9502,'H50J000S-83-S',743,,33173,42,0,10,1
9502,'H50JV00S-82-S',743,,33174,42,0,10,1
9502,'H51J000A-82-A',526,,33175,42,0,10,1,33,,33191,42,0,10,2,76,,33176,42,0,10,1,75,,33192,42,0,10,2,32,,33205,42,0,10,1,72,,33177,42,0,10,1,31,,33193,42,0,10,2,73,,33206,42,0,10,1,31,,33178,42,0,10,1,70,,33194,42,0,10,2,33,,33207,42,0,10,1,71,,33179,42,0,10,1,30,,33195,42,0,10,2,63,,33212,42,0,10,1,23,,33208,42,0,10,1,69,,33180,42,0,10,1,26,,33196,42,0,10,2,24,,33213,42,0,10,1,64,,33209,42,0,10,1,20,,33189,42,0,10,1,61,,33181,42,0,10,1,20,,33197,42,0,10,2,18,,33214,42,0,10,1,18,,33218,42,0,10,2,59,,33210,42,0,10,1,19,,33190,42,0,10,1,20,,33182,42,0,10,1,65,,33198,42,0,10,2,25,,33219,42,0,10,2,65,,33211,42,0,10,1,27,,33183,42,0,10,1,69,,33199,42,0,10,2,32,,33215,42,0,10,2,67,,33184,42,0,10,1,28,,33200,42,0,10,2,70,,33216,42,0,10,2,30,,33185,42,0,10,1,70,,33201,42,0,10,2,30,,33203,42,0,10,1,70,,33186,42,0,10,1,30,,33202,42,0,10,2,69,,33204,42,0,10,1,34,,33187,42,0,10,1,72,,33217,42,0,10,2,34,,33188,42,0,10,1
9502,'H51J000I-82-I',525,,33220,42,0,10,1,28,,33221,42,0,10,1,74,,33233,42,0,10,2,76,,33222,42,0,10,1,35,,33234,42,0,10,2,73,,33244,42,0,10,2,33,,33223,42,0,10,1,72,,33235,42,0,10,2,30,,33245,42,0,10,2,67,,33224,42,0,10,1,21,,33251,42,0,10,1,18,,33236,42,0,10,2,70,,33246,42,0,10,2,30,,33225,42,0,10,1,71,,33237,42,0,10,2,25,,33252,42,0,10,2,66,,33247,42,0,10,2,27,,33226,42,0,10,1,65,,33238,42,0,10,2,24,,33253,42,0,10,2,24,,33248,42,0,10,2,64,,33227,42,0,10,1,24,,33239,42,0,10,2,64,,33254,42,0,10,2,23,,33249,42,0,10,2,22,,33228,42,0,10,1,63,,33255,42,0,10,1,23,,33240,42,0,10,2,63,,33250,42,0,10,2,19,,33229,42,0,10,1,21,,33256,42,0,10,1,70,,33241,42,0,10,2,29,,33230,42,0,10,1,67,,33257,42,0,10,1,29,,33242,42,0,10,2,69,,33231,42,0,10,1,29,,33258,42,0,10,1,68,,33243,42,0,10,2,29,,33232,42,0,10,1,29,,33259,42,0,10,1,73,,33262,42,0,10,1,75,,33260,42,0,10,1,30,,33263,42,0,10,2,72,,33261,42,0,10,1
9502,'H51J000S-80-S',531,,33264,42,0,10,1,23,,33273,42,0,10,2,68,,33276,42,0,10,2,31,,33265,42,0,10,1,69,,33274,42,0,10,2,85,,33277,42,0,10,2,21,,33278,42,0,10,1,21,,33266,42,0,10,1,61,,33275,42,0,10,2,26,,33270,42,0,10,1,70,,33279,42,0,10,1,32,,33267,42,0,10,1,72,,33271,42,0,10,1,32,,33280,42,0,10,1,72,,33268,42,0,10,1,22,,33282,42,0,10,1,22,,33272,42,0,10,1,61,,33281,42,0,10,1,21,,33290,42,0,10,2,61,,33269,42,0,10,1,24,,33283,42,0,10,1,25,,33293,42,0,10,1,65,,33300,42,0,10,2,24,,33291,42,0,10,2,65,,33306,42,0,10,1,24,,33284,42,0,10,1,24,,33294,42,0,10,1,69,,33301,42,0,10,2,28,,33292,42,0,10,2,68,,33285,42,0,10,1,32,,33295,42,0,10,1,70,,33302,42,0,10,2,29,,33286,42,0,10,1,70,,33296,42,0,10,1,30,,33303,42,0,10,2,70,,33287,42,0,10,1,30,,33297,42,0,10,1,70,,33304,42,0,10,2,28,,33288,42,0,10,1,69,,33298,42,0,10,1,29,,33305,42,0,10,2,67,,33289,42,0,10,1,28,,33299,42,0,10,1,71,,33307,42,0,10,2
9502,'H51JV00A-80-A',526,,33332,42,0,10,1,33,,33311,42,0,10,2,76,,33333,42,0,10,1,75,,33312,42,0,10,2,32,,33323,42,0,10,1,72,,33334,42,0,10,1,31,,33313,42,0,10,2,73,,33324,42,0,10,1,31,,33335,42,0,10,1,70,,33314,42,0,10,2,33,,33325,42,0,10,1,71,,33336,42,0,10,1,30,,33315,42,0,10,2,63,,33348,42,0,10,1,23,,33326,42,0,10,1,69,,33337,42,0,10,1,26,,33316,42,0,10,2,24,,33349,42,0,10,1,64,,33327,42,0,10,1,20,,33308,42,0,10,1,61,,33338,42,0,10,1,20,,33317,42,0,10,2,18,,33350,42,0,10,1,18,,33330,42,0,10,2,59,,33328,42,0,10,1,19,,33309,42,0,10,1,20,,33339,42,0,10,1,65,,33318,42,0,10,2,25,,33331,42,0,10,2,65,,33329,42,0,10,1,27,,33340,42,0,10,1,69,,33319,42,0,10,2,32,,33351,42,0,10,2,67,,33341,42,0,10,1,28,,33320,42,0,10,2,70,,33352,42,0,10,2,30,,33342,42,0,10,1,70,,33321,42,0,10,2,30,,33345,42,0,10,1,70,,33343,42,0,10,1,30,,33322,42,0,10,2,69,,33346,42,0,10,1,34,,33344,42,0,10,1,72,,33347,42,0,10,2,34,,33310,42,0,10,1
9502,'H51JV00I-80-I',525,,33353,42,0,10,1,28,,33355,42,0,10,1,74,,33367,42,0,10,2,76,,33356,42,0,10,1,35,,33368,42,0,10,2,73,,33378,42,0,10,2,33,,33357,42,0,10,1,72,,33369,42,0,10,2,30,,33379,42,0,10,2,67,,33358,42,0,10,1,21,,33354,42,0,10,1,18,,33370,42,0,10,2,70,,33380,42,0,10,2,30,,33359,42,0,10,1,71,,33371,42,0,10,2,25,,33385,42,0,10,2,66,,33381,42,0,10,2,27,,33360,42,0,10,1,65,,33372,42,0,10,2,24,,33386,42,0,10,2,24,,33382,42,0,10,2,64,,33361,42,0,10,1,24,,33373,42,0,10,2,64,,33387,42,0,10,2,23,,33383,42,0,10,2,22,,33362,42,0,10,1,63,,33388,42,0,10,1,23,,33374,42,0,10,2,63,,33384,42,0,10,2,19,,33363,42,0,10,1,21,,33389,42,0,10,1,70,,33375,42,0,10,2,29,,33364,42,0,10,1,67,,33390,42,0,10,1,29,,33376,42,0,10,2,69,,33365,42,0,10,1,29,,33391,42,0,10,1,68,,33377,42,0,10,2,29,,33366,42,0,10,1,29,,33392,42,0,10,1,73,,33395,42,0,10,1,75,,33393,42,0,10,1,30,,33396,42,0,10,2,72,,33394,42,0,10,1
9502,'H51JV00S-84-S',531,,33397,42,0,10,1,23,,33406,42,0,10,2,68,,33409,42,0,10,2,31,,33398,42,0,10,1,69,,33407,42,0,10,2,85,,33410,42,0,10,2,21,,33411,42,0,10,1,21,,33399,42,0,10,1,61,,33408,42,0,10,2,26,,33403,42,0,10,1,70,,33412,42,0,10,1,32,,33400,42,0,10,1,72,,33404,42,0,10,1,32,,33413,42,0,10,1,72,,33401,42,0,10,1,22,,33415,42,0,10,1,22,,33405,42,0,10,1,61,,33414,42,0,10,1,21,,33423,42,0,10,2,61,,33402,42,0,10,1,24,,33416,42,0,10,1,25,,33426,42,0,10,1,65,,33433,42,0,10,2,24,,33424,42,0,10,2,65,,33439,42,0,10,1,24,,33417,42,0,10,1,24,,33427,42,0,10,1,69,,33434,42,0,10,2,28,,33425,42,0,10,2,68,,33418,42,0,10,1,32,,33428,42,0,10,1,70,,33435,42,0,10,2,29,,33419,42,0,10,1,70,,33429,42,0,10,1,30,,33436,42,0,10,2,70,,33420,42,0,10,1,30,,33430,42,0,10,1,70,,33437,42,0,10,2,28,,33421,42,0,10,1,69,,33431,42,0,10,1,29,,33438,42,0,10,2,67,,33422,42,0,10,1,28,,33432,42,0,10,1,71,,33440,42,0,10,2
36103,'H51J000A-82-A',2530,,75014,30,0,8,1,9,,75042,30,0,8,2,10,,75019,30,0,8,1,10,,75028,30,0,8,1,45,,75015,30,0,8,2,6,,75023,30,0,8,1,5,,75033,30,0,8,1,5,,75017,30,0,8,1,4,,75011,30,0,8,1,6,,75031,30,0,8,1,7,,75043,30,0,8,2,9,,75038,30,0,8,1,5,,75041,30,0,8,1,5,,75036,30,0,8,1,46,,75022,30,0,8,1,5,,75035,30,0,8,1,5,,75021,30,0,8,1,3,,75026,30,0,8,1,3,,75040,30,0,8,1,3,,75044,30,0,8,1,4,,75029,30,0,8,1,4,,75016,30,0,8,2,4,,75024,30,0,8,1,3,,75020,30,0,8,1,5,,75034,30,0,8,1,6,,75012,30,0,8,1,6,,75032,30,0,8,1,6,,75013,30,0,8,1,44,,75018,30,0,8,1,9,,75039,30,0,8,1,10,,75037,30,0,8,1,10,,75030,30,0,8,2,11,,75027,30,0,8,1,14,,75025,30,0,8,1
36103,'H51J000I-82-I',2510,,75046,30,0,8,1,28,,75049,30,0,8,2,62,,75045,30,0,8,1,39,,75047,30,0,8,1,85,,75050,30,0,8,2,85,,75048,30,0,8,1,45,,75051,30,0,8,2
36103,'H51J000S-80-S',2510,,75057,30,0,8,1,23,,75056,30,0,8,1,16,,75067,24,0,8,2,1,,75062,30,0,8,2,57,,75064,30,0,8,2,11,,75052,30,0,8,1,15,,75066,30,0,8,2,13,,75058,30,0,8,1,54,,75053,30,0,8,1,11,,75060,30,0,8,1,8,,75054,30,0,8,1,7,,75061,30,0,8,1,13,,75063,30,0,8,2,8,,75065,30,0,8,2,63,,75059,30,0,8,1,45,,75055,30,0,8,1
36103,'H51J000S-80-SV',2516,,75068,30,0,8,2,5,,75071,30,0,8,2,7,,75072,30,0,8,2,11,,75074,30,0,8,2,6,,75076,30,0,8,2,11,,75077,30,0,8,2,45,,75078,30,0,8,2,9,,75079,30,0,8,2,4,,75081,30,0,8,2,8,,75082,30,0,8,2,6,,75084,30,0,8,2,12,,75069,30,0,8,2,10,,75073,30,0,8,2,54,,75075,30,0,8,2,28,,75080,30,0,8,2,19,,75085,30,0,8,2,4,,75083,30,0,8,2,49,,75070,30,0,8,2
36103,'H51JV00A-80-A',2530,,75102,30,0,8,1,9,,75118,30,0,8,2,10,,75104,30,0,8,1,10,,75115,30,0,8,1,45,,75106,30,0,8,2,6,,75110,30,0,8,1,5,,75086,30,0,8,1,5,,75108,30,0,8,1,4,,75092,30,0,8,1,6,,75098,30,0,8,1,7,,75119,30,0,8,2,9,,75089,30,0,8,1,5,,75100,30,0,8,1,5,,75113,30,0,8,1,46,,75103,30,0,8,1,5,,75088,30,0,8,1,5,,75096,30,0,8,1,3,,75094,30,0,8,1,3,,75091,30,0,8,1,3,,75117,30,0,8,1,4,,75116,30,0,8,1,4,,75107,30,0,8,2,4,,75111,30,0,8,1,3,,75105,30,0,8,1,5,,75087,30,0,8,1,6,,75093,30,0,8,1,6,,75099,30,0,8,1,6,,75101,30,0,8,1,44,,75109,30,0,8,1,9,,75090,30,0,8,1,10,,75114,30,0,8,1,10,,75097,30,0,8,2,11,,75095,30,0,8,1,14,,75112,30,0,8,1
36103,'H51JV00I-80-I',2510,,75124,30,0,8,1,28,,75121,30,0,8,2,62,,75120,30,0,8,1,39,,75125,30,0,8,1,85,,75122,30,0,8,2,85,,75126,30,0,8,1,45,,75123,30,0,8,2
36103,'H51JV00S-84-S',2510,,75134,30,0,8,1,23,,75133,30,0,8,1,16,,75142,24,0,8,2,1,,75138,30,0,8,2,57,,75140,30,0,8,2,11,,75127,30,0,8,1,15,,75136,30,0,8,1,13,,75135,30,0,8,1,54,,75129,30,0,8,1,11,,75137,30,0,8,1,8,,75130,30,0,8,1,7,,75128,30,0,8,1,13,,75139,30,0,8,2,8,,75141,30,0,8,2,63,,75132,30,0,8,1,45,,75131,30,0,8,1
36103,'H51JV00S-84-SV',2516,,75143,30,0,8,2,5,,75146,30,0,8,2,7,,75147,30,0,8,2,11,,75149,30,0,8,2,6,,75151,30,0,8,2,11,,75152,30,0,8,2,45,,75153,30,0,8,2,9,,75154,30,0,8,2,4,,75156,30,0,8,2,8,,75157,30,0,8,2,6,,75159,30,0,8,2,12,,75144,30,0,8,2,10,,75148,30,0,8,2,54,,75150,30,0,8,2,28,,75155,30,0,8,2,19,,75160,30,0,8,2,4,,75158,30,0,8,2,49,,75145,30,0,8,2
