5503,'H51M000S-80-S',815,,187089,18,0,8,2
5503,'H57M000S-80-S',1411,,187092,18,0,8,1,141,,187091,18,0,8,2,60,,187090,18,0,8,1,29,,187093,18,0,8,1
5503,'H58M000A-80-A',515,,187100,18,0,8,1,28,,187113,18,0,8,1,70,,187109,18,0,8,2,30,,187115,18,0,8,1,70,,187101,18,0,8,1,31,,187095,18,0,8,1,70,,187118,18,0,8,1,32,,187123,18,0,8,1,73,,187102,18,0,8,1,31,,187096,18,0,8,1,70,,187119,18,0,8,1,31,,187124,18,0,8,1,62,,187141,18,0,8,1,14,,187103,18,0,8,1,13,,187145,18,0,8,1,13,,187110,18,0,8,1,56,,187097,18,0,8,1,14,,187148,18,0,8,1,13,,187131,18,0,8,1,13,,187134,18,0,8,1,51,,187152,18,0,8,2,10,,187125,18,0,8,1,11,,187138,18,0,8,1,9,,187157,18,0,8,1,9,,187142,18,0,8,1,8,,187160,18,0,8,1,8,,187104,18,0,8,1,49,,187146,18,0,8,1,9,,187111,18,0,8,1,8,,187165,18,0,8,1,8,,187128,18,0,8,1,8,,187098,18,0,8,1,8,,187149,18,0,8,1,9,,187122,18,0,8,1,48,,187167,18,0,8,1,8,,187132,18,0,8,1,8,,187135,18,0,8,1,9,,187153,18,0,8,2,9,,187126,18,0,8,1,9,,187139,18,0,8,1,7,,187147,18,0,8,1,48,,187162,18,0,8,1,8,,187158,18,0,8,1,9,,187161,18,0,8,1,9,,187105,18,0,8,1,8,,187112,18,0,8,1,7,,187171,18,0,8,2,7,,187166,18,0,8,1,7,,187129,18,0,8,1,48,,187099,18,0,8,1,7,,187173,18,0,8,2,6,,187150,18,0,8,1,6,,187174,18,0,8,1,6,,187168,18,0,8,1,6,,187133,18,0,8,1,6,,187127,18,0,8,1,7,,187136,18,0,8,1,6,,187154,18,0,8,2,6,,187175,18,0,8,1,47,,187140,18,0,8,1,8,,187179,18,0,8,1,8,,187163,18,0,8,1,8,,187181,18,0,8,2,9,,187159,18,0,8,1,10,,187116,18,0,8,1,9,,187106,18,0,8,1,48,,187172,18,0,8,2,8,,187107,18,0,8,1,9,,187130,18,0,8,1,9,,187151,18,0,8,1,9,,187094,18,0,8,1,10,,187169,18,0,8,1,50,,187137,18,0,8,1,8,,187176,18,0,8,1,10,,187155,18,0,8,1,11,,187180,18,0,8,1,12,,187182,18,0,8,2,12,,187117,18,0,8,1,52,,187164,18,0,8,1,12,,187143,18,0,8,1,13,,187108,18,0,8,1,13,,187177,18,0,8,1,12,,187170,18,0,8,1,52,,187184,18,0,8,2,14,,187156,18,0,8,1,14,,187120,18,0,8,1,14,,187183,18,0,8,2,53,,187114,18,0,8,1,14,,187186,18,0,8,1,14,,187144,18,0,8,1,18,,187178,18,0,8,1,61,,187185,18,0,8,2,26,,187121,18,0,8,1
5503,'H58M000I-80-I',518,,187188,18,0,8,1,32,,187209,18,0,8,1,72,,187202,18,0,8,1,32,,187215,18,0,8,1,70,,187189,18,0,8,1,28,,187210,18,0,8,1,67,,187203,18,0,8,1,27,,187197,18,0,8,1,70,,187190,18,0,8,1,30,,187211,18,0,8,1,70,,187204,18,0,8,1,21,,187226,18,0,8,1,64,,187198,18,0,8,1,23,,187191,18,0,8,1,18,,187194,18,0,8,1,17,,187212,18,0,8,1,57,,187233,18,0,8,1,17,,187221,18,0,8,1,14,,187224,18,0,8,2,53,,187227,18,0,8,1,13,,187199,18,0,8,1,12,,187237,18,0,8,1,10,,187231,18,0,8,2,10,,187192,18,0,8,1,10,,187240,18,0,8,2,50,,187195,18,0,8,1,10,,187213,18,0,8,1,10,,187245,18,0,8,2,10,,187234,18,0,8,1,10,,187236,18,0,8,2,10,,187222,18,0,8,1,50,,187225,18,0,8,2,10,,187228,18,0,8,1,9,,187232,18,0,8,2,8,,187200,18,0,8,1,8,,187247,18,0,8,2,8,,187238,18,0,8,1,9,,187248,18,0,8,1,48,,187193,18,0,8,1,8,,187241,18,0,8,2,7,,187187,18,0,8,1,8,,187196,18,0,8,1,8,,187219,18,0,8,1,8,,187246,18,0,8,2,8,,187217,18,0,8,1,48,,187235,18,0,8,1,7,,187252,18,0,8,2,7,,187223,18,0,8,1,10,,187256,18,0,8,1,10,,187229,18,0,8,1,8,,187216,18,0,8,1,9,,187201,18,0,8,1,51,,187208,18,0,8,2,9,,187249,18,0,8,1,10,,187214,18,0,8,1,10,,187242,18,0,8,2,12,,187239,18,0,8,1,13,,187220,18,0,8,1,53,,187205,18,0,8,1,19,,187253,18,0,8,2,21,,187230,18,0,8,1,63,,187250,18,0,8,1,25,,187243,18,0,8,2,68,,187206,18,0,8,1,30,,187254,18,0,8,2,69,,187251,18,0,8,1,30,,187244,18,0,8,2,70,,187207,18,0,8,1,29,,187255,18,0,8,2,69,,187218,18,0,8,1
5503,'H58M000S-80-S',520,,187330,18,0,8,1,22,,187257,18,0,8,2,66,,187265,18,0,8,1,29,,187272,18,0,8,2,71,,187277,18,0,8,1,9,,187287,18,0,8,2,14,,187271,18,0,8,1,97,,187266,18,0,8,1,13,,187299,18,0,8,1,13,,187291,18,0,8,1,56,,187278,18,0,8,1,17,,187292,18,0,8,1,20,,187288,18,0,8,1,60,,187306,18,0,8,1,20,,187303,18,0,8,1,20,,187273,18,0,8,1,58,,187300,18,0,8,1,18,,187279,18,0,8,1,20,,187293,18,0,8,1,59,,187289,18,0,8,1,20,,187307,18,0,8,1,18,,187270,18,0,8,1,15,,187304,18,0,8,1,53,,187274,18,0,8,1,13,,187261,18,0,8,1,13,,187301,18,0,8,1,13,,187280,18,0,8,1,53,,187321,18,0,8,1,22,,187294,18,0,8,1,10,,187290,18,0,8,1,11,,187312,18,0,8,2,10,,187308,18,0,8,1,50,,187260,18,0,8,2,10,,187262,18,0,8,1,9,,187267,18,0,8,2,11,,187268,18,0,8,1,9,,187275,18,0,8,1,60,,187302,18,0,8,1,20,,187281,18,0,8,1,9,,187318,18,0,8,1,20,,187269,18,0,8,1,49,,187295,18,0,8,1,10,,187264,18,0,8,1,8,,187313,18,0,8,2,9,,187322,18,0,8,1,7,,187309,18,0,8,1,7,,187329,18,0,8,2,7,,187263,18,0,8,1,8,,187305,18,0,8,1,48,,187282,18,0,8,1,8,,187326,18,0,8,2,9,,187276,18,0,8,1,10,,187316,18,0,8,1,9,,187258,18,0,8,1,9,,187327,18,0,8,2,10,,187314,18,0,8,1,50,,187319,18,0,8,2,10,,187323,18,0,8,1,13,,187296,18,0,8,1,14,,187259,18,0,8,1,54,,187310,18,0,8,1,13,,187328,18,0,8,2,14,,187283,18,0,8,1,14,,187317,18,0,8,1,59,,187285,18,0,8,2,20,,187315,18,0,8,1,20,,187297,18,0,8,1,62,,187324,18,0,8,1,19,,187311,18,0,8,1,19,,187284,18,0,8,1,19,,187320,18,0,8,1,56,,187286,18,0,8,2,23,,187298,18,0,8,1,65,,187325,18,0,8,1
5503,'H59M000S-80-S',745,,187331,18,0,8,1,13,,187332,18,0,8,1
36303,'H51M000A-80-A',2454,,214603,20,0,8,1,65,,214609,20,0,8,1,22,,214606,20,0,8,1,18,,214617,20,0,8,1,49,,214602,20,0,8,1,9,,214605,20,0,8,1,9,,214613,20,0,8,2,9,,214610,20,0,8,2,10,,214611,20,0,8,1,10,,214604,20,0,8,1,49,,214608,20,0,8,1,9,,214607,20,0,8,1,9,,214619,20,0,8,2,8,,214615,20,0,8,1,10,,214618,20,0,8,1,12,,214614,20,0,8,2,60,,214612,20,0,8,1,24,,214620,20,0,8,1,67,,214616,20,0,8,1
36303,'H51M000I-80-I',2428,,214622,20,0,8,1,87,,214621,20,0,8,2,85,,214623,20,0,8,1,44,,214626,20,0,8,2,85,,214624,20,0,8,1,85,,214627,20,0,8,2,45,,214625,20,0,8,1
36303,'H51M000S-80-S',2428,,214631,20,0,8,1,87,,214630,20,0,8,1,86,,214632,20,0,8,1,43,,214628,20,0,8,1,85,,214633,20,0,8,1,83,,214629,20,0,8,1,46,,214634,20,0,8,1
36303,'H51M000S-80-SV',2614,,214635,20,0,8,2,15,,214636,20,0,8,2,30,,214637,20,0,8,2,54,,214638,20,0,8,2
