10401,'H50J000S-83-S',718,,36507,19,0,5,1,6,,36509,19,0,5,1,77,,36508,19,0,5,1
10401,'H50JV00S-82-S',718,,36510,19,0,5,1,6,,36512,19,0,5,1,77,,36511,19,0,5,1
10401,'H56J000A-80-A',636,,36513,19,0,5,1,74,,36519,19,0,5,1,19,,36517,19,0,5,1,75,,36514,19,0,5,1,35,,36520,19,0,5,1,61,,36518,19,0,5,1,37,,36515,19,0,5,1,81,,36521,19,0,5,1,28,,36540,19,0,5,2,72,,36531,19,0,5,2,41,,36522,19,0,5,1,69,,36541,19,0,5,2,77,,36532,19,0,5,2,38,,36523,19,0,5,1,69,,36542,19,0,5,2,37,,36533,19,0,5,2,78,,36524,19,0,5,1,29,,36543,19,0,5,2,77,,36534,19,0,5,2,78,,36525,19,0,5,1,31,,36544,19,0,5,2,72,,36535,19,0,5,2,39,,36526,19,0,5,1,69,,36545,19,0,5,2,31,,36536,19,0,5,2,73,,36527,19,0,5,1,29,,36546,19,0,5,2,70,,36537,19,0,5,2,33,,36528,19,0,5,1,68,,36547,19,0,5,2,29,,36538,19,0,5,2,71,,36529,19,0,5,1,29,,36548,19,0,5,1,68,,36539,19,0,5,2,28,,36530,19,0,5,1,69,,36516,19,0,5,2
10401,'H56J000I-80-I',650,,36549,19,0,5,1,70,,36551,19,0,5,2,81,,36553,19,0,5,1,36,,36550,19,0,5,1,16,,36552,19,0,5,2,80,,36554,19,0,5,1,84,,36572,19,0,5,1,38,,36578,19,0,5,1,55,,36562,19,0,5,1,43,,36573,19,0,5,1,83,,36579,19,0,5,1,80,,36568,19,0,5,1,16,,36574,19,0,5,1,85,,36580,19,0,5,1,41,,36569,19,0,5,1,82,,36556,19,0,5,1,19,,36581,19,0,5,1,81,,36570,19,0,5,1,82,,36557,19,0,5,1,80,,36563,19,0,5,1,16,,36571,19,0,5,1,37,,36558,19,0,5,1,83,,36564,19,0,5,1,73,,36575,19,0,5,1,18,,36559,19,0,5,1,77,,36565,19,0,5,1,31,,36576,19,0,5,1,72,,36560,19,0,5,1,33,,36566,19,0,5,1,72,,36577,19,0,5,1,33,,36561,19,0,5,1,72,,36567,19,0,5,1,32,,36555,19,0,5,1
10401,'H56J000S-80-S',631,,36617,19,0,5,1,25,,36596,19,0,5,1,50,,36582,19,0,5,2,24,,36618,19,0,5,1,6,,36586,19,0,5,1,6,,36593,19,0,5,2,7,,36616,19,0,5,2,6,,36601,19,0,5,1,70,,36602,19,0,5,1,13,,36607,19,0,5,2,105,,36608,19,0,5,1,76,,36603,19,0,5,1,35,,36587,19,0,5,1,75,,36609,19,0,5,1,76,,36604,19,0,5,1,36,,36588,19,0,5,1,76,,36610,19,0,5,1,39,,36605,19,0,5,1,78,,36589,19,0,5,1,79,,36611,19,0,5,1,42,,36606,19,0,5,1,77,,36613,19,0,5,2,75,,36619,19,0,5,1,41,,36614,19,0,5,1,79,,36594,19,0,5,2,79,,36612,19,0,5,1,33,,36615,19,0,5,1,75,,36595,19,0,5,2,30,,36597,19,0,5,1,71,,36590,19,0,5,1,31,,36583,19,0,5,2,70,,36598,19,0,5,1,31,,36591,19,0,5,1,69,,36584,19,0,5,2,29,,36599,19,0,5,1,69,,36592,19,0,5,1,27,,36585,19,0,5,2,66,,36600,19,0,5,1
10401,'H56JV00A-80-A',636,,36620,19,0,5,1,74,,36626,19,0,5,1,19,,36624,19,0,5,1,75,,36621,19,0,5,1,35,,36627,19,0,5,1,61,,36625,19,0,5,1,37,,36622,19,0,5,1,81,,36628,19,0,5,1,28,,36647,19,0,5,2,72,,36638,19,0,5,2,41,,36629,19,0,5,1,69,,36648,19,0,5,2,77,,36639,19,0,5,2,38,,36630,19,0,5,1,69,,36649,19,0,5,2,37,,36640,19,0,5,2,78,,36631,19,0,5,1,29,,36650,19,0,5,2,77,,36641,19,0,5,2,78,,36632,19,0,5,1,31,,36651,19,0,5,2,72,,36642,19,0,5,2,39,,36633,19,0,5,1,69,,36652,19,0,5,2,31,,36643,19,0,5,2,73,,36634,19,0,5,1,29,,36653,19,0,5,2,70,,36644,19,0,5,2,33,,36635,19,0,5,1,68,,36654,19,0,5,2,29,,36645,19,0,5,2,71,,36636,19,0,5,1,29,,36655,19,0,5,1,68,,36646,19,0,5,2,28,,36637,19,0,5,1,69,,36623,19,0,5,2
10401,'H56JV00I-80-I',650,,36656,19,0,5,1,70,,36658,19,0,5,2,81,,36660,19,0,5,1,36,,36657,19,0,5,1,16,,36659,19,0,5,2,80,,36661,19,0,5,1,84,,36679,19,0,5,1,38,,36685,19,0,5,1,55,,36669,19,0,5,1,43,,36680,19,0,5,1,83,,36686,19,0,5,1,80,,36675,19,0,5,1,16,,36681,19,0,5,1,85,,36687,19,0,5,1,41,,36676,19,0,5,1,82,,36663,19,0,5,1,19,,36688,19,0,5,1,81,,36677,19,0,5,1,82,,36664,19,0,5,1,80,,36670,19,0,5,1,16,,36678,19,0,5,1,37,,36665,19,0,5,1,83,,36671,19,0,5,1,73,,36682,19,0,5,1,18,,36666,19,0,5,1,77,,36672,19,0,5,1,31,,36683,19,0,5,1,72,,36667,19,0,5,1,33,,36673,19,0,5,1,72,,36684,19,0,5,1,33,,36668,19,0,5,1,72,,36674,19,0,5,1,32,,36662,19,0,5,1
10401,'H56JV00S-80-S',631,,36724,19,0,5,1,25,,36703,19,0,5,1,50,,36689,19,0,5,2,24,,36725,19,0,5,1,6,,36693,19,0,5,1,6,,36700,19,0,5,2,7,,36723,19,0,5,2,6,,36708,19,0,5,1,70,,36709,19,0,5,1,13,,36714,19,0,5,2,105,,36715,19,0,5,1,76,,36710,19,0,5,1,35,,36694,19,0,5,1,75,,36716,19,0,5,1,76,,36711,19,0,5,1,36,,36695,19,0,5,1,76,,36717,19,0,5,1,39,,36712,19,0,5,1,78,,36696,19,0,5,1,79,,36718,19,0,5,1,42,,36713,19,0,5,1,77,,36720,19,0,5,2,75,,36726,19,0,5,1,41,,36721,19,0,5,1,79,,36701,19,0,5,1,79,,36719,19,0,5,1,33,,36722,19,0,5,1,75,,36702,19,0,5,1,30,,36704,19,0,5,1,71,,36697,19,0,5,1,31,,36690,19,0,5,2,70,,36705,19,0,5,1,31,,36698,19,0,5,1,69,,36691,19,0,5,2,29,,36706,19,0,5,1,69,,36699,19,0,5,1,27,,36692,19,0,5,2,66,,36707,19,0,5,1
10401,'H57J000S-81-S',907,,36727,19,0,5,1
10401,'H57JV00S-83-S',907,,36728,19,0,5,1
