17003,'H50J000S-83-S',1521,,57625,10,0,8,1
17003,'H50JV00S-82-S',1521,,57626,10,0,8,1
17003,'H58J000S-81-S',1534,,57629,10,0,8,2,17,,57628,10,0,8,2,8,,57627,10,0,8,1
17003,'H58J000S-83-S',1534,,57632,10,0,8,2,17,,57631,10,0,8,2,8,,57630,10,0,8,1
17003,'H58JV00S-82-S',1534,,57635,10,0,8,2,17,,57634,10,0,8,2,8,,57633,10,0,8,1
17003,'H60J000A-80-A',624,,57638,10,0,8,1,33,,57663,10,0,8,1,73,,57639,10,0,8,1,73,,57664,10,0,8,1,31,,57640,10,0,8,1,71,,57665,10,0,8,1,32,,57653,10,0,8,2,72,,57666,10,0,8,1,28,,57654,10,0,8,2,67,,57667,10,0,8,1,27,,57655,10,0,8,2,27,,57668,10,0,8,1,68,,57656,10,0,8,2,28,,57641,10,0,8,1,68,,57657,10,0,8,2,28,,57642,10,0,8,1,68,,57658,10,0,8,2,27,,57643,10,0,8,1,67,,57659,10,0,8,2,21,,57670,10,0,8,1,21,,57644,10,0,8,1,60,,57660,10,0,8,2,25,,57671,10,0,8,1,19,,57645,10,0,8,1,59,,57661,10,0,8,2,18,,57672,10,0,8,1,20,,57646,10,0,8,1,61,,57662,10,0,8,2,20,,57673,10,0,8,1,65,,57647,10,0,8,1,26,,57674,10,0,8,1,25,,57648,10,0,8,1,62,,57680,10,0,8,2,22,,57675,10,0,8,1,23,,57649,10,0,8,1,64,,57676,10,0,8,1,25,,57650,10,0,8,1,66,,57677,10,0,8,1,27,,57651,10,0,8,1,70,,57678,10,0,8,1,33,,57652,10,0,8,1,73,,57679,10,0,8,1,32,,57636,10,0,8,1,74,,57669,10,0,8,1,86,,57637,10,0,8,1
17003,'H60J000I-80-I',639,,57686,10,0,8,2,70,,57681,10,0,8,1,31,,57687,10,0,8,2,70,,57682,10,0,8,1,32,,57688,10,0,8,2,70,,57708,10,0,8,1,30,,57689,10,0,8,2,70,,57709,10,0,8,1,29,,57690,10,0,8,2,69,,57710,10,0,8,1,26,,57691,10,0,8,2,66,,57711,10,0,8,1,26,,57692,10,0,8,2,26,,57712,10,0,8,1,66,,57693,10,0,8,2,26,,57713,10,0,8,1,66,,57694,10,0,8,2,26,,57714,10,0,8,1,67,,57695,10,0,8,2,28,,57715,10,0,8,1,68,,57696,10,0,8,2,27,,57683,10,0,8,1,20,,57716,10,0,8,1,60,,57697,10,0,8,2,21,,57684,10,0,8,1,20,,57717,10,0,8,1,59,,57698,10,0,8,2,21,,57685,10,0,8,1,20,,57718,10,0,8,1,60,,57699,10,0,8,2,28,,57700,10,0,8,1,69,,57719,10,0,8,1,29,,57701,10,0,8,1,69,,57703,10,0,8,1,30,,57702,10,0,8,1,71,,57704,10,0,8,1,31,,57720,10,0,8,1,71,,57705,10,0,8,1,31,,57721,10,0,8,1,70,,57706,10,0,8,1,30,,57722,10,0,8,1,69,,57707,10,0,8,1,31,,57723,10,0,8,1
17003,'H60J000S-98-S',608,,57738,10,0,8,1,34,,57740,10,0,8,1,73,,57747,10,0,8,2,34,,57741,10,0,8,1,73,,57755,10,0,8,1,31,,57742,10,0,8,1,66,,57728,10,0,8,1,25,,57729,10,0,8,1,68,,57749,10,0,8,1,29,,57730,10,0,8,1,69,,57750,10,0,8,1,28,,57731,10,0,8,1,69,,57751,10,0,8,1,28,,57732,10,0,8,1,70,,57752,10,0,8,1,30,,57733,10,0,8,1,70,,57753,10,0,8,1,30,,57734,10,0,8,1,20,,57756,10,0,8,1,53,,57754,10,0,8,1,35,,57735,10,0,8,1,64,,57773,10,0,8,2,8,,57757,10,0,8,1,8,,57746,10,0,8,2,7,,57775,10,0,8,2,8,,57727,10,0,8,1,7,,57724,10,0,8,1,9,,57736,10,0,8,1,49,,57748,10,0,8,1,8,,57743,10,0,8,1,10,,57774,10,0,8,2,11,,57737,10,0,8,1,12,,57758,10,0,8,1,11,,57725,10,0,8,1,51,,57772,10,0,8,1,10,,57744,10,0,8,1,11,,57739,10,0,8,1,9,,57726,10,0,8,1,15,,57759,10,0,8,1,58,,57767,10,0,8,2,21,,57745,10,0,8,1,23,,57760,10,0,8,1,69,,57768,10,0,8,2,29,,57761,10,0,8,1,71,,57769,10,0,8,2,30,,57762,10,0,8,1,69,,57770,10,0,8,2,29,,57763,10,0,8,1,69,,57771,10,0,8,2,29,,57764,10,0,8,1,69,,57776,10,0,8,1,36,,57765,10,0,8,1,87,,57766,10,0,8,1
17003,'H60JV00A-80-A',624,,57777,10,0,8,1,33,,57803,10,0,8,1,73,,57778,10,0,8,1,73,,57804,10,0,8,1,31,,57779,10,0,8,1,71,,57805,10,0,8,1,32,,57793,10,0,8,2,72,,57806,10,0,8,1,28,,57794,10,0,8,2,67,,57807,10,0,8,1,27,,57795,10,0,8,2,27,,57808,10,0,8,1,68,,57796,10,0,8,2,28,,57781,10,0,8,1,68,,57797,10,0,8,2,28,,57782,10,0,8,1,68,,57798,10,0,8,2,27,,57783,10,0,8,1,67,,57799,10,0,8,2,21,,57809,10,0,8,1,21,,57784,10,0,8,1,60,,57800,10,0,8,2,25,,57810,10,0,8,1,19,,57785,10,0,8,1,59,,57801,10,0,8,2,18,,57811,10,0,8,1,20,,57786,10,0,8,1,61,,57802,10,0,8,2,20,,57812,10,0,8,1,65,,57787,10,0,8,1,26,,57813,10,0,8,1,25,,57788,10,0,8,1,62,,57780,10,0,8,2,22,,57814,10,0,8,1,23,,57789,10,0,8,1,64,,57815,10,0,8,1,25,,57790,10,0,8,1,66,,57816,10,0,8,1,27,,57791,10,0,8,1,70,,57817,10,0,8,1,33,,57792,10,0,8,1,73,,57818,10,0,8,1,32,,57819,10,0,8,1,74,,57821,10,0,8,1,86,,57820,10,0,8,1
17003,'H60JV00I-80-I',639,,57832,10,0,8,2,70,,57830,10,0,8,1,31,,57833,10,0,8,2,70,,57831,10,0,8,1,32,,57834,10,0,8,2,70,,57846,10,0,8,1,30,,57835,10,0,8,2,70,,57847,10,0,8,1,29,,57836,10,0,8,2,69,,57848,10,0,8,1,26,,57837,10,0,8,2,66,,57849,10,0,8,1,26,,57838,10,0,8,2,26,,57850,10,0,8,1,66,,57839,10,0,8,2,26,,57851,10,0,8,1,66,,57840,10,0,8,2,26,,57852,10,0,8,1,67,,57841,10,0,8,2,28,,57853,10,0,8,1,68,,57842,10,0,8,2,27,,57862,10,0,8,1,20,,57854,10,0,8,1,60,,57843,10,0,8,2,21,,57863,10,0,8,1,20,,57855,10,0,8,1,59,,57844,10,0,8,2,21,,57864,10,0,8,1,20,,57856,10,0,8,1,60,,57845,10,0,8,2,28,,57857,10,0,8,1,69,,57860,10,0,8,1,29,,57858,10,0,8,1,69,,57825,10,0,8,1,30,,57859,10,0,8,1,71,,57826,10,0,8,1,31,,57861,10,0,8,1,71,,57827,10,0,8,1,31,,57822,10,0,8,1,70,,57828,10,0,8,1,30,,57823,10,0,8,1,69,,57829,10,0,8,1,31,,57824,10,0,8,1
17003,'H60JV00S-98-S',608,,57865,10,0,8,1,34,,57870,10,0,8,1,73,,57871,10,0,8,2,34,,57911,10,0,8,1,73,,57902,10,0,8,1,31,,57912,10,0,8,1,66,,57916,10,0,8,1,25,,57872,10,0,8,1,68,,57896,10,0,8,1,29,,57873,10,0,8,1,69,,57897,10,0,8,1,28,,57874,10,0,8,1,69,,57898,10,0,8,1,28,,57875,10,0,8,1,70,,57899,10,0,8,1,30,,57876,10,0,8,1,70,,57900,10,0,8,1,30,,57877,10,0,8,1,20,,57867,10,0,8,1,53,,57901,10,0,8,1,35,,57878,10,0,8,1,64,,57894,10,0,8,2,8,,57868,10,0,8,1,8,,57906,10,0,8,2,7,,57903,10,0,8,2,8,,57910,10,0,8,1,7,,57904,10,0,8,1,9,,57879,10,0,8,1,49,,57866,10,0,8,1,8,,57913,10,0,8,1,10,,57895,10,0,8,2,11,,57917,10,0,8,1,12,,57880,10,0,8,1,11,,57905,10,0,8,1,51,,57869,10,0,8,1,10,,57914,10,0,8,1,11,,57909,10,0,8,1,9,,57907,10,0,8,1,15,,57881,10,0,8,1,58,,57889,10,0,8,1,21,,57915,10,0,8,1,23,,57882,10,0,8,1,69,,57890,10,0,8,1,29,,57883,10,0,8,1,71,,57891,10,0,8,1,30,,57884,10,0,8,1,69,,57892,10,0,8,1,29,,57885,10,0,8,1,69,,57893,10,0,8,1,29,,57886,10,0,8,1,69,,57908,10,0,8,1,36,,57887,10,0,8,1,87,,57888,10,0,8,1
