16600,'H50M000A-70-A',838,,137447,15,,,1,72,,137433,15,,,1,31,,137424,15,,,2,71,,137448,15,,,1,32,,137434,15,,,1,71,,137425,15,,,2,31,,137449,15,,,1,71,,137435,15,,,1,31,,137426,15,,,2,70,,137450,15,,,1,30,,137436,15,,,1,70,,137441,15,,,2,30,,137451,15,,,1,70,,137437,15,,,1,30,,137442,15,,,2,70,,137452,15,,,1,30,,137438,15,,,1,69,,137443,15,,,2,30,,137453,15,,,1,69,,137439,15,,,1,30,,137444,15,,,2,70,,137454,15,,,1,30,,137440,15,,,1,72,,137445,15,,,2,32,,137455,15,,,1,83,,137446,27,0,22 34,2,71,,137427,27,0,22 34,1,40,,137430,27,0,22 34,2,79,,137428,27,0,22 34,1,80,,137431,27,0,22 34,2,40,,137429,27,0,22 34,1,82,,137432,27,0,22 34,2
16600,'H50M000I-70-I',909,,137475,15,,,1,31,,137456,15,,,1,69,,137468,15,,,2,30,,137476,15,,,1,70,,137457,15,,,1,31,,137469,15,,,2,70,,137477,15,,,1,30,,137458,15,,,1,70,,137470,15,,,2,30,,137478,15,,,1,70,,137459,15,,,1,30,,137471,15,,,2,70,,137479,15,,,1,30,,137460,15,,,1,70,,137472,15,,,2,30,,137480,15,,,1,69,,137461,15,,,1,30,,137473,15,,,2,70,,137481,15,,,1,30,,137462,15,,,1,69,,137474,15,,,2,29,,137482,15,,,1,71,,137463,15,,,1,33,,137483,15,,,1,78,,137464,27,0,22 34,1,39,,137484,27,0,22 34,1,78,,137465,27,0,22 34,1,79,,137485,27,0,22 34,1,38,,137466,27,0,22 34,1,78,,137486,27,0,22 34,1,83,,137467,27,0,22 34,1
16600,'H50M000S-70-S',656,,137487,15,,,1,63,,137523,15,,,1,21,,137519,15,,,1,66,,137489,15,,,1,28,,137514,15,,,2,69,,137520,15,,,1,28,,137490,15,,,1,70,,137515,15,,,2,30,,137521,15,,,1,70,,137491,15,,,1,29,,137516,15,,,2,29,,137522,15,,,1,69,,137492,15,,,1,30,,137517,15,,,2,70,,137508,15,,,1,30,,137493,15,,,1,70,,137518,15,,,2,30,,137509,15,,,1,70,,137494,15,,,1,72,,137501,17,,,1,29,,137510,17,,,1,30,,137495,17,,,1,70,,137502,17,,,1,29,,137511,17,,,1,70,,137496,17,,,1,30,,137503,15,,,1,70,,137512,15,,,1,30,,137497,15,,,1,71,,137504,15,,,1,71,,137513,15,,,1,38,,137498,27,0,22 34,1,72,,137505,27,0,22 34,1,33,,137488,27,0,22 34,1,74,,137499,27,0,22 34,1,38,,137506,27,0,22 34,1,78,,137500,27,0,22 34,1,76,,137507,27,0,22 34,1
16600,'H50M100F-70-F1',909,,137543,15,,,1,31,,137524,15,,,1,69,,137536,15,,,2,30,,137544,15,,,1,70,,137525,15,,,1,31,,137537,15,,,2,70,,137545,15,,,1,30,,137526,15,,,1,70,,137538,15,,,2,30,,137550,15,,,1,70,,137527,15,,,1,30,,137539,15,,,2,70,,137551,15,,,1,30,,137528,15,,,1,70,,137540,15,,,2,30,,137546,15,,,1,69,,137529,15,,,1,30,,137541,15,,,2,70,,137547,15,,,1,30,,137530,15,,,1,69,,137542,15,,,2,29,,137548,15,,,1,71,,137531,15,,,1,33,,137549,15,,,1,78,,137532,27,0,22 34,1,39,,137552,27,0,22 34,1,78,,137533,27,0,22 34,1,79,,137553,27,0,22 34,1,38,,137534,27,0,22 34,1,78,,137554,27,0,22 34,1,83,,137535,27,0,22 34,1
16600,'H50M200F-70-F2',909,,137574,15,,,1,31,,137555,15,,,1,69,,137567,15,,,2,30,,137575,15,,,1,70,,137557,15,,,1,31,,137568,15,,,2,70,,137576,15,,,1,30,,137556,15,,,1,70,,137569,15,,,2,30,,137578,15,,,1,70,,137558,15,,,1,30,,137570,15,,,2,70,,137577,15,,,1,30,,137559,15,,,1,70,,137571,15,,,2,30,,137579,15,,,1,69,,137560,15,,,1,30,,137572,15,,,2,70,,137580,15,,,1,30,,137561,15,,,1,69,,137573,15,,,2,29,,137581,15,,,1,71,,137562,15,,,1,33,,137582,15,,,1,78,,137563,27,0,22 34,1,39,,137583,27,0,22 34,1,78,,137564,27,0,22 34,1,79,,137584,27,0,22 34,1,38,,137565,27,0,22 34,1,78,,137585,27,0,22 34,1,83,,137566,27,0,22 34,1
16600,'H50M300F-70-F3',909,,137605,15,,,1,31,,137586,15,,,1,69,,137598,15,,,2,30,,137606,15,,,1,70,,137587,15,,,1,31,,137600,15,,,2,70,,137607,15,,,1,30,,137588,15,,,1,70,,137599,15,,,2,30,,137608,15,,,1,70,,137589,15,,,1,30,,137601,15,,,2,70,,137609,15,,,1,30,,137590,15,,,1,70,,137602,15,,,2,30,,137610,15,,,1,69,,137591,15,,,1,30,,137603,15,,,2,70,,137611,15,,,1,30,,137592,15,,,1,69,,137604,15,,,2,29,,137612,15,,,1,71,,137593,15,,,1,33,,137613,15,,,1,78,,137594,27,0,22 34,1,39,,137614,27,0,22 34,1,78,,137595,27,0,22 34,1,79,,137615,27,0,22 34,1,38,,137596,27,0,22 34,1,78,,137616,27,0,22 34,1,83,,137597,27,0,22 34,1
16600,'H51M000S-70-S',630,,137617,15,,,2
71101,'H50M000A-70-A',820,,160228,17,,,1,28,,160245,17,,,1,66,,160237,17,,,1,33,,160229,17,,,1,75,,160246,17,,,1,30,,160238,17,,,1,73,,160230,17,,,1,30,,160247,17,,,1,68,,160239,17,,,1,32,,160231,17,,,1,71,,160248,17,,,1,29,,160240,17,,,1,69,,160232,17,,,1,29,,160249,17,,,1,73,,160241,17,,,1,31,,160233,17,,,1,71,,160250,17,,,1,31,,160242,17,,,1,66,,160234,17,,,1,30,,160251,17,,,1,67,,160243,17,,,1,30,,160235,17,,,1,72,,160252,17,,,1,27,,160244,17,,,1,65,,160236,17,,,1
71101,'H50M000I-70-I',815,,160253,17,,,1,29,,160270,17,,,1,67,,160262,17,,,1,31,,160254,17,,,1,74,,160271,17,,,1,33,,160263,17,,,1,72,,160255,17,,,1,30,,160272,17,,,1,71,,160264,17,,,1,26,,160256,17,,,1,74,,160273,17,,,1,32,,160265,17,,,1,66,,160257,17,,,1,31,,160274,17,,,1,73,,160266,17,,,1,31,,160258,17,,,1,70,,160275,17,,,1,29,,160267,17,,,1,71,,160259,17,,,1,30,,160276,17,,,1,67,,160268,17,,,1,29,,160260,17,,,1,69,,160277,17,,,1,29,,160269,17,,,1,70,,160261,17,,,1
71101,'H50M100F-70-F1',815,,160279,17,,,1,29,,160294,17,,,1,67,,160287,17,,,1,31,,160280,17,,,1,74,,160297,17,,,1,33,,160288,17,,,1,72,,160278,17,,,1,30,,160295,17,,,1,71,,160289,17,,,1,26,,160281,17,,,1,74,,160298,17,,,1,32,,160290,17,,,1,66,,160282,17,,,1,31,,160299,17,,,1,73,,160291,17,,,1,31,,160283,17,,,1,70,,160300,17,,,1,29,,160292,17,,,1,71,,160284,17,,,1,30,,160301,17,,,1,67,,160293,17,,,1,29,,160285,17,,,1,69,,160302,17,,,1,29,,160296,17,,,1,70,,160286,17,,,1
71101,'H50M200F-70-F2',815,,160303,17,,,1,29,,160320,17,,,1,67,,160312,17,,,1,31,,160304,17,,,1,74,,160321,17,,,1,33,,160313,17,,,1,72,,160305,17,,,1,30,,160322,17,,,1,71,,160314,17,,,1,26,,160306,17,,,1,74,,160323,17,,,1,32,,160315,17,,,1,66,,160307,17,,,1,31,,160324,17,,,1,73,,160316,17,,,1,31,,160309,17,,,1,70,,160325,17,,,1,29,,160317,17,,,1,71,,160310,17,,,1,30,,160327,17,,,1,67,,160318,17,,,1,29,,160308,17,,,1,69,,160326,17,,,1,29,,160319,17,,,1,70,,160311,17,,,1
71101,'H50M300F-70-F3',815,,160328,17,,,1,29,,160345,17,,,1,67,,160337,17,,,1,31,,160329,17,,,1,74,,160346,17,,,1,33,,160338,17,,,1,72,,160330,17,,,1,30,,160347,17,,,1,71,,160340,17,,,1,26,,160331,17,,,1,74,,160348,17,,,1,32,,160339,17,,,1,66,,160332,17,,,1,31,,160349,17,,,1,73,,160341,17,,,1,31,,160333,17,,,1,70,,160350,17,,,1,29,,160342,17,,,1,71,,160334,17,,,1,30,,160351,17,,,1,67,,160343,17,,,1,29,,160335,17,,,1,69,,160352,17,,,1,29,,160344,17,,,1,70,,160336,17,,,1
