20201,'H50J000S-83-S',1750,,68655,62,0,5,1
20201,'H50JV00S-82-S',1750,,68656,62,0,5,1
20201,'H56J000S-80-S',634,,68658,62,0,5,1,1072,,68657,26,0,5,1
20201,'H56JV00S-80-S',634,,68660,62,0,5,1,1072,,68659,26,0,5,1
20201,'H58J000S-81-S',754,,68661,26,0,5,2
20201,'H58J000S-83-S',754,,68662,26,0,5,2
20201,'H58JV00S-82-S',754,,68663,26,0,5,2
20201,'H60J000A-80-A',647,,68675,62,0,5,1,71,,68682,62,0,5,2,31,,68668,62,0,5,1,70,,68667,62,0,5,2,30,,68692,62,0,5,1,70,,68676,62,0,5,1,30,,68679,62,0,5,1,71,,68670,62,0,5,1,31,,68683,62,0,5,2,72,,68688,62,0,5,1,32,,68680,62,0,5,1,71,,68677,62,0,5,1,23,,68671,62,0,5,1,63,,68684,62,0,5,2,23,,68695,62,0,5,1,21,,68689,62,0,5,1,64,,68681,62,0,5,1,24,,68678,62,0,5,1,63,,68672,62,0,5,1,23,,68685,62,0,5,2,23,,68696,62,0,5,1,63,,68690,62,0,5,1,17,,68702,62,0,5,1,17,,68666,62,0,5,1,59,,68704,62,0,5,1,18,,68673,62,0,5,1,21,,68686,62,0,5,2,62,,68697,62,0,5,1,24,,68691,62,0,5,1,66,,68703,62,0,5,1,25,,68705,62,0,5,1,30,,68674,62,0,5,1,71,,68693,62,0,5,1,28,,68669,62,0,5,1,71,,68700,62,0,5,1,28,,68664,62,0,5,1,69,,68698,62,0,5,1,29,,68694,62,0,5,1,71,,68687,62,0,5,1,28,,68701,62,0,5,1,69,,68665,62,0,5,1,29,,68699,62,0,5,1
20201,'H60J000I-80-I',748,,68707,62,0,5,1,70,,68716,62,0,5,1,30,,68727,62,0,5,1,71,,68731,62,0,5,2,32,,68708,62,0,5,1,70,,68717,62,0,5,1,31,,68728,62,0,5,1,71,,68732,62,0,5,2,30,,68713,62,0,5,1,69,,68723,62,0,5,1,29,,68729,62,0,5,1,70,,68721,62,0,5,2,31,,68718,62,0,5,1,73,,68734,62,0,5,1,29,,68724,62,0,5,1,71,,68730,62,0,5,1,31,,68722,62,0,5,2,70,,68719,62,0,5,1,33,,68737,62,0,5,2,71,,68725,62,0,5,1,72,,68709,62,0,5,1,33,,68720,62,0,5,1,70,,68738,62,0,5,2,30,,68726,62,0,5,1,70,,68710,62,0,5,1,29,,68735,62,0,5,1,68,,68714,62,0,5,1,29,,68739,62,0,5,2,69,,68706,62,0,5,1,29,,68711,62,0,5,1,27,,68736,62,0,5,1,67,,68715,62,0,5,1,28,,68740,62,0,5,2,65,,68733,62,0,5,1,27,,68712,62,0,5,1
20201,'H60J000S-98-S',700,,68750,62,0,5,1,29,,68760,62,0,5,1,24,,68743,62,0,5,1,63,,68757,62,0,5,2,27,,68758,62,0,5,1,67,,68747,62,0,5,1,28,,68751,62,0,5,1,66,,68761,62,0,5,1,23,,68744,62,0,5,1,23,,68742,62,0,5,1,64,,68759,62,0,5,1,25,,68748,62,0,5,1,65,,68767,62,0,5,1,31,,68762,62,0,5,1,72,,68745,62,0,5,1,32,,68752,62,0,5,1,66,,68749,62,0,5,1,25,,68768,62,0,5,1,26,,68741,62,0,5,2,68,,68746,62,0,5,1,28,,68769,62,0,5,1,69,,68753,62,0,5,1,15,,68771,26,0,5,1,14,,68770,62,0,5,2,67,,68763,62,0,5,1,19,,68754,26,0,5,1,85,,68772,62,0,5,2,27,,68776,62,0,5,1,69,,68773,62,0,5,2,29,,68764,62,0,5,1,69,,68755,62,0,5,1,27,,68779,62,0,5,2,66,,68777,62,0,5,1,27,,68774,62,0,5,2,66,,68765,62,0,5,1,26,,68756,62,0,5,1,27,,68780,62,0,5,2,67,,68778,62,0,5,1,27,,68775,62,0,5,2,66,,68766,62,0,5,1,36,,68781,62,0,5,1
20201,'H60JV00A-80-A',647,,68816,62,0,5,1,71,,68799,62,0,5,2,31,,68784,62,0,5,1,70,,68783,62,0,5,2,30,,68818,62,0,5,1,70,,68817,62,0,5,1,30,,68819,62,0,5,1,71,,68790,62,0,5,1,31,,68800,62,0,5,2,72,,68795,62,0,5,1,32,,68822,62,0,5,1,71,,68820,62,0,5,1,23,,68791,62,0,5,1,63,,68801,62,0,5,2,23,,68806,62,0,5,1,21,,68796,62,0,5,1,64,,68823,62,0,5,1,24,,68821,62,0,5,1,63,,68792,62,0,5,1,23,,68802,62,0,5,2,23,,68807,62,0,5,1,63,,68797,62,0,5,1,17,,68811,62,0,5,1,17,,68815,62,0,5,1,59,,68804,62,0,5,1,18,,68793,62,0,5,1,21,,68803,62,0,5,2,62,,68808,62,0,5,1,24,,68798,62,0,5,1,66,,68812,62,0,5,1,25,,68805,62,0,5,1,30,,68794,62,0,5,1,71,,68786,62,0,5,1,28,,68785,62,0,5,1,71,,68813,62,0,5,1,28,,68788,62,0,5,1,69,,68809,62,0,5,1,29,,68787,62,0,5,1,71,,68782,62,0,5,1,28,,68814,62,0,5,1,69,,68789,62,0,5,1,29,,68810,62,0,5,1
20201,'H60JV00I-80-I',748,,68836,62,0,5,1,70,,68842,62,0,5,1,30,,68834,62,0,5,1,71,,68851,62,0,5,2,32,,68837,62,0,5,1,70,,68843,62,0,5,1,31,,68835,62,0,5,1,71,,68852,62,0,5,2,30,,68829,62,0,5,1,69,,68847,62,0,5,1,29,,68827,62,0,5,1,70,,68856,62,0,5,2,31,,68844,62,0,5,1,73,,68853,62,0,5,1,29,,68848,62,0,5,1,71,,68828,62,0,5,1,31,,68857,62,0,5,2,70,,68845,62,0,5,1,33,,68830,62,0,5,2,71,,68849,62,0,5,1,72,,68838,62,0,5,1,33,,68846,62,0,5,1,70,,68831,62,0,5,2,30,,68850,62,0,5,1,70,,68839,62,0,5,1,29,,68854,62,0,5,1,68,,68825,62,0,5,1,29,,68832,62,0,5,2,69,,68824,62,0,5,1,29,,68840,62,0,5,1,27,,68855,62,0,5,1,67,,68826,62,0,5,1,28,,68833,62,0,5,2,65,,68858,62,0,5,1,27,,68841,62,0,5,1
20201,'H60JV00S-98-S',700,,68887,62,0,5,1,29,,68891,62,0,5,1,24,,68875,62,0,5,1,63,,68874,62,0,5,2,27,,68889,62,0,5,1,67,,68862,62,0,5,1,28,,68888,62,0,5,1,66,,68892,62,0,5,1,23,,68876,62,0,5,1,23,,68898,62,0,5,1,64,,68890,62,0,5,1,25,,68863,62,0,5,1,65,,68894,62,0,5,1,31,,68893,62,0,5,1,72,,68877,62,0,5,1,32,,68882,62,0,5,1,66,,68864,62,0,5,1,25,,68895,62,0,5,1,26,,68860,62,0,5,2,68,,68859,62,0,5,1,28,,68868,62,0,5,1,69,,68883,62,0,5,1,15,,68896,26,0,5,1,14,,68897,62,0,5,2,67,,68878,62,0,5,1,19,,68884,26,0,5,1,85,,68861,62,0,5,1,27,,68869,62,0,5,1,69,,68865,62,0,5,2,29,,68879,62,0,5,1,69,,68885,62,0,5,1,27,,68872,62,0,5,2,66,,68870,62,0,5,1,27,,68866,62,0,5,2,66,,68880,62,0,5,1,26,,68886,62,0,5,1,27,,68873,62,0,5,2,67,,68871,62,0,5,1,27,,68867,62,0,5,2,66,,68881,62,0,5,1,36,,68899,62,0,5,1
