16401,'H50M000S-70-S',710,,135965,4,,,1
16401,'H51M000S-70-S',1422,,135966,4,,,1
16401,'H58M000S-70-S',746,,135967,4,,,2,699,,135968,4,,,2
16401,'H60M000A-71-A',538,,135970,4,,,2,75,,135983,4,,,1,36,,135971,4,,,1,76,,135969,4,,,2,77,,135984,4,,,1,37,,135995,4,,,1,74,,135973,4,,,1,31,,135985,4,,,1,70,,135996,4,,,1,29,,135974,4,,,1,69,,135986,4,,,1,29,,135997,4,,,1,69,,135975,4,,,1,29,,135987,4,,,1,71,,135998,4,,,1,32,,135976,4,,,1,73,,135988,4,,,1,33,,135999,4,,,1,73,,135977,4,,,1,33,,135989,4,,,1,71,,136000,4,,,1,30,,135978,4,,,1,70,,135990,4,,,1,28,,136001,4,,,1,58,,136007,4,,,1,19,,135979,4,,,1,24,,135991,4,,,1,70,,136002,4,,,1,30,,135980,4,,,1,70,,135992,4,,,1,30,,136003,4,,,1,70,,135981,4,,,1,30,,135993,4,,,1,70,,136004,4,,,1,30,,135982,4,,,1,71,,135994,4,,,1,30,,136005,4,,,1,71,,136008,4,,,1,30,,136009,4,,,1,71,,135972,4,,,1,31,,136006,4,,,1
16401,'H60M000I-71-I',535,,136010,4,,,1,76,,136024,4,,,2,36,,136011,4,,,1,77,,136025,4,,,2,78,,136012,4,,,1,39,,136026,4,,,2,78,,136013,4,,,1,30,,136039,4,,,1,69,,136027,4,,,2,29,,136014,4,,,1,68,,136040,4,,,1,28,,136028,4,,,2,68,,136015,4,,,1,28,,136041,4,,,1,69,,136029,4,,,2,29,,136016,4,,,1,69,,136042,4,,,1,29,,136030,4,,,2,69,,136017,4,,,1,29,,136043,4,,,1,69,,136031,4,,,2,29,,136018,4,,,1,69,,136044,4,,,1,29,,136032,4,,,2,28,,136019,4,,,1,68,,136045,4,,,1,29,,136033,4,,,2,69,,136020,4,,,1,29,,136046,4,,,1,69,,136034,4,,,2,29,,136021,4,,,1,68,,136047,4,,,1,28,,136035,4,,,2,68,,136022,4,,,1,29,,136048,4,,,1,72,,136036,4,,,2,32,,136023,4,,,1,72,,136037,4,,,2,32,,136038,4,,,1,71,,136049,4,,,2
16401,'H60M000S-71-S',536,,136051,4,,,1,73,,136052,4,,,1,28,,136055,4,,,1,93,,136058,4,,,1,77,,136063,4,,,1,28,,136068,4,,,1,69,,136059,4,,,1,25,,136073,4,,,1,26,,136064,4,,,1,67,,136069,4,,,1,23,,136060,4,,,1,64,,136074,4,,,1,27,,136065,4,,,1,66,,136070,4,,,1,22,,136061,4,,,1,19,,136075,4,,,1,59,,136077,4,,,1,18,,136066,4,,,1,21,,136071,4,,,1,59,,136062,4,,,1,102,,136078,4,,,1,21,,136086,4,,,1,14,,136072,4,,,1,14,,136090,4,,,2,54,,136091,4,,,1,14,,136093,4,,,2,11,,136053,4,,,1,10,,136081,4,,,1,12,,136092,4,,,1,51,,136079,4,,,1,11,,136089,4,,,2,11,,136096,4,,,1,11,,136095,4,,,2,11,,136076,4,,,1,53,,136067,4,,,1,14,,136094,4,,,2,14,,136082,4,,,1,14,,136080,4,,,1,63,,136097,4,,,1,26,,136087,4,,,1,69,,136083,4,,,1,29,,136098,4,,,1,30,,136088,4,,,1,71,,136084,4,,,1,71,,136099,4,,,1,32,,136054,4,,,1,73,,136085,4,,,1,33,,136100,4,,,1,73,,136056,4,,,1,39,,136050,4,,,1,79,,136057,4,,,1
16401,'H60M100F-71-F1',535,,136101,4,,,1,76,,136107,4,,,1,36,,136102,4,,,1,77,,136108,4,,,1,78,,136103,4,,,1,39,,136109,4,,,1,78,,136104,4,,,1,30,,136130,4,,,1,69,,136110,4,,,1,29,,136105,4,,,1,68,,136131,4,,,1,28,,136111,4,,,1,68,,136122,4,,,1,28,,136132,4,,,1,69,,136112,4,,,1,29,,136123,4,,,1,69,,136133,4,,,1,29,,136113,4,,,1,69,,136124,4,,,1,29,,136134,4,,,1,69,,136114,4,,,1,29,,136125,4,,,1,69,,136135,4,,,1,29,,136116,4,,,1,28,,136126,4,,,1,68,,136136,4,,,1,29,,136115,4,,,1,69,,136127,4,,,1,29,,136137,4,,,1,69,,136117,4,,,1,29,,136128,4,,,1,68,,136138,4,,,1,28,,136118,4,,,1,68,,136129,4,,,1,29,,136139,4,,,1,72,,136119,4,,,1,32,,136106,4,,,2,72,,136120,4,,,1,32,,136140,4,,,1,71,,136121,4,,,1
16401,'H60M200F-71-F2',535,,136142,4,,,1,76,,136147,4,,,1,36,,136143,4,,,1,77,,136148,4,,,1,78,,136144,4,,,1,39,,136149,4,,,1,78,,136145,4,,,1,30,,136160,4,,,1,69,,136151,4,,,1,29,,136146,4,,,1,68,,136161,4,,,1,28,,136152,4,,,1,68,,136171,4,,,1,28,,136162,4,,,1,69,,136150,4,,,1,29,,136172,4,,,1,69,,136163,4,,,1,29,,136153,4,,,1,69,,136173,4,,,1,29,,136164,4,,,1,69,,136154,4,,,1,29,,136174,4,,,1,69,,136165,4,,,1,29,,136155,4,,,1,28,,136175,4,,,1,68,,136168,4,,,1,29,,136156,4,,,1,69,,136176,4,,,1,29,,136166,4,,,1,69,,136157,4,,,1,29,,136177,4,,,1,68,,136167,4,,,1,28,,136158,4,,,1,68,,136178,4,,,1,29,,136169,4,,,1,72,,136159,4,,,1,32,,136141,4,,,2,72,,136180,4,,,1,32,,136170,4,,,1,71,,136179,4,,,1
16401,'H60M300F-71-F3',535,,136181,4,,,1,76,,136186,4,,,1,36,,136182,4,,,1,77,,136187,4,,,1,78,,136183,4,,,1,39,,136188,4,,,1,78,,136184,4,,,1,30,,136200,4,,,1,69,,136189,4,,,1,29,,136185,4,,,1,68,,136201,4,,,1,28,,136190,4,,,1,68,,136212,4,,,2,28,,136202,4,,,1,69,,136191,4,,,1,29,,136213,4,,,2,69,,136203,4,,,1,29,,136192,4,,,1,69,,136214,4,,,2,29,,136204,4,,,1,69,,136193,4,,,1,29,,136215,4,,,2,69,,136205,4,,,1,29,,136194,4,,,1,28,,136216,4,,,2,68,,136206,4,,,1,29,,136195,4,,,1,69,,136217,4,,,2,29,,136208,4,,,1,69,,136196,4,,,1,29,,136218,4,,,2,68,,136209,4,,,1,28,,136197,4,,,1,68,,136219,4,,,2,29,,136207,4,,,1,72,,136198,4,,,1,32,,136220,4,,,2,72,,136199,4,,,1,32,,136210,4,,,1,71,,136211,4,,,1
17101,'H50M000A-70-A',534,,139127,4,,,2,72,,139135,4,,,1,31,,139128,4,,,2,68,,139142,4,,,2,26,,139136,4,,,1,24,,139129,4,,,2,62,,139143,4,,,2,20,,139154,4,,,1,63,,139137,4,,,1,22,,139144,4,,,2,21,,139130,4,,,2,61,,139155,4,,,1,22,,139138,4,,,1,23,,139131,4,,,2,60,,139145,4,,,2,19,,139156,4,,,1,18,,139126,4,,,1,58,,139139,4,,,1,18,,139132,4,,,2,17,,139164,4,,,1,17,,139146,4,,,2,57,,139157,4,,,1,19,,139140,4,,,1,20,,139133,4,,,2,61,,139165,4,,,1,20,,139147,4,,,2,19,,139158,4,,,1,60,,139141,4,,,1,20,,139134,4,,,2,24,,139166,4,,,1,69,,139148,4,,,2,30,,139149,4,,,1,69,,139167,4,,,1,28,,139159,4,,,1,70,,139150,4,,,1,30,,139168,4,,,1,69,,139160,4,,,1,29,,139171,4,,,1,69,,139169,4,,,1,30,,139161,4,,,1,70,,139172,4,,,1,30,,139170,4,,,1,70,,139162,4,,,1,30,,139173,4,,,1,72,,139151,4,,,1,32,,139163,4,,,1,73,,139124,4,,,1,31,,139152,4,,,1,70,,139125,4,,,1,73,,139153,4,,,1
17101,'H50M000I-70-I',532,,139193,4,,,2,71,,139174,4,,,1,32,,139194,4,,,2,74,,139175,4,,,1,33,,139195,4,,,2,73,,139207,4,,,1,31,,139176,4,,,1,68,,139196,4,,,2,23,,139213,4,,,1,65,,139208,4,,,1,24,,139197,4,,,2,22,,139177,4,,,1,62,,139214,4,,,1,22,,139209,4,,,1,22,,139178,4,,,1,60,,139198,4,,,2,19,,139215,4,,,1,20,,139188,4,,,1,62,,139210,4,,,1,22,,139179,4,,,1,63,,139199,4,,,2,24,,139189,4,,,1,28,,139211,4,,,1,70,,139180,4,,,1,30,,139216,4,,,1,71,,139212,4,,,1,31,,139181,4,,,1,69,,139217,4,,,1,29,,139200,4,,,2,69,,139182,4,,,1,30,,139190,4,,,1,69,,139201,4,,,2,30,,139183,4,,,1,70,,139191,4,,,1,29,,139202,4,,,2,69,,139184,4,,,1,30,,139192,4,,,1,72,,139203,4,,,2,34,,139185,4,,,1,73,,139204,4,,,2,73,,139186,4,,,1,33,,139205,4,,,2,72,,139187,4,,,1,31,,139206,4,,,2
17101,'H50M000S-70-S',536,,139218,4,,,1,7,,139280,4,,,1,8,,139223,4,,,2,56,,139288,4,,,1,9,,139230,4,0,20 21,2,17,,139224,4,,,1,25,,139237,4,0,20 21,2,57,,139243,4,,,1,3,,139226,4,0,20 21,1,20,,139261,4,,,1,5,,139281,4,0,20 21,1,12,,139259,4,,,1,45,,139260,4,0,20 21,1,15,,139248,4,0,20 21,1,7,,139231,4,,,2,18,,139236,4,0,20 21,1,11,,139229,4,,,1,64,,139222,4,0,20 21,2,12,,139238,4,,,2,13,,139227,4,,,1,14,,139285,4,,,1,54,,139282,4,,,1,13,,139249,4,,,1,11,,139232,4,,,2,21,,139228,4,,,1,50,,139270,4,,,2,11,,139239,4,,,2,11,,139286,4,,,1,14,,139244,4,,,2,12,,139283,4,,,1,55,,139250,4,,,1,15,,139233,4,,,2,14,,139271,4,,,2,13,,139245,4,,,2,11,,139240,4,,,2,52,,139287,4,,,1,14,,139284,4,,,1,14,,139251,4,,,1,14,,139234,4,,,2,54,,139272,4,,,2,13,,139246,4,,,2,23,,139241,4,0,20 21,2,11,,139225,4,0,20 21,1,52,,139262,4,0,20 21,1,14,,139252,4,0,20 21,1,14,,139235,4,0,20 21,2,13,,139273,4,0,20 21,2,53,,139247,4,0,20 21,2,13,,139268,4,0,20 21,1,14,,139278,4,0,20 21,1,14,,139275,4,0,20 21,1,14,,139242,4,0,20 21,2,55,,139277,4,0,20 21,1,16,,139279,4,0,20 21,1,18,,139253,4,0,20 21,1,63,,139274,4,0,20 21,2,26,,139269,4,0,20 21,1,26,,139276,4,0,20 21,1,68,,139263,4,,,2,30,,139254,4,,,1,70,,139219,4,,,1,30,,139264,4,,,2,70,,139255,4,,,1,30,,139220,4,,,1,70,,139265,4,,,2,30,,139256,4,,,1,69,,139221,4,,,1,29,,139266,4,,,2,73,,139257,4,,,1,73,,139267,4,,,2,33,,139258,4,,,1
17101,'H50M100F-70-F1',532,,139308,4,,,2,71,,139289,4,,,1,32,,139309,4,,,2,74,,139290,4,,,1,33,,139310,4,,,2,73,,139322,4,,,1,31,,139291,4,,,1,68,,139311,4,,,2,23,,139328,4,,,1,65,,139323,4,,,1,24,,139312,4,,,2,22,,139292,4,,,1,62,,139329,4,,,1,22,,139324,4,,,1,22,,139293,4,,,1,60,,139313,4,,,2,19,,139330,4,,,1,20,,139303,4,,,1,62,,139325,4,,,1,22,,139295,4,,,1,63,,139314,4,,,2,24,,139304,4,,,1,28,,139326,4,,,1,70,,139296,4,,,1,30,,139331,4,,,1,71,,139327,4,,,1,31,,139294,4,,,1,69,,139332,4,,,1,29,,139315,4,,,2,69,,139297,4,,,1,30,,139305,4,,,1,69,,139316,4,,,2,30,,139298,4,,,1,70,,139306,4,,,1,29,,139317,4,,,2,69,,139299,4,,,1,30,,139307,4,,,1,72,,139318,4,,,2,34,,139300,4,,,1,73,,139319,4,,,2,73,,139301,4,,,1,33,,139320,4,,,2,72,,139302,4,,,1,31,,139321,4,,,2
17101,'H50M200F-70-F2',532,,139354,4,,,2,71,,139333,4,,,1,32,,139352,4,,,2,74,,139334,4,,,1,33,,139355,4,,,2,73,,139366,4,,,1,31,,139335,4,,,1,68,,139356,4,,,2,23,,139372,4,,,1,65,,139367,4,,,1,24,,139353,4,,,2,22,,139336,4,,,1,62,,139373,4,,,1,22,,139368,4,,,1,22,,139337,4,,,1,60,,139357,4,,,2,19,,139374,4,,,1,20,,139347,4,,,1,62,,139369,4,,,1,22,,139338,4,,,1,63,,139358,4,,,2,24,,139348,4,,,1,28,,139370,4,,,1,70,,139339,4,,,1,30,,139375,4,,,1,71,,139371,4,,,1,31,,139340,4,,,1,69,,139376,4,,,1,29,,139359,4,,,2,69,,139341,4,,,1,30,,139349,4,,,1,69,,139361,4,,,2,30,,139342,4,,,1,70,,139350,4,,,1,29,,139360,4,,,2,69,,139343,4,,,1,30,,139351,4,,,1,72,,139362,4,,,2,34,,139344,4,,,1,73,,139363,4,,,2,73,,139345,4,,,1,33,,139364,4,,,2,72,,139346,4,,,1,31,,139365,4,,,2
17101,'H50M300F-70-F3',532,,139396,4,,,2,71,,139377,4,,,1,32,,139397,4,,,2,74,,139378,4,,,1,33,,139398,4,,,2,73,,139410,4,,,1,31,,139379,4,,,1,68,,139399,4,,,2,23,,139416,4,,,1,65,,139411,4,,,1,24,,139400,4,,,2,22,,139380,4,,,1,62,,139417,4,,,1,22,,139412,4,,,1,22,,139381,4,,,1,60,,139402,4,,,2,19,,139418,4,,,1,20,,139391,4,,,1,62,,139413,4,,,1,22,,139382,4,,,1,63,,139401,4,,,2,24,,139392,4,,,1,28,,139414,4,,,1,70,,139383,4,,,1,30,,139420,4,,,1,71,,139415,4,,,1,31,,139384,4,,,1,69,,139419,4,,,1,29,,139403,4,,,2,69,,139385,4,,,1,30,,139393,4,,,1,69,,139404,4,,,2,30,,139386,4,,,1,70,,139394,4,,,1,29,,139405,4,,,2,69,,139387,4,,,1,30,,139395,4,,,1,72,,139406,4,,,2,34,,139388,4,,,1,73,,139407,4,,,2,73,,139389,4,,,1,33,,139409,4,,,2,72,,139390,4,,,1,31,,139408,4,,,2
17101,'H54M000S-70-S',1430,,139421,4,,,2
17101,'H58M000S-70-S',559,,139428,4,,,2,65,,139423,4,,,1,16,,139424,4,0,20 21,2,7,,139427,4,,,2,55,,139422,4,,,2,7,,139426,4,0,20 21,2,20,,139429,4,0,20 21,2,20,,139425,4,,,2
17101,'H60M000S-71-S',653,,139432,4,,,2,53,,139434,4,,,1,6,,139430,4,,,1,9,,139433,4,,,2,4,,139431,4,,,2,8,,139436,4,,,2,72,,139435,4,,,1,5,,139437,4,,,2,19,,139438,4,,,1,74,,139439,4,,,1,140,,139440,4,,,1
38001,'H50M000A-70-A',2634,,155475,49,,,2,86,,155476,49,,,1,83,,155478,49,,,2,45,,155477,49,,,1
38001,'H50M000I-70-I',2615,,155481,49,,,1,42,,155483,49,,,1,89,,155479,49,,,1,89,,155484,49,,,1,19,,155486,49,,,2,55,,155485,49,,,2,6,,155482,49,,,1,6,,155480,49,,,1
38001,'H50M000S-70-S',2616,,155487,49,,,2,42,,155490,49,,,1,89,,155489,49,,,2,93,,155488,49,,,1,15,,155492,49,,,1,48,,155491,49,,,1,21,,155493,49,,,1
38001,'H50M100F-70-F1',2615,,155496,49,,,1,42,,155498,49,,,1,89,,155494,49,,,2,89,,155499,49,,,1,19,,155501,49,,,2,55,,155500,49,,,2,6,,155497,49,,,1,6,,155495,49,,,2
38001,'H50M200F-70-F2',2615,,155504,49,,,1,42,,155506,49,,,1,89,,155502,49,,,2,89,,155507,49,,,1,19,,155509,49,,,2,55,,155508,49,,,2,6,,155505,49,,,1,6,,155503,49,,,2
38001,'H50M300F-70-F3',2615,,155512,49,,,1,42,,155514,49,,,1,89,,155510,49,,,1,89,,155515,49,,,1,19,,155517,49,,,2,55,,155516,49,,,2,6,,155513,49,,,1,6,,155511,49,,,1
38001,'H54M000S-70-S',2910,,155518,49,,,2
