2201,'H57J000S-81-S',913,,4599,30,0,5,2
2201,'H57JV00S-83-S',913,,4600,30,0,5,2
2201,'H59J000A-80-A',548,,4601,30,0,5,2,68,,4615,30,0,5,1,29,,4602,30,0,5,2,70,,4616,30,0,5,1,30,,4603,30,0,5,2,70,,4617,30,0,5,1,30,,4604,30,0,5,2,70,,4618,30,0,5,1,31,,4605,30,0,5,2,70,,4619,30,0,5,1,30,,4606,30,0,5,2,70,,4620,30,0,5,1,30,,4607,30,0,5,2,71,,4621,30,0,5,1,31,,4608,30,0,5,2,71,,4622,30,0,5,1,30,,4609,30,0,5,2,72,,4623,30,0,5,1,31,,4610,30,0,5,2,72,,4624,30,0,5,1,31,,4611,30,0,5,2,71,,4625,30,0,5,1,31,,4612,30,0,5,2,71,,4626,30,0,5,1,30,,4613,30,0,5,2,69,,4627,30,0,5,1,29,,4614,30,0,5,2,69,,4628,30,0,5,1,98,,4629,30,0,5,1,98,,4630,30,0,5,1,97,,4631,30,0,5,1,100,,4632,30,0,5,1,100,,4633,30,0,5,1,100,,4634,30,0,5,1,99,,4635,30,0,5,1
2201,'H59J000I-80-I',548,,4636,30,0,5,2,69,,4650,30,0,5,1,29,,4637,30,0,5,2,69,,4651,30,0,5,1,29,,4638,30,0,5,2,70,,4652,30,0,5,1,30,,4639,30,0,5,2,70,,4653,30,0,5,1,30,,4640,30,0,5,2,70,,4654,30,0,5,1,30,,4641,30,0,5,2,71,,4655,30,0,5,1,31,,4642,30,0,5,2,70,,4656,30,0,5,1,30,,4643,30,0,5,2,70,,4657,30,0,5,1,30,,4644,30,0,5,2,71,,4658,30,0,5,1,29,,4645,30,0,5,2,71,,4659,30,0,5,1,31,,4646,30,0,5,2,71,,4660,30,0,5,1,32,,4647,30,0,5,2,72,,4661,30,0,5,1,32,,4648,30,0,5,2,73,,4662,30,0,5,1,73,,4649,30,0,5,2,33,,4663,30,0,5,1,99,,4664,30,0,5,1,100,,4665,30,0,5,1,100,,4666,30,0,5,1,100,,4667,30,0,5,1,100,,4668,30,0,5,1,100,,4669,30,0,5,1
2201,'H59J000S-81-S',551,,4670,30,0,5,1,77,,4677,30,0,5,1,73,,4671,30,0,5,1,33,,4684,30,0,5,1,74,,4685,30,0,5,1,33,,4686,30,0,5,2,102,,4672,30,0,5,1,73,,4678,30,0,5,1,32,,4673,30,0,5,1,73,,4679,30,0,5,1,33,,4674,30,0,5,1,73,,4680,30,0,5,1,73,,4675,30,0,5,1,33,,4681,30,0,5,1,75,,4676,30,0,5,1,33,,4682,30,0,5,1,72,,4690,30,0,5,2,32,,4692,30,0,5,2,72,,4691,30,0,5,1,32,,4693,30,0,5,1,71,,4702,30,0,5,2,30,,4683,30,0,5,1,68,,4694,30,0,5,1,31,,4687,30,0,5,1,70,,4695,30,0,5,1,31,,4688,30,0,5,1,70,,4696,30,0,5,1,30,,4689,30,0,5,1,70,,4697,30,0,5,1,100,,4698,30,0,5,1,99,,4699,30,0,5,1,91,,4703,30,0,5,2,49,,4700,30,0,5,1,96,,4701,30,0,5,1
2201,'H59JV00A-80-A',548,,4704,30,0,5,2,68,,4718,30,0,5,1,29,,4705,30,0,5,2,70,,4719,30,0,5,1,30,,4706,30,0,5,2,70,,4720,30,0,5,1,30,,4707,30,0,5,2,70,,4721,30,0,5,1,31,,4708,30,0,5,2,70,,4722,30,0,5,1,30,,4709,30,0,5,2,70,,4723,30,0,5,1,30,,4710,30,0,5,2,71,,4724,30,0,5,1,31,,4711,30,0,5,2,71,,4725,30,0,5,1,30,,4712,30,0,5,2,72,,4726,30,0,5,1,31,,4713,30,0,5,2,72,,4727,30,0,5,1,31,,4714,30,0,5,2,71,,4728,30,0,5,1,31,,4715,30,0,5,2,71,,4729,30,0,5,1,30,,4716,30,0,5,2,69,,4730,30,0,5,1,29,,4717,30,0,5,2,69,,4731,30,0,5,1,98,,4732,30,0,5,1,98,,4733,30,0,5,1,97,,4734,30,0,5,1,100,,4735,30,0,5,1,100,,4736,30,0,5,1,100,,4737,30,0,5,1,99,,4738,30,0,5,1
2201,'H59JV00I-80-I',548,,4739,30,0,5,2,69,,4753,30,0,5,1,29,,4740,30,0,5,2,69,,4754,30,0,5,1,29,,4741,30,0,5,2,70,,4755,30,0,5,1,30,,4742,30,0,5,2,70,,4756,30,0,5,1,30,,4743,30,0,5,2,70,,4757,30,0,5,1,30,,4744,30,0,5,2,71,,4758,30,0,5,1,31,,4745,30,0,5,2,70,,4759,30,0,5,1,30,,4746,30,0,5,2,70,,4760,30,0,5,1,30,,4747,30,0,5,2,71,,4761,30,0,5,1,29,,4748,30,0,5,2,71,,4762,30,0,5,1,31,,4749,30,0,5,2,71,,4763,30,0,5,1,32,,4750,30,0,5,2,72,,4764,30,0,5,1,32,,4751,30,0,5,2,73,,4765,30,0,5,1,73,,4752,30,0,5,2,33,,4766,30,0,5,1,99,,4767,30,0,5,1,100,,4768,30,0,5,1,100,,4769,30,0,5,1,100,,4770,30,0,5,1,100,,4771,30,0,5,1,100,,4772,30,0,5,1
2201,'H59JV00S-83-S',551,,4773,30,0,5,1,77,,4799,30,0,5,1,73,,4774,30,0,5,1,33,,4780,30,0,5,1,74,,4781,30,0,5,1,33,,4782,30,0,5,1,102,,4775,30,0,5,1,73,,4801,30,0,5,1,32,,4776,30,0,5,1,73,,4802,30,0,5,1,33,,4777,30,0,5,1,73,,4803,30,0,5,1,73,,4778,30,0,5,1,33,,4804,30,0,5,1,75,,4779,30,0,5,1,33,,4805,30,0,5,1,72,,4786,30,0,5,1,32,,4788,30,0,5,2,72,,4787,30,0,5,1,32,,4789,30,0,5,1,71,,4798,30,0,5,2,30,,4806,30,0,5,1,68,,4790,30,0,5,1,31,,4783,30,0,5,1,70,,4791,30,0,5,1,31,,4784,30,0,5,1,70,,4792,30,0,5,1,30,,4785,30,0,5,1,70,,4793,30,0,5,1,100,,4794,30,0,5,1,99,,4795,30,0,5,1,91,,4800,30,0,5,2,49,,4796,30,0,5,1,96,,4797,30,0,5,1
41001,'H57J000S-81-S',1540,,76482,13,0,5,1,63,,76486,13,0,5,2,26,,76488,13,0,5,1,23,,76491,13,0,5,2,61,,76487,13,0,5,1,22,,76489,13,0,5,1,24,,76490,13,0,5,1,67,,76483,13,0,5,1,27,,76484,13,0,5,1,65,,76481,13,0,5,1,28,,76485,13,0,5,1
41001,'H57JV00S-83-S',1540,,76494,13,0,5,1,63,,76497,13,0,5,2,26,,76499,13,0,5,1,23,,76502,13,0,5,2,61,,76498,13,0,5,1,22,,76500,13,0,5,1,24,,76501,13,0,5,1,67,,76493,13,0,5,1,27,,76496,13,0,5,1,65,,76495,13,0,5,1,28,,76492,13,0,5,1
43001,'H57J000S-81-S',1234,,76867,13,0,5,1,71,,76865,13,0,5,1,31,,76864,13,0,5,1,71,,76866,13,0,5,2,34,,76868,13,0,5,1,74,,76861,13,0,5,1,37,,76869,13,0,5,2,72,,76874,13,0,5,2,30,,76872,13,0,5,1,70,,76873,13,0,5,1,24,,76863,13,0,5,2,67,,76862,13,0,5,1,24,,76875,13,0,5,1,64,,76871,13,0,5,1,27,,76870,13,0,5,1
43001,'H57JV00S-83-S',1234,,76882,13,0,5,1,71,,76877,13,0,5,1,31,,76879,13,0,5,1,71,,76881,13,0,5,2,34,,76884,13,0,5,1,74,,76876,13,0,5,1,37,,76885,13,0,5,2,72,,76888,13,0,5,2,30,,76890,13,0,5,1,70,,76886,13,0,5,1,24,,76878,13,0,5,2,67,,76883,13,0,5,1,24,,76889,13,0,5,1,64,,76887,13,0,5,1,27,,76880,13,0,5,1
