'26J-H51J000S-80-S',2401,102600,0,'Est',1
'26J-H51JV00S-84-S',2401,102600,0,'Est',1
'26J-H57J000S-81-S',2401,212200,0,'Est',2
'26J-H57JV00S-83-S',2401,212200,0,'Est',2
'26J-H59J000A-80-A',2401,64100,0,'Est',1,7000,0,'Est',1,3000,0,'Est',1,7400,0,'Est',1,3400,0,'Est',1,7200,0,'Est',1,2800,0,'Est',2,6500,0,'Est',1,2400,0,'Est',1,6300,0,'Est',1,2500,0,'Est',1,2400,0,'Est',1,6200,0,'Est',1,2100,0,'Est',1,2000,0,'Est',1,6200,0,'Est',1,2100,0,'Est',2,2000,0,'Est',1,5600,0,'Est',1,1500,0,'Est',1,1400,0,'Est',2,1300,0,'Est',1,5300,0,'Est',1,1200,0,'Est',1,1300,0,'Est',1,900,0,'Est',1,1100,0,'Est',2,5100,0,'Est',1,1100,0,'Est',1,1000,0,'Est',1,1000,0,'Est',1,1000,0,'Est',1,900,0,'Est',1,4700,0,'Est',1,700,0,'Est',1,700,0,'Est',2,600,0,'Est',1,700,0,'Est',2,900,0,'Est',1,900,0,'Est',1,800,0,'Est',1,4900,0,'Est',1,1200,0,'Est',1,1300,0,'Est',1,1200,0,'Est',2,1000,0,'Est',1,5100,0,'Est',1,1100,0,'Est',1,1000,0,'Est',2,900,0,'Est',1,900,0,'Est',1,1100,0,'Est',2,5400,0,'Est',1,1900,0,'Est',1,2000,0,'Est',2,5900,0,'Est',1,1900,0,'Est',2,2000,0,'Est',1,6100,0,'Est',1,2200,0,'Est',1,2600,0,'Est',2,6600,0,'Est',1,2500,0,'Est',2,6900,0,'Est',1,2700,0,'Est',2,6600,0,'Est',1,2700,0,'Est',2,2700,0,'Est',1,6700,0,'Est',2
'26J-H59J000I-80-I',2401,63900,0,'Est',1,7300,0,'Est',1,3100,0,'Est',1,7200,0,'Est',1,3500,0,'Est',1,7200,0,'Est',1,3300,0,'Est',1,7700,0,'Est',2,6900,0,'Est',1,3000,0,'Est',2,2800,0,'Est',1,6500,0,'Est',1,2900,0,'Est',2,5800,0,'Est',1,2000,0,'Est',1,2000,0,'Est',1,5900,0,'Est',1,1800,0,'Est',1,1800,0,'Est',1,5400,0,'Est',2,1400,0,'Est',1,1400,0,'Est',1,1500,0,'Est',1,1500,0,'Est',1,5400,0,'Est',1,1400,0,'Est',1,1400,0,'Est',1,1300,0,'Est',1,5300,0,'Est',2,1400,0,'Est',1,1300,0,'Est',1,1100,0,'Est',1,1000,0,'Est',1,5100,0,'Est',1,1200,0,'Est',2,1100,0,'Est',1,1600,0,'Est',1,5800,0,'Est',1,1800,0,'Est',2,1900,0,'Est',1,1700,0,'Est',1,5800,0,'Est',2,2100,0,'Est',1,2400,0,'Est',1,6500,0,'Est',1,2700,0,'Est',1,6800,0,'Est',1,2800,0,'Est',1,6700,0,'Est',1,2800,0,'Est',1,7000,0,'Est',1,3100,0,'Est',1,6700,0,'Est',1,3300,0,'Est',1
'26J-H59J000S-81-S',2401,55000,0,'Est',1,7600,0,'Est',1,1200,0,'Est',1,1200,0,'Est',1,5100,0,'Est',1,1400,0,'Est',2,1200,0,'Est',1,600,0,'Est',1,700,0,'Est',1,500,0,'Est',1,700,0,'Est',1,700,0,'Est',2,4700,0,'Est',1,600,0,'Est',1,700,0,'Est',1,600,0,'Est',1,700,0,'Est',1,1200,0,'Est',1,1100,0,'Est',1,5100,0,'Est',1,1100,0,'Est',1,1200,0,'Est',1,1100,0,'Est',1,1100,0,'Est',1,5100,0,'Est',1,1200,0,'Est',1,2400,0,'Est',1,1200,0,'Est',2,5200,0,'Est',1,1200,0,'Est',1,1300,0,'Est',1,1200,0,'Est',1,1200,0,'Est',1,5200,0,'Est',1,1200,0,'Est',1,1200,0,'Est',1,1200,0,'Est',1,1200,0,'Est',1,5200,0,'Est',2,1200,0,'Est',1,1300,0,'Est',1,1100,0,'Est',1,1300,0,'Est',1,5200,0,'Est',1,1200,0,'Est',1,1200,0,'Est',1,1200,0,'Est',1,1200,0,'Est',1,5300,0,'Est',1,1300,0,'Est',1,600,0,'Est',1,500,0,'Est',1,1300,0,'Est',1,1100,0,'Est',1,600,0,'Est',2,4600,0,'Est',2,900,0,'Est',1,700,0,'Est',1,400,0,'Est',1,700,0,'Est',2,400,0,'Est',2,500,0,'Est',1,800,0,'Est',1,800,0,'Est',1,4700,0,'Est',1,600,0,'Est',1,600,0,'Est',1,300,0,'Est',2,300,0,'Est',1,400,0,'Est',1,500,0,'Est',1,600,0,'Est',2,700,0,'Est',1,400,0,'Est',1,500,0,'Est',1,600,0,'Est',1,4500,0,'Est',1,1000,0,'Est',1,1000,0,'Est',2,1000,0,'Est',1,1100,0,'Est',1,800,0,'Est',2,4900,0,'Est',1,1000,0,'Est',1,900,0,'Est',1,900,0,'Est',2,900,0,'Est',1,1100,0,'Est',2,5200,0,'Est',1,1000,0,'Est',1,1200,0,'Est',2,1100,0,'Est',1,1100,0,'Est',1,1100,0,'Est',2,5100,0,'Est',1,3000,0,'Est',1,1800,0,'Est',1,5800,0,'Est',1,1900,0,'Est',1,2000,0,'Est',1,6000,0,'Est',1,2100,0,'Est',1,2400,0,'Est',1,6400,0,'Est',1,2700,0,'Est',1,6800,0,'Est',1,2700,0,'Est',1
'26J-H59J000S-81-S',2402,72900,4,'',1,1400,4,'',1,1000,4,'',2,6400,4,'',1,9600,4,'',1,69000,4,'',1,1600,4,'',1,3500,4,'',2,6100,4,'',2,2800,4,'',1,1200,4,'',1
'26J-H59JV00A-80-A',2401,64100,0,'Est',1,7000,0,'Est',1,3000,0,'Est',1,7400,0,'Est',1,3400,0,'Est',1,7200,0,'Est',1,2800,0,'Est',2,6500,0,'Est',1,2400,0,'Est',1,6300,0,'Est',1,2500,0,'Est',1,2400,0,'Est',1,6200,0,'Est',1,2100,0,'Est',1,2000,0,'Est',1,6200,0,'Est',1,2100,0,'Est',2,2000,0,'Est',1,5600,0,'Est',1,1500,0,'Est',1,1400,0,'Est',2,1300,0,'Est',1,5300,0,'Est',1,1200,0,'Est',1,1300,0,'Est',1,900,0,'Est',1,1100,0,'Est',2,5100,0,'Est',1,1100,0,'Est',1,1000,0,'Est',1,1000,0,'Est',1,1000,0,'Est',1,900,0,'Est',1,4700,0,'Est',1,700,0,'Est',1,700,0,'Est',2,600,0,'Est',1,700,0,'Est',2,900,0,'Est',1,900,0,'Est',1,800,0,'Est',1,4900,0,'Est',1,1200,0,'Est',1,1300,0,'Est',1,1200,0,'Est',2,1000,0,'Est',1,5100,0,'Est',1,1100,0,'Est',1,1000,0,'Est',2,900,0,'Est',1,900,0,'Est',1,1100,0,'Est',2,5400,0,'Est',1,1900,0,'Est',1,2000,0,'Est',2,5900,0,'Est',1,1900,0,'Est',2,2000,0,'Est',1,6100,0,'Est',1,2200,0,'Est',1,2600,0,'Est',2,6600,0,'Est',1,2500,0,'Est',2,6900,0,'Est',1,2700,0,'Est',2,6600,0,'Est',1,2700,0,'Est',2,2700,0,'Est',1,6700,0,'Est',2
'26J-H59JV00I-80-I',2401,63900,0,'Est',1,7300,0,'Est',1,3100,0,'Est',1,7200,0,'Est',1,3500,0,'Est',1,7200,0,'Est',1,3300,0,'Est',1,7700,0,'Est',2,6900,0,'Est',1,3000,0,'Est',2,2800,0,'Est',1,6500,0,'Est',1,2900,0,'Est',2,5800,0,'Est',1,2000,0,'Est',1,2000,0,'Est',1,5900,0,'Est',1,1800,0,'Est',1,1800,0,'Est',1,5400,0,'Est',2,1400,0,'Est',1,1400,0,'Est',1,1500,0,'Est',1,1500,0,'Est',1,5400,0,'Est',1,1400,0,'Est',1,1400,0,'Est',1,1300,0,'Est',1,5300,0,'Est',2,1400,0,'Est',1,1300,0,'Est',1,1100,0,'Est',1,1000,0,'Est',1,5100,0,'Est',1,1200,0,'Est',2,1100,0,'Est',1,1600,0,'Est',1,5800,0,'Est',1,1800,0,'Est',2,1900,0,'Est',1,1700,0,'Est',1,5800,0,'Est',2,2100,0,'Est',1,2400,0,'Est',1,6500,0,'Est',1,2700,0,'Est',1,6800,0,'Est',1,2800,0,'Est',1,6700,0,'Est',1,2800,0,'Est',1,7000,0,'Est',1,3100,0,'Est',1,6700,0,'Est',1,3300,0,'Est',1
'26J-H59JV00S-83-S',2401,55000,0,'Est',1,7600,0,'Est',1,1200,0,'Est',1,1200,0,'Est',1,5100,0,'Est',1,1400,0,'Est',2,1200,0,'Est',1,600,0,'Est',1,700,0,'Est',1,500,0,'Est',1,700,0,'Est',1,700,0,'Est',2,4700,0,'Est',1,600,0,'Est',1,700,0,'Est',1,600,0,'Est',1,700,0,'Est',1,1200,0,'Est',1,1100,0,'Est',1,5100,0,'Est',1,1100,0,'Est',1,1200,0,'Est',1,1100,0,'Est',1,1100,0,'Est',1,5100,0,'Est',1,1200,0,'Est',1,2400,0,'Est',1,1200,0,'Est',1,5200,0,'Est',1,1200,0,'Est',1,1300,0,'Est',1,1200,0,'Est',1,1200,0,'Est',1,5200,0,'Est',1,1200,0,'Est',1,1200,0,'Est',1,1200,0,'Est',1,1200,0,'Est',1,5200,0,'Est',1,1200,0,'Est',1,1300,0,'Est',1,1100,0,'Est',1,1300,0,'Est',1,5200,0,'Est',1,1200,0,'Est',1,1200,0,'Est',1,1200,0,'Est',1,1200,0,'Est',1,5300,0,'Est',1,1300,0,'Est',1,600,0,'Est',1,500,0,'Est',1,1300,0,'Est',1,1100,0,'Est',1,600,0,'Est',2,4600,0,'Est',2,900,0,'Est',1,700,0,'Est',1,400,0,'Est',1,700,0,'Est',2,400,0,'Est',1,500,0,'Est',1,800,0,'Est',1,800,0,'Est',1,4700,0,'Est',1,600,0,'Est',1,600,0,'Est',1,300,0,'Est',1,300,0,'Est',1,400,0,'Est',1,500,0,'Est',1,600,0,'Est',2,700,0,'Est',1,400,0,'Est',1,500,0,'Est',1,600,0,'Est',1,4500,0,'Est',1,1000,0,'Est',1,1000,0,'Est',2,1000,0,'Est',1,1100,0,'Est',1,800,0,'Est',2,4900,0,'Est',1,1000,0,'Est',1,900,0,'Est',1,900,0,'Est',1,900,0,'Est',1,1100,0,'Est',2,5200,0,'Est',1,1000,0,'Est',1,1200,0,'Est',2,1100,0,'Est',1,1100,0,'Est',1,1100,0,'Est',2,5100,0,'Est',1,3000,0,'Est',1,1800,0,'Est',1,5800,0,'Est',1,1900,0,'Est',1,2000,0,'Est',1,6000,0,'Est',1,2100,0,'Est',1,2400,0,'Est',1,6400,0,'Est',1,2700,0,'Est',1,6800,0,'Est',1,2700,0,'Est',1
'26J-H59JV00S-83-S',2402,72900,4,'',1,1400,4,'',1,1000,4,'',2,6400,4,'',1,9600,4,'',1,69000,4,'',1,1600,4,'',1,3500,4,'',2,6100,4,'',1,2800,4,'',1,1200,4,'',1
