19701,'H51M000A-70-A',537,,146859,15,,,1,71,,146872,15,,,1,31,,146860,15,,,1,70,,146877,15,,,2,29,,146885,15,,,2,68,,146861,15,,,1,27,,146878,15,,,2,67,,146886,15,,,2,27,,146862,15,,,1,26,,146879,15,,,2,58,,146893,15,,,2,18,,146887,15,,,2,18,,146894,15,,,2,58,,146863,15,,,1,18,,146880,15,,,2,17,,146895,15,,,2,17,,146888,15,,,2,56,,146896,15,,,2,16,,146864,15,,,1,16,,146897,15,,,2,56,,146881,15,,,2,17,,146901,15,,,2,17,,146889,15,,,2,18,,146898,15,,,2,58,,146865,15,,,1,18,,146882,15,,,2,18,,146890,15,,,2,58,,146902,15,,,2,20,,146899,15,,,2,20,,146866,15,,,1,63,,146883,15,,,2,23,,146891,15,,,2,23,,146900,15,,,2,62,,146867,15,,,1,26,,146884,15,,,2,67,,146903,15,,,2,27,,146868,15,,,1,67,,146873,15,,,1,27,,146855,15,,,1,27,,146869,15,,,1,67,,146874,15,,,1,27,,146856,15,,,1,66,,146870,15,,,1,27,,146875,15,,,1,68,,146857,15,,,1,28,,146871,15,,,1,69,,146876,15,,,1,33,,146858,15,,,1,69,,146904,15,,,1,35,,146892,15,,,1,76,,146905,15,,,1
19701,'H51M000I-70-I',537,,146909,15,,,2,71,,146906,15,,,1,32,,146910,15,,,2,72,,146907,15,,,1,32,,146911,15,,,2,72,,146908,15,,,1,33,,146912,15,,,2,73,,146920,15,,,1,22,,146921,15,,,2,62,,146922,15,,,2,27,,146913,15,,,2,68,,146918,15,,,1,27,,146923,15,,,2,27,,146914,15,,,2,67,,146919,15,,,1,20,,146931,15,,,1,60,,146924,15,,,2,18,,146941,15,,,1,20,,146915,15,,,2,65,,146932,15,,,1,28,,146925,15,,,2,68,,146916,15,,,2,28,,146933,15,,,1,27,,146926,15,,,2,68,,146917,15,,,2,28,,146934,15,,,1,69,,146927,15,,,2,29,,146947,15,,,2,69,,146935,15,,,1,29,,146928,15,,,2,68,,146942,15,,,1,29,,146936,15,,,1,69,,146929,15,,,2,29,,146943,15,,,1,69,,146937,15,,,1,32,,146930,15,,,2,71,,146944,15,,,1,33,,146938,15,,,1,73,,146945,15,,,1,32,,146939,15,,,1,71,,146946,15,,,1,30,,146940,15,,,1
19701,'H51M000S-70-S',506,,146949,15,,,1,41,,146954,15,,,1,71,,146950,15,,,1,22,,146966,15,,,2,9,,146963,15,,,2,8,,146960,15,,,2,55,,146969,15,,,2,6,,146975,15,,,2,7,,146955,15,,,1,5,,146956,15,,,1,8,,146976,15,,,2,6,,146951,15,,,1,6,,146968,15,,,2,52,,146977,15,,,2,5,,146971,15,,,2,11,,146967,15,,,2,9,,146964,15,,,2,10,,146961,15,,,2,11,,146970,15,,,2,11,,146965,15,,,1,49,,146991,15,,,1,11,,146948,15,,,1,12,,146997,15,,,2,15,,146978,15,,,2,56,,146952,15,,,1,18,,146962,15,,,2,20,,146992,15,,,1,60,,146979,15,,,2,20,,146958,15,,,1,20,,146953,15,,,1,60,,146998,15,,,2,20,,146993,15,,,1,20,,146980,15,,,2,60,,146983,15,,,1,20,,147001,15,,,2,20,,146999,15,,,2,60,,146994,15,,,1,21,,146981,15,,,2,20,,146984,15,,,1,62,,147002,15,,,2,20,,147000,15,,,2,20,,146995,15,,,1,61,,146982,15,,,2,21,,146985,15,,,1,20,,147003,15,,,2,59,,147004,15,,,2,20,,146996,15,,,1,21,,147008,15,,,2,64,,146986,15,,,1,29,,146972,15,,,1,69,,147005,15,,,2,29,,146987,15,,,1,69,,146973,15,,,1,29,,147006,15,,,1,70,,146988,15,,,1,30,,146974,15,,,1,70,,147007,15,,,1,30,,146989,15,,,1,73,,147009,15,,,2,34,,147010,15,,,2,76,,146959,15,,,1,37,,146957,15,,,1
19701,'H51M100F-70-F1',537,,147014,15,,,2,71,,147011,15,,,1,32,,147015,15,,,2,72,,147012,15,,,1,32,,147016,15,,,2,72,,147013,15,,,1,33,,147017,15,,,2,73,,147025,15,,,1,22,,147026,15,,,2,62,,147027,15,,,2,27,,147018,15,,,2,68,,147023,15,,,1,27,,147028,15,,,2,27,,147020,15,,,2,67,,147024,15,,,1,20,,147036,15,,,1,60,,147029,15,,,2,18,,147046,15,,,1,20,,147019,15,,,2,65,,147037,15,,,1,28,,147030,15,,,2,68,,147021,15,,,2,28,,147038,15,,,1,27,,147031,15,,,2,68,,147022,15,,,2,28,,147039,15,,,1,69,,147032,15,,,2,29,,147052,15,,,2,69,,147040,15,,,1,29,,147033,15,,,2,68,,147047,15,,,1,29,,147041,15,,,1,69,,147034,15,,,2,29,,147048,15,,,1,69,,147042,15,,,1,32,,147035,15,,,2,71,,147049,15,,,1,33,,147043,15,,,1,73,,147050,15,,,1,32,,147044,15,,,1,71,,147051,15,,,1,30,,147045,15,,,1
19701,'H51M200F-70-F2',537,,147056,15,,,2,71,,147053,15,,,1,32,,147057,15,,,2,72,,147054,15,,,1,32,,147058,15,,,2,72,,147055,15,,,1,33,,147059,15,,,2,73,,147067,15,,,1,22,,147068,15,,,2,62,,147069,15,,,2,27,,147060,15,,,2,68,,147065,15,,,1,27,,147070,15,,,2,27,,147061,15,,,2,67,,147066,15,,,1,20,,147078,15,,,1,60,,147071,15,,,2,18,,147088,15,,,1,20,,147062,15,,,2,65,,147079,15,,,1,28,,147072,15,,,2,68,,147063,15,,,2,28,,147080,15,,,1,27,,147073,15,,,2,68,,147064,15,,,2,28,,147081,15,,,1,69,,147074,15,,,2,29,,147094,15,,,2,69,,147082,15,,,1,29,,147075,15,,,2,68,,147089,15,,,1,29,,147083,15,,,1,69,,147076,15,,,2,29,,147090,15,,,1,69,,147084,15,,,1,32,,147077,15,,,2,71,,147091,15,,,1,33,,147086,15,,,1,73,,147092,15,,,1,32,,147085,15,,,1,71,,147093,15,,,1,30,,147087,15,,,1
19701,'H51M300F-70-F3',537,,147098,15,,,2,71,,147095,15,,,1,32,,147099,15,,,2,72,,147096,15,,,1,32,,147100,15,,,2,72,,147097,15,,,1,33,,147101,15,,,2,73,,147109,15,,,1,22,,147110,15,,,2,62,,147111,15,,,2,27,,147102,15,,,2,68,,147107,15,,,1,27,,147112,15,,,2,27,,147103,15,,,2,67,,147108,15,,,1,20,,147120,15,,,1,60,,147113,15,,,2,18,,147130,15,,,1,20,,147104,15,,,2,65,,147121,15,,,1,28,,147114,15,,,2,68,,147105,15,,,2,28,,147122,15,,,1,27,,147115,15,,,2,68,,147106,15,,,2,28,,147123,15,,,1,69,,147116,15,,,2,29,,147136,15,,,2,69,,147124,15,,,1,29,,147117,15,,,2,68,,147131,15,,,1,29,,147125,15,,,1,69,,147118,15,,,2,29,,147132,15,,,1,69,,147126,15,,,1,32,,147119,15,,,2,71,,147133,15,,,1,33,,147127,15,,,1,73,,147134,15,,,1,32,,147128,15,,,1,71,,147135,15,,,1,30,,147129,15,,,1
19701,'H57M000S-70-S',529,,147137,15,,,1,74,,147138,15,,,1,27,,147140,15,,,2,75,,147141,15,,,1,51,,147142,15,,,2,56,,147139,15,,,2
37001,'H51M000A-70-A',2600,,155156,22,,,1,42,,155157,22,,,1,85,,155159,22,,,1,84,,155158,22,,,1,45,,155160,22,,,2
37001,'H51M000I-70-I',2511,,155165,22,,,1,45,,155163,22,,,2,85,,155161,22,,,1,85,,155166,22,,,1,85,,155164,22,,,2,46,,155162,22,,,1
37001,'H51M000S-70-S',2511,,155171,22,,,2,45,,155169,22,,,1,85,,155167,22,,,1,85,,155172,22,,,2,85,,155170,22,,,1,47,,155168,22,,,1
37001,'H51M100F-70-F1',2511,,155177,22,,,1,45,,155175,22,,,2,85,,155173,22,,,1,85,,155178,22,,,1,85,,155176,22,,,2,46,,155174,22,,,1
37001,'H51M200F-70-F2',2511,,155183,22,,,1,45,,155181,22,,,2,85,,155179,22,,,1,85,,155184,22,,,1,85,,155182,22,,,2,46,,155180,22,,,1
37001,'H51M300F-70-F3',2511,,155189,22,,,1,45,,155187,22,,,2,85,,155185,22,,,1,85,,155190,22,,,1,85,,155188,22,,,2,46,,155186,22,,,1
