21702,'H60J000A-80-A',646,,73867,19,0,10,1,70,,73884,19,0,10,2,32,,73868,19,0,10,1,71,,73885,19,0,10,2,31,,73869,19,0,10,1,71,,73886,19,0,10,2,31,,73870,19,0,10,1,71,,73887,19,0,10,2,32,,73871,19,0,10,1,72,,73888,19,0,10,2,32,,73872,19,0,10,1,72,,73889,19,0,10,2,73,,73873,19,0,10,1,33,,73890,19,0,10,2,72,,73874,19,0,10,1,32,,73891,19,0,10,2,73,,73875,19,0,10,1,32,,73892,19,0,10,2,73,,73876,19,0,10,1,31,,73893,19,0,10,2,73,,73877,19,0,10,1,31,,73894,19,0,10,2,70,,73878,19,0,10,1,31,,73895,19,0,10,2,70,,73879,19,0,10,1,31,,73896,19,0,10,2,70,,73880,19,0,10,1,31,,73897,19,0,10,2,71,,73881,19,0,10,1,31,,73898,19,0,10,2,71,,73882,19,0,10,1,71,,73899,19,0,10,2,32,,73883,19,0,10,1,83,,73900,19,0,10,2
21702,'H60J000I-80-I',740,,73907,19,0,10,1,70,,73917,19,0,10,2,31,,73908,19,0,10,1,72,,73918,19,0,10,2,30,,73909,19,0,10,1,72,,73919,19,0,10,2,33,,73910,19,0,10,1,72,,73920,19,0,10,2,31,,73911,19,0,10,1,72,,73921,19,0,10,2,32,,73912,19,0,10,1,73,,73922,19,0,10,2,72,,73913,19,0,10,1,32,,73923,19,0,10,2,72,,73914,19,0,10,1,32,,73924,19,0,10,2,72,,73915,19,0,10,1,32,,73925,19,0,10,2,72,,73916,19,0,10,1,32,,73926,19,0,10,2,72,,73901,19,0,10,1,32,,73927,19,0,10,2,71,,73902,19,0,10,1,31,,73928,19,0,10,2,72,,73903,19,0,10,1,33,,73929,19,0,10,2,73,,73904,19,0,10,1,73,,73930,19,0,10,2,33,,73905,19,0,10,1,73,,73931,19,0,10,2,33,,73906,19,0,10,1,73,,73932,19,0,10,2
21702,'H60J000S-98-S',652,,73943,19,0,10,1,75,,73935,19,0,10,1,73,,73933,19,0,10,1,33,,73934,19,0,10,2,71,,73936,19,0,10,1,33,,73946,19,0,10,2,73,,73937,19,0,10,1,33,,73947,19,0,10,2,72,,73938,19,0,10,1,32,,73948,19,0,10,2,72,,73939,19,0,10,1,31,,73949,19,0,10,2,72,,73940,19,0,10,1,33,,73950,19,0,10,2,72,,73941,19,0,10,1,73,,73951,19,0,10,2,32,,73956,19,0,10,2,25,,73957,19,0,10,1,73,,73942,19,0,10,1,76,,73944,19,0,10,1,25,,73958,19,0,10,1,16,,73965,19,0,10,2,59,,73952,19,0,10,1,18,,73945,19,0,10,1,25,,73959,19,0,10,1,70,,73953,19,0,10,1,35,,73960,19,0,10,1,74,,73954,19,0,10,1,75,,73961,19,0,10,1,35,,73955,19,0,10,1,73,,73962,19,0,10,1,101,,73963,19,0,10,1,103,,73964,19,0,10,1
21702,'H60JV00A-80-A',646,,73966,19,0,10,1,70,,73983,19,0,10,2,32,,73967,19,0,10,1,71,,73984,19,0,10,2,31,,73968,19,0,10,1,71,,73985,19,0,10,2,31,,73969,19,0,10,1,71,,73986,19,0,10,2,32,,73970,19,0,10,1,72,,73987,19,0,10,2,32,,73971,19,0,10,1,72,,73988,19,0,10,2,73,,73972,19,0,10,1,33,,73989,19,0,10,2,72,,73973,19,0,10,1,32,,73990,19,0,10,2,73,,73974,19,0,10,1,32,,73991,19,0,10,2,73,,73975,19,0,10,1,31,,73992,19,0,10,2,73,,73976,19,0,10,1,31,,73993,19,0,10,2,70,,73977,19,0,10,1,31,,73994,19,0,10,2,70,,73978,19,0,10,1,31,,73995,19,0,10,2,70,,73979,19,0,10,1,31,,73996,19,0,10,2,71,,73980,19,0,10,1,31,,73997,19,0,10,2,71,,73981,19,0,10,1,71,,73998,19,0,10,2,32,,73982,19,0,10,1,83,,73999,19,0,10,2
21702,'H60JV00I-80-I',740,,74022,19,0,10,1,70,,74006,19,0,10,2,31,,74023,19,0,10,1,72,,74007,19,0,10,2,30,,74024,19,0,10,1,72,,74008,19,0,10,2,33,,74025,19,0,10,1,72,,74009,19,0,10,2,31,,74026,19,0,10,1,72,,74010,19,0,10,2,32,,74027,19,0,10,1,73,,74011,19,0,10,2,72,,74028,19,0,10,1,32,,74012,19,0,10,2,72,,74029,19,0,10,1,32,,74013,19,0,10,2,72,,74030,19,0,10,1,32,,74014,19,0,10,2,72,,74031,19,0,10,1,32,,74015,19,0,10,2,72,,74000,19,0,10,1,32,,74016,19,0,10,2,71,,74001,19,0,10,1,31,,74017,19,0,10,2,72,,74002,19,0,10,1,33,,74018,19,0,10,2,73,,74003,19,0,10,1,73,,74019,19,0,10,2,33,,74004,19,0,10,1,73,,74020,19,0,10,2,33,,74005,19,0,10,1,73,,74021,19,0,10,2
21702,'H60JV00S-98-S',652,,74032,19,0,10,1,75,,74054,19,0,10,1,73,,74046,19,0,10,1,33,,74034,19,0,10,2,71,,74055,19,0,10,1,33,,74048,19,0,10,2,73,,74056,19,0,10,1,33,,74049,19,0,10,2,72,,74057,19,0,10,1,32,,74050,19,0,10,2,72,,74058,19,0,10,1,31,,74051,19,0,10,2,72,,74059,19,0,10,1,33,,74052,19,0,10,2,72,,74060,19,0,10,1,73,,74053,19,0,10,2,32,,74037,19,0,10,2,25,,74038,19,0,10,1,73,,74033,19,0,10,1,76,,74035,19,0,10,1,25,,74039,19,0,10,1,16,,74047,19,0,10,1,59,,74061,19,0,10,1,18,,74036,19,0,10,1,25,,74040,19,0,10,1,70,,74062,19,0,10,1,35,,74041,19,0,10,1,74,,74063,19,0,10,1,75,,74042,19,0,10,1,35,,74064,19,0,10,1,73,,74043,19,0,10,1,101,,74044,19,0,10,1,103,,74045,19,0,10,1
42502,'H50J000S-83-S',1528,,76791,25,0,10,1,22,,76793,25,0,10,2,61,,76792,25,0,10,1
42502,'H50JV00S-82-S',1528,,76794,25,0,10,1,22,,76796,25,0,10,2,61,,76795,25,0,10,1
42502,'H56J000S-80-S',1245,,76799,25,0,10,1,69,,76810,25,0,10,1,33,,76809,25,0,10,1,63,,76801,25,0,10,1,26,,76806,25,0,10,1,66,,76811,25,0,10,1,130,,76800,25,0,10,1,21,,76807,25,0,10,2,62,,76797,25,0,10,1,18,,76802,25,0,10,1,82,,76804,25,0,10,1,34,,76808,25,0,10,2,57,,76798,25,0,10,1,16,,76805,25,0,10,1,23,,76803,25,0,10,2
42502,'H56JV00S-80-S',1245,,76814,25,0,10,1,69,,76825,25,0,10,1,33,,76824,25,0,10,1,63,,76816,25,0,10,1,26,,76821,25,0,10,1,66,,76826,25,0,10,1,130,,76815,25,0,10,1,21,,76822,25,0,10,1,62,,76812,25,0,10,1,18,,76817,25,0,10,1,82,,76819,25,0,10,1,34,,76823,25,0,10,2,57,,76813,25,0,10,1,16,,76820,25,0,10,1,23,,76818,25,0,10,2
42502,'H60J000S-98-S',1755,,76828,25,0,10,2,76,,76827,25,0,10,1
42502,'H60JV00S-98-S',1755,,76829,25,0,10,2,76,,76830,25,0,10,1
