5001,'H59J000A-80-A',758,,18480,22,4,,1,69,,18491,22,4,,2,31,,18481,22,4,,1,71,,18492,22,4,,2,73,,18482,22,4,,1,32,,18493,22,4,,2,73,,18483,22,4,,1,29,,18502,22,4,,2,67,,18494,22,4,,2,27,,18484,22,4,,1,27,,18503,22,4,,2,67,,18495,22,4,,2,28,,18485,22,4,,1,69,,18504,22,4,,2,29,,18496,22,4,,2,68,,18486,22,4,,1,28,,18505,22,4,,2,69,,18497,22,4,,2,29,,18487,22,4,,1,68,,18506,22,4,,2,27,,18498,22,4,,2,68,,18488,22,4,,1,28,,18507,22,4,,2,68,,18499,22,4,,2,29,,18489,22,4,,1,70,,18508,22,4,,2,31,,18500,22,4,,2,72,,18490,22,4,,1,33,,18509,22,4,,2,72,,18501,22,4,,2
5001,'H59J000I-80-I',755,,18510,22,4,,1,70,,18522,22,4,,2,31,,18511,22,4,,1,71,,18523,22,4,,2,30,,18512,22,4,,1,71,,18524,22,4,,2,31,,18513,22,4,,1,70,,18525,22,4,,2,28,,18534,22,4,,2,66,,18514,22,4,,1,25,,18526,22,4,,2,65,,18535,22,4,,2,26,,18515,22,4,,1,68,,18527,22,4,,2,27,,18536,22,4,,2,68,,18516,22,4,,1,28,,18528,22,4,,2,28,,18537,22,4,,2,69,,18517,22,4,,1,29,,18529,22,4,,2,68,,18538,22,4,,2,28,,18518,22,4,,1,67,,18530,22,4,,2,25,,18539,22,4,,2,68,,18519,22,4,,1,29,,18531,22,4,,2,69,,18540,22,4,,2,29,,18520,22,4,,1,69,,18532,22,4,,2,31,,18521,22,4,,1,70,,18533,22,4,,2
5001,'H59J000S-81-S',811,,18541,22,4,,1,33,,18551,22,4,,2,70,,18561,22,4,,2,28,,18542,22,4,,1,70,,18552,22,4,,2,29,,18562,22,4,,2,68,,18543,22,4,,1,28,,18553,22,4,,2,68,,18563,22,4,,2,30,,18544,22,4,,1,71,,18554,22,4,,2,30,,18564,22,4,,2,69,,18545,22,4,,1,30,,18555,22,4,,2,70,,18565,22,4,,2,30,,18546,22,4,,1,70,,18556,22,4,,2,31,,18566,22,4,,2,72,,18547,22,4,,1,32,,18557,22,4,,2,70,,18567,22,4,,2,31,,18548,22,4,,1,70,,18558,22,4,,2,27,,18568,22,4,,2,68,,18549,22,4,,1,28,,18559,22,4,,2,68,,18569,22,4,,2,28,,18550,22,4,,1,26,,18560,22,4,,2
5001,'H59JV00A-80-A',758,,18570,22,4,,1,69,,18581,22,4,,2,31,,18571,22,4,,1,71,,18582,22,4,,2,73,,18572,22,4,,1,32,,18583,22,4,,2,73,,18573,22,4,,1,29,,18592,22,4,,2,67,,18584,22,4,,2,27,,18574,22,4,,1,27,,18593,22,4,,2,67,,18585,22,4,,2,28,,18575,22,4,,1,69,,18594,22,4,,2,29,,18586,22,4,,2,68,,18576,22,4,,1,28,,18595,22,4,,2,69,,18587,22,4,,2,29,,18577,22,4,,1,68,,18596,22,4,,2,27,,18588,22,4,,2,68,,18578,22,4,,1,28,,18597,22,4,,2,68,,18589,22,4,,2,29,,18579,22,4,,1,70,,18598,22,4,,2,31,,18590,22,4,,2,72,,18580,22,4,,1,33,,18599,22,4,,2,72,,18591,22,4,,2
5001,'H59JV00I-80-I',755,,18600,22,4,,1,70,,18612,22,4,,2,31,,18601,22,4,,1,71,,18613,22,4,,2,30,,18602,22,4,,1,71,,18614,22,4,,2,31,,18603,22,4,,1,70,,18615,22,4,,2,28,,18624,22,4,,2,66,,18604,22,4,,1,25,,18616,22,4,,2,65,,18625,22,4,,2,26,,18605,22,4,,1,68,,18617,22,4,,2,27,,18626,22,4,,2,68,,18606,22,4,,1,28,,18618,22,4,,2,28,,18627,22,4,,2,69,,18607,22,4,,1,29,,18619,22,4,,2,68,,18628,22,4,,2,28,,18608,22,4,,1,67,,18620,22,4,,2,25,,18629,22,4,,2,68,,18609,22,4,,1,29,,18621,22,4,,2,69,,18630,22,4,,2,29,,18610,22,4,,1,69,,18622,22,4,,2,31,,18611,22,4,,1,70,,18623,22,4,,2
5001,'H59JV00S-83-S',811,,18631,22,4,,1,33,,18641,22,4,,2,70,,18651,22,4,,2,28,,18632,22,4,,1,70,,18642,22,4,,2,29,,18652,22,4,,2,68,,18633,22,4,,1,28,,18643,22,4,,2,68,,18653,22,4,,2,30,,18634,22,4,,1,71,,18644,22,4,,2,30,,18654,22,4,,2,69,,18635,22,4,,1,30,,18645,22,4,,2,70,,18655,22,4,,2,30,,18636,22,4,,1,70,,18646,22,4,,2,31,,18656,22,4,,2,72,,18637,22,4,,1,32,,18647,22,4,,2,70,,18657,22,4,,2,31,,18638,22,4,,1,70,,18648,22,4,,2,27,,18658,22,4,,2,68,,18639,22,4,,1,28,,18649,22,4,,2,68,,18659,22,4,,2,28,,18640,22,4,,1,26,,18650,22,4,,2
5002,'H59J000A-80-A',700,,18660,1,0,10,1,29,,18672,1,0,10,2,72,,18661,1,0,10,1,29,,18673,1,0,10,2,71,,18662,1,0,10,1,31,,18674,1,0,10,2,73,,18663,1,0,10,1,32,,18675,1,0,10,2,73,,18664,1,0,10,1,29,,18683,1,0,10,2,68,,18676,1,0,10,2,28,,18665,1,0,10,1,68,,18684,1,0,10,2,28,,18677,1,0,10,2,28,,18666,1,0,10,1,69,,18685,1,0,10,2,30,,18678,1,0,10,2,69,,18667,1,0,10,1,28,,18686,1,0,10,2,68,,18679,1,0,10,2,29,,18668,1,0,10,1,68,,18687,1,0,10,2,28,,18680,1,0,10,2,68,,18669,1,0,10,1,28,,18688,1,0,10,2,69,,18681,1,0,10,2,30,,18670,1,0,10,1,70,,18689,1,0,10,2,29,,18682,1,0,10,2,70,,18671,1,0,10,1
5002,'H59J000I-80-I',701,,18690,1,0,10,1,30,,18702,1,0,10,2,70,,18691,1,0,10,1,29,,18703,1,0,10,2,70,,18692,1,0,10,1,31,,18704,1,0,10,2,70,,18693,1,0,10,1,30,,18705,1,0,10,2,71,,18694,1,0,10,1,31,,18706,1,0,10,2,68,,18714,1,0,10,2,27,,18695,1,0,10,1,27,,18707,1,0,10,2,67,,18715,1,0,10,2,27,,18696,1,0,10,1,67,,18708,1,0,10,2,27,,18716,1,0,10,2,68,,18697,1,0,10,1,28,,18709,1,0,10,2,69,,18717,1,0,10,2,28,,18698,1,0,10,1,68,,18710,1,0,10,2,29,,18718,1,0,10,2,69,,18699,1,0,10,1,31,,18711,1,0,10,2,72,,18719,1,0,10,2,32,,18700,1,0,10,1,72,,18712,1,0,10,2,33,,18701,1,0,10,1,71,,18713,1,0,10,2
5002,'H59J000S-81-S',700,,18720,1,0,10,1,27,,18730,1,0,10,2,28,,18740,1,0,10,2,69,,18721,1,0,10,1,30,,18731,1,0,10,2,71,,18741,1,0,10,2,30,,18722,1,0,10,1,70,,18732,1,0,10,2,29,,18742,1,0,10,2,69,,18723,1,0,10,1,30,,18733,1,0,10,2,70,,18743,1,0,10,2,29,,18724,1,0,10,1,68,,18734,1,0,10,2,29,,18744,1,0,10,2,69,,18725,1,0,10,1,28,,18735,1,0,10,2,69,,18745,1,0,10,2,31,,18726,1,0,10,1,72,,18736,1,0,10,2,32,,18746,1,0,10,2,72,,18727,1,0,10,1,31,,18737,1,0,10,2,70,,18747,1,0,10,2,30,,18728,1,0,10,1,70,,18738,1,0,10,2,29,,18748,1,0,10,2,70,,18729,1,0,10,1,32,,18739,1,0,10,2
5002,'H59JV00A-80-A',700,,18749,1,0,10,1,29,,18761,1,0,10,2,72,,18750,1,0,10,1,29,,18762,1,0,10,2,71,,18751,1,0,10,1,31,,18763,1,0,10,2,73,,18752,1,0,10,1,32,,18764,1,0,10,2,73,,18753,1,0,10,1,29,,18772,1,0,10,2,68,,18765,1,0,10,2,28,,18754,1,0,10,1,68,,18773,1,0,10,2,28,,18766,1,0,10,2,28,,18755,1,0,10,1,69,,18774,1,0,10,2,30,,18767,1,0,10,2,69,,18756,1,0,10,1,28,,18775,1,0,10,2,68,,18768,1,0,10,2,29,,18757,1,0,10,1,68,,18776,1,0,10,2,28,,18769,1,0,10,2,68,,18758,1,0,10,1,28,,18777,1,0,10,2,69,,18770,1,0,10,2,30,,18759,1,0,10,1,70,,18778,1,0,10,2,29,,18771,1,0,10,2,70,,18760,1,0,10,1
5002,'H59JV00I-80-I',701,,18779,1,0,10,1,30,,18791,1,0,10,2,70,,18780,1,0,10,1,29,,18792,1,0,10,2,70,,18781,1,0,10,1,31,,18793,1,0,10,2,70,,18782,1,0,10,1,30,,18794,1,0,10,2,71,,18783,1,0,10,1,31,,18795,1,0,10,2,68,,18803,1,0,10,2,27,,18784,1,0,10,1,27,,18796,1,0,10,2,67,,18804,1,0,10,2,27,,18785,1,0,10,1,67,,18797,1,0,10,2,27,,18805,1,0,10,2,68,,18786,1,0,10,1,28,,18798,1,0,10,2,69,,18806,1,0,10,2,28,,18787,1,0,10,1,68,,18799,1,0,10,2,29,,18807,1,0,10,2,69,,18788,1,0,10,1,31,,18800,1,0,10,2,72,,18808,1,0,10,2,32,,18789,1,0,10,1,72,,18801,1,0,10,2,33,,18790,1,0,10,1,71,,18802,1,0,10,2
5002,'H59JV00S-83-S',700,,18809,1,0,10,1,27,,18819,1,0,10,2,28,,18829,1,0,10,2,69,,18810,1,0,10,1,30,,18820,1,0,10,2,71,,18830,1,0,10,2,30,,18811,1,0,10,1,70,,18821,1,0,10,2,29,,18831,1,0,10,2,69,,18812,1,0,10,1,30,,18822,1,0,10,2,70,,18832,1,0,10,2,29,,18813,1,0,10,1,68,,18823,1,0,10,2,29,,18833,1,0,10,2,69,,18814,1,0,10,1,28,,18824,1,0,10,2,69,,18834,1,0,10,2,31,,18815,1,0,10,1,72,,18825,1,0,10,2,32,,18835,1,0,10,2,72,,18816,1,0,10,1,31,,18826,1,0,10,2,70,,18836,1,0,10,2,30,,18817,1,0,10,1,70,,18827,1,0,10,2,29,,18837,1,0,10,2,70,,18818,1,0,10,1,32,,18828,1,0,10,2
