12903,'H51J000A-82-A',637,,46251,23,0,8,1,83,,46272,23,0,8,1,34,,46262,23,0,8,1,72,,46252,23,0,8,1,32,,46273,23,0,8,1,72,,46263,23,0,8,1,72,,46253,23,0,8,1,32,,46274,23,0,8,1,72,,46264,23,0,8,1,32,,46254,23,0,8,1,72,,46275,23,0,8,1,35,,46265,23,0,8,1,70,,46255,23,0,8,1,26,,46277,23,0,8,2,66,,46276,23,0,8,1,31,,46266,23,0,8,1,71,,46256,23,0,8,1,30,,46278,23,0,8,2,70,,46283,23,0,8,2,31,,46267,23,0,8,1,68,,46257,23,0,8,1,28,,46279,23,0,8,2,68,,46284,23,0,8,2,28,,46268,23,0,8,1,68,,46258,23,0,8,1,24,,46280,23,0,8,2,29,,46285,23,0,8,2,66,,46269,22,0,12 1 13,1,29,,46259,22,0,12 1 13,1,70,,46281,22,0,12 1 13,2,29,,46270,22,0,12 1 13,1,70,,46260,22,0,12 1 13,1,30,,46282,22,0,12 1 13,2,69,,46271,22,0,12 1 13,1,40,,46261,22,0,12 1 13,1,81,,46287,22,0,12 1 13,2,80,,46286,22,0,12 1 13,1
12903,'H51J000I-82-I',630,,46304,23,0,8,1,82,,46296,23,0,8,2,42,,46305,23,0,8,1,83,,46297,23,0,8,2,86,,46306,23,0,8,1,34,,46309,23,0,8,2,74,,46298,23,0,8,2,73,,46307,23,0,8,1,35,,46310,23,0,8,2,75,,46299,23,0,8,2,33,,46308,23,0,8,1,73,,46311,23,0,8,2,33,,46288,23,0,8,1,73,,46300,23,0,8,2,26,,46314,23,0,8,2,65,,46312,23,0,8,2,25,,46289,23,0,8,1,64,,46301,23,0,8,2,24,,46315,23,0,8,2,25,,46313,23,0,8,2,65,,46290,23,0,8,1,30,,46302,23,0,8,2,70,,46316,23,0,8,2,29,,46291,23,0,8,1,61,,46321,23,0,8,2,21,,46303,23,0,8,2,20,,46317,23,0,8,2,65,,46292,22,0,12 1 13,1,33,,46322,22,0,12 1 13,2,77,,46318,22,0,12 1 13,2,77,,46293,22,0,12 1 13,1,37,,46323,22,0,12 1 13,2,76,,46319,22,0,12 1 13,2,39,,46294,22,0,12 1 13,1,81,,46320,22,0,12 1 13,2,82,,46295,22,0,12 1 13,1
12903,'H51J000S-80-S',728,,46324,23,0,8,1,31,,46325,23,0,8,2,46,,46328,23,0,8,1,32,,46337,23,0,8,1,73,,46354,23,0,8,2,32,,46360,23,0,8,1,71,,46329,23,0,8,1,32,,46338,23,0,8,1,74,,46355,23,0,8,2,32,,46351,23,0,8,2,72,,46330,23,0,8,1,30,,46339,23,0,8,1,70,,46356,23,0,8,2,25,,46345,23,0,8,1,60,,46352,23,0,8,2,22,,46331,23,0,8,1,18,,46340,23,0,8,1,54,,46326,23,0,8,1,14,,46361,23,0,8,1,18,,46357,23,0,8,2,9,,46369,23,0,8,1,9,,46346,23,0,8,1,59,,46353,23,0,8,2,11,,46363,23,0,8,2,12,,46332,23,0,8,1,12,,46370,23,0,8,2,12,,46341,23,0,8,1,54,,46327,23,0,8,1,15,,46362,23,0,8,1,15,,46358,23,0,8,2,61,,46347,23,0,8,1,23,,46364,23,0,8,2,24,,46333,23,0,8,1,65,,46342,23,0,8,1,23,,46359,23,0,8,2,15,,46348,23,0,12 1 13,1,68,,46365,22,0,12 1 13,2,31,,46334,22,0,12 1 13,1,71,,46343,22,0,12 1 13,1,28,,46349,22,0,12 1 13,1,69,,46366,22,0,12 1 13,2,30,,46335,22,0,12 1 13,1,70,,46344,22,0,12 1 13,1,30,,46350,22,0,12 1 13,1,69,,46367,22,0,12 1 13,2,30,,46336,22,0,12 1 13,1,71,,46368,22,0,12 1 13,2
12903,'H51JV00A-80-A',637,,46391,23,0,8,1,83,,46402,23,0,8,1,34,,46381,23,0,8,1,72,,46392,23,0,8,1,32,,46403,23,0,8,1,72,,46382,23,0,8,1,72,,46393,23,0,8,1,32,,46404,23,0,8,1,72,,46383,23,0,8,1,32,,46394,23,0,8,1,72,,46405,23,0,8,1,35,,46384,23,0,8,1,70,,46395,23,0,8,1,26,,46375,23,0,8,2,66,,46406,23,0,8,1,31,,46385,23,0,8,1,71,,46396,23,0,8,1,30,,46376,23,0,8,2,70,,46372,23,0,8,2,31,,46386,23,0,8,1,68,,46397,23,0,8,1,28,,46377,23,0,8,2,68,,46373,23,0,8,2,28,,46387,23,0,8,1,68,,46398,23,0,8,1,24,,46378,23,0,8,2,29,,46374,23,0,8,2,66,,46388,22,0,12 1 13,1,29,,46399,22,0,12 1 13,1,70,,46379,22,0,12 1 13,2,29,,46389,22,0,12 1 13,1,70,,46400,22,0,12 1 13,1,30,,46380,22,0,12 1 13,2,69,,46390,22,0,12 1 13,1,40,,46401,22,0,12 1 13,1,81,,46407,22,0,12 1 13,2,80,,46371,22,0,12 1 13,1
12903,'H51JV00I-80-I',630,,46431,23,0,8,1,82,,46416,23,0,8,2,42,,46432,23,0,8,1,83,,46417,23,0,8,2,86,,46433,23,0,8,1,34,,46436,23,0,8,2,74,,46418,23,0,8,2,73,,46434,23,0,8,1,35,,46437,23,0,8,2,75,,46419,23,0,8,2,33,,46435,23,0,8,1,73,,46438,23,0,8,2,33,,46408,23,0,8,1,73,,46420,23,0,8,2,26,,46424,23,0,8,2,65,,46439,23,0,8,2,25,,46409,23,0,8,1,64,,46421,23,0,8,2,24,,46425,23,0,8,2,25,,46440,23,0,8,2,65,,46410,23,0,8,1,30,,46422,23,0,8,2,70,,46426,23,0,8,2,29,,46411,23,0,8,1,61,,46441,23,0,8,2,21,,46423,23,0,8,2,20,,46427,23,0,8,2,65,,46412,22,0,12 1 13,1,33,,46442,22,0,12 1 13,2,77,,46428,22,0,12 1 13,2,77,,46413,22,0,12 1 13,1,37,,46443,22,0,12 1 13,2,76,,46429,22,0,12 1 13,2,39,,46414,22,0,12 1 13,1,81,,46430,22,0,12 1 13,2,82,,46415,22,0,12 1 13,1
12903,'H51JV00S-84-S',728,,46444,23,0,8,1,31,,46445,23,0,8,2,46,,46448,23,0,8,1,32,,46457,23,0,8,1,73,,46474,23,0,8,2,32,,46480,23,0,8,1,71,,46449,23,0,8,1,32,,46458,23,0,8,1,74,,46475,23,0,8,2,32,,46471,23,0,8,2,72,,46450,23,0,8,1,30,,46459,23,0,8,1,70,,46476,23,0,8,2,25,,46465,23,0,8,1,60,,46472,23,0,8,2,22,,46451,23,0,8,1,18,,46460,23,0,8,1,54,,46446,23,0,8,1,14,,46481,23,0,8,1,18,,46477,23,0,8,2,9,,46483,23,0,8,1,9,,46466,23,0,8,1,59,,46473,23,0,8,2,11,,46484,23,0,8,2,12,,46452,23,0,8,1,12,,46490,23,0,8,2,12,,46461,23,0,8,1,54,,46447,23,0,8,1,15,,46482,23,0,8,1,15,,46478,23,0,8,2,61,,46467,23,0,8,1,23,,46485,23,0,8,2,24,,46453,23,0,8,1,65,,46462,23,0,8,1,23,,46479,23,0,8,2,15,,46468,23,0,12 1 13,1,68,,46486,22,0,12 1 13,2,31,,46454,22,0,12 1 13,1,71,,46463,22,0,12 1 13,1,28,,46469,22,0,12 1 13,1,69,,46487,22,0,12 1 13,2,30,,46455,22,0,12 1 13,1,70,,46464,22,0,12 1 13,1,30,,46470,22,0,12 1 13,1,69,,46488,22,0,12 1 13,2,30,,46456,22,0,12 1 13,1,71,,46489,22,0,12 1 13,2
12903,'H57J000S-81-S',1525,,46491,23,0,8,2,76,,46492,23,0,8,2
12903,'H57JV00S-83-S',1525,,46493,23,0,8,2,76,,46494,23,0,8,2
12903,'H59J000S-81-S',624,,46495,23,0,8,1,30,,46496,23,0,8,2
12903,'H59JV00S-83-S',624,,46498,23,0,8,1,30,,46497,23,0,8,2
