4901,'H51J000S-80-S',654,,17395,43,0,5,2
4901,'H51JV00S-84-S',654,,17396,43,0,5,2
4901,'H54J000S-83-S',1733,,17398,43,0,5,2,81,,17397,43,0,5,2
4901,'H54JV00S-80-S',1733,,17400,43,0,5,2,81,,17399,43,0,5,2
4901,'H57J000S-81-S',1650,,17401,43,0,5,2
4901,'H57JV00S-83-S',1650,,17402,43,0,5,2
4901,'H58J000A-83-A',623,,17405,43,0,5,1,25,,17422,43,0,5,1,66,,17417,43,0,5,1,22,,17420,43,0,5,2,20,,17424,43,0,5,1,66,,17429,43,0,5,1,28,,17423,43,0,5,1,68,,17439,43,0,5,1,32,,17421,43,0,5,2,72,,17425,43,0,5,1,31,,17430,43,0,5,1,70,,17431,43,0,5,2,29,,17440,43,0,5,2,68,,17442,43,0,5,2,23,,17426,43,0,5,1,63,,17443,43,0,5,2,25,,17444,43,0,5,2,24,,17432,43,0,5,2,64,,17403,43,0,5,1,21,,17447,43,0,5,2,60,,17427,43,0,5,1,21,,17452,43,0,5,2,21,,17458,43,0,5,2,60,,17445,43,0,5,2,18,,17433,43,0,5,2,15,,17404,43,0,5,1,10,,17412,43,0,5,1,11,,17419,43,0,5,2,51,,17448,43,0,5,2,9,,17428,43,0,5,1,8,,17408,43,0,5,2,9,,17457,43,0,5,2,9,,17453,43,0,5,2,9,,17406,43,0,5,1,51,,17459,43,0,5,2,10,,17414,43,0,5,1,11,,17446,43,0,5,2,9,,17460,43,0,5,2,8,,17434,43,0,5,2,7,,17462,43,0,5,2,10,,17413,43,0,5,1,51,,17463,43,0,5,1,10,,17449,43,0,5,2,10,,17410,43,0,5,2,10,,17418,43,0,5,1,10,,17409,43,0,5,2,10,,17407,43,0,5,1,50,,17441,43,0,5,2,16,,17415,43,0,5,1,16,,17461,43,0,5,2,19,,17454,43,0,5,1,59,,17450,43,0,5,1,19,,17411,43,0,5,2,19,,17435,43,0,5,1,60,,17466,43,0,5,2,24,,17416,43,0,5,1,15,,17464,43,0,5,2,58,,17455,43,0,5,1,22,,17451,43,0,5,1,17,,17437,43,0,5,2,57,,17436,43,0,5,1,21,,17467,43,0,5,2,20,,17465,43,0,5,2,68,,17456,43,0,5,1,30,,17438,43,0,5,2,71,,17468,43,0,5,2
4901,'H58J000I-81-I',620,,17469,43,0,5,1,28,,17474,43,0,5,2,67,,17479,43,0,5,1,27,,17483,43,0,5,1,70,,17470,43,0,5,1,35,,17475,43,0,5,2,72,,17491,43,0,5,1,29,,17484,43,0,5,1,69,,17476,43,0,5,1,23,,17503,43,0,5,2,62,,17488,43,0,5,1,22,,17506,43,0,5,1,27,,17492,43,0,5,1,72,,17502,43,0,5,2,30,,17504,43,0,5,2,70,,17489,43,0,5,1,30,,17515,43,0,5,1,70,,17493,43,0,5,1,26,,17497,43,0,5,2,64,,17505,43,0,5,2,21,,17517,43,0,5,2,18,,17490,43,0,5,1,55,,17516,43,0,5,1,17,,17477,43,0,5,2,13,,17521,43,0,5,2,14,,17478,43,0,5,1,53,,17494,43,0,5,1,13,,17498,43,0,5,2,13,,17519,43,0,5,2,12,,17480,43,0,5,1,12,,17518,43,0,5,2,52,,17496,43,0,5,1,13,,17471,43,0,5,1,13,,17513,43,0,5,1,13,,17481,43,0,5,1,12,,17472,43,0,5,2,56,,17485,43,0,5,1,14,,17510,43,0,5,1,16,,17520,43,0,5,2,59,,17486,43,0,5,2,21,,17507,43,0,5,1,22,,17514,43,0,5,1,62,,17473,43,0,5,2,22,,17499,43,0,5,1,21,,17511,43,0,5,1,63,,17487,43,0,5,2,22,,17508,43,0,5,1,16,,17482,43,0,5,1,56,,17522,43,0,5,1,24,,17500,43,0,5,1,25,,17512,43,0,5,1,70,,17509,43,0,5,1,29,,17523,43,0,5,1,68,,17501,43,0,5,1,24,,17495,43,0,5,1
4901,'H58J000I-82-I',620,,17524,43,0,5,1,28,,17529,43,0,5,2,67,,17534,43,0,5,1,27,,17538,43,0,5,1,70,,17525,43,0,5,1,35,,17530,43,0,5,2,72,,17546,43,0,5,1,29,,17539,43,0,5,1,69,,17531,43,0,5,1,23,,17558,43,0,5,2,62,,17543,43,0,5,1,22,,17561,43,0,5,1,27,,17547,43,0,5,1,72,,17557,43,0,5,2,30,,17559,43,0,5,2,70,,17544,43,0,5,1,30,,17570,43,0,5,1,70,,17548,43,0,5,1,26,,17552,43,0,5,2,64,,17560,43,0,5,2,21,,17572,43,0,5,2,18,,17545,43,0,5,1,55,,17571,43,0,5,1,17,,17532,43,0,5,2,13,,17576,43,0,5,2,14,,17533,43,0,5,1,53,,17549,43,0,5,1,13,,17553,43,0,5,2,13,,17574,43,0,5,2,12,,17535,43,0,5,1,12,,17573,43,0,5,2,52,,17551,43,0,5,1,13,,17526,43,0,5,1,13,,17568,43,0,5,1,13,,17536,43,0,5,1,12,,17527,43,0,5,2,56,,17540,43,0,5,1,14,,17565,43,0,5,1,16,,17575,43,0,5,2,59,,17541,43,0,5,2,21,,17562,43,0,5,1,22,,17569,43,0,5,1,62,,17528,43,0,5,2,22,,17554,43,0,5,1,21,,17566,43,0,5,1,63,,17542,43,0,5,2,22,,17563,43,0,5,1,16,,17537,43,0,5,1,56,,17577,43,0,5,1,24,,17555,43,0,5,1,25,,17567,43,0,5,1,70,,17564,43,0,5,1,29,,17578,43,0,5,1,68,,17556,43,0,5,1,24,,17550,43,0,5,1
4901,'H58J000S-81-S',613,,17579,43,0,5,2,17,,17580,43,0,5,2,89,,17584,43,0,5,2,21,,17591,43,0,5,2,18,,17599,43,0,5,2,64,,17601,43,0,5,1,19,,17606,43,0,5,2,61,,17614,43,0,5,2,25,,17612,43,0,5,1,25,,17594,43,0,5,1,68,,17618,43,0,5,2,28,,17602,43,0,5,1,68,,17615,43,0,5,2,30,,17610,43,0,5,2,66,,17613,43,0,5,1,25,,17625,43,0,5,1,17,,17621,43,0,5,2,57,,17619,43,0,5,2,15,,17603,43,0,5,1,16,,17616,43,0,5,2,16,,17633,43,0,5,1,56,,17611,43,0,5,2,16,,17607,43,0,5,2,15,,17636,43,0,5,2,55,,17626,43,0,5,1,14,,17622,43,0,5,2,16,,17595,43,0,5,1,13,,17620,43,0,5,2,11,,17604,43,0,5,1,48,,17597,43,0,5,1,8,,17617,43,0,5,2,9,,17641,43,0,5,2,7,,17634,43,0,5,1,8,,17638,43,0,5,2,8,,17647,43,0,5,1,15,,17650,43,0,5,2,47,,17608,43,0,5,2,6,,17651,43,0,5,2,5,,17637,43,0,5,2,3,,17645,43,0,5,2,5,,17623,43,0,5,1,5,,17627,43,0,5,1,9,,17609,43,0,5,2,5,,17663,43,0,5,2,3,,17589,43,0,5,1,5,,17662,43,0,5,2,6,,17635,43,0,5,1,46,,17592,43,0,5,1,6,,17646,43,0,5,2,18,,17598,43,0,5,1,5,,17583,43,0,5,1,6,,17605,43,0,5,2,6,,17585,43,0,5,1,7,,17632,43,0,5,2,7,,17659,43,0,5,1,46,,17648,43,0,5,1,7,,17644,43,0,5,2,8,,17581,43,0,5,1,8,,17657,43,0,5,2,12,,17642,43,0,5,2,12,,17628,43,0,5,1,52,,17590,43,0,5,1,12,,17593,43,0,5,1,13,,17655,43,0,5,2,13,,17664,43,0,5,2,12,,17586,43,0,5,1,53,,17649,43,0,5,2,13,,17631,43,0,5,1,13,,17658,43,0,5,2,14,,17643,43,0,5,1,14,,17629,43,0,5,1,56,,17652,43,0,5,1,15,,17639,43,0,5,1,15,,17656,43,0,5,2,57,,17587,43,0,5,1,20,,17653,43,0,5,1,28,,17660,43,0,5,2,68,,17630,43,0,5,1,28,,17640,43,0,5,1,61,,17588,43,0,5,1,18,,17654,43,0,5,1,20,,17661,43,0,5,2,14,,17582,43,0,5,1
4901,'H58J000S-83-S',613,,17665,43,0,5,2,17,,17666,43,0,5,2,89,,17670,43,0,5,2,21,,17677,43,0,5,2,18,,17685,43,0,5,2,64,,17687,43,0,5,1,19,,17692,43,0,5,2,61,,17700,43,0,5,2,25,,17698,43,0,5,1,25,,17680,43,0,5,1,68,,17704,43,0,5,2,28,,17688,43,0,5,1,68,,17701,43,0,5,2,30,,17696,43,0,5,2,66,,17699,43,0,5,1,25,,17711,43,0,5,1,17,,17707,43,0,5,2,57,,17705,43,0,5,2,15,,17689,43,0,5,1,16,,17702,43,0,5,2,16,,17719,43,0,5,1,56,,17697,43,0,5,2,16,,17693,43,0,5,2,15,,17722,43,0,5,2,55,,17712,43,0,5,1,14,,17708,43,0,5,2,16,,17681,43,0,5,1,13,,17706,43,0,5,2,11,,17690,43,0,5,1,48,,17683,43,0,5,1,8,,17703,43,0,5,2,9,,17727,43,0,5,2,7,,17720,43,0,5,1,8,,17724,43,0,5,2,8,,17733,43,0,5,1,15,,17736,43,0,5,2,47,,17694,43,0,5,2,6,,17737,43,0,5,2,5,,17723,43,0,5,2,3,,17731,43,0,5,2,5,,17709,43,0,5,1,5,,17713,43,0,5,1,9,,17695,43,0,5,2,5,,17749,43,0,5,2,3,,17675,43,0,5,1,5,,17748,43,0,5,2,6,,17721,43,0,5,1,46,,17678,43,0,5,1,6,,17732,43,0,5,2,18,,17684,43,0,5,1,5,,17669,43,0,5,1,6,,17691,43,0,5,2,6,,17671,43,0,5,1,7,,17718,43,0,5,2,7,,17745,43,0,5,1,46,,17734,43,0,5,1,7,,17730,43,0,5,2,8,,17667,43,0,5,1,8,,17743,43,0,5,2,12,,17728,43,0,5,2,12,,17714,43,0,5,1,52,,17676,43,0,5,1,12,,17679,43,0,5,1,13,,17741,43,0,5,2,13,,17750,43,0,5,2,12,,17672,43,0,5,1,53,,17735,43,0,5,2,13,,17717,43,0,5,1,13,,17744,43,0,5,2,14,,17729,43,0,5,1,14,,17715,43,0,5,1,56,,17738,43,0,5,1,15,,17725,43,0,5,1,15,,17742,43,0,5,2,57,,17673,43,0,5,1,20,,17739,43,0,5,1,28,,17746,43,0,5,2,68,,17716,43,0,5,1,28,,17726,43,0,5,1,61,,17674,43,0,5,1,18,,17740,43,0,5,1,20,,17747,43,0,5,2,14,,17668,43,0,5,1
4901,'H58JV00A-80-A',623,,17751,43,0,5,1,25,,17794,43,0,5,1,66,,17759,43,0,5,1,22,,17763,43,0,5,2,20,,17765,43,0,5,1,66,,17755,43,0,5,1,28,,17795,43,0,5,1,68,,17761,43,0,5,1,32,,17764,43,0,5,2,72,,17766,43,0,5,1,31,,17756,43,0,5,1,70,,17770,43,0,5,2,29,,17798,43,0,5,2,68,,17754,43,0,5,2,23,,17767,43,0,5,1,63,,17774,43,0,5,2,25,,17775,43,0,5,2,24,,17771,43,0,5,2,64,,17813,43,0,5,1,21,,17778,43,0,5,2,60,,17768,43,0,5,1,21,,17781,43,0,5,2,21,,17783,43,0,5,2,60,,17776,43,0,5,2,18,,17772,43,0,5,2,15,,17814,43,0,5,1,10,,17757,43,0,5,1,11,,17807,43,0,5,2,51,,17779,43,0,5,2,9,,17769,43,0,5,1,8,,17815,43,0,5,2,9,,17762,43,0,5,2,9,,17782,43,0,5,2,9,,17752,43,0,5,1,51,,17784,43,0,5,2,10,,17808,43,0,5,1,11,,17777,43,0,5,2,9,,17790,43,0,5,2,8,,17773,43,0,5,2,7,,17803,43,0,5,2,10,,17758,43,0,5,1,51,,17804,43,0,5,1,10,,17780,43,0,5,2,10,,17811,43,0,5,2,10,,17760,43,0,5,1,10,,17816,43,0,5,2,10,,17753,43,0,5,1,50,,17799,43,0,5,2,16,,17809,43,0,5,1,16,,17791,43,0,5,2,19,,17800,43,0,5,1,59,,17788,43,0,5,1,19,,17812,43,0,5,2,19,,17796,43,0,5,1,60,,17785,43,0,5,2,24,,17810,43,0,5,1,15,,17792,43,0,5,2,58,,17801,43,0,5,1,22,,17789,43,0,5,1,17,,17805,43,0,5,2,57,,17797,43,0,5,1,21,,17786,43,0,5,2,20,,17793,43,0,5,2,68,,17802,43,0,5,1,30,,17806,43,0,5,2,71,,17787,43,0,5,2
4901,'H58JV00I-81-I',620,,17817,43,0,5,1,28,,17819,43,0,5,2,67,,17869,43,0,5,1,27,,17852,43,0,5,1,70,,17818,43,0,5,1,35,,17820,43,0,5,2,72,,17842,43,0,5,1,29,,17853,43,0,5,1,69,,17821,43,0,5,1,23,,17833,43,0,5,2,62,,17866,43,0,5,1,22,,17836,43,0,5,1,27,,17843,43,0,5,1,72,,17828,43,0,5,2,30,,17834,43,0,5,2,70,,17867,43,0,5,1,30,,17829,43,0,5,1,70,,17844,43,0,5,1,26,,17847,43,0,5,2,64,,17835,43,0,5,2,21,,17831,43,0,5,2,18,,17868,43,0,5,1,55,,17830,43,0,5,1,17,,17822,43,0,5,2,13,,17849,43,0,5,2,14,,17850,43,0,5,1,53,,17845,43,0,5,1,13,,17848,43,0,5,2,13,,17840,43,0,5,2,12,,17851,43,0,5,1,12,,17832,43,0,5,2,52,,17855,43,0,5,1,13,,17870,43,0,5,1,13,,17859,43,0,5,1,13,,17865,43,0,5,1,12,,17863,43,0,5,2,56,,17854,43,0,5,1,14,,17856,43,0,5,1,16,,17841,43,0,5,2,59,,17823,43,0,5,2,21,,17837,43,0,5,1,22,,17860,43,0,5,1,62,,17864,43,0,5,2,22,,17825,43,0,5,1,21,,17857,43,0,5,1,63,,17824,43,0,5,2,22,,17838,43,0,5,1,16,,17871,43,0,5,1,56,,17861,43,0,5,1,24,,17826,43,0,5,1,25,,17858,43,0,5,1,70,,17839,43,0,5,1,29,,17862,43,0,5,1,68,,17827,43,0,5,1,24,,17846,43,0,5,1
4901,'H58JV00S-82-S',613,,17872,43,0,5,2,17,,17873,43,0,5,2,89,,17877,43,0,5,2,21,,17884,43,0,5,2,18,,17892,43,0,5,1,64,,17894,43,0,5,1,19,,17899,43,0,5,2,61,,17907,43,0,5,2,25,,17905,43,0,5,1,25,,17887,43,0,5,1,68,,17911,43,0,5,1,28,,17895,43,0,5,1,68,,17908,43,0,5,2,30,,17903,43,0,5,2,66,,17906,43,0,5,1,25,,17918,43,0,5,1,17,,17914,43,0,5,2,57,,17912,43,0,5,2,15,,17896,43,0,5,1,16,,17909,43,0,5,2,16,,17926,43,0,5,1,56,,17904,43,0,5,2,16,,17900,43,0,5,1,15,,17929,43,0,5,2,55,,17919,43,0,5,1,14,,17915,43,0,5,2,16,,17888,43,0,5,1,13,,17913,43,0,5,2,11,,17897,43,0,5,1,48,,17890,43,0,5,1,8,,17910,43,0,5,2,9,,17934,43,0,5,1,7,,17927,43,0,5,1,8,,17931,43,0,5,2,8,,17940,43,0,5,1,15,,17943,43,0,5,2,47,,17901,43,0,5,1,6,,17944,43,0,5,2,5,,17930,43,0,5,2,3,,17938,43,0,5,2,5,,17916,43,0,5,1,5,,17920,43,0,5,1,9,,17902,43,0,5,2,5,,17956,43,0,5,2,3,,17882,43,0,5,1,5,,17955,43,0,5,2,6,,17928,43,0,5,1,46,,17885,43,0,5,1,6,,17939,43,0,5,2,18,,17891,43,0,5,1,5,,17876,43,0,5,1,6,,17898,43,0,5,2,6,,17878,43,0,5,1,7,,17925,43,0,5,2,7,,17952,43,0,5,1,46,,17941,43,0,5,1,7,,17937,43,0,5,1,8,,17874,43,0,5,1,8,,17950,43,0,5,2,12,,17935,43,0,5,2,12,,17921,43,0,5,1,52,,17883,43,0,5,1,12,,17886,43,0,5,1,13,,17948,43,0,5,1,13,,17957,43,0,5,2,12,,17879,43,0,5,1,53,,17942,43,0,5,2,13,,17924,43,0,5,1,13,,17951,43,0,5,2,14,,17936,43,0,5,1,14,,17922,43,0,5,1,56,,17945,43,0,5,1,15,,17932,43,0,5,1,15,,17949,43,0,5,1,57,,17880,43,0,5,1,20,,17946,43,0,5,1,28,,17953,43,0,5,2,68,,17923,43,0,5,1,28,,17933,43,0,5,1,61,,17881,43,0,5,1,18,,17947,43,0,5,1,20,,17954,43,0,5,2,14,,17875,43,0,5,1
4901,'H59J000S-81-S',1820,,17958,43,0,5,1
4901,'H59JV00S-83-S',1820,,17959,43,0,5,1
37201,'H54J000A-80-A',2615,,75851,102,0,5,1,85,,75856,102,0,5,1,44,,75854,102,0,5,1,90,,75852,102,0,5,1,85,,75853,102,0,5,1
37201,'H54J000I-80-I',2615,,75858,102,0,5,1,87,,75857,102,0,5,1,46,,75861,102,0,5,1,86,,75859,102,0,5,1,85,,75860,102,0,5,1
37201,'H54J000S-83-S',2618,,75863,102,0,5,1,33,,75867,102,0,5,1,78,,75866,102,0,5,1,80,,75869,102,0,5,1,40,,75865,102,0,5,1,81,,75864,102,0,5,1
37201,'H54JV00A-80-A',2615,,75873,102,0,5,1,85,,75875,102,0,5,1,44,,75874,102,0,5,1,90,,75870,102,0,5,1,85,,75871,102,0,5,1
37201,'H54JV00I-80-I',2615,,75877,102,0,5,1,87,,75880,102,0,5,1,46,,75876,102,0,5,1,86,,75879,102,0,5,1,85,,75881,102,0,5,1
37201,'H54JV00S-80-S',2618,,75886,102,0,5,1,33,,75884,102,0,5,1,78,,75883,102,0,5,1,80,,75888,102,0,5,1,40,,75887,102,0,5,1,81,,75882,102,0,5,1
44903,'H51J000S-80-S',1755,,79197,26,0,8,2
44903,'H51JV00S-84-S',1755,,79198,26,0,8,2
44903,'H54J000S-83-S',626,,79199,26,0,8,1,76,,79210,26,0,8,2,34,,79211,26,0,8,2,74,,79200,26,0,8,1,30,,79222,26,0,8,2,68,,79212,26,0,8,1,28,,79208,26,0,8,1,69,,79201,26,0,8,1,28,,79213,26,0,8,2,71,,79223,26,0,8,1,33,,79209,26,0,8,1,71,,79214,26,0,8,2,30,,79219,26,0,8,2,70,,79224,26,0,8,1,30,,79205,26,0,8,2,69,,79215,26,0,8,2,29,,79220,26,0,8,2,68,,79225,26,0,8,1,29,,79206,26,0,8,2,67,,79216,26,0,8,2,14,,79240,26,0,8,1,14,,79221,26,0,8,2,12,,79236,26,0,8,2,12,,79237,26,0,8,2,49,,79226,26,0,8,1,8,,79241,26,0,8,1,10,,79230,26,0,8,2,10,,79228,26,0,8,2,10,,79217,26,0,8,1,7,,79207,26,0,8,2,58,,79238,26,0,8,1,10,,79202,26,0,8,1,11,,79229,26,0,8,2,12,,79233,26,0,8,1,18,,79227,26,0,8,1,65,,79218,26,0,8,1,29,,79203,26,0,8,1,69,,79234,26,0,8,1,29,,79231,26,0,8,1,69,,79239,26,0,8,1,28,,79204,26,0,8,1,69,,79235,26,0,8,1,31,,79232,26,0,8,1
44903,'H54JV00S-80-S',626,,79242,26,0,8,1,76,,79262,26,0,8,2,34,,79263,26,0,8,2,74,,79244,26,0,8,1,30,,79271,26,0,8,2,68,,79264,26,0,8,1,28,,79258,26,0,8,1,69,,79245,26,0,8,1,28,,79267,26,0,8,1,71,,79249,26,0,8,1,33,,79259,26,0,8,1,71,,79268,26,0,8,1,30,,79255,26,0,8,2,70,,79250,26,0,8,1,30,,79260,26,0,8,1,69,,79269,26,0,8,1,29,,79256,26,0,8,2,68,,79251,26,0,8,1,29,,79261,26,0,8,1,67,,79270,26,0,8,1,14,,79280,26,0,8,1,14,,79257,26,0,8,2,12,,79283,26,0,8,2,12,,79284,26,0,8,2,49,,79252,26,0,8,1,8,,79272,26,0,8,1,10,,79253,26,0,8,1,10,,79243,26,0,8,1,10,,79265,26,0,8,1,7,,79254,26,0,8,2,58,,79281,26,0,8,1,10,,79246,26,0,8,1,11,,79274,26,0,8,2,12,,79277,26,0,8,1,18,,79273,26,0,8,1,65,,79266,26,0,8,1,29,,79247,26,0,8,1,69,,79278,26,0,8,1,29,,79275,26,0,8,1,69,,79282,26,0,8,1,28,,79248,26,0,8,1,69,,79279,26,0,8,1,31,,79276,26,0,8,1
