13903,'26J-H58J000A-83-A',523,,46171,0,8,2,27,,46151,0,8,1,71,,46183,0,8,1,24,,46188,0,8,1,62,,46172,0,8,2,17,,46152,0,8,1,18,,46192,0,8,2,17,,46193,0,8,1,57,,46173,0,8,1,23,,46194,0,8,2,71,,46153,0,8,1,30,,46163,0,8,1,70,,46174,0,8,1,29,,46195,0,8,2,70,,46154,0,8,1,30,,46164,0,8,1,71,,46175,0,8,1,30,,46196,0,8,2,71,,46155,0,8,1,29,,46165,0,8,1,69,,46176,0,8,1,30,,46197,0,8,2,70,,46156,0,8,1,29,,46166,0,8,1,68,,46177,0,8,1,26,,46198,0,8,2,71,,46157,0,8,1,32,,46167,0,8,1,65,,46178,0,8,1,32,,46199,0,8,2,27,,46158,0,8,1,68,,46168,0,8,1,29,,46179,0,8,1,70,,46200,0,8,2,30,,46159,0,8,1,60,,46169,0,8,1,14,,46202,0,8,2,12,,46204,0,8,2,11,,46180,0,8,1,50,,46184,0,8,1,10,,46161,0,8,2,9,,46201,0,8,2,9,,46206,0,8,2,9,,46160,0,8,1,10,,46182,0,8,2,50,,46170,0,8,1,11,,46186,0,8,1,9,,46203,0,8,2,11,,46162,0,8,2,10,,46190,0,8,2,11,,46185,0,8,1,52,,46205,0,8,2,11,,46207,0,8,2,20,,46181,0,8,1,20,,46187,0,8,1,59,,46191,0,8,2,21,,46189,0,8,1,20,,46208,0,8,2
13903,'26J-H58J000I-81-I',523,,46213,0,8,2,30,,46209,0,8,1,69,,46228,0,8,1,22,,46231,0,8,1,62,,46214,0,8,2,22,,46210,0,8,1,21,,46219,0,8,1,65,,46242,0,8,2,24,,46232,0,8,1,70,,46215,0,8,2,31,,46220,0,8,1,70,,46243,0,8,2,29,,46233,0,8,1,70,,46216,0,8,2,30,,46221,0,8,1,71,,46244,0,8,2,31,,46234,0,8,1,72,,46217,0,8,2,28,,46222,0,8,1,69,,46245,0,8,2,30,,46235,0,8,1,71,,46218,0,8,2,29,,46223,0,8,1,69,,46246,0,8,2,29,,46252,0,8,2,68,,46238,0,8,1,30,,46224,0,8,1,23,,46247,0,8,2,67,,46253,0,8,2,32,,46239,0,8,1,70,,46225,0,8,1,30,,46248,0,8,2,68,,46254,0,8,2,28,,46240,0,8,1,67,,46229,0,8,2,18,,46226,0,8,1,12,,46249,0,8,2,52,,46256,0,8,2,15,,46255,0,8,2,14,,46241,0,8,1,12,,46211,0,8,1,14,,46230,0,8,2,54,,46250,0,8,1,14,,46227,0,8,1,18,,46257,0,8,2,60,,46236,0,8,1,18,,46212,0,8,1,18,,46251,0,8,1,17,,46259,0,8,1,57,,46258,0,8,2,18,,46237,0,8,1,23,,46260,0,8,2
13903,'26J-H58J000S-81-S',516,,46261,0,8,1,30,,46272,0,8,2,71,,46280,0,8,1,29,,46278,0,8,1,73,,46262,0,8,1,30,,46273,0,8,2,71,,46281,0,8,1,30,,46279,0,8,1,71,,46263,0,8,1,31,,46274,0,8,2,70,,46282,0,8,1,29,,46296,0,8,2,69,,46264,0,8,1,29,,46275,0,8,2,69,,46283,0,8,1,31,,46297,0,8,2,70,,46265,0,8,1,30,,46276,0,8,2,70,,46284,0,8,1,30,,46298,0,8,2,73,,46266,0,8,1,31,,46277,0,8,2,72,,46285,0,8,1,31,,46291,0,8,1,71,,46299,0,8,2,31,,46267,0,8,1,69,,46286,0,8,1,29,,46292,0,8,1,68,,46300,0,8,2,29,,46268,0,8,1,69,,46287,0,8,1,29,,46293,0,8,1,68,,46301,0,8,2,29,,46269,0,8,1,69,,46288,0,8,1,28,,46294,0,8,1,68,,46302,0,8,2,28,,46270,0,8,1,68,,46289,0,8,1,27,,46295,0,8,1,67,,46303,0,8,2,28,,46271,0,8,1,18,,46290,0,8,1
13903,'26J-H58JV00A-80-A',523,,46311,0,8,2,27,,46320,0,8,1,71,,46358,0,8,1,24,,46313,0,8,1,62,,46312,0,8,2,17,,46321,0,8,1,18,,46314,0,8,2,17,,46308,0,8,1,57,,46349,0,8,1,23,,46333,0,8,2,71,,46322,0,8,1,30,,46341,0,8,1,70,,46350,0,8,1,29,,46334,0,8,2,70,,46323,0,8,1,30,,46342,0,8,1,71,,46351,0,8,1,30,,46335,0,8,2,71,,46324,0,8,1,29,,46343,0,8,1,69,,46352,0,8,1,30,,46336,0,8,2,70,,46325,0,8,1,29,,46344,0,8,1,68,,46353,0,8,1,26,,46337,0,8,2,71,,46326,0,8,1,32,,46345,0,8,1,65,,46354,0,8,1,32,,46338,0,8,2,27,,46327,0,8,1,68,,46346,0,8,1,29,,46355,0,8,1,70,,46339,0,8,2,30,,46328,0,8,1,60,,46347,0,8,1,14,,46315,0,8,2,12,,46317,0,8,2,11,,46356,0,8,1,50,,46360,0,8,1,10,,46309,0,8,2,9,,46340,0,8,2,9,,46330,0,8,2,9,,46329,0,8,1,10,,46359,0,8,2,50,,46348,0,8,1,11,,46304,0,8,1,9,,46316,0,8,2,11,,46310,0,8,2,10,,46306,0,8,2,11,,46361,0,8,1,52,,46318,0,8,2,11,,46331,0,8,2,20,,46357,0,8,1,20,,46305,0,8,1,59,,46307,0,8,2,21,,46319,0,8,1,20,,46332,0,8,2
13903,'26J-H58JV00I-80-I',523,,46395,0,8,2,30,,46410,0,8,1,69,,46365,0,8,1,22,,46401,0,8,1,62,,46396,0,8,2,22,,46411,0,8,1,21,,46386,0,8,1,65,,46378,0,8,2,24,,46402,0,8,1,70,,46397,0,8,2,31,,46387,0,8,1,70,,46379,0,8,2,29,,46403,0,8,1,70,,46398,0,8,2,30,,46388,0,8,1,71,,46380,0,8,2,31,,46404,0,8,1,72,,46399,0,8,2,28,,46389,0,8,1,69,,46381,0,8,2,30,,46405,0,8,1,71,,46400,0,8,2,29,,46390,0,8,1,69,,46382,0,8,2,29,,46371,0,8,2,68,,46406,0,8,1,30,,46391,0,8,1,23,,46383,0,8,2,67,,46372,0,8,2,32,,46407,0,8,1,70,,46392,0,8,1,30,,46384,0,8,2,68,,46373,0,8,2,28,,46408,0,8,1,67,,46366,0,8,2,18,,46393,0,8,1,12,,46385,0,8,2,52,,46368,0,8,2,15,,46374,0,8,2,14,,46409,0,8,1,12,,46376,0,8,1,14,,46367,0,8,2,54,,46363,0,8,1,14,,46394,0,8,1,18,,46369,0,8,2,60,,46413,0,8,1,18,,46377,0,8,1,18,,46364,0,8,1,17,,46375,0,8,1,57,,46370,0,8,2,18,,46362,0,8,1,23,,46412,0,8,2
13903,'26J-H58JV00S-82-S',516,,46414,0,8,1,30,,46425,0,8,2,71,,46433,0,8,1,29,,46431,0,8,1,73,,46415,0,8,1,30,,46426,0,8,2,71,,46434,0,8,1,30,,46432,0,8,1,71,,46416,0,8,1,31,,46427,0,8,2,70,,46435,0,8,1,29,,46449,0,8,2,69,,46417,0,8,1,29,,46428,0,8,2,69,,46436,0,8,1,31,,46450,0,8,2,70,,46418,0,8,1,30,,46429,0,8,2,70,,46437,0,8,1,30,,46451,0,8,2,73,,46419,0,8,1,31,,46430,0,8,2,72,,46438,0,8,1,31,,46444,0,8,1,71,,46452,0,8,2,31,,46420,0,8,1,69,,46439,0,8,1,29,,46445,0,8,1,68,,46453,0,8,2,29,,46421,0,8,1,69,,46440,0,8,1,29,,46446,0,8,1,68,,46454,0,8,2,29,,46422,0,8,1,69,,46441,0,8,1,28,,46447,0,8,1,68,,46455,0,8,2,28,,46423,0,8,1,68,,46442,0,8,1,27,,46448,0,8,1,67,,46456,0,8,2,28,,46424,0,8,1,18,,46443,0,8,1
35503,'26J-H54J000A-80-A',2602,,71184,0,8,1,31,,71182,0,8,1,68,,71187,0,8,1,25,,71181,0,8,1,32,,71186,0,8,1,64,,71183,0,8,1,79,,71185,0,8,1,26,,71188,0,8,1
35503,'26J-H54J000I-80-I',2559,,71192,0,8,1,84,,71189,0,8,1,83,,71191,0,8,1,87,,71190,0,8,2,45,,71193,0,8,1,66,,71194,0,8,1
35503,'26J-H54J000S-83-S',2603,,71195,0,8,1,43,,71197,0,8,1,84,,71200,0,8,1,87,,71199,0,8,1,38,,71196,0,8,1,73,,71198,0,8,1
35503,'26J-H54JV00A-80-A',2602,,71203,0,8,1,31,,71202,0,8,1,68,,71205,0,8,1,25,,71201,0,8,1,32,,71208,0,8,1,64,,71207,0,8,1,79,,71204,0,8,1,26,,71206,0,8,1
35503,'26J-H54JV00I-80-I',2559,,71211,0,8,1,84,,71213,0,8,1,83,,71210,0,8,1,87,,71209,0,8,2,45,,71212,0,8,1,66,,71214,0,8,1
35503,'26J-H54JV00S-80-S',2603,,71217,0,8,1,43,,71215,0,8,1,84,,71220,0,8,1,87,,71219,0,8,1,38,,71218,0,8,1,73,,71216,0,8,1
