20103,'H60J000A-80-A',640,,68253,54,0,8,1,70,,68257,54,0,8,1,31,,68277,54,0,8,1,73,,68258,54,0,8,2,32,,68263,54,0,8,1,72,,68270,54,0,8,1,30,,68249,54,0,8,1,71,,68278,54,0,8,1,31,,68259,54,0,8,2,70,,68264,54,0,8,1,30,,68271,54,0,8,1,72,,68250,54,0,8,1,30,,68279,54,0,8,1,68,,68260,54,0,8,2,30,,68265,54,0,8,1,70,,68272,54,0,8,1,30,,68251,54,0,8,1,71,,68280,54,0,8,1,31,,68261,54,0,8,2,70,,68266,54,0,8,1,30,,68273,54,0,8,1,70,,68252,54,0,8,1,30,,68281,54,0,8,1,69,,68262,54,0,8,2,29,,68267,54,0,8,1,71,,68274,54,0,8,1,84,,68254,55,0,8,2,30,,68282,55,0,8,1,71,,68268,55,0,8,1,32,,68275,55,0,8,1,72,,68255,55,0,8,2,30,,68283,55,0,8,1,70,,68269,55,0,8,1,31,,68276,55,0,8,1,70,,68256,55,0,8,2
20103,'H60J000I-80-I',733,,68295,54,0,8,1,72,,68299,54,0,8,1,33,,68293,54,0,8,2,74,,68284,54,0,8,1,34,,68296,54,0,8,1,74,,68300,54,0,8,1,32,,68294,54,0,8,2,74,,68315,54,0,8,1,74,,68312,54,0,8,1,33,,68286,54,0,8,2,73,,68297,54,0,8,1,33,,68304,54,0,8,2,73,,68291,54,0,8,1,33,,68313,54,0,8,1,72,,68287,54,0,8,2,33,,68298,54,0,8,1,73,,68305,54,0,8,2,33,,68292,54,0,8,1,73,,68314,54,0,8,1,30,,68288,54,0,8,2,71,,68285,54,0,8,1,73,,68289,54,0,8,2,32,,68301,54,0,8,1,74,,68306,55,0,8,2,33,,68310,55,0,8,1,71,,68290,55,0,8,2,32,,68302,55,0,8,1,69,,68307,55,0,8,2,29,,68311,55,0,8,1,67,,68309,55,0,8,1,28,,68303,55,0,8,1,70,,68308,55,0,8,2
20103,'H60J000S-98-S',651,,68334,54,0,8,1,77,,68337,54,0,8,2,75,,68329,54,0,8,2,28,,68335,54,0,8,1,78,,68325,54,0,8,2,38,,68330,54,0,8,1,78,,68316,54,0,8,2,80,,68336,54,0,8,1,38,,68326,54,0,8,2,75,,68331,54,0,8,1,36,,68317,54,0,8,2,76,,68323,54,0,8,1,73,,68339,54,0,8,1,34,,68327,54,0,8,2,77,,68332,54,0,8,1,36,,68318,54,0,8,2,74,,68324,54,0,8,1,35,,68340,54,0,8,1,75,,68328,54,0,8,2,70,,68345,54,0,8,2,29,,68333,54,0,8,1,72,,68319,54,0,8,2,33,,68347,54,0,8,1,74,,68338,55,0,8,2,31,,68342,55,0,8,1,73,,68320,55,0,8,1,33,,68343,55,0,8,2,71,,68341,55,0,8,1,28,,68346,55,0,8,2,68,,68322,55,0,8,1,27,,68321,55,0,8,1,68,,68344,55,0,8,2
20103,'H60JV00A-80-A',640,,68349,54,0,8,1,70,,68348,54,0,8,1,31,,68362,54,0,8,1,73,,68350,54,0,8,2,32,,68355,54,0,8,1,72,,68369,54,0,8,1,30,,68376,54,0,8,1,71,,68363,54,0,8,1,31,,68351,54,0,8,2,70,,68356,54,0,8,1,30,,68370,54,0,8,1,72,,68377,54,0,8,1,30,,68364,54,0,8,1,68,,68352,54,0,8,2,30,,68357,54,0,8,1,70,,68371,54,0,8,1,30,,68378,54,0,8,1,71,,68365,54,0,8,1,31,,68353,54,0,8,2,70,,68358,54,0,8,1,30,,68372,54,0,8,1,70,,68379,54,0,8,1,30,,68366,54,0,8,1,69,,68354,54,0,8,2,29,,68359,54,0,8,1,71,,68373,54,0,8,1,84,,68380,55,0,8,2,30,,68367,55,0,8,1,71,,68360,55,0,8,1,32,,68374,55,0,8,1,72,,68381,55,0,8,2,30,,68368,55,0,8,1,70,,68361,55,0,8,1,31,,68375,55,0,8,1,70,,68382,55,0,8,2
20103,'H60JV00I-80-I',733,,68403,54,0,8,1,72,,68391,54,0,8,1,33,,68407,54,0,8,2,74,,68411,54,0,8,1,34,,68404,54,0,8,1,74,,68392,54,0,8,1,32,,68408,54,0,8,2,74,,68409,54,0,8,1,74,,68398,54,0,8,1,33,,68388,54,0,8,2,73,,68401,54,0,8,1,33,,68405,54,0,8,2,73,,68396,54,0,8,1,33,,68399,54,0,8,1,72,,68389,54,0,8,2,33,,68402,54,0,8,1,73,,68406,54,0,8,2,33,,68397,54,0,8,1,73,,68400,54,0,8,1,30,,68390,54,0,8,2,71,,68412,54,0,8,1,73,,68413,54,0,8,2,32,,68393,54,0,8,1,74,,68385,55,0,8,2,33,,68383,55,0,8,1,71,,68414,55,0,8,2,32,,68394,55,0,8,1,69,,68386,55,0,8,2,29,,68384,55,0,8,1,67,,68410,55,0,8,1,28,,68395,55,0,8,1,70,,68387,55,0,8,2
20103,'H60JV00S-98-S',651,,68445,54,0,8,1,77,,68426,54,0,8,2,75,,68425,54,0,8,2,28,,68415,54,0,8,1,78,,68421,54,0,8,2,38,,68428,54,0,8,1,78,,68417,54,0,8,2,80,,68416,54,0,8,1,38,,68422,54,0,8,2,75,,68429,54,0,8,1,36,,68418,54,0,8,2,76,,68432,54,0,8,1,73,,68434,54,0,8,1,34,,68423,54,0,8,2,77,,68430,54,0,8,1,36,,68419,54,0,8,2,74,,68433,54,0,8,1,35,,68435,54,0,8,1,75,,68424,54,0,8,2,70,,68427,54,0,8,2,29,,68431,54,0,8,1,72,,68420,54,0,8,2,33,,68437,54,0,8,1,74,,68442,55,0,8,2,31,,68441,55,0,8,1,73,,68438,55,0,8,1,33,,68443,55,0,8,2,71,,68436,55,0,8,1,28,,68440,55,0,8,2,68,,68446,55,0,8,1,27,,68439,55,0,8,1,68,,68444,55,0,8,2
20202,'H50J000S-83-S',1612,,68900,62,0,10,1
20202,'H50JV00S-82-S',1612,,68901,62,0,10,1
20202,'H60J000A-80-A',642,,68904,62,0,10,1,62,,68915,62,0,10,2,19,,68926,62,0,10,1,19,,68931,62,0,10,1,59,,68911,62,0,10,1,20,,68920,62,0,10,2,28,,68905,62,0,10,1,71,,68903,62,0,10,2,30,,68932,62,0,10,1,70,,68912,62,0,10,1,31,,68917,62,0,10,1,71,,68906,62,0,10,1,31,,68921,62,0,10,2,72,,68927,62,0,10,1,32,,68918,62,0,10,1,72,,68913,62,0,10,1,23,,68907,62,0,10,1,63,,68922,62,0,10,2,23,,68936,62,0,10,1,63,,68928,62,0,10,1,23,,68919,62,0,10,1,24,,68914,62,0,10,1,63,,68908,62,0,10,1,23,,68923,62,0,10,2,25,,68937,62,0,10,1,64,,68929,62,0,10,1,25,,68941,62,0,10,1,63,,68942,62,0,10,1,21,,68909,62,0,10,1,23,,68924,62,0,10,2,63,,68938,62,0,10,1,31,,68930,62,0,10,1,72,,68933,62,0,10,1,28,,68943,62,0,10,1,68,,68910,62,0,10,1,28,,68935,62,0,10,1,69,,68925,62,0,10,1,30,,68940,62,0,10,1,69,,68902,62,0,10,1,31,,68939,62,0,10,1,71,,68916,62,0,10,1,27,,68934,62,0,10,1
20202,'H60J000I-80-I',641,,68946,62,0,10,1,70,,68956,62,0,10,1,30,,68966,62,0,10,1,71,,68971,62,0,10,2,31,,68947,62,0,10,1,70,,68957,62,0,10,1,30,,68967,62,0,10,1,72,,68972,62,0,10,2,34,,68948,62,0,10,1,71,,68958,62,0,10,1,31,,68968,62,0,10,1,70,,68973,62,0,10,2,30,,68953,62,0,10,1,70,,68963,62,0,10,1,32,,68969,62,0,10,1,72,,68961,62,0,10,2,31,,68959,62,0,10,1,71,,68975,62,0,10,1,20,,68978,62,0,10,2,61,,68964,62,0,10,1,19,,68970,62,0,10,1,28,,68962,62,0,10,2,70,,68960,62,0,10,1,32,,68979,62,0,10,2,71,,68965,62,0,10,1,31,,68949,62,0,10,1,69,,68976,62,0,10,1,28,,68954,62,0,10,1,69,,68980,62,0,10,2,29,,68944,62,0,10,1,69,,68950,62,0,10,1,29,,68977,62,0,10,1,68,,68955,62,0,10,1,28,,68981,62,0,10,2,68,,68945,62,0,10,1,27,,68951,62,0,10,1,68,,68952,62,0,10,2,28,,68974,62,0,10,1
20202,'H60J000S-98-S',628,,68985,62,0,10,1,80,,68984,62,0,10,1,33,,68988,62,0,10,1,74,,68992,62,0,10,1,29,,69000,62,0,10,1,64,,68986,62,0,10,1,24,,68998,62,0,10,2,24,,68999,62,0,10,1,65,,68989,62,0,10,1,25,,68993,62,0,10,1,65,,69001,62,0,10,1,23,,68987,62,0,10,1,22,,68983,62,0,10,1,63,,68994,62,0,10,1,25,,68990,62,0,10,1,66,,69007,62,0,10,1,19,,68982,62,0,10,2,18,,69002,62,0,10,1,58,,69011,62,0,10,1,18,,69009,62,0,10,1,16,,69012,62,0,10,1,16,,68995,62,0,10,1,61,,68991,62,0,10,1,25,,69008,62,0,10,1,95,,69015,62,0,10,1,19,,69014,62,0,10,2,59,,69010,62,0,10,1,17,,69019,62,0,10,1,70,,69013,62,0,10,1,28,,69003,62,0,10,1,30,,68996,62,0,10,1,69,,69022,62,0,10,2,29,,69020,62,0,10,1,65,,69017,62,0,10,2,26,,69004,62,0,10,1,68,,68997,62,0,10,1,28,,69023,62,0,10,2,67,,69021,62,0,10,1,27,,69018,62,0,10,2,67,,69005,62,0,10,1,33,,69024,62,0,10,1,74,,69016,62,0,10,1,33,,69006,62,0,10,1
20202,'H60JV00A-80-A',642,,69031,62,0,10,1,62,,69028,62,0,10,2,19,,69034,62,0,10,1,19,,69060,62,0,10,1,59,,69058,62,0,10,1,20,,69045,62,0,10,2,28,,69032,62,0,10,1,71,,69030,62,0,10,2,30,,69061,62,0,10,1,70,,69059,62,0,10,1,31,,69062,62,0,10,1,71,,69036,62,0,10,1,31,,69046,62,0,10,2,72,,69041,62,0,10,1,32,,69065,62,0,10,1,72,,69063,62,0,10,1,23,,69037,62,0,10,1,63,,69047,62,0,10,2,23,,69052,62,0,10,1,63,,69042,62,0,10,1,23,,69066,62,0,10,1,24,,69064,62,0,10,1,63,,69038,62,0,10,1,23,,69048,62,0,10,2,25,,69053,62,0,10,1,64,,69043,62,0,10,1,25,,69056,62,0,10,1,63,,69050,62,0,10,1,21,,69039,62,0,10,1,23,,69049,62,0,10,2,63,,69054,62,0,10,1,31,,69044,62,0,10,1,72,,69027,62,0,10,1,28,,69051,62,0,10,1,68,,69040,62,0,10,1,28,,69033,62,0,10,1,69,,69026,62,0,10,1,30,,69057,62,0,10,1,69,,69035,62,0,10,1,31,,69055,62,0,10,1,71,,69029,62,0,10,1,27,,69025,62,0,10,1
20202,'H60JV00I-80-I',641,,69083,62,0,10,1,70,,69089,62,0,10,1,30,,69080,62,0,10,1,71,,69097,62,0,10,2,31,,69084,62,0,10,1,70,,69090,62,0,10,1,30,,69081,62,0,10,1,72,,69098,62,0,10,2,34,,69085,62,0,10,1,71,,69091,62,0,10,1,31,,69082,62,0,10,1,70,,69099,62,0,10,2,30,,69075,62,0,10,1,70,,69094,62,0,10,1,32,,69073,62,0,10,1,72,,69103,62,0,10,2,31,,69092,62,0,10,1,71,,69100,62,0,10,1,20,,69076,62,0,10,2,61,,69095,62,0,10,1,19,,69074,62,0,10,1,28,,69104,62,0,10,2,70,,69093,62,0,10,1,32,,69077,62,0,10,2,71,,69096,62,0,10,1,31,,69086,62,0,10,1,69,,69101,62,0,10,1,28,,69071,62,0,10,1,69,,69078,62,0,10,2,29,,69069,62,0,10,1,69,,69087,62,0,10,1,29,,69102,62,0,10,1,68,,69072,62,0,10,1,28,,69079,62,0,10,2,68,,69070,62,0,10,1,27,,69088,62,0,10,1,68,,69067,62,0,10,2,28,,69068,62,0,10,1
20202,'H60JV00S-98-S',628,,69124,62,0,10,1,80,,69105,62,0,10,1,33,,69110,62,0,10,1,74,,69134,62,0,10,1,29,,69137,62,0,10,1,64,,69125,62,0,10,1,24,,69123,62,0,10,2,24,,69136,62,0,10,1,65,,69111,62,0,10,1,25,,69135,62,0,10,1,65,,69138,62,0,10,1,23,,69126,62,0,10,1,22,,69145,62,0,10,1,63,,69130,62,0,10,1,25,,69112,62,0,10,1,66,,69140,62,0,10,1,19,,69106,62,0,10,2,18,,69139,62,0,10,1,58,,69143,62,0,10,1,18,,69116,62,0,10,1,16,,69108,62,0,10,1,16,,69131,62,0,10,1,61,,69113,62,0,10,1,25,,69141,62,0,10,1,95,,69107,62,0,10,1,19,,69109,62,0,10,1,59,,69117,62,0,10,1,17,,69118,62,0,10,1,70,,69142,62,0,10,1,28,,69127,62,0,10,1,30,,69132,62,0,10,1,69,,69121,62,0,10,2,29,,69119,62,0,10,1,65,,69114,62,0,10,2,26,,69128,62,0,10,1,68,,69133,62,0,10,1,28,,69122,62,0,10,2,67,,69120,62,0,10,1,27,,69115,62,0,10,2,67,,69129,62,0,10,1,33,,69147,62,0,10,1,74,,69144,62,0,10,1,33,,69146,62,0,10,1
48502,'H50J000S-83-S',614,,81159,3,0,10,1,39,,81164,3,0,10,1,70,,81153,3,0,10,1,33,,81158,3,0,10,1,70,,81165,3,0,10,1,32,,81160,3,0,10,1,72,,81169,3,0,10,2,72,,81154,3,0,10,1,30,,81173,3,0,10,2,69,,81166,3,0,10,1,28,,81161,3,0,10,1,28,,81170,3,0,10,2,69,,81155,3,0,10,1,29,,81174,3,0,10,2,70,,81167,3,0,10,1,31,,81162,3,0,10,1,73,,81171,3,0,10,2,80,,81156,3,0,10,1,33,,81177,3,0,10,1,4,,81188,2,0,10,1,5,,81175,3,0,10,2,51,,81168,3,0,10,1,15,,81179,3,0,10,1,16,,81163,3,0,10,1,16,,81181,3,0,10,1,56,,81176,3,0,10,1,15,,81183,3,0,10,1,14,,81172,3,0,10,2,14,,81184,3,0,10,1,54,,81157,3,0,10,1,14,,81185,3,0,10,1,13,,81178,3,0,10,1,15,,81186,3,0,10,1,14,,81180,3,0,10,1,54,,81187,3,0,10,1,15,,81182,3,0,10,1
48502,'H50JV00S-82-S',614,,81195,3,0,10,1,39,,81200,3,0,10,1,70,,81189,3,0,10,1,33,,81194,3,0,10,1,70,,81201,3,0,10,1,32,,81196,3,0,10,1,72,,81205,3,0,10,2,72,,81190,3,0,10,1,30,,81209,3,0,10,2,69,,81202,3,0,10,1,28,,81197,3,0,10,1,28,,81206,3,0,10,2,69,,81191,3,0,10,1,29,,81210,3,0,10,2,70,,81203,3,0,10,1,31,,81198,3,0,10,1,73,,81207,3,0,10,2,80,,81192,3,0,10,1,33,,81213,3,0,10,1,4,,81224,2,0,10,1,5,,81211,3,0,10,2,51,,81204,3,0,10,1,15,,81215,3,0,10,1,16,,81199,3,0,10,1,16,,81217,3,0,10,1,56,,81212,3,0,10,1,15,,81219,3,0,10,1,14,,81208,3,0,10,2,14,,81220,3,0,10,1,54,,81193,3,0,10,1,14,,81221,3,0,10,1,13,,81214,3,0,10,1,15,,81222,3,0,10,1,14,,81216,3,0,10,1,54,,81223,3,0,10,1,15,,81218,3,0,10,1
