1404,'H57J000A-80-A',849,,1736,19,0,9,1,90,,1737,19,0,9,1,90,,1725,19,0,9,1,90,,1726,19,0,9,1,91,,1727,19,0,9,1,93,,1728,19,0,9,1,50,,1729,19,0,9,1,91,,1730,19,0,9,1,92,,1731,19,0,9,1,92,,1732,19,0,9,1,92,,1733,19,0,9,1,92,,1734,19,0,9,1,92,,1735,19,0,9,1
1404,'H57J000I-80-I',940,,1738,19,0,9,1,92,,1739,19,0,9,1,93,,1740,19,0,9,1,91,,1741,19,0,9,1,90,,1742,19,0,9,1,51,,1743,19,0,9,1,91,,1744,19,0,9,1,91,,1745,19,0,9,1,90,,1746,19,0,9,1,92,,1747,19,0,9,1,91,,1748,19,0,9,1,91,,1749,19,0,9,1
1404,'H57J000S-81-S',612,,1750,19,0,9,1,33,,1754,19,0,9,1,66,,1751,19,0,9,1,25,,1762,19,0,9,2,65,,1755,19,0,9,1,24,,1752,19,0,9,1,23,,1763,19,0,9,2,65,,1756,19,0,9,1,24,,1753,19,0,9,1,70,,1764,19,0,9,1,29,,1757,19,0,9,1,68,,1765,19,0,9,1,27,,1758,19,0,9,1,27,,1766,19,0,9,1,67,,1759,19,0,9,1,27,,1767,19,0,9,1,68,,1760,19,0,9,1,28,,1768,19,0,9,1,69,,1761,19,0,9,1,29,,1769,19,0,9,1,71,,1776,19,0,9,1,31,,1773,19,0,9,2,63,,1770,19,0,9,1,23,,1777,19,0,9,1,67,,1774,19,0,9,2,28,,1771,19,0,9,1,28,,1778,19,0,9,1,64,,1775,19,0,9,2,24,,1772,19,0,9,1,70,,1779,19,0,9,1
1404,'H57JV00A-80-A',849,,1791,19,0,9,1,90,,1792,19,0,9,1,90,,1780,19,0,9,1,90,,1781,19,0,9,1,91,,1782,19,0,9,1,93,,1783,19,0,9,1,50,,1784,19,0,9,1,91,,1785,19,0,9,1,92,,1786,19,0,9,1,92,,1787,19,0,9,1,92,,1788,19,0,9,1,92,,1789,19,0,9,1,92,,1790,19,0,9,1
1404,'H57JV00I-80-I',940,,1793,19,0,9,1,92,,1794,19,0,9,1,93,,1795,19,0,9,1,91,,1796,19,0,9,1,90,,1797,19,0,9,1,51,,1798,19,0,9,1,91,,1799,19,0,9,1,91,,1800,19,0,9,1,90,,1801,19,0,9,1,92,,1802,19,0,9,1,91,,1803,19,0,9,1,91,,1804,19,0,9,1
1404,'H57JV00S-83-S',612,,1807,19,0,9,1,33,,1811,19,0,9,1,66,,1808,19,0,9,1,25,,1814,19,0,9,2,65,,1812,19,0,9,1,24,,1809,19,0,9,1,23,,1815,19,0,9,2,65,,1813,19,0,9,1,24,,1810,19,0,9,1,70,,1819,19,0,9,1,29,,1816,19,0,9,1,68,,1820,19,0,9,1,27,,1817,19,0,9,1,27,,1821,19,0,9,1,67,,1818,19,0,9,1,27,,1822,19,0,9,1,68,,1805,19,0,9,1,28,,1823,19,0,9,1,69,,1806,19,0,9,1,29,,1824,19,0,9,1,71,,1831,19,0,9,1,31,,1828,19,0,9,2,63,,1825,19,0,9,1,23,,1832,19,0,9,1,67,,1829,19,0,9,2,28,,1826,19,0,9,1,28,,1833,19,0,9,1,64,,1830,19,0,9,2,24,,1827,19,0,9,1,70,,1834,19,0,9,1
15002,'H59J000A-80-A',902,,52686,8,0,10,1,27,,52702,8,0,10,1,26,,52687,8,0,10,1,57,,52717,8,0,10,2,17,,52703,8,0,10,1,20,,52688,8,0,10,1,59,,52718,8,0,10,2,20,,52704,8,0,10,1,19,,52689,8,0,10,1,59,,52719,8,0,10,2,20,,52705,8,0,10,1,19,,52690,8,0,10,1,60,,52720,8,0,10,2,20,,52706,8,0,10,1,20,,52691,8,0,10,1,62,,52721,8,0,10,2,21,,52707,8,0,10,1,21,,52692,8,0,10,1,63,,52722,8,0,10,2,21,,52708,8,0,10,1,21,,52693,8,0,10,1,64,,52723,8,0,10,2,20,,52709,8,0,10,1,21,,52694,8,0,10,1,63,,52724,8,0,10,2,20,,52710,8,0,10,1,62,,52695,8,0,10,1,22,,52725,8,0,10,2,22,,52711,8,0,10,1,61,,52696,8,0,10,1,21,,52726,8,0,10,2,22,,52712,8,0,10,1,62,,52697,8,0,10,1,21,,52727,8,0,10,2,21,,52713,8,0,10,1,62,,52698,8,0,10,1,21,,52728,8,0,10,2,61,,52714,8,0,10,1,22,,52699,8,0,10,1,23,,52729,8,0,10,2,65,,52715,8,0,10,1,32,,52700,8,0,10,1,72,,52716,8,0,10,1,32,,52701,8,0,10,1
15002,'H59J000I-80-I',900,,52759,8,0,10,2,26,,52746,8,0,10,2,25,,52730,8,0,10,1,58,,52760,8,0,10,2,18,,52747,8,0,10,2,19,,52731,8,0,10,1,59,,52761,8,0,10,2,19,,52748,8,0,10,2,20,,52732,8,0,10,1,59,,52762,8,0,10,2,20,,52749,8,0,10,2,20,,52733,8,0,10,1,61,,52763,8,0,10,2,20,,52750,8,0,10,2,20,,52734,8,0,10,1,61,,52764,8,0,10,2,20,,52751,8,0,10,2,21,,52735,8,0,10,1,61,,52765,8,0,10,2,21,,52752,8,0,10,2,21,,52736,8,0,10,1,60,,52766,8,0,10,2,21,,52753,8,0,10,2,21,,52737,8,0,10,1,61,,52767,8,0,10,2,21,,52754,8,0,10,2,20,,52738,8,0,10,1,59,,52768,8,0,10,2,19,,52755,8,0,10,2,19,,52739,8,0,10,1,59,,52769,8,0,10,2,19,,52756,8,0,10,2,20,,52740,8,0,10,1,59,,52770,8,0,10,2,20,,52757,8,0,10,2,20,,52741,8,0,10,1,59,,52771,8,0,10,2,19,,52758,8,0,10,2,19,,52742,8,0,10,1,67,,52772,8,0,10,2,30,,52743,8,0,10,1,69,,52773,8,0,10,2,28,,52744,8,0,10,1,69,,52774,8,0,10,2,29,,52745,8,0,10,1
15002,'H59J000S-81-S',636,,52799,8,0,10,2,70,,52788,8,0,10,1,24,,52814,8,0,10,2,26,,52800,8,0,10,2,63,,52789,8,0,10,1,21,,52775,8,0,10,1,19,,52815,8,0,10,1,58,,52801,8,0,10,2,18,,52790,8,0,10,1,17,,52776,8,0,10,1,58,,52816,8,0,10,1,19,,52802,8,0,10,2,20,,52791,8,0,10,1,59,,52777,8,0,10,1,20,,52817,8,0,10,1,21,,52803,8,0,10,2,61,,52792,8,0,10,1,21,,52778,8,0,10,1,20,,52818,8,0,10,1,60,,52804,8,0,10,2,20,,52793,8,0,10,1,21,,52779,8,0,10,1,61,,52806,8,0,10,1,20,,52805,8,0,10,2,19,,52794,8,0,10,1,60,,52780,8,0,10,1,20,,52807,8,0,10,1,20,,52819,8,0,10,2,60,,52795,8,0,10,1,22,,52781,8,0,10,1,19,,52808,8,0,10,1,59,,52820,8,0,10,2,20,,52796,8,0,10,1,19,,52782,8,0,10,1,59,,52809,8,0,10,1,19,,52821,8,0,10,2,19,,52797,8,0,10,1,60,,52783,8,0,10,1,21,,52810,8,0,10,1,21,,52822,8,0,10,2,61,,52798,8,0,10,1,21,,52784,8,0,10,1,24,,52811,8,0,10,1,67,,52823,8,0,10,2,28,,52785,8,0,10,1,71,,52812,8,0,10,1,27,,52824,8,0,10,2,67,,52786,8,0,10,1,28,,52813,8,0,10,1,70,,52825,8,0,10,2,33,,52787,8,0,10,1
15002,'H59JV00A-80-A',902,,52841,8,0,10,1,27,,52857,8,0,10,1,26,,52842,8,0,10,1,57,,52828,8,0,10,2,17,,52858,8,0,10,1,20,,52843,8,0,10,1,59,,52829,8,0,10,2,20,,52859,8,0,10,1,19,,52844,8,0,10,1,59,,52830,8,0,10,2,20,,52860,8,0,10,1,19,,52845,8,0,10,1,60,,52831,8,0,10,2,20,,52861,8,0,10,1,20,,52846,8,0,10,1,62,,52832,8,0,10,2,21,,52862,8,0,10,1,21,,52847,8,0,10,1,63,,52833,8,0,10,2,21,,52863,8,0,10,1,21,,52848,8,0,10,1,64,,52834,8,0,10,2,20,,52864,8,0,10,1,21,,52849,8,0,10,1,63,,52835,8,0,10,2,20,,52865,8,0,10,1,62,,52850,8,0,10,1,22,,52836,8,0,10,2,22,,52866,8,0,10,1,61,,52851,8,0,10,1,21,,52837,8,0,10,2,22,,52867,8,0,10,1,62,,52852,8,0,10,1,21,,52838,8,0,10,2,21,,52868,8,0,10,1,62,,52853,8,0,10,1,21,,52839,8,0,10,2,61,,52869,8,0,10,1,22,,52854,8,0,10,1,23,,52840,8,0,10,2,65,,52826,8,0,10,1,32,,52855,8,0,10,1,72,,52827,8,0,10,1,32,,52856,8,0,10,1
15002,'H59JV00I-80-I',900,,52870,8,0,10,2,26,,52886,8,0,10,2,25,,52899,8,0,10,1,58,,52871,8,0,10,2,18,,52887,8,0,10,2,19,,52900,8,0,10,1,59,,52872,8,0,10,2,19,,52888,8,0,10,2,20,,52901,8,0,10,1,59,,52873,8,0,10,2,20,,52889,8,0,10,2,20,,52902,8,0,10,1,61,,52874,8,0,10,2,20,,52890,8,0,10,2,20,,52903,8,0,10,1,61,,52875,8,0,10,2,20,,52891,8,0,10,2,21,,52904,8,0,10,1,61,,52876,8,0,10,2,21,,52892,8,0,10,2,21,,52905,8,0,10,1,60,,52877,8,0,10,2,21,,52893,8,0,10,2,21,,52906,8,0,10,1,61,,52878,8,0,10,2,21,,52894,8,0,10,2,20,,52907,8,0,10,1,59,,52879,8,0,10,2,19,,52895,8,0,10,2,19,,52908,8,0,10,1,59,,52880,8,0,10,2,19,,52896,8,0,10,2,20,,52909,8,0,10,1,59,,52881,8,0,10,2,20,,52897,8,0,10,2,20,,52910,8,0,10,1,59,,52882,8,0,10,2,19,,52898,8,0,10,2,19,,52911,8,0,10,1,67,,52883,8,0,10,2,30,,52912,8,0,10,1,69,,52884,8,0,10,2,28,,52913,8,0,10,1,69,,52885,8,0,10,2,29,,52914,8,0,10,1
15002,'H59JV00S-83-S',636,,52916,8,0,10,2,70,,52938,8,0,10,1,24,,52915,8,0,10,2,26,,52917,8,0,10,2,63,,52939,8,0,10,1,21,,52953,8,0,10,1,19,,52949,8,0,10,1,58,,52918,8,0,10,2,18,,52940,8,0,10,1,17,,52954,8,0,10,1,58,,52950,8,0,10,1,19,,52919,8,0,10,2,20,,52941,8,0,10,1,59,,52955,8,0,10,1,20,,52951,8,0,10,1,21,,52920,8,0,10,2,61,,52942,8,0,10,1,21,,52956,8,0,10,1,20,,52952,8,0,10,1,60,,52921,8,0,10,2,20,,52943,8,0,10,1,21,,52957,8,0,10,1,61,,52923,8,0,10,1,20,,52922,8,0,10,2,19,,52944,8,0,10,1,60,,52958,8,0,10,1,20,,52924,8,0,10,1,20,,52931,8,0,10,2,60,,52945,8,0,10,1,22,,52959,8,0,10,1,19,,52925,8,0,10,1,59,,52932,8,0,10,2,20,,52946,8,0,10,1,19,,52960,8,0,10,1,59,,52926,8,0,10,1,19,,52933,8,0,10,2,19,,52947,8,0,10,1,60,,52961,8,0,10,1,21,,52927,8,0,10,1,21,,52934,8,0,10,2,61,,52948,8,0,10,1,21,,52962,8,0,10,1,24,,52928,8,0,10,1,67,,52935,8,0,10,2,28,,52963,8,0,10,1,71,,52929,8,0,10,1,27,,52936,8,0,10,2,67,,52964,8,0,10,1,28,,52930,8,0,10,1,70,,52937,8,0,10,2,33,,52965,8,0,10,1
35002,'H56J000A-80-A',2506,,74335,7,0,10,1,40,,74339,7,0,10,1,69,,74333,7,0,10,1,10,,74332,7,0,10,1,10,,74340,7,0,10,2,10,,74338,7,0,10,1,10,,74327,7,0,10,1,50,,74328,7,0,10,1,10,,74331,7,0,10,2,10,,74336,7,0,10,1,10,,74334,7,0,10,1,10,,74330,7,0,10,1,10,,74337,7,0,10,1,51,,74329,7,0,10,1,21,,74341,7,0,10,1
35002,'H56J000I-80-I',2503,,74342,7,0,10,1,28,,74346,7,0,10,1,26,,74345,7,0,10,2,67,,74349,7,0,10,2,27,,74348,7,0,10,1,66,,74343,7,0,10,1,26,,74344,7,0,10,1,66,,74347,7,0,10,1
35002,'H56J000S-80-S',2506,,74350,7,0,10,1,45,,74354,7,0,10,1,92,,74353,7,0,10,2,86,,74351,7,0,10,1,29,,74352,7,0,10,1,55,,74355,7,0,10,2
35002,'H56JV00A-80-A',2506,,74364,7,0,10,1,40,,74368,7,0,10,1,69,,74362,7,0,10,1,10,,74361,7,0,10,1,10,,74369,7,0,10,2,10,,74367,7,0,10,1,10,,74356,7,0,10,1,50,,74357,7,0,10,1,10,,74360,7,0,10,2,10,,74365,7,0,10,1,10,,74363,7,0,10,1,10,,74359,7,0,10,1,10,,74366,7,0,10,1,51,,74358,7,0,10,1,21,,74370,7,0,10,1
35002,'H56JV00I-80-I',2503,,74371,7,0,10,1,28,,74375,7,0,10,1,26,,74374,7,0,10,2,67,,74378,7,0,10,2,27,,74377,7,0,10,1,66,,74372,7,0,10,1,26,,74373,7,0,10,1,66,,74376,7,0,10,1
35002,'H56JV00S-80-S',2506,,74379,7,0,10,1,45,,74383,7,0,10,1,92,,74382,7,0,10,2,86,,74380,7,0,10,1,29,,74381,7,0,10,1,55,,74384,7,0,10,1
35504,'H54J000A-80-A',2603,,74545,58,0,9,1,44,,74550,58,0,9,2,84,,74547,58,0,9,1,85,,74549,58,0,9,1,85,,74546,58,0,9,1,25,,74548,58,0,9,1
35504,'H54J000I-80-I',2558,,74551,58,0,9,1,85,,74554,58,0,9,1,86,,74555,58,0,9,1,86,,74556,58,0,9,1,88,,74552,58,0,9,1,29,,74553,58,0,9,1
35504,'H54J000S-83-S',2603,,74561,58,0,9,1,43,,74559,58,0,9,1,85,,74557,58,0,9,1,87,,74558,58,0,9,1,84,,74562,58,0,9,1,32,,74560,58,0,9,1
35504,'H54JV00A-80-A',2603,,74563,58,0,9,1,44,,74567,58,0,9,2,84,,74565,58,0,9,1,85,,74566,58,0,9,1,85,,74564,58,0,9,1,25,,74568,58,0,9,1
35504,'H54JV00I-80-I',2558,,74570,58,0,9,1,85,,74574,58,0,9,1,86,,74572,58,0,9,1,86,,74573,58,0,9,1,88,,74571,58,0,9,1,29,,74569,58,0,9,1
35504,'H54JV00S-80-S',2603,,74579,58,0,9,1,43,,74577,58,0,9,1,85,,74576,58,0,9,1,87,,74575,58,0,9,1,84,,74580,58,0,9,1,32,,74578,58,0,9,1
35802,'H59J000A-80-A',2509,,74805,15,0,10,2,28,,74801,15,0,10,1,71,,74806,15,0,10,2,31,,74802,15,0,10,1,69,,74807,15,0,10,2,20,,74810,15,0,10,1,17,,74803,15,0,10,1,68,,74808,15,0,10,2,30,,74804,15,0,10,1,69,,74809,15,0,10,2
35802,'H59J000I-80-I',2509,,74815,15,0,10,2,30,,74811,15,0,10,1,70,,74816,15,0,10,2,30,,74812,15,0,10,1,70,,74817,15,0,10,2,30,,74813,15,0,10,1,70,,74818,15,0,10,2,30,,74814,15,0,10,1,70,,74819,15,0,10,2
35802,'H59J000S-81-S',2510,,74820,15,0,10,1,30,,74825,15,0,10,2,70,,74821,15,0,10,1,30,,74826,15,0,10,2,70,,74822,15,0,10,1,30,,74827,15,0,10,2,70,,74823,15,0,10,1,30,,74828,15,0,10,2,70,,74824,15,0,10,1
35802,'H59J000S-81-SV',2625,,74832,15,0,10,2,30,,74829,15,0,10,2,70,,74833,15,0,10,2,30,,74830,15,0,10,2,70,,74834,15,0,10,2,30,,74831,15,0,10,2
35802,'H59JV00A-80-A',2509,,74840,15,0,10,2,28,,74835,15,0,10,1,71,,74841,15,0,10,2,31,,74836,15,0,10,1,69,,74842,15,0,10,2,20,,74839,15,0,10,1,17,,74837,15,0,10,1,68,,74843,15,0,10,2,30,,74838,15,0,10,1,69,,74844,15,0,10,2
35802,'H59JV00I-80-I',2509,,74849,15,0,10,2,30,,74845,15,0,10,1,70,,74850,15,0,10,2,30,,74846,15,0,10,1,70,,74851,15,0,10,2,30,,74847,15,0,10,1,70,,74852,15,0,10,2,30,,74848,15,0,10,1,70,,74853,15,0,10,2
35802,'H59JV00S-83-S',2510,,74854,15,0,10,1,30,,74859,15,0,10,2,70,,74855,15,0,10,1,30,,74860,15,0,10,2,70,,74856,15,0,10,1,30,,74861,15,0,10,2,70,,74857,15,0,10,1,30,,74862,15,0,10,2,70,,74858,15,0,10,1
35802,'H59JV00S-83-SV',2625,,74866,15,0,10,2,30,,74863,15,0,10,2,70,,74867,15,0,10,2,30,,74864,15,0,10,2,70,,74868,15,0,10,2,30,,74865,15,0,10,2
36402,'H54J000A-80-A',2534,,75410,67,0,10,1,85,,75409,67,0,10,1,86,,75412,67,0,10,1,45,,75411,67,0,10,1,85,,75414,67,0,10,2,79,,75413,67,0,10,1
36402,'H54J000I-80-I',2534,,75415,67,0,10,1,85,,75416,67,0,10,2,85,,75419,67,0,10,1,46,,75417,67,0,10,1,84,,75418,67,0,10,1
36402,'H54J000S-83-S',2534,,75421,67,0,10,1,86,,75424,67,0,10,2,84,,75420,67,0,10,1,46,,75423,67,0,10,2,84,,75422,67,0,10,1
36402,'H54JV00A-80-A',2534,,75429,67,0,10,1,85,,75426,67,0,10,1,86,,75430,67,0,10,1,45,,75427,67,0,10,1,85,,75428,67,0,10,2,79,,75425,67,0,10,1
36402,'H54JV00I-80-I',2534,,75433,67,0,10,1,85,,75431,67,0,10,2,85,,75435,67,0,10,1,46,,75432,67,0,10,1,84,,75434,67,0,10,1
36402,'H54JV00S-80-S',2534,,75437,67,0,10,1,86,,75440,67,0,10,1,84,,75436,67,0,10,1,46,,75439,67,0,10,2,84,,75438,67,0,10,1
44502,'H51J000S-80-S',705,,79091,33,0,10,1,12,,79092,33,0,10,2,26,,79093,33,0,10,1,177,,79094,33,0,10,1
44502,'H51JV00S-84-S',705,,79096,33,0,10,1,12,,79097,33,0,10,2,26,,79098,33,0,10,1,177,,79095,33,0,10,1
44502,'H59J000S-81-S',730,,79102,33,0,10,1,27,,79103,33,0,10,2,52,,79105,33,0,10,2,15,,79101,33,0,10,2,15,,79100,33,0,10,2,14,,79106,33,0,10,2,54,,79104,33,0,10,2,28,,79099,33,0,10,1
44502,'H59JV00S-83-S',730,,79107,33,0,10,1,27,,79109,33,0,10,2,52,,79110,33,0,10,2,15,,79113,33,0,10,2,15,,79111,33,0,10,2,14,,79112,33,0,10,2,54,,79114,33,0,10,1,28,,79108,33,0,10,1
