20201,'H50J000S-83-S',1715,,68655,27,0,5,1
20201,'H50JV00S-82-S',1715,,68656,27,0,5,1
20201,'H56J000S-80-S',602,,68658,27,0,5,1
20201,'H56JV00S-80-S',602,,68660,27,0,5,1
20201,'H60J000A-80-A',620,,68675,27,0,5,1,31,,68682,27,0,5,2,71,,68668,27,0,5,1,30,,68667,27,0,5,2,70,,68692,27,0,5,1,30,,68676,27,0,5,1,70,,68679,27,0,5,1,30,,68670,27,0,5,1,71,,68683,27,0,5,2,32,,68688,27,0,5,1,71,,68680,27,0,5,1,30,,68677,27,0,5,1,63,,68671,27,0,5,1,23,,68684,27,0,5,2,63,,68695,27,0,5,1,21,,68689,27,0,5,1,24,,68681,27,0,5,1,64,,68678,27,0,5,1,23,,68672,27,0,5,1,63,,68685,27,0,5,2,23,,68696,27,0,5,1,23,,68690,27,0,5,1,57,,68702,27,0,5,1,17,,68666,27,0,5,1,19,,68704,27,0,5,1,19,,68673,27,0,5,1,61,,68686,27,0,5,2,23,,68697,27,0,5,1,64,,68691,27,0,5,1,26,,68703,27,0,5,1,25,,68705,27,0,5,1,70,,68674,27,0,5,1,31,,68693,27,0,5,1,70,,68669,27,0,5,1,31,,68700,27,0,5,1,68,,68664,27,0,5,1,29,,68698,27,0,5,1,69,,68694,27,0,5,1,31,,68687,27,0,5,1,68,,68701,27,0,5,1,29,,68665,27,0,5,1,69,,68699,27,0,5,1
20201,'H60J000I-80-I',722,,68707,27,0,5,1,30,,68716,27,0,5,1,70,,68727,27,0,5,1,31,,68731,27,0,5,2,71,,68708,27,0,5,1,30,,68717,27,0,5,1,71,,68728,27,0,5,1,31,,68732,27,0,5,2,70,,68713,27,0,5,1,29,,68723,27,0,5,1,69,,68729,27,0,5,1,29,,68721,27,0,5,2,71,,68718,27,0,5,1,32,,68734,27,0,5,1,69,,68724,27,0,5,1,31,,68730,27,0,5,1,71,,68722,27,0,5,2,30,,68719,27,0,5,1,73,,68737,27,0,5,2,72,,68725,27,0,5,1,32,,68709,27,0,5,1,73,,68720,27,0,5,1,30,,68738,27,0,5,2,71,,68726,27,0,5,1,30,,68710,27,0,5,1,69,,68735,27,0,5,1,28,,68714,27,0,5,1,69,,68739,27,0,5,2,29,,68706,27,0,5,1,69,,68711,27,0,5,1,28,,68736,27,0,5,1,28,,68715,27,0,5,1,68,,68740,27,0,5,2,26,,68733,27,0,5,1,67,,68712,27,0,5,1
20201,'H60J000S-98-S',628,,68750,27,0,5,1,29,,68760,27,0,5,1,63,,68743,27,0,5,1,23,,68757,27,0,5,2,67,,68758,27,0,5,1,27,,68747,27,0,5,1,68,,68751,27,0,5,1,27,,68761,27,0,5,1,24,,68744,27,0,5,1,64,,68742,27,0,5,1,24,,68759,27,0,5,1,65,,68748,27,0,5,1,25,,68767,27,0,5,1,70,,68762,27,0,5,1,32,,68745,27,0,5,1,72,,68752,27,0,5,1,26,,68749,27,0,5,1,25,,68768,27,0,5,1,63,,68741,27,0,5,2,27,,68746,27,0,5,1,68,,68769,27,0,5,1,29,,68753,27,0,5,1,69,,68770,27,0,5,2,27,,68763,27,0,5,1,106,,68772,27,0,5,2,71,,68776,27,0,5,1,29,,68773,27,0,5,2,69,,68764,27,0,5,1,29,,68755,27,0,5,1,67,,68779,27,0,5,2,26,,68777,27,0,5,1,67,,68774,27,0,5,2,27,,68765,27,0,5,1,26,,68756,27,0,5,1,67,,68780,27,0,5,2,27,,68778,27,0,5,1,67,,68775,27,0,5,2,26,,68766,27,0,5,1,76,,68781,27,0,5,1
20201,'H60JV00A-80-A',620,,68816,27,0,5,1,31,,68799,27,0,5,2,71,,68784,27,0,5,1,30,,68783,27,0,5,2,70,,68818,27,0,5,1,30,,68817,27,0,5,1,70,,68819,27,0,5,1,30,,68790,27,0,5,1,71,,68800,27,0,5,2,32,,68795,27,0,5,1,71,,68822,27,0,5,1,30,,68820,27,0,5,1,63,,68791,27,0,5,1,23,,68801,27,0,5,2,63,,68806,27,0,5,1,21,,68796,27,0,5,1,24,,68823,27,0,5,1,64,,68821,27,0,5,1,23,,68792,27,0,5,1,63,,68802,27,0,5,2,23,,68807,27,0,5,1,23,,68797,27,0,5,1,57,,68811,27,0,5,1,17,,68815,27,0,5,1,19,,68804,27,0,5,1,19,,68793,27,0,5,1,61,,68803,27,0,5,2,23,,68808,27,0,5,1,64,,68798,27,0,5,1,26,,68812,27,0,5,1,25,,68805,27,0,5,1,70,,68794,27,0,5,1,31,,68786,27,0,5,1,70,,68785,27,0,5,1,31,,68813,27,0,5,1,68,,68788,27,0,5,1,29,,68809,27,0,5,1,69,,68787,27,0,5,1,31,,68782,27,0,5,1,68,,68814,27,0,5,1,29,,68789,27,0,5,1,69,,68810,27,0,5,1
20201,'H60JV00I-80-I',722,,68836,27,0,5,1,30,,68842,27,0,5,1,70,,68834,27,0,5,1,31,,68851,27,0,5,2,71,,68837,27,0,5,1,30,,68843,27,0,5,1,71,,68835,27,0,5,1,31,,68852,27,0,5,2,70,,68829,27,0,5,1,29,,68847,27,0,5,1,69,,68827,27,0,5,1,29,,68856,27,0,5,2,71,,68844,27,0,5,1,32,,68853,27,0,5,1,69,,68848,27,0,5,1,31,,68828,27,0,5,1,71,,68857,27,0,5,2,30,,68845,27,0,5,1,73,,68830,27,0,5,2,72,,68849,27,0,5,1,32,,68838,27,0,5,1,73,,68846,27,0,5,1,30,,68831,27,0,5,2,71,,68850,27,0,5,1,30,,68839,27,0,5,1,69,,68854,27,0,5,1,28,,68825,27,0,5,1,69,,68832,27,0,5,2,29,,68824,27,0,5,1,69,,68840,27,0,5,1,28,,68855,27,0,5,1,28,,68826,27,0,5,1,68,,68833,27,0,5,2,26,,68858,27,0,5,1,67,,68841,27,0,5,1
20201,'H60JV00S-98-S',628,,68887,27,0,5,1,29,,68891,27,0,5,1,63,,68875,27,0,5,1,23,,68874,27,0,5,2,67,,68889,27,0,5,1,27,,68862,27,0,5,1,68,,68888,27,0,5,1,27,,68892,27,0,5,1,24,,68876,27,0,5,1,64,,68898,27,0,5,1,24,,68890,27,0,5,1,65,,68863,27,0,5,1,25,,68894,27,0,5,1,70,,68893,27,0,5,1,32,,68877,27,0,5,1,72,,68882,27,0,5,1,26,,68864,27,0,5,1,25,,68895,27,0,5,1,63,,68860,27,0,5,2,27,,68859,27,0,5,1,68,,68868,27,0,5,1,29,,68883,27,0,5,1,69,,68897,27,0,5,2,27,,68878,27,0,5,1,106,,68861,27,0,5,1,71,,68869,27,0,5,1,29,,68865,27,0,5,2,69,,68879,27,0,5,1,29,,68885,27,0,5,1,67,,68872,27,0,5,2,26,,68870,27,0,5,1,67,,68866,27,0,5,2,27,,68880,27,0,5,1,26,,68886,27,0,5,1,67,,68873,27,0,5,2,27,,68871,27,0,5,1,67,,68867,27,0,5,2,26,,68881,27,0,5,1,76,,68899,27,0,5,1
