'26J-H56J000S-80-S',20302,101350,0,'Ouest',1,70290,0,'Ouest',1,13170,0,'Ouest',1
'26J-H56JV00S-80-S',20302,101350,0,'Ouest',1,70290,0,'Ouest',1,13170,0,'Ouest',1
'26J-H60J000A-80-A',20302,61720,0,'Ouest',1,2900,0,'Ouest',2,6930,0,'Ouest',1,3000,0,'Ouest',1,7000,0,'Ouest',2,3100,0,'Ouest',1,7000,0,'Ouest',1,3100,0,'Ouest',2,7260,0,'Ouest',1,3300,0,'Ouest',1,7300,0,'Ouest',2,3200,0,'Ouest',1,6900,0,'Ouest',2,2900,0,'Ouest',1,6900,0,'Ouest',2,2900,0,'Ouest',1,6900,0,'Ouest',2,2900,0,'Ouest',1,6900,0,'Ouest',2,3000,0,'Ouest',1,7100,0,'Ouest',2,3100,0,'Ouest',1,7200,0,'Ouest',2,3200,0,'Ouest',1,7200,0,'Ouest',1,3000,0,'Ouest',2,7000,0,'Ouest',1,2900,0,'Ouest',1,7000,0,'Ouest',2,2840,0,'Ouest',1,6900,0,'Ouest',1,2900,0,'Ouest',2,6870,0,'Ouest',1,2800,0,'Ouest',1,6800,0,'Ouest',2,2800,0,'Ouest',1
'26J-H60J000I-80-I',20302,71750,0,'Ouest',1,3000,0,'Ouest',1,7000,0,'Ouest',2,3000,0,'Ouest',1,6900,0,'Ouest',1,2900,0,'Ouest',2,6900,0,'Ouest',1,3000,0,'Ouest',1,7000,0,'Ouest',2,3000,0,'Ouest',1,7000,0,'Ouest',1,3000,0,'Ouest',2,7000,0,'Ouest',1,3200,0,'Ouest',1,7000,0,'Ouest',2,3000,0,'Ouest',1,7200,0,'Ouest',1,3000,0,'Ouest',2,7100,0,'Ouest',1,3100,0,'Ouest',1,7000,0,'Ouest',2,3000,0,'Ouest',1,7000,0,'Ouest',1,2900,0,'Ouest',2,6900,0,'Ouest',1,2900,0,'Ouest',1,7000,0,'Ouest',2,3000,0,'Ouest',1,7000,0,'Ouest',1,3000,0,'Ouest',2,7000,0,'Ouest',1,2970,0,'Ouest',1,7000,0,'Ouest',2,3000,0,'Ouest',1
'26J-H60J000S-98-S',20302,60250,0,'Ouest',1,3700,0,'Ouest',2,7660,0,'Ouest',1,2900,0,'Ouest',1,6800,0,'Ouest',2,3000,0,'Ouest',2,6800,0,'Ouest',1,3040,0,'Ouest',1,10500,0,'Ouest',1,7300,0,'Ouest',1,3300,0,'Ouest',1,7300,0,'Ouest',1,3300,0,'Ouest',1,7000,0,'Ouest',1,2900,0,'Ouest',1,6900,0,'Ouest',1,2900,0,'Ouest',1,7390,0,'Ouest',1,7300,0,'Ouest',1,3300,0,'Ouest',1,2200,0,'Ouest',2,7800,0,'Ouest',1,2000,0,'Ouest',1,6400,0,'Ouest',1,9910,0,'Ouest',1,3100,0,'Ouest',1,7000,0,'Ouest',1,3100,0,'Ouest',1,7100,0,'Ouest',1,3000,0,'Ouest',1,6970,0,'Ouest',1,3000,0,'Ouest',1,6800,0,'Ouest',1,2800,0,'Ouest',1
'26J-H60JV00A-80-A',20302,61720,0,'Ouest',1,2900,0,'Ouest',2,6930,0,'Ouest',1,3000,0,'Ouest',1,7000,0,'Ouest',2,3100,0,'Ouest',1,7000,0,'Ouest',1,3100,0,'Ouest',2,7260,0,'Ouest',1,3300,0,'Ouest',1,7300,0,'Ouest',2,3200,0,'Ouest',1,6900,0,'Ouest',2,2900,0,'Ouest',1,6900,0,'Ouest',2,2900,0,'Ouest',1,6900,0,'Ouest',2,2900,0,'Ouest',1,6900,0,'Ouest',2,3000,0,'Ouest',1,7100,0,'Ouest',2,3100,0,'Ouest',1,7200,0,'Ouest',2,3200,0,'Ouest',1,7200,0,'Ouest',1,3000,0,'Ouest',2,7000,0,'Ouest',1,2900,0,'Ouest',1,7000,0,'Ouest',2,2840,0,'Ouest',1,6900,0,'Ouest',1,2900,0,'Ouest',2,6870,0,'Ouest',1,2800,0,'Ouest',1,6800,0,'Ouest',2,2800,0,'Ouest',1
'26J-H60JV00I-80-I',20302,71750,0,'Ouest',1,3000,0,'Ouest',1,7000,0,'Ouest',2,3000,0,'Ouest',1,6900,0,'Ouest',1,2900,0,'Ouest',2,6900,0,'Ouest',1,3000,0,'Ouest',1,7000,0,'Ouest',2,3000,0,'Ouest',1,7000,0,'Ouest',1,3000,0,'Ouest',2,7000,0,'Ouest',1,3200,0,'Ouest',1,7000,0,'Ouest',2,3000,0,'Ouest',1,7200,0,'Ouest',1,3000,0,'Ouest',2,7100,0,'Ouest',1,3100,0,'Ouest',1,7000,0,'Ouest',2,3000,0,'Ouest',1,7000,0,'Ouest',1,2900,0,'Ouest',2,6900,0,'Ouest',1,2900,0,'Ouest',1,7000,0,'Ouest',2,3000,0,'Ouest',1,7000,0,'Ouest',1,3000,0,'Ouest',2,7000,0,'Ouest',1,2970,0,'Ouest',1,7000,0,'Ouest',2,3000,0,'Ouest',1
'26J-H60JV00S-98-S',20302,60250,0,'Ouest',1,3700,0,'Ouest',2,7660,0,'Ouest',1,2900,0,'Ouest',1,6800,0,'Ouest',2,3000,0,'Ouest',2,6800,0,'Ouest',1,3040,0,'Ouest',1,10500,0,'Ouest',1,7300,0,'Ouest',1,3300,0,'Ouest',1,7300,0,'Ouest',1,3300,0,'Ouest',1,7000,0,'Ouest',1,2900,0,'Ouest',1,6900,0,'Ouest',1,2900,0,'Ouest',1,7390,0,'Ouest',1,7300,0,'Ouest',1,3300,0,'Ouest',1,2200,0,'Ouest',2,7800,0,'Ouest',1,2000,0,'Ouest',1,6400,0,'Ouest',1,9910,0,'Ouest',1,3100,0,'Ouest',1,7000,0,'Ouest',1,3100,0,'Ouest',1,7100,0,'Ouest',1,3000,0,'Ouest',1,6970,0,'Ouest',1,3000,0,'Ouest',1,6800,0,'Ouest',1,2800,0,'Ouest',1
'26J-H56J000A-80-A',21102,54020,0,'Ouest',2,7000,0,'Ouest',1,2800,0,'Ouest',1,6800,0,'Ouest',2,2800,0,'Ouest',1,6720,0,'Ouest',2,2700,0,'Ouest',1,2700,0,'Ouest',1,6900,0,'Ouest',2,3010,0,'Ouest',1,7100,0,'Ouest',2,2900,0,'Ouest',1,6900,0,'Ouest',2,2500,0,'Ouest',2,6200,0,'Ouest',1,2100,0,'Ouest',1,2100,0,'Ouest',2,6000,0,'Ouest',1,2060,0,'Ouest',1,2000,0,'Ouest',2,6000,0,'Ouest',2,2000,0,'Ouest',1,2000,0,'Ouest',1,6000,0,'Ouest',2,1900,0,'Ouest',2,1900,0,'Ouest',2,5800,0,'Ouest',1,1900,0,'Ouest',2,1800,0,'Ouest',2,5800,0,'Ouest',1,1700,0,'Ouest',1,1700,0,'Ouest',2,1700,0,'Ouest',2,5640,0,'Ouest',2,1700,0,'Ouest',1,1700,0,'Ouest',2,6100,0,'Ouest',2,2300,0,'Ouest',1,2200,0,'Ouest',1,5990,0,'Ouest',2,1900,0,'Ouest',1,2000,0,'Ouest',1,5900,0,'Ouest',2,1900,0,'Ouest',2,3100,0,'Ouest',1,7000,0,'Ouest',1,7200,0,'Ouest',2,3300,0,'Ouest',1,7200,0,'Ouest',1,3100,0,'Ouest',1,6980,0,'Ouest',2,3000,0,'Ouest',1,6700,0,'Ouest',1
'26J-H56J000I-80-I',21102,54820,0,'Ouest',2,7100,0,'Ouest',1,3100,0,'Ouest',2,7020,0,'Ouest',1,3100,0,'Ouest',2,7000,0,'Ouest',1,3100,0,'Ouest',2,7200,0,'Ouest',1,3110,0,'Ouest',2,7100,0,'Ouest',1,3000,0,'Ouest',1,7000,0,'Ouest',2,2800,0,'Ouest',1,6800,0,'Ouest',2,2600,0,'Ouest',1,6400,0,'Ouest',2,2200,0,'Ouest',1,2000,0,'Ouest',2,6200,0,'Ouest',1,2300,0,'Ouest',2,6300,0,'Ouest',1,2300,0,'Ouest',2,2200,0,'Ouest',1,6200,0,'Ouest',2,2000,0,'Ouest',1,1800,0,'Ouest',2,5860,0,'Ouest',2,1800,0,'Ouest',1,1740,0,'Ouest',2,5900,0,'Ouest',1,2200,0,'Ouest',2,2600,0,'Ouest',1,6700,0,'Ouest',2,2800,0,'Ouest',1,6800,0,'Ouest',1,2800,0,'Ouest',2,6800,0,'Ouest',1,2800,0,'Ouest',2,6770,0,'Ouest',1,3200,0,'Ouest',1,7100,0,'Ouest',2,3200,0,'Ouest',1,7200,0,'Ouest',1,3000,0,'Ouest',1,7000,0,'Ouest',2,3000,0,'Ouest',1
'26J-H56J000S-80-S',21102,54020,0,'Ouest',1,1800,0,'Ouest',1,6000,0,'Ouest',2,2430,0,'Ouest',1,6000,0,'Ouest',2,2260,0,'Ouest',2,1800,0,'Ouest',1,6240,0,'Ouest',2,2300,0,'Ouest',2,2300,0,'Ouest',1,5000,0,'Ouest',2,2200,0,'Ouest',2,2200,0,'Ouest',2,6700,0,'Ouest',1,3100,0,'Ouest',1,7200,0,'Ouest',2,3200,0,'Ouest',1,7100,0,'Ouest',1,3400,0,'Ouest',1,7500,0,'Ouest',1,7300,0,'Ouest',1,3300,0,'Ouest',1,7100,0,'Ouest',1,3280,0,'Ouest',1,7000,0,'Ouest',1,3300,0,'Ouest',1,7000,0,'Ouest',1,2800,0,'Ouest',2,6400,0,'Ouest',2,2320,0,'Ouest',1,2490,0,'Ouest',1,6300,0,'Ouest',2,1900,0,'Ouest',2,1300,0,'Ouest',1,1300,0,'Ouest',2,5300,0,'Ouest',1,1200,0,'Ouest',1,1400,0,'Ouest',1,1500,0,'Ouest',1,5600,0,'Ouest',1,1600,0,'Ouest',1,1600,0,'Ouest',2,1700,0,'Ouest',2,6000,0,'Ouest',1,2100,0,'Ouest',1,2100,0,'Ouest',2,6100,0,'Ouest',1,2680,0,'Ouest',1,6800,0,'Ouest',1,2800,0,'Ouest',1,6800,0,'Ouest',1,2800,0,'Ouest',1
'26J-H56JV00A-80-A',21102,54020,0,'Ouest',2,7000,0,'Ouest',1,2800,0,'Ouest',1,6800,0,'Ouest',2,2800,0,'Ouest',1,6720,0,'Ouest',2,2700,0,'Ouest',1,2700,0,'Ouest',1,6900,0,'Ouest',2,3010,0,'Ouest',1,7100,0,'Ouest',2,2900,0,'Ouest',1,6900,0,'Ouest',2,2500,0,'Ouest',2,6200,0,'Ouest',1,2100,0,'Ouest',1,2100,0,'Ouest',2,6000,0,'Ouest',1,2060,0,'Ouest',1,2000,0,'Ouest',2,6000,0,'Ouest',2,2000,0,'Ouest',1,2000,0,'Ouest',1,6000,0,'Ouest',2,1900,0,'Ouest',2,1900,0,'Ouest',2,5800,0,'Ouest',1,1900,0,'Ouest',2,1800,0,'Ouest',2,5800,0,'Ouest',1,1700,0,'Ouest',1,1700,0,'Ouest',2,1700,0,'Ouest',2,5640,0,'Ouest',2,1700,0,'Ouest',1,1700,0,'Ouest',2,6100,0,'Ouest',2,2300,0,'Ouest',1,2200,0,'Ouest',1,5990,0,'Ouest',2,1900,0,'Ouest',1,2000,0,'Ouest',1,5900,0,'Ouest',2,1900,0,'Ouest',2,3100,0,'Ouest',1,7000,0,'Ouest',1,7200,0,'Ouest',2,3300,0,'Ouest',1,7200,0,'Ouest',1,3100,0,'Ouest',1,6980,0,'Ouest',2,3000,0,'Ouest',1,6700,0,'Ouest',1
'26J-H56JV00I-80-I',21102,54820,0,'Ouest',2,7100,0,'Ouest',1,3100,0,'Ouest',2,7020,0,'Ouest',1,3100,0,'Ouest',2,7000,0,'Ouest',1,3100,0,'Ouest',2,7200,0,'Ouest',1,3110,0,'Ouest',2,7100,0,'Ouest',1,3000,0,'Ouest',1,7000,0,'Ouest',2,2800,0,'Ouest',1,6800,0,'Ouest',2,2600,0,'Ouest',1,6400,0,'Ouest',2,2200,0,'Ouest',1,2000,0,'Ouest',2,6200,0,'Ouest',1,2300,0,'Ouest',2,6300,0,'Ouest',1,2300,0,'Ouest',2,2200,0,'Ouest',1,6200,0,'Ouest',2,2000,0,'Ouest',1,1800,0,'Ouest',2,5860,0,'Ouest',2,1800,0,'Ouest',1,1740,0,'Ouest',2,5900,0,'Ouest',1,2200,0,'Ouest',2,2600,0,'Ouest',1,6700,0,'Ouest',2,2800,0,'Ouest',1,6800,0,'Ouest',1,2800,0,'Ouest',2,6800,0,'Ouest',1,2800,0,'Ouest',2,6770,0,'Ouest',1,3200,0,'Ouest',1,7100,0,'Ouest',2,3200,0,'Ouest',1,7200,0,'Ouest',1,3000,0,'Ouest',1,7000,0,'Ouest',2,3000,0,'Ouest',1
'26J-H56JV00S-80-S',21102,54020,0,'Ouest',1,1800,0,'Ouest',1,6000,0,'Ouest',2,2430,0,'Ouest',1,6000,0,'Ouest',2,2260,0,'Ouest',2,1800,0,'Ouest',1,6240,0,'Ouest',2,2300,0,'Ouest',2,2300,0,'Ouest',1,5000,0,'Ouest',1,2200,0,'Ouest',1,2200,0,'Ouest',2,6700,0,'Ouest',1,3100,0,'Ouest',1,7200,0,'Ouest',2,3200,0,'Ouest',1,7100,0,'Ouest',1,3400,0,'Ouest',1,7500,0,'Ouest',1,7300,0,'Ouest',1,3300,0,'Ouest',1,7100,0,'Ouest',1,3280,0,'Ouest',1,7000,0,'Ouest',1,3300,0,'Ouest',1,7000,0,'Ouest',1,2800,0,'Ouest',1,6400,0,'Ouest',1,2320,0,'Ouest',1,2490,0,'Ouest',1,6300,0,'Ouest',1,1900,0,'Ouest',2,1300,0,'Ouest',1,1300,0,'Ouest',1,5300,0,'Ouest',1,1200,0,'Ouest',1,1400,0,'Ouest',1,1500,0,'Ouest',1,5600,0,'Ouest',1,1600,0,'Ouest',1,1600,0,'Ouest',1,1700,0,'Ouest',2,6000,0,'Ouest',1,2100,0,'Ouest',1,2100,0,'Ouest',1,6100,0,'Ouest',1,2680,0,'Ouest',1,6800,0,'Ouest',1,2800,0,'Ouest',1,6800,0,'Ouest',1,2800,0,'Ouest',1
'26J-H50J000S-83-S',42502,150040,0,'Ouest',1,2100,0,'Ouest',2,2100,0,'Ouest',1
'26J-H50JV00S-82-S',42502,150040,0,'Ouest',1,2100,0,'Ouest',2,2100,0,'Ouest',1
'26J-H56J000S-80-S',42502,121940,0,'Ouest',1,2900,0,'Ouest',1,7300,0,'Ouest',1,2300,0,'Ouest',1,6500,0,'Ouest',1,2500,0,'Ouest',1,16760,0,'Ouest',1,2250,0,'Ouest',2,2200,0,'Ouest',1,5800,0,'Ouest',1,4290,0,'Ouest',1,7400,0,'Ouest',2,2000,0,'Ouest',1,1600,0,'Ouest',1,6300,0,'Ouest',2
'26J-H56JV00S-80-S',42502,121940,0,'Ouest',1,2900,0,'Ouest',1,7300,0,'Ouest',1,2300,0,'Ouest',1,6500,0,'Ouest',1,2500,0,'Ouest',1,16760,0,'Ouest',1,2250,0,'Ouest',1,2200,0,'Ouest',1,5800,0,'Ouest',1,4290,0,'Ouest',1,7400,0,'Ouest',2,2000,0,'Ouest',1,1600,0,'Ouest',1,6300,0,'Ouest',2
'26J-H60J000S-98-S',42502,172650,0,'Ouest',2,7690,0,'Ouest',1
'26J-H60JV00S-98-S',42502,172650,0,'Ouest',2,7690,0,'Ouest',1
