9301,'H50M000A-70-A',509,,114934,2,,,1,28,,114954,2,,,1,70,,114935,2,,,1,30,,114925,2,,,1,71,,114936,2,,,1,31,,114926,2,,,1,70,,114937,2,,,1,30,,114927,2,,,1,70,,114938,2,,,1,31,,114928,2,,,1,71,,114939,2,,,1,31,,114929,2,,,1,71,,114940,2,,,1,31,,114930,2,,,1,72,,114941,2,,,1,33,,114931,2,,,1,73,,114942,2,,,1,33,,114932,2,,,1,73,,114943,2,,,1,72,,114933,2,,,1,26,,114944,2,,,1,33,,114915,2,,,2,72,,114945,2,,,1,72,,114916,2,,,2,32,,114946,2,,,1,69,,114917,2,,,2,30,,114947,2,,,1,70,,114918,2,,,2,30,,114948,2,,,1,70,,114919,2,,,2,29,,114949,2,,,1,69,,114920,2,,,2,29,,114950,2,,,1,70,,114921,2,,,2,30,,114951,2,,,1,70,,114922,2,,,2,30,,114952,2,,,1,70,,114923,2,,,2,30,,114953,2,,,1,70,,114924,2,,,2
9301,'H50M000I-70-I',508,,114956,2,,,1,29,,114955,2,,,1,69,,114957,2,,,1,30,,114968,2,,,1,70,,114958,2,,,1,30,,114969,2,,,1,70,,114959,2,,,1,30,,114970,2,,,1,70,,114960,2,,,1,30,,114971,2,,,1,70,,114961,2,,,1,30,,114972,2,,,1,70,,114962,2,,,1,30,,114973,2,,,1,70,,114963,2,,,1,30,,114974,2,,,1,70,,114964,2,,,1,31,,114975,2,,,1,70,,114965,2,,,1,30,,114976,2,,,1,70,,114966,2,,,1,30,,114977,2,,,1,72,,114967,2,,,1,29,,114978,2,,,1,71,,114979,2,,,1,29,,114988,2,,,1,71,,114980,2,,,1,29,,114989,2,,,1,70,,114981,2,,,1,30,,114990,2,,,1,70,,114982,2,,,1,30,,114991,2,,,1,70,,114983,2,,,1,30,,114992,2,,,1,70,,114984,2,,,1,30,,114993,2,,,1,70,,114985,2,,,1,30,,114994,2,,,1,70,,114986,2,,,1,30,,114995,2,,,1,70,,114987,2,,,1
9301,'H50M000S-70-S',508,,114996,2,,,1,30,,115009,2,,,2,64,,114997,2,,,1,23,,115010,2,,,2,24,,114998,2,,,1,65,,115011,2,,,2,28,,114999,2,,,1,70,,115012,2,,,2,30,,115000,2,,,1,71,,115013,2,,,2,31,,115001,2,,,1,70,,115014,2,,,2,29,,115002,2,,,1,71,,115015,2,,,2,30,,115003,2,,,1,71,,115016,2,,,2,31,,115004,2,,,1,72,,115017,2,,,2,32,,115005,2,,,1,72,,115018,2,,,2,33,,115006,2,,,1,73,,115019,2,,,2,107,,115007,2,,,1,72,,115035,2,,,1,31,,115036,2,,,1,72,,115008,2,,,1,30,,115020,2,,,1,69,,115028,2,,,2,29,,115021,2,,,1,69,,115029,2,,,2,29,,115022,2,,,1,67,,115030,2,,,2,27,,115023,2,,,1,26,,115031,2,,,2,66,,115024,2,,,1,26,,115032,2,,,2,66,,115025,2,,,1,26,,115033,2,,,2,67,,115026,2,,,1,27,,115034,2,,,2,69,,115027,2,,,1
9301,'H50M100F-70-F1',508,,115038,2,,,1,29,,115037,2,,,1,69,,115039,2,,,1,30,,115051,2,,,1,70,,115040,2,,,1,30,,115050,2,,,1,70,,115041,2,,,1,30,,115052,2,,,1,70,,115042,2,,,1,30,,115053,2,,,1,70,,115043,2,,,1,30,,115054,2,,,1,70,,115044,2,,,1,30,,115055,2,,,1,70,,115045,2,,,1,30,,115056,2,,,1,70,,115046,2,,,1,31,,115057,2,,,1,70,,115047,2,,,1,30,,115058,2,,,1,70,,115048,2,,,1,30,,115059,2,,,1,72,,115049,2,,,1,29,,115060,2,,,1,71,,115061,2,,,2,29,,115070,2,,,1,71,,115062,2,,,2,29,,115071,2,,,1,70,,115063,2,,,2,30,,115072,2,,,1,70,,115064,2,,,2,30,,115073,2,,,1,70,,115065,2,,,2,30,,115074,2,,,1,70,,115066,2,,,2,30,,115075,2,,,1,70,,115067,2,,,2,30,,115076,2,,,1,70,,115068,2,,,2,30,,115077,2,,,1,70,,115069,2,,,2
9301,'H50M200F-70-F2',508,,115079,2,,,1,29,,115078,2,,,1,69,,115080,2,,,1,30,,115091,2,,,1,70,,115081,2,,,1,30,,115092,2,,,1,70,,115082,2,,,1,30,,115093,2,,,1,70,,115083,2,,,1,30,,115095,2,,,1,70,,115084,2,,,1,30,,115094,2,,,1,70,,115085,2,,,1,30,,115096,2,,,1,70,,115086,2,,,1,30,,115097,2,,,1,70,,115087,2,,,1,31,,115098,2,,,1,70,,115088,2,,,1,30,,115099,2,,,1,70,,115089,2,,,1,30,,115100,2,,,1,72,,115090,2,,,1,29,,115101,2,,,1,71,,115102,2,,,2,29,,115111,2,,,1,71,,115103,2,,,2,29,,115112,2,,,1,70,,115104,2,,,2,30,,115113,2,,,1,70,,115105,2,,,2,30,,115114,2,,,1,70,,115106,2,,,2,30,,115115,2,,,1,70,,115107,2,,,2,30,,115116,2,,,1,70,,115108,2,,,2,30,,115117,2,,,1,70,,115109,2,,,2,30,,115118,2,,,1,70,,115110,2,,,2
9301,'H50M300F-70-F3',508,,115120,2,,,1,29,,115119,2,,,1,69,,115121,2,,,1,30,,115132,2,,,1,70,,115122,2,,,1,30,,115133,2,,,1,70,,115123,2,,,1,30,,115134,2,,,1,70,,115124,2,,,1,30,,115135,2,,,1,70,,115125,2,,,1,30,,115137,2,,,1,70,,115126,2,,,1,30,,115136,2,,,1,70,,115127,2,,,1,30,,115138,2,,,1,70,,115128,2,,,1,31,,115139,2,,,1,70,,115129,2,,,1,30,,115140,2,,,1,70,,115130,2,,,1,30,,115141,2,,,1,72,,115131,2,,,1,29,,115142,2,,,1,71,,115143,2,,,1,29,,115153,2,,,1,71,,115144,2,,,1,29,,115152,2,,,1,70,,115145,2,,,1,30,,115154,2,,,1,70,,115146,2,,,1,30,,115155,2,,,1,70,,115147,2,,,1,30,,115156,2,,,1,70,,115148,2,,,1,30,,115157,2,,,1,70,,115149,2,,,1,30,,115158,2,,,1,70,,115150,2,,,1,30,,115159,2,,,1,70,,115151,2,,,1
9301,'H51M000A-70-A',2533,,115160,2,0,6 46,1
9301,'H51M000I-70-I',2536,,115161,2,0,6 46,1
9301,'H51M000S-70-S',1601,,115163,2,,,2,935,,115162,2,0,6 46,1
9301,'H51M100F-70-F1',2536,,115164,2,0,6 46,1
9301,'H51M200F-70-F2',2536,,115165,2,0,6 46,1
9301,'H51M300F-70-F3',2536,,115166,2,0,6 46,1
