1601,'H50J000A-84-A',605,,1835,14,0,5,2,28,,1854,14,0,5,1,70,,1836,14,0,5,2,30,,1855,14,0,5,1,70,,1837,14,0,5,2,31,,1856,14,0,5,1,71,,1838,14,0,5,2,31,,1857,14,0,5,1,72,,1839,14,0,5,2,33,,1858,14,0,5,1,71,,1840,14,0,5,2,28,,1866,14,0,5,1,69,,1859,14,0,5,1,31,,1841,14,0,5,2,69,,1848,14,0,5,1,30,,1860,14,0,5,1,70,,1853,14,0,5,1,30,,1849,14,0,5,1,70,,1842,14,0,5,2,30,,1852,14,0,5,1,70,,1850,14,0,5,1,29,,1843,14,0,5,2,72,,1861,14,0,5,1,28,,1851,14,0,5,1,68,,1844,14,0,5,2,30,,1862,14,0,5,1,73,,1845,14,0,5,2,30,,1863,14,0,5,1,72,,1846,14,0,5,2,30,,1864,14,0,5,1,70,,1847,14,0,5,2,29,,1865,14,0,5,1
1601,'H50J000I-84-I',607,,1875,14,0,5,1,29,,1867,14,0,5,1,69,,1876,14,0,5,1,29,,1868,14,0,5,1,70,,1877,14,0,5,1,29,,1869,14,0,5,1,70,,1878,14,0,5,1,31,,1870,14,0,5,1,71,,1879,14,0,5,1,31,,1871,14,0,5,1,72,,1880,14,0,5,1,32,,1872,14,0,5,1,72,,1881,14,0,5,1,32,,1873,14,0,5,1,72,,1882,14,0,5,1,28,,1885,14,0,5,1,67,,1874,14,0,5,1,26,,1883,14,0,5,1,66,,1886,14,0,5,1,26,,1897,14,0,5,1,27,,1884,14,0,5,1,68,,1887,14,0,5,1,28,,1898,14,0,5,1,68,,1892,14,0,5,1,27,,1888,14,0,5,1,65,,1899,14,0,5,1,27,,1893,14,0,5,1,70,,1889,14,0,5,1,31,,1894,14,0,5,1,70,,1890,14,0,5,1,29,,1895,14,0,5,1,70,,1891,14,0,5,1,29,,1896,14,0,5,1
1601,'H50J000S-83-S',603,,1922,14,0,5,1,26,,1900,14,0,5,1,26,,1911,14,0,5,2,68,,1923,14,0,5,1,30,,1901,14,0,5,1,67,,1912,14,0,5,2,25,,1931,14,0,5,1,64,,1924,14,0,5,1,27,,1902,14,0,5,1,66,,1913,14,0,5,2,30,,1925,14,0,5,1,70,,1903,14,0,5,1,30,,1914,14,0,5,2,71,,1926,14,0,5,1,30,,1904,14,0,5,1,70,,1915,14,0,5,2,31,,1927,14,0,5,1,71,,1905,14,0,5,1,31,,1916,14,0,5,2,71,,1928,14,0,5,1,35,,1906,14,0,5,1,75,,1917,14,0,5,2,34,,1929,14,0,5,1,71,,1907,14,0,5,1,31,,1918,14,0,5,2,73,,1930,14,0,5,1,30,,1908,14,0,5,1,73,,1919,14,0,5,2,72,,1909,14,0,5,1,32,,1920,14,0,5,2,72,,1910,14,0,5,1,32,,1921,14,0,5,2
1601,'H50JV00A-81-A',605,,1932,14,0,5,2,28,,1951,14,0,5,1,70,,1933,14,0,5,2,30,,1952,14,0,5,1,70,,1934,14,0,5,2,31,,1953,14,0,5,1,71,,1935,14,0,5,2,31,,1954,14,0,5,1,72,,1936,14,0,5,2,33,,1955,14,0,5,1,71,,1937,14,0,5,2,28,,1963,14,0,5,1,69,,1956,14,0,5,1,31,,1938,14,0,5,2,69,,1945,14,0,5,1,30,,1957,14,0,5,1,70,,1950,14,0,5,1,30,,1946,14,0,5,1,70,,1939,14,0,5,2,30,,1949,14,0,5,1,70,,1947,14,0,5,1,29,,1940,14,0,5,2,72,,1958,14,0,5,1,28,,1948,14,0,5,1,68,,1941,14,0,5,2,30,,1959,14,0,5,1,73,,1942,14,0,5,2,30,,1960,14,0,5,1,72,,1943,14,0,5,2,30,,1961,14,0,5,1,70,,1944,14,0,5,2,29,,1962,14,0,5,1
1601,'H50JV00I-81-I',607,,1972,14,0,5,1,29,,1964,14,0,5,1,69,,1973,14,0,5,1,29,,1965,14,0,5,1,70,,1974,14,0,5,1,29,,1966,14,0,5,1,70,,1975,14,0,5,1,31,,1967,14,0,5,1,71,,1976,14,0,5,1,31,,1968,14,0,5,1,72,,1977,14,0,5,1,32,,1969,14,0,5,1,72,,1978,14,0,5,1,32,,1970,14,0,5,1,72,,1979,14,0,5,1,28,,1982,14,0,5,1,67,,1971,14,0,5,1,26,,1980,14,0,5,1,66,,1983,14,0,5,1,26,,1994,14,0,5,1,27,,1981,14,0,5,1,68,,1984,14,0,5,1,28,,1995,14,0,5,1,68,,1989,14,0,5,1,27,,1985,14,0,5,1,65,,1996,14,0,5,1,27,,1990,14,0,5,1,70,,1986,14,0,5,1,31,,1991,14,0,5,1,70,,1987,14,0,5,1,29,,1992,14,0,5,1,70,,1988,14,0,5,1,29,,1993,14,0,5,1
1601,'H50JV00S-82-S',603,,2019,14,0,5,1,26,,1997,14,0,5,1,26,,2008,14,0,5,2,68,,2020,14,0,5,1,30,,1998,14,0,5,1,67,,2009,14,0,5,2,25,,2028,14,0,5,1,64,,2021,14,0,5,1,27,,1999,14,0,5,1,66,,2010,14,0,5,2,30,,2022,14,0,5,1,70,,2000,14,0,5,1,30,,2011,14,0,5,2,71,,2023,14,0,5,1,30,,2001,14,0,5,1,70,,2012,14,0,5,2,31,,2024,14,0,5,1,71,,2002,14,0,5,1,31,,2013,14,0,5,2,71,,2025,14,0,5,1,35,,2003,14,0,5,1,75,,2014,14,0,5,2,34,,2026,14,0,5,1,71,,2004,14,0,5,1,31,,2015,14,0,5,2,73,,2027,14,0,5,1,30,,2005,14,0,5,1,73,,2016,14,0,5,2,72,,2006,14,0,5,1,32,,2017,14,0,5,2,72,,2007,14,0,5,1,32,,2018,14,0,5,2
11704,'H60J000A-80-A',735,,42719,20,0,9,1,84,,42720,20,0,9,1,85,,42721,20,0,9,1,46,,42722,20,0,9,1,85,,42723,20,0,9,1,85,,42724,20,0,9,1,85,,42725,20,0,9,1,45,,42726,20,0,9,1,85,,42727,20,0,9,1,85,,42728,20,0,9,1,84,,42729,20,0,9,1,46,,42730,20,0,9,1,86,,42731,20,0,9,1,84,,42732,20,0,9,1,84,,42733,20,0,9,1,41,,42734,20,0,9,1,84,,42735,20,0,9,1
11704,'H60J000I-80-I',932,,42736,20,0,9,1,85,,42737,20,0,9,1,85,,42738,20,0,9,1,45,,42739,20,0,9,1,85,,42740,20,0,9,1,85,,42741,20,0,9,1,85,,42742,20,0,9,1,45,,42743,20,0,9,1,85,,42744,20,0,9,1,85,,42745,20,0,9,1,84,,42746,20,0,9,1,43,,42747,20,0,9,1,81,,42748,20,0,9,1,83,,42749,20,0,9,1,44,,42750,20,0,9,1
11704,'H60J000S-98-S',620,,42761,20,0,9,1,23,,42765,20,0,9,1,64,,42762,20,0,9,1,19,,42755,20,0,9,1,22,,42766,20,0,9,1,72,,42756,20,0,9,1,31,,42767,20,0,9,1,69,,42770,20,0,9,2,33,,42768,20,0,9,1,73,,42769,20,0,9,2,84,,42764,20,0,9,1,44,,42763,20,0,9,1,85,,42751,20,0,9,1,85,,42771,20,0,9,1,85,,42757,20,0,9,1,45,,42772,20,0,9,1,76,,42773,20,0,9,1,73,,42752,20,0,9,2,33,,42758,20,0,9,1,68,,42753,20,0,9,2,29,,42759,20,0,9,1,67,,42754,20,0,9,2,29,,42760,20,0,9,1,83,,42774,20,0,9,2
11704,'H60JV00A-80-A',735,,42775,20,0,9,1,84,,42776,20,0,9,1,85,,42777,20,0,9,1,46,,42778,20,0,9,1,85,,42779,20,0,9,1,85,,42780,20,0,9,1,85,,42781,20,0,9,1,45,,42782,20,0,9,1,85,,42783,20,0,9,1,85,,42784,20,0,9,1,84,,42785,20,0,9,1,46,,42786,20,0,9,1,86,,42787,20,0,9,1,84,,42788,20,0,9,1,84,,42789,20,0,9,1,41,,42790,20,0,9,1,84,,42791,20,0,9,1
11704,'H60JV00I-80-I',932,,42792,20,0,9,1,85,,42793,20,0,9,1,85,,42794,20,0,9,1,45,,42795,20,0,9,1,85,,42796,20,0,9,1,85,,42797,20,0,9,1,85,,42798,20,0,9,1,45,,42799,20,0,9,1,85,,42800,20,0,9,1,85,,42801,20,0,9,1,84,,42802,20,0,9,1,43,,42803,20,0,9,1,81,,42804,20,0,9,1,83,,42805,20,0,9,1,44,,42806,20,0,9,1
11704,'H60JV00S-98-S',620,,42827,20,0,9,1,23,,42811,20,0,9,1,64,,42828,20,0,9,1,19,,42820,20,0,9,1,22,,42812,20,0,9,1,72,,42821,20,0,9,1,31,,42813,20,0,9,1,69,,42815,20,0,9,2,33,,42814,20,0,9,1,73,,42825,20,0,9,2,84,,42807,20,0,9,1,44,,42829,20,0,9,1,85,,42824,20,0,9,1,85,,42822,20,0,9,1,85,,42823,20,0,9,1,45,,42826,20,0,9,1,76,,42819,20,0,9,1,73,,42816,20,0,9,2,33,,42808,20,0,9,1,68,,42817,20,0,9,2,29,,42809,20,0,9,1,67,,42818,20,0,9,2,29,,42810,20,0,9,1,83,,42830,20,0,9,2
36801,'H57J000A-80-A',2526,,75542,6,0,5,1,85,,75540,6,0,5,1,89,,75541,6,0,5,1,42,,75539,6,0,5,1,84,,75543,6,0,5,1
36801,'H57J000I-80-I',2527,,75547,6,0,5,2,85,,75545,6,0,5,1,45,,75544,6,0,5,1,85,,75548,6,0,5,2,85,,75546,6,0,5,1
36801,'H57J000S-81-S',2524,,75552,6,0,5,1,86,,75549,6,0,5,1,94,,75551,6,0,5,1,37,,75550,6,0,5,1,95,,75553,6,0,5,1
36801,'H57JV00A-80-A',2526,,75557,6,0,5,1,85,,75555,6,0,5,1,89,,75556,6,0,5,1,42,,75554,6,0,5,1,84,,75558,6,0,5,1
36801,'H57JV00I-80-I',2527,,75562,6,0,5,2,85,,75559,6,0,5,1,45,,75561,6,0,5,1,85,,75563,6,0,5,2,85,,75560,6,0,5,1
36801,'H57JV00S-83-S',2524,,75567,6,0,5,1,86,,75565,6,0,5,1,94,,75566,6,0,5,1,37,,75564,6,0,5,1,95,,75568,6,0,5,1
