17901,'H50M000S-70-S',1723,,141121,11,,,1
17901,'H51M000A-70-A',610,,141122,11,,,1,29,,141133,11,,,2,69,,141123,11,,,1,31,,141134,11,,,2,71,,141124,11,,,1,32,,141135,11,,,2,73,,141125,11,,,1,33,,141136,11,,,2,64,,141143,11,,,1,24,,141126,11,,,1,64,,141137,11,,,2,25,,141144,11,,,1,24,,141127,11,,,1,57,,141158,11,,,2,16,,141138,11,,,2,17,,141164,11,,,2,17,,141145,11,,,1,57,,141128,11,,,1,17,,141159,11,,,2,17,,141139,11,,,2,57,,141165,11,,,2,16,,141146,11,,,1,16,,141129,11,,,1,16,,141155,11,,,2,56,,141160,11,,,2,15,,141140,11,,,2,15,,141166,11,,,2,15,,141147,11,,,1,54,,141130,11,,,1,14,,141156,11,,,2,14,,141161,11,,,2,14,,141141,11,,,2,54,,141167,11,,,2,14,,141148,11,,,1,14,,141131,11,,,1,13,,141157,11,,,2,14,,141162,11,,,2,54,,141142,11,,,2,13,,141168,11,,,2,22,,141149,11,,,1,69,,141163,11,,,2,30,,141169,11,,,2,71,,141150,11,,,1,31,,141170,11,,,2,70,,141151,11,,,1,29,,141171,11,,,2,69,,141152,11,,,1,28,,141172,11,,,2,68,,141153,11,,,1,28,,141173,11,,,2,68,,141132,11,,,1,27,,141154,11,,,1,68,,141174,11,,,2
17901,'H51M000I-70-I',706,,141175,11,,,1,30,,141179,11,,,1,70,,141176,11,,,1,30,,141180,11,,,1,70,,141177,11,,,1,32,,141181,11,,,1,71,,141178,11,,,1,30,,141197,11,,,2,71,,141182,11,,,1,29,,141204,11,,,2,65,,141198,11,,,2,26,,141183,11,,,1,26,,141205,11,,,1,66,,141199,11,,,2,20,,141209,11,,,2,60,,141194,11,,,2,19,,141206,11,,,1,18,,141200,11,,,2,16,,141184,11,,,1,56,,141210,11,,,2,16,,141195,11,,,2,16,,141207,11,,,1,16,,141201,11,,,2,56,,141185,11,,,1,15,,141211,11,,,2,13,,141212,11,,,1,13,,141196,11,,,2,54,,141208,11,,,1,17,,141202,11,,,2,22,,141186,11,,,1,64,,141213,11,,,1,29,,141203,11,,,2,69,,141187,11,,,1,30,,141214,11,,,1,71,,141188,11,,,1,30,,141215,11,,,1,70,,141189,11,,,1,30,,141216,11,,,1,70,,141190,11,,,1,29,,141217,11,,,1,70,,141191,11,,,1,30,,141218,11,,,1,70,,141192,11,,,1,29,,141219,11,,,1,68,,141193,11,,,1
17901,'H51M000S-70-S',518,,141220,11,,,1,30,,141222,11,,,1,62,,141242,11,,,2,32,,141245,11,,,1,62,,141223,11,,,1,16,,141243,11,,,2,14,,141255,11,,,2,21,,141246,11,,,1,60,,141257,11,,,2,17,,141224,11,,,1,21,,141256,11,,,2,60,,141247,11,,,1,20,,141258,11,,,2,23,,141225,11,,,1,62,,141237,11,,,1,25,,141248,11,,,1,64,,141259,11,,,2,24,,141226,11,,,1,24,,141249,11,,,1,59,,141238,11,,,1,18,,141260,11,,,2,18,,141227,11,,,1,60,,141221,11,,,1,20,,141250,11,,,1,20,,141239,11,,,1,61,,141261,11,,,2,21,,141228,11,,,1,21,,141251,11,,,1,61,,141240,11,,,1,23,,141262,11,,,2,22,,141229,11,,,1,59,,141265,11,,,2,13,,141252,11,,,1,12,,141241,11,,,1,12,,141272,11,,,2,54,,141263,11,,,2,33,,141230,11,,,1,68,,141253,11,,,1,27,,141264,11,,,2,67,,141231,11,,,1,26,,141254,11,,,1,28,,141266,11,,,1,71,,141232,11,,,1,27,,141267,11,,,1,67,,141244,11,,,1,27,,141233,11,,,1,68,,141268,11,,,1,29,,141234,11,,,1,69,,141269,11,,,1,29,,141235,11,,,1,69,,141270,11,,,1,28,,141236,11,,,1,72,,141271,11,,,1
17901,'H51M100F-70-F1',706,,141273,11,,,1,30,,141277,11,,,1,70,,141274,11,,,1,30,,141278,11,,,1,70,,141275,11,,,1,32,,141279,11,,,1,71,,141276,11,,,1,30,,141295,11,,,2,71,,141280,11,,,1,29,,141302,11,,,2,65,,141296,11,,,2,26,,141281,11,,,1,26,,141303,11,,,1,66,,141297,11,,,2,20,,141307,11,,,2,60,,141292,11,,,2,19,,141304,11,,,1,18,,141298,11,,,2,16,,141282,11,,,1,56,,141308,11,,,2,16,,141293,11,,,2,16,,141305,11,,,1,16,,141299,11,,,2,56,,141283,11,,,1,15,,141309,11,,,2,13,,141310,11,,,1,13,,141294,11,,,2,54,,141306,11,,,1,17,,141300,11,,,2,22,,141284,11,,,1,64,,141311,11,,,1,29,,141301,11,,,2,69,,141285,11,,,1,30,,141312,11,,,1,71,,141286,11,,,1,30,,141313,11,,,1,70,,141287,11,,,1,30,,141314,11,,,1,70,,141288,11,,,1,29,,141315,11,,,1,70,,141289,11,,,1,30,,141316,11,,,1,70,,141290,11,,,1,29,,141317,11,,,1,68,,141291,11,,,1
17901,'H51M200F-70-F2',706,,141318,11,,,1,30,,141322,11,,,1,70,,141319,11,,,1,30,,141323,11,,,1,70,,141320,11,,,1,32,,141324,11,,,1,71,,141321,11,,,1,30,,141340,11,,,2,71,,141325,11,,,1,29,,141347,11,,,2,65,,141341,11,,,2,26,,141326,11,,,1,26,,141348,11,,,1,66,,141342,11,,,2,20,,141352,11,,,2,60,,141337,11,,,2,19,,141350,11,,,1,18,,141343,11,,,2,16,,141327,11,,,1,56,,141353,11,,,2,16,,141338,11,,,2,16,,141349,11,,,1,16,,141344,11,,,2,56,,141328,11,,,1,15,,141354,11,,,2,13,,141355,11,,,1,13,,141339,11,,,2,54,,141351,11,,,1,17,,141346,11,,,2,22,,141329,11,,,1,64,,141356,11,,,1,29,,141345,11,,,2,69,,141330,11,,,1,30,,141357,11,,,1,71,,141331,11,,,1,30,,141358,11,,,1,70,,141332,11,,,1,30,,141359,11,,,1,70,,141333,11,,,1,29,,141360,11,,,1,70,,141334,11,,,1,30,,141361,11,,,1,70,,141336,11,,,1,29,,141362,11,,,1,68,,141335,11,,,1
17901,'H51M300F-70-F3',706,,141363,11,,,1,30,,141367,11,,,1,70,,141364,11,,,1,30,,141368,11,,,1,70,,141366,11,,,1,32,,141369,11,,,1,71,,141365,11,,,1,30,,141385,11,,,2,71,,141370,11,,,1,29,,141392,11,,,2,65,,141386,11,,,2,26,,141371,11,,,1,26,,141393,11,,,1,66,,141387,11,,,2,20,,141397,11,,,2,60,,141382,11,,,2,19,,141394,11,,,1,18,,141388,11,,,2,16,,141372,11,,,1,56,,141398,11,,,2,16,,141383,11,,,2,16,,141395,11,,,1,16,,141389,11,,,2,56,,141373,11,,,1,15,,141399,11,,,2,13,,141400,11,,,1,13,,141384,11,,,2,54,,141396,11,,,1,17,,141390,11,,,2,22,,141374,11,,,1,64,,141401,11,,,1,29,,141391,11,,,2,69,,141375,11,,,1,30,,141402,11,,,1,71,,141376,11,,,1,30,,141403,11,,,1,70,,141377,11,,,1,30,,141404,11,,,1,70,,141378,11,,,1,29,,141405,11,,,1,70,,141379,11,,,1,30,,141406,11,,,1,70,,141380,11,,,1,29,,141407,11,,,1,68,,141381,11,,,1
17901,'H58M000S-70-S',745,,141408,11,,,2,60,,141409,11,,,1
36501,'H58M000A-70-A',2533,,154945,23,,,2,74,,154942,23,,,2,33,,154947,23,,,1,76,,154944,23,,,2,33,,154941,23,,,1,71,,154946,23,,,2,32,,154943,23,,,2
36501,'H58M000I-70-I',2532,,154952,23,,,1,80,,154948,23,,,1,40,,154950,23,,,1,81,,154949,23,,,1,80,,154953,23,,,1,40,,154951,23,,,1
36501,'H58M000S-70-S',2532,,154954,23,,,1,80,,154956,23,,,2,41,,154958,23,,,2,80,,154955,23,,,1,80,,154957,23,,,2,41,,154959,23,,,2
36501,'H58M100F-70-F1',2532,,154960,23,,,2,80,,154964,23,,,2,40,,154962,23,,,1,81,,154961,23,,,2,80,,154965,23,,,2,40,,154963,23,,,1
36501,'H58M200F-70-F2',2532,,154966,23,,,2,80,,154970,23,,,2,40,,154968,23,,,1,81,,154967,23,,,2,80,,154971,23,,,2,40,,154969,23,,,1
36501,'H58M300F-70-F3',2532,,154972,23,,,2,80,,154976,23,,,2,40,,154974,23,,,1,81,,154973,23,,,2,80,,154977,23,,,2,40,,154975,23,,,1
