20002,'H56J000S-80-S',716,,68079,21,0,10,1
20002,'H56JV00S-80-S',716,,68080,21,0,10,1
20002,'H60J000A-80-A',615,,68097,21,0,10,1,26,,68101,21,0,10,1,66,,68099,21,0,10,1,26,,68098,21,0,10,1,68,,68102,21,0,10,1,28,,68100,21,0,10,1,29,,68103,21,0,10,2,70,,68089,21,0,10,1,29,,68081,21,0,10,2,66,,68104,21,0,10,1,27,,68090,21,0,10,1,67,,68082,21,0,10,2,28,,68105,21,0,10,1,67,,68091,21,0,10,1,28,,68083,21,0,10,2,67,,68106,21,0,10,1,27,,68092,21,0,10,1,68,,68084,21,0,10,2,28,,68107,21,0,10,1,27,,68093,21,0,10,1,68,,68085,21,0,10,2,28,,68108,21,0,10,1,67,,68094,21,0,10,1,28,,68086,21,0,10,2,68,,68109,21,0,10,1,27,,68095,21,0,10,1,64,,68087,21,0,10,2,28,,68110,21,0,10,1,66,,68096,21,0,10,1,27,,68088,21,0,10,2
20002,'H60J000I-80-I',716,,68113,21,0,10,1,30,,68120,21,0,10,2,71,,68128,21,0,10,1,30,,68114,21,0,10,1,70,,68121,21,0,10,2,30,,68129,21,0,10,1,70,,68115,21,0,10,1,30,,68122,21,0,10,2,70,,68130,21,0,10,1,31,,68116,21,0,10,1,70,,68123,21,0,10,2,30,,68131,21,0,10,1,71,,68117,21,0,10,1,30,,68124,21,0,10,2,70,,68132,21,0,10,1,30,,68118,21,0,10,1,70,,68125,21,0,10,2,30,,68133,21,0,10,1,70,,68119,21,0,10,1,30,,68126,21,0,10,2,70,,68134,21,0,10,1,30,,68111,21,0,10,1,71,,68127,21,0,10,2,30,,68135,21,0,10,1,69,,68112,21,0,10,1
20002,'H60J000S-98-S',606,,68150,21,0,10,1,38,,68149,21,0,10,1,61,,68151,21,0,10,1,28,,68136,21,0,10,1,16,,68159,21,0,10,2,55,,68143,21,0,10,2,26,,68154,21,0,10,2,11,,68152,21,0,10,1,72,,68137,21,0,10,1,32,,68144,21,0,10,2,72,,68153,21,0,10,1,33,,68138,21,0,10,1,73,,68145,21,0,10,2,32,,68155,21,0,10,1,70,,68139,21,0,10,1,30,,68146,21,0,10,2,70,,68156,21,0,10,1,31,,68140,21,0,10,1,70,,68147,21,0,10,2,30,,68157,21,0,10,1,73,,68141,21,0,10,1,72,,68148,21,0,10,2,31,,68158,21,0,10,1,26,,68163,21,0,10,2,66,,68142,21,0,10,1,32,,68160,21,0,10,1,72,,68164,21,0,10,2,29,,68162,21,0,10,1,68,,68161,21,0,10,2
20002,'H60JV00A-80-A',615,,68191,21,0,10,1,26,,68193,21,0,10,1,66,,68188,21,0,10,1,26,,68192,21,0,10,1,68,,68194,21,0,10,1,28,,68189,21,0,10,1,29,,68190,21,0,10,2,70,,68173,21,0,10,1,29,,68165,21,0,10,2,66,,68181,21,0,10,1,27,,68174,21,0,10,1,67,,68166,21,0,10,2,28,,68182,21,0,10,1,67,,68175,21,0,10,1,28,,68167,21,0,10,2,67,,68183,21,0,10,1,27,,68176,21,0,10,1,68,,68168,21,0,10,2,28,,68184,21,0,10,1,27,,68177,21,0,10,1,68,,68169,21,0,10,2,28,,68185,21,0,10,1,67,,68178,21,0,10,1,28,,68170,21,0,10,2,68,,68186,21,0,10,1,27,,68179,21,0,10,1,64,,68171,21,0,10,2,28,,68187,21,0,10,1,66,,68180,21,0,10,1,27,,68172,21,0,10,2
20002,'H60JV00I-80-I',716,,68211,21,0,10,1,30,,68203,21,0,10,2,71,,68195,21,0,10,1,30,,68212,21,0,10,1,70,,68204,21,0,10,2,30,,68196,21,0,10,1,70,,68213,21,0,10,1,30,,68205,21,0,10,2,70,,68197,21,0,10,1,31,,68214,21,0,10,1,70,,68206,21,0,10,2,30,,68198,21,0,10,1,71,,68215,21,0,10,1,30,,68207,21,0,10,2,70,,68199,21,0,10,1,30,,68216,21,0,10,1,70,,68208,21,0,10,2,30,,68200,21,0,10,1,70,,68217,21,0,10,1,30,,68209,21,0,10,2,70,,68201,21,0,10,1,30,,68218,21,0,10,1,71,,68210,21,0,10,2,30,,68202,21,0,10,1,69,,68219,21,0,10,1
20002,'H60JV00S-98-S',606,,68244,21,0,10,1,38,,68220,21,0,10,1,61,,68222,21,0,10,1,28,,68245,21,0,10,1,16,,68248,21,0,10,2,55,,68226,21,0,10,2,26,,68247,21,0,10,2,11,,68223,21,0,10,1,72,,68232,21,0,10,1,32,,68227,21,0,10,2,72,,68246,21,0,10,1,33,,68233,21,0,10,1,73,,68228,21,0,10,2,32,,68238,21,0,10,1,70,,68234,21,0,10,1,30,,68229,21,0,10,2,70,,68239,21,0,10,1,31,,68235,21,0,10,1,70,,68230,21,0,10,2,30,,68240,21,0,10,1,73,,68236,21,0,10,1,72,,68231,21,0,10,2,31,,68241,21,0,10,1,26,,68224,21,0,10,2,66,,68237,21,0,10,1,32,,68243,21,0,10,1,72,,68225,21,0,10,2,29,,68242,21,0,10,1,68,,68221,21,0,10,2
21102,'H56J000A-80-A',559,,72417,23,0,10,2,70,,72454,23,0,10,1,28,,72458,23,0,10,1,68,,72424,23,0,10,2,28,,72449,23,0,10,1,68,,72418,23,0,10,2,27,,72455,23,0,10,1,67,,72459,23,0,10,1,29,,72425,23,0,10,2,71,,72450,23,0,10,1,31,,72419,23,0,10,2,69,,72456,23,0,10,1,29,,72430,23,0,10,2,65,,72426,23,0,10,2,22,,72451,23,0,10,1,21,,72435,23,0,10,1,61,,72420,23,0,10,2,20,,72457,23,0,10,1,21,,72445,23,0,10,1,60,,72431,23,0,10,2,20,,72427,23,0,10,2,20,,72452,23,0,10,1,60,,72436,23,0,10,1,20,,72441,23,0,10,2,19,,72421,23,0,10,2,59,,72443,23,0,10,2,18,,72446,23,0,10,1,19,,72432,23,0,10,2,58,,72428,23,0,10,2,18,,72453,23,0,10,1,17,,72437,23,0,10,1,17,,72442,23,0,10,2,57,,72422,23,0,10,2,16,,72444,23,0,10,2,17,,72447,23,0,10,1,57,,72433,23,0,10,2,21,,72429,23,0,10,2,23,,72411,23,0,10,1,62,,72438,23,0,10,1,19,,72423,23,0,10,2,19,,72416,23,0,10,1,60,,72448,23,0,10,1,19,,72410,23,0,10,2,19,,72434,23,0,10,2,71,,72412,23,0,10,1,30,,72439,23,0,10,1,71,,72414,23,0,10,2,33,,72408,23,0,10,1,72,,72413,23,0,10,1,31,,72440,23,0,10,1,69,,72415,23,0,10,2,30,,72409,23,0,10,1,67,,72460,23,0,10,1
21102,'H56J000I-80-I',606,,72463,23,0,10,2,31,,72469,23,0,10,1,71,,72476,23,0,10,2,31,,72504,23,0,10,1,71,,72464,23,0,10,2,30,,72470,23,0,10,1,71,,72477,23,0,10,2,32,,72505,23,0,10,1,72,,72465,23,0,10,2,31,,72471,23,0,10,1,70,,72481,23,0,10,1,31,,72482,23,0,10,2,68,,72496,23,0,10,1,28,,72466,23,0,10,2,67,,72472,23,0,10,1,24,,72478,23,0,10,2,22,,72491,23,0,10,1,60,,72483,23,0,10,2,22,,72497,23,0,10,1,63,,72467,23,0,10,2,23,,72473,23,0,10,1,23,,72479,23,0,10,2,62,,72492,23,0,10,1,22,,72484,23,0,10,2,20,,72498,23,0,10,1,58,,72488,23,0,10,2,19,,72468,23,0,10,2,18,,72474,23,0,10,1,57,,72480,23,0,10,2,19,,72493,23,0,10,1,22,,72485,23,0,10,2,66,,72499,23,0,10,1,27,,72489,23,0,10,2,68,,72475,23,0,10,1,28,,72494,23,0,10,1,68,,72486,23,0,10,2,28,,72500,23,0,10,1,28,,72490,23,0,10,2,66,,72506,23,0,10,1,32,,72495,23,0,10,1,71,,72487,23,0,10,2,32,,72501,23,0,10,1,70,,72502,23,0,10,1,30,,72503,23,0,10,1,70,,72462,23,0,10,2,30,,72461,23,0,10,1
21102,'H56J000S-80-S',559,,72517,23,0,10,1,58,,72513,23,0,10,1,21,,72534,23,0,10,2,67,,72531,23,0,10,1,21,,72532,23,0,10,2,24,,72527,23,0,10,2,57,,72529,23,0,10,1,22,,72533,23,0,10,2,23,,72552,23,0,10,2,63,,72535,23,0,10,1,9,,72530,23,0,10,2,21,,72551,23,0,10,2,62,,72554,23,0,10,2,27,,72508,23,0,10,1,71,,72522,23,0,10,1,32,,72558,23,0,10,2,72,,72553,23,0,10,1,31,,72557,23,0,10,1,74,,72545,23,0,10,1,35,,72523,23,0,10,1,73,,72524,23,0,10,1,33,,72536,23,0,10,1,73,,72514,23,0,10,1,75,,72546,23,0,10,1,30,,72538,23,0,10,1,73,,72525,23,0,10,1,29,,72537,23,0,10,1,67,,72526,23,0,10,2,23,,72541,23,0,10,2,22,,72518,23,0,10,1,63,,72520,23,0,10,1,23,,72543,23,0,10,2,19,,72556,23,0,10,2,53,,72511,23,0,10,1,13,,72528,23,0,10,2,13,,72555,23,0,10,1,12,,72539,23,0,10,1,14,,72519,23,0,10,1,55,,72547,23,0,10,1,16,,72521,23,0,10,1,16,,72509,23,0,10,1,56,,72544,23,0,10,2,17,,72542,23,0,10,2,20,,72515,23,0,10,1,21,,72540,23,0,10,1,61,,72512,23,0,10,2,21,,72548,23,0,10,1,66,,72550,23,0,10,1,28,,72507,23,0,10,1,68,,72516,23,0,10,1,28,,72510,23,0,10,1,28,,72549,23,0,10,1
21102,'H56JV00A-80-A',559,,72568,23,0,10,2,70,,72605,23,0,10,1,28,,72609,23,0,10,1,68,,72575,23,0,10,2,28,,72600,23,0,10,1,68,,72569,23,0,10,2,27,,72606,23,0,10,1,67,,72610,23,0,10,1,29,,72576,23,0,10,2,71,,72601,23,0,10,1,31,,72570,23,0,10,2,69,,72607,23,0,10,1,29,,72581,23,0,10,2,65,,72577,23,0,10,2,22,,72602,23,0,10,1,21,,72586,23,0,10,1,61,,72571,23,0,10,2,20,,72608,23,0,10,1,21,,72596,23,0,10,1,60,,72582,23,0,10,2,20,,72578,23,0,10,2,20,,72603,23,0,10,1,60,,72587,23,0,10,1,20,,72592,23,0,10,2,19,,72572,23,0,10,2,59,,72594,23,0,10,2,18,,72597,23,0,10,1,19,,72583,23,0,10,2,58,,72579,23,0,10,2,18,,72604,23,0,10,1,17,,72588,23,0,10,1,17,,72593,23,0,10,2,57,,72573,23,0,10,2,16,,72595,23,0,10,2,17,,72598,23,0,10,1,57,,72584,23,0,10,2,21,,72580,23,0,10,2,23,,72562,23,0,10,1,62,,72589,23,0,10,1,19,,72574,23,0,10,2,19,,72567,23,0,10,1,60,,72599,23,0,10,1,19,,72561,23,0,10,2,19,,72585,23,0,10,2,71,,72563,23,0,10,1,30,,72590,23,0,10,1,71,,72565,23,0,10,2,33,,72559,23,0,10,1,72,,72564,23,0,10,1,31,,72591,23,0,10,1,69,,72566,23,0,10,2,30,,72560,23,0,10,1,67,,72611,23,0,10,1
21102,'H56JV00I-80-I',606,,72614,23,0,10,2,31,,72620,23,0,10,1,71,,72627,23,0,10,2,31,,72655,23,0,10,1,71,,72615,23,0,10,2,30,,72621,23,0,10,1,71,,72628,23,0,10,2,32,,72656,23,0,10,1,72,,72616,23,0,10,2,31,,72622,23,0,10,1,70,,72632,23,0,10,1,31,,72633,23,0,10,2,68,,72647,23,0,10,1,28,,72617,23,0,10,2,67,,72623,23,0,10,1,24,,72629,23,0,10,2,22,,72642,23,0,10,1,60,,72634,23,0,10,2,22,,72648,23,0,10,1,63,,72618,23,0,10,2,23,,72624,23,0,10,1,23,,72630,23,0,10,2,62,,72643,23,0,10,1,22,,72635,23,0,10,2,20,,72649,23,0,10,1,58,,72639,23,0,10,2,19,,72619,23,0,10,2,18,,72625,23,0,10,1,57,,72631,23,0,10,2,19,,72644,23,0,10,1,22,,72636,23,0,10,2,66,,72650,23,0,10,1,27,,72640,23,0,10,2,68,,72626,23,0,10,1,28,,72645,23,0,10,1,68,,72637,23,0,10,2,28,,72651,23,0,10,1,28,,72641,23,0,10,2,66,,72657,23,0,10,1,32,,72646,23,0,10,1,71,,72638,23,0,10,2,32,,72652,23,0,10,1,70,,72653,23,0,10,1,30,,72654,23,0,10,1,70,,72613,23,0,10,2,30,,72612,23,0,10,1
21102,'H56JV00S-80-S',559,,72668,23,0,10,1,58,,72664,23,0,10,1,21,,72685,23,0,10,2,67,,72682,23,0,10,1,21,,72683,23,0,10,2,24,,72678,23,0,10,2,57,,72680,23,0,10,1,22,,72684,23,0,10,2,23,,72703,23,0,10,2,63,,72686,23,0,10,1,9,,72681,23,0,10,1,21,,72702,23,0,10,1,62,,72705,23,0,10,2,27,,72659,23,0,10,1,71,,72673,23,0,10,1,32,,72709,23,0,10,2,72,,72704,23,0,10,1,31,,72708,23,0,10,1,74,,72696,23,0,10,1,35,,72674,23,0,10,1,73,,72675,23,0,10,1,33,,72687,23,0,10,1,73,,72665,23,0,10,1,75,,72697,23,0,10,1,30,,72689,23,0,10,1,73,,72676,23,0,10,1,29,,72688,23,0,10,1,67,,72677,23,0,10,1,23,,72692,23,0,10,1,22,,72669,23,0,10,1,63,,72671,23,0,10,1,23,,72694,23,0,10,1,19,,72707,23,0,10,2,53,,72662,23,0,10,1,13,,72679,23,0,10,1,13,,72706,23,0,10,1,12,,72690,23,0,10,1,14,,72670,23,0,10,1,55,,72698,23,0,10,1,16,,72672,23,0,10,1,16,,72660,23,0,10,1,56,,72695,23,0,10,1,17,,72693,23,0,10,2,20,,72666,23,0,10,1,21,,72691,23,0,10,1,61,,72663,23,0,10,1,21,,72699,23,0,10,1,66,,72701,23,0,10,1,28,,72658,23,0,10,1,68,,72667,23,0,10,1,28,,72661,23,0,10,1,28,,72700,23,0,10,1
40502,'H56J000S-80-S',623,,76287,7,0,10,1,18,,76290,7,0,10,2,61,,76284,7,0,10,2,19,,76289,7,0,10,2,8,,76281,7,0,10,2,12,,76314,7,0,10,1,63,,76309,7,0,10,1,22,,76288,7,0,10,1,22,,76302,7,0,10,1,73,,76298,7,0,10,1,25,,76315,7,0,10,1,60,,76310,7,0,10,1,20,,76316,7,0,10,1,19,,76303,7,0,10,1,59,,76294,7,0,10,2,23,,76299,7,0,10,1,22,,76291,7,0,10,2,63,,76311,7,0,10,2,21,,76306,7,0,10,1,21,,76304,7,0,10,1,61,,76295,7,0,10,2,21,,76300,7,0,10,1,17,,76292,7,0,10,2,58,,76312,7,0,10,2,19,,76307,7,0,10,1,17,,76305,7,0,10,1,59,,76296,7,0,10,2,26,,76301,7,0,10,1,26,,76293,7,0,10,2,62,,76313,7,0,10,2,22,,76308,7,0,10,1,61,,76279,7,0,10,1,20,,76297,7,0,10,2,20,,76317,7,0,10,1,61,,76282,7,0,10,2,20,,76283,7,0,10,1,23,,76286,7,0,10,1,64,,76280,7,0,10,1,23,,76285,7,0,10,1
40502,'H56JV00S-80-S',623,,76326,7,0,10,1,18,,76329,7,0,10,2,61,,76323,7,0,10,2,19,,76328,7,0,10,2,8,,76320,7,0,10,2,12,,76353,7,0,10,1,63,,76348,7,0,10,1,22,,76327,7,0,10,1,22,,76341,7,0,10,1,73,,76337,7,0,10,1,25,,76354,7,0,10,1,60,,76349,7,0,10,1,20,,76355,7,0,10,1,19,,76342,7,0,10,1,59,,76333,7,0,10,2,23,,76338,7,0,10,1,22,,76330,7,0,10,1,63,,76350,7,0,10,2,21,,76345,7,0,10,1,21,,76343,7,0,10,1,61,,76334,7,0,10,2,21,,76339,7,0,10,1,17,,76331,7,0,10,1,58,,76351,7,0,10,2,19,,76346,7,0,10,1,17,,76344,7,0,10,1,59,,76335,7,0,10,2,26,,76340,7,0,10,1,26,,76332,7,0,10,1,62,,76352,7,0,10,2,22,,76347,7,0,10,1,61,,76318,7,0,10,1,20,,76336,7,0,10,2,20,,76356,7,0,10,1,61,,76321,7,0,10,2,20,,76322,7,0,10,1,23,,76325,7,0,10,1,64,,76319,7,0,10,1,23,,76324,7,0,10,1
