2504,'H57J000S-81-S',647,,6035,13,0,9,1,64,,6036,13,0,9,2,25,,6037,13,0,9,1,23,,6044,13,0,9,1,60,,6051,13,0,9,2,21,,6038,13,0,9,1,67,,6045,13,0,9,1,30,,6039,13,0,9,1,69,,6046,13,0,9,1,29,,6040,13,0,9,1,69,,6047,13,0,9,1,29,,6041,13,0,9,1,69,,6048,13,0,9,1,30,,6042,13,0,9,1,70,,6049,13,0,9,1,30,,6043,13,0,9,1,70,,6050,13,0,9,1,31,,6059,13,0,9,1,73,,6052,13,0,9,1,32,,6060,13,0,9,1,65,,6062,13,0,9,2,25,,6053,13,0,9,1,19,,6061,13,0,9,1,61,,6063,13,0,9,2,31,,6054,13,0,9,1,71,,6064,13,0,9,2,29,,6055,13,0,9,1,70,,6065,13,0,9,2,28,,6056,13,0,9,1,68,,6066,13,0,9,2,28,,6057,13,0,9,1,67,,6067,13,0,9,2,27,,6058,13,0,9,1
2504,'H57JV00S-83-S',647,,6068,13,0,9,1,64,,6069,13,0,9,2,25,,6070,13,0,9,1,23,,6084,13,0,9,1,60,,6091,13,0,9,2,21,,6071,13,0,9,1,67,,6085,13,0,9,1,30,,6072,13,0,9,1,69,,6086,13,0,9,1,29,,6073,13,0,9,1,69,,6087,13,0,9,1,29,,6074,13,0,9,1,69,,6088,13,0,9,1,30,,6075,13,0,9,1,70,,6089,13,0,9,1,30,,6076,13,0,9,1,70,,6090,13,0,9,1,31,,6092,13,0,9,1,73,,6077,13,0,9,1,32,,6093,13,0,9,1,65,,6095,13,0,9,1,25,,6078,13,0,9,1,19,,6094,13,0,9,1,61,,6096,13,0,9,1,31,,6079,13,0,9,1,71,,6097,13,0,9,1,29,,6080,13,0,9,1,70,,6098,13,0,9,1,28,,6081,13,0,9,1,68,,6099,13,0,9,1,28,,6082,13,0,9,1,67,,6100,13,0,9,1,27,,6083,13,0,9,1
9404,'H58J000S-81-S',1455,,32638,15,0,9,2
9404,'H58J000S-83-S',1455,,32639,15,0,9,2
9404,'H58JV00S-82-S',1455,,32640,15,0,9,2
9404,'H59J000A-80-A',527,,32642,15,0,9,1,26,,32643,15,0,9,1,70,,32650,15,0,9,2,33,,32644,15,0,9,1,68,,32651,15,0,9,2,27,,32645,15,0,9,1,69,,32652,15,0,9,2,30,,32646,15,0,9,1,72,,32653,15,0,9,2,33,,32647,15,0,9,1,72,,32661,15,0,9,1,32,,32648,15,0,9,1,71,,32641,15,0,9,1,72,,32662,15,0,9,1,33,,32649,15,0,9,1,23,,32680,15,0,9,1,65,,32668,15,0,9,1,27,,32663,15,0,9,2,66,,32681,15,0,9,1,26,,32669,15,0,9,1,66,,32664,15,0,9,2,26,,32682,15,0,9,1,67,,32670,15,0,9,1,26,,32665,15,0,9,2,27,,32683,15,0,9,1,66,,32671,15,0,9,1,26,,32666,15,0,9,2,67,,32684,15,0,9,1,25,,32672,15,0,9,1,64,,32667,15,0,9,2,27,,32685,15,0,9,1,26,,32673,15,0,9,1,71,,32654,15,0,9,1,31,,32674,15,0,9,1,71,,32655,15,0,9,1,31,,32675,15,0,9,1,70,,32656,15,0,9,1,71,,32676,15,0,9,1,30,,32657,15,0,9,1,29,,32677,15,0,9,1,68,,32658,15,0,9,1,30,,32678,15,0,9,1,71,,32659,15,0,9,1,31,,32679,15,0,9,1,70,,32660,15,0,9,1
9404,'H59J000I-80-I',526,,32687,15,0,9,2,26,,32688,15,0,9,1,69,,32701,15,0,9,2,28,,32689,15,0,9,1,68,,32702,15,0,9,2,27,,32690,15,0,9,1,68,,32703,15,0,9,2,30,,32691,15,0,9,1,71,,32704,15,0,9,2,32,,32692,15,0,9,1,70,,32714,15,0,9,1,30,,32717,15,0,9,1,69,,32711,15,0,9,1,29,,32715,15,0,9,1,69,,32718,15,0,9,1,30,,32705,15,0,9,1,73,,32719,15,0,9,1,32,,32721,15,0,9,2,70,,32722,15,0,9,2,29,,32720,15,0,9,1,73,,32725,15,0,9,2,29,,32723,15,0,9,2,71,,32716,15,0,9,1,31,,32726,15,0,9,2,72,,32724,15,0,9,2,31,,32700,15,0,9,1,71,,32712,15,0,9,2,32,,32699,15,0,9,1,67,,32686,15,0,9,2,30,,32693,15,0,9,1,71,,32706,15,0,9,1,30,,32694,15,0,9,1,68,,32707,15,0,9,1,29,,32695,15,0,9,1,70,,32708,15,0,9,1,30,,32696,15,0,9,1,71,,32709,15,0,9,1,31,,32697,15,0,9,1,71,,32710,15,0,9,1,77,,32698,15,0,9,1,39,,32713,15,0,9,2
9404,'H59J000S-81-S',526,,32727,15,0,9,1,29,,32735,15,0,9,2,68,,32728,15,0,9,1,21,,32738,15,0,9,1,56,,32736,15,0,9,2,17,,32761,15,0,9,2,16,,32729,15,0,9,1,16,,32763,15,0,9,2,54,,32739,15,0,9,1,18,,32737,15,0,9,2,27,,32762,15,0,9,2,65,,32730,15,0,9,1,26,,32740,15,0,9,1,66,,32757,15,0,9,1,25,,32731,15,0,9,1,28,,32741,15,0,9,1,67,,32758,15,0,9,1,28,,32732,15,0,9,1,67,,32742,15,0,9,1,28,,32759,15,0,9,1,67,,32733,15,0,9,1,26,,32743,15,0,9,1,66,,32760,15,0,9,1,25,,32734,15,0,9,1,84,,32744,15,0,9,1,24,,32764,15,0,9,1,62,,32773,15,0,9,2,21,,32769,15,0,9,2,22,,32745,15,0,9,1,61,,32765,15,0,9,1,22,,32774,15,0,9,2,23,,32770,15,0,9,2,64,,32746,15,0,9,1,23,,32766,15,0,9,1,66,,32771,15,0,9,2,25,,32747,15,0,9,1,24,,32767,15,0,9,1,70,,32772,15,0,9,2,30,,32768,15,0,9,1,68,,32748,15,0,9,1,33,,32753,15,0,9,1,73,,32749,15,0,9,1,30,,32754,15,0,9,1,71,,32750,15,0,9,1,73,,32755,15,0,9,1,32,,32751,15,0,9,1,72,,32756,15,0,9,1,37,,32752,15,0,9,1
9404,'H59JV00A-80-A',527,,32780,15,0,9,1,26,,32813,15,0,9,1,70,,32776,15,0,9,2,33,,32814,15,0,9,1,68,,32777,15,0,9,2,27,,32815,15,0,9,1,69,,32778,15,0,9,2,30,,32816,15,0,9,1,72,,32779,15,0,9,2,33,,32817,15,0,9,1,72,,32781,15,0,9,1,32,,32818,15,0,9,1,71,,32775,15,0,9,1,72,,32782,15,0,9,1,33,,32819,15,0,9,1,23,,32802,15,0,9,1,65,,32783,15,0,9,1,27,,32808,15,0,9,2,66,,32803,15,0,9,1,26,,32784,15,0,9,1,66,,32809,15,0,9,2,26,,32804,15,0,9,1,67,,32785,15,0,9,1,26,,32810,15,0,9,2,27,,32805,15,0,9,1,66,,32786,15,0,9,1,26,,32811,15,0,9,2,67,,32806,15,0,9,1,25,,32787,15,0,9,1,64,,32812,15,0,9,2,27,,32807,15,0,9,1,26,,32788,15,0,9,1,71,,32795,15,0,9,1,31,,32789,15,0,9,1,71,,32796,15,0,9,1,31,,32790,15,0,9,1,70,,32797,15,0,9,1,71,,32791,15,0,9,1,30,,32798,15,0,9,1,29,,32792,15,0,9,1,68,,32799,15,0,9,1,30,,32793,15,0,9,1,71,,32800,15,0,9,1,31,,32794,15,0,9,1,70,,32801,15,0,9,1
9404,'H59JV00I-80-I',526,,32859,15,0,9,2,26,,32840,15,0,9,1,69,,32852,15,0,9,2,28,,32841,15,0,9,1,68,,32853,15,0,9,2,27,,32842,15,0,9,1,68,,32854,15,0,9,2,30,,32843,15,0,9,1,71,,32855,15,0,9,2,32,,32844,15,0,9,1,70,,32822,15,0,9,1,30,,32857,15,0,9,1,69,,32821,15,0,9,1,29,,32823,15,0,9,1,69,,32851,15,0,9,1,30,,32824,15,0,9,1,73,,32830,15,0,9,1,32,,32858,15,0,9,2,70,,32835,15,0,9,2,29,,32831,15,0,9,1,73,,32838,15,0,9,2,29,,32836,15,0,9,2,71,,32820,15,0,9,1,31,,32839,15,0,9,2,72,,32837,15,0,9,2,31,,32860,15,0,9,1,71,,32833,15,0,9,2,32,,32832,15,0,9,1,67,,32856,15,0,9,2,30,,32845,15,0,9,1,71,,32825,15,0,9,1,30,,32846,15,0,9,1,68,,32826,15,0,9,1,29,,32847,15,0,9,1,70,,32827,15,0,9,1,30,,32848,15,0,9,1,71,,32828,15,0,9,1,31,,32849,15,0,9,1,71,,32829,15,0,9,1,77,,32850,15,0,9,1,39,,32834,15,0,9,2
9404,'H59JV00S-83-S',526,,32861,15,0,9,1,29,,32869,15,0,9,2,68,,32862,15,0,9,1,21,,32872,15,0,9,1,56,,32870,15,0,9,2,17,,32887,15,0,9,2,16,,32863,15,0,9,1,16,,32893,15,0,9,2,54,,32873,15,0,9,1,18,,32871,15,0,9,2,27,,32888,15,0,9,2,65,,32864,15,0,9,1,26,,32874,15,0,9,1,66,,32896,15,0,9,1,25,,32865,15,0,9,1,28,,32875,15,0,9,1,67,,32897,15,0,9,1,28,,32866,15,0,9,1,67,,32876,15,0,9,1,28,,32898,15,0,9,1,67,,32867,15,0,9,1,26,,32877,15,0,9,1,66,,32899,15,0,9,1,25,,32868,15,0,9,1,84,,32878,15,0,9,1,24,,32900,15,0,9,1,62,,32894,15,0,9,2,21,,32889,15,0,9,2,22,,32879,15,0,9,1,61,,32901,15,0,9,1,22,,32895,15,0,9,2,23,,32890,15,0,9,2,64,,32880,15,0,9,1,23,,32902,15,0,9,1,66,,32891,15,0,9,2,25,,32881,15,0,9,1,24,,32903,15,0,9,1,70,,32892,15,0,9,2,30,,32904,15,0,9,1,68,,32882,15,0,9,1,33,,32905,15,0,9,1,73,,32883,15,0,9,1,30,,32906,15,0,9,1,71,,32884,15,0,9,1,73,,32907,15,0,9,1,32,,32885,15,0,9,1,72,,32908,15,0,9,1,37,,32886,15,0,9,1
