1704,'H60M000A-82-A',501,,178958,2,0,9,1,35,,178946,2,0,9,1,84,,178959,2,0,9,1,35,,178947,2,0,9,1,84,,178960,2,0,9,1,78,,178948,2,0,9,1,85,,178961,2,0,9,1,39,,178967,2,0,9,1,83,,178949,2,0,9,1,83,,178962,2,0,9,1,40,,178968,2,0,9,1,80,,178950,2,0,9,1,80,,178963,2,0,9,1,40,,178969,2,0,9,1,80,,178951,2,0,9,1,81,,178964,2,0,9,1,41,,178970,2,0,9,1,81,,178952,2,0,9,1,79,,178965,2,0,9,1,41,,178971,2,0,9,1,79,,178953,2,0,9,1,77,,178966,2,0,9,1,38,,178972,2,0,9,1,85,,178954,2,0,9,1,81,,178973,2,0,9,1,45,,178955,2,0,9,1,81,,178974,2,0,9,1,82,,178956,2,0,9,1,41,,178975,2,0,9,1,82,,178957,2,0,9,1,81,,178976,2,0,9,1
1704,'H60M000I-81-I',511,,178977,2,0,9,1,29,,179006,2,0,9,1,70,,178986,2,0,9,1,34,,178978,2,0,9,1,84,,178987,2,0,9,1,75,,178979,2,0,9,1,44,,178988,2,0,9,1,82,,178980,2,0,9,1,85,,178989,2,0,9,1,43,,178981,2,0,9,1,85,,178990,2,0,9,1,85,,178982,2,0,9,1,76,,178998,2,0,9,1,43,,178991,2,0,9,1,81,,178983,2,0,9,1,80,,178999,2,0,9,1,40,,178992,2,0,9,1,80,,178984,2,0,9,1,80,,179000,2,0,9,1,40,,178993,2,0,9,1,81,,178985,2,0,9,1,78,,179001,2,0,9,1,44,,178994,2,0,9,1,82,,179002,2,0,9,1,84,,178995,2,0,9,1,40,,179003,2,0,9,1,83,,178996,2,0,9,1,83,,179004,2,0,9,1,83,,178997,2,0,9,1,43,,179005,2,0,9,1
1704,'H60M000S-80-S',511,,179018,2,0,9,1,29,,179009,2,0,9,1,71,,179007,2,0,9,1,31,,179019,2,0,9,1,71,,179030,2,0,9,1,32,,179010,2,0,9,1,73,,179008,2,0,9,1,33,,179020,2,0,9,1,73,,179031,2,0,9,1,77,,179011,2,0,9,1,38,,179021,2,0,9,1,78,,179032,2,0,9,1,38,,179012,2,0,9,1,78,,179022,2,0,9,1,78,,179033,2,0,9,1,37,,179013,2,0,9,1,76,,179023,2,0,9,1,32,,179036,2,0,9,1,73,,179034,2,0,9,1,73,,179014,2,0,9,1,33,,179024,2,0,9,1,72,,179037,2,0,9,1,33,,179035,2,0,9,1,73,,179015,2,0,9,1,33,,179025,2,0,9,1,73,,179038,2,0,9,1,34,,179016,2,0,9,1,72,,179026,2,0,9,1,30,,179039,2,0,9,1,70,,179017,2,0,9,1,32,,179027,2,0,9,1,82,,179040,2,0,9,1,85,,179028,2,0,9,1,77,,179041,2,0,9,1,43,,179029,2,0,9,1
37104,'H50M000A-81-A',2544,,214862,23,0,9,1,70,,214866,23,0,9,1,30,,214864,23,0,9,2,70,,214861,23,0,9,1,30,,214863,23,0,9,1,70,,214867,23,0,9,1,30,,214865,23,0,9,2
37104,'H50M000I-81-I',2544,,214873,23,0,9,1,70,,214871,23,0,9,1,30,,214868,23,0,9,1,70,,214870,23,0,9,1,30,,214874,23,0,9,1,70,,214872,23,0,9,1,30,,214869,23,0,9,1
37104,'H50M000S-81-S',2545,,214880,23,0,9,2,70,,214878,23,0,9,2,30,,214876,23,0,9,1,70,,214875,23,0,9,1,29,,214881,23,0,9,2,70,,214879,23,0,9,2,30,,214877,23,0,9,1
37802,'H60M000A-82-A',2645,,214959,40,0,10,1,94,,214960,40,0,10,2,88,,214958,40,0,10,1
37802,'H60M000I-81-I',2644,,214963,40,0,10,1,91,,214962,40,0,10,2,90,,214961,40,0,10,1
37802,'H60M000S-80-S',2644,,214965,40,0,10,2,89,,214964,40,0,10,1,97,,214966,40,0,10,2
38002,'H50M000A-81-A',2651,,214986,68,0,10,1,86,,214984,68,0,10,1,83,,214983,68,0,10,2,85,,214985,68,0,10,1
38002,'H50M000I-81-I',2631,,214987,68,0,10,1,82,,214992,68,0,10,1,91,,214989,68,0,10,1,49,,214993,68,0,10,1,59,,214991,68,0,10,1,15,,214988,68,0,10,1,12,,214990,68,0,10,1
38002,'H50M000S-81-S',2632,,214994,68,0,10,1,82,,214996,68,0,10,2,89,,214999,68,0,10,1,100,,214997,68,0,10,2,15,,214995,68,0,10,1,29,,214998,68,0,10,2
38002,'H54M000I-81-I',2933,,215000,68,0,10,1
38002,'H54M000S-81-S',2926,,215001,68,0,10,1,7,,215002,68,0,10,1
38201,'H60M000A-82-A',2647,,215006,89,0,5,1,85,,215004,89,0,5,2,85,,215005,89,0,5,1,85,,215003,89,0,5,1
38201,'H60M000I-81-I',2647,,215009,89,0,5,1,85,,215010,89,0,5,1,85,,215008,89,0,5,1,85,,215007,89,0,5,1
38201,'H60M000S-80-S',2639,,215014,89,0,5,2,91,,215012,89,0,5,1,85,,215011,89,0,5,1,89,,215013,89,0,5,1
