20301,'H50J000S-83-S',718,,69148,17,0,5,1
20301,'H50JV00S-82-S',718,,69149,17,0,5,1
20301,'H56J000S-80-S',1812,,69150,17,0,5,1
20301,'H56JV00S-80-S',1812,,69151,17,0,5,1
20301,'H60J000A-80-A',613,,69158,17,0,5,2,30,,69175,17,0,5,1,71,,69170,17,0,5,1,30,,69159,17,0,5,2,71,,69176,17,0,5,1,30,,69171,17,0,5,1,70,,69160,17,0,5,2,32,,69177,17,0,5,1,73,,69172,17,0,5,1,32,,69161,17,0,5,2,73,,69178,17,0,5,1,33,,69173,17,0,5,1,73,,69162,17,0,5,2,73,,69179,17,0,5,1,30,,69186,17,0,5,2,69,,69174,17,0,5,1,29,,69163,17,0,5,2,69,,69180,17,0,5,1,29,,69187,17,0,5,2,29,,69152,17,0,5,1,70,,69164,17,0,5,2,30,,69181,17,0,5,1,70,,69188,17,0,5,2,27,,69153,17,0,5,1,71,,69165,17,0,5,2,31,,69182,17,0,5,1,69,,69154,17,0,5,1,30,,69166,17,0,5,2,69,,69183,17,0,5,1,29,,69155,17,0,5,1,69,,69167,17,0,5,2,29,,69184,17,0,5,1,68,,69156,17,0,5,1,28,,69168,17,0,5,2,68,,69185,17,0,5,1,28,,69157,17,0,5,1,68,,69169,17,0,5,2
20301,'H60J000I-80-I',713,,69189,17,0,5,1,30,,69212,17,0,5,2,70,,69201,17,0,5,1,30,,69190,17,0,5,1,70,,69213,17,0,5,2,30,,69202,17,0,5,1,70,,69191,17,0,5,1,30,,69214,17,0,5,2,70,,69203,17,0,5,1,30,,69192,17,0,5,1,70,,69215,17,0,5,2,30,,69204,17,0,5,1,72,,69193,17,0,5,1,30,,69216,17,0,5,2,70,,69205,17,0,5,1,32,,69194,17,0,5,1,70,,69217,17,0,5,2,31,,69206,17,0,5,1,71,,69195,17,0,5,1,30,,69218,17,0,5,2,70,,69207,17,0,5,1,30,,69196,17,0,5,1,69,,69219,17,0,5,2,29,,69208,17,0,5,1,68,,69197,17,0,5,1,29,,69220,17,0,5,2,69,,69209,17,0,5,1,29,,69198,17,0,5,1,70,,69221,17,0,5,2,30,,69210,17,0,5,1,70,,69199,17,0,5,1,30,,69222,17,0,5,2,69,,69211,17,0,5,1,30,,69200,17,0,5,1,70,,69223,17,0,5,2
20301,'H60J000S-98-S',607,,69235,17,0,5,2,34,,69225,17,0,5,1,66,,69236,17,0,5,1,28,,69224,17,0,5,2,70,,69245,17,0,5,2,26,,69226,17,0,5,1,12,,69246,17,0,5,1,72,,69244,17,0,5,1,32,,69231,17,0,5,1,72,,69227,17,0,5,1,32,,69247,17,0,5,1,72,,69242,17,0,5,1,31,,69232,17,0,5,1,69,,69228,17,0,5,1,30,,69230,17,0,5,1,69,,69233,17,0,5,1,29,,69241,17,0,5,1,69,,69229,17,0,5,1,29,,69253,17,0,5,1,72,,69259,17,0,5,1,34,,69234,17,0,5,1,65,,69248,17,0,5,2,26,,69254,17,0,5,1,63,,69243,17,0,5,1,32,,69258,17,0,5,1,104,,69255,17,0,5,1,71,,69249,17,0,5,1,30,,69237,17,0,5,1,72,,69256,17,0,5,1,31,,69250,17,0,5,1,70,,69238,17,0,5,1,30,,69257,17,0,5,1,71,,69251,17,0,5,1,29,,69239,17,0,5,1,69,,69260,17,0,5,1,28,,69252,17,0,5,1,68,,69240,17,0,5,1
20301,'H60JV00A-80-A',613,,69261,17,0,5,2,30,,69279,17,0,5,1,71,,69293,17,0,5,1,30,,69262,17,0,5,2,71,,69280,17,0,5,1,30,,69294,17,0,5,1,70,,69263,17,0,5,2,32,,69281,17,0,5,1,73,,69295,17,0,5,1,32,,69264,17,0,5,2,73,,69282,17,0,5,1,33,,69296,17,0,5,1,73,,69265,17,0,5,2,73,,69283,17,0,5,1,30,,69290,17,0,5,2,69,,69297,17,0,5,1,29,,69266,17,0,5,2,69,,69284,17,0,5,1,29,,69291,17,0,5,2,29,,69273,17,0,5,1,70,,69267,17,0,5,2,30,,69285,17,0,5,1,70,,69292,17,0,5,2,27,,69274,17,0,5,1,71,,69268,17,0,5,2,31,,69286,17,0,5,1,69,,69275,17,0,5,1,30,,69269,17,0,5,2,69,,69287,17,0,5,1,29,,69276,17,0,5,1,69,,69270,17,0,5,2,29,,69288,17,0,5,1,68,,69277,17,0,5,1,28,,69271,17,0,5,2,68,,69289,17,0,5,1,28,,69278,17,0,5,1,68,,69272,17,0,5,2
20301,'H60JV00I-80-I',713,,69298,17,0,5,1,30,,69321,17,0,5,2,70,,69310,17,0,5,1,30,,69299,17,0,5,1,70,,69322,17,0,5,2,30,,69311,17,0,5,1,70,,69300,17,0,5,1,30,,69323,17,0,5,2,70,,69312,17,0,5,1,30,,69301,17,0,5,1,70,,69324,17,0,5,2,30,,69313,17,0,5,1,72,,69302,17,0,5,1,30,,69325,17,0,5,2,70,,69314,17,0,5,1,32,,69303,17,0,5,1,70,,69326,17,0,5,2,31,,69315,17,0,5,1,71,,69304,17,0,5,1,30,,69327,17,0,5,2,70,,69316,17,0,5,1,30,,69305,17,0,5,1,69,,69328,17,0,5,2,29,,69317,17,0,5,1,68,,69306,17,0,5,1,29,,69329,17,0,5,2,69,,69318,17,0,5,1,29,,69307,17,0,5,1,70,,69330,17,0,5,2,30,,69319,17,0,5,1,70,,69308,17,0,5,1,30,,69331,17,0,5,2,69,,69320,17,0,5,1,30,,69309,17,0,5,1,70,,69332,17,0,5,2
20301,'H60JV00S-98-S',607,,69369,17,0,5,2,34,,69363,17,0,5,1,66,,69343,17,0,5,1,28,,69366,17,0,5,2,70,,69344,17,0,5,2,26,,69364,17,0,5,1,12,,69339,17,0,5,1,72,,69367,17,0,5,1,32,,69352,17,0,5,1,72,,69365,17,0,5,1,32,,69340,17,0,5,1,72,,69341,17,0,5,1,31,,69353,17,0,5,1,69,,69350,17,0,5,1,30,,69334,17,0,5,1,69,,69354,17,0,5,1,29,,69355,17,0,5,1,69,,69351,17,0,5,1,29,,69345,17,0,5,1,72,,69357,17,0,5,1,34,,69333,17,0,5,1,65,,69368,17,0,5,2,26,,69346,17,0,5,1,63,,69342,17,0,5,1,32,,69356,17,0,5,1,104,,69347,17,0,5,1,71,,69335,17,0,5,1,30,,69359,17,0,5,1,72,,69348,17,0,5,1,31,,69336,17,0,5,1,70,,69360,17,0,5,1,30,,69349,17,0,5,1,71,,69337,17,0,5,1,29,,69361,17,0,5,1,69,,69358,17,0,5,1,28,,69338,17,0,5,1,68,,69362,17,0,5,1
