'26J-H58J000A-83-A',13903,51920,0,'Nord',2,2700,0,'Nord',1,7030,0,'Nord',1,2400,0,'Nord',1,6200,0,'Nord',2,1700,0,'Nord',1,1770,0,'Nord',2,1700,0,'Nord',1,5700,0,'Nord',1,2300,0,'Nord',2,7100,0,'Nord',1,3000,0,'Nord',1,7000,0,'Nord',1,2900,0,'Nord',2,7000,0,'Nord',1,3000,0,'Nord',1,7100,0,'Nord',1,3000,0,'Nord',2,7030,0,'Nord',1,2900,0,'Nord',1,6900,0,'Nord',1,3000,0,'Nord',2,7000,0,'Nord',1,2970,0,'Nord',1,6800,0,'Nord',1,2600,0,'Nord',2,3100,0,'Nord',1,7200,0,'Nord',1,2500,0,'Nord',1,7200,0,'Nord',2,2700,0,'Nord',1,6830,0,'Nord',1,2900,0,'Nord',1,7000,0,'Nord',2,3000,0,'Nord',1,6000,0,'Nord',1,1400,0,'Nord',2,1200,0,'Nord',2,1100,0,'Nord',1,1000,0,'Nord',1,5000,0,'Nord',2,900,0,'Nord',2,900,0,'Nord',2,900,0,'Nord',1,1000,0,'Nord',2,1000,0,'Nord',1,5100,0,'Nord',1,900,0,'Nord',2,1100,0,'Nord',2,1000,0,'Nord',2,1100,0,'Nord',1,1200,0,'Nord',2,5100,0,'Nord',2,2000,0,'Nord',1,2000,0,'Nord',1,5970,0,'Nord',2,2100,0,'Nord',1,2000,0,'Nord',2
'26J-H58J000I-81-I',13903,52020,0,'Nord',2,3000,0,'Nord',1,6800,0,'Nord',1,2200,0,'Nord',1,6200,0,'Nord',2,2200,0,'Nord',1,2100,0,'Nord',1,6500,0,'Nord',2,2400,0,'Nord',1,7000,0,'Nord',2,3030,0,'Nord',1,7000,0,'Nord',2,2900,0,'Nord',1,7000,0,'Nord',2,2970,0,'Nord',1,7100,0,'Nord',2,3030,0,'Nord',1,7200,0,'Nord',2,2800,0,'Nord',1,6900,0,'Nord',2,3000,0,'Nord',1,7100,0,'Nord',2,2900,0,'Nord',1,6900,0,'Nord',2,2900,0,'Nord',2,6870,0,'Nord',1,3000,0,'Nord',1,2300,0,'Nord',2,6700,0,'Nord',2,3200,0,'Nord',1,7000,0,'Nord',1,3000,0,'Nord',2,6800,0,'Nord',2,2800,0,'Nord',1,6700,0,'Nord',2,1800,0,'Nord',1,1200,0,'Nord',2,1200,0,'Nord',2,5500,0,'Nord',2,1400,0,'Nord',1,1200,0,'Nord',1,1400,0,'Nord',2,5400,0,'Nord',1,1400,0,'Nord',1,1900,0,'Nord',2,2000,0,'Nord',1,5800,0,'Nord',1,1800,0,'Nord',1,1700,0,'Nord',1,5700,0,'Nord',2,1800,0,'Nord',1,2300,0,'Nord',2
'26J-H58J000S-81-S',13903,51150,0,'Nord',1,3000,0,'Nord',2,7070,0,'Nord',1,2900,0,'Nord',1,7190,0,'Nord',1,3000,0,'Nord',2,7100,0,'Nord',1,3040,0,'Nord',1,7100,0,'Nord',1,3100,0,'Nord',2,7070,0,'Nord',1,2900,0,'Nord',2,6900,0,'Nord',1,2900,0,'Nord',2,6900,0,'Nord',1,3030,0,'Nord',2,7000,0,'Nord',1,3000,0,'Nord',2,7000,0,'Nord',1,3000,0,'Nord',2,7260,0,'Nord',1,3100,0,'Nord',2,7200,0,'Nord',1,3100,0,'Nord',1,7100,0,'Nord',2,3100,0,'Nord',1,6900,0,'Nord',1,2940,0,'Nord',1,6870,0,'Nord',2,2900,0,'Nord',1,6900,0,'Nord',1,2900,0,'Nord',1,6800,0,'Nord',2,2900,0,'Nord',1,6900,0,'Nord',1,2830,0,'Nord',1,6800,0,'Nord',2,2800,0,'Nord',1,6800,0,'Nord',1,2770,0,'Nord',1,2700,0,'Nord',2,6800,0,'Nord',1,1800,0,'Nord',1
'26J-H58JV00A-80-A',13903,51920,0,'Nord',2,2700,0,'Nord',1,7030,0,'Nord',1,2400,0,'Nord',1,6200,0,'Nord',2,1700,0,'Nord',1,1770,0,'Nord',2,1700,0,'Nord',1,5700,0,'Nord',1,2300,0,'Nord',2,7100,0,'Nord',1,3000,0,'Nord',1,7000,0,'Nord',1,2900,0,'Nord',2,7000,0,'Nord',1,3000,0,'Nord',1,7100,0,'Nord',1,3000,0,'Nord',2,7030,0,'Nord',1,2900,0,'Nord',1,6900,0,'Nord',1,3000,0,'Nord',2,7000,0,'Nord',1,2970,0,'Nord',1,6800,0,'Nord',1,2600,0,'Nord',2,3100,0,'Nord',1,7200,0,'Nord',1,2500,0,'Nord',1,7200,0,'Nord',2,2700,0,'Nord',1,6830,0,'Nord',1,2900,0,'Nord',1,7000,0,'Nord',2,3000,0,'Nord',1,6000,0,'Nord',1,1400,0,'Nord',2,1200,0,'Nord',2,1100,0,'Nord',1,1000,0,'Nord',1,5000,0,'Nord',2,900,0,'Nord',2,900,0,'Nord',2,900,0,'Nord',1,1000,0,'Nord',2,1000,0,'Nord',1,5100,0,'Nord',1,900,0,'Nord',2,1100,0,'Nord',2,1000,0,'Nord',2,1100,0,'Nord',1,1200,0,'Nord',2,5100,0,'Nord',2,2000,0,'Nord',1,2000,0,'Nord',1,5970,0,'Nord',2,2100,0,'Nord',1,2000,0,'Nord',2
'26J-H58JV00I-80-I',13903,52020,0,'Nord',2,3000,0,'Nord',1,6800,0,'Nord',1,2200,0,'Nord',1,6200,0,'Nord',2,2200,0,'Nord',1,2100,0,'Nord',1,6500,0,'Nord',2,2400,0,'Nord',1,7000,0,'Nord',2,3030,0,'Nord',1,7000,0,'Nord',2,2900,0,'Nord',1,7000,0,'Nord',2,2970,0,'Nord',1,7100,0,'Nord',2,3030,0,'Nord',1,7200,0,'Nord',2,2800,0,'Nord',1,6900,0,'Nord',2,3000,0,'Nord',1,7100,0,'Nord',2,2900,0,'Nord',1,6900,0,'Nord',2,2900,0,'Nord',2,6870,0,'Nord',1,3000,0,'Nord',1,2300,0,'Nord',2,6700,0,'Nord',2,3200,0,'Nord',1,7000,0,'Nord',1,3000,0,'Nord',2,6800,0,'Nord',2,2800,0,'Nord',1,6700,0,'Nord',2,1800,0,'Nord',1,1200,0,'Nord',2,1200,0,'Nord',2,5500,0,'Nord',2,1400,0,'Nord',1,1200,0,'Nord',1,1400,0,'Nord',2,5400,0,'Nord',1,1400,0,'Nord',1,1900,0,'Nord',2,2000,0,'Nord',1,5800,0,'Nord',1,1800,0,'Nord',1,1700,0,'Nord',1,5700,0,'Nord',2,1800,0,'Nord',1,2300,0,'Nord',2
'26J-H58JV00S-82-S',13903,51150,0,'Nord',1,3000,0,'Nord',2,7070,0,'Nord',1,2900,0,'Nord',1,7190,0,'Nord',1,3000,0,'Nord',2,7100,0,'Nord',1,3040,0,'Nord',1,7100,0,'Nord',1,3100,0,'Nord',2,7070,0,'Nord',1,2900,0,'Nord',2,6900,0,'Nord',1,2900,0,'Nord',2,6900,0,'Nord',1,3030,0,'Nord',2,7000,0,'Nord',1,3000,0,'Nord',2,7000,0,'Nord',1,3000,0,'Nord',2,7260,0,'Nord',1,3100,0,'Nord',2,7200,0,'Nord',1,3100,0,'Nord',1,7100,0,'Nord',2,3100,0,'Nord',1,6900,0,'Nord',1,2940,0,'Nord',1,6870,0,'Nord',2,2900,0,'Nord',1,6900,0,'Nord',1,2900,0,'Nord',1,6800,0,'Nord',2,2900,0,'Nord',1,6900,0,'Nord',1,2830,0,'Nord',1,6800,0,'Nord',2,2800,0,'Nord',1,6800,0,'Nord',1,2770,0,'Nord',1,2700,0,'Nord',2,6800,0,'Nord',1,1800,0,'Nord',1
'26J-H54J000A-80-A',35503,255820,0,'Nord',1,7100,0,'Nord',1,2800,0,'Nord',1,6500,0,'Nord',1,3200,0,'Nord',1,6400,0,'Nord',1,3900,0,'Nord',1,6600,0,'Nord',1
'26J-H54J000I-80-I',35503,255520,0,'Nord',1,8400,0,'Nord',1,8400,0,'Nord',1,8600,0,'Nord',2,4500,0,'Nord',1,6600,0,'Nord',1
'26J-H54J000S-83-S',35503,255850,0,'Nord',1,8300,0,'Nord',1,8400,0,'Nord',1,8700,0,'Nord',1,3800,0,'Nord',1,7300,0,'Nord',1
'26J-H54JV00A-80-A',35503,255820,0,'Nord',1,7100,0,'Nord',1,2800,0,'Nord',1,6500,0,'Nord',1,3200,0,'Nord',1,6400,0,'Nord',1,3900,0,'Nord',1,6600,0,'Nord',1
'26J-H54JV00I-80-I',35503,255520,0,'Nord',1,8400,0,'Nord',1,8400,0,'Nord',1,8600,0,'Nord',2,4500,0,'Nord',1,6600,0,'Nord',1
'26J-H54JV00S-80-S',35503,255850,0,'Nord',1,8300,0,'Nord',1,8400,0,'Nord',1,8700,0,'Nord',1,3800,0,'Nord',1,7300,0,'Nord',1
