'26J-H51J000S-80-S',4701,182000,4,'',2
'26J-H51JV00S-84-S',4701,182000,4,'',2
'26J-H57J000A-80-A',4701,61900,4,'',1,3000,4,'',2,7000,4,'',1,2800,4,'',2,6900,4,'',1,3700,4,'',2,7300,4,'',2,3300,4,'',1,6800,4,'',2,3000,4,'',1,6900,4,'',2,3000,4,'',1,7000,4,'',2,3100,4,'',1,7100,4,'',2,3000,4,'',1,7300,4,'',2,7200,4,'',1,3300,4,'',2,7300,4,'',1,3100,4,'',1,6700,4,'',2,2300,4,'',1,2100,4,'',1,6100,4,'',2,2000,4,'',1,2000,4,'',2,5900,4,'',1,2000,4,'',1,2800,4,'',2,6900,4,'',1,2900,4,'',2,6900,4,'',1,2700,4,'',2,6900,4,'',1,2900,4,'',2,8700,4,'',1,8800,4,'',1,8800,4,'',1,8700,4,'',1
'26J-H57J000A-80-A',4702,55800,0,'Ouest',2,7000,0,'Ouest',1,3000,0,'Ouest',2,7000,0,'Ouest',1,2600,0,'Ouest',2,6400,0,'Ouest',1,1900,0,'Ouest',2,1800,0,'Ouest',2,5800,0,'Ouest',1,2200,0,'Ouest',2,6600,0,'Ouest',1,3000,0,'Ouest',2,6900,0,'Ouest',1,3000,0,'Ouest',2,7100,0,'Ouest',1,3000,0,'Ouest',2,6900,0,'Ouest',1,3100,0,'Ouest',2,1600,0,'Ouest',1,5800,0,'Ouest',1,1800,0,'Ouest',2,2000,0,'Ouest',2,6500,0,'Ouest',1,2500,0,'Ouest',1,2400,0,'Ouest',2,6400,0,'Ouest',1,2400,0,'Ouest',1,6500,0,'Ouest',2,2500,0,'Ouest',1,7000,0,'Ouest',1,3000,0,'Ouest',1,7000,0,'Ouest',2,2900,0,'Ouest',1,6900,0,'Ouest',2,2900,0,'Ouest',1,6800,0,'Ouest',2,2800,0,'Ouest',1,2800,0,'Ouest',2,6800,0,'Ouest',1,2900,0,'Ouest',2,8700,0,'Ouest',1,8800,0,'Ouest',1,8800,0,'Ouest',1
'26J-H57J000I-80-I',4701,55600,4,'',1,8600,4,'',1,8500,4,'',1,8500,4,'',1,4500,4,'',1,8000,4,'',1,7100,4,'',2,2800,4,'',1,6800,4,'',2,2800,4,'',1,6900,4,'',2,2900,4,'',1,2900,4,'',2,7000,4,'',1,3000,4,'',2,7000,4,'',1,2900,4,'',2,7000,4,'',1,3000,4,'',2,6900,4,'',1,2900,4,'',2,7000,4,'',1,3000,4,'',2,6900,4,'',1,2700,4,'',2,6700,4,'',1,2600,4,'',2,6600,4,'',1,2500,4,'',2,6600,4,'',1,2600,4,'',2,2700,4,'',1,7500,4,'',1,8600,4,'',1,8700,4,'',1,4600,4,'',1,8600,4,'',1
'26J-H57J000I-80-I',4702,60000,0,'Ouest',1,4500,0,'Ouest',1,8400,0,'Ouest',1,8500,0,'Ouest',1,4500,0,'Ouest',1,8000,0,'Ouest',1,7100,0,'Ouest',2,2800,0,'Ouest',1,6800,0,'Ouest',2,2900,0,'Ouest',1,6900,0,'Ouest',2,2900,0,'Ouest',1,6900,0,'Ouest',2,3000,0,'Ouest',1,7000,0,'Ouest',2,3000,0,'Ouest',1,6900,0,'Ouest',2,3000,0,'Ouest',1,7000,0,'Ouest',2,2900,0,'Ouest',1,2900,0,'Ouest',2,7000,0,'Ouest',1,3000,0,'Ouest',2,6800,0,'Ouest',1,2700,0,'Ouest',2,6700,0,'Ouest',1,2600,0,'Ouest',2,6600,0,'Ouest',1,2600,0,'Ouest',2,6800,0,'Ouest',1,3700,0,'Ouest',2,8800,0,'Ouest',1,8600,0,'Ouest',1,8700,0,'Ouest',1,4700,0,'Ouest',1
'26J-H57J000S-81-S',4701,60300,4,'',1,3300,4,'',2,7100,4,'',1,3200,4,'',2,7400,4,'',1,3300,4,'',1,7000,4,'',1,3100,4,'',1,7000,4,'',1,3000,4,'',1,7000,4,'',1,3000,4,'',1,7000,4,'',1,2700,4,'',1,6800,4,'',1,3200,4,'',1,7000,4,'',1,3100,4,'',1,7200,4,'',1,3400,4,'',2,6900,4,'',1,2500,4,'',1,5900,4,'',2,1500,4,'',1,1600,4,'',1,1600,4,'',1,5400,4,'',1,3100,4,'',1,1800,4,'',1,6400,4,'',1,3000,4,'',1,6900,4,'',1,2900,4,'',1,6800,4,'',1,2700,4,'',1,6800,4,'',1,2900,4,'',1,6600,4,'',1,2800,4,'',1,6800,4,'',1,2800,4,'',1,2500,4,'',1,8600,4,'',1
'26J-H57J000S-81-S',4702,51600,0,'Ouest',1,3000,0,'Ouest',2,7000,0,'Ouest',1,2700,0,'Ouest',2,6700,0,'Ouest',1,1400,0,'Ouest',1,1900,0,'Ouest',1,6000,0,'Ouest',2,2300,0,'Ouest',1,2800,0,'Ouest',1,6600,0,'Ouest',1,3000,0,'Ouest',1,7000,0,'Ouest',1,3000,0,'Ouest',1,7000,0,'Ouest',1,2700,0,'Ouest',1,6800,0,'Ouest',1,3200,0,'Ouest',1,6900,0,'Ouest',1,3100,0,'Ouest',1,7000,0,'Ouest',1,3300,0,'Ouest',1,7100,0,'Ouest',1,3300,0,'Ouest',2,6900,0,'Ouest',1,3000,0,'Ouest',1,6900,0,'Ouest',1,2600,0,'Ouest',1,6900,0,'Ouest',1,3200,0,'Ouest',1,7200,0,'Ouest',1,3000,0,'Ouest',1,6900,0,'Ouest',1,2900,0,'Ouest',1,6800,0,'Ouest',1,2700,0,'Ouest',1,6800,0,'Ouest',1,2900,0,'Ouest',1,6900,0,'Ouest',1,2900,0,'Ouest',1,6900,0,'Ouest',1,4700,0,'Ouest',1
'26J-H57JV00A-80-A',4701,61900,4,'',1,3000,4,'',2,7000,4,'',1,2800,4,'',2,6900,4,'',1,3700,4,'',2,7300,4,'',2,3300,4,'',1,6800,4,'',2,3000,4,'',1,6900,4,'',2,3000,4,'',1,7000,4,'',2,3100,4,'',1,7100,4,'',2,3000,4,'',1,7300,4,'',2,7200,4,'',1,3300,4,'',2,7300,4,'',1,3100,4,'',1,6700,4,'',2,2300,4,'',1,2100,4,'',1,6100,4,'',2,2000,4,'',1,2000,4,'',2,5900,4,'',1,2000,4,'',1,2800,4,'',2,6900,4,'',1,2900,4,'',2,6900,4,'',1,2700,4,'',2,6900,4,'',1,2900,4,'',2,8700,4,'',1,8800,4,'',1,8800,4,'',1,8700,4,'',1
'26J-H57JV00A-80-A',4702,55800,0,'Ouest',2,7000,0,'Ouest',1,3000,0,'Ouest',2,7000,0,'Ouest',1,2600,0,'Ouest',2,6400,0,'Ouest',1,1900,0,'Ouest',2,1800,0,'Ouest',2,5800,0,'Ouest',1,2200,0,'Ouest',2,6600,0,'Ouest',1,3000,0,'Ouest',2,6900,0,'Ouest',1,3000,0,'Ouest',2,7100,0,'Ouest',1,3000,0,'Ouest',2,6900,0,'Ouest',1,3100,0,'Ouest',2,1600,0,'Ouest',1,5800,0,'Ouest',1,1800,0,'Ouest',2,2000,0,'Ouest',2,6500,0,'Ouest',1,2500,0,'Ouest',1,2400,0,'Ouest',2,6400,0,'Ouest',1,2400,0,'Ouest',1,6500,0,'Ouest',2,2500,0,'Ouest',1,7000,0,'Ouest',1,3000,0,'Ouest',1,7000,0,'Ouest',2,2900,0,'Ouest',1,6900,0,'Ouest',2,2900,0,'Ouest',1,6800,0,'Ouest',2,2800,0,'Ouest',1,2800,0,'Ouest',2,6800,0,'Ouest',1,2900,0,'Ouest',2,8700,0,'Ouest',1,8800,0,'Ouest',1,8800,0,'Ouest',1
'26J-H57JV00I-80-I',4701,55600,4,'',1,8600,4,'',1,8500,4,'',1,8500,4,'',1,4500,4,'',1,8000,4,'',1,7100,4,'',2,2800,4,'',1,6800,4,'',2,2800,4,'',1,6900,4,'',2,2900,4,'',1,2900,4,'',2,7000,4,'',1,3000,4,'',2,7000,4,'',1,2900,4,'',2,7000,4,'',1,3000,4,'',2,6900,4,'',1,2900,4,'',2,7000,4,'',1,3000,4,'',2,6900,4,'',1,2700,4,'',2,6700,4,'',1,2600,4,'',2,6600,4,'',1,2500,4,'',2,6600,4,'',1,2600,4,'',2,2700,4,'',1,7500,4,'',1,8600,4,'',1,8700,4,'',1,4600,4,'',1,8600,4,'',1
'26J-H57JV00I-80-I',4702,60000,0,'Ouest',1,4500,0,'Ouest',1,8400,0,'Ouest',1,8500,0,'Ouest',1,4500,0,'Ouest',1,8000,0,'Ouest',1,7100,0,'Ouest',2,2800,0,'Ouest',1,6800,0,'Ouest',2,2900,0,'Ouest',1,6900,0,'Ouest',2,2900,0,'Ouest',1,6900,0,'Ouest',2,3000,0,'Ouest',1,7000,0,'Ouest',2,3000,0,'Ouest',1,6900,0,'Ouest',2,3000,0,'Ouest',1,7000,0,'Ouest',2,2900,0,'Ouest',1,2900,0,'Ouest',2,7000,0,'Ouest',1,3000,0,'Ouest',2,6800,0,'Ouest',1,2700,0,'Ouest',2,6700,0,'Ouest',1,2600,0,'Ouest',2,6600,0,'Ouest',1,2600,0,'Ouest',2,6800,0,'Ouest',1,3700,0,'Ouest',2,8800,0,'Ouest',1,8600,0,'Ouest',1,8700,0,'Ouest',1,4700,0,'Ouest',1
'26J-H57JV00S-83-S',4701,60300,4,'',1,3300,4,'',1,7100,4,'',1,3200,4,'',1,7400,4,'',1,3300,4,'',1,7000,4,'',1,3100,4,'',1,7000,4,'',1,3000,4,'',1,7000,4,'',1,3000,4,'',1,7000,4,'',1,2700,4,'',1,6800,4,'',1,3200,4,'',1,7000,4,'',1,3100,4,'',1,7200,4,'',1,3400,4,'',2,6900,4,'',1,2500,4,'',1,5900,4,'',2,1500,4,'',1,1600,4,'',1,1600,4,'',1,5400,4,'',1,3100,4,'',1,1800,4,'',1,6400,4,'',1,3000,4,'',1,6900,4,'',1,2900,4,'',1,6800,4,'',1,2700,4,'',1,6800,4,'',1,2900,4,'',1,6600,4,'',1,2800,4,'',1,6800,4,'',1,2800,4,'',1,2500,4,'',1,8600,4,'',1
'26J-H57JV00S-83-S',4702,51600,0,'Ouest',1,3000,0,'Ouest',1,7000,0,'Ouest',1,2700,0,'Ouest',1,6700,0,'Ouest',1,1400,0,'Ouest',1,1900,0,'Ouest',1,6000,0,'Ouest',1,2300,0,'Ouest',1,2800,0,'Ouest',1,6600,0,'Ouest',1,3000,0,'Ouest',1,7000,0,'Ouest',1,3000,0,'Ouest',1,7000,0,'Ouest',1,2700,0,'Ouest',1,6800,0,'Ouest',1,3200,0,'Ouest',1,6900,0,'Ouest',1,3100,0,'Ouest',1,7000,0,'Ouest',1,3300,0,'Ouest',1,7100,0,'Ouest',1,3300,0,'Ouest',2,6900,0,'Ouest',1,3000,0,'Ouest',1,6900,0,'Ouest',1,2600,0,'Ouest',1,6900,0,'Ouest',1,3200,0,'Ouest',1,7200,0,'Ouest',1,3000,0,'Ouest',1,6900,0,'Ouest',1,2900,0,'Ouest',1,6800,0,'Ouest',1,2700,0,'Ouest',1,6800,0,'Ouest',1,2900,0,'Ouest',1,6900,0,'Ouest',1,2900,0,'Ouest',1,6900,0,'Ouest',1,4700,0,'Ouest',1
