12501,'H59U000A-80-A',532,,253469,12,0,5,1,79,,253491,12,0,5,1,40,,253495,12,0,5,1,74,,253470,12,0,5,1,33,,253474,12,0,5,1,73,,253496,12,0,5,1,72,,253471,12,0,5,1,32,,253475,12,0,5,1,74,,253497,12,0,5,1,33,,253472,12,0,5,1,72,,253483,12,0,5,1,31,,253476,12,0,5,1,71,,253498,12,0,5,1,32,,253473,12,0,5,1,73,,253484,12,0,5,1,33,,253477,12,0,5,1,73,,253499,12,0,5,1,73,,253494,12,0,5,1,30,,253485,12,0,5,1,70,,253478,12,0,5,1,28,,253500,12,0,5,1,28,,253492,12,0,5,1,71,,253486,12,0,5,1,30,,253479,12,0,5,1,71,,253501,12,0,5,1,72,,253493,12,0,5,1,32,,253487,12,0,5,1,73,,253480,12,0,5,1,33,,253502,12,0,5,1,73,,253488,12,0,5,1,32,,253481,12,0,5,1,72,,253503,12,0,5,1,31,,253489,12,0,5,1,69,,253482,12,0,5,1,26,,253504,12,0,5,1,68,,253467,12,0,5,1,28,,253490,12,0,5,1,69,,253505,12,0,5,1,31,,253468,12,0,5,1
12501,'H59U000I-80-I',532,,253511,12,0,5,1,76,,253522,12,0,5,2,35,,253512,12,0,5,1,74,,253523,12,0,5,2,35,,253513,12,0,5,1,75,,253524,12,0,5,2,73,,253541,12,0,5,1,32,,253514,12,0,5,1,71,,253525,12,0,5,2,33,,253542,12,0,5,1,73,,253515,12,0,5,1,33,,253526,12,0,5,2,70,,253506,12,0,5,1,29,,253539,12,0,5,2,70,,253516,12,0,5,1,29,,253527,12,0,5,2,69,,253507,12,0,5,1,28,,253540,12,0,5,2,72,,253517,12,0,5,1,32,,253528,12,0,5,2,73,,253508,12,0,5,1,33,,253530,12,0,5,1,73,,253518,12,0,5,1,31,,253529,12,0,5,2,73,,253536,12,0,5,1,32,,253531,12,0,5,1,73,,253519,12,0,5,1,72,,253537,12,0,5,1,31,,253532,12,0,5,1,70,,253520,12,0,5,1,30,,253538,12,0,5,1,71,,253533,12,0,5,1,33,,253521,12,0,5,1,72,,253534,12,0,5,1,39,,253509,12,0,5,1,87,,253535,12,0,5,1,97,,253510,12,0,5,1
12501,'H59U000S-80-S',533,,253546,12,0,5,2,68,,253550,12,0,5,1,27,,253548,12,0,5,2,72,,253543,12,0,5,1,29,,253547,12,0,5,2,72,,253551,12,0,5,1,30,,253549,12,0,5,2,70,,253575,12,0,5,1,30,,253562,12,0,5,1,70,,253552,12,0,5,1,31,,253569,12,0,5,1,72,,253576,12,0,5,1,30,,253563,12,0,5,1,71,,253553,12,0,5,1,30,,253570,12,0,5,1,69,,253577,12,0,5,1,29,,253564,12,0,5,1,71,,253554,12,0,5,1,30,,253571,12,0,5,1,70,,253578,12,0,5,1,31,,253565,12,0,5,1,71,,253555,12,0,5,1,31,,253572,12,0,5,1,72,,253579,12,0,5,1,32,,253566,12,0,5,1,72,,253556,12,0,5,1,31,,253573,12,0,5,1,71,,253580,12,0,5,1,31,,253567,12,0,5,1,70,,253557,12,0,5,1,30,,253574,12,0,5,1,71,,253581,12,0,5,1,31,,253568,12,0,5,1,70,,253558,12,0,5,1,31,,253585,12,0,5,1,72,,253582,12,0,5,1,85,,253559,12,0,5,1,43,,253583,12,0,5,2,83,,253584,12,0,5,1
12501,'H59U100F-80-F1',532,,253591,12,0,5,1,76,,253602,12,0,5,2,35,,253592,12,0,5,1,74,,253603,12,0,5,2,35,,253593,12,0,5,1,75,,253604,12,0,5,2,73,,253621,12,0,5,1,32,,253594,12,0,5,1,71,,253605,12,0,5,2,33,,253622,12,0,5,1,73,,253595,12,0,5,1,33,,253606,12,0,5,2,70,,253586,12,0,5,1,29,,253619,12,0,5,2,70,,253596,12,0,5,1,29,,253607,12,0,5,2,69,,253587,12,0,5,1,28,,253620,12,0,5,2,72,,253597,12,0,5,1,32,,253608,12,0,5,2,73,,253588,12,0,5,1,33,,253610,12,0,5,1,73,,253598,12,0,5,1,31,,253609,12,0,5,2,73,,253616,12,0,5,1,32,,253611,12,0,5,1,73,,253599,12,0,5,1,72,,253617,12,0,5,1,31,,253612,12,0,5,1,70,,253600,12,0,5,1,30,,253618,12,0,5,1,71,,253613,12,0,5,1,33,,253601,12,0,5,1,72,,253614,12,0,5,1,39,,253589,12,0,5,1,87,,253615,12,0,5,1,97,,253590,12,0,5,1
12501,'H59U200F-80-F2',532,,253623,12,0,5,1,76,,253624,12,0,5,2,35,,253625,12,0,5,1,74,,253626,12,0,5,2,35,,253627,12,0,5,1,75,,253628,12,0,5,2,73,,253629,12,0,5,1,32,,253630,12,0,5,1,71,,253631,12,0,5,2,33,,253632,12,0,5,1,73,,253633,12,0,5,1,33,,253634,12,0,5,2,70,,253635,12,0,5,1,29,,253636,12,0,5,2,70,,253637,12,0,5,1,29,,253638,12,0,5,2,69,,253639,12,0,5,1,28,,253640,12,0,5,2,72,,253641,12,0,5,1,32,,253642,12,0,5,2,73,,253643,12,0,5,1,33,,253644,12,0,5,1,73,,253645,12,0,5,1,31,,253646,12,0,5,2,73,,253647,12,0,5,1,32,,253648,12,0,5,1,73,,253649,12,0,5,1,72,,253650,12,0,5,1,31,,253651,12,0,5,1,70,,253652,12,0,5,1,30,,253653,12,0,5,1,71,,253654,12,0,5,1,33,,253655,12,0,5,1,72,,253656,12,0,5,1,39,,253657,12,0,5,1,87,,253658,12,0,5,1,97,,253659,12,0,5,1
36001,'H56U000A-80-A',2619,,277137,22,0,5,1,82,,277140,22,0,5,1,45,,277138,22,0,5,1,86,,277139,22,0,5,1,86,,277141,22,0,5,1
36001,'H56U000I-80-I',2617,,277146,22,0,5,2,85,,277142,22,0,5,1,45,,277144,22,0,5,1,84,,277143,22,0,5,1,87,,277145,22,0,5,1
36001,'H56U000S-81-S',2619,,277149,22,0,5,2,85,,277147,22,0,5,1,44,,277150,22,0,5,1,85,,277151,22,0,5,2,84,,277148,22,0,5,1
36001,'H56U100F-80-F1',2617,,277156,22,0,5,2,85,,277152,22,0,5,1,45,,277154,22,0,5,1,84,,277153,22,0,5,1,87,,277155,22,0,5,1
36001,'H56U200F-80-F2',2617,,277161,22,0,5,2,85,,277157,22,0,5,1,45,,277159,22,0,5,1,84,,277158,22,0,5,1,87,,277160,22,0,5,1
