7201,'H50M000S-70-S',711,,110978,32,,,1,1044,,110979,32,,,2
7201,'H60M000S-71-S',609,,110984,32,,,1,14,,110985,32,,,1,14,,110994,32,,,2,21,,111000,32,,,2,47,,110981,32,,,1,15,,110990,32,,,2,6,,111001,32,,,1,8,,110995,32,,,1,8,,111009,32,,,2,11,,111007,32,,,2,48,,111008,32,,,1,5,,111016,32,,,1,12,,110986,32,,,1,18,,111017,32,,,2,9,,111002,32,,,2,8,,110996,32,,,1,49,,111019,32,,,1,19,,111011,32,,,2,19,,111018,32,,,1,18,,111003,32,,,1,65,,111013,32,,,1,28,,111020,32,,,1,69,,110991,32,,,1,29,,111004,32,,,1,69,,111014,32,,,1,30,,110987,32,,,1,71,,110992,32,,,1,30,,111005,32,,,1,70,,111021,32,,,1,30,,110988,32,,,1,71,,110993,32,,,1,32,,111006,32,,,1,73,,111022,32,,,1,33,,110989,32,,,1,68,,110982,32,,,1,96,,111024,32,,,1,30,,111025,32,,,2,67,,110983,32,,,1,30,,111023,32,,,1
7201,'H60M100F-71-F1',609,,111039,32,,,1,14,,111030,32,,,1,14,,111045,32,,,1,68,,111048,32,,,2,16,,111053,32,,,1,16,,111043,32,,,1,16,,111036,32,,,2,55,,111050,32,,,1,15,,111031,32,,,1,15,,111057,32,,,1,15,,111026,32,,,1,55,,111049,32,,,2,14,,111047,32,,,2,18,,111054,32,,,1,18,,111037,32,,,2,65,,111032,32,,,1,28,,111027,32,,,1,69,,111040,32,,,1,29,,111038,32,,,2,69,,111033,32,,,1,30,,111028,32,,,1,71,,111041,32,,,1,30,,111051,32,,,1,70,,111034,32,,,1,30,,111029,32,,,1,71,,111042,32,,,1,32,,111052,32,,,1,73,,111059,32,,,2,33,,111035,32,,,1,68,,111056,32,,,2,29,,111061,32,,,1,67,,111063,32,,,1,30,,111055,32,,,1,67,,111044,32,,,1,30,,111062,32,,,1
7201,'H60M200F-71-F2',609,,111100,32,,,1,14,,111073,32,,,1,14,,111098,32,,,1,68,,111099,32,,,2,16,,111091,32,,,1,16,,111097,32,,,1,16,,111078,32,,,2,55,,111084,32,,,1,15,,111074,32,,,1,15,,111093,32,,,1,15,,111068,32,,,1,55,,111090,32,,,2,14,,111089,32,,,2,18,,111092,32,,,1,18,,111079,32,,,2,65,,111075,32,,,1,28,,111069,32,,,1,69,,111081,32,,,1,29,,111080,32,,,2,69,,111076,32,,,1,30,,111070,32,,,1,71,,111082,32,,,1,30,,111085,32,,,1,70,,111077,32,,,1,30,,111071,32,,,1,71,,111083,32,,,1,32,,111086,32,,,1,73,,111088,32,,,2,33,,111072,32,,,1,68,,111095,32,,,2,29,,111066,32,,,1,67,,111064,32,,,1,30,,111094,32,,,1,67,,111065,32,,,1,30,,111067,32,,,1
7201,'H60M300F-71-F3',609,,111103,32,,,1,28,,111106,32,,,1,71,,111102,32,,,2,36,,111122,32,,,2,73,,111115,32,,,1,33,,111113,32,,,1,72,,111123,32,,,1,30,,111109,32,,,1,72,,111116,32,,,1,27,,111114,32,,,1,69,,111124,32,,,1,29,,111110,32,,,1,69,,111117,32,,,1,30,,111104,32,,,1,71,,111125,32,,,1,30,,111111,32,,,1,70,,111129,32,,,1,30,,111105,32,,,1,71,,111126,32,,,1,32,,111112,32,,,1,73,,111130,32,,,1,33,,111131,32,,,2,68,,111107,32,,,2,29,,111120,32,,,1,67,,111119,32,,,1,30,,111128,32,,,2,67,,111108,32,,,2,30,,111121,32,,,1
20401,'H60M000A-71-A',710,,149470,33,,,1,31,,149479,33,,,1,72,,149489,33,,,1,32,,149471,33,,,1,73,,149480,33,,,1,32,,149490,33,,,1,72,,149472,33,,,1,32,,149481,33,,,1,72,,149491,33,,,1,32,,149473,33,,,1,74,,149482,33,,,1,73,,149492,33,,,1,32,,149474,33,,,1,73,,149498,33,,,1,30,,149483,33,,,1,70,,149493,33,,,1,29,,149475,33,,,1,69,,149500,33,,,1,29,,149484,33,,,1,70,,149494,33,,,1,30,,149476,33,,,1,70,,149499,33,,,1,30,,149485,33,,,1,70,,149495,33,,,1,30,,149477,33,,,1,70,,149501,33,,,1,30,,149469,33,,,1,70,,149497,33,,,1,30,,149488,33,,,1,69,,149496,33,,,1,29,,149502,33,,,1,67,,149478,33,,,1,27,,149486,33,,,1,27,,149487,33,,,1
20401,'H60M000I-71-I',816,,149503,33,,,1,32,,149509,33,,,1,72,,149518,33,,,1,32,,149504,33,,,1,72,,149510,33,,,1,32,,149519,33,,,1,71,,149505,33,,,1,31,,149511,33,,,1,71,,149520,33,,,1,71,,149506,33,,,1,30,,149527,33,,,1,70,,149512,33,,,1,30,,149522,33,,,1,29,,149507,33,,,1,71,,149528,33,,,1,70,,149513,33,,,1,30,,149523,33,,,1,70,,149508,33,,,1,30,,149530,33,,,1,72,,149514,33,,,1,33,,149521,33,,,1,73,,149529,33,,,1,32,,149515,33,,,1,73,,149524,33,,,1,32,,149531,33,,,1,70,,149516,33,,,1,31,,149525,33,,,1,73,,149532,33,,,1,33,,149517,33,,,1,72,,149526,33,,,1,33,,149533,33,,,1
20401,'H60M000S-71-S',623,,149553,33,,,1,28,,149556,33,,,1,74,,149534,33,,,1,33,,149557,33,,,1,73,,149538,33,,,1,72,,149548,33,,,1,32,,149558,33,,,1,73,,149539,33,,,1,33,,149549,33,,,1,73,,149559,33,,,1,34,,149540,33,,,1,74,,149550,33,,,1,36,,149560,33,,,1,75,,149541,33,,,1,76,,149551,33,,,1,36,,149554,33,,,1,75,,149542,33,,,1,81,,149552,33,,,1,34,,149555,33,,,1,75,,149543,33,,,1,20,,149563,33,,,1,17,,149561,33,,,1,61,,149562,33,,,1,19,,149568,33,,,1,24,,149547,33,,,1,65,,149564,33,,,1,31,,149535,33,,,1,71,,149544,33,,,1,32,,149565,33,,,1,71,,149536,33,,,1,30,,149545,33,,,1,71,,149566,33,,,1,31,,149537,33,,,1,70,,149546,33,,,1,31,,149567,33,,,1
20401,'H60M100F-71-F1',816,,149575,33,,,1,32,,149581,33,,,1,72,,149591,33,,,1,32,,149576,33,,,1,72,,149582,33,,,1,32,,149592,33,,,1,71,,149577,33,,,1,31,,149583,33,,,1,71,,149593,33,,,1,71,,149578,33,,,1,30,,149584,33,,,1,70,,149571,33,,,1,30,,149594,33,,,1,29,,149579,33,,,1,71,,149585,33,,,1,70,,149569,33,,,1,30,,149595,33,,,1,70,,149580,33,,,1,30,,149586,33,,,1,72,,149570,33,,,1,33,,149596,33,,,1,73,,149587,33,,,1,32,,149572,33,,,1,73,,149597,33,,,1,32,,149590,33,,,1,70,,149573,33,,,1,31,,149598,33,,,1,73,,149588,33,,,1,33,,149574,33,,,1,72,,149599,33,,,1,33,,149589,33,,,1
20401,'H60M200F-71-F2',816,,149605,33,,,1,32,,149607,33,,,1,72,,149616,33,,,1,32,,149600,33,,,1,72,,149604,33,,,1,32,,149617,33,,,1,71,,149601,33,,,1,31,,149608,33,,,1,71,,149618,33,,,1,71,,149602,33,,,1,30,,149609,33,,,1,70,,149625,33,,,1,30,,149619,33,,,1,29,,149606,33,,,1,71,,149610,33,,,1,70,,149626,33,,,1,30,,149620,33,,,1,70,,149603,33,,,1,30,,149611,33,,,1,72,,149627,33,,,1,33,,149621,33,,,1,73,,149612,33,,,1,32,,149628,33,,,1,73,,149622,33,,,1,32,,149613,33,,,1,70,,149629,33,,,1,31,,149623,33,,,1,73,,149614,33,,,1,33,,149630,33,,,1,72,,149624,33,,,1,33,,149615,33,,,1
20401,'H60M300F-71-F3',816,,149638,33,,,1,32,,149644,33,,,1,72,,149653,33,,,1,32,,149639,33,,,1,72,,149645,33,,,1,32,,149654,33,,,1,71,,149640,33,,,1,31,,149646,33,,,1,71,,149655,33,,,1,71,,149641,33,,,1,30,,149631,33,,,1,70,,149647,33,,,1,30,,149656,33,,,1,29,,149642,33,,,1,71,,149632,33,,,1,70,,149648,33,,,1,30,,149657,33,,,1,70,,149643,33,,,1,30,,149633,33,,,1,72,,149649,33,,,1,33,,149658,33,,,1,73,,149634,33,,,1,32,,149650,33,,,1,73,,149659,33,,,1,32,,149635,33,,,1,70,,149651,33,,,1,31,,149660,33,,,1,73,,149636,33,,,1,33,,149652,33,,,1,72,,149661,33,,,1,33,,149637,33,,,1
