4902,'H50J000S-83-S',1021,,17960,37,0,10,2
4902,'H50JV00S-82-S',1021,,17961,37,0,10,2
4902,'H51J000S-80-S',911,,17963,37,0,10,1,17,,17962,37,0,10,1
4902,'H51JV00S-84-S',911,,17964,37,0,10,1,17,,17965,37,0,10,1
4902,'H54J000S-83-S',945,,17966,37,0,10,1,577,,17968,8,0,10,1,93,,17967,37,0,10,2,21,,17969,37,0,10,2
4902,'H54JV00S-80-S',945,,17970,37,0,10,1,577,,17971,8,0,10,1,93,,17972,37,0,10,2,21,,17973,37,0,10,2
4902,'H57J000S-81-S',846,,17974,37,0,10,1
4902,'H57JV00S-83-S',846,,17975,37,0,10,1
4902,'H58J000A-83-A',517,,17977,37,0,10,1,15,,17979,37,0,10,1,15,,17981,37,0,10,2,56,,17988,37,0,10,1,18,,17990,37,0,10,2,17,,17995,37,0,10,1,16,,18000,37,0,10,2,55,,18001,37,0,10,1,14,,18005,37,0,10,2,14,,17993,37,0,10,1,14,,18011,37,0,10,1,56,,17989,37,0,10,1,16,,17991,37,0,10,2,18,,18014,37,0,10,1,13,,17996,37,0,10,1,52,,17983,37,0,10,1,13,,18002,37,0,10,1,13,,18003,37,0,10,1,13,,17994,37,0,10,1,11,,18006,37,0,10,2,54,,18013,37,0,10,1,16,,18015,37,0,10,2,16,,17992,37,0,10,2,16,,18017,37,0,10,2,56,,17997,37,0,10,1,16,,18019,37,0,10,2,17,,18004,37,0,10,1,59,,18021,37,0,10,2,20,,18007,37,0,10,2,20,,18016,37,0,10,2,57,,18024,37,0,10,2,17,,18018,37,0,10,2,17,,17998,37,0,10,1,14,,18028,37,0,10,2,54,,18020,37,0,10,2,14,,18032,37,0,10,2,17,,18022,37,0,10,2,18,,18008,37,0,10,2,59,,17976,37,0,10,1,21,,18025,37,0,10,2,20,,17999,37,0,10,1,61,,18029,37,0,10,2,21,,18033,37,0,10,2,21,,18023,37,0,10,2,61,,18009,37,0,10,2,21,,17984,37,0,10,1,20,,18026,37,0,10,2,61,,17980,37,0,10,2,21,,17978,37,0,10,1,61,,17986,37,0,10,1,21,,18034,37,0,10,2,28,,17985,37,0,10,1,68,,17982,37,0,10,2,30,,18036,37,0,10,2,70,,17987,37,0,10,1,30,,18030,37,0,10,1,70,,18027,37,0,10,1,30,,18010,37,0,10,1,68,,18037,37,0,10,2,25,,18035,37,0,10,2,72,,18031,37,0,10,1,31,,18012,37,0,10,2,71,,18038,37,0,10,2
4902,'H58J000I-81-I',517,,18041,37,0,10,2,25,,18044,37,0,10,2,67,,18047,37,0,10,1,27,,18050,37,0,10,1,68,,18039,37,0,10,1,28,,18043,37,0,10,2,68,,18048,37,0,10,1,17,,18049,37,0,10,2,17,,18051,37,0,10,1,17,,18063,37,0,10,1,56,,18040,37,0,10,1,17,,18067,37,0,10,2,23,,18045,37,0,10,2,60,,18070,37,0,10,1,21,,18056,37,0,10,1,22,,18052,37,0,10,1,61,,18046,37,0,10,1,22,,18068,37,0,10,2,21,,18054,37,0,10,1,61,,18071,37,0,10,1,20,,18079,37,0,10,1,20,,18057,37,0,10,1,60,,18061,37,0,10,2,20,,18066,37,0,10,2,16,,18069,37,0,10,2,56,,18082,37,0,10,2,20,,18055,37,0,10,1,20,,18080,37,0,10,1,62,,18085,37,0,10,2,22,,18058,37,0,10,1,26,,18062,37,0,10,2,70,,18083,37,0,10,2,32,,18081,37,0,10,1,70,,18086,37,0,10,2,30,,18059,37,0,10,1,70,,18084,37,0,10,2,28,,18060,37,0,10,1,68,,18077,37,0,10,1,29,,18042,37,0,10,2,69,,18074,37,0,10,1,29,,18053,37,0,10,2,70,,18072,37,0,10,1,30,,18078,37,0,10,1,70,,18064,37,0,10,1,29,,18075,37,0,10,1,70,,18073,37,0,10,1,31,,18087,37,0,10,1,62,,18065,37,0,10,1,24,,18076,37,0,10,1
4902,'H58J000I-82-I',517,,18090,37,0,10,2,25,,18093,37,0,10,2,67,,18096,37,0,10,1,27,,18099,37,0,10,1,68,,18088,37,0,10,1,28,,18092,37,0,10,2,68,,18097,37,0,10,1,17,,18098,37,0,10,2,17,,18100,37,0,10,1,17,,18112,37,0,10,1,56,,18089,37,0,10,1,17,,18116,37,0,10,2,23,,18094,37,0,10,2,60,,18119,37,0,10,1,21,,18105,37,0,10,1,22,,18101,37,0,10,1,61,,18095,37,0,10,1,22,,18117,37,0,10,2,21,,18103,37,0,10,1,61,,18120,37,0,10,1,20,,18128,37,0,10,1,20,,18106,37,0,10,1,60,,18110,37,0,10,2,20,,18115,37,0,10,2,16,,18118,37,0,10,2,56,,18131,37,0,10,2,20,,18104,37,0,10,1,20,,18129,37,0,10,1,62,,18134,37,0,10,2,22,,18107,37,0,10,1,26,,18111,37,0,10,2,70,,18132,37,0,10,2,32,,18130,37,0,10,1,70,,18135,37,0,10,2,30,,18108,37,0,10,1,70,,18133,37,0,10,2,28,,18109,37,0,10,1,68,,18126,37,0,10,1,29,,18091,37,0,10,2,69,,18123,37,0,10,1,29,,18102,37,0,10,2,70,,18121,37,0,10,1,30,,18127,37,0,10,1,70,,18113,37,0,10,1,29,,18124,37,0,10,1,70,,18122,37,0,10,1,31,,18136,37,0,10,1,62,,18114,37,0,10,1,24,,18125,37,0,10,1
4902,'H58J000S-81-S',501,,18137,49,0,10,2,14,,18140,37,0,10,2,6,,18142,49,0,10,2,2,,18143,37,0,10,2,7,,18145,37,0,10,2,7,,18146,37,0,10,2,6,,18147,37,0,10,1,8,,18148,49,0,10,1,8,,18149,37,0,10,2,50,,18157,49,0,10,2,10,,18158,37,0,10,2,8,,18162,37,0,10,1,8,,18164,37,0,10,2,8,,18166,37,0,10,1,9,,18167,37,0,10,1,48,,18171,37,0,10,2,6,,18138,37,0,10,2,6,,18172,37,0,10,2,6,,18139,37,0,10,2,6,,18141,37,0,10,2,9,,18180,37,0,10,2,9,,18187,37,0,10,2,8,,18144,37,0,10,2,9,,18195,37,0,10,1,49,,18196,37,0,10,1,9,,18150,37,0,10,2,9,,18198,37,0,10,1,11,,18159,37,0,10,2,17,,18165,37,0,10,2,48,,18184,37,0,10,2,18,,18168,37,0,10,1,16,,18173,37,0,10,2,18,,18181,37,0,10,2,52,,18175,37,0,10,2,32,,18178,37,0,10,1,18,,18161,37,0,10,1,58,,18189,37,0,10,1,22,,18185,37,0,10,2,18,,18169,37,0,10,1,59,,18182,37,0,10,2,15,,18199,37,0,10,1,15,,18176,37,0,10,2,14,,18201,37,0,10,2,52,,18179,37,0,10,1,13,,18202,37,0,10,2,13,,18190,37,0,10,1,15,,18188,37,0,10,2,57,,18186,37,0,10,2,17,,18170,37,0,10,1,16,,18183,37,0,10,2,16,,18200,37,0,10,1,58,,18177,37,0,10,2,16,,18174,37,0,10,2,15,,18203,37,0,10,2,55,,18191,37,0,10,1,22,,18155,8,0,10,1,78,,18163,37,0,10,1,20,,18197,43,0,10,2,2,,18151,8,0,10,1,20,,18205,37,0,10,1,64,,18209,43,0,10,2,20,,18192,37,0,10,1,16,,18156,37,0,10,1,16,,18160,37,0,10,1,58,,18213,43,0,10,2,19,,18152,37,0,10,1,21,,18206,37,0,10,1,62,,18210,37,0,10,2,30,,18193,37,0,10,1,71,,18208,37,0,10,2,31,,18153,37,0,10,1,71,,18211,37,0,10,2,31,,18194,37,0,10,1,68,,18204,37,0,10,1,30,,18154,37,0,10,1,65,,18207,37,0,10,1,25,,18212,37,0,10,2
4902,'H58J000S-83-S',501,,18214,49,0,10,2,14,,18217,37,0,10,2,6,,18219,49,0,10,2,2,,18220,37,0,10,2,7,,18222,37,0,10,2,7,,18223,37,0,10,2,6,,18224,37,0,10,1,8,,18225,49,0,10,1,8,,18226,37,0,10,2,50,,18234,49,0,10,2,10,,18235,37,0,10,2,8,,18239,37,0,10,1,8,,18241,37,0,10,2,8,,18243,37,0,10,1,9,,18244,37,0,10,1,48,,18248,37,0,10,2,6,,18215,37,0,10,2,6,,18249,37,0,10,2,6,,18216,37,0,10,2,6,,18218,37,0,10,2,9,,18257,37,0,10,2,9,,18264,37,0,10,2,8,,18221,37,0,10,2,9,,18272,37,0,10,1,49,,18273,37,0,10,1,9,,18227,37,0,10,2,9,,18275,37,0,10,1,11,,18236,37,0,10,2,17,,18242,37,0,10,2,48,,18261,37,0,10,2,18,,18245,37,0,10,1,16,,18250,37,0,10,2,18,,18258,37,0,10,2,52,,18252,37,0,10,2,32,,18255,37,0,10,1,18,,18238,37,0,10,1,58,,18266,37,0,10,1,22,,18262,37,0,10,2,18,,18246,37,0,10,1,59,,18259,37,0,10,2,15,,18276,37,0,10,1,15,,18253,37,0,10,2,14,,18278,37,0,10,2,52,,18256,37,0,10,1,13,,18279,37,0,10,2,13,,18267,37,0,10,1,15,,18265,37,0,10,2,57,,18263,37,0,10,2,17,,18247,37,0,10,1,16,,18260,37,0,10,2,16,,18277,37,0,10,1,58,,18254,37,0,10,2,16,,18251,37,0,10,2,15,,18280,37,0,10,2,55,,18268,37,0,10,1,22,,18232,8,0,10,1,78,,18240,37,0,10,1,20,,18274,43,0,10,2,2,,18228,8,0,10,1,20,,18282,37,0,10,1,64,,18286,43,0,10,2,20,,18269,37,0,10,1,16,,18233,37,0,10,1,16,,18237,37,0,10,1,58,,18290,43,0,10,2,19,,18229,37,0,10,1,21,,18283,37,0,10,1,62,,18287,37,0,10,2,30,,18270,37,0,10,1,71,,18285,37,0,10,2,31,,18230,37,0,10,1,71,,18288,37,0,10,2,31,,18271,37,0,10,1,68,,18281,37,0,10,1,30,,18231,37,0,10,1,65,,18284,37,0,10,1,25,,18289,37,0,10,2
4902,'H58JV00A-80-A',517,,18291,37,0,10,1,15,,18346,37,0,10,1,15,,18350,37,0,10,2,56,,18304,37,0,10,1,18,,18307,37,0,10,2,17,,18310,37,0,10,1,16,,18293,37,0,10,2,55,,18297,37,0,10,1,14,,18315,37,0,10,2,14,,18337,37,0,10,1,14,,18294,37,0,10,1,56,,18305,37,0,10,1,16,,18308,37,0,10,2,18,,18340,37,0,10,1,13,,18311,37,0,10,1,52,,18301,37,0,10,1,13,,18298,37,0,10,1,13,,18299,37,0,10,1,13,,18338,37,0,10,1,11,,18316,37,0,10,2,54,,18306,37,0,10,1,16,,18341,37,0,10,2,16,,18309,37,0,10,2,16,,18295,37,0,10,2,56,,18312,37,0,10,1,16,,18347,37,0,10,2,17,,18300,37,0,10,1,59,,18321,37,0,10,2,20,,18317,37,0,10,2,20,,18342,37,0,10,2,57,,18324,37,0,10,2,17,,18296,37,0,10,2,17,,18313,37,0,10,1,14,,18327,37,0,10,2,54,,18320,37,0,10,2,14,,18329,37,0,10,2,17,,18322,37,0,10,2,18,,18318,37,0,10,2,59,,18352,37,0,10,1,21,,18325,37,0,10,2,20,,18314,37,0,10,1,61,,18328,37,0,10,2,21,,18330,37,0,10,2,21,,18323,37,0,10,2,61,,18319,37,0,10,2,21,,18302,37,0,10,1,20,,18326,37,0,10,2,61,,18353,37,0,10,2,21,,18292,37,0,10,1,61,,18348,37,0,10,1,21,,18335,37,0,10,2,28,,18303,37,0,10,1,68,,18351,37,0,10,2,30,,18331,37,0,10,2,70,,18349,37,0,10,1,30,,18343,37,0,10,1,70,,18334,37,0,10,1,30,,18339,37,0,10,1,68,,18332,37,0,10,2,25,,18336,37,0,10,2,72,,18344,37,0,10,1,31,,18345,37,0,10,2,71,,18333,37,0,10,2
4902,'H58JV00I-81-I',517,,18399,37,0,10,2,25,,18356,37,0,10,2,67,,18400,37,0,10,1,27,,18386,37,0,10,1,68,,18354,37,0,10,1,28,,18357,37,0,10,2,68,,18401,37,0,10,1,17,,18402,37,0,10,2,17,,18387,37,0,10,1,17,,18361,37,0,10,1,56,,18355,37,0,10,1,17,,18370,37,0,10,2,23,,18358,37,0,10,2,60,,18373,37,0,10,1,21,,18378,37,0,10,1,22,,18388,37,0,10,1,61,,18359,37,0,10,1,22,,18371,37,0,10,2,21,,18397,37,0,10,1,61,,18374,37,0,10,1,20,,18365,37,0,10,1,20,,18379,37,0,10,1,60,,18382,37,0,10,2,20,,18364,37,0,10,2,16,,18372,37,0,10,2,56,,18368,37,0,10,2,20,,18398,37,0,10,1,20,,18366,37,0,10,1,62,,18384,37,0,10,2,22,,18380,37,0,10,1,26,,18383,37,0,10,2,70,,18369,37,0,10,2,32,,18367,37,0,10,1,70,,18385,37,0,10,2,30,,18381,37,0,10,1,70,,18377,37,0,10,2,28,,18389,37,0,10,1,68,,18393,37,0,10,1,29,,18396,37,0,10,2,69,,18390,37,0,10,1,29,,18360,37,0,10,2,70,,18375,37,0,10,1,30,,18394,37,0,10,1,70,,18362,37,0,10,1,29,,18391,37,0,10,1,70,,18376,37,0,10,1,31,,18395,37,0,10,1,62,,18363,37,0,10,1,24,,18392,37,0,10,1
4902,'H58JV00S-82-S',501,,18403,49,0,10,1,14,,18406,37,0,10,1,6,,18408,49,0,10,2,2,,18409,37,0,10,2,7,,18411,37,0,10,1,7,,18412,37,0,10,2,6,,18413,37,0,10,1,8,,18414,49,0,10,1,8,,18415,37,0,10,2,50,,18423,49,0,10,2,10,,18424,37,0,10,2,8,,18428,37,0,10,1,8,,18430,37,0,10,1,8,,18432,37,0,10,1,9,,18433,37,0,10,1,48,,18437,37,0,10,1,6,,18404,37,0,10,2,6,,18438,37,0,10,2,6,,18405,37,0,10,1,6,,18407,37,0,10,2,9,,18446,37,0,10,2,9,,18453,37,0,10,2,8,,18410,37,0,10,2,9,,18461,37,0,10,1,49,,18462,37,0,10,1,9,,18416,37,0,10,2,9,,18464,37,0,10,1,11,,18425,37,0,10,2,17,,18431,37,0,10,2,48,,18450,37,0,10,1,18,,18434,37,0,10,1,16,,18439,37,0,10,2,18,,18447,37,0,10,2,52,,18441,37,0,10,1,32,,18444,37,0,10,1,18,,18427,37,0,10,1,58,,18455,37,0,10,1,22,,18451,37,0,10,2,18,,18435,37,0,10,1,59,,18448,37,0,10,2,15,,18465,37,0,10,1,15,,18442,37,0,10,2,14,,18467,37,0,10,2,52,,18445,37,0,10,1,13,,18468,37,0,10,2,13,,18456,37,0,10,1,15,,18454,37,0,10,2,57,,18452,37,0,10,2,17,,18436,37,0,10,1,16,,18449,37,0,10,2,16,,18466,37,0,10,1,58,,18443,37,0,10,2,16,,18440,37,0,10,1,15,,18469,37,0,10,2,55,,18457,37,0,10,1,22,,18421,8,0,10,1,78,,18429,37,0,10,1,20,,18463,43,0,10,2,2,,18417,8,0,10,1,20,,18471,37,0,10,1,64,,18475,43,0,10,2,20,,18458,37,0,10,1,16,,18422,37,0,10,1,16,,18426,37,0,10,1,58,,18479,43,0,10,2,19,,18418,37,0,10,1,21,,18472,37,0,10,1,62,,18476,37,0,10,2,30,,18459,37,0,10,1,71,,18474,37,0,10,1,31,,18419,37,0,10,1,71,,18477,37,0,10,2,31,,18460,37,0,10,1,68,,18470,37,0,10,1,30,,18420,37,0,10,1,65,,18473,37,0,10,1,25,,18478,37,0,10,2
