19604,'H60U000S-86-S',545,,269317,1,0,9,1,7,,269318,1,0,9,1,48,,269323,1,0,9,1,8,,269328,1,0,9,2,8,,269310,1,0,9,1,6,,269329,1,0,9,2,6,,269331,1,0,9,2,6,,269335,1,0,9,2,6,,269316,1,0,9,1,6,,269342,1,0,9,2,6,,269343,1,0,9,2,7,,269327,1,0,9,2,47,,269347,1,0,9,2,6,,269348,1,0,9,2,6,,269330,1,0,9,2,7,,269333,1,0,9,2,6,,269324,1,0,9,1,6,,269349,1,0,9,2,7,,269325,1,0,9,2,7,,269319,1,0,9,1,51,,269332,1,0,9,2,12,,269311,1,0,9,1,12,,269326,1,0,9,2,12,,269336,1,0,9,2,12,,269337,1,0,9,2,52,,269350,1,0,9,2,12,,269344,1,0,9,1,12,,269334,1,0,9,2,20,,269320,1,0,9,1,66,,269312,1,0,9,1,29,,269338,1,0,9,2,69,,269345,1,0,9,1,28,,269321,1,0,9,1,68,,269313,1,0,9,1,28,,269339,1,0,9,2,68,,269346,1,0,9,1,28,,269322,1,0,9,1,27,,269314,1,0,9,1,63,,269353,1,0,9,1,25,,269351,1,0,9,1,66,,269340,1,0,9,1,31,,269355,1,0,9,2,72,,269354,1,0,9,2,30,,269352,1,0,9,1,71,,269341,1,0,9,1,29,,269356,1,0,9,2,66,,269357,1,0,9,1,26,,269315,1,0,9,1,64,,269358,1,0,9,1
19604,'H60U100F-85-F1',545,,269361,1,0,9,1,71,,269369,1,0,9,1,30,,269359,1,0,9,1,72,,269375,1,0,9,2,33,,269360,1,0,9,1,73,,269370,1,0,9,1,31,,269365,1,0,9,2,66,,269376,1,0,9,2,25,,269362,1,0,9,1,66,,269377,1,0,9,2,29,,269371,1,0,9,1,69,,269366,1,0,9,2,28,,269363,1,0,9,1,68,,269378,1,0,9,2,28,,269372,1,0,9,1,68,,269367,1,0,9,2,28,,269364,1,0,9,1,27,,269379,1,0,9,2,63,,269381,1,0,9,1,25,,269382,1,0,9,2,66,,269368,1,0,9,2,31,,269373,1,0,9,1,72,,269380,1,0,9,2,30,,269383,1,0,9,1,71,,269385,1,0,9,2,29,,269387,1,0,9,1,66,,269374,1,0,9,1,26,,269386,1,0,9,2,64,,269384,1,0,9,1
19604,'H60U200F-83-F2',545,,269390,1,0,9,1,71,,269398,1,0,9,1,30,,269388,1,0,9,1,72,,269404,1,0,9,2,33,,269389,1,0,9,1,73,,269399,1,0,9,1,31,,269394,1,0,9,2,66,,269405,1,0,9,2,25,,269391,1,0,9,1,66,,269406,1,0,9,2,29,,269400,1,0,9,1,69,,269395,1,0,9,2,28,,269392,1,0,9,1,68,,269407,1,0,9,2,28,,269401,1,0,9,1,68,,269396,1,0,9,2,28,,269393,1,0,9,1,27,,269408,1,0,9,2,63,,269410,1,0,9,1,25,,269411,1,0,9,2,66,,269397,1,0,9,2,31,,269402,1,0,9,1,72,,269409,1,0,9,2,30,,269412,1,0,9,1,71,,269414,1,0,9,2,29,,269416,1,0,9,1,66,,269403,1,0,9,1,26,,269415,1,0,9,2,64,,269413,1,0,9,1
38002,'H50U000A-82-A',2657,,277976,65,0,10,2,86,,277977,65,0,10,1,82,,277978,65,0,10,1,85,,277979,65,0,10,1
38002,'H50U000I-82-I',2635,,277980,65,0,10,1,84,,277982,65,0,10,1,91,,277985,65,0,10,1,49,,277984,65,0,10,1,59,,277983,65,0,10,1,15,,277981,65,0,10,1
38002,'H50U000S-83-S',2637,,277986,65,0,10,1,86,,277991,65,0,10,2,85,,277990,65,0,10,1,100,,277989,65,0,10,2,15,,277987,65,0,10,2,8,,277992,65,0,10,1,21,,277988,65,0,10,1
38002,'H50U100F-80-F1',2635,,277993,65,0,10,1,84,,277995,65,0,10,1,91,,277998,65,0,10,1,49,,277997,65,0,10,1,59,,277996,65,0,10,1,15,,277994,65,0,10,1
38002,'H50U200F-80-F2',2635,,277999,65,0,10,1,84,,278001,65,0,10,1,91,,278004,65,0,10,1,49,,278003,65,0,10,1,59,,278002,65,0,10,1,15,,278000,65,0,10,1
38002,'H54U000I-80-I',2939,,278006,65,0,10,1,6,,278005,65,0,10,1
38002,'H54U000S-81-S',2938,,278007,65,0,10,2
38002,'H54U100F-80-F1',2939,,278009,65,0,10,1,6,,278008,65,0,10,1
38002,'H54U200F-82-F2',2939,,278011,65,0,10,1,6,,278010,65,0,10,2
