'26J-H54J000S-83-S',4001,62300,0,'Est',1,3300,0,'Est',2,7700,0,'Est',1,7900,0,'ÉS P.A.T.',1,3900,0,'Est',2,8000,0,'Est',1,8100,0,'Est',1,3800,0,'Est',2,8100,0,'Est',1,8100,0,'Est',1,4200,0,'Est',2,8000,0,'Est',1,8000,0,'Est',1,4200,0,'Est',2,8100,0,'Est',1,8000,0,'Est',1,2500,0,'Est',2,6400,0,'Est',1,3500,0,'Est',1,7300,0,'Est',1,3500,0,'Est',1,7400,0,'Est',1
'26J-H54JV00S-80-S',4001,62300,0,'Est',1,3300,0,'Est',1,7700,0,'Est',1,7900,0,'ÉS P.A.T.',1,3900,0,'Est',1,8000,0,'Est',1,8100,0,'Est',1,3800,0,'Est',1,8100,0,'Est',1,8100,0,'Est',1,4200,0,'Est',1,8000,0,'Est',1,8000,0,'Est',1,4200,0,'Est',1,8100,0,'Est',1,8000,0,'Est',1,2500,0,'Est',1,6400,0,'Est',1,3500,0,'Est',1,7300,0,'Est',1,3500,0,'Est',1,7400,0,'Est',1
'26J-H51J000S-80-S',18601,160900,0,'Est',2
'26J-H51JV00S-84-S',18601,160900,0,'Est',2
'26J-H54J000A-80-A',18601,52430,0,'Est',1,3100,0,'Est',1,7200,0,'Est',1,3100,0,'Est',1,7210,0,'Est',1,7300,0,'Est',1,3010,0,'Est',1,7050,0,'Est',2,3000,0,'Est',1,7000,0,'Est',2,3200,0,'Est',2,7300,0,'Est',1,3300,0,'Est',1,7300,0,'Est',1,3200,0,'Est',2,6600,0,'Est',1,2100,0,'Est',1,2000,0,'Est',1,6000,0,'Est',2,2000,0,'Est',1,1900,0,'Est',1,5900,0,'Est',1,1800,0,'Est',1,1700,0,'Est',2,5800,0,'Est',1,1800,0,'Est',1,1700,0,'Est',1,1700,0,'Est',1,5600,0,'Est',2,1700,0,'Est',1,1800,0,'Est',1,5700,0,'Est',1,1600,0,'Est',1,1700,0,'Est',2,6600,0,'Est',1,2700,0,'Est',1,2800,0,'Est',2,6800,0,'Est',1,2800,0,'Est',2,6900,0,'Est',1,3100,0,'Est',1,7200,0,'Est',2,7300,0,'Est',1,3250,0,'Est',1,7100,0,'Est',2,3300,0,'Est',1,7200,0,'Est',1,3200,0,'Est',1,7100,0,'Est',1
'26J-H54J000I-80-I',18601,52540,0,'Est',1,3000,0,'Est',2,7200,0,'Est',1,3100,0,'Est',2,7110,0,'Est',1,7200,0,'Est',2,3200,0,'Est',1,7200,0,'Est',2,2900,0,'Est',1,7150,0,'Est',1,2800,0,'Est',2,7000,0,'Est',2,3000,0,'Est',1,7000,0,'Est',2,2910,0,'Est',2,6900,0,'Est',1,2900,0,'Est',1,6900,0,'Est',1,2800,0,'Est',1,2800,0,'Est',2,6700,0,'Est',1,2700,0,'Est',1,6600,0,'Est',2,2500,0,'Est',1,1500,0,'Est',1,5500,0,'Est',1,1500,0,'Est',1,1500,0,'Est',2,1500,0,'Est',1,6600,0,'Est',1,2500,0,'Est',2,6600,0,'Est',1,2500,0,'Est',1,6500,0,'Est',2,2390,0,'Est',1,2900,0,'Est',1,7100,0,'Est',1,3100,0,'Est',1,7100,0,'Est',2,7200,0,'Est',1,3100,0,'Est',1,6950,0,'Est',1,3100,0,'Est',1,7090,0,'Est',1,3200,0,'Est',1
'26J-H54J000S-83-S',18601,52850,0,'Est',1,2400,0,'Est',1,7500,0,'Est',1,3000,0,'Est',1,7000,0,'Est',2,2800,0,'Est',2,7100,0,'Est',1,2900,0,'Est',2,6900,0,'Est',1,2900,0,'Est',1,7000,0,'Est',1,3000,0,'Est',1,7000,0,'Est',1,2700,0,'Est',1,6000,0,'Est',1,1800,0,'Est',1,1700,0,'Est',1,6000,0,'Est',2,2000,0,'Est',1,1950,0,'Est',1,6300,0,'Est',1,2200,0,'Est',2,2200,0,'Est',1,6100,0,'Est',1,1500,0,'Est',2,1400,0,'Est',1,1400,0,'Est',2,6600,0,'Est',1,1100,0,'Est',2,900,0,'Est',1,1000,0,'Est',2,5000,0,'Est',2,1000,0,'Est',2,1000,0,'Est',2,1000,0,'Est',2,1000,0,'Est',2,1000,0,'Est',1,5100,0,'Est',1,900,0,'Est',2,1600,0,'Est',1,1900,0,'Est',2,5800,0,'Est',2,2100,0,'Est',1,2300,0,'Est',1,6200,0,'Est',2,2400,0,'Est',1,2300,0,'Est',1,6400,0,'Est',1,2400,0,'Est',1,6400,0,'Est',1,2300,0,'Est',1,2300,0,'Est',1,6350,0,'Est',1,2700,0,'Est',1,6900,0,'Est',1,2900,0,'Est',1,6800,0,'Est',1,2700,0,'Est',1
'26J-H54JV00A-80-A',18601,52430,0,'Est',1,3100,0,'Est',1,7200,0,'Est',1,3100,0,'Est',1,7210,0,'Est',1,7300,0,'Est',1,3010,0,'Est',1,7050,0,'Est',2,3000,0,'Est',1,7000,0,'Est',2,3200,0,'Est',2,7300,0,'Est',1,3300,0,'Est',1,7300,0,'Est',1,3200,0,'Est',2,6600,0,'Est',1,2100,0,'Est',1,2000,0,'Est',1,6000,0,'Est',2,2000,0,'Est',1,1900,0,'Est',1,5900,0,'Est',1,1800,0,'Est',1,1700,0,'Est',2,5800,0,'Est',1,1800,0,'Est',1,1700,0,'Est',1,1700,0,'Est',1,5600,0,'Est',2,1700,0,'Est',1,1800,0,'Est',1,5700,0,'Est',1,1600,0,'Est',1,1700,0,'Est',2,6600,0,'Est',1,2700,0,'Est',1,2800,0,'Est',2,6800,0,'Est',1,2800,0,'Est',2,6900,0,'Est',1,3100,0,'Est',1,7200,0,'Est',2,7300,0,'Est',1,3250,0,'Est',1,7100,0,'Est',2,3300,0,'Est',1,7200,0,'Est',1,3200,0,'Est',1,7100,0,'Est',1
'26J-H54JV00I-80-I',18601,52540,0,'Est',1,3000,0,'Est',2,7200,0,'Est',1,3100,0,'Est',2,7110,0,'Est',1,7200,0,'Est',2,3200,0,'Est',1,7200,0,'Est',2,2900,0,'Est',1,7150,0,'Est',1,2800,0,'Est',2,7000,0,'Est',2,3000,0,'Est',1,7000,0,'Est',2,2910,0,'Est',2,6900,0,'Est',1,2900,0,'Est',1,6900,0,'Est',1,2800,0,'Est',1,2800,0,'Est',2,6700,0,'Est',1,2700,0,'Est',1,6600,0,'Est',2,2500,0,'Est',1,1500,0,'Est',1,5500,0,'Est',1,1500,0,'Est',1,1500,0,'Est',2,1500,0,'Est',1,6600,0,'Est',1,2500,0,'Est',2,6600,0,'Est',1,2500,0,'Est',1,6500,0,'Est',2,2390,0,'Est',1,2900,0,'Est',1,7100,0,'Est',1,3100,0,'Est',1,7100,0,'Est',2,7200,0,'Est',1,3100,0,'Est',1,6950,0,'Est',1,3100,0,'Est',1,7090,0,'Est',1,3200,0,'Est',1
'26J-H54JV00S-80-S',18601,52850,0,'Est',1,2400,0,'Est',1,7500,0,'Est',1,3000,0,'Est',1,7000,0,'Est',2,2800,0,'Est',1,7100,0,'Est',1,2900,0,'Est',2,6900,0,'Est',1,2900,0,'Est',1,7000,0,'Est',1,3000,0,'Est',1,7000,0,'Est',1,2700,0,'Est',1,6000,0,'Est',1,1800,0,'Est',1,1700,0,'Est',1,6000,0,'Est',2,2000,0,'Est',1,1950,0,'Est',1,6300,0,'Est',1,2200,0,'Est',2,2200,0,'Est',1,6100,0,'Est',1,1500,0,'Est',2,1400,0,'Est',1,1400,0,'Est',2,6600,0,'Est',1,1100,0,'Est',2,900,0,'Est',1,1000,0,'Est',2,5000,0,'Est',2,1000,0,'Est',2,1000,0,'Est',2,1000,0,'Est',1,1000,0,'Est',2,1000,0,'Est',1,5100,0,'Est',1,900,0,'Est',1,1600,0,'Est',1,1900,0,'Est',1,5800,0,'Est',2,2100,0,'Est',1,2300,0,'Est',1,6200,0,'Est',1,2400,0,'Est',1,2300,0,'Est',1,6400,0,'Est',1,2400,0,'Est',1,6400,0,'Est',1,2300,0,'Est',1,2300,0,'Est',1,6350,0,'Est',1,2700,0,'Est',1,6900,0,'Est',1,2900,0,'Est',1,6800,0,'Est',1,2700,0,'Est',1
'26J-H54J000A-80-A',36201,271010,0,'Est',1,4500,0,'Est',1,8500,0,'Est',1,8500,0,'Est',1
'26J-H54J000I-80-I',36201,262610,0,'Est',1,8400,0,'Est',1,4400,0,'Est',1,8500,0,'Est',1,8500,0,'Est',1
'26J-H54J000S-83-S',36201,262410,0,'Est',1,8500,0,'Est',1,4500,0,'Est',2,8500,0,'Est',1,8500,0,'Est',1
'26J-H54JV00A-80-A',36201,271010,0,'Est',1,4500,0,'Est',1,8500,0,'Est',1,8500,0,'Est',1
'26J-H54JV00I-80-I',36201,262610,0,'Est',1,8400,0,'Est',1,4400,0,'Est',1,8500,0,'Est',1,8500,0,'Est',1
'26J-H54JV00S-80-S',36201,262410,0,'Est',1,8500,0,'Est',1,4500,0,'Est',2,8500,0,'Est',1,8500,0,'Est',1
'26J-H57J000S-81-S',43001,125120,0,'Est',1,7110,0,'Est',1,3100,0,'Est',1,7100,0,'Est',2,3400,0,'Est',1,7400,0,'Est',1,7700,0,'Est',2,3200,0,'Est',2,7000,0,'Est',1,3000,0,'Est',1,6400,0,'Est',2,2700,0,'Est',1,2390,0,'Est',1,6400,0,'Est',1,2700,0,'Est',1
'26J-H57JV00S-83-S',43001,125120,0,'Est',1,7110,0,'Est',1,3100,0,'Est',1,7100,0,'Est',2,3400,0,'Est',1,7400,0,'Est',1,7700,0,'Est',2,3200,0,'Est',2,7000,0,'Est',1,3000,0,'Est',1,6400,0,'Est',2,2700,0,'Est',1,2390,0,'Est',1,6400,0,'Est',1,2700,0,'Est',1
'26J-H54J000S-83-S',48601,144820,0,'Est',1,6600,0,'Est',1,2600,0,'Est',2,6500,0,'Est',1,2400,0,'Est',2,2300,0,'Est',2,6100,0,'Est',1,2000,0,'Est',2,2000,0,'Est',2,6300,0,'Est',2,2600,0,'Est',2,6900,0,'Est',1,1400,0,'Est',1
'26J-H54JV00S-80-S',48601,144820,0,'Est',1,6600,0,'Est',1,2600,0,'Est',2,6500,0,'Est',1,2400,0,'Est',2,2300,0,'Est',2,6100,0,'Est',1,2000,0,'Est',2,2000,0,'Est',2,6300,0,'Est',1,2600,0,'Est',2,6900,0,'Est',1,1400,0,'Est',1
