9502,'H50J000S-83-S',719,,33173,20,0,10,1
9502,'H50JV00S-82-S',719,,33174,20,0,10,1
9502,'H51J000A-82-A',509,,33175,20,0,10,1,33,,33191,20,0,10,2,76,,33176,20,0,10,1,34,,33192,20,0,10,2,72,,33205,20,0,10,1,32,,33177,20,0,10,1,71,,33193,20,0,10,2,30,,33206,20,0,10,1,70,,33178,20,0,10,1,30,,33194,20,0,10,2,70,,33207,20,0,10,1,31,,33179,20,0,10,1,70,,33195,20,0,10,2,23,,33212,20,0,10,1,62,,33208,20,0,10,1,29,,33180,20,0,10,1,66,,33196,20,0,10,2,24,,33213,20,0,10,1,24,,33209,20,0,10,1,60,,33189,20,0,10,1,21,,33181,20,0,10,1,20,,33197,20,0,10,2,59,,33214,20,0,10,1,18,,33218,20,0,10,2,19,,33210,20,0,10,1,59,,33190,20,0,10,1,20,,33182,20,0,10,1,25,,33198,20,0,10,2,65,,33219,20,0,10,2,25,,33211,20,0,10,1,69,,33183,20,0,10,1,29,,33199,20,0,10,2,72,,33215,20,0,10,2,29,,33184,20,0,10,1,69,,33200,20,0,10,2,30,,33216,20,0,10,2,70,,33185,20,0,10,1,30,,33201,20,0,10,2,70,,33203,20,0,10,1,30,,33186,20,0,10,1,72,,33202,20,0,10,2,31,,33204,20,0,10,1,74,,33187,20,0,10,1,33,,33217,20,0,10,2,74,,33188,20,0,10,1
9502,'H51J000I-82-I',509,,33220,20,0,10,1,28,,33221,20,0,10,1,73,,33233,20,0,10,2,35,,33222,20,0,10,1,75,,33234,20,0,10,2,33,,33244,20,0,10,2,73,,33223,20,0,10,1,31,,33235,20,0,10,2,70,,33245,20,0,10,2,27,,33224,20,0,10,1,57,,33251,20,0,10,1,18,,33236,20,0,10,2,30,,33246,20,0,10,2,70,,33225,20,0,10,1,71,,33237,20,0,10,2,25,,33252,20,0,10,2,26,,33247,20,0,10,2,67,,33226,20,0,10,1,25,,33238,20,0,10,2,64,,33253,20,0,10,2,24,,33248,20,0,10,2,24,,33227,20,0,10,1,64,,33239,20,0,10,2,24,,33254,20,0,10,2,64,,33249,20,0,10,2,22,,33228,20,0,10,1,23,,33255,20,0,10,1,63,,33240,20,0,10,2,23,,33250,20,0,10,2,62,,33229,20,0,10,1,21,,33256,20,0,10,1,30,,33241,20,0,10,2,70,,33230,20,0,10,1,28,,33257,20,0,10,1,69,,33242,20,0,10,2,29,,33231,20,0,10,1,69,,33258,20,0,10,1,28,,33243,20,0,10,2,69,,33232,20,0,10,1,29,,33259,20,0,10,1,73,,33262,20,0,10,1,35,,33260,20,0,10,1,72,,33263,20,0,10,2,32,,33261,20,0,10,1
9502,'H51J000S-80-S',511,,33264,20,0,10,1,23,,33273,20,0,10,2,68,,33276,20,0,10,2,29,,33265,20,0,10,1,28,,33274,20,0,10,2,80,,33277,20,0,10,2,61,,33278,20,0,10,1,24,,33266,20,0,10,1,23,,33275,20,0,10,2,66,,33270,20,0,10,1,30,,33279,20,0,10,1,72,,33267,20,0,10,1,32,,33271,20,0,10,1,72,,33280,20,0,10,1,32,,33268,20,0,10,1,61,,33282,20,0,10,1,22,,33272,20,0,10,1,21,,33281,20,0,10,1,61,,33290,20,0,10,2,21,,33269,20,0,10,1,64,,33283,20,0,10,1,24,,33293,20,0,10,1,24,,33300,20,0,10,2,64,,33291,20,0,10,2,24,,33306,20,0,10,1,64,,33284,20,0,10,1,24,,33294,20,0,10,1,29,,33301,20,0,10,2,68,,33292,20,0,10,2,32,,33285,20,0,10,1,73,,33295,20,0,10,1,31,,33302,20,0,10,2,71,,33286,20,0,10,1,30,,33296,20,0,10,1,70,,33303,20,0,10,2,30,,33287,20,0,10,1,70,,33297,20,0,10,1,30,,33304,20,0,10,2,68,,33288,20,0,10,1,29,,33298,20,0,10,1,69,,33305,20,0,10,2,30,,33289,20,0,10,1,69,,33299,20,0,10,1,31,,33307,20,0,10,2
9502,'H51JV00A-80-A',509,,33332,20,0,10,1,33,,33311,20,0,10,2,76,,33333,20,0,10,1,34,,33312,20,0,10,2,72,,33323,20,0,10,1,32,,33334,20,0,10,1,71,,33313,20,0,10,2,30,,33324,20,0,10,1,70,,33335,20,0,10,1,30,,33314,20,0,10,2,70,,33325,20,0,10,1,31,,33336,20,0,10,1,70,,33315,20,0,10,2,23,,33348,20,0,10,1,62,,33326,20,0,10,1,29,,33337,20,0,10,1,66,,33316,20,0,10,2,24,,33349,20,0,10,1,24,,33327,20,0,10,1,60,,33308,20,0,10,1,21,,33338,20,0,10,1,20,,33317,20,0,10,2,59,,33350,20,0,10,1,18,,33330,20,0,10,2,19,,33328,20,0,10,1,59,,33309,20,0,10,1,20,,33339,20,0,10,1,25,,33318,20,0,10,2,65,,33331,20,0,10,2,25,,33329,20,0,10,1,69,,33340,20,0,10,1,29,,33319,20,0,10,2,72,,33351,20,0,10,2,29,,33341,20,0,10,1,69,,33320,20,0,10,2,30,,33352,20,0,10,2,70,,33342,20,0,10,1,30,,33321,20,0,10,2,70,,33345,20,0,10,1,30,,33343,20,0,10,1,72,,33322,20,0,10,2,31,,33346,20,0,10,1,74,,33344,20,0,10,1,33,,33347,20,0,10,2,74,,33310,20,0,10,1
9502,'H51JV00I-80-I',509,,33353,20,0,10,1,28,,33355,20,0,10,1,73,,33367,20,0,10,2,35,,33356,20,0,10,1,75,,33368,20,0,10,2,33,,33378,20,0,10,2,73,,33357,20,0,10,1,31,,33369,20,0,10,2,70,,33379,20,0,10,2,27,,33358,20,0,10,1,57,,33354,20,0,10,1,18,,33370,20,0,10,2,30,,33380,20,0,10,2,70,,33359,20,0,10,1,71,,33371,20,0,10,2,25,,33385,20,0,10,2,26,,33381,20,0,10,2,67,,33360,20,0,10,1,25,,33372,20,0,10,2,64,,33386,20,0,10,2,24,,33382,20,0,10,2,24,,33361,20,0,10,1,64,,33373,20,0,10,2,24,,33387,20,0,10,2,64,,33383,20,0,10,2,22,,33362,20,0,10,1,23,,33388,20,0,10,1,63,,33374,20,0,10,2,23,,33384,20,0,10,2,62,,33363,20,0,10,1,21,,33389,20,0,10,1,30,,33375,20,0,10,2,70,,33364,20,0,10,1,28,,33390,20,0,10,1,69,,33376,20,0,10,2,29,,33365,20,0,10,1,69,,33391,20,0,10,1,28,,33377,20,0,10,2,69,,33366,20,0,10,1,29,,33392,20,0,10,1,73,,33395,20,0,10,1,35,,33393,20,0,10,1,72,,33396,20,0,10,2,32,,33394,20,0,10,1
9502,'H51JV00S-84-S',511,,33397,20,0,10,1,23,,33406,20,0,10,2,68,,33409,20,0,10,2,29,,33398,20,0,10,1,28,,33407,20,0,10,2,80,,33410,20,0,10,2,61,,33411,20,0,10,1,24,,33399,20,0,10,1,23,,33408,20,0,10,2,66,,33403,20,0,10,1,30,,33412,20,0,10,1,72,,33400,20,0,10,1,32,,33404,20,0,10,1,72,,33413,20,0,10,1,32,,33401,20,0,10,1,61,,33415,20,0,10,1,22,,33405,20,0,10,1,21,,33414,20,0,10,1,61,,33423,20,0,10,2,21,,33402,20,0,10,1,64,,33416,20,0,10,1,24,,33426,20,0,10,1,24,,33433,20,0,10,2,64,,33424,20,0,10,2,24,,33439,20,0,10,1,64,,33417,20,0,10,1,24,,33427,20,0,10,1,29,,33434,20,0,10,2,68,,33425,20,0,10,2,32,,33418,20,0,10,1,73,,33428,20,0,10,1,31,,33435,20,0,10,2,71,,33419,20,0,10,1,30,,33429,20,0,10,1,70,,33436,20,0,10,2,30,,33420,20,0,10,1,70,,33430,20,0,10,1,30,,33437,20,0,10,2,68,,33421,20,0,10,1,29,,33431,20,0,10,1,69,,33438,20,0,10,2,30,,33422,20,0,10,1,69,,33432,20,0,10,1,31,,33440,20,0,10,2
14102,'H51J000S-80-S',605,,50555,41,0,10,1,23,,50560,41,0,10,1,87,,50562,41,0,10,1,897,,50556,41,0,10,1,121,,50561,41,0,10,1,91,,50557,41,0,10,1,26,,50559,41,0,10,1,54,,50558,41,0,10,1
14102,'H51JV00S-84-S',605,,50563,41,0,10,1,23,,50567,41,0,10,1,87,,50569,41,0,10,1,897,,50565,41,0,10,1,121,,50568,41,0,10,1,91,,50566,41,0,10,1,26,,50570,41,0,10,1,54,,50564,41,0,10,1
14102,'H54J000A-80-A',511,,50585,41,0,10,1,30,,50606,41,0,10,1,71,,50625,41,0,10,1,22,,50618,41,0,10,1,19,,50586,41,0,10,1,59,,50593,41,0,10,1,21,,50607,41,0,10,1,19,,50626,41,0,10,1,56,,50587,41,0,10,1,16,,50619,41,0,10,1,15,,50571,41,0,10,1,17,,50594,41,0,10,1,55,,50613,41,0,10,1,13,,50608,41,0,10,1,12,,50627,41,0,10,1,12,,50577,41,0,10,1,10,,50588,41,0,10,1,50,,50649,41,0,10,1,11,,50620,41,0,10,1,12,,50572,41,0,10,1,11,,50595,41,0,10,1,11,,50644,41,0,10,1,52,,50614,41,0,10,1,12,,50609,41,0,10,1,13,,50628,41,0,10,1,11,,50578,41,0,10,1,11,,50589,41,0,10,1,50,,50650,41,0,10,1,10,,50621,41,0,10,1,9,,50599,41,0,10,1,9,,50573,41,0,10,1,9,,50596,41,0,10,1,9,,50639,41,0,10,1,8,,50645,41,0,10,1,48,,50615,41,0,10,1,7,,50633,41,0,10,1,7,,50654,41,0,10,2,8,,50610,41,0,10,1,7,,50629,41,0,10,1,7,,50661,41,0,10,1,7,,50579,41,0,10,1,7,,50590,41,0,10,1,47,,50658,41,0,10,1,6,,50651,41,0,10,1,7,,50622,41,0,10,1,7,,50600,41,0,10,1,7,,50574,41,0,10,1,6,,50668,41,0,10,1,7,,50630,41,0,10,1,7,,50597,41,0,10,1,7,,50640,41,0,10,1,48,,50646,41,0,10,1,8,,50616,41,0,10,1,8,,50634,41,0,10,1,8,,50655,41,0,10,2,8,,50611,41,0,10,1,8,,50662,41,0,10,1,9,,50580,41,0,10,1,49,,50591,41,0,10,1,8,,50652,41,0,10,1,7,,50623,41,0,10,1,7,,50601,41,0,10,1,7,,50575,41,0,10,1,7,,50669,41,0,10,1,6,,50670,41,0,10,1,8,,50631,41,0,10,1,8,,50598,41,0,10,1,47,,50641,41,0,10,1,7,,50617,41,0,10,1,6,,50635,41,0,10,1,6,,50656,41,0,10,2,6,,50612,41,0,10,1,7,,50666,41,0,10,1,6,,50663,41,0,10,1,7,,50581,41,0,10,1,8,,50592,41,0,10,1,48,,50653,41,0,10,1,7,,50624,41,0,10,1,6,,50602,41,0,10,1,9,,50576,41,0,10,1,10,,50671,41,0,10,1,10,,50632,41,0,10,1,51,,50642,41,0,10,1,11,,50636,41,0,10,1,12,,50657,41,0,10,2,12,,50664,41,0,10,1,18,,50582,41,0,10,1,58,,50603,41,0,10,1,18,,50672,41,0,10,1,19,,50643,41,0,10,1,58,,50637,41,0,10,1,18,,50665,41,0,10,1,19,,50583,41,0,10,1,58,,50604,41,0,10,1,25,,50673,41,0,10,1,27,,50638,41,0,10,1,66,,50584,41,0,10,1,27,,50605,41,0,10,1,69,,50647,41,0,10,1,30,,50659,41,0,10,1,71,,50667,41,0,10,1,30,,50648,41,0,10,1,71,,50660,41,0,10,1
14102,'H54J000I-80-I',511,,50679,41,0,10,1,23,,50695,41,0,10,1,70,,50680,41,0,10,1,30,,50703,41,0,10,2,74,,50696,41,0,10,1,33,,50706,41,0,10,1,64,,50681,41,0,10,1,22,,50704,41,0,10,2,22,,50697,41,0,10,1,54,,50729,41,0,10,1,14,,50725,41,0,10,1,13,,50713,41,0,10,2,14,,50674,41,0,10,1,14,,50682,41,0,10,1,53,,50705,41,0,10,2,13,,50737,41,0,10,1,12,,50698,41,0,10,1,13,,50714,41,0,10,2,54,,50730,41,0,10,1,14,,50726,41,0,10,1,14,,50675,41,0,10,1,14,,50683,41,0,10,1,14,,50721,41,0,10,2,55,,50738,41,0,10,1,13,,50699,41,0,10,1,12,,50715,41,0,10,2,12,,50742,41,0,10,1,51,,50731,41,0,10,1,10,,50727,41,0,10,1,10,,50734,41,0,10,1,9,,50676,41,0,10,1,8,,50690,41,0,10,2,9,,50684,41,0,10,1,9,,50722,41,0,10,2,50,,50746,41,0,10,1,9,,50739,41,0,10,1,9,,50700,41,0,10,1,9,,50716,41,0,10,2,9,,50753,41,0,10,1,9,,50743,41,0,10,1,49,,50732,41,0,10,1,8,,50728,41,0,10,1,9,,50735,41,0,10,1,8,,50677,41,0,10,1,9,,50691,41,0,10,2,8,,50707,41,0,10,1,7,,50685,41,0,10,1,8,,50723,41,0,10,2,48,,50747,41,0,10,1,8,,50740,41,0,10,1,9,,50701,41,0,10,1,10,,50717,41,0,10,2,10,,50754,41,0,10,1,10,,50744,41,0,10,1,50,,50733,41,0,10,1,8,,50708,41,0,10,1,8,,50736,41,0,10,1,8,,50678,41,0,10,1,9,,50692,41,0,10,2,9,,50686,41,0,10,1,8,,50724,41,0,10,2,50,,50748,41,0,10,1,11,,50741,41,0,10,1,11,,50718,41,0,10,2,11,,50755,41,0,10,1,10,,50745,41,0,10,1,60,,50709,41,0,10,1,21,,50693,41,0,10,2,20,,50687,41,0,10,1,60,,50749,41,0,10,1,20,,50719,41,0,10,2,26,,50710,41,0,10,1,68,,50694,41,0,10,2,29,,50750,41,0,10,1,70,,50720,41,0,10,2,27,,50711,41,0,10,1,67,,50688,41,0,10,1,30,,50702,41,0,10,1,71,,50751,41,0,10,1,31,,50712,41,0,10,1,71,,50689,41,0,10,1,30,,50752,41,0,10,1
14102,'H54J000S-83-S',513,,50761,41,0,10,1,11,,50764,41,0,10,1,22,,50779,41,0,10,1,10,,50763,41,0,10,1,60,,50772,41,0,10,1,23,,50782,41,0,10,1,12,,50762,41,0,10,1,51,,50765,41,0,10,1,6,,50792,41,0,10,1,13,,50817,41,0,10,1,8,,50780,41,0,10,1,8,,50809,41,0,10,1,5,,50816,19,0,10,2,2,,50819,41,0,10,1,6,,50793,19,0,10,1,3,,50820,41,0,10,2,6,,50799,41,0,10,1,46,,50818,41,0,10,1,4,,50789,19,0,10,1,3,,50773,41,0,10,1,7,,50827,41,0,10,1,7,,50838,41,0,10,1,7,,50756,41,0,10,1,8,,50783,41,0,10,1,9,,50791,41,0,10,1,9,,50766,41,0,10,1,49,,50774,41,0,10,1,9,,50821,41,0,10,1,9,,50837,41,0,10,2,8,,50810,41,0,10,1,10,,50794,41,0,10,1,11,,50800,41,0,10,1,50,,50790,41,0,10,1,11,,50828,41,0,10,1,10,,50839,41,0,10,1,11,,50757,41,0,10,1,11,,50784,41,0,10,1,11,,50767,41,0,10,1,51,,50775,41,0,10,1,11,,50822,41,0,10,1,11,,50804,41,0,10,1,11,,50795,41,0,10,1,11,,50801,41,0,10,1,52,,50844,41,0,10,1,10,,50829,41,0,10,1,9,,50840,41,0,10,1,9,,50758,41,0,10,1,9,,50785,41,0,10,1,11,,50768,41,0,10,1,51,,50781,41,0,10,1,9,,50776,41,0,10,1,9,,50823,41,0,10,1,9,,50826,41,0,10,1,8,,50805,41,0,10,1,9,,50796,41,0,10,1,9,,50802,41,0,10,1,48,,50845,41,0,10,1,8,,50830,41,0,10,1,7,,50841,41,0,10,1,6,,50852,41,0,10,1,7,,50759,41,0,10,1,7,,50786,41,0,10,1,15,,50811,41,0,10,1,48,,50769,41,0,10,1,9,,50777,41,0,10,1,8,,50824,41,0,10,1,17,,50806,41,0,10,1,8,,50854,41,0,10,2,9,,50797,41,0,10,1,47,,50803,41,0,10,1,5,,50858,41,0,10,1,10,,50846,41,0,10,1,10,,50831,41,0,10,1,6,,50842,41,0,10,1,6,,50853,41,0,10,1,6,,50868,41,0,10,1,5,,50760,41,0,10,1,6,,50787,41,0,10,1,54,,50812,41,0,10,1,6,,50860,41,0,10,2,6,,50770,41,0,10,1,5,,50863,41,0,10,1,13,,50825,41,0,10,1,5,,50857,41,0,10,1,13,,50807,41,0,10,1,53,,50798,41,0,10,1,7,,50859,41,0,10,1,13,,50847,41,0,10,1,5,,50832,41,0,10,1,8,,50843,41,0,10,1,13,,50869,41,0,10,1,56,,50813,41,0,10,1,8,,50861,41,0,10,2,7,,50771,41,0,10,1,10,,50864,41,0,10,1,9,,50778,41,0,10,1,10,,50855,41,0,10,2,52,,50808,41,0,10,1,12,,50848,41,0,10,1,12,,50833,41,0,10,1,15,,50870,41,0,10,1,55,,50814,41,0,10,1,15,,50862,41,0,10,2,15,,50865,41,0,10,1,13,,50856,41,0,10,2,54,,50849,41,0,10,1,24,,50834,41,0,10,1,25,,50815,41,0,10,1,65,,50866,41,0,10,1,21,,50850,41,0,10,1,21,,50835,41,0,10,1,64,,50788,41,0,10,1,27,,50867,41,0,10,1,69,,50851,41,0,10,1,30,,50836,41,0,10,1
14102,'H54JV00A-80-A',511,,50871,41,0,10,1,30,,50891,41,0,10,1,71,,50958,41,0,10,1,22,,50898,41,0,10,1,19,,50884,41,0,10,1,59,,50905,41,0,10,1,21,,50892,41,0,10,1,19,,50959,41,0,10,1,56,,50885,41,0,10,1,16,,50899,41,0,10,1,15,,50878,41,0,10,1,17,,50906,41,0,10,1,55,,50911,41,0,10,1,13,,50893,41,0,10,1,12,,50960,41,0,10,1,12,,50950,41,0,10,1,10,,50886,41,0,10,1,50,,50934,41,0,10,1,11,,50900,41,0,10,1,12,,50879,41,0,10,1,11,,50907,41,0,10,1,11,,50963,41,0,10,1,52,,50912,41,0,10,1,12,,50894,41,0,10,1,13,,50961,41,0,10,1,11,,50951,41,0,10,1,11,,50887,41,0,10,1,50,,50935,41,0,10,1,10,,50901,41,0,10,1,9,,50916,41,0,10,1,9,,50880,41,0,10,1,9,,50908,41,0,10,1,9,,50923,41,0,10,1,8,,50964,41,0,10,1,48,,50913,41,0,10,1,7,,50928,41,0,10,1,7,,50944,41,0,10,2,8,,50895,41,0,10,1,7,,50962,41,0,10,1,7,,50939,41,0,10,1,7,,50952,41,0,10,1,7,,50888,41,0,10,1,47,,50872,41,0,10,1,6,,50936,41,0,10,1,7,,50902,41,0,10,1,7,,50917,41,0,10,1,7,,50881,41,0,10,1,6,,50948,41,0,10,1,7,,50875,41,0,10,1,7,,50909,41,0,10,1,7,,50924,41,0,10,1,48,,50965,41,0,10,1,8,,50914,41,0,10,1,8,,50929,41,0,10,1,8,,50945,41,0,10,2,8,,50896,41,0,10,1,8,,50940,41,0,10,1,9,,50953,41,0,10,1,49,,50889,41,0,10,1,8,,50937,41,0,10,1,7,,50903,41,0,10,1,7,,50918,41,0,10,1,7,,50882,41,0,10,1,7,,50949,41,0,10,1,6,,50968,41,0,10,1,8,,50876,41,0,10,1,8,,50910,41,0,10,1,47,,50925,41,0,10,1,7,,50915,41,0,10,1,6,,50930,41,0,10,1,6,,50946,41,0,10,2,6,,50897,41,0,10,1,7,,50873,41,0,10,1,6,,50941,41,0,10,1,7,,50954,41,0,10,1,8,,50890,41,0,10,1,48,,50938,41,0,10,1,7,,50904,41,0,10,1,6,,50919,41,0,10,1,9,,50883,41,0,10,1,10,,50969,41,0,10,1,10,,50877,41,0,10,1,51,,50926,41,0,10,1,11,,50931,41,0,10,1,12,,50947,41,0,10,2,12,,50942,41,0,10,1,18,,50955,41,0,10,1,58,,50920,41,0,10,1,18,,50970,41,0,10,1,19,,50927,41,0,10,1,58,,50932,41,0,10,1,18,,50943,41,0,10,1,19,,50956,41,0,10,1,58,,50921,41,0,10,1,25,,50971,41,0,10,1,27,,50933,41,0,10,1,66,,50957,41,0,10,1,27,,50922,41,0,10,1,69,,50966,41,0,10,1,30,,50972,41,0,10,1,71,,50874,41,0,10,1,30,,50967,41,0,10,1,71,,50973,41,0,10,1
14102,'H54JV00I-80-I',511,,50977,41,0,10,1,23,,51005,41,0,10,1,70,,50984,41,0,10,1,30,,50974,41,0,10,2,74,,51006,41,0,10,1,33,,51030,41,0,10,1,64,,50985,41,0,10,1,22,,50975,41,0,10,2,22,,51007,41,0,10,1,54,,51012,41,0,10,1,14,,51037,41,0,10,1,13,,50992,41,0,10,2,14,,50979,41,0,10,1,14,,50986,41,0,10,1,53,,50976,41,0,10,2,13,,51025,41,0,10,1,12,,51008,41,0,10,1,13,,50993,41,0,10,2,54,,51013,41,0,10,1,14,,51038,41,0,10,1,14,,50980,41,0,10,1,14,,50987,41,0,10,1,14,,51017,41,0,10,2,55,,51026,41,0,10,1,13,,51009,41,0,10,1,12,,50994,41,0,10,2,12,,51021,41,0,10,1,51,,51014,41,0,10,1,10,,51039,41,0,10,1,10,,51053,41,0,10,1,9,,50981,41,0,10,1,8,,51000,41,0,10,2,9,,50988,41,0,10,1,9,,51018,41,0,10,2,50,,51041,41,0,10,1,9,,51027,41,0,10,1,9,,51010,41,0,10,1,9,,50995,41,0,10,2,9,,51050,41,0,10,1,9,,51022,41,0,10,1,49,,51015,41,0,10,1,8,,51040,41,0,10,1,9,,51054,41,0,10,1,8,,50982,41,0,10,1,9,,51001,41,0,10,2,8,,51031,41,0,10,1,7,,50989,41,0,10,1,8,,51019,41,0,10,2,48,,51042,41,0,10,1,8,,51028,41,0,10,1,9,,51011,41,0,10,1,10,,50996,41,0,10,2,10,,51051,41,0,10,1,10,,51023,41,0,10,1,50,,51016,41,0,10,1,8,,51032,41,0,10,1,8,,51055,41,0,10,1,8,,50983,41,0,10,1,9,,51002,41,0,10,2,9,,50990,41,0,10,1,8,,51020,41,0,10,2,50,,51043,41,0,10,1,11,,51029,41,0,10,1,11,,50997,41,0,10,2,11,,51052,41,0,10,1,10,,51024,41,0,10,1,60,,51033,41,0,10,1,21,,51003,41,0,10,2,20,,50991,41,0,10,1,60,,51044,41,0,10,1,20,,50998,41,0,10,2,26,,51034,41,0,10,1,68,,51004,41,0,10,2,29,,51045,41,0,10,1,70,,50999,41,0,10,2,27,,51035,41,0,10,1,67,,51048,41,0,10,1,30,,50978,41,0,10,1,71,,51046,41,0,10,1,31,,51036,41,0,10,1,71,,51049,41,0,10,1,30,,51047,41,0,10,1
14102,'H54JV00S-80-S',513,,51056,41,0,10,1,11,,51059,41,0,10,1,22,,51077,41,0,10,1,10,,51058,41,0,10,1,60,,51067,41,0,10,1,23,,51086,41,0,10,1,12,,51057,41,0,10,1,51,,51060,41,0,10,1,6,,51100,41,0,10,1,13,,51127,41,0,10,1,8,,51078,41,0,10,1,8,,51118,41,0,10,1,5,,51126,19,0,10,2,2,,51138,41,0,10,1,6,,51071,19,0,10,1,3,,51139,41,0,10,2,6,,51105,41,0,10,1,46,,51137,41,0,10,1,4,,51069,19,0,10,1,3,,51068,41,0,10,1,7,,51141,41,0,10,1,7,,51120,41,0,10,1,7,,51094,41,0,10,1,8,,51087,41,0,10,1,9,,51095,41,0,10,1,9,,51061,41,0,10,1,49,,51101,41,0,10,1,9,,51128,41,0,10,1,9,,51079,41,0,10,1,8,,51119,41,0,10,1,10,,51072,41,0,10,1,11,,51106,41,0,10,1,50,,51070,41,0,10,1,11,,51142,41,0,10,1,10,,51121,41,0,10,1,11,,51088,41,0,10,1,11,,51096,41,0,10,1,11,,51062,41,0,10,1,51,,51102,41,0,10,1,11,,51080,41,0,10,1,11,,51112,41,0,10,1,11,,51073,41,0,10,1,11,,51107,41,0,10,1,52,,51129,41,0,10,1,10,,51143,41,0,10,1,9,,51122,41,0,10,1,9,,51089,41,0,10,1,9,,51097,41,0,10,1,11,,51063,41,0,10,1,51,,51084,41,0,10,1,9,,51103,41,0,10,1,9,,51081,41,0,10,1,9,,51140,41,0,10,1,8,,51113,41,0,10,1,9,,51074,41,0,10,1,9,,51108,41,0,10,1,48,,51130,41,0,10,1,8,,51144,41,0,10,1,7,,51123,41,0,10,1,6,,51158,41,0,10,1,7,,51090,41,0,10,1,7,,51098,41,0,10,1,15,,51152,41,0,10,1,48,,51064,41,0,10,1,9,,51104,41,0,10,1,8,,51082,41,0,10,1,17,,51114,41,0,10,1,8,,51160,41,0,10,2,9,,51075,41,0,10,1,47,,51109,41,0,10,1,5,,51162,41,0,10,1,10,,51131,41,0,10,1,10,,51145,41,0,10,1,6,,51124,41,0,10,1,6,,51159,41,0,10,1,6,,51166,41,0,10,1,5,,51091,41,0,10,1,6,,51099,41,0,10,1,54,,51153,41,0,10,1,6,,51163,41,0,10,2,6,,51065,41,0,10,1,5,,51167,41,0,10,1,13,,51083,41,0,10,1,5,,51161,41,0,10,1,13,,51115,41,0,10,1,53,,51076,41,0,10,1,7,,51110,41,0,10,1,13,,51132,41,0,10,1,5,,51146,41,0,10,1,8,,51125,41,0,10,1,13,,51092,41,0,10,1,56,,51154,41,0,10,1,8,,51164,41,0,10,2,7,,51066,41,0,10,1,10,,51168,41,0,10,1,9,,51111,41,0,10,1,10,,51116,41,0,10,1,52,,51151,41,0,10,1,12,,51133,41,0,10,1,12,,51147,41,0,10,1,15,,51093,41,0,10,1,55,,51155,41,0,10,1,15,,51165,41,0,10,2,15,,51169,41,0,10,1,13,,51117,41,0,10,1,54,,51134,41,0,10,1,24,,51148,41,0,10,1,25,,51156,41,0,10,1,65,,51170,41,0,10,1,21,,51135,41,0,10,1,21,,51149,41,0,10,1,64,,51157,41,0,10,1,27,,51085,41,0,10,1,69,,51136,41,0,10,1,30,,51150,41,0,10,1
14102,'H57J000S-81-S',1448,,51173,41,0,10,1,82,,51171,41,0,10,1,92,,51175,41,0,10,1,81,,51174,41,0,10,1,48,,51172,41,0,10,1
14102,'H57JV00S-83-S',1448,,51178,41,0,10,1,82,,51176,41,0,10,1,92,,51180,41,0,10,1,81,,51179,41,0,10,1,48,,51177,41,0,10,1
14102,'H59J000S-81-S',535,,51181,41,0,10,1,1270,,51182,41,0,10,1
14102,'H59JV00S-83-S',535,,51183,41,0,10,1,1270,,51184,41,0,10,1
18802,'H51J000S-80-S',1907,,63556,26,0,22 48,1
18802,'H51JV00S-84-S',1907,,63557,26,0,22 48,1
18802,'H54J000S-83-S',606,,63561,30,0,22 49,1,25,,63563,30,0,22 49,1,26,,63562,30,0,22 49,2,67,,63558,30,0,22 49,1,26,,63567,30,0,22 49,2,64,,63564,30,0,22 49,1,28,,63560,30,0,22 49,1,67,,63566,30,0,22 49,2,30,,63565,30,0,22 49,1,586,,63569,26,0,22 48,1,76,,63571,26,0,22 48,2,36,,63570,26,0,22 48,1,113,,63568,26,0,22 48,2,79,,63559,26,0,22 48,1
18802,'H54JV00S-80-S',606,,63573,30,0,22 49,1,25,,63577,30,0,22 49,1,26,,63574,30,0,22 49,1,67,,63572,30,0,22 49,1,26,,63581,30,0,22 49,2,64,,63578,30,0,22 49,1,28,,63575,30,0,22 49,1,67,,63580,30,0,22 49,2,30,,63579,30,0,22 49,1,586,,63583,26,0,22 48,1,76,,63584,26,0,22 48,2,36,,63585,26,0,22 48,1,113,,63582,26,0,22 48,2,79,,63576,26,0,22 48,1
18802,'H57J000S-81-S',1715,,63586,26,0,22 48,1
18802,'H57JV00S-83-S',1715,,63587,26,0,22 48,1
37202,'H54J000A-80-A',2607,,75889,53,0,10,1,50,,75890,53,0,10,1,85,,75892,53,0,10,1,84,,75893,53,0,10,1,90,,75891,53,0,10,1
37202,'H54J000I-80-I',2612,,75894,53,0,10,1,45,,75895,53,0,10,1,86,,75897,53,0,10,1,86,,75896,53,0,10,1,89,,75898,53,0,10,1
37202,'H54J000S-83-S',2549,,75903,53,0,10,1,80,,75900,53,0,10,1,80,,75899,53,0,10,1,42,,75902,53,0,10,1,82,,75901,53,0,10,1,89,,75904,53,0,10,1
37202,'H54JV00A-80-A',2607,,75909,53,0,10,1,50,,75905,53,0,10,1,85,,75906,53,0,10,1,84,,75908,53,0,10,1,90,,75907,53,0,10,1
37202,'H54JV00I-80-I',2612,,75910,53,0,10,1,45,,75914,53,0,10,1,86,,75912,53,0,10,1,86,,75911,53,0,10,1,89,,75913,53,0,10,1
37202,'H54JV00S-80-S',2549,,75919,53,0,10,1,80,,75918,53,0,10,1,80,,75915,53,0,10,1,42,,75917,53,0,10,1,82,,75916,53,0,10,1,89,,75920,53,0,10,1
