19301,'H50J000S-83-S',1639,,64932,21,0,5,2
19301,'H50JV00S-82-S',1639,,64933,21,0,5,2
19301,'H51J000S-80-S',1603,,64934,21,0,5,2
19301,'H51JV00S-84-S',1603,,64935,21,0,5,2
19301,'H54J000S-83-S',1533,,64937,21,0,5,2,213,,64938,21,0,5,2,285,,64936,21,0,5,1
19301,'H54JV00S-80-S',1533,,64940,21,0,5,2,213,,64941,21,0,5,2,285,,64939,21,0,5,1
19301,'H58J000A-83-A',537,,64963,21,0,5,2,68,,64943,21,0,5,2,29,,64971,21,0,5,1,71,,64964,21,0,5,2,30,,64944,21,0,5,2,24,,64987,21,0,5,2,61,,64972,21,0,5,1,22,,64965,21,0,5,2,62,,64953,21,0,5,2,23,,64945,21,0,5,2,22,,64988,21,0,5,2,64,,64973,21,0,5,1,24,,64983,21,0,5,1,17,,64966,21,0,5,2,55,,64954,21,0,5,2,15,,64949,21,0,5,2,16,,64946,21,0,5,2,15,,64989,21,0,5,2,56,,64974,21,0,5,1,15,,64995,21,0,5,2,15,,64984,21,0,5,1,15,,64967,21,0,5,2,53,,64955,21,0,5,2,12,,64950,21,0,5,2,12,,64947,21,0,5,2,13,,64990,21,0,5,2,13,,65001,21,0,5,2,53,,64975,21,0,5,1,13,,64996,21,0,5,2,11,,64985,21,0,5,1,12,,64968,21,0,5,2,52,,65005,21,0,5,2,11,,64956,21,0,5,2,10,,64951,21,0,5,2,11,,64948,21,0,5,2,11,,64991,21,0,5,2,11,,65002,21,0,5,2,52,,64976,21,0,5,1,12,,64997,21,0,5,2,13,,64986,21,0,5,1,12,,64969,21,0,5,2,12,,65006,21,0,5,2,52,,64957,21,0,5,2,12,,64952,21,0,5,2,11,,65007,21,0,5,2,12,,64992,21,0,5,2,12,,65003,21,0,5,2,53,,64977,21,0,5,1,11,,64942,21,0,5,1,12,,64998,21,0,5,2,15,,64970,21,0,5,2,59,,64958,21,0,5,2,20,,65008,21,0,5,2,22,,65004,21,0,5,2,64,,64978,21,0,5,1,25,,64999,21,0,5,2,24,,64959,21,0,5,2,63,,65009,21,0,5,2,24,,64979,21,0,5,1,70,,65000,21,0,5,2,32,,64960,21,0,5,2,70,,64980,21,0,5,1,31,,64993,21,0,5,2,71,,64961,21,0,5,2,26,,64981,21,0,5,1,71,,64994,21,0,5,2,29,,64962,21,0,5,2,68,,64982,21,0,5,1
19301,'H58J000I-81-I',602,,65024,21,0,5,1,30,,65017,21,0,5,1,70,,65032,21,0,5,2,30,,65025,21,0,5,1,70,,65018,21,0,5,1,32,,65033,21,0,5,2,70,,65020,21,0,5,1,30,,65026,21,0,5,1,72,,65019,21,0,5,1,20,,65034,21,0,5,2,20,,65011,21,0,5,2,60,,65021,21,0,5,1,21,,65027,21,0,5,1,20,,65048,21,0,5,2,60,,65060,21,0,5,2,15,,65035,21,0,5,2,15,,65012,21,0,5,2,15,,65056,21,0,5,2,55,,65022,21,0,5,1,15,,65030,21,0,5,1,16,,65049,21,0,5,2,15,,65063,21,0,5,2,55,,65061,21,0,5,2,15,,65036,21,0,5,2,15,,65013,21,0,5,2,15,,65057,21,0,5,2,55,,65023,21,0,5,1,15,,65028,21,0,5,1,15,,65050,21,0,5,2,15,,65064,21,0,5,2,55,,65062,21,0,5,2,15,,65037,21,0,5,2,14,,65014,21,0,5,2,14,,65010,21,0,5,1,53,,65058,21,0,5,2,14,,65029,21,0,5,1,15,,65051,21,0,5,2,15,,65016,21,0,5,2,55,,65065,21,0,5,2,14,,65038,21,0,5,2,16,,65015,21,0,5,2,16,,65043,21,0,5,1,55,,65059,21,0,5,2,16,,65031,21,0,5,1,31,,65052,21,0,5,2,71,,65039,21,0,5,2,32,,65044,21,0,5,1,72,,65053,21,0,5,2,32,,65040,21,0,5,2,69,,65045,21,0,5,1,30,,65054,21,0,5,2,69,,65041,21,0,5,2,30,,65046,21,0,5,1,68,,65055,21,0,5,2,30,,65042,21,0,5,2,69,,65047,21,0,5,1
19301,'H58J000I-82-I',602,,65080,21,0,5,1,30,,65073,21,0,5,1,70,,65088,21,0,5,2,30,,65081,21,0,5,1,70,,65074,21,0,5,1,32,,65089,21,0,5,2,70,,65076,21,0,5,1,30,,65082,21,0,5,1,72,,65075,21,0,5,1,20,,65090,21,0,5,2,20,,65067,21,0,5,2,60,,65077,21,0,5,1,21,,65083,21,0,5,1,20,,65104,21,0,5,2,60,,65116,21,0,5,2,15,,65091,21,0,5,2,15,,65068,21,0,5,2,15,,65112,21,0,5,2,55,,65078,21,0,5,1,15,,65086,21,0,5,1,16,,65105,21,0,5,2,15,,65119,21,0,5,2,55,,65117,21,0,5,2,15,,65092,21,0,5,2,15,,65069,21,0,5,2,15,,65113,21,0,5,2,55,,65079,21,0,5,1,15,,65084,21,0,5,1,15,,65106,21,0,5,2,15,,65120,21,0,5,2,55,,65118,21,0,5,2,15,,65093,21,0,5,2,14,,65070,21,0,5,2,14,,65066,21,0,5,1,53,,65114,21,0,5,2,14,,65085,21,0,5,1,15,,65107,21,0,5,2,15,,65072,21,0,5,2,55,,65121,21,0,5,2,14,,65094,21,0,5,2,16,,65071,21,0,5,2,16,,65099,21,0,5,1,55,,65115,21,0,5,2,16,,65087,21,0,5,1,31,,65108,21,0,5,2,71,,65095,21,0,5,2,32,,65100,21,0,5,1,72,,65109,21,0,5,2,32,,65096,21,0,5,2,69,,65101,21,0,5,1,30,,65110,21,0,5,2,69,,65097,21,0,5,2,30,,65102,21,0,5,1,68,,65111,21,0,5,2,30,,65098,21,0,5,2,69,,65103,21,0,5,1
19301,'H58J000S-81-S',539,,65125,21,0,5,2,75,,65129,21,0,5,2,25,,65124,21,0,5,2,66,,65127,21,0,5,2,26,,65128,21,0,5,1,17,,65130,21,0,5,2,10,,65135,21,0,5,2,52,,65159,21,0,5,1,13,,65141,21,0,5,2,12,,65142,21,0,5,2,11,,65158,21,0,5,2,56,,65137,21,0,5,1,20,,65122,21,0,5,2,21,,65136,21,0,5,2,68,,65160,21,0,5,1,30,,65143,21,0,5,2,69,,65138,21,0,5,1,27,,65123,21,0,5,2,18,,65148,21,0,5,1,55,,65161,21,0,5,1,15,,65152,21,0,5,1,16,,65144,21,0,5,2,59,,65155,21,0,5,2,18,,65139,21,0,5,1,18,,65164,21,0,5,2,16,,65166,21,0,5,2,53,,65149,21,0,5,1,12,,65162,21,0,5,1,12,,65153,21,0,5,1,12,,65126,21,0,5,1,10,,65169,21,0,5,2,50,,65145,21,0,5,2,11,,65156,21,0,5,2,11,,65140,21,0,5,1,20,,65165,21,0,5,2,6,,65182,21,0,5,2,6,,65183,21,0,5,2,55,,65185,21,0,5,1,6,,65168,21,0,5,2,7,,65150,21,0,5,1,8,,65163,21,0,5,1,16,,65154,21,0,5,1,8,,65187,21,0,5,1,48,,65170,21,0,5,2,8,,65167,21,0,5,2,9,,65146,21,0,5,2,9,,65157,21,0,5,2,8,,65173,21,0,5,2,18,,65172,21,0,5,2,51,,65184,21,0,5,2,11,,65131,21,0,5,1,10,,65186,21,0,5,1,12,,65151,21,0,5,1,11,,65178,21,0,5,2,52,,65171,21,0,5,2,14,,65188,21,0,5,1,18,,65147,21,0,5,1,18,,65174,21,0,5,2,59,,65132,21,0,5,1,40,,65179,21,0,5,2,60,,65189,21,0,5,1,19,,65192,21,0,5,1,18,,65175,21,0,5,2,60,,65133,21,0,5,1,27,,65180,21,0,5,2,70,,65190,21,0,5,1,31,,65176,21,0,5,2,71,,65134,21,0,5,1,31,,65181,21,0,5,2,71,,65191,21,0,5,1,20,,65177,21,0,5,2
19301,'H58J000S-83-S',539,,65196,21,0,5,2,75,,65200,21,0,5,2,25,,65195,21,0,5,2,66,,65198,21,0,5,2,26,,65199,21,0,5,1,17,,65201,21,0,5,2,10,,65206,21,0,5,2,52,,65230,21,0,5,1,13,,65212,21,0,5,2,12,,65213,21,0,5,2,11,,65229,21,0,5,2,56,,65208,21,0,5,1,20,,65193,21,0,5,2,21,,65207,21,0,5,2,68,,65231,21,0,5,1,30,,65214,21,0,5,2,69,,65209,21,0,5,1,27,,65194,21,0,5,2,18,,65219,21,0,5,1,55,,65232,21,0,5,1,15,,65223,21,0,5,1,16,,65215,21,0,5,2,59,,65226,21,0,5,2,18,,65210,21,0,5,1,18,,65235,21,0,5,2,16,,65237,21,0,5,2,53,,65220,21,0,5,1,12,,65233,21,0,5,1,12,,65224,21,0,5,1,12,,65197,21,0,5,1,10,,65240,21,0,5,2,50,,65216,21,0,5,2,11,,65227,21,0,5,2,11,,65211,21,0,5,1,20,,65236,21,0,5,2,6,,65253,21,0,5,2,6,,65254,21,0,5,2,55,,65256,21,0,5,1,6,,65239,21,0,5,2,7,,65221,21,0,5,1,8,,65234,21,0,5,1,16,,65225,21,0,5,1,8,,65258,21,0,5,1,48,,65241,21,0,5,2,8,,65238,21,0,5,2,9,,65217,21,0,5,2,9,,65228,21,0,5,2,8,,65244,21,0,5,2,18,,65243,21,0,5,2,51,,65255,21,0,5,2,11,,65202,21,0,5,1,10,,65257,21,0,5,1,12,,65222,21,0,5,1,11,,65249,21,0,5,2,52,,65242,21,0,5,2,14,,65259,21,0,5,1,18,,65218,21,0,5,1,18,,65245,21,0,5,2,59,,65203,21,0,5,1,40,,65250,21,0,5,2,60,,65260,21,0,5,1,19,,65263,21,0,5,1,18,,65246,21,0,5,2,60,,65204,21,0,5,1,27,,65251,21,0,5,2,70,,65261,21,0,5,1,31,,65247,21,0,5,2,71,,65205,21,0,5,1,31,,65252,21,0,5,2,71,,65262,21,0,5,1,20,,65248,21,0,5,2
19301,'H58JV00A-80-A',537,,65269,21,0,5,2,68,,65326,21,0,5,2,29,,65277,21,0,5,1,71,,65270,21,0,5,2,30,,65327,21,0,5,2,24,,65289,21,0,5,2,61,,65278,21,0,5,1,22,,65271,21,0,5,2,62,,65316,21,0,5,2,23,,65328,21,0,5,2,22,,65290,21,0,5,2,64,,65279,21,0,5,1,24,,65312,21,0,5,1,17,,65272,21,0,5,2,55,,65317,21,0,5,2,15,,65302,21,0,5,2,16,,65329,21,0,5,2,15,,65291,21,0,5,2,56,,65280,21,0,5,1,15,,65306,21,0,5,2,15,,65313,21,0,5,1,15,,65273,21,0,5,2,53,,65318,21,0,5,2,12,,65303,21,0,5,2,12,,65330,21,0,5,2,13,,65292,21,0,5,2,13,,65295,21,0,5,2,53,,65281,21,0,5,1,13,,65307,21,0,5,2,11,,65314,21,0,5,1,12,,65274,21,0,5,2,52,,65267,21,0,5,2,11,,65319,21,0,5,2,10,,65304,21,0,5,2,11,,65331,21,0,5,2,11,,65293,21,0,5,2,11,,65296,21,0,5,2,52,,65282,21,0,5,1,12,,65308,21,0,5,2,13,,65315,21,0,5,1,12,,65275,21,0,5,2,12,,65268,21,0,5,2,52,,65320,21,0,5,2,12,,65305,21,0,5,2,11,,65299,21,0,5,2,12,,65294,21,0,5,2,12,,65297,21,0,5,2,53,,65283,21,0,5,1,11,,65266,21,0,5,1,12,,65309,21,0,5,2,15,,65276,21,0,5,2,59,,65321,21,0,5,2,20,,65300,21,0,5,2,22,,65298,21,0,5,2,64,,65284,21,0,5,1,25,,65310,21,0,5,2,24,,65322,21,0,5,2,63,,65301,21,0,5,2,24,,65285,21,0,5,1,70,,65311,21,0,5,2,32,,65323,21,0,5,2,70,,65286,21,0,5,1,31,,65264,21,0,5,2,71,,65324,21,0,5,2,26,,65287,21,0,5,1,71,,65265,21,0,5,2,29,,65325,21,0,5,2,68,,65288,21,0,5,1
19301,'H58JV00I-81-I',602,,65380,21,0,5,1,30,,65334,21,0,5,1,70,,65346,21,0,5,2,30,,65381,21,0,5,1,70,,65335,21,0,5,1,32,,65347,21,0,5,2,70,,65337,21,0,5,1,30,,65382,21,0,5,1,72,,65336,21,0,5,1,20,,65348,21,0,5,2,20,,65375,21,0,5,2,60,,65338,21,0,5,1,21,,65383,21,0,5,1,20,,65357,21,0,5,2,60,,65369,21,0,5,2,15,,65349,21,0,5,2,15,,65376,21,0,5,2,15,,65365,21,0,5,2,55,,65339,21,0,5,1,15,,65384,21,0,5,1,16,,65358,21,0,5,2,15,,65372,21,0,5,2,55,,65370,21,0,5,2,15,,65350,21,0,5,2,15,,65377,21,0,5,2,15,,65366,21,0,5,2,55,,65340,21,0,5,1,15,,65385,21,0,5,1,15,,65359,21,0,5,2,15,,65373,21,0,5,2,55,,65371,21,0,5,2,15,,65351,21,0,5,2,14,,65378,21,0,5,2,14,,65333,21,0,5,1,53,,65367,21,0,5,2,14,,65386,21,0,5,1,15,,65360,21,0,5,2,15,,65332,21,0,5,2,55,,65374,21,0,5,2,14,,65352,21,0,5,2,16,,65379,21,0,5,2,16,,65341,21,0,5,1,55,,65368,21,0,5,2,16,,65387,21,0,5,1,31,,65361,21,0,5,2,71,,65353,21,0,5,2,32,,65342,21,0,5,1,72,,65362,21,0,5,2,32,,65354,21,0,5,2,69,,65343,21,0,5,1,30,,65363,21,0,5,2,69,,65355,21,0,5,2,30,,65344,21,0,5,1,68,,65364,21,0,5,2,30,,65356,21,0,5,2,69,,65345,21,0,5,1
19301,'H58JV00S-82-S',539,,65391,21,0,5,2,75,,65395,21,0,5,2,25,,65390,21,0,5,2,66,,65393,21,0,5,2,26,,65394,21,0,5,1,17,,65396,21,0,5,2,10,,65401,21,0,5,2,52,,65425,21,0,5,1,13,,65407,21,0,5,2,12,,65408,21,0,5,1,11,,65424,21,0,5,2,56,,65403,21,0,5,1,20,,65388,21,0,5,2,21,,65402,21,0,5,2,68,,65426,21,0,5,1,30,,65409,21,0,5,1,69,,65404,21,0,5,1,27,,65389,21,0,5,2,18,,65414,21,0,5,1,55,,65427,21,0,5,1,15,,65418,21,0,5,1,16,,65410,21,0,5,1,59,,65421,21,0,5,2,18,,65405,21,0,5,1,18,,65430,21,0,5,2,16,,65432,21,0,5,2,53,,65415,21,0,5,1,12,,65428,21,0,5,1,12,,65419,21,0,5,1,12,,65392,21,0,5,1,10,,65435,21,0,5,2,50,,65411,21,0,5,1,11,,65422,21,0,5,2,11,,65406,21,0,5,1,20,,65431,21,0,5,2,6,,65448,21,0,5,2,6,,65449,21,0,5,2,55,,65451,21,0,5,1,6,,65434,21,0,5,2,7,,65416,21,0,5,1,8,,65429,21,0,5,1,16,,65420,21,0,5,1,8,,65453,21,0,5,1,48,,65436,21,0,5,2,8,,65433,21,0,5,1,9,,65412,21,0,5,2,9,,65423,21,0,5,2,8,,65439,21,0,5,1,18,,65438,21,0,5,2,51,,65450,21,0,5,2,11,,65397,21,0,5,1,10,,65452,21,0,5,1,12,,65417,21,0,5,1,11,,65444,21,0,5,1,52,,65437,21,0,5,2,14,,65454,21,0,5,1,18,,65413,21,0,5,1,18,,65440,21,0,5,1,59,,65398,21,0,5,1,40,,65445,21,0,5,1,60,,65455,21,0,5,1,19,,65458,21,0,5,1,18,,65441,21,0,5,1,60,,65399,21,0,5,1,27,,65446,21,0,5,1,70,,65456,21,0,5,1,31,,65442,21,0,5,1,71,,65400,21,0,5,1,31,,65447,21,0,5,1,71,,65457,21,0,5,1,20,,65443,21,0,5,1
