9302,'H50M000A-70-A',518,,114934,15,0,10,1,28,,114954,15,0,10,1,70,,114935,15,0,10,1,30,,114925,15,0,10,1,71,,114936,15,0,10,1,31,,114926,15,0,10,1,71,,114937,15,0,10,1,30,,114927,15,0,10,1,71,,114938,15,0,10,1,31,,114928,15,0,10,1,72,,114939,15,0,10,1,32,,114929,15,0,10,1,71,,114940,15,0,10,1,31,,114930,15,0,10,1,73,,114941,15,0,10,1,73,,114931,15,0,10,1,33,,114942,15,0,10,1,73,,114932,15,0,10,1,33,,114943,15,0,10,1,72,,114933,15,0,10,1,26,,114944,15,0,10,1,73,,114915,15,0,10,2,32,,114945,15,0,10,1,71,,114916,15,0,10,2,31,,114946,15,0,10,1,69,,114917,15,0,10,2,30,,114947,15,0,10,1,69,,114918,15,0,10,2,30,,114948,15,0,10,1,70,,114919,15,0,10,2,29,,114949,15,0,10,1,68,,114920,15,0,10,2,29,,114950,15,0,10,1,70,,114921,15,0,10,2,30,,114951,15,0,10,1,70,,114922,15,0,10,2,29,,114952,15,0,10,1,70,,114923,15,0,10,2,30,,114953,15,0,10,1,70,,114924,15,0,10,2
9302,'H50M000I-70-I',516,,114956,15,0,10,1,29,,114955,15,0,10,1,69,,114957,15,0,10,1,31,,114968,15,0,10,1,70,,114958,15,0,10,1,30,,114969,15,0,10,1,70,,114959,15,0,10,1,32,,114970,15,0,10,1,70,,114960,15,0,10,1,30,,114971,15,0,10,1,71,,114961,15,0,10,1,30,,114972,15,0,10,1,70,,114962,15,0,10,1,30,,114973,15,0,10,1,70,,114963,15,0,10,1,30,,114974,15,0,10,1,70,,114964,15,0,10,1,32,,114975,15,0,10,1,70,,114965,15,0,10,1,30,,114976,15,0,10,1,70,,114966,15,0,10,1,30,,114977,15,0,10,1,72,,114967,15,0,10,1,29,,114978,15,0,10,1,70,,114979,15,0,10,1,28,,114988,15,0,10,1,71,,114980,15,0,10,1,29,,114989,15,0,10,1,70,,114981,15,0,10,1,30,,114990,15,0,10,1,70,,114982,15,0,10,1,30,,114991,15,0,10,1,70,,114983,15,0,10,1,29,,114992,15,0,10,1,70,,114984,15,0,10,1,29,,114993,15,0,10,1,70,,114985,15,0,10,1,29,,114994,15,0,10,1,70,,114986,15,0,10,1,30,,114995,15,0,10,1,70,,114987,15,0,10,1
9302,'H50M000S-70-S',518,,114996,15,0,10,1,30,,115009,15,0,10,2,64,,114997,15,0,10,1,23,,115010,15,0,10,2,65,,114998,15,0,10,1,27,,115011,15,0,10,2,28,,114999,15,0,10,1,70,,115012,15,0,10,2,30,,115000,15,0,10,1,71,,115013,15,0,10,2,30,,115001,15,0,10,1,70,,115014,15,0,10,2,29,,115002,15,0,10,1,71,,115015,15,0,10,2,30,,115003,15,0,10,1,71,,115016,15,0,10,2,31,,115004,15,0,10,1,71,,115017,15,0,10,2,75,,115005,15,0,10,1,32,,115018,15,0,10,2,73,,115006,15,0,10,1,33,,115019,15,0,10,2,107,,115007,15,0,10,1,72,,115035,15,0,10,1,29,,115036,15,0,10,1,72,,115008,15,0,10,1,29,,115020,15,0,10,1,69,,115028,15,0,10,2,29,,115021,15,0,10,1,67,,115029,15,0,10,2,29,,115022,15,0,10,1,67,,115030,15,0,10,2,27,,115023,15,0,10,1,66,,115031,15,0,10,2,26,,115024,15,0,10,1,25,,115032,15,0,10,2,66,,115025,15,0,10,1,26,,115033,15,0,10,2,67,,115026,15,0,10,1,27,,115034,15,0,10,2,69,,115027,15,0,10,1
9302,'H50M100F-70-F1',516,,115038,15,0,10,1,29,,115037,15,0,10,1,69,,115039,15,0,10,1,31,,115051,15,0,10,1,70,,115040,15,0,10,1,30,,115050,15,0,10,1,70,,115041,15,0,10,1,32,,115052,15,0,10,1,70,,115042,15,0,10,1,30,,115053,15,0,10,1,71,,115043,15,0,10,1,30,,115054,15,0,10,1,70,,115044,15,0,10,1,30,,115055,15,0,10,1,70,,115045,15,0,10,1,30,,115056,15,0,10,1,70,,115046,15,0,10,1,32,,115057,15,0,10,1,70,,115047,15,0,10,1,30,,115058,15,0,10,1,70,,115048,15,0,10,1,30,,115059,15,0,10,1,72,,115049,15,0,10,1,29,,115060,15,0,10,1,70,,115061,15,0,10,2,28,,115070,15,0,10,1,71,,115062,15,0,10,2,29,,115071,15,0,10,1,70,,115063,15,0,10,2,30,,115072,15,0,10,1,70,,115064,15,0,10,2,30,,115073,15,0,10,1,70,,115065,15,0,10,2,29,,115074,15,0,10,1,70,,115066,15,0,10,2,29,,115075,15,0,10,1,70,,115067,15,0,10,2,29,,115076,15,0,10,1,70,,115068,15,0,10,2,30,,115077,15,0,10,1,70,,115069,15,0,10,2
9302,'H50M200F-70-F2',516,,115079,15,0,10,1,29,,115078,15,0,10,1,69,,115080,15,0,10,1,31,,115091,15,0,10,1,70,,115081,15,0,10,1,30,,115092,15,0,10,1,70,,115082,15,0,10,1,32,,115093,15,0,10,1,70,,115083,15,0,10,1,30,,115095,15,0,10,1,71,,115084,15,0,10,1,30,,115094,15,0,10,1,70,,115085,15,0,10,1,30,,115096,15,0,10,1,70,,115086,15,0,10,1,30,,115097,15,0,10,1,70,,115087,15,0,10,1,32,,115098,15,0,10,1,70,,115088,15,0,10,1,30,,115099,15,0,10,1,70,,115089,15,0,10,1,30,,115100,15,0,10,1,72,,115090,15,0,10,1,29,,115101,15,0,10,1,70,,115102,15,0,10,2,28,,115111,15,0,10,1,71,,115103,15,0,10,2,29,,115112,15,0,10,1,70,,115104,15,0,10,2,30,,115113,15,0,10,1,70,,115105,15,0,10,2,30,,115114,15,0,10,1,70,,115106,15,0,10,2,29,,115115,15,0,10,1,70,,115107,15,0,10,2,29,,115116,15,0,10,1,70,,115108,15,0,10,2,29,,115117,15,0,10,1,70,,115109,15,0,10,2,30,,115118,15,0,10,1,70,,115110,15,0,10,2
9302,'H50M300F-80-F3',516,,169591,15,0,10,2,29,,169590,15,0,10,2,69,,169592,15,0,10,2,31,,169593,15,0,10,1,70,,169613,15,0,10,1,30,,169594,15,0,10,1,70,,169614,15,0,10,1,32,,169595,15,0,10,1,70,,169615,15,0,10,1,30,,169596,15,0,10,1,71,,169616,15,0,10,1,30,,169597,15,0,10,1,70,,169617,15,0,10,1,30,,169598,15,0,10,1,70,,169618,15,0,10,1,30,,169599,15,0,10,1,70,,169619,15,0,10,1,32,,169600,15,0,10,1,70,,169620,15,0,10,1,30,,169601,15,0,10,1,70,,169621,15,0,10,1,30,,169602,15,0,10,1,72,,169622,15,0,10,1,29,,169603,15,0,10,1,70,,169623,15,0,10,1,29,,169604,15,0,10,1,70,,169624,15,0,10,1,29,,169605,15,0,10,1,69,,169625,15,0,10,1,30,,169606,15,0,10,1,70,,169626,15,0,10,1,30,,169607,15,0,10,1,70,,169627,15,0,10,1,29,,169608,15,0,10,1,70,,169628,15,0,10,1,29,,169609,15,0,10,1,70,,169629,15,0,10,1,29,,169610,15,0,10,1,70,,169630,15,0,10,1,30,,169611,15,0,10,1,70,,169631,15,0,10,1,29,,169612,15,0,10,1
9302,'H51M000A-70-A',2542,,115160,15,0,6 46,1
9302,'H51M000I-70-I',2544,,115161,15,0,6 46,1
9302,'H51M000S-70-S',1615,,115163,15,0,10,2,929,,115162,15,0,6 46,1
9302,'H51M100F-70-F1',2544,,115164,15,0,6 46,1
9302,'H51M200F-70-F2',2544,,115165,15,0,6 46,1
37202,'H54M000A-70-A',2618,,155312,70,0,10,1,90,,155313,70,0,10,1,45,,155315,70,0,10,1,84,,155316,70,0,10,1,90,,155314,70,0,10,1
37202,'H54M000I-70-I',2623,,155317,70,0,10,1,85,,155318,70,0,10,1,46,,155320,70,0,10,1,86,,155319,70,0,10,1,89,,155321,70,0,10,1
37202,'H54M000S-70-S',2600,,155326,70,0,10,1,40,,155323,70,0,10,1,80,,155322,70,0,10,1,82,,155325,70,0,10,1,45,,155324,70,0,10,1,89,,155327,70,0,10,1
37202,'H54M100F-70-F1',2623,,155330,70,0,10,1,85,,155331,70,0,10,1,46,,155332,70,0,10,1,86,,155329,70,0,10,1,89,,155328,70,0,10,1
37202,'H54M200F-70-F2',2623,,155333,70,0,10,1,85,,155337,70,0,10,2,46,,155335,70,0,10,1,86,,155336,70,0,10,2,89,,155334,70,0,10,1
37202,'H54M300F-80-F3',2623,,175979,70,0,10,2,85,,175975,70,0,10,1,46,,175978,70,0,10,1,86,,175977,70,0,10,1,89,,175976,70,0,10,1
