18501,'H59U000A-80-A',614,,265807,32,0,5,1,27,,265815,32,0,5,1,71,,265808,32,0,5,1,29,,265809,32,0,5,1,72,,265816,32,0,5,1,30,,265817,32,0,5,2,71,,265810,32,0,5,1,33,,265821,32,0,5,1,71,,265818,32,0,5,2,33,,265811,32,0,5,1,73,,265822,32,0,5,1,31,,265819,32,0,5,2,73,,265812,32,0,5,1,74,,265833,32,0,5,2,33,,265823,32,0,5,1,72,,265831,32,0,5,1,31,,265813,32,0,5,1,71,,265834,32,0,5,2,30,,265824,32,0,5,1,70,,265832,32,0,5,1,30,,265814,32,0,5,1,70,,265835,32,0,5,2,27,,265825,32,0,5,1,70,,265820,32,0,5,2,29,,265836,32,0,5,1,70,,265802,32,0,5,2,32,,265826,32,0,5,1,70,,265837,32,0,5,1,31,,265803,32,0,5,2,70,,265827,32,0,5,1,30,,265838,32,0,5,1,71,,265804,32,0,5,2,30,,265828,32,0,5,1,70,,265839,32,0,5,1,29,,265805,32,0,5,2,69,,265829,32,0,5,1,29,,265840,32,0,5,1,69,,265806,32,0,5,2,25,,265830,32,0,5,1
18501,'H59U000I-80-I',614,,265841,32,0,5,1,32,,265853,32,0,5,2,70,,265865,32,0,5,1,33,,265842,32,0,5,1,74,,265854,32,0,5,2,31,,265866,32,0,5,1,74,,265843,32,0,5,1,31,,265855,32,0,5,2,73,,265867,32,0,5,1,75,,265844,32,0,5,1,33,,265856,32,0,5,2,71,,265868,32,0,5,1,35,,265845,32,0,5,1,73,,265857,32,0,5,2,33,,265869,32,0,5,1,73,,265872,32,0,5,1,33,,265846,32,0,5,1,71,,265858,32,0,5,2,29,,265870,32,0,5,1,71,,265873,32,0,5,1,71,,265847,32,0,5,1,30,,265859,32,0,5,2,29,,265871,32,0,5,1,66,,265874,32,0,5,1,28,,265848,32,0,5,1,70,,265860,32,0,5,2,30,,265875,32,0,5,1,69,,265849,32,0,5,1,30,,265861,32,0,5,2,69,,265876,32,0,5,1,30,,265850,32,0,5,1,69,,265862,32,0,5,2,28,,265877,32,0,5,1,67,,265851,32,0,5,1,28,,265863,32,0,5,2,68,,265878,32,0,5,1,26,,265852,32,0,5,1,68,,265864,32,0,5,2,27,,265879,32,0,5,1
18501,'H59U000S-80-S',622,,265880,32,0,5,1,34,,265885,32,0,5,2,75,,265882,32,0,5,1,74,,265881,32,0,5,1,32,,265883,32,0,5,1,72,,265906,32,0,5,1,33,,265886,32,0,5,1,71,,265916,32,0,5,1,33,,265884,32,0,5,1,70,,265907,32,0,5,1,30,,265887,32,0,5,1,69,,265917,32,0,5,1,28,,265895,32,0,5,2,66,,265908,32,0,5,1,27,,265888,32,0,5,1,68,,265918,32,0,5,1,29,,265896,32,0,5,2,70,,265909,32,0,5,1,29,,265889,32,0,5,1,71,,265919,32,0,5,1,29,,265897,32,0,5,2,70,,265910,32,0,5,1,31,,265890,32,0,5,1,69,,265904,32,0,5,1,27,,265898,32,0,5,2,24,,265911,32,0,5,1,67,,265891,32,0,5,1,26,,265905,32,0,5,1,65,,265899,32,0,5,2,30,,265912,32,0,5,1,70,,265892,32,0,5,1,30,,265900,32,0,5,2,70,,265913,32,0,5,1,30,,265893,32,0,5,1,67,,265901,32,0,5,2,28,,265914,32,0,5,1,69,,265894,32,0,5,1,27,,265902,32,0,5,2,68,,265915,32,0,5,1,30,,265903,32,0,5,2
18501,'H59U100F-80-F1',614,,265920,32,0,5,1,32,,265932,32,0,5,2,70,,265944,32,0,5,1,33,,265921,32,0,5,1,74,,265933,32,0,5,2,31,,265945,32,0,5,1,74,,265922,32,0,5,1,31,,265934,32,0,5,2,73,,265946,32,0,5,1,75,,265923,32,0,5,1,33,,265935,32,0,5,2,71,,265947,32,0,5,1,35,,265924,32,0,5,1,73,,265936,32,0,5,2,33,,265948,32,0,5,1,73,,265951,32,0,5,1,33,,265925,32,0,5,1,71,,265937,32,0,5,2,29,,265949,32,0,5,1,71,,265952,32,0,5,1,71,,265926,32,0,5,1,30,,265938,32,0,5,2,29,,265950,32,0,5,1,66,,265953,32,0,5,1,28,,265927,32,0,5,1,70,,265939,32,0,5,2,30,,265954,32,0,5,1,69,,265928,32,0,5,1,30,,265940,32,0,5,2,69,,265955,32,0,5,1,30,,265929,32,0,5,1,69,,265941,32,0,5,2,28,,265956,32,0,5,1,67,,265930,32,0,5,1,28,,265942,32,0,5,2,68,,265957,32,0,5,1,26,,265931,32,0,5,1,68,,265943,32,0,5,2,27,,265958,32,0,5,1
18501,'H59U200F-80-F2',614,,265959,32,0,5,1,32,,265960,32,0,5,2,70,,265961,32,0,5,1,33,,265962,32,0,5,1,74,,265963,32,0,5,2,31,,265964,32,0,5,1,74,,265965,32,0,5,1,31,,265966,32,0,5,2,73,,265967,32,0,5,1,75,,265968,32,0,5,1,33,,265969,32,0,5,2,71,,265970,32,0,5,1,35,,265971,32,0,5,1,73,,265972,32,0,5,2,33,,265973,32,0,5,1,73,,265974,32,0,5,1,33,,265975,32,0,5,1,71,,265976,32,0,5,2,29,,265977,32,0,5,1,71,,265978,32,0,5,1,71,,265979,32,0,5,1,30,,265980,32,0,5,2,29,,265981,32,0,5,1,66,,265982,32,0,5,1,28,,265983,32,0,5,1,70,,265984,32,0,5,2,30,,265985,32,0,5,1,69,,265986,32,0,5,1,30,,265987,32,0,5,2,69,,265988,32,0,5,1,30,,265989,32,0,5,1,69,,265990,32,0,5,2,28,,265991,32,0,5,1,67,,265992,32,0,5,1,28,,265993,32,0,5,2,68,,265994,32,0,5,1,26,,265995,32,0,5,1,68,,265996,32,0,5,2,27,,265997,32,0,5,1
36401,'H54U000A-80-A',2620,,277444,53,0,5,2,87,,277443,53,0,5,1,31,,277447,53,0,5,1,10,,277446,53,0,5,1,85,,277445,53,0,5,1,84,,277448,53,0,5,2
36401,'H54U000I-80-I',2615,,277450,53,0,5,2,86,,277453,53,0,5,1,31,,277454,53,0,5,1,71,,277451,53,0,5,1,32,,277449,53,0,5,1,81,,277452,53,0,5,1
36401,'H54U000S-81-S',2618,,277456,53,0,5,1,84,,277455,53,0,5,1,44,,277459,53,0,5,2,84,,277458,53,0,5,1,85,,277457,53,0,5,1
36401,'H54U100F-80-F1',2615,,277461,53,0,5,2,86,,277464,53,0,5,1,31,,277465,53,0,5,1,71,,277462,53,0,5,1,32,,277460,53,0,5,1,81,,277463,53,0,5,1
36401,'H54U200F-82-F2',2615,,277471,53,0,5,1,86,,277469,53,0,5,1,31,,277468,53,0,5,2,71,,277470,53,0,5,2,32,,277467,53,0,5,1,81,,277466,53,0,5,2
37001,'H51U000A-83-A',2613,,277685,76,0,5,1,45,,277687,76,0,5,1,85,,277686,76,0,5,1,85,,277689,76,0,5,2,83,,277688,76,0,5,1
37001,'H51U000I-83-I',2609,,277691,76,0,5,1,45,,277693,76,0,5,1,86,,277690,76,0,5,2,85,,277692,76,0,5,1,85,,277694,76,0,5,1
37001,'H51U000S-83-S',2611,,277698,76,0,5,1,45,,277696,76,0,5,2,83,,277695,76,0,5,1,86,,277699,76,0,5,1,86,,277697,76,0,5,2
37001,'H51U100F-80-F1',2609,,277703,76,0,5,1,45,,277701,76,0,5,1,86,,277700,76,0,5,2,85,,277704,76,0,5,1,85,,277702,76,0,5,1
37001,'H51U200F-80-F2',2609,,277708,76,0,5,1,45,,277706,76,0,5,1,86,,277705,76,0,5,2,85,,277709,76,0,5,1,85,,277707,76,0,5,1
43203,'H54U000S-81-S',632,,278592,2,0,99 110,1,27,,278595,2,0,99 110,2,71,,278584,2,0,99 110,1,70,,278596,2,0,99 110,2,31,,278593,2,0,99 110,1
43203,'H54U200F-82-F2',632,,278615,2,0,99 110,1,27,,278614,2,0,99 110,1,71,,278616,2,0,99 110,1,70,,278626,2,0,99 110,1,31,,278612,2,0,99 110,1
