11002,'H56J000A-80-A',554,,40461,7,0,10,1,69,,40463,7,0,10,1,31,,40470,7,0,10,1,69,,40466,7,0,10,1,30,,40462,7,0,10,1,70,,40464,7,0,10,1,30,,40487,7,0,10,1,72,,40494,7,0,10,1,31,,40498,7,0,10,1,70,,40493,7,0,10,1,31,,40495,7,0,10,1,70,,40490,7,0,10,1,75,,40481,7,0,10,1,33,,40484,7,0,10,1,73,,40471,7,0,10,1,33,,40488,7,0,10,1,73,,40474,7,0,10,1,29,,40482,7,0,10,1,69,,40485,7,0,10,1,30,,40472,7,0,10,1,69,,40489,7,0,10,1,28,,40476,7,0,10,1,67,,40475,7,0,10,1,27,,40483,7,0,10,1,68,,40500,7,0,10,1,26,,40473,7,0,10,1,30,,40491,7,0,10,1,73,,40477,7,0,10,1,71,,40496,7,0,10,1,33,,40486,7,0,10,1,72,,40469,7,0,10,1,31,,40478,7,0,10,1,71,,40497,7,0,10,1,26,,40465,7,0,10,1,67,,40492,7,0,10,1,26,,40467,7,0,10,1,27,,40479,7,0,10,1,68,,40501,7,0,10,1,30,,40499,7,0,10,1,69,,40468,7,0,10,1,26,,40480,7,0,10,1,68,,40502,7,0,10,1
11002,'H56J000I-80-I',622,,40503,7,0,10,1,29,,40541,7,0,10,1,73,,40509,7,0,10,1,29,,40508,7,0,10,1,69,,40504,7,0,10,1,32,,40542,7,0,10,1,70,,40540,7,0,10,1,32,,40539,7,0,10,1,70,,40535,7,0,10,1,31,,40538,7,0,10,1,71,,40510,7,0,10,1,31,,40517,7,0,10,1,73,,40534,7,0,10,1,75,,40522,7,0,10,1,33,,40531,7,0,10,1,72,,40511,7,0,10,1,31,,40518,7,0,10,1,68,,40527,7,0,10,1,27,,40523,7,0,10,1,68,,40532,7,0,10,1,29,,40512,7,0,10,1,70,,40519,7,0,10,1,29,,40528,7,0,10,1,69,,40524,7,0,10,1,29,,40533,7,0,10,1,69,,40513,7,0,10,1,30,,40520,7,0,10,1,73,,40529,7,0,10,1,31,,40525,7,0,10,1,72,,40514,7,0,10,1,30,,40521,7,0,10,1,69,,40530,7,0,10,1,30,,40526,7,0,10,1,66,,40506,7,0,10,1,27,,40515,7,0,10,1,27,,40536,7,0,10,1,70,,40505,7,0,10,1,30,,40507,7,0,10,1,66,,40516,7,0,10,1,26,,40537,7,0,10,1
11002,'H56J000S-80-S',534,,40572,7,0,10,1,70,,40560,7,0,10,1,49,,40551,7,0,10,1,70,,40579,7,0,10,1,32,,40544,7,0,10,1,71,,40561,7,0,10,1,33,,40564,7,0,10,1,73,,40578,7,0,10,1,68,,40580,7,0,10,1,32,,40545,7,0,10,1,70,,40562,7,0,10,1,30,,40565,7,0,10,1,73,,40568,7,0,10,1,29,,40543,7,0,10,1,69,,40546,7,0,10,1,29,,40573,7,0,10,1,70,,40566,7,0,10,1,31,,40569,7,0,10,1,103,,40574,7,0,10,1,70,,40582,7,0,10,1,27,,40549,7,0,10,1,67,,40567,7,0,10,1,25,,40570,7,0,10,1,15,,40563,7,0,10,1,15,,40558,7,0,10,1,69,,40575,7,0,10,1,29,,40583,7,0,10,1,69,,40550,7,0,10,1,28,,40559,7,0,10,1,67,,40557,7,0,10,1,27,,40571,7,0,10,1,67,,40554,7,0,10,1,30,,40576,7,0,10,1,71,,40547,7,0,10,1,32,,40552,7,0,10,1,73,,40555,7,0,10,1,32,,40577,7,0,10,1,70,,40548,7,0,10,1,28,,40553,7,0,10,1,69,,40556,7,0,10,1,25,,40581,7,0,10,1
11002,'H56JV00A-80-A',554,,40584,7,0,10,1,69,,40586,7,0,10,1,31,,40593,7,0,10,1,69,,40589,7,0,10,1,30,,40585,7,0,10,1,70,,40587,7,0,10,1,30,,40610,7,0,10,1,72,,40617,7,0,10,1,31,,40621,7,0,10,1,70,,40616,7,0,10,1,31,,40618,7,0,10,1,70,,40613,7,0,10,1,75,,40604,7,0,10,1,33,,40607,7,0,10,1,73,,40594,7,0,10,1,33,,40611,7,0,10,1,73,,40597,7,0,10,1,29,,40605,7,0,10,1,69,,40608,7,0,10,1,30,,40595,7,0,10,1,69,,40612,7,0,10,1,28,,40599,7,0,10,1,67,,40598,7,0,10,1,27,,40606,7,0,10,1,68,,40623,7,0,10,1,26,,40596,7,0,10,1,30,,40614,7,0,10,1,73,,40600,7,0,10,1,71,,40619,7,0,10,1,33,,40609,7,0,10,1,72,,40592,7,0,10,1,31,,40601,7,0,10,1,71,,40620,7,0,10,1,26,,40588,7,0,10,1,67,,40615,7,0,10,1,26,,40590,7,0,10,1,27,,40602,7,0,10,1,68,,40624,7,0,10,1,30,,40622,7,0,10,1,69,,40591,7,0,10,1,26,,40603,7,0,10,1,68,,40625,7,0,10,1
11002,'H56JV00I-80-I',622,,40626,7,0,10,1,29,,40664,7,0,10,1,73,,40632,7,0,10,1,29,,40631,7,0,10,1,69,,40627,7,0,10,1,32,,40665,7,0,10,1,70,,40663,7,0,10,1,32,,40662,7,0,10,1,70,,40658,7,0,10,1,31,,40661,7,0,10,1,71,,40633,7,0,10,1,31,,40640,7,0,10,1,73,,40657,7,0,10,1,75,,40645,7,0,10,1,33,,40654,7,0,10,1,72,,40634,7,0,10,1,31,,40641,7,0,10,1,68,,40650,7,0,10,1,27,,40646,7,0,10,1,68,,40655,7,0,10,1,29,,40635,7,0,10,1,70,,40642,7,0,10,1,29,,40651,7,0,10,1,69,,40647,7,0,10,1,29,,40656,7,0,10,1,69,,40636,7,0,10,1,30,,40643,7,0,10,1,73,,40652,7,0,10,1,31,,40648,7,0,10,1,72,,40637,7,0,10,1,30,,40644,7,0,10,1,69,,40653,7,0,10,1,30,,40649,7,0,10,1,66,,40629,7,0,10,1,27,,40638,7,0,10,1,27,,40659,7,0,10,1,70,,40628,7,0,10,1,30,,40630,7,0,10,1,66,,40639,7,0,10,1,26,,40660,7,0,10,1
11002,'H56JV00S-80-S',534,,40695,7,0,10,1,70,,40683,7,0,10,1,49,,40674,7,0,10,1,70,,40702,7,0,10,1,32,,40667,7,0,10,1,71,,40684,7,0,10,1,33,,40687,7,0,10,1,73,,40701,7,0,10,1,68,,40703,7,0,10,1,32,,40668,7,0,10,1,70,,40685,7,0,10,1,30,,40688,7,0,10,1,73,,40691,7,0,10,1,29,,40666,7,0,10,1,69,,40669,7,0,10,1,29,,40696,7,0,10,1,70,,40689,7,0,10,1,31,,40692,7,0,10,1,103,,40697,7,0,10,1,70,,40705,7,0,10,1,27,,40672,7,0,10,1,67,,40690,7,0,10,1,25,,40693,7,0,10,1,15,,40686,7,0,10,1,15,,40681,7,0,10,1,69,,40698,7,0,10,1,29,,40706,7,0,10,1,69,,40673,7,0,10,1,28,,40682,7,0,10,1,67,,40680,7,0,10,1,27,,40694,7,0,10,1,67,,40677,7,0,10,1,30,,40699,7,0,10,1,71,,40670,7,0,10,1,32,,40675,7,0,10,1,73,,40678,7,0,10,1,32,,40700,7,0,10,1,70,,40671,7,0,10,1,28,,40676,7,0,10,1,69,,40679,7,0,10,1,25,,40704,7,0,10,1
11002,'H57J000S-81-S',637,,40707,7,0,10,1
11002,'H57JV00S-83-S',637,,40708,7,0,10,1
11002,'H60J000S-98-S',1505,,40709,7,0,10,1
11002,'H60JV00S-98-S',1505,,40710,7,0,10,1
