8602,'H54M000A-80-A',506,,192262,19,0,10,2,34,,192265,19,0,10,1,73,,192271,19,0,10,2,32,,192263,19,0,10,1,72,,192277,19,0,10,1,32,,192284,19,0,10,2,72,,192266,19,0,10,1,33,,192272,19,0,10,2,73,,192264,19,0,10,1,73,,192278,19,0,10,1,33,,192286,19,0,10,2,73,,192267,19,0,10,1,33,,192273,19,0,10,2,73,,192293,19,0,10,2,33,,192279,19,0,10,1,74,,192287,19,0,10,2,33,,192268,19,0,10,1,73,,192274,19,0,10,2,32,,192294,19,0,10,2,73,,192280,19,0,10,1,73,,192288,19,0,10,2,33,,192269,19,0,10,1,73,,192275,19,0,10,2,33,,192295,19,0,10,2,73,,192281,19,0,10,1,33,,192289,19,0,10,2,73,,192270,19,0,10,1,32,,192276,19,0,10,2,73,,192296,19,0,10,2,32,,192282,19,0,10,1,71,,192290,19,0,10,2,30,,192292,19,0,10,2,70,,192299,19,0,10,1,30,,192297,19,0,10,2,70,,192283,19,0,10,1,72,,192291,19,0,10,1,32,,192285,19,0,10,2,72,,192300,19,0,10,1,31,,192298,19,0,10,2
8602,'H54M000I-81-I',500,,192301,19,0,10,1,31,,192308,19,0,10,1,73,,192312,19,0,10,1,33,,192318,19,0,10,1,73,,192302,19,0,10,1,33,,192309,19,0,10,1,71,,192319,19,0,10,2,32,,192320,19,0,10,1,73,,192325,19,0,10,2,33,,192303,19,0,10,1,73,,192330,19,0,10,2,33,,192313,19,0,10,1,73,,192321,19,0,10,1,73,,192326,19,0,10,2,33,,192304,19,0,10,1,72,,192331,19,0,10,2,32,,192314,19,0,10,1,72,,192322,19,0,10,1,32,,192327,19,0,10,2,72,,192305,19,0,10,1,32,,192332,19,0,10,2,73,,192315,19,0,10,1,32,,192323,19,0,10,1,73,,192328,19,0,10,2,73,,192306,19,0,10,1,33,,192333,19,0,10,2,72,,192316,19,0,10,1,32,,192324,19,0,10,1,71,,192329,19,0,10,2,31,,192307,19,0,10,1,71,,192334,19,0,10,2,31,,192317,19,0,10,1,71,,192337,19,0,10,2,30,,192310,19,0,10,1,69,,192339,19,0,10,2,29,,192335,19,0,10,1,69,,192336,19,0,10,1,31,,192338,19,0,10,1,72,,192311,19,0,10,1
8602,'H54M000S-81-S',509,,192340,19,0,10,2,28,,192345,19,0,10,1,69,,192350,19,0,10,1,32,,192363,19,0,10,2,73,,192358,19,0,10,1,32,,192341,19,0,10,2,71,,192346,19,0,10,1,29,,192370,19,0,10,1,71,,192351,19,0,10,1,31,,192364,19,0,10,2,70,,192342,19,0,10,2,30,,192347,19,0,10,1,70,,192371,19,0,10,1,30,,192352,19,0,10,1,69,,192359,19,0,10,1,28,,192365,19,0,10,2,69,,192343,19,0,10,2,29,,192348,19,0,10,1,70,,192372,19,0,10,1,30,,192353,19,0,10,1,71,,192360,19,0,10,1,31,,192366,19,0,10,2,71,,192344,19,0,10,2,31,,192349,19,0,10,1,69,,192373,19,0,10,1,32,,192354,19,0,10,1,72,,192361,19,0,10,1,30,,192367,19,0,10,2,70,,192377,19,0,10,1,28,,192374,19,0,10,1,69,,192355,19,0,10,1,29,,192362,19,0,10,1,69,,192368,19,0,10,2,29,,192378,19,0,10,1,69,,192375,19,0,10,1,29,,192356,19,0,10,1,70,,192380,19,0,10,1,30,,192369,19,0,10,2,70,,192376,19,0,10,1,30,,192379,19,0,10,1,70,,192357,19,0,10,1
18602,'H51M000S-80-S',515,,207566,11,0,10,1,205,,207567,11,0,10,2
18602,'H54M000A-80-A',442,,207568,11,0,10,1,70,,207580,11,0,10,1,30,,207569,11,0,10,1,70,,207581,11,0,10,1,31,,207570,11,0,10,1,72,,207582,11,0,10,1,33,,207571,11,0,10,1,74,,207585,11,0,10,1,33,,207586,11,0,10,1,73,,207591,11,0,10,2,31,,207592,11,0,10,1,67,,207597,11,0,10,2,23,,207604,11,0,10,2,62,,207574,11,0,10,2,20,,207593,11,0,10,1,20,,207605,11,0,10,2,62,,207598,11,0,10,1,22,,207594,11,0,10,1,21,,207575,11,0,10,2,61,,207606,11,0,10,2,20,,207599,11,0,10,1,20,,207595,11,0,10,1,60,,207576,11,0,10,2,26,,207607,11,0,10,2,66,,207600,11,0,10,1,27,,207577,11,0,10,2,66,,207608,11,0,10,2,26,,207596,11,0,10,1,21,,207601,11,0,10,1,61,,207578,11,0,10,2,24,,207587,11,0,10,1,68,,207609,11,0,10,1,28,,207579,11,0,10,2,29,,207588,11,0,10,1,68,,207610,11,0,10,1,28,,207611,11,0,10,2,68,,207589,11,0,10,1,26,,207602,11,0,10,1,67,,207612,11,0,10,2,28,,207590,11,0,10,1,72,,207603,11,0,10,1,32,,207613,11,0,10,2,72,,207583,11,0,10,1,32,,207572,11,0,10,2,72,,207614,11,0,10,2,32,,207584,11,0,10,1,72,,207573,11,0,10,2
18602,'H54M000I-81-I',440,,207615,11,0,10,2,71,,207624,11,0,10,1,31,,207616,11,0,10,2,71,,207625,11,0,10,1,31,,207617,11,0,10,2,72,,207626,11,0,10,1,32,,207618,11,0,10,2,72,,207628,11,0,10,1,32,,207619,11,0,10,2,72,,207629,11,0,10,1,32,,207637,11,0,10,2,71,,207620,11,0,10,2,30,,207630,11,0,10,1,70,,207631,11,0,10,1,30,,207621,11,0,10,2,69,,207627,11,0,10,1,29,,207632,11,0,10,1,59,,207653,11,0,10,2,19,,207633,11,0,10,1,67,,207654,11,0,10,2,27,,207647,11,0,10,2,27,,207634,11,0,10,1,67,,207655,11,0,10,2,27,,207648,11,0,10,2,67,,207635,11,0,10,1,31,,207656,11,0,10,2,72,,207641,11,0,10,1,30,,207640,11,0,10,1,70,,207649,11,0,10,2,28,,207642,11,0,10,1,67,,207638,11,0,10,2,28,,207650,11,0,10,2,72,,207643,11,0,10,1,33,,207644,11,0,10,1,70,,207651,11,0,10,2,30,,207622,11,0,10,1,71,,207645,11,0,10,1,32,,207623,11,0,10,1,71,,207646,11,0,10,1,31,,207652,11,0,10,1,71,,207636,11,0,10,1,20,,207639,11,0,10,2
18602,'H54M000S-81-S',458,,207657,11,0,10,1,77,,207672,11,0,10,1,20,,207677,11,0,10,1,60,,207658,11,0,10,1,20,,207681,11,0,10,2,15,,207666,11,0,10,1,99,,207680,11,0,10,1,70,,207682,11,0,10,2,30,,207673,11,0,10,1,70,,207693,11,0,10,2,30,,207659,11,0,10,2,68,,207674,11,0,10,1,28,,207664,11,0,10,1,60,,207676,11,0,10,1,20,,207660,11,0,10,2,20,,207675,11,0,10,1,60,,207694,11,0,10,2,19,,207678,11,0,10,1,20,,207684,11,0,10,1,63,,207661,11,0,10,2,20,,207695,11,0,10,2,20,,207679,11,0,10,1,60,,207685,11,0,10,1,15,,207698,11,0,10,1,15,,207662,11,0,10,2,15,,207696,11,0,10,2,63,,207699,11,0,10,2,21,,207686,11,0,10,1,84,,207697,11,0,10,2,25,,207671,11,0,10,2,65,,207687,11,0,10,1,24,,207704,11,0,10,1,66,,207665,11,0,10,1,25,,207667,11,0,10,1,26,,207688,11,0,10,1,66,,207700,11,0,10,2,30,,207668,11,0,10,1,71,,207689,11,0,10,1,31,,207701,11,0,10,2,71,,207669,11,0,10,1,29,,207690,11,0,10,1,69,,207702,11,0,10,2,28,,207670,11,0,10,1,70,,207691,11,0,10,1,29,,207703,11,0,10,2,69,,207683,11,0,10,1,28,,207692,11,0,10,1
18602,'H57M000S-80-S',441,,207705,11,0,10,1,263,,207706,11,0,10,2,854,,207707,11,0,10,2
43002,'H51M000S-80-S',1040,,215384,7,0,10,1
43002,'H57M000S-80-S',531,,215385,7,0,10,1,72,,215396,7,0,10,2,102,,215392,7,0,10,1,30,,215393,7,0,10,2,70,,215395,7,0,10,2,31,,215394,7,0,10,1,72,,215389,7,0,10,1,31,,215387,7,0,10,1,71,,215388,7,0,10,1,97,,215391,7,0,10,1,30,,215390,7,0,10,2,69,,215386,7,0,10,1
43002,'H59M000S-80-S',635,,215397,7,0,10,2
48602,'H54M000S-81-S',613,,217114,9,0,10,1,21,,217116,9,0,10,2,67,,217117,9,0,10,2,28,,217120,9,0,10,2,15,,217121,9,0,10,2,60,,217119,9,0,10,1,25,,217122,9,0,10,2,26,,217118,9,0,10,2,67,,217115,9,0,10,1
48602,'H57M000S-80-S',552,,217124,9,0,10,1,96,,217123,9,0,10,1,67,,217125,9,0,10,1
