19501,'H56U000A-80-A',451,,268741,7,0,5,1,70,,268752,7,0,5,2,30,,268743,7,0,5,1,70,,268745,7,0,5,1,29,,268742,7,0,5,1,70,,268753,7,0,5,2,31,,268763,7,0,5,1,70,,268746,7,0,5,1,30,,268744,7,0,5,1,70,,268754,7,0,5,2,31,,268764,7,0,5,1,71,,268751,7,0,5,1,31,,268771,7,0,5,1,70,,268755,7,0,5,2,30,,268765,7,0,5,1,71,,268775,7,0,5,2,31,,268772,7,0,5,1,70,,268756,7,0,5,2,30,,268766,7,0,5,1,72,,268776,7,0,5,2,72,,268773,7,0,5,1,32,,268757,7,0,5,2,72,,268767,7,0,5,1,30,,268777,7,0,5,2,70,,268774,7,0,5,1,30,,268758,7,0,5,2,71,,268768,7,0,5,1,29,,268778,7,0,5,2,69,,268748,7,0,5,1,29,,268759,7,0,5,2,69,,268769,7,0,5,1,29,,268779,7,0,5,2,29,,268747,7,0,5,2,69,,268760,7,0,5,2,29,,268770,7,0,5,1,69,,268780,7,0,5,2,30,,268749,7,0,5,1,70,,268761,7,0,5,2,29,,268782,7,0,5,1,69,,268781,7,0,5,2,29,,268750,7,0,5,1,68,,268762,7,0,5,2
19501,'H56U000I-80-I',450,,268783,7,0,5,1,70,,268822,7,0,5,1,30,,268786,7,0,5,1,70,,268811,7,0,5,2,30,,268784,7,0,5,1,70,,268817,7,0,5,1,30,,268787,7,0,5,1,69,,268812,7,0,5,2,29,,268785,7,0,5,1,69,,268800,7,0,5,1,29,,268788,7,0,5,1,72,,268813,7,0,5,2,32,,268795,7,0,5,1,72,,268805,7,0,5,1,31,,268790,7,0,5,1,71,,268801,7,0,5,1,30,,268796,7,0,5,1,70,,268806,7,0,5,1,30,,268791,7,0,5,1,70,,268802,7,0,5,1,31,,268797,7,0,5,1,71,,268807,7,0,5,1,30,,268792,7,0,5,1,70,,268803,7,0,5,1,30,,268798,7,0,5,1,71,,268808,7,0,5,1,30,,268793,7,0,5,1,70,,268804,7,0,5,1,29,,268799,7,0,5,1,69,,268809,7,0,5,1,29,,268794,7,0,5,1,70,,268789,7,0,5,1,31,,268823,7,0,5,1,71,,268810,7,0,5,1,30,,268818,7,0,5,1,70,,268815,7,0,5,1,30,,268819,7,0,5,1,70,,268820,7,0,5,2,29,,268821,7,0,5,1,70,,268816,7,0,5,1,30,,268814,7,0,5,2
19501,'H56U000S-81-S',440,,268863,7,0,5,1,72,,268864,7,0,5,1,32,,268826,7,0,5,2,72,,268839,7,0,5,2,31,,268825,7,0,5,1,71,,268861,7,0,5,1,30,,268827,7,0,5,2,70,,268840,7,0,5,2,30,,268835,7,0,5,1,70,,268857,7,0,5,1,31,,268831,7,0,5,1,71,,268854,7,0,5,2,31,,268836,7,0,5,1,70,,268858,7,0,5,1,31,,268832,7,0,5,1,70,,268855,7,0,5,2,31,,268837,7,0,5,1,71,,268859,7,0,5,1,31,,268833,7,0,5,1,71,,268856,7,0,5,2,33,,268838,7,0,5,1,71,,268860,7,0,5,1,70,,268834,7,0,5,1,30,,268824,7,0,5,2,71,,268845,7,0,5,1,29,,268849,7,0,5,2,70,,268850,7,0,5,1,31,,268842,7,0,5,2,70,,268851,7,0,5,1,29,,268846,7,0,5,2,29,,268829,7,0,5,1,69,,268843,7,0,5,2,29,,268852,7,0,5,1,68,,268847,7,0,5,2,30,,268830,7,0,5,1,69,,268844,7,0,5,2,29,,268853,7,0,5,1,68,,268848,7,0,5,2,28,,268862,7,0,5,2,73,,268828,7,0,5,1,34,,268841,7,0,5,2
19501,'H56U100F-80-F1',450,,268865,7,0,5,1,70,,268904,7,0,5,1,30,,268868,7,0,5,1,70,,268893,7,0,5,2,30,,268866,7,0,5,1,70,,268899,7,0,5,1,30,,268869,7,0,5,1,69,,268894,7,0,5,2,29,,268867,7,0,5,1,69,,268882,7,0,5,1,29,,268870,7,0,5,1,72,,268895,7,0,5,2,32,,268877,7,0,5,1,72,,268887,7,0,5,1,31,,268872,7,0,5,1,71,,268883,7,0,5,1,30,,268878,7,0,5,1,70,,268888,7,0,5,1,30,,268873,7,0,5,1,70,,268884,7,0,5,1,31,,268879,7,0,5,1,71,,268889,7,0,5,1,30,,268874,7,0,5,1,70,,268885,7,0,5,1,30,,268880,7,0,5,1,71,,268890,7,0,5,1,30,,268875,7,0,5,1,70,,268886,7,0,5,1,29,,268881,7,0,5,1,69,,268891,7,0,5,1,29,,268876,7,0,5,1,70,,268871,7,0,5,1,31,,268905,7,0,5,1,71,,268892,7,0,5,1,30,,268900,7,0,5,1,70,,268897,7,0,5,1,30,,268901,7,0,5,1,70,,268902,7,0,5,2,29,,268903,7,0,5,1,70,,268898,7,0,5,1,30,,268896,7,0,5,2
19501,'H56U200F-80-F2',450,,268906,7,0,5,1,70,,268945,7,0,5,1,30,,268909,7,0,5,1,70,,268934,7,0,5,2,30,,268907,7,0,5,1,70,,268940,7,0,5,1,30,,268910,7,0,5,1,69,,268935,7,0,5,2,29,,268908,7,0,5,1,69,,268923,7,0,5,1,29,,268911,7,0,5,1,72,,268936,7,0,5,2,32,,268918,7,0,5,1,72,,268928,7,0,5,1,31,,268913,7,0,5,1,71,,268924,7,0,5,1,30,,268919,7,0,5,1,70,,268929,7,0,5,1,30,,268914,7,0,5,1,70,,268925,7,0,5,1,31,,268920,7,0,5,1,71,,268930,7,0,5,1,30,,268915,7,0,5,1,70,,268926,7,0,5,1,30,,268921,7,0,5,1,71,,268931,7,0,5,1,30,,268916,7,0,5,1,70,,268927,7,0,5,1,29,,268922,7,0,5,1,69,,268932,7,0,5,1,29,,268917,7,0,5,1,70,,268912,7,0,5,1,31,,268946,7,0,5,1,71,,268933,7,0,5,1,30,,268941,7,0,5,1,70,,268938,7,0,5,1,30,,268942,7,0,5,1,70,,268943,7,0,5,2,29,,268944,7,0,5,1,70,,268939,7,0,5,1,30,,268937,7,0,5,2
35601,'H56U000A-80-A',2555,,276844,37,0,5,1,83,,276848,37,0,5,1,93,,276845,37,0,5,2,91,,276847,37,0,5,1,83,,276846,37,0,5,2
35601,'H56U000I-80-I',2555,,276850,37,0,5,1,81,,276852,37,0,5,2,80,,276851,37,0,5,1,40,,276849,37,0,5,1,84,,276853,37,0,5,1,84,,276854,37,0,5,2
35601,'H56U000S-81-S',2608,,276857,37,0,5,2,33,,276859,37,0,5,1,74,,276856,37,0,5,1,34,,276855,37,0,5,1,86,,276860,37,0,5,2,89,,276858,37,0,5,1
35601,'H56U100F-80-F1',2555,,276862,37,0,5,1,81,,276864,37,0,5,2,80,,276863,37,0,5,1,40,,276861,37,0,5,1,84,,276865,37,0,5,1,84,,276866,37,0,5,2
35601,'H56U200F-80-F2',2555,,276868,37,0,5,1,81,,276870,37,0,5,2,80,,276869,37,0,5,1,40,,276867,37,0,5,1,84,,276871,37,0,5,1,84,,276872,37,0,5,2
49601,'H56U000A-80-A',644,,281213,4,0,5,1,72,,281209,4,0,5,1,25,,281228,4,0,5,1,68,,281214,4,0,5,1,26,,281210,4,0,5,1,20,,281216,4,0,5,1,60,,281229,4,0,5,1,18,,281215,4,0,5,1,18,,281233,4,0,5,2,58,,281247,4,0,5,1,18,,281224,4,0,5,2,18,,281230,4,0,5,1,58,,281222,4,0,5,1,19,,281234,4,0,5,2,19,,281248,4,0,5,1,59,,281223,4,0,5,2,20,,281231,4,0,5,1,19,,281235,4,0,5,2,17,,281219,4,0,5,2,57,,281249,4,0,5,1,17,,281239,4,0,5,1,16,,281232,4,0,5,1,55,,281220,4,0,5,2,15,,281236,4,0,5,2,19,,281250,4,0,5,1,20,,281240,4,0,5,1,60,,281225,4,0,5,2,20,,281237,4,0,5,2,20,,281251,4,0,5,1,60,,281241,4,0,5,1,20,,281226,4,0,5,2,20,,281227,4,0,5,1,59,,281238,4,0,5,2,25,,281242,4,0,5,1,67,,281211,4,0,5,2,30,,281252,4,0,5,1,69,,281243,4,0,5,1,29,,281212,4,0,5,2,72,,281253,4,0,5,1,33,,281244,4,0,5,1,73,,281217,4,0,5,1,30,,281254,4,0,5,1,69,,281245,4,0,5,1,30,,281218,4,0,5,1,70,,281246,4,0,5,1,31,,281221,4,0,5,2
49601,'H56U000I-80-I',644,,281278,4,0,5,2,69,,281272,4,0,5,1,30,,281260,4,0,5,1,70,,281279,4,0,5,2,27,,281273,4,0,5,1,66,,281261,4,0,5,1,24,,281268,4,0,5,1,23,,281280,4,0,5,2,63,,281274,4,0,5,1,22,,281262,4,0,5,1,62,,281258,4,0,5,1,21,,281281,4,0,5,2,21,,281275,4,0,5,1,60,,281259,4,0,5,2,21,,281263,4,0,5,1,20,,281282,4,0,5,2,59,,281264,4,0,5,1,19,,281276,4,0,5,1,21,,281292,4,0,5,1,17,,281287,4,0,5,1,60,,281283,4,0,5,2,20,,281270,4,0,5,2,20,,281293,4,0,5,1,59,,281288,4,0,5,1,19,,281284,4,0,5,2,19,,281271,4,0,5,2,60,,281294,4,0,5,1,24,,281289,4,0,5,1,64,,281285,4,0,5,2,27,,281257,4,0,5,1,70,,281290,4,0,5,1,31,,281286,4,0,5,2,70,,281295,4,0,5,1,30,,281291,4,0,5,1,73,,281255,4,0,5,1,33,,281296,4,0,5,1,73,,281256,4,0,5,1,32,,281265,4,0,5,1,72,,281269,4,0,5,1,29,,281277,4,0,5,1,69,,281266,4,0,5,1,29,,281267,4,0,5,1
49601,'H56U000S-81-S',532,,281304,4,0,5,1,22,,281299,4,0,5,1,62,,281301,4,0,5,1,13,,281318,4,0,5,2,11,,281346,4,0,5,1,9,,281305,4,0,5,1,8,,281342,4,0,5,2,48,,281320,4,0,5,2,8,,281358,4,0,5,1,7,,281300,4,0,5,1,7,,281321,4,0,5,2,9,,281302,4,0,5,1,8,,281323,4,0,5,2,9,,281319,4,0,5,2,49,,281324,4,0,5,2,11,,281347,4,0,5,1,11,,281343,4,0,5,2,11,,281309,4,0,5,2,12,,281359,4,0,5,1,12,,281303,4,0,5,2,52,,281322,4,0,5,2,12,,281316,4,0,5,2,21,,281336,4,0,5,1,63,,281360,4,0,5,1,23,,281354,4,0,5,1,22,,281326,4,0,5,2,63,,281337,4,0,5,1,24,,281361,4,0,5,1,64,,281355,4,0,5,1,25,,281327,4,0,5,2,26,,281338,4,0,5,1,69,,281356,4,0,5,1,24,,281328,4,0,5,2,64,,281344,4,0,5,2,22,,281339,4,0,5,1,21,,281348,4,0,5,1,54,,281357,4,0,5,1,11,,281325,4,0,5,2,10,,281329,4,0,5,2,12,,281362,4,0,5,1,13,,281345,4,0,5,2,53,,281340,4,0,5,1,12,,281297,4,0,5,1,12,,281349,4,0,5,1,17,,281312,4,0,5,2,58,,281330,4,0,5,2,17,,281363,4,0,5,1,18,,281341,4,0,5,1,18,,281298,4,0,5,1,57,,281350,4,0,5,1,20,,281331,4,0,5,2,21,,281313,4,0,5,2,61,,281353,4,0,5,2,23,,281351,4,0,5,1,62,,281332,4,0,5,2,22,,281314,4,0,5,2,21,,281306,4,0,5,2,60,,281352,4,0,5,1,20,,281333,4,0,5,2,19,,281315,4,0,5,2,60,,281307,4,0,5,2,22,,281310,4,0,5,1,26,,281334,4,0,5,2,69,,281308,4,0,5,2,28,,281311,4,0,5,1,69,,281335,4,0,5,2,31,,281317,4,0,5,2
49601,'H56U100F-80-F1',644,,281387,4,0,5,2,69,,281381,4,0,5,1,30,,281369,4,0,5,1,70,,281388,4,0,5,2,27,,281382,4,0,5,1,66,,281370,4,0,5,1,24,,281377,4,0,5,1,23,,281389,4,0,5,2,63,,281383,4,0,5,1,22,,281371,4,0,5,1,62,,281367,4,0,5,1,21,,281390,4,0,5,2,21,,281384,4,0,5,1,60,,281368,4,0,5,2,21,,281372,4,0,5,1,20,,281391,4,0,5,2,59,,281373,4,0,5,1,19,,281385,4,0,5,1,21,,281401,4,0,5,1,17,,281396,4,0,5,1,60,,281392,4,0,5,2,20,,281379,4,0,5,2,20,,281402,4,0,5,1,59,,281397,4,0,5,1,19,,281393,4,0,5,2,19,,281380,4,0,5,2,60,,281403,4,0,5,1,24,,281398,4,0,5,1,64,,281394,4,0,5,2,27,,281366,4,0,5,1,70,,281399,4,0,5,1,31,,281395,4,0,5,2,70,,281404,4,0,5,1,30,,281400,4,0,5,1,73,,281364,4,0,5,1,33,,281405,4,0,5,1,73,,281365,4,0,5,1,32,,281374,4,0,5,1,72,,281378,4,0,5,1,29,,281386,4,0,5,1,69,,281375,4,0,5,1,29,,281376,4,0,5,1
49601,'H56U200F-80-F2',644,,281429,4,0,5,2,69,,281423,4,0,5,1,30,,281411,4,0,5,1,70,,281430,4,0,5,2,27,,281424,4,0,5,1,66,,281412,4,0,5,1,24,,281419,4,0,5,1,23,,281431,4,0,5,2,63,,281425,4,0,5,1,22,,281413,4,0,5,1,62,,281409,4,0,5,1,21,,281432,4,0,5,2,21,,281426,4,0,5,1,60,,281410,4,0,5,2,21,,281414,4,0,5,1,20,,281433,4,0,5,2,59,,281415,4,0,5,1,19,,281427,4,0,5,1,21,,281443,4,0,5,1,17,,281438,4,0,5,1,60,,281434,4,0,5,2,20,,281421,4,0,5,2,20,,281444,4,0,5,1,59,,281439,4,0,5,1,19,,281435,4,0,5,2,19,,281422,4,0,5,2,60,,281445,4,0,5,1,24,,281440,4,0,5,1,64,,281436,4,0,5,2,27,,281408,4,0,5,1,70,,281441,4,0,5,1,31,,281437,4,0,5,2,70,,281446,4,0,5,1,30,,281442,4,0,5,1,73,,281406,4,0,5,1,33,,281447,4,0,5,1,73,,281407,4,0,5,1,32,,281416,4,0,5,1,72,,281420,4,0,5,1,29,,281428,4,0,5,1,69,,281417,4,0,5,1,29,,281418,4,0,5,1
