2602,'H54M000A-80-A',514,,180689,25,0,10,1,34,,180678,25,0,10,1,71,,180690,25,0,10,1,30,,180679,25,0,10,1,71,,180691,25,0,10,1,30,,180680,25,0,10,1,70,,180692,25,0,10,1,30,,180681,25,0,10,1,70,,180693,25,0,10,1,30,,180682,25,0,10,1,71,,180694,25,0,10,1,31,,180683,25,0,10,1,70,,180695,25,0,10,1,30,,180684,25,0,10,1,70,,180696,25,0,10,1,30,,180685,25,0,10,1,70,,180697,25,0,10,1,29,,180686,25,0,10,1,70,,180698,25,0,10,1,30,,180687,25,0,10,1,70,,180699,25,0,10,1,29,,180688,25,0,10,1,69,,180700,25,0,10,1,29,,180707,25,0,10,1,70,,180701,25,0,10,1,30,,180708,25,0,10,1,71,,180702,25,0,10,1,31,,180709,25,0,10,1,70,,180703,25,0,10,1,30,,180710,25,0,10,1,69,,180704,25,0,10,1,31,,180711,25,0,10,1,72,,180705,25,0,10,1,32,,180712,25,0,10,1,72,,180706,25,0,10,1
2602,'H54M000I-81-I',515,,180713,25,0,10,1,29,,180721,25,0,10,1,68,,180714,25,0,10,1,28,,180722,25,0,10,1,68,,180715,25,0,10,1,28,,180723,25,0,10,1,68,,180716,25,0,10,1,29,,180724,25,0,10,1,70,,180717,25,0,10,1,31,,180725,25,0,10,1,70,,180718,25,0,10,1,30,,180726,25,0,10,1,70,,180719,25,0,10,1,30,,180727,25,0,10,1,70,,180720,25,0,10,1,30,,180728,25,0,10,1,70,,180737,25,0,10,1,30,,180729,25,0,10,1,70,,180738,25,0,10,1,30,,180747,25,0,10,2,70,,180739,25,0,10,1,30,,180748,25,0,10,2,70,,180740,25,0,10,1,30,,180730,25,0,10,1,69,,180741,25,0,10,1,29,,180731,25,0,10,1,68,,180742,25,0,10,1,29,,180732,25,0,10,1,29,,180743,25,0,10,1,69,,180733,25,0,10,1,29,,180744,25,0,10,1,70,,180734,25,0,10,1,30,,180745,25,0,10,1,69,,180735,25,0,10,1,30,,180746,25,0,10,1,70,,180736,25,0,10,1
2602,'H54M000S-81-S',517,,180749,25,0,10,1,28,,180763,25,0,10,2,68,,180750,25,0,10,1,6,,180774,10,4,,1,21,,180764,25,0,10,2,9,,180753,10,4,,1,58,,180751,25,0,10,1,7,,180754,10,4,,1,19,,180765,10,4,,2,2,,180767,25,0,10,1,6,,180779,10,4,,2,6,,180775,25,0,10,2,7,,180778,10,4,,2,4,,180755,25,0,10,1,51,,180752,25,0,10,1,7,,180780,10,4,,2,21,,180768,25,0,10,1,7,,180782,10,4,,2,63,,180756,25,0,10,1,29,,180769,25,0,10,1,70,,180757,25,0,10,1,30,,180770,25,0,10,1,70,,180758,25,0,10,1,30,,180771,25,0,10,1,70,,180759,25,0,10,1,29,,180781,25,0,10,2,69,,180772,25,0,10,1,28,,180760,25,0,10,1,27,,180766,25,0,10,1,67,,180773,25,0,10,1,27,,180761,25,0,10,1,70,,180776,25,0,10,2,33,,180762,25,0,10,1,72,,180777,25,0,10,2,31,,180783,25,0,10,1,73,,180789,25,0,10,2,72,,180784,25,0,10,1,32,,180790,25,0,10,2,70,,180785,25,0,10,1,30,,180791,25,0,10,2,66,,180786,25,0,10,1,26,,180792,25,0,10,2,27,,180787,25,0,10,1,66,,180793,25,0,10,2,31,,180788,25,0,10,1,72,,180794,25,0,10,2
18502,'H51M000S-80-S',741,,207288,15,4,,2
18502,'H59M000A-80-A',528,,207291,15,0,10,1,73,,207303,15,0,10,1,33,,207304,15,0,10,1,76,,207292,15,0,10,1,32,,207296,15,0,10,2,71,,207305,15,0,10,1,31,,207293,15,0,10,1,71,,207297,15,0,10,2,31,,207306,15,0,10,1,72,,207294,15,0,10,1,31,,207298,15,0,10,2,73,,207307,15,0,10,1,34,,207295,15,0,10,1,71,,207299,15,0,10,2,29,,207311,15,0,10,1,69,,207308,15,0,10,1,29,,207300,15,0,10,1,68,,207289,15,0,10,1,27,,207312,15,0,10,1,68,,207309,15,0,10,1,29,,207301,15,0,10,1,69,,207290,15,0,10,1,30,,207313,15,0,10,1,69,,207310,15,0,10,1,29,,207302,15,0,10,1,69,,207323,15,0,10,2,29,,207314,15,0,10,1,68,,207319,15,0,10,1,27,,207315,15,0,10,1,71,,207324,15,0,10,2,31,,207320,15,0,10,1,71,,207316,15,0,10,1,31,,207325,15,0,10,2,71,,207321,15,0,10,1,30,,207317,15,0,10,1,71,,207326,15,0,10,2,30,,207322,15,0,10,1,70,,207318,15,0,10,1,29,,207327,15,0,10,2
18502,'H59M000I-80-I',529,,207328,15,0,10,1,71,,207340,15,0,10,2,29,,207360,15,0,10,1,29,,207329,15,0,10,1,70,,207341,15,0,10,2,29,,207361,15,0,10,1,70,,207330,15,0,10,1,31,,207342,15,0,10,2,71,,207362,15,0,10,1,72,,207331,15,0,10,1,34,,207343,15,0,10,2,73,,207363,15,0,10,1,32,,207332,15,0,10,1,73,,207344,15,0,10,2,32,,207364,15,0,10,1,72,,207352,15,0,10,1,30,,207333,15,0,10,1,70,,207345,15,0,10,2,31,,207365,15,0,10,1,70,,207353,15,0,10,1,30,,207334,15,0,10,1,70,,207346,15,0,10,2,29,,207366,15,0,10,1,72,,207354,15,0,10,1,33,,207335,15,0,10,1,73,,207347,15,0,10,2,32,,207355,15,0,10,1,71,,207336,15,0,10,1,29,,207348,15,0,10,2,69,,207356,15,0,10,1,30,,207337,15,0,10,1,69,,207349,15,0,10,2,27,,207357,15,0,10,1,69,,207338,15,0,10,1,29,,207350,15,0,10,2,68,,207358,15,0,10,1,26,,207339,15,0,10,1,67,,207351,15,0,10,2,30,,207359,15,0,10,1
18502,'H59M000S-80-S',526,,207369,15,0,10,1,30,,207378,15,0,10,1,70,,207394,15,0,10,2,28,,207370,15,0,10,1,55,,207368,15,0,10,2,12,,207412,15,4,,1,10,,207379,15,0,10,1,20,,207380,15,0,10,1,51,,207395,15,4,,2,10,,207367,15,0,10,1,8,,207373,15,4,,1,7,,207403,15,0,10,2,14,,207371,15,0,10,1,60,,207374,15,0,10,1,28,,207385,15,0,10,1,30,,207381,15,0,10,1,70,,207404,15,0,10,2,29,,207375,15,0,10,1,69,,207386,15,0,10,1,29,,207382,15,0,10,1,68,,207405,15,0,10,2,28,,207376,15,0,10,1,67,,207387,15,0,10,1,27,,207383,15,0,10,1,67,,207406,15,0,10,2,28,,207377,15,0,10,1,68,,207388,15,0,10,1,30,,207384,15,0,10,1,71,,207372,15,0,10,1,30,,207396,15,0,10,1,69,,207389,15,0,10,1,30,,207398,15,0,10,1,71,,207407,15,0,10,2,28,,207397,15,0,10,1,69,,207390,15,0,10,1,31,,207399,15,0,10,1,72,,207408,15,0,10,2,31,,207391,15,0,10,1,71,,207400,15,0,10,1,30,,207409,15,0,10,2,70,,207392,15,0,10,1,29,,207401,15,0,10,1,70,,207410,15,0,10,2,30,,207393,15,0,10,1,71,,207402,15,0,10,1,32,,207411,15,0,10,2
36402,'H54M000A-80-A',2504,,214673,29,0,10,1,45,,214678,29,0,10,1,86,,214677,29,0,10,1,85,,214675,29,0,10,1,85,,214674,29,0,10,1,39,,214676,29,0,10,1
36402,'H54M000I-81-I',2504,,214680,29,0,10,1,45,,214683,29,0,10,1,85,,214682,29,0,10,2,86,,214679,29,0,10,1,84,,214681,29,0,10,1
36402,'H54M000S-81-S',2504,,214686,29,0,10,1,47,,214687,29,0,10,1,84,,214684,29,0,10,1,86,,214685,29,0,10,1,84,,214688,29,0,10,1
