6801,'H50J000S-83-S',1701,,25864,74,0,5,1
6801,'H50JV00S-82-S',1701,,25865,74,0,5,1
6801,'H60J000A-80-A',642,,25874,68,0,5,2,73,,25866,68,0,5,1,33,,25875,68,0,5,2,74,,25891,68,0,5,1,33,,25893,68,0,5,1,73,,25885,68,0,5,1,75,,25876,68,0,5,1,29,,25901,74,0,5,2,68,,25892,68,0,5,1,29,,25894,68,0,5,1,30,,25867,68,0,5,1,72,,25877,68,0,5,1,70,,25886,68,0,5,1,30,,25895,68,0,5,1,70,,25868,68,0,5,1,30,,25878,68,0,5,1,69,,25887,68,0,5,1,30,,25896,68,0,5,1,70,,25869,68,0,5,1,30,,25879,68,0,5,1,29,,25888,68,0,5,1,68,,25897,68,0,5,1,29,,25870,68,0,5,1,70,,25880,68,0,5,1,28,,25889,68,0,5,1,67,,25898,68,0,5,1,27,,25871,68,0,5,1,69,,25881,68,0,5,1,32,,25890,68,0,5,1,71,,25899,68,0,5,1,33,,25872,53,0,5,1,73,,25903,53,0,5,2,33,,25884,53,0,5,1,72,,25900,53,0,5,1,72,,25873,53,0,5,1,31,,25883,53,0,5,1,22,,25882,53,0,5,2,62,,25902,53,0,5,1
6801,'H60J000I-80-I',639,,25904,68,0,5,1,75,,25907,68,0,5,2,35,,25917,68,0,5,1,75,,25905,68,0,5,1,33,,25908,68,0,5,2,68,,25936,74,0,5,1,33,,25918,68,0,5,1,68,,25906,68,0,5,1,29,,25909,68,0,5,2,68,,25929,68,0,5,1,29,,25937,68,0,5,2,70,,25919,68,0,5,1,31,,25910,68,0,5,2,70,,25930,68,0,5,1,30,,25938,68,0,5,2,70,,25920,68,0,5,1,30,,25911,68,0,5,2,70,,25931,68,0,5,1,31,,25939,68,0,5,2,70,,25921,68,0,5,1,31,,25912,68,0,5,2,69,,25932,68,0,5,1,27,,25940,68,0,5,2,70,,25922,68,0,5,1,30,,25913,68,0,5,2,70,,25933,68,0,5,1,29,,25941,68,0,5,2,73,,25923,68,0,5,1,31,,25914,68,0,5,2,73,,25934,68,0,5,1,73,,25927,53,0,5,1,32,,25924,53,0,5,1,69,,25915,53,0,5,2,29,,25935,53,0,5,1,29,,25928,53,0,5,1,68,,25925,53,0,5,1,28,,25926,53,0,5,1,64,,25916,53,0,5,1
6801,'H60J000S-98-S',522,,25942,53,0,5,1,30,,25943,74,0,5,2,73,,25944,74,0,5,1,77,,25949,74,0,5,2,37,,25966,74,0,5,2,74,,25967,74,0,5,1,35,,25961,74,0,5,1,70,,25968,74,0,5,1,32,,25950,74,0,5,2,52,,25957,68,0,5,1,28,,25945,68,0,5,1,29,,25962,68,0,5,1,69,,25969,68,0,5,1,29,,25958,68,0,5,1,69,,25946,68,0,5,1,29,,25963,68,0,5,1,69,,25970,68,0,5,1,28,,25959,68,0,5,1,69,,25947,68,0,5,1,33,,25964,68,0,5,1,71,,25971,68,0,5,1,77,,25960,68,0,5,1,26,,25948,68,0,5,1,100,,25965,74,0,5,1,27,,25972,74,0,5,1,68,,25974,74,0,5,2,29,,25954,74,0,5,1,66,,25976,74,0,5,2,23,,25951,68,0,5,1,65,,25977,68,0,5,1,27,,25981,68,0,5,1,71,,25955,68,0,5,1,31,,25952,68,0,5,1,67,,25978,53,0,5,1,27,,25982,53,0,5,1,27,,25956,53,0,5,1,67,,25953,53,0,5,1,27,,25979,53,0,5,1,74,,25975,53,0,5,1,35,,25973,53,0,5,1,72,,25980,53,0,5,1
6801,'H60JV00A-80-A',642,,26017,68,0,5,2,73,,26001,68,0,5,1,33,,26020,68,0,5,2,74,,25983,68,0,5,1,33,,25993,68,0,5,1,73,,26009,68,0,5,1,75,,25987,68,0,5,1,29,,25985,74,0,5,2,68,,25984,68,0,5,1,29,,25994,68,0,5,1,30,,26002,68,0,5,1,72,,25988,68,0,5,1,70,,26010,68,0,5,1,30,,25995,68,0,5,1,70,,26003,68,0,5,1,30,,25989,68,0,5,1,69,,26011,68,0,5,1,30,,25996,68,0,5,1,70,,26004,68,0,5,1,30,,25990,68,0,5,1,29,,26012,68,0,5,1,68,,25997,68,0,5,1,29,,26005,68,0,5,1,70,,25991,68,0,5,1,28,,26013,68,0,5,1,67,,25998,68,0,5,1,27,,26006,68,0,5,1,69,,25992,68,0,5,1,32,,26014,68,0,5,1,71,,25999,68,0,5,1,33,,26007,53,0,5,1,73,,25986,53,0,5,2,33,,26016,53,0,5,1,72,,26000,53,0,5,1,72,,26008,53,0,5,1,31,,26015,53,0,5,1,22,,26019,53,0,5,2,62,,26018,53,0,5,1
6801,'H60JV00I-80-I',639,,26042,68,0,5,1,75,,26021,68,0,5,2,35,,26030,68,0,5,1,75,,26043,68,0,5,1,33,,26022,68,0,5,2,68,,26055,74,0,5,1,33,,26031,68,0,5,1,68,,26044,68,0,5,1,29,,26023,68,0,5,2,68,,26045,68,0,5,1,29,,26037,68,0,5,2,70,,26032,68,0,5,1,31,,26024,68,0,5,2,70,,26046,68,0,5,1,30,,26038,68,0,5,2,70,,26033,68,0,5,1,30,,26025,68,0,5,2,70,,26047,68,0,5,1,31,,26039,68,0,5,2,70,,26034,68,0,5,1,31,,26026,68,0,5,2,69,,26048,68,0,5,1,27,,26040,68,0,5,2,70,,26035,68,0,5,1,30,,26027,68,0,5,2,70,,26049,68,0,5,1,29,,26041,68,0,5,2,73,,26036,68,0,5,1,31,,26028,68,0,5,2,73,,26050,68,0,5,1,73,,26052,53,0,5,1,32,,26056,53,0,5,1,69,,26029,53,0,5,2,29,,26051,53,0,5,1,29,,26053,53,0,5,1,68,,26057,53,0,5,1,28,,26058,53,0,5,1,64,,26054,53,0,5,1
6801,'H60JV00S-98-S',522,,26096,53,0,5,1,30,,26094,74,0,5,2,73,,26095,74,0,5,1,77,,26059,74,0,5,2,37,,26078,74,0,5,2,74,,26079,74,0,5,1,35,,26073,74,0,5,1,70,,26080,74,0,5,1,32,,26060,74,0,5,2,52,,26069,68,0,5,1,28,,26062,68,0,5,1,29,,26074,68,0,5,1,69,,26081,68,0,5,1,29,,26070,68,0,5,1,69,,26063,68,0,5,1,29,,26075,68,0,5,1,69,,26082,68,0,5,1,28,,26071,68,0,5,1,69,,26064,68,0,5,1,33,,26076,68,0,5,1,71,,26083,68,0,5,1,77,,26072,68,0,5,1,26,,26065,68,0,5,1,100,,26077,74,0,5,1,27,,26084,74,0,5,1,68,,26085,74,0,5,2,29,,26097,74,0,5,1,66,,26087,74,0,5,2,23,,26066,68,0,5,1,65,,26088,68,0,5,1,27,,26092,68,0,5,1,71,,26098,68,0,5,1,31,,26067,68,0,5,1,67,,26089,53,0,5,1,27,,26093,53,0,5,1,27,,26099,53,0,5,1,67,,26068,53,0,5,1,27,,26090,53,0,5,1,74,,26086,53,0,5,1,35,,26061,53,0,5,1,72,,26091,53,0,5,1
38201,'H60J000A-80-A',2631,,76095,65,0,5,1,85,,76094,65,0,5,2,85,,76093,65,0,5,1,45,,76096,65,0,5,1
38201,'H60J000I-80-I',2631,,76098,65,0,5,1,85,,76099,65,0,5,1,85,,76097,65,0,5,1,45,,76100,65,0,5,1
38201,'H60J000S-98-S',2625,,76104,65,0,5,1,89,,76102,65,0,5,1,45,,76101,65,0,5,1,89,,76103,65,0,5,1
38201,'H60JV00A-80-A',2631,,76108,65,0,5,1,85,,76107,65,0,5,2,85,,76106,65,0,5,1,45,,76105,65,0,5,1
38201,'H60JV00I-80-I',2631,,76112,65,0,5,1,85,,76111,65,0,5,1,85,,76110,65,0,5,1,45,,76109,65,0,5,1
38201,'H60JV00S-98-S',2625,,76114,65,0,5,1,89,,76113,65,0,5,1,45,,76116,65,0,5,1,89,,76115,65,0,5,1
46801,'H60J000S-98-S',602,,79894,40,0,5,1,22,,79897,40,0,5,1,22,,79903,40,0,5,2,61,,79912,40,0,5,1,14,,79925,40,0,5,2,10,,79917,40,0,5,2,23,,79918,40,0,5,2,60,,79905,40,0,5,1,18,,79904,40,0,5,1,7,,79926,40,0,5,2,7,,79913,40,0,5,2,67,,79898,40,0,5,1,28,,79919,40,0,5,2,70,,79899,40,0,5,1,29,,79906,40,0,5,1,69,,79914,40,0,5,2,29,,79909,40,0,5,1,69,,79895,40,0,5,1,28,,79900,40,0,5,1,68,,79907,40,0,5,1,28,,79915,40,0,5,2,28,,79910,40,0,5,1,70,,79896,40,0,5,1,71,,79901,40,0,5,1,33,,79908,40,0,5,1,71,,79916,40,0,5,2,24,,79911,40,0,5,1,24,,79920,40,0,5,1,64,,79921,40,0,5,2,23,,79922,40,0,5,2,65,,79923,40,0,5,2,28,,79902,40,0,5,1,73,,79924,40,0,5,2
46801,'H60JV00S-98-S',602,,79929,40,0,5,1,22,,79930,40,0,5,1,22,,79933,40,0,5,2,61,,79927,40,0,5,1,14,,79958,40,0,5,2,10,,79934,40,0,5,2,23,,79935,40,0,5,1,60,,79948,40,0,5,1,18,,79936,40,0,5,1,7,,79959,40,0,5,2,7,,79952,40,0,5,2,67,,79931,40,0,5,1,28,,79956,40,0,5,2,70,,79945,40,0,5,1,29,,79949,40,0,5,1,69,,79953,40,0,5,1,29,,79937,40,0,5,1,69,,79943,40,0,5,1,28,,79946,40,0,5,1,68,,79950,40,0,5,1,28,,79954,40,0,5,1,28,,79938,40,0,5,1,70,,79944,40,0,5,1,71,,79947,40,0,5,1,33,,79951,40,0,5,1,71,,79955,40,0,5,1,24,,79939,40,0,5,1,24,,79928,40,0,5,1,64,,79940,40,0,5,2,23,,79941,40,0,5,2,65,,79957,40,0,5,2,28,,79932,40,0,5,1,73,,79942,40,0,5,2
