18502,'H54J000S-83-S',832,,62012,19,0,10,1,201,,62013,19,0,10,1
18502,'H54JV00S-80-S',832,,62014,19,0,10,1,201,,62015,19,0,10,1
18502,'H59J000A-80-A',530,,62020,19,0,10,1,73,,62022,19,0,10,2,33,,62030,19,0,10,1,77,,62034,19,0,10,1,32,,62038,19,0,10,1,71,,62042,19,0,10,1,31,,62035,19,0,10,1,72,,62039,19,0,10,1,31,,62043,19,0,10,1,72,,62036,19,0,10,1,31,,62040,19,0,10,1,73,,62044,19,0,10,1,75,,62037,19,0,10,1,31,,62041,19,0,10,1,69,,62052,19,0,10,2,29,,62045,19,0,10,1,29,,62031,19,0,10,1,68,,62023,19,0,10,1,27,,62053,19,0,10,2,68,,62046,19,0,10,1,29,,62032,19,0,10,1,70,,62024,19,0,10,1,29,,62054,19,0,10,2,69,,62047,19,0,10,1,28,,62033,19,0,10,1,69,,62025,19,0,10,1,29,,62021,19,0,10,1,68,,62048,19,0,10,1,26,,62016,19,0,10,1,71,,62026,19,0,10,1,31,,62049,19,0,10,1,71,,62017,19,0,10,1,31,,62027,19,0,10,1,71,,62050,19,0,10,1,30,,62018,19,0,10,1,71,,62028,19,0,10,1,30,,62051,19,0,10,1,69,,62019,19,0,10,1,29,,62029,19,0,10,1
18502,'H59J000I-80-I',531,,62055,19,0,10,1,71,,62067,19,0,10,1,29,,62074,19,0,10,1,69,,62056,19,0,10,1,30,,62068,19,0,10,1,29,,62075,19,0,10,1,71,,62057,19,0,10,1,72,,62069,19,0,10,1,31,,62076,19,0,10,1,72,,62058,19,0,10,1,34,,62070,19,0,10,1,73,,62077,19,0,10,1,32,,62059,19,0,10,1,73,,62071,19,0,10,1,32,,62078,19,0,10,1,72,,62086,19,0,10,2,30,,62060,19,0,10,1,70,,62072,19,0,10,1,31,,62079,19,0,10,1,70,,62087,19,0,10,2,30,,62061,19,0,10,1,70,,62073,19,0,10,1,29,,62080,19,0,10,1,72,,62088,19,0,10,2,33,,62062,19,0,10,1,72,,62081,19,0,10,1,72,,62089,19,0,10,2,31,,62063,19,0,10,1,69,,62082,19,0,10,1,29,,62090,19,0,10,2,30,,62064,19,0,10,1,69,,62083,19,0,10,1,26,,62091,19,0,10,2,69,,62065,19,0,10,1,29,,62084,19,0,10,1,68,,62092,19,0,10,2,26,,62066,19,0,10,1,67,,62085,19,0,10,1,30,,62093,19,0,10,2
18502,'H59J000S-81-S',529,,62096,19,0,10,1,29,,62108,19,0,10,1,70,,62110,19,0,10,1,31,,62112,19,0,10,1,56,,62102,19,0,10,1,22,,62109,19,0,10,1,20,,62124,19,0,10,1,61,,62117,19,0,10,1,27,,62122,19,0,10,1,60,,62113,19,0,10,1,28,,62097,19,0,10,1,70,,62125,19,0,10,1,99,,62114,19,0,10,1,29,,62098,19,0,10,1,69,,62126,19,0,10,1,28,,62129,19,0,10,1,28,,62115,19,0,10,1,67,,62099,19,0,10,1,28,,62127,19,0,10,1,67,,62130,19,0,10,1,28,,62116,19,0,10,1,68,,62100,19,0,10,1,30,,62128,19,0,10,1,71,,62131,19,0,10,1,30,,62137,19,0,10,2,69,,62101,19,0,10,1,30,,62103,19,0,10,1,70,,62132,19,0,10,1,28,,62138,19,0,10,2,69,,62118,19,0,10,1,31,,62104,19,0,10,1,72,,62133,19,0,10,1,31,,62119,19,0,10,1,71,,62105,19,0,10,1,30,,62134,19,0,10,1,69,,62120,19,0,10,1,29,,62106,19,0,10,1,70,,62135,19,0,10,1,30,,62121,19,0,10,1,70,,62107,19,0,10,1,32,,62136,19,0,10,1
18502,'H59JV00A-80-A',530,,62141,19,0,10,1,73,,62157,19,0,10,2,33,,62140,19,0,10,1,77,,62149,19,0,10,1,32,,62171,19,0,10,1,71,,62158,19,0,10,1,31,,62150,19,0,10,1,72,,62172,19,0,10,1,31,,62159,19,0,10,1,72,,62151,19,0,10,1,31,,62173,19,0,10,1,73,,62160,19,0,10,1,75,,62152,19,0,10,1,31,,62174,19,0,10,1,69,,62175,19,0,10,2,29,,62161,19,0,10,1,29,,62146,19,0,10,1,68,,62164,19,0,10,1,27,,62176,19,0,10,2,68,,62162,19,0,10,1,29,,62147,19,0,10,1,70,,62165,19,0,10,1,29,,62177,19,0,10,2,69,,62163,19,0,10,1,28,,62148,19,0,10,1,69,,62166,19,0,10,1,29,,62139,19,0,10,1,68,,62153,19,0,10,1,26,,62142,19,0,10,1,71,,62167,19,0,10,1,31,,62154,19,0,10,1,71,,62143,19,0,10,1,31,,62168,19,0,10,1,71,,62155,19,0,10,1,30,,62144,19,0,10,1,71,,62169,19,0,10,1,30,,62156,19,0,10,1,69,,62145,19,0,10,1,29,,62170,19,0,10,1
18502,'H59JV00I-80-I',531,,62183,19,0,10,1,71,,62210,19,0,10,1,29,,62203,19,0,10,1,69,,62184,19,0,10,1,30,,62211,19,0,10,1,29,,62204,19,0,10,1,71,,62185,19,0,10,1,72,,62212,19,0,10,1,31,,62205,19,0,10,1,72,,62186,19,0,10,1,34,,62213,19,0,10,1,73,,62206,19,0,10,1,32,,62187,19,0,10,1,73,,62214,19,0,10,1,32,,62207,19,0,10,1,72,,62195,19,0,10,2,30,,62188,19,0,10,1,70,,62215,19,0,10,1,31,,62208,19,0,10,1,70,,62196,19,0,10,2,30,,62189,19,0,10,1,70,,62216,19,0,10,1,29,,62209,19,0,10,1,72,,62197,19,0,10,2,33,,62190,19,0,10,1,72,,62178,19,0,10,1,72,,62198,19,0,10,2,31,,62191,19,0,10,1,69,,62179,19,0,10,1,29,,62199,19,0,10,2,30,,62192,19,0,10,1,69,,62180,19,0,10,1,26,,62200,19,0,10,2,69,,62193,19,0,10,1,29,,62181,19,0,10,1,68,,62201,19,0,10,2,26,,62194,19,0,10,1,67,,62182,19,0,10,1,30,,62202,19,0,10,2
18502,'H59JV00S-83-S',529,,62248,19,0,10,1,29,,62230,19,0,10,1,70,,62228,19,0,10,1,31,,62256,19,0,10,1,56,,62223,19,0,10,1,22,,62231,19,0,10,1,20,,62232,19,0,10,1,61,,62219,19,0,10,1,27,,62220,19,0,10,1,60,,62257,19,0,10,1,28,,62249,19,0,10,1,70,,62233,19,0,10,1,99,,62258,19,0,10,1,29,,62250,19,0,10,1,69,,62234,19,0,10,1,28,,62221,19,0,10,1,28,,62259,19,0,10,1,67,,62251,19,0,10,1,28,,62235,19,0,10,1,67,,62222,19,0,10,1,28,,62260,19,0,10,1,68,,62252,19,0,10,1,30,,62236,19,0,10,1,71,,62237,19,0,10,1,30,,62254,19,0,10,2,69,,62253,19,0,10,1,30,,62243,19,0,10,1,70,,62238,19,0,10,1,28,,62255,19,0,10,2,69,,62224,19,0,10,1,31,,62244,19,0,10,1,72,,62239,19,0,10,1,31,,62225,19,0,10,1,71,,62245,19,0,10,1,30,,62240,19,0,10,1,69,,62226,19,0,10,1,29,,62246,19,0,10,1,70,,62241,19,0,10,1,30,,62227,19,0,10,1,70,,62247,19,0,10,1,32,,62242,19,0,10,1
36402,'H54J000A-80-A',2506,,75410,33,0,10,1,45,,75409,33,0,10,1,86,,75412,33,0,10,1,85,,75411,33,0,10,1,85,,75414,33,0,10,2,39,,75413,33,0,10,1
36402,'H54J000I-80-I',2506,,75415,33,0,10,1,45,,75416,33,0,10,2,85,,75419,33,0,10,1,86,,75417,33,0,10,1,84,,75418,33,0,10,1
36402,'H54J000S-83-S',2506,,75421,33,0,10,1,47,,75424,33,0,10,2,84,,75420,33,0,10,1,86,,75423,33,0,10,2,84,,75422,33,0,10,1
36402,'H54JV00A-80-A',2506,,75429,33,0,10,1,45,,75426,33,0,10,1,86,,75430,33,0,10,1,85,,75427,33,0,10,1,85,,75428,33,0,10,2,39,,75425,33,0,10,1
36402,'H54JV00I-80-I',2506,,75433,33,0,10,1,45,,75431,33,0,10,2,85,,75435,33,0,10,1,86,,75432,33,0,10,1,84,,75434,33,0,10,1
36402,'H54JV00S-80-S',2506,,75437,33,0,10,1,47,,75440,33,0,10,1,84,,75436,33,0,10,1,86,,75439,33,0,10,2,84,,75438,33,0,10,1
37002,'H51J000A-82-A',2550,,75733,5,0,10,1,82,,75734,5,0,10,1,85,,75736,5,0,10,1,85,,75735,5,0,10,1,45,,75737,5,0,10,2
37002,'H51J000I-82-I',2502,,75742,5,0,10,1,45,,75740,5,0,10,2,85,,75738,5,0,10,1,85,,75743,5,0,10,1,85,,75741,5,0,10,2,46,,75739,5,0,10,1
37002,'H51J000S-80-S',2502,,75748,5,0,10,2,45,,75746,5,0,10,1,85,,75744,5,0,10,1,85,,75749,5,0,10,2,85,,75747,5,0,10,1,46,,75745,5,0,10,1
37002,'H51JV00A-80-A',2550,,75751,5,0,10,1,82,,75752,5,0,10,1,85,,75750,5,0,10,1,85,,75753,5,0,10,1,45,,75754,5,0,10,2
37002,'H51JV00I-80-I',2502,,75757,5,0,10,1,45,,75755,5,0,10,2,85,,75759,5,0,10,1,85,,75758,5,0,10,1,85,,75756,5,0,10,2,46,,75760,5,0,10,1
37002,'H51JV00S-84-S',2502,,75763,5,0,10,2,45,,75761,5,0,10,1,85,,75765,5,0,10,1,85,,75764,5,0,10,2,85,,75762,5,0,10,1,46,,75766,5,0,10,1
