3104,'H51U000A-83-A',517,,226210,37,0,9,1,36,,226214,37,0,9,1,76,,226211,37,0,9,1,76,,226215,37,0,9,1,37,,226212,37,0,9,1,80,,226216,37,0,9,1,36,,226213,37,0,9,1,74,,226235,37,0,9,2,75,,226217,37,0,9,1,33,,226226,37,0,9,1,77,,226236,37,0,9,2,35,,226218,37,0,9,1,74,,226227,37,0,9,1,33,,226237,37,0,9,2,73,,226219,37,0,9,1,73,,226228,37,0,9,1,33,,226238,37,0,9,2,72,,226220,37,0,9,1,33,,226229,37,0,9,1,73,,226239,37,0,9,2,33,,226221,37,0,9,1,73,,226230,37,0,9,1,31,,226240,37,0,9,2,72,,226222,37,0,9,1,33,,226231,37,0,9,1,70,,226241,37,0,9,2,72,,226223,37,0,9,1,34,,226232,37,0,9,1,74,,226242,37,0,9,2,34,,226224,37,0,9,1,74,,226233,37,0,9,1,34,,226243,37,0,9,2,74,,226225,37,0,9,1,33,,226234,37,0,9,1,74,,226244,37,0,9,2
3104,'H51U000I-83-I',514,,226245,37,0,9,2,38,,226259,37,0,9,1,78,,226246,37,0,9,2,79,,226260,37,0,9,1,37,,226247,37,0,9,2,78,,226261,37,0,9,1,84,,226248,37,0,9,2,37,,226262,37,0,9,1,79,,226249,37,0,9,2,79,,226263,37,0,9,1,38,,226250,37,0,9,2,73,,226272,37,0,9,1,35,,226264,37,0,9,1,73,,226251,37,0,9,2,33,,226273,37,0,9,1,73,,226265,37,0,9,1,73,,226252,37,0,9,2,33,,226274,37,0,9,1,73,,226266,37,0,9,1,32,,226253,37,0,9,2,73,,226275,37,0,9,1,33,,226267,37,0,9,1,71,,226254,37,0,9,2,31,,226276,37,0,9,1,73,,226268,37,0,9,1,33,,226255,37,0,9,2,73,,226277,37,0,9,1,33,,226269,37,0,9,1,72,,226256,37,0,9,2,69,,226278,37,0,9,1,30,,226270,37,0,9,1,70,,226257,37,0,9,2,30,,226279,37,0,9,1,70,,226271,37,0,9,1,30,,226258,37,0,9,2
3104,'H51U000S-83-S',606,,226292,37,0,9,2,32,,226280,37,0,9,1,69,,226305,37,0,9,1,43,,226293,37,0,9,2,73,,226281,37,0,9,1,35,,226306,37,0,9,1,69,,226294,37,0,9,2,30,,226282,37,0,9,1,72,,226307,37,0,9,1,30,,226295,37,0,9,2,70,,226283,37,0,9,1,71,,226308,37,0,9,1,30,,226296,37,0,9,2,70,,226284,37,0,9,1,30,,226309,37,0,9,1,71,,226297,37,0,9,2,32,,226285,37,0,9,1,72,,226310,37,0,9,1,33,,226298,37,0,9,2,67,,226313,37,0,9,2,27,,226286,37,0,9,1,69,,226311,37,0,9,1,25,,226299,37,0,9,2,28,,226314,37,0,9,2,65,,226287,37,0,9,1,26,,226312,37,0,9,1,62,,226300,37,0,9,2,27,,226315,37,0,9,2,70,,226288,37,0,9,1,30,,226301,37,0,9,2,70,,226316,37,0,9,2,30,,226289,37,0,9,1,70,,226302,37,0,9,2,30,,226317,37,0,9,2,66,,226290,37,0,9,1,30,,226303,37,0,9,2,70,,226318,37,0,9,2,30,,226291,37,0,9,1,70,,226304,37,0,9,2
3104,'H51U100F-80-F1',514,,226319,37,0,9,2,38,,226333,37,0,9,1,78,,226320,37,0,9,2,79,,226334,37,0,9,1,37,,226321,37,0,9,2,78,,226335,37,0,9,1,84,,226322,37,0,9,2,37,,226336,37,0,9,1,79,,226323,37,0,9,2,79,,226337,37,0,9,1,38,,226324,37,0,9,2,73,,226346,37,0,9,1,35,,226338,37,0,9,1,73,,226325,37,0,9,2,33,,226347,37,0,9,1,73,,226339,37,0,9,1,73,,226326,37,0,9,2,33,,226348,37,0,9,1,73,,226340,37,0,9,1,32,,226327,37,0,9,2,73,,226349,37,0,9,1,33,,226341,37,0,9,1,71,,226328,37,0,9,2,31,,226350,37,0,9,1,73,,226342,37,0,9,1,33,,226329,37,0,9,2,73,,226351,37,0,9,1,33,,226343,37,0,9,1,72,,226330,37,0,9,2,69,,226352,37,0,9,1,30,,226344,37,0,9,1,70,,226331,37,0,9,2,30,,226353,37,0,9,1,70,,226345,37,0,9,1,30,,226332,37,0,9,2
3104,'H51U200F-80-F2',514,,226354,37,0,9,2,38,,226368,37,0,9,1,78,,226355,37,0,9,2,79,,226369,37,0,9,1,37,,226356,37,0,9,2,78,,226370,37,0,9,1,84,,226357,37,0,9,2,37,,226371,37,0,9,1,79,,226358,37,0,9,2,79,,226372,37,0,9,1,38,,226359,37,0,9,2,73,,226381,37,0,9,1,35,,226373,37,0,9,1,73,,226360,37,0,9,2,33,,226382,37,0,9,1,73,,226374,37,0,9,1,73,,226361,37,0,9,2,33,,226383,37,0,9,1,73,,226375,37,0,9,1,32,,226362,37,0,9,2,73,,226384,37,0,9,1,33,,226376,37,0,9,1,71,,226363,37,0,9,2,31,,226385,37,0,9,1,73,,226377,37,0,9,1,33,,226364,37,0,9,2,73,,226386,37,0,9,1,33,,226378,37,0,9,1,72,,226365,37,0,9,2,69,,226387,37,0,9,1,30,,226379,37,0,9,1,70,,226366,37,0,9,2,30,,226388,37,0,9,1,70,,226380,37,0,9,1,30,,226367,37,0,9,2
36104,'H51U000A-83-A',2440,,277277,35,0,9,1,85,,277279,35,0,9,1,88,,277281,35,0,9,2,30,,277278,35,0,9,1,68,,277276,35,0,9,2,30,,277283,35,0,9,1,68,,277282,35,0,9,2,28,,277280,35,0,9,1
36104,'H51U000I-83-I',2452,,277286,35,0,9,1,72,,277284,35,0,9,1,30,,277288,35,0,9,2,82,,277287,35,0,9,1,84,,277289,35,0,9,2,85,,277285,35,0,9,1,45,,277290,35,0,9,2
36104,'H51U000S-83-S',2446,,277297,35,0,9,1,80,,277296,35,0,9,2,33,,277299,35,0,9,1,60,,277291,35,0,9,1,20,,277298,35,0,9,1,61,,277293,35,0,9,1,32,,277292,35,0,9,1,73,,277295,35,0,9,1,45,,277294,35,0,9,1
36104,'H51U100F-80-F1',2452,,277301,35,0,9,1,72,,277300,35,0,9,1,30,,277304,35,0,9,2,82,,277302,35,0,9,1,84,,277305,35,0,9,2,85,,277303,35,0,9,1,45,,277306,35,0,9,2
36104,'H51U200F-80-F2',2452,,277308,35,0,9,1,72,,277307,35,0,9,1,30,,277311,35,0,9,2,82,,277309,35,0,9,1,84,,277312,35,0,9,2,85,,277310,35,0,9,1,45,,277313,35,0,9,2
