12501,'H59M000A-70-A',542,,127268,31,,,2,76,,127257,31,,,1,30,,127273,31,,,1,72,,127277,31,,,1,32,,127258,31,,,1,72,,127274,31,,,1,35,,127278,31,,,1,75,,127259,31,,,1,72,,127275,31,,,1,27,,127263,31,,,2,68,,127279,31,,,1,26,,127260,31,,,1,25,,127276,31,,,1,59,,127252,31,,,1,22,,127264,31,,,2,24,,127280,31,,,1,63,,127293,31,,,2,20,,127261,31,,,1,61,,127294,31,,,1,19,,127253,31,,,1,25,,127265,31,,,2,68,,127281,31,,,1,29,,127262,31,,,1,71,,127254,31,,,1,30,,127266,31,,,2,69,,127282,31,,,1,27,,127288,31,,,1,66,,127295,31,,,2,21,,127255,31,,,1,22,,127267,31,,,2,64,,127283,31,,,1,26,,127289,31,,,1,68,,127272,31,,,2,31,,127256,31,,,1,69,,127284,31,,,1,32,,127290,31,,,1,68,,127269,31,,,1,32,,127296,31,,,2,69,,127285,31,,,1,28,,127291,31,,,1,68,,127270,31,,,1,33,,127286,31,,,1,67,,127292,31,,,1,23,,127271,31,,,1,20,,127287,31,,,1
12501,'H59M000I-70-I',542,,127312,31,,,1,73,,127304,31,,,1,31,,127314,31,,,1,71,,127319,31,,,1,33,,127305,31,,,1,72,,127315,31,,,1,32,,127320,31,,,1,75,,127306,31,,,1,73,,127316,31,,,1,29,,127330,31,,,2,27,,127321,31,,,1,67,,127307,31,,,1,24,,127317,31,,,1,65,,127331,31,,,2,24,,127313,31,,,1,62,,127322,31,,,1,23,,127308,31,,,1,25,,127318,31,,,1,66,,127297,31,,,1,24,,127332,31,,,2,63,,127323,31,,,1,21,,127309,31,,,1,21,,127340,31,,,2,63,,127333,31,,,1,25,,127298,31,,,1,26,,127324,31,,,1,69,,127310,31,,,1,29,,127334,31,,,1,66,,127299,31,,,1,24,,127325,31,,,1,65,,127311,31,,,1,23,,127335,31,,,1,26,,127300,31,,,1,70,,127326,31,,,1,30,,127336,31,,,1,70,,127301,31,,,1,30,,127327,31,,,1,69,,127337,31,,,1,29,,127302,31,,,1,70,,127328,31,,,1,28,,127338,31,,,1,68,,127303,31,,,1,30,,127329,31,,,1,70,,127339,31,,,1
12501,'H59M000S-70-S',546,,127356,31,,,1,71,,127358,31,,,2,32,,127346,31,,,1,69,,127357,31,,,2,26,,127359,31,,,1,65,,127341,31,,,1,17,,127366,31,,,2,20,,127347,31,,,1,61,,127369,31,,,1,20,,127345,31,,,2,20,,127360,31,,,1,65,,127342,31,,,1,29,,127348,31,,,1,60,,127367,31,,,2,24,,127370,31,,,1,26,,127361,31,,,1,72,,127343,31,,,1,29,,127349,31,,,1,70,,127371,31,,,1,31,,127362,31,,,1,68,,127344,31,,,1,30,,127350,31,,,1,64,,127377,31,,,2,20,,127372,31,,,1,23,,127363,31,,,1,63,,127383,31,,,2,33,,127351,31,,,1,71,,127378,31,,,2,29,,127375,31,,,1,72,,127384,31,,,2,74,,127352,31,,,1,31,,127379,31,,,2,28,,127376,31,,,1,69,,127385,31,,,2,31,,127353,31,,,1,71,,127380,31,,,2,70,,127388,31,,,1,30,,127386,31,,,2,29,,127354,31,,,1,70,,127381,31,,,2,30,,127389,31,,,1,68,,127387,31,,,2,30,,127355,31,,,1,67,,127368,31,,,1
12501,'H59M100F-70-F1',542,,127433,31,,,1,73,,127402,31,,,1,31,,127426,31,,,1,71,,127424,31,,,1,33,,127405,31,,,1,72,,127427,31,,,1,32,,127411,31,,,1,75,,127403,31,,,1,73,,127428,31,,,1,29,,127423,31,,,2,27,,127412,31,,,1,67,,127406,31,,,1,24,,127429,31,,,1,65,,127421,31,,,2,24,,127425,31,,,1,62,,127413,31,,,1,23,,127407,31,,,1,25,,127430,31,,,1,66,,127396,31,,,1,24,,127422,31,,,2,63,,127414,31,,,1,21,,127408,31,,,1,21,,127395,31,,,2,63,,127431,31,,,1,25,,127397,31,,,1,26,,127415,31,,,1,69,,127409,31,,,1,29,,127432,31,,,1,66,,127398,31,,,1,24,,127416,31,,,1,65,,127410,31,,,1,23,,127390,31,,,1,26,,127399,31,,,1,70,,127417,31,,,1,30,,127391,31,,,1,70,,127400,31,,,1,30,,127418,31,,,1,69,,127392,31,,,1,29,,127401,31,,,1,70,,127419,31,,,1,28,,127393,31,,,1,68,,127404,31,,,1,30,,127420,31,,,1,70,,127394,31,,,1
12501,'H59M200F-70-F2',542,,127477,31,,,1,73,,127447,31,,,1,31,,127470,31,,,1,71,,127468,31,,,1,33,,127448,31,,,1,72,,127471,31,,,1,32,,127455,31,,,1,75,,127449,31,,,1,73,,127472,31,,,1,29,,127464,31,,,2,27,,127456,31,,,1,67,,127450,31,,,1,24,,127473,31,,,1,65,,127466,31,,,2,24,,127469,31,,,1,62,,127457,31,,,1,23,,127451,31,,,1,25,,127474,31,,,1,66,,127440,31,,,1,24,,127467,31,,,2,63,,127458,31,,,1,21,,127452,31,,,1,21,,127439,31,,,2,63,,127475,31,,,1,25,,127441,31,,,1,26,,127459,31,,,1,69,,127453,31,,,1,29,,127476,31,,,1,66,,127442,31,,,1,24,,127460,31,,,1,65,,127454,31,,,1,23,,127434,31,,,1,26,,127443,31,,,1,70,,127461,31,,,1,30,,127435,31,,,1,70,,127444,31,,,1,30,,127463,31,,,1,69,,127436,31,,,1,29,,127445,31,,,1,70,,127462,31,,,1,28,,127437,31,,,1,68,,127446,31,,,1,30,,127465,31,,,1,70,,127438,31,,,1
12501,'H59M300F-70-F3',542,,127521,31,,,1,73,,127491,31,,,1,31,,127514,31,,,1,71,,127512,31,,,1,33,,127492,31,,,1,72,,127515,31,,,1,32,,127499,31,,,1,75,,127493,31,,,1,73,,127516,31,,,1,29,,127509,31,,,2,27,,127500,31,,,1,67,,127494,31,,,1,24,,127517,31,,,1,65,,127510,31,,,2,24,,127513,31,,,1,62,,127501,31,,,1,23,,127495,31,,,1,25,,127518,31,,,1,66,,127485,31,,,1,24,,127511,31,,,2,63,,127502,31,,,1,21,,127496,31,,,1,21,,127483,31,,,2,63,,127519,31,,,1,25,,127486,31,,,1,26,,127503,31,,,1,69,,127497,31,,,1,29,,127520,31,,,1,66,,127484,31,,,1,24,,127504,31,,,1,65,,127498,31,,,1,23,,127478,31,,,1,26,,127487,31,,,1,70,,127505,31,,,1,30,,127480,31,,,1,70,,127488,31,,,1,30,,127506,31,,,1,69,,127479,31,,,1,29,,127489,31,,,1,70,,127507,31,,,1,28,,127481,31,,,1,68,,127490,31,,,1,30,,127508,31,,,1,70,,127482,31,,,1
36001,'H56M000A-70-A',2537,,154519,11,,,1,85,,154517,11,,,1,83,,154516,11,,,1,45,,154518,11,,,2,85,,154520,11,,,1
36001,'H56M000I-70-I',2535,,154525,11,,,1,85,,154522,11,,,1,85,,154524,11,,,1,45,,154523,11,,,1,85,,154521,11,,,1
36001,'H56M000S-70-S',2537,,154528,11,,,2,84,,154529,11,,,1,84,,154530,11,,,2,45,,154526,11,,,1,85,,154527,11,,,1
36001,'H56M100F-70-F1',2535,,154535,11,,,1,85,,154532,11,,,1,85,,154533,11,,,1,45,,154534,11,,,2,85,,154531,11,,,1
36001,'H56M200F-70-F2',2535,,154540,11,,,1,85,,154537,11,,,1,85,,154538,11,,,1,45,,154539,11,,,2,85,,154536,11,,,1
36001,'H56M300F-70-F3',2535,,154545,11,,,1,85,,154542,11,,,1,85,,154544,11,,,1,45,,154543,11,,,1,85,,154541,11,,,1
