20903,'H60M000A-71-A',621,,151323,22,0,8,2,36,,151318,22,0,8,1,73,,151329,22,0,8,2,73,,151324,22,0,8,2,33,,151319,22,0,8,1,73,,151330,22,0,8,2,33,,151325,22,0,8,2,73,,151320,22,0,8,1,32,,151331,22,0,8,2,73,,151326,22,0,8,2,33,,151321,22,0,8,1,73,,151332,22,0,8,2,33,,151327,22,0,8,2,73,,151322,22,0,8,1,73,,151333,22,0,8,2,33,,151328,22,0,8,2,71,,151341,22,0,8,1,33,,151347,22,0,8,2,73,,151334,22,0,8,2,33,,151340,22,0,8,1,72,,151348,22,0,8,2,33,,151335,22,0,8,2,73,,151342,22,0,8,1,31,,151349,22,0,8,2,72,,151336,22,0,8,2,71,,151343,22,0,8,1,31,,151350,22,0,8,2,69,,151337,22,0,8,2,29,,151344,22,0,8,1,30,,151351,22,0,8,2,68,,151339,22,0,8,2,28,,151345,22,0,8,1,69,,151352,22,0,8,2,27,,151338,22,0,8,2,67,,151346,22,0,8,1
20903,'H60M000I-71-I',621,,151365,22,0,8,2,36,,151353,22,0,8,1,73,,151366,22,0,8,2,73,,151377,22,0,8,2,33,,151354,22,0,8,1,73,,151367,22,0,8,2,33,,151378,22,0,8,2,73,,151355,22,0,8,1,32,,151368,22,0,8,2,73,,151379,22,0,8,2,33,,151356,22,0,8,1,72,,151369,22,0,8,2,33,,151380,22,0,8,2,72,,151357,22,0,8,1,73,,151370,22,0,8,2,33,,151381,22,0,8,2,72,,151358,22,0,8,1,33,,151371,22,0,8,2,73,,151383,22,0,8,2,33,,151359,22,0,8,1,73,,151372,22,0,8,2,33,,151382,22,0,8,2,72,,151360,22,0,8,1,31,,151373,22,0,8,2,73,,151384,22,0,8,2,30,,151361,22,0,8,1,71,,151374,22,0,8,2,72,,151385,22,0,8,2,26,,151362,22,0,8,1,29,,151375,22,0,8,2,72,,151386,22,0,8,2,24,,151363,22,0,8,1,69,,151376,22,0,8,2,31,,151387,22,0,8,2,64,,151364,22,0,8,1
20903,'H60M000S-71-S',619,,151411,22,0,8,2,33,,151405,22,0,8,1,66,,151422,22,0,8,2,26,,151395,22,0,8,1,68,,151417,22,0,8,1,28,,151421,22,0,8,2,70,,151406,22,0,8,2,33,,151396,22,0,8,1,72,,151418,22,0,8,1,33,,151407,22,0,8,2,73,,151397,22,0,8,1,32,,151419,22,0,8,1,73,,151408,22,0,8,2,33,,151388,22,0,8,1,71,,151398,22,0,8,1,71,,151420,22,0,8,1,29,,151409,22,0,8,2,28,,151389,22,0,8,1,68,,151399,22,0,8,1,28,,151412,22,0,8,1,67,,151410,22,0,8,2,30,,151390,22,0,8,1,71,,151400,22,0,8,1,27,,151413,22,0,8,1,68,,151423,22,0,8,2,27,,151391,22,0,8,1,70,,151401,22,0,8,1,33,,151414,22,0,8,1,73,,151392,22,0,8,1,31,,151402,22,0,8,1,72,,151415,22,0,8,1,32,,151393,22,0,8,1,72,,151403,22,0,8,1,30,,151416,22,0,8,1,70,,151394,22,0,8,1,29,,151404,22,0,8,1
20903,'H60M100F-71-F1',621,,151436,22,0,8,1,36,,151424,22,0,8,1,73,,151437,22,0,8,2,73,,151448,22,0,8,1,33,,151425,22,0,8,1,73,,151438,22,0,8,2,33,,151449,22,0,8,1,73,,151426,22,0,8,1,32,,151439,22,0,8,2,73,,151450,22,0,8,1,33,,151430,22,0,8,1,72,,151440,22,0,8,2,33,,151451,22,0,8,1,72,,151427,22,0,8,1,73,,151441,22,0,8,2,33,,151452,22,0,8,1,72,,151428,22,0,8,1,33,,151442,22,0,8,2,73,,151453,22,0,8,1,33,,151429,22,0,8,1,73,,151443,22,0,8,2,33,,151456,22,0,8,1,72,,151431,22,0,8,1,31,,151444,22,0,8,2,73,,151454,22,0,8,1,30,,151432,22,0,8,1,71,,151445,22,0,8,2,72,,151457,22,0,8,1,26,,151433,22,0,8,1,29,,151446,22,0,8,2,72,,151458,22,0,8,1,24,,151434,22,0,8,1,69,,151447,22,0,8,2,31,,151455,22,0,8,1,64,,151435,22,0,8,1
20903,'H60M200F-71-F2',621,,151459,22,0,8,1,36,,151460,22,0,8,1,73,,151472,22,0,8,2,73,,151483,22,0,8,1,33,,151461,22,0,8,1,73,,151473,22,0,8,2,33,,151485,22,0,8,1,73,,151462,22,0,8,1,32,,151474,22,0,8,2,73,,151484,22,0,8,1,33,,151463,22,0,8,1,72,,151475,22,0,8,2,33,,151486,22,0,8,1,72,,151464,22,0,8,1,73,,151476,22,0,8,2,33,,151487,22,0,8,1,72,,151465,22,0,8,1,33,,151477,22,0,8,2,73,,151488,22,0,8,1,33,,151466,22,0,8,1,73,,151478,22,0,8,2,33,,151489,22,0,8,1,72,,151467,22,0,8,1,31,,151479,22,0,8,2,73,,151490,22,0,8,1,30,,151468,22,0,8,1,71,,151480,22,0,8,2,72,,151491,22,0,8,1,26,,151469,22,0,8,1,29,,151481,22,0,8,2,72,,151492,22,0,8,1,24,,151470,22,0,8,1,69,,151482,22,0,8,2,31,,151493,22,0,8,1,64,,151471,22,0,8,1
20903,'H60M300F-80-F3',515,,175125,22,0,8,1,31,,175139,22,0,8,2,71,,175152,22,0,8,2,30,,175126,22,0,8,1,70,,175140,22,0,8,2,31,,175153,22,0,8,2,70,,175127,22,0,8,1,30,,175141,22,0,8,2,71,,175154,22,0,8,2,31,,175128,22,0,8,1,69,,175142,22,0,8,2,31,,175155,22,0,8,2,72,,175129,22,0,8,1,32,,175143,22,0,8,2,72,,175156,22,0,8,2,32,,175130,22,0,8,1,73,,175144,22,0,8,2,73,,175157,22,0,8,2,32,,175131,22,0,8,1,72,,175145,22,0,8,2,33,,175158,22,0,8,2,72,,175132,22,0,8,1,32,,175146,22,0,8,1,72,,175159,22,0,8,2,32,,175133,22,0,8,1,72,,175147,22,0,8,1,33,,175160,22,0,8,2,70,,175134,22,0,8,1,33,,175148,22,0,8,1,72,,175161,22,0,8,2,30,,175135,22,0,8,1,69,,175149,22,0,8,1,29,,175162,22,0,8,2,70,,175136,22,0,8,1,29,,175150,22,0,8,1,67,,175163,22,0,8,2,29,,175137,22,0,8,1,68,,175151,22,0,8,1,27,,175164,22,0,8,2,69,,175138,22,0,8,1
23001,'H60M300F-80-F3',555,,175688,42,0,5,1,72,,175675,42,0,5,1,31,,175701,42,0,5,2,71,,175689,42,0,5,1,71,,175676,42,0,5,1,31,,175702,42,0,5,2,71,,175690,42,0,5,1,31,,175677,42,0,5,1,71,,175703,42,0,5,2,30,,175691,42,0,5,1,70,,175678,42,0,5,1,32,,175704,42,0,5,2,70,,175692,42,0,5,1,30,,175679,42,0,5,1,72,,175705,42,0,5,2,30,,175693,42,0,5,1,70,,175680,42,0,5,1,33,,175706,42,0,5,2,71,,175694,42,0,5,1,30,,175681,42,0,5,1,73,,175707,42,0,5,2,32,,175695,42,0,5,1,69,,175682,42,0,5,1,33,,175708,42,0,5,2,71,,175696,42,0,5,1,30,,175683,42,0,5,1,70,,175709,42,0,5,2,31,,175697,42,0,5,1,69,,175684,42,0,5,1,30,,175710,42,0,5,2,71,,175698,42,0,5,1,30,,175685,42,0,5,1,70,,175711,42,0,5,2,30,,175699,42,0,5,1,70,,175686,42,0,5,1,33,,175712,42,0,5,2,73,,175700,42,0,5,1,73,,175687,42,0,5,1,33,,175713,42,0,5,2
35602,'H56M000A-70-A',2637,,154180,102,0,10,1,19,,154183,102,0,10,1,59,,154186,102,0,10,2,20,,154175,102,0,10,1,10,,154178,102,0,10,1,10,,154187,102,0,10,1,50,,154182,102,0,10,1,10,,154179,102,0,10,1,10,,154174,102,0,10,1,10,,154181,102,0,10,1,11,,154176,102,0,10,1,12,,154188,102,0,10,2,52,,154177,102,0,10,2,12,,154184,102,0,10,1,13,,154185,102,0,10,2
35602,'H56M000I-70-I',2630,,154189,102,0,10,1,89,,154192,102,0,10,2,82,,154191,102,0,10,1,51,,154190,102,0,10,2,81,,154193,102,0,10,1
35602,'H56M000S-70-S',2633,,154194,102,0,10,1,82,,154198,102,0,10,2,85,,154200,102,0,10,1,25,,154197,102,0,10,1,22,,154195,102,0,10,1,64,,154196,102,0,10,2,22,,154199,102,0,10,1
35602,'H56M100F-70-F1',2630,,154201,102,0,10,1,89,,154205,102,0,10,2,82,,154204,102,0,10,1,51,,154202,102,0,10,1,81,,154203,102,0,10,2
35602,'H56M200F-70-F2',2630,,154206,102,0,10,1,89,,154210,102,0,10,2,82,,154209,102,0,10,1,51,,154207,102,0,10,1,81,,154208,102,0,10,2
35602,'H56M300F-80-F3',2630,,175805,102,0,10,1,88,,175808,102,0,10,2,85,,175807,102,0,10,1,48,,175804,102,0,10,1,81,,175806,102,0,10,1
