18001,'H58U000A-80-A',511,,265291,12,0,5,2,30,,265298,12,0,5,1,71,,265292,12,0,5,2,31,,265299,12,0,5,1,73,,265293,12,0,5,2,32,,265300,12,0,5,1,69,,265264,12,0,5,1,27,,265294,12,0,5,2,67,,265301,12,0,5,1,29,,265265,12,0,5,1,69,,265295,12,0,5,2,29,,265302,12,0,5,1,72,,265266,12,0,5,1,33,,265296,12,0,5,2,73,,265303,12,0,5,1,33,,265267,12,0,5,1,71,,265297,12,0,5,2,33,,265304,12,0,5,1,73,,265268,12,0,5,2,33,,265270,12,0,5,1,73,,265278,12,0,5,2,73,,265269,12,0,5,2,33,,265271,12,0,5,1,74,,265279,12,0,5,2,32,,265284,12,0,5,2,73,,265272,12,0,5,1,31,,265280,12,0,5,2,70,,265285,12,0,5,2,30,,265273,12,0,5,1,70,,265281,12,0,5,2,30,,265286,12,0,5,2,68,,265274,12,0,5,1,26,,265282,12,0,5,2,67,,265287,12,0,5,2,28,,265275,12,0,5,1,69,,265283,12,0,5,2,30,,265288,12,0,5,2,70,,265276,12,0,5,1,33,,265289,12,0,5,2,70,,265277,12,0,5,1,31,,265290,12,0,5,2
18001,'H58U000I-80-I',540,,265305,12,0,5,1,71,,265312,12,0,5,2,33,,265306,12,0,5,1,72,,265313,12,0,5,2,33,,265307,12,0,5,1,72,,265314,12,0,5,2,33,,265308,12,0,5,1,73,,265315,12,0,5,2,28,,265325,12,0,5,1,68,,265309,12,0,5,1,28,,265316,12,0,5,2,69,,265326,12,0,5,1,30,,265310,12,0,5,1,70,,265317,12,0,5,2,30,,265327,12,0,5,1,70,,265311,12,0,5,1,30,,265318,12,0,5,2,70,,265328,12,0,5,1,29,,265335,12,0,5,1,71,,265319,12,0,5,2,31,,265329,12,0,5,1,71,,265336,12,0,5,1,30,,265320,12,0,5,2,70,,265330,12,0,5,1,30,,265337,12,0,5,1,69,,265321,12,0,5,2,29,,265331,12,0,5,1,69,,265338,12,0,5,1,29,,265322,12,0,5,2,70,,265332,12,0,5,1,29,,265339,12,0,5,1,68,,265323,12,0,5,2,28,,265333,12,0,5,1,68,,265340,12,0,5,1,27,,265324,12,0,5,2,65,,265334,12,0,5,1,31,,265341,12,0,5,1,69,,265343,12,0,5,2,29,,265342,12,0,5,1,69,,265344,12,0,5,2
18001,'H58U000S-80-S',511,,265353,12,0,5,1,30,,265372,12,0,5,1,72,,265373,12,0,5,2,24,,265381,12,0,5,1,20,,265377,12,0,5,2,57,,265361,12,0,5,2,15,,265354,12,0,5,1,14,,265365,12,0,5,1,11,,265382,12,0,5,1,55,,265374,12,0,5,2,4,,265376,12,0,5,1,5,,265378,12,0,5,2,15,,265351,12,0,5,2,20,,265355,12,0,5,1,68,,265383,12,0,5,1,28,,265352,12,0,5,2,69,,265366,12,0,5,1,27,,265345,12,0,5,2,66,,265379,12,0,5,2,25,,265356,12,0,5,1,65,,265367,12,0,5,1,25,,265346,12,0,5,2,23,,265380,12,0,5,2,61,,265362,12,0,5,2,28,,265368,12,0,5,1,70,,265347,12,0,5,2,32,,265363,12,0,5,2,73,,265369,12,0,5,1,33,,265348,12,0,5,2,70,,265364,12,0,5,2,26,,265370,12,0,5,1,70,,265389,12,0,5,2,29,,265349,12,0,5,2,72,,265371,12,0,5,1,30,,265360,12,0,5,1,70,,265384,12,0,5,2,27,,265388,12,0,5,1,70,,265357,12,0,5,1,33,,265385,12,0,5,2,73,,265390,12,0,5,1,33,,265358,12,0,5,1,62,,265386,12,0,5,2,28,,265391,12,0,5,1,69,,265359,12,0,5,1,28,,265387,12,0,5,2,70,,265392,12,0,5,1,30,,265350,12,0,5,1,69,,265375,12,0,5,2
18001,'H58U100F-80-F1',540,,265393,12,0,5,1,71,,265400,12,0,5,2,33,,265394,12,0,5,1,72,,265401,12,0,5,2,33,,265395,12,0,5,1,72,,265402,12,0,5,2,33,,265396,12,0,5,1,73,,265403,12,0,5,2,28,,265413,12,0,5,1,68,,265397,12,0,5,1,28,,265404,12,0,5,2,69,,265414,12,0,5,1,30,,265398,12,0,5,1,70,,265405,12,0,5,2,30,,265415,12,0,5,1,70,,265399,12,0,5,1,30,,265406,12,0,5,2,70,,265416,12,0,5,1,29,,265423,12,0,5,1,71,,265407,12,0,5,2,31,,265417,12,0,5,1,71,,265424,12,0,5,1,30,,265408,12,0,5,2,70,,265418,12,0,5,1,30,,265425,12,0,5,1,69,,265409,12,0,5,2,29,,265419,12,0,5,1,69,,265426,12,0,5,1,29,,265410,12,0,5,2,70,,265420,12,0,5,1,29,,265427,12,0,5,1,68,,265411,12,0,5,2,28,,265421,12,0,5,1,68,,265428,12,0,5,1,27,,265412,12,0,5,2,65,,265422,12,0,5,1,31,,265429,12,0,5,1,69,,265431,12,0,5,2,29,,265430,12,0,5,1,69,,265432,12,0,5,2
18001,'H58U200F-80-F2',540,,265433,12,0,5,2,71,,265441,12,0,5,1,33,,265434,12,0,5,2,72,,265442,12,0,5,1,33,,265435,12,0,5,2,72,,265443,12,0,5,1,33,,265436,12,0,5,2,73,,265444,12,0,5,1,28,,265452,12,0,5,2,68,,265437,12,0,5,2,28,,265445,12,0,5,1,69,,265453,12,0,5,2,30,,265438,12,0,5,2,70,,265446,12,0,5,1,30,,265454,12,0,5,2,70,,265439,12,0,5,2,30,,265447,12,0,5,1,70,,265455,12,0,5,2,29,,265440,12,0,5,2,71,,265456,12,0,5,1,31,,265464,12,0,5,2,71,,265470,12,0,5,2,30,,265457,12,0,5,1,70,,265465,12,0,5,2,30,,265471,12,0,5,2,69,,265458,12,0,5,1,29,,265466,12,0,5,2,69,,265472,12,0,5,2,29,,265459,12,0,5,1,70,,265467,12,0,5,2,29,,265448,12,0,5,1,68,,265460,12,0,5,1,28,,265468,12,0,5,2,68,,265449,12,0,5,1,27,,265461,12,0,5,1,65,,265469,12,0,5,2,31,,265450,12,0,5,1,69,,265462,12,0,5,2,29,,265451,12,0,5,1,69,,265463,12,0,5,2
36504,'H58U000A-80-A',2529,,277530,12,0,9,1,75,,277528,12,0,9,2,33,,277532,12,0,9,1,76,,277533,12,0,9,2,33,,277534,12,0,9,2,72,,277531,12,0,9,1,32,,277529,12,0,9,2
36504,'H58U000I-80-I',2529,,277537,12,0,9,1,80,,277539,12,0,9,2,40,,277535,12,0,9,1,80,,277538,12,0,9,1,80,,277540,12,0,9,2,40,,277536,12,0,9,1
36504,'H58U000S-80-S',2528,,277543,12,0,9,1,81,,277545,12,0,9,2,40,,277542,12,0,9,1,80,,277541,12,0,9,1,80,,277544,12,0,9,1,40,,277546,12,0,9,2
36504,'H58U100F-80-F1',2529,,277549,12,0,9,1,80,,277551,12,0,9,2,40,,277547,12,0,9,1,80,,277550,12,0,9,1,80,,277552,12,0,9,2,40,,277548,12,0,9,1
36504,'H58U200F-80-F2',2529,,277553,12,0,9,1,80,,277555,12,0,9,2,40,,277557,12,0,9,2,80,,277554,12,0,9,1,80,,277556,12,0,9,2,40,,277558,12,0,9,2
