3103,'H51U000A-83-A',535,,226034,6,0,8,1,75,,226038,6,0,8,1,36,,226035,6,0,8,1,76,,226039,6,0,8,1,36,,226036,6,0,8,1,77,,226040,6,0,8,1,76,,226037,6,0,8,1,35,,226059,6,0,8,2,75,,226041,6,0,8,1,36,,226050,6,0,8,1,75,,226060,6,0,8,2,76,,226042,6,0,8,1,35,,226051,6,0,8,1,75,,226061,6,0,8,2,34,,226043,6,0,8,1,73,,226052,6,0,8,1,33,,226062,6,0,8,2,73,,226044,6,0,8,1,73,,226053,6,0,8,1,33,,226063,6,0,8,2,73,,226045,6,0,8,1,33,,226054,6,0,8,1,73,,226064,6,0,8,2,31,,226046,6,0,8,1,73,,226055,6,0,8,1,33,,226065,6,0,8,2,73,,226047,6,0,8,1,33,,226056,6,0,8,1,72,,226066,6,0,8,2,72,,226048,6,0,8,1,33,,226057,6,0,8,1,73,,226067,6,0,8,2,33,,226049,6,0,8,1,73,,226058,6,0,8,1,33,,226068,6,0,8,2
3103,'H51U000I-83-I',535,,226069,6,0,8,2,78,,226082,6,0,8,1,38,,226070,6,0,8,2,77,,226083,6,0,8,1,77,,226071,6,0,8,2,37,,226084,6,0,8,1,78,,226072,6,0,8,2,39,,226085,6,0,8,1,78,,226073,6,0,8,2,79,,226086,6,0,8,1,38,,226074,6,0,8,2,76,,226095,6,0,8,1,73,,226087,6,0,8,1,34,,226075,6,0,8,2,73,,226096,6,0,8,1,33,,226088,6,0,8,1,73,,226076,6,0,8,2,33,,226097,6,0,8,1,72,,226089,6,0,8,1,33,,226077,6,0,8,2,73,,226098,6,0,8,1,73,,226090,6,0,8,1,33,,226078,6,0,8,2,73,,226099,6,0,8,1,33,,226091,6,0,8,1,72,,226079,6,0,8,2,33,,226100,6,0,8,1,73,,226092,6,0,8,1,32,,226080,6,0,8,2,70,,226101,6,0,8,1,30,,226093,6,0,8,1,70,,226081,6,0,8,2,30,,226102,6,0,8,1,69,,226094,6,0,8,1
3103,'H51U000S-83-S',535,,226103,6,0,8,1,70,,226128,6,0,8,1,30,,226116,6,0,8,2,70,,226104,6,0,8,1,30,,226129,6,0,8,1,70,,226117,6,0,8,2,33,,226105,6,0,8,1,73,,226130,6,0,8,1,31,,226118,6,0,8,2,70,,226106,6,0,8,1,31,,226131,6,0,8,1,70,,226119,6,0,8,2,30,,226107,6,0,8,1,70,,226132,6,0,8,1,30,,226120,6,0,8,2,70,,226108,6,0,8,1,32,,226133,6,0,8,1,71,,226121,6,0,8,2,33,,226109,6,0,8,1,73,,226134,6,0,8,1,33,,226122,6,0,8,2,68,,226136,6,0,8,2,28,,226110,6,0,8,1,66,,226135,6,0,8,1,26,,226123,6,0,8,2,73,,226137,6,0,8,2,33,,226111,6,0,8,1,73,,226124,6,0,8,2,30,,226138,6,0,8,2,70,,226112,6,0,8,1,29,,226125,6,0,8,2,70,,226139,6,0,8,2,30,,226113,6,0,8,1,70,,226126,6,0,8,2,30,,226140,6,0,8,2,70,,226114,6,0,8,1,30,,226127,6,0,8,2,70,,226141,6,0,8,2,30,,226115,6,0,8,1
3103,'H51U100F-80-F1',535,,226142,6,0,8,2,78,,226155,6,0,8,1,38,,226143,6,0,8,2,77,,226156,6,0,8,1,77,,226144,6,0,8,2,37,,226157,6,0,8,1,78,,226145,6,0,8,2,39,,226158,6,0,8,1,78,,226146,6,0,8,2,79,,226159,6,0,8,1,38,,226147,6,0,8,2,76,,226168,6,0,8,1,73,,226160,6,0,8,1,34,,226148,6,0,8,2,73,,226169,6,0,8,1,33,,226161,6,0,8,1,73,,226149,6,0,8,2,33,,226170,6,0,8,1,72,,226162,6,0,8,1,33,,226150,6,0,8,2,73,,226171,6,0,8,1,73,,226163,6,0,8,1,33,,226151,6,0,8,2,73,,226172,6,0,8,1,33,,226164,6,0,8,1,72,,226152,6,0,8,2,33,,226173,6,0,8,1,73,,226165,6,0,8,1,32,,226153,6,0,8,2,70,,226174,6,0,8,1,30,,226166,6,0,8,1,70,,226154,6,0,8,2,30,,226175,6,0,8,1,69,,226167,6,0,8,1
3103,'H51U200F-80-F2',535,,226176,6,0,8,2,78,,226189,6,0,8,1,38,,226177,6,0,8,2,77,,226190,6,0,8,1,77,,226178,6,0,8,2,37,,226191,6,0,8,1,78,,226179,6,0,8,2,39,,226192,6,0,8,1,78,,226180,6,0,8,2,79,,226193,6,0,8,1,38,,226181,6,0,8,2,76,,226202,6,0,8,1,73,,226194,6,0,8,1,34,,226182,6,0,8,2,73,,226203,6,0,8,1,33,,226195,6,0,8,1,73,,226183,6,0,8,2,33,,226204,6,0,8,1,72,,226196,6,0,8,1,33,,226184,6,0,8,2,73,,226205,6,0,8,1,73,,226197,6,0,8,1,33,,226185,6,0,8,2,73,,226206,6,0,8,1,33,,226198,6,0,8,1,72,,226186,6,0,8,2,33,,226207,6,0,8,1,73,,226199,6,0,8,1,32,,226187,6,0,8,2,70,,226208,6,0,8,1,30,,226200,6,0,8,1,70,,226188,6,0,8,2,30,,226209,6,0,8,1,69,,226201,6,0,8,1
36103,'H51U000A-83-A',2520,,277220,19,0,8,2,9,,277195,19,0,8,1,10,,277197,19,0,8,1,10,,277215,19,0,8,2,5,,277209,19,0,8,2,46,,277191,19,0,8,1,5,,277189,19,0,8,1,5,,277193,19,0,8,2,4,,277202,19,0,8,1,6,,277206,19,0,8,2,7,,277217,19,0,8,2,9,,277200,19,0,8,1,5,,277213,19,0,8,1,5,,277218,19,0,8,1,6,,277211,19,0,8,1,5,,277187,19,0,8,1,45,,277212,19,0,8,2,3,,277208,19,0,8,2,3,,277196,19,0,8,1,3,,277204,19,0,8,1,4,,277216,19,0,8,2,4,,277210,19,0,8,2,4,,277192,19,0,8,1,4,,277198,19,0,8,1,5,,277190,19,0,8,1,6,,277188,19,0,8,1,6,,277203,19,0,8,1,6,,277207,19,0,8,2,4,,277194,19,0,8,2,49,,277201,19,0,8,1,10,,277219,19,0,8,1,10,,277214,19,0,8,1,11,,277205,19,0,8,1,14,,277199,19,0,8,1
36103,'H51U000I-83-I',2501,,277225,19,0,8,2,28,,277224,19,0,8,1,22,,277221,19,0,8,2,80,,277226,19,0,8,2,85,,277222,19,0,8,1,85,,277227,19,0,8,2,45,,277223,19,0,8,1
36103,'H51U000S-83-S',2501,,277239,19,0,8,1,23,,277228,19,0,8,1,16,,277243,13,0,8,2,1,,277237,19,0,8,1,17,,277231,19,0,8,1,51,,277236,19,0,8,2,15,,277230,19,0,8,1,13,,277240,19,0,8,1,14,,277233,19,0,8,1,51,,277234,19,0,8,1,8,,277229,19,0,8,1,7,,277242,19,0,8,2,13,,277238,19,0,8,1,8,,277232,19,0,8,1,63,,277241,19,0,8,1,45,,277235,19,0,8,1
36103,'H51U000S-83-SV',2507,,277244,19,0,8,2,5,,277247,19,0,8,2,7,,277248,19,0,8,2,11,,277250,19,0,8,2,6,,277252,19,0,8,2,11,,277253,19,0,8,2,5,,277254,19,0,8,2,49,,277255,19,0,8,2,4,,277257,19,0,8,2,8,,277258,19,0,8,2,6,,277260,19,0,8,2,12,,277245,19,0,8,2,10,,277249,19,0,8,2,14,,277251,19,0,8,2,68,,277256,19,0,8,2,19,,277261,19,0,8,2,4,,277259,19,0,8,2,9,,277246,19,0,8,2
36103,'H51U100F-80-F1',2501,,277266,19,0,8,2,28,,277263,19,0,8,1,22,,277262,19,0,8,2,80,,277267,19,0,8,2,85,,277264,19,0,8,1,85,,277268,19,0,8,2,45,,277265,19,0,8,1
36103,'H51U200F-80-F2',2501,,277273,19,0,8,2,28,,277270,19,0,8,1,22,,277269,19,0,8,2,80,,277274,19,0,8,2,85,,277271,19,0,8,1,85,,277275,19,0,8,2,45,,277272,19,0,8,1
