2803,'H54M000A-70-A',519,,92679,21,0,8,1,29,,92667,21,0,8,1,72,,92681,21,0,8,1,32,,92697,21,0,8,1,72,,92668,21,0,8,1,33,,92682,21,0,8,1,73,,92694,21,0,8,1,73,,92671,21,0,8,1,33,,92683,21,0,8,1,72,,92695,21,0,8,1,33,,92672,21,0,8,1,71,,92684,21,0,8,1,27,,92703,21,0,8,2,68,,92696,21,0,8,1,27,,92669,21,0,8,1,71,,92685,21,0,8,1,32,,92704,21,0,8,2,72,,92670,21,0,8,1,32,,92686,21,0,8,1,71,,92705,21,0,8,2,31,,92673,21,0,8,1,71,,92687,21,0,8,1,31,,92706,21,0,8,2,72,,92674,21,0,8,1,31,,92688,21,0,8,1,72,,92707,21,0,8,2,33,,92675,21,0,8,1,73,,92689,21,0,8,1,74,,92698,21,0,8,1,34,,92676,21,0,8,1,74,,92690,21,0,8,1,34,,92699,21,0,8,1,73,,92677,21,0,8,1,33,,92691,21,0,8,1,73,,92700,21,0,8,1,33,,92678,21,0,8,1,73,,92692,21,0,8,1,73,,92701,21,0,8,1,33,,92680,21,0,8,1,73,,92693,21,0,8,1,33,,92702,21,0,8,1
2803,'H54M000I-70-I',517,,92711,21,0,8,1,23,,92713,21,0,8,1,74,,92712,21,0,8,1,32,,92724,21,0,8,2,73,,92714,21,0,8,1,32,,92727,21,0,8,1,72,,92725,21,0,8,2,32,,92728,21,0,8,1,73,,92739,21,0,8,1,72,,92726,21,0,8,2,33,,92729,21,0,8,1,24,,92710,21,0,8,1,64,,92740,21,0,8,1,31,,92715,21,0,8,2,71,,92730,21,0,8,1,32,,92741,21,0,8,1,72,,92716,21,0,8,2,32,,92731,21,0,8,1,72,,92742,21,0,8,1,72,,92717,21,0,8,2,33,,92732,21,0,8,1,73,,92743,21,0,8,1,33,,92718,21,0,8,2,73,,92733,21,0,8,1,33,,92744,21,0,8,1,73,,92719,21,0,8,2,33,,92734,21,0,8,1,73,,92745,21,0,8,1,73,,92720,21,0,8,2,33,,92735,21,0,8,1,73,,92746,21,0,8,1,31,,92721,21,0,8,2,73,,92736,21,0,8,1,32,,92747,21,0,8,1,73,,92722,21,0,8,2,33,,92708,21,0,8,1,73,,92737,21,0,8,1,33,,92723,21,0,8,2,71,,92709,21,0,8,1,34,,92738,21,0,8,1
2803,'H54M000S-70-S',520,,92753,21,0,8,1,32,,92760,21,0,8,1,55,,92754,21,0,8,1,23,,92763,21,0,8,1,10,,92759,21,0,8,2,11,,92762,21,0,8,1,52,,92766,21,0,8,2,10,,92755,21,0,8,1,18,,92748,21,0,8,1,8,,92761,21,0,8,1,9,,92772,21,0,8,2,10,,92771,21,0,8,2,51,,92776,21,0,8,2,13,,92773,21,0,8,1,13,,92777,21,0,8,2,66,,92767,21,0,8,2,30,,92749,21,0,8,1,71,,92774,21,0,8,1,30,,92768,21,0,8,2,71,,92750,21,0,8,1,31,,92775,21,0,8,1,73,,92769,21,0,8,2,31,,92751,21,0,8,1,68,,92778,21,0,8,1,29,,92781,21,0,8,1,68,,92770,21,0,8,2,31,,92782,21,0,8,2,71,,92779,21,0,8,1,103,,92788,21,0,8,2,30,,92796,21,0,8,1,13,,92795,8,0,8,2,57,,92780,21,0,8,1,10,,92752,8,0,8,1,18,,92797,21,0,8,2,8,,92765,8,0,8,1,57,,92789,21,0,8,2,14,,92799,8,0,8,2,17,,92783,21,0,8,1,12,,92800,8,0,8,1,59,,92756,21,0,8,1,30,,92790,21,0,8,2,71,,92784,21,0,8,1,31,,92757,21,0,8,1,71,,92791,21,0,8,2,30,,92785,21,0,8,1,69,,92758,21,0,8,1,31,,92792,21,0,8,2,70,,92786,21,0,8,1,29,,92801,21,0,8,2,70,,92793,21,0,8,2,30,,92787,21,0,8,1,70,,92802,21,0,8,2,29,,92794,21,0,8,2,69,,92798,21,0,8,1
2803,'H54M100F-70-F1',517,,92804,21,0,8,1,23,,92814,21,0,8,1,74,,92805,21,0,8,1,32,,92818,21,0,8,2,73,,92815,21,0,8,1,32,,92806,21,0,8,1,72,,92820,21,0,8,2,32,,92816,21,0,8,1,73,,92807,21,0,8,1,72,,92819,21,0,8,2,33,,92817,21,0,8,1,24,,92803,21,0,8,1,64,,92808,21,0,8,1,31,,92821,21,0,8,2,71,,92831,21,0,8,2,32,,92809,21,0,8,1,72,,92822,21,0,8,2,32,,92832,21,0,8,2,72,,92810,21,0,8,1,72,,92823,21,0,8,2,33,,92833,21,0,8,2,73,,92812,21,0,8,1,33,,92824,21,0,8,2,73,,92834,21,0,8,2,33,,92811,21,0,8,1,73,,92825,21,0,8,2,33,,92835,21,0,8,2,73,,92813,21,0,8,1,73,,92826,21,0,8,2,33,,92836,21,0,8,2,73,,92838,21,0,8,1,31,,92827,21,0,8,2,73,,92837,21,0,8,1,32,,92839,21,0,8,1,73,,92828,21,0,8,2,33,,92842,21,0,8,1,73,,92840,21,0,8,1,33,,92829,21,0,8,2,71,,92830,21,0,8,2,34,,92841,21,0,8,1
2803,'H54M200F-70-F2',517,,92843,21,0,8,2,23,,92854,21,0,8,2,74,,92844,21,0,8,1,16,,92871,21,0,8,1,16,,92858,21,0,8,2,56,,92876,21,0,8,1,17,,92855,21,0,8,2,32,,92845,21,0,8,1,72,,92859,21,0,8,2,32,,92856,21,0,8,2,73,,92846,21,0,8,1,72,,92860,21,0,8,2,33,,92857,21,0,8,2,24,,92853,21,0,8,1,64,,92847,21,0,8,1,31,,92861,21,0,8,2,71,,92877,21,0,8,1,32,,92848,21,0,8,1,72,,92862,21,0,8,2,32,,92879,21,0,8,1,72,,92849,21,0,8,1,72,,92863,21,0,8,2,33,,92878,21,0,8,1,73,,92850,21,0,8,1,33,,92864,21,0,8,2,73,,92880,21,0,8,1,33,,92851,21,0,8,1,73,,92865,21,0,8,2,33,,92881,21,0,8,1,73,,92852,21,0,8,1,73,,92866,21,0,8,2,33,,92882,21,0,8,1,73,,92872,21,0,8,1,31,,92867,21,0,8,2,73,,92883,21,0,8,1,32,,92873,21,0,8,1,73,,92868,21,0,8,2,33,,92884,21,0,8,1,73,,92874,21,0,8,1,33,,92869,21,0,8,2,71,,92870,21,0,8,1,34,,92875,21,0,8,1
2803,'H54M300F-80-F3',517,,166052,21,0,8,1,23,,166026,21,0,8,1,74,,166013,21,0,8,2,32,,166039,21,0,8,2,73,,166027,21,0,8,1,32,,166014,21,0,8,2,72,,166040,21,0,8,2,32,,166028,21,0,8,1,73,,166015,21,0,8,2,72,,166041,21,0,8,2,33,,166029,21,0,8,1,24,,166051,21,0,8,1,64,,166016,21,0,8,2,31,,166042,21,0,8,2,71,,166030,21,0,8,1,32,,166017,21,0,8,2,72,,166043,21,0,8,2,32,,166031,21,0,8,1,72,,166018,21,0,8,2,72,,166044,21,0,8,2,33,,166032,21,0,8,1,73,,166019,21,0,8,2,33,,166045,21,0,8,2,73,,166033,21,0,8,1,33,,166020,21,0,8,2,73,,166046,21,0,8,2,33,,166034,21,0,8,1,73,,166021,21,0,8,2,73,,166047,21,0,8,2,33,,166035,21,0,8,1,73,,166022,21,0,8,2,31,,166048,21,0,8,2,73,,166036,21,0,8,1,32,,166023,21,0,8,2,73,,166049,21,0,8,2,33,,166037,21,0,8,1,73,,166024,21,0,8,2,33,,166050,21,0,8,1,71,,166038,21,0,8,1,34,,166025,21,0,8,2
2803,'H57M000S-70-S',619,,92925,21,0,8,2,918,,92927,21,0,8,2
2803,'H58M000S-70-S',722,,92928,21,0,8,2
36401,'H54M000A-70-A',2627,,154839,64,0,5,1,87,,154842,64,0,5,1,31,,154841,64,0,5,1,10,,154840,64,0,5,1,85,,154844,64,0,5,1,84,,154843,64,0,5,1
36401,'H54M000I-70-I',2622,,154846,64,0,5,1,86,,154848,64,0,5,1,31,,154850,64,0,5,1,71,,154845,64,0,5,1,32,,154849,64,0,5,1,81,,154847,64,0,5,1
36401,'H54M000S-70-S',2625,,154853,64,0,5,2,84,,154852,64,0,5,1,44,,154855,64,0,5,2,84,,154851,64,0,5,1,85,,154854,64,0,5,2
36401,'H54M100F-70-F1',2622,,154860,64,0,5,1,86,,154859,64,0,5,1,31,,154856,64,0,5,2,71,,154858,64,0,5,1,32,,154857,64,0,5,1,81,,154861,64,0,5,1
36401,'H54M200F-70-F2',2622,,154866,64,0,5,1,86,,154864,64,0,5,1,31,,154862,64,0,5,2,71,,154867,64,0,5,1,32,,154865,64,0,5,1,81,,154863,64,0,5,1
36401,'H54M300F-80-F3',2622,,175899,64,0,5,1,86,,175903,64,0,5,1,31,,175901,64,0,5,1,71,,175900,64,0,5,1,32,,175902,64,0,5,2,81,,175904,64,0,5,1
