'26J-H51J000A-82-A',14402,51440,0,'Ouest',2,2000,0,'Ouest',1,2200,0,'Ouest',2,6200,0,'Ouest',1,2260,0,'Ouest',2,6200,0,'Ouest',1,2200,0,'Ouest',2,2100,0,'Ouest',1,6100,0,'Ouest',2,2100,0,'Ouest',1,2100,0,'Ouest',2,6100,0,'Ouest',1,2100,0,'Ouest',2,2200,0,'Ouest',1,6300,0,'Ouest',2,2200,0,'Ouest',1,6400,0,'Ouest',2,2400,0,'Ouest',1,2600,0,'Ouest',2,6610,0,'Ouest',1,2700,0,'Ouest',2,6700,0,'Ouest',1,2700,0,'Ouest',2,6800,0,'Ouest',1,2700,0,'Ouest',2,6600,0,'Ouest',1,2700,0,'Ouest',2,2700,0,'Ouest',1,6700,0,'Ouest',2,2700,0,'Ouest',1,6600,0,'Ouest',2,2600,0,'Ouest',1,6600,0,'Ouest',2,2600,0,'Ouest',1,2600,0,'Ouest',2,6590,0,'Ouest',1,2600,0,'Ouest',2,6600,0,'Ouest',1,2600,0,'Ouest',2,6600,0,'Ouest',1,2600,0,'Ouest',2,2400,0,'Ouest',1,6200,0,'Ouest',2,2200,0,'Ouest',1,6200,0,'Ouest',1,2200,0,'Ouest',2,2140,0,'Ouest',1,6100,0,'Ouest',1,2100,0,'Ouest',1,2100,0,'Ouest',2,6100,0,'Ouest',1,2100,0,'Ouest',1,2200,0,'Ouest',1
'26J-H51J000I-82-I',14402,51500,0,'Ouest',2,2100,0,'Ouest',1,2100,0,'Ouest',2,6200,0,'Ouest',1,2300,0,'Ouest',2,6300,0,'Ouest',1,2200,0,'Ouest',2,2200,0,'Ouest',1,6200,0,'Ouest',2,2200,0,'Ouest',1,2200,0,'Ouest',2,6200,0,'Ouest',1,2000,0,'Ouest',2,2000,0,'Ouest',1,6000,0,'Ouest',2,2100,0,'Ouest',1,6200,0,'Ouest',2,2200,0,'Ouest',1,2200,0,'Ouest',2,6200,0,'Ouest',1,2600,0,'Ouest',2,2600,0,'Ouest',1,6800,0,'Ouest',2,2800,0,'Ouest',1,6800,0,'Ouest',2,2800,0,'Ouest',1,6800,0,'Ouest',2,2800,0,'Ouest',1,6800,0,'Ouest',2,2800,0,'Ouest',1,6800,0,'Ouest',2,2800,0,'Ouest',1,6800,0,'Ouest',2,2700,0,'Ouest',1,2600,0,'Ouest',2,6600,0,'Ouest',1,2600,0,'Ouest',2,6600,0,'Ouest',1,2500,0,'Ouest',2,6400,0,'Ouest',1,2200,0,'Ouest',2,2200,0,'Ouest',1,6200,0,'Ouest',2,2200,0,'Ouest',1,2200,0,'Ouest',2,6200,0,'Ouest',1,2200,0,'Ouest',2,6200,0,'Ouest',1,2200,0,'Ouest',1,2240,0,'Ouest',1,6300,0,'Ouest',1
'26J-H51J000S-80-S',14402,52000,0,'Ouest',1,3300,0,'Ouest',2,7010,0,'Ouest',1,2900,0,'Ouest',2,7100,0,'Ouest',1,2930,0,'Ouest',2,6800,0,'Ouest',1,2800,0,'Ouest',2,6300,0,'Ouest',2,2200,0,'Ouest',1,2590,0,'Ouest',2,6780,0,'Ouest',1,2900,0,'Ouest',2,6900,0,'Ouest',1,2900,0,'Ouest',2,6900,0,'Ouest',1,2900,0,'Ouest',2,6800,0,'Ouest',1,2800,0,'Ouest',2,6800,0,'Ouest',1,2800,0,'Ouest',2,6800,0,'Ouest',1,2820,0,'Ouest',2,6800,0,'Ouest',1,2880,0,'Ouest',2,7000,0,'Ouest',1,3000,0,'Ouest',2,7000,0,'Ouest',1,3000,0,'Ouest',2,7000,0,'Ouest',1,2900,0,'Ouest',2,7000,0,'Ouest',1,3000,0,'Ouest',2,7000,0,'Ouest',1,3000,0,'Ouest',2,7000,0,'Ouest',1,3000,0,'Ouest',2,7000,0,'Ouest',1,3000,0,'Ouest',2,7000,0,'Ouest',1,3190,0,'Ouest',2,7300,0,'Ouest',1
'26J-H51JV00A-80-A',14402,51440,0,'Ouest',2,2000,0,'Ouest',1,2200,0,'Ouest',2,6200,0,'Ouest',1,2260,0,'Ouest',2,6200,0,'Ouest',1,2200,0,'Ouest',2,2100,0,'Ouest',1,6100,0,'Ouest',2,2100,0,'Ouest',1,2100,0,'Ouest',2,6100,0,'Ouest',1,2100,0,'Ouest',2,2200,0,'Ouest',1,6300,0,'Ouest',2,2200,0,'Ouest',1,6400,0,'Ouest',2,2400,0,'Ouest',1,2600,0,'Ouest',2,6610,0,'Ouest',1,2700,0,'Ouest',2,6700,0,'Ouest',1,2700,0,'Ouest',2,6800,0,'Ouest',1,2700,0,'Ouest',2,6600,0,'Ouest',1,2700,0,'Ouest',2,2700,0,'Ouest',1,6700,0,'Ouest',2,2700,0,'Ouest',1,6600,0,'Ouest',2,2600,0,'Ouest',1,6600,0,'Ouest',2,2600,0,'Ouest',1,2600,0,'Ouest',2,6590,0,'Ouest',1,2600,0,'Ouest',2,6600,0,'Ouest',1,2600,0,'Ouest',2,6600,0,'Ouest',1,2600,0,'Ouest',2,2400,0,'Ouest',1,6200,0,'Ouest',2,2200,0,'Ouest',1,6200,0,'Ouest',1,2200,0,'Ouest',2,2140,0,'Ouest',1,6100,0,'Ouest',1,2100,0,'Ouest',1,2100,0,'Ouest',2,6100,0,'Ouest',1,2100,0,'Ouest',1,2200,0,'Ouest',1
'26J-H51JV00I-80-I',14402,51500,0,'Ouest',2,2100,0,'Ouest',1,2100,0,'Ouest',2,6200,0,'Ouest',1,2300,0,'Ouest',2,6300,0,'Ouest',1,2200,0,'Ouest',2,2200,0,'Ouest',1,6200,0,'Ouest',2,2200,0,'Ouest',1,2200,0,'Ouest',2,6200,0,'Ouest',1,2000,0,'Ouest',2,2000,0,'Ouest',1,6000,0,'Ouest',2,2100,0,'Ouest',1,6200,0,'Ouest',2,2200,0,'Ouest',1,2200,0,'Ouest',2,6200,0,'Ouest',1,2600,0,'Ouest',2,2600,0,'Ouest',1,6800,0,'Ouest',2,2800,0,'Ouest',1,6800,0,'Ouest',2,2800,0,'Ouest',1,6800,0,'Ouest',2,2800,0,'Ouest',1,6800,0,'Ouest',2,2800,0,'Ouest',1,6800,0,'Ouest',2,2800,0,'Ouest',1,6800,0,'Ouest',2,2700,0,'Ouest',1,2600,0,'Ouest',2,6600,0,'Ouest',1,2600,0,'Ouest',2,6600,0,'Ouest',1,2500,0,'Ouest',2,6400,0,'Ouest',1,2200,0,'Ouest',2,2200,0,'Ouest',1,6200,0,'Ouest',2,2200,0,'Ouest',1,2200,0,'Ouest',2,6200,0,'Ouest',1,2200,0,'Ouest',2,6200,0,'Ouest',1,2200,0,'Ouest',1,2240,0,'Ouest',1,6300,0,'Ouest',1
'26J-H51JV00S-84-S',14402,52000,0,'Ouest',1,3300,0,'Ouest',2,7010,0,'Ouest',1,2900,0,'Ouest',2,7100,0,'Ouest',1,2930,0,'Ouest',2,6800,0,'Ouest',1,2800,0,'Ouest',2,6300,0,'Ouest',2,2200,0,'Ouest',1,2590,0,'Ouest',2,6780,0,'Ouest',1,2900,0,'Ouest',2,6900,0,'Ouest',1,2900,0,'Ouest',2,6900,0,'Ouest',1,2900,0,'Ouest',2,6800,0,'Ouest',1,2800,0,'Ouest',2,6800,0,'Ouest',1,2800,0,'Ouest',2,6800,0,'Ouest',1,2820,0,'Ouest',2,6800,0,'Ouest',1,2880,0,'Ouest',2,7000,0,'Ouest',1,3000,0,'Ouest',2,7000,0,'Ouest',1,3000,0,'Ouest',2,7000,0,'Ouest',1,2900,0,'Ouest',2,7000,0,'Ouest',1,3000,0,'Ouest',2,7000,0,'Ouest',1,3000,0,'Ouest',2,7000,0,'Ouest',1,3000,0,'Ouest',2,7000,0,'Ouest',1,3000,0,'Ouest',2,7000,0,'Ouest',1,3190,0,'Ouest',2,7300,0,'Ouest',1
'26J-H56J000A-80-A',36002,254600,0,'Ouest',1,8500,0,'Ouest',1,8300,0,'Ouest',1,4500,0,'Ouest',2,8500,0,'Ouest',1
'26J-H56J000I-80-I',36002,254400,0,'Ouest',1,8500,0,'Ouest',1,8320,0,'Ouest',1,4500,0,'Ouest',1,8500,0,'Ouest',1
'26J-H56J000S-80-S',36002,254600,0,'Ouest',2,8320,0,'Ouest',1,8400,0,'Ouest',2,4400,0,'Ouest',1,8500,0,'Ouest',1
'26J-H56JV00A-80-A',36002,254600,0,'Ouest',1,8500,0,'Ouest',1,8300,0,'Ouest',1,4500,0,'Ouest',2,8500,0,'Ouest',1
'26J-H56JV00I-80-I',36002,254400,0,'Ouest',1,8500,0,'Ouest',1,8320,0,'Ouest',1,4500,0,'Ouest',1,8500,0,'Ouest',1
'26J-H56JV00S-80-S',36002,254600,0,'Ouest',1,8320,0,'Ouest',1,8400,0,'Ouest',2,4400,0,'Ouest',1,8500,0,'Ouest',1
