21101,'H56J000A-80-A',635,,72173,41,0,5,1,70,,72141,41,0,5,2,28,,72179,41,0,5,1,68,,72183,41,0,5,1,28,,72147,41,0,5,2,27,,72174,41,0,5,1,67,,72142,41,0,5,2,24,,72180,41,0,5,1,61,,72184,41,0,5,1,20,,72152,41,0,5,2,21,,72148,41,0,5,2,61,,72175,41,0,5,1,19,,72158,41,0,5,1,20,,72143,41,0,5,2,61,,72181,41,0,5,1,20,,72168,41,0,5,1,20,,72153,41,0,5,2,60,,72149,41,0,5,2,19,,72176,41,0,5,1,18,,72159,41,0,5,1,55,,72164,41,0,5,2,15,,72144,41,0,5,2,15,,72182,41,0,5,1,15,,72166,41,0,5,2,55,,72169,41,0,5,1,18,,72154,41,0,5,2,20,,72150,41,0,5,2,60,,72177,41,0,5,1,18,,72160,41,0,5,1,17,,72165,41,0,5,2,17,,72145,41,0,5,2,57,,72167,41,0,5,2,18,,72170,41,0,5,1,18,,72155,41,0,5,2,58,,72151,41,0,5,2,22,,72178,41,0,5,1,23,,72161,41,0,5,1,68,,72146,41,0,5,2,29,,72171,41,0,5,1,69,,72156,41,0,5,2,30,,72137,41,0,5,1,70,,72162,41,0,5,1,30,,72140,41,0,5,1,69,,72172,41,0,5,1,30,,72157,41,0,5,2,70,,72138,41,0,5,1,30,,72163,41,0,5,1,71,,72139,41,0,5,2,31,,72136,41,0,5,1,67,,72185,41,0,5,1
21101,'H56J000I-80-I',629,,72224,41,0,5,1,71,,72187,41,0,5,2,30,,72192,41,0,5,1,71,,72198,41,0,5,2,31,,72225,41,0,5,1,71,,72188,41,0,5,2,31,,72193,41,0,5,1,19,,72203,41,0,5,1,59,,72199,41,0,5,2,20,,72205,41,0,5,2,23,,72226,41,0,5,1,63,,72189,41,0,5,2,24,,72194,41,0,5,1,62,,72200,41,0,5,2,22,,72204,41,0,5,1,23,,72206,41,0,5,2,64,,72219,41,0,5,1,26,,72190,41,0,5,2,67,,72195,41,0,5,1,24,,72201,41,0,5,2,22,,72214,41,0,5,1,60,,72207,41,0,5,2,22,,72220,41,0,5,1,23,,72191,41,0,5,2,63,,72196,41,0,5,1,24,,72202,41,0,5,2,62,,72215,41,0,5,1,22,,72208,41,0,5,2,25,,72221,41,0,5,1,68,,72212,41,0,5,2,27,,72197,41,0,5,1,69,,72216,41,0,5,1,27,,72209,41,0,5,2,68,,72222,41,0,5,1,28,,72213,41,0,5,2,70,,72227,41,0,5,1,32,,72217,41,0,5,1,71,,72210,41,0,5,2,32,,72223,41,0,5,1,72,,72228,41,0,5,1,31,,72218,41,0,5,1,66,,72186,41,0,5,2,33,,72211,41,0,5,2
21101,'H56J000S-80-S',524,,72267,41,0,5,1,28,,72244,41,0,5,2,71,,72241,41,0,5,2,33,,72235,41,0,5,1,74,,72248,41,0,5,2,72,,72245,41,0,5,1,31,,72246,41,0,5,2,72,,72229,41,0,5,1,30,,72247,41,0,5,2,72,,72269,41,0,5,2,31,,72265,41,0,5,1,69,,72263,41,0,5,2,30,,72230,41,0,5,1,70,,72238,41,0,5,1,30,,72270,41,0,5,2,70,,72262,41,0,5,1,30,,72268,41,0,5,1,68,,72233,41,0,5,1,28,,72255,41,0,5,1,68,,72239,41,0,5,1,28,,72240,41,0,5,1,26,,72249,41,0,5,1,79,,72260,41,0,5,1,20,,72252,41,0,5,2,60,,72243,41,0,5,1,19,,72264,41,0,5,2,20,,72261,41,0,5,1,68,,72259,41,0,5,2,18,,72266,41,0,5,1,71,,72256,41,0,5,1,31,,72236,41,0,5,1,71,,72237,41,0,5,1,30,,72254,41,0,5,2,70,,72242,41,0,5,2,29,,72250,41,0,5,1,69,,72257,41,0,5,1,28,,72231,41,0,5,1,72,,72253,41,0,5,2,30,,72234,41,0,5,1,68,,72251,41,0,5,1,23,,72232,41,0,5,2,17,,72258,41,0,5,1
21101,'H56JV00A-80-A',635,,72308,41,0,5,1,70,,72276,41,0,5,2,28,,72314,41,0,5,1,68,,72318,41,0,5,1,28,,72282,41,0,5,2,27,,72309,41,0,5,1,67,,72277,41,0,5,2,24,,72315,41,0,5,1,61,,72319,41,0,5,1,20,,72287,41,0,5,2,21,,72283,41,0,5,2,61,,72310,41,0,5,1,19,,72293,41,0,5,1,20,,72278,41,0,5,2,61,,72316,41,0,5,1,20,,72303,41,0,5,1,20,,72288,41,0,5,2,60,,72284,41,0,5,2,19,,72311,41,0,5,1,18,,72294,41,0,5,1,55,,72299,41,0,5,2,15,,72279,41,0,5,2,15,,72317,41,0,5,1,15,,72301,41,0,5,2,55,,72304,41,0,5,1,18,,72289,41,0,5,2,20,,72285,41,0,5,2,60,,72312,41,0,5,1,18,,72295,41,0,5,1,17,,72300,41,0,5,2,17,,72280,41,0,5,2,57,,72302,41,0,5,2,18,,72305,41,0,5,1,18,,72290,41,0,5,2,58,,72286,41,0,5,2,22,,72313,41,0,5,1,23,,72296,41,0,5,1,68,,72281,41,0,5,2,29,,72306,41,0,5,1,69,,72291,41,0,5,2,30,,72272,41,0,5,1,70,,72297,41,0,5,1,30,,72275,41,0,5,1,69,,72307,41,0,5,1,30,,72292,41,0,5,2,70,,72273,41,0,5,1,30,,72298,41,0,5,1,71,,72274,41,0,5,2,31,,72271,41,0,5,1,67,,72320,41,0,5,1
21101,'H56JV00I-80-I',629,,72359,41,0,5,1,71,,72322,41,0,5,2,30,,72327,41,0,5,1,71,,72333,41,0,5,2,31,,72360,41,0,5,1,71,,72323,41,0,5,2,31,,72328,41,0,5,1,19,,72338,41,0,5,1,59,,72334,41,0,5,2,20,,72340,41,0,5,2,23,,72361,41,0,5,1,63,,72324,41,0,5,2,24,,72329,41,0,5,1,62,,72335,41,0,5,2,22,,72339,41,0,5,1,23,,72341,41,0,5,2,64,,72354,41,0,5,1,26,,72325,41,0,5,2,67,,72330,41,0,5,1,24,,72336,41,0,5,2,22,,72349,41,0,5,1,60,,72342,41,0,5,2,22,,72355,41,0,5,1,23,,72326,41,0,5,2,63,,72331,41,0,5,1,24,,72337,41,0,5,2,62,,72350,41,0,5,1,22,,72343,41,0,5,2,25,,72356,41,0,5,1,68,,72347,41,0,5,2,27,,72332,41,0,5,1,69,,72351,41,0,5,1,27,,72344,41,0,5,2,68,,72357,41,0,5,1,28,,72348,41,0,5,2,70,,72362,41,0,5,1,32,,72352,41,0,5,1,71,,72345,41,0,5,2,32,,72358,41,0,5,1,72,,72363,41,0,5,1,31,,72353,41,0,5,1,66,,72321,41,0,5,2,33,,72346,41,0,5,2
21101,'H56JV00S-80-S',524,,72402,41,0,5,1,28,,72379,41,0,5,1,71,,72376,41,0,5,2,33,,72370,41,0,5,1,74,,72383,41,0,5,2,72,,72380,41,0,5,1,31,,72381,41,0,5,2,72,,72364,41,0,5,1,30,,72382,41,0,5,2,72,,72404,41,0,5,1,31,,72400,41,0,5,1,69,,72398,41,0,5,2,30,,72365,41,0,5,1,70,,72373,41,0,5,1,30,,72405,41,0,5,2,70,,72397,41,0,5,1,30,,72403,41,0,5,1,68,,72368,41,0,5,1,28,,72390,41,0,5,1,68,,72374,41,0,5,1,28,,72375,41,0,5,1,26,,72384,41,0,5,1,79,,72395,41,0,5,1,20,,72387,41,0,5,1,60,,72378,41,0,5,1,19,,72399,41,0,5,1,20,,72396,41,0,5,1,68,,72394,41,0,5,2,18,,72401,41,0,5,1,71,,72391,41,0,5,1,31,,72371,41,0,5,1,71,,72372,41,0,5,1,30,,72389,41,0,5,1,70,,72377,41,0,5,1,29,,72385,41,0,5,1,69,,72392,41,0,5,1,28,,72366,41,0,5,1,72,,72388,41,0,5,2,30,,72369,41,0,5,1,68,,72386,41,0,5,1,23,,72367,41,0,5,1,17,,72393,41,0,5,1
21101,'H60J000S-98-S',1615,,72406,41,0,5,2
21101,'H60JV00S-98-S',1615,,72407,41,0,5,2
42501,'H50J000S-83-S',822,,76757,27,0,5,1
42501,'H50JV00S-82-S',822,,76758,27,0,5,1
42501,'H56J000S-80-S',609,,76762,27,0,5,1,17,,76760,27,0,5,2,18,,76766,27,0,5,1,63,,76769,27,0,5,1,28,,76771,27,0,5,2,22,,76772,27,0,5,2,87,,76770,27,0,5,1,59,,76763,27,0,5,2,21,,76764,27,0,5,2,23,,76767,27,0,5,1,63,,76759,27,0,5,2,24,,76765,27,0,5,2,25,,76768,27,0,5,2,66,,76761,27,0,5,1,29,,76774,27,0,5,1,73,,76773,27,0,5,1
42501,'H56JV00S-80-S',609,,76778,27,0,5,1,17,,76776,27,0,5,2,18,,76782,27,0,5,1,63,,76785,27,0,5,1,28,,76787,27,0,5,2,22,,76788,27,0,5,1,87,,76786,27,0,5,1,59,,76779,27,0,5,2,21,,76780,27,0,5,2,23,,76783,27,0,5,1,63,,76775,27,0,5,2,24,,76781,27,0,5,1,25,,76784,27,0,5,1,66,,76777,27,0,5,1,29,,76790,27,0,5,1,73,,76789,27,0,5,1
