16402,'H50M000S-70-S',731,,135965,27,0,10,1
16402,'H51M000S-70-S',1443,,135966,27,0,10,1
16402,'H58M000S-70-S',809,,135967,27,0,10,2,697,,135968,27,0,10,2
16402,'H60M000A-71-A',553,,135970,27,0,10,2,75,,135983,27,0,10,1,76,,135971,27,0,10,1,38,,135969,27,0,10,2,77,,135984,27,0,10,1,37,,135995,27,0,10,1,75,,135973,27,0,10,1,71,,135985,27,0,10,1,30,,135996,27,0,10,1,69,,135974,27,0,10,1,29,,135986,27,0,10,1,70,,135997,27,0,10,1,29,,135975,27,0,10,1,29,,135987,27,0,10,1,71,,135998,27,0,10,1,72,,135976,27,0,10,1,33,,135988,27,0,10,1,73,,135999,27,0,10,1,33,,135977,27,0,10,1,73,,135989,27,0,10,1,31,,136000,27,0,10,1,70,,135978,27,0,10,1,30,,135990,27,0,10,1,67,,136001,27,0,10,1,18,,136007,27,0,10,1,19,,135979,27,0,10,1,64,,135991,27,0,10,1,29,,136002,27,0,10,1,70,,135980,27,0,10,1,29,,135992,27,0,10,1,69,,136003,27,0,10,1,30,,135981,27,0,10,1,70,,135993,27,0,10,1,30,,136004,27,0,10,1,69,,135982,27,0,10,1,31,,135994,27,0,10,1,70,,136005,27,0,10,1,30,,136008,27,0,10,1,70,,136009,27,0,10,1,30,,135972,27,0,10,1,71,,136006,27,0,10,1
16402,'H60M000I-71-I',550,,136010,27,0,10,1,76,,136024,27,0,10,2,76,,136011,27,0,10,1,37,,136025,27,0,10,2,80,,136012,27,0,10,1,39,,136026,27,0,10,2,78,,136013,27,0,10,1,70,,136039,27,0,10,1,29,,136027,27,0,10,2,69,,136014,27,0,10,1,30,,136040,27,0,10,1,68,,136028,27,0,10,2,28,,136015,27,0,10,1,28,,136041,27,0,10,1,69,,136029,27,0,10,2,29,,136016,27,0,10,1,69,,136042,27,0,10,1,29,,136030,27,0,10,2,69,,136017,27,0,10,1,29,,136043,27,0,10,1,70,,136031,27,0,10,2,29,,136018,27,0,10,1,69,,136044,27,0,10,1,29,,136032,27,0,10,2,68,,136019,27,0,10,1,28,,136045,27,0,10,1,68,,136033,27,0,10,2,29,,136020,27,0,10,1,69,,136046,27,0,10,1,29,,136034,27,0,10,2,68,,136021,27,0,10,1,28,,136047,27,0,10,1,67,,136035,27,0,10,2,27,,136022,27,0,10,1,29,,136048,27,0,10,1,72,,136036,27,0,10,2,71,,136023,27,0,10,1,32,,136037,27,0,10,2,72,,136038,27,0,10,1,30,,136049,27,0,10,2
16402,'H60M000S-71-S',556,,136051,27,0,10,1,73,,136052,27,0,10,1,29,,136055,27,0,10,1,95,,136058,27,0,10,1,77,,136063,27,0,10,1,28,,136068,27,0,10,1,67,,136059,27,0,10,1,25,,136073,27,0,10,1,66,,136064,27,0,10,1,27,,136069,27,0,10,1,63,,136060,27,0,10,1,24,,136074,27,0,10,1,27,,136065,27,0,10,1,66,,136070,27,0,10,1,22,,136061,27,0,10,1,59,,136075,27,0,10,1,19,,136077,27,0,10,1,18,,136066,27,0,10,1,61,,136071,27,0,10,1,19,,136062,27,0,10,1,102,,136078,27,0,10,1,21,,136086,27,0,10,1,57,,136072,27,0,10,1,14,,136090,27,0,10,2,13,,136091,27,0,10,1,14,,136093,27,0,10,2,11,,136053,27,0,10,1,50,,136081,27,0,10,1,12,,136092,27,0,10,1,10,,136079,27,0,10,1,10,,136089,27,0,10,2,11,,136096,27,0,10,1,11,,136095,27,0,10,2,51,,136076,27,0,10,1,13,,136067,27,0,10,1,13,,136094,27,0,10,2,14,,136082,27,0,10,1,54,,136080,27,0,10,1,23,,136097,27,0,10,1,26,,136087,27,0,10,1,68,,136083,27,0,10,1,29,,136098,27,0,10,1,70,,136088,27,0,10,1,31,,136084,27,0,10,1,71,,136099,27,0,10,1,31,,136054,27,0,10,1,72,,136085,27,0,10,1,33,,136100,27,0,10,1,73,,136056,27,0,10,1,79,,136050,27,0,10,1,39,,136057,27,0,10,1
16402,'H60M100F-71-F1',550,,136101,27,0,10,1,76,,136107,27,0,10,1,76,,136102,27,0,10,1,37,,136108,27,0,10,1,80,,136103,27,0,10,1,39,,136109,27,0,10,1,78,,136104,27,0,10,1,70,,136130,27,0,10,1,29,,136110,27,0,10,1,69,,136105,27,0,10,1,30,,136131,27,0,10,1,68,,136111,27,0,10,1,28,,136122,27,0,10,1,28,,136132,27,0,10,1,69,,136112,27,0,10,1,29,,136123,27,0,10,1,69,,136133,27,0,10,1,29,,136113,27,0,10,1,69,,136124,27,0,10,1,29,,136134,27,0,10,1,70,,136114,27,0,10,1,29,,136125,27,0,10,1,69,,136135,27,0,10,1,29,,136116,27,0,10,1,68,,136126,27,0,10,1,28,,136136,27,0,10,1,68,,136115,27,0,10,1,29,,136127,27,0,10,1,69,,136137,27,0,10,1,29,,136117,27,0,10,1,68,,136128,27,0,10,1,28,,136138,27,0,10,1,67,,136118,27,0,10,1,27,,136129,27,0,10,1,29,,136139,27,0,10,1,72,,136119,27,0,10,1,71,,136106,27,0,10,2,32,,136120,27,0,10,1,72,,136140,27,0,10,1,30,,136121,27,0,10,1
16402,'H60M200F-71-F2',550,,136142,27,0,10,1,76,,136147,27,0,10,1,76,,136143,27,0,10,1,37,,136148,27,0,10,1,80,,136144,27,0,10,1,39,,136149,27,0,10,1,78,,136145,27,0,10,1,70,,136160,27,0,10,1,29,,136151,27,0,10,1,69,,136146,27,0,10,1,30,,136161,27,0,10,1,68,,136152,27,0,10,1,28,,136171,27,0,10,1,28,,136162,27,0,10,1,69,,136150,27,0,10,1,29,,136172,27,0,10,1,69,,136163,27,0,10,1,29,,136153,27,0,10,1,69,,136173,27,0,10,1,29,,136164,27,0,10,1,70,,136154,27,0,10,1,29,,136174,27,0,10,1,69,,136165,27,0,10,1,29,,136155,27,0,10,1,68,,136175,27,0,10,1,28,,136168,27,0,10,1,68,,136156,27,0,10,1,29,,136176,27,0,10,1,69,,136166,27,0,10,1,29,,136157,27,0,10,1,68,,136177,27,0,10,1,28,,136167,27,0,10,1,67,,136158,27,0,10,1,27,,136178,27,0,10,1,29,,136169,27,0,10,1,72,,136159,27,0,10,1,71,,136141,27,0,10,2,32,,136180,27,0,10,1,72,,136170,27,0,10,1,30,,136179,27,0,10,1
16402,'H60M300F-80-F3',553,,172788,27,0,10,1,78,,172790,27,0,10,1,77,,172789,27,0,10,1,39,,172791,27,0,10,1,79,,172818,27,0,10,2,79,,172787,27,0,10,1,39,,172821,27,0,10,2,80,,172819,27,0,10,1,31,,172796,27,0,10,1,65,,172807,27,0,10,1,24,,172822,27,0,10,2,64,,172820,27,0,10,1,25,,172797,27,0,10,1,67,,172808,27,0,10,1,29,,172823,27,0,10,2,29,,172798,27,0,10,1,69,,172809,27,0,10,1,29,,172824,27,0,10,2,69,,172799,27,0,10,1,29,,172810,27,0,10,1,69,,172825,27,0,10,2,29,,172800,27,0,10,1,69,,172811,27,0,10,1,29,,172826,27,0,10,2,68,,172801,27,0,10,1,27,,172812,27,0,10,1,69,,172827,27,0,10,2,29,,172802,27,0,10,1,69,,172813,27,0,10,1,28,,172792,27,0,10,1,69,,172803,27,0,10,1,27,,172814,27,0,10,1,67,,172793,27,0,10,1,27,,172804,27,0,10,1,26,,172815,27,0,10,1,67,,172794,27,0,10,1,27,,172805,27,0,10,1,62,,172816,27,0,10,1,25,,172795,27,0,10,1,70,,172806,27,0,10,1,30,,172817,27,0,10,1
17003,'H50M000S-70-S',1528,,138270,17,0,8,1
17003,'H58M000S-70-S',1541,,138273,17,0,8,2,17,,138272,17,0,8,2,48,,138271,17,0,8,1
17003,'H60M000A-71-A',628,,138276,17,0,8,1,73,,138301,17,0,8,1,33,,138277,17,0,8,1,73,,138302,17,0,8,1,31,,138278,17,0,8,1,71,,138303,17,0,8,1,32,,138291,17,0,8,2,73,,138304,17,0,8,1,28,,138292,17,0,8,2,67,,138305,17,0,8,1,27,,138293,17,0,8,2,69,,138306,17,0,8,1,28,,138294,17,0,8,2,68,,138279,17,0,8,1,28,,138295,17,0,8,2,28,,138280,17,0,8,1,68,,138296,17,0,8,2,27,,138281,17,0,8,1,67,,138297,17,0,8,2,21,,138308,17,0,8,1,61,,138282,17,0,8,1,20,,138298,17,0,8,2,25,,138309,17,0,8,1,59,,138283,17,0,8,1,19,,138299,17,0,8,2,18,,138310,17,0,8,1,60,,138284,17,0,8,1,20,,138300,17,0,8,2,20,,138311,17,0,8,1,64,,138285,17,0,8,1,26,,138312,17,0,8,1,25,,138286,17,0,8,1,62,,138318,17,0,8,2,22,,138313,17,0,8,1,63,,138287,17,0,8,1,24,,138314,17,0,8,1,25,,138288,17,0,8,1,66,,138315,17,0,8,1,27,,138290,17,0,8,1,70,,138316,17,0,8,1,33,,138289,17,0,8,1,73,,138317,17,0,8,1,31,,138274,17,0,8,1,74,,138307,17,0,8,1,86,,138275,17,0,8,1
17003,'H60M000I-71-I',643,,138324,17,0,8,2,70,,138319,17,0,8,1,31,,138325,17,0,8,2,70,,138320,17,0,8,1,32,,138326,17,0,8,2,71,,138346,17,0,8,1,30,,138327,17,0,8,2,70,,138347,17,0,8,1,29,,138328,17,0,8,2,69,,138348,17,0,8,1,26,,138329,17,0,8,2,66,,138349,17,0,8,1,26,,138330,17,0,8,2,26,,138350,17,0,8,1,67,,138331,17,0,8,2,26,,138351,17,0,8,1,66,,138332,17,0,8,2,26,,138352,17,0,8,1,67,,138333,17,0,8,2,28,,138353,17,0,8,1,68,,138334,17,0,8,2,27,,138321,17,0,8,1,20,,138354,17,0,8,1,60,,138335,17,0,8,2,21,,138322,17,0,8,1,20,,138355,17,0,8,1,59,,138336,17,0,8,2,20,,138323,17,0,8,1,20,,138356,17,0,8,1,60,,138337,17,0,8,2,28,,138338,17,0,8,1,69,,138357,17,0,8,1,29,,138339,17,0,8,1,69,,138341,17,0,8,1,29,,138340,17,0,8,1,71,,138342,17,0,8,1,31,,138358,17,0,8,1,71,,138343,17,0,8,1,31,,138359,17,0,8,1,70,,138344,17,0,8,1,30,,138360,17,0,8,1,69,,138345,17,0,8,1,31,,138361,17,0,8,1
17003,'H60M000S-71-S',613,,138376,17,0,8,1,34,,138378,17,0,8,1,75,,138385,17,0,8,2,34,,138379,17,0,8,1,73,,138393,17,0,8,1,71,,138380,17,0,8,1,26,,138366,17,0,8,1,25,,138367,17,0,8,1,68,,138387,17,0,8,1,29,,138368,17,0,8,1,69,,138388,17,0,8,1,28,,138369,17,0,8,1,69,,138389,17,0,8,1,28,,138370,17,0,8,1,70,,138390,17,0,8,1,30,,138371,17,0,8,1,70,,138391,17,0,8,1,30,,138372,17,0,8,1,60,,138394,17,0,8,1,13,,138392,17,0,8,1,35,,138373,17,0,8,1,64,,138411,17,0,8,2,8,,138395,17,0,8,1,8,,138384,17,0,8,2,7,,138413,17,0,8,2,8,,138365,17,0,8,1,7,,138362,17,0,8,1,49,,138374,17,0,8,1,9,,138386,17,0,8,1,8,,138381,17,0,8,1,10,,138412,17,0,8,2,11,,138375,17,0,8,1,12,,138396,17,0,8,1,51,,138363,17,0,8,1,11,,138410,17,0,8,1,10,,138382,17,0,8,1,11,,138377,17,0,8,1,8,,138364,17,0,8,1,15,,138397,17,0,8,1,58,,138405,17,0,8,2,21,,138383,17,0,8,1,23,,138398,17,0,8,1,69,,138406,17,0,8,2,29,,138399,17,0,8,1,70,,138407,17,0,8,2,30,,138400,17,0,8,1,69,,138408,17,0,8,2,29,,138401,17,0,8,1,69,,138409,17,0,8,2,29,,138402,17,0,8,1,69,,138414,17,0,8,1,36,,138403,17,0,8,1,87,,138404,17,0,8,1
17003,'H60M100F-71-F1',643,,138420,17,0,8,2,70,,138416,17,0,8,1,31,,138421,17,0,8,1,70,,138417,17,0,8,1,32,,138442,17,0,8,1,71,,138430,17,0,8,1,30,,138443,17,0,8,1,70,,138431,17,0,8,1,29,,138445,17,0,8,1,69,,138432,17,0,8,1,26,,138444,17,0,8,1,66,,138433,17,0,8,1,26,,138446,17,0,8,1,26,,138434,17,0,8,1,67,,138447,17,0,8,1,26,,138435,17,0,8,1,66,,138448,17,0,8,1,26,,138436,17,0,8,1,67,,138449,17,0,8,1,28,,138437,17,0,8,1,68,,138450,17,0,8,1,27,,138438,17,0,8,1,20,,138455,17,0,8,2,60,,138451,17,0,8,1,21,,138439,17,0,8,1,20,,138422,17,0,8,1,59,,138452,17,0,8,1,20,,138440,17,0,8,1,20,,138415,17,0,8,1,60,,138453,17,0,8,1,28,,138424,17,0,8,1,69,,138454,17,0,8,1,29,,138426,17,0,8,1,69,,138441,17,0,8,1,29,,138425,17,0,8,1,71,,138423,17,0,8,1,31,,138456,17,0,8,1,71,,138457,17,0,8,1,31,,138427,17,0,8,1,70,,138418,17,0,8,1,30,,138428,17,0,8,1,69,,138419,17,0,8,1,31,,138429,17,0,8,1
17003,'H60M200F-71-F2',643,,138463,17,0,8,2,70,,138464,17,0,8,1,31,,138458,17,0,8,1,70,,138465,17,0,8,1,32,,138468,17,0,8,1,71,,138481,17,0,8,1,30,,138469,17,0,8,1,70,,138482,17,0,8,1,29,,138470,17,0,8,1,69,,138483,17,0,8,1,26,,138471,17,0,8,1,66,,138484,17,0,8,1,26,,138472,17,0,8,1,26,,138485,17,0,8,1,67,,138473,17,0,8,1,26,,138486,17,0,8,1,66,,138474,17,0,8,1,26,,138487,17,0,8,1,67,,138475,17,0,8,1,28,,138488,17,0,8,1,68,,138476,17,0,8,1,27,,138489,17,0,8,1,20,,138493,17,0,8,2,60,,138477,17,0,8,1,21,,138490,17,0,8,1,20,,138495,17,0,8,1,59,,138478,17,0,8,1,20,,138491,17,0,8,1,20,,138462,17,0,8,1,60,,138479,17,0,8,1,28,,138496,17,0,8,1,69,,138480,17,0,8,1,29,,138497,17,0,8,1,69,,138492,17,0,8,1,29,,138498,17,0,8,1,71,,138499,17,0,8,1,31,,138494,17,0,8,1,71,,138500,17,0,8,1,31,,138459,17,0,8,1,70,,138466,17,0,8,1,30,,138460,17,0,8,1,69,,138467,17,0,8,1,31,,138461,17,0,8,1
17003,'H60M300F-80-F3',644,,173149,17,0,8,1,73,,173166,17,0,8,1,33,,173150,17,0,8,1,72,,173167,17,0,8,1,32,,173151,17,0,8,1,72,,173168,17,0,8,1,32,,173152,17,0,8,1,70,,173169,17,0,8,1,29,,173153,17,0,8,1,70,,173170,17,0,8,1,31,,173154,17,0,8,1,68,,173171,17,0,8,1,28,,173155,17,0,8,1,69,,173172,17,0,8,1,29,,173156,17,0,8,1,68,,173173,17,0,8,1,29,,173157,17,0,8,1,68,,173174,17,0,8,1,30,,173158,17,0,8,1,70,,173175,17,0,8,1,28,,173159,17,0,8,1,63,,173161,17,0,8,1,20,,173176,17,0,8,1,20,,173160,17,0,8,1,63,,173162,17,0,8,1,22,,173177,17,0,8,1,21,,173188,17,0,8,1,62,,173163,17,0,8,1,25,,173178,17,0,8,1,68,,173164,17,0,8,1,28,,173179,17,0,8,1,68,,173165,17,0,8,1,28,,173180,17,0,8,1,68,,173184,17,0,8,2,29,,173181,17,0,8,1,70,,173185,17,0,8,2,31,,173182,17,0,8,1,71,,173186,17,0,8,2,33,,173183,17,0,8,1,72,,173187,17,0,8,2
