4504,'H58U000A-80-A',512,,231030,17,0,9,1,29,,231055,17,0,9,2,70,,231019,17,0,9,1,33,,231031,17,0,9,1,70,,231056,17,0,9,2,31,,231020,17,0,9,1,70,,231032,17,0,9,1,32,,231057,17,0,9,2,70,,231021,17,0,9,1,33,,231033,17,0,9,1,69,,231047,17,0,9,1,28,,231043,17,0,9,2,69,,231022,17,0,9,1,31,,231034,17,0,9,1,70,,231048,17,0,9,1,29,,231044,17,0,9,2,69,,231023,17,0,9,1,26,,231051,17,0,9,1,60,,231035,17,0,9,1,20,,231049,17,0,9,1,20,,231037,17,0,9,2,61,,231045,17,0,9,2,22,,231024,17,0,9,1,21,,231052,17,0,9,1,62,,231036,17,0,9,1,21,,231050,17,0,9,1,25,,231038,17,0,9,2,69,,231046,17,0,9,2,30,,231025,17,0,9,1,68,,231053,17,0,9,1,29,,231058,17,0,9,1,69,,231039,17,0,9,2,29,,231026,17,0,9,1,64,,231054,17,0,9,1,30,,231059,17,0,9,1,71,,231040,17,0,9,2,30,,231027,17,0,9,1,72,,231060,17,0,9,1,32,,231041,17,0,9,2,70,,231028,17,0,9,1,30,,231061,17,0,9,1,71,,231042,17,0,9,2,29,,231029,17,0,9,1,70,,231062,17,0,9,2
4504,'H58U000I-80-I',519,,231063,17,0,9,1,28,,231079,17,0,9,1,69,,231086,17,0,9,2,28,,231064,17,0,9,1,71,,231080,17,0,9,1,29,,231087,17,0,9,2,70,,231065,17,0,9,1,30,,231081,17,0,9,1,72,,231088,17,0,9,2,32,,231066,17,0,9,1,73,,231082,17,0,9,1,30,,231098,17,0,9,1,69,,231089,17,0,9,2,30,,231067,17,0,9,1,70,,231083,17,0,9,1,30,,231099,17,0,9,1,70,,231090,17,0,9,2,30,,231068,17,0,9,1,70,,231084,17,0,9,1,30,,231100,17,0,9,1,71,,231091,17,0,9,2,29,,231069,17,0,9,1,71,,231101,17,0,9,1,31,,231085,17,0,9,1,72,,231092,17,0,9,2,33,,231070,17,0,9,1,72,,231075,17,0,9,1,72,,231094,17,0,9,2,32,,231093,17,0,9,2,69,,231071,17,0,9,1,31,,231076,17,0,9,1,73,,231095,17,0,9,2,31,,231072,17,0,9,1,70,,231077,17,0,9,1,29,,231096,17,0,9,2,70,,231073,17,0,9,1,31,,231078,17,0,9,1,70,,231097,17,0,9,2,24,,231074,17,0,9,1
4504,'H58U000S-80-S',502,,231107,17,0,9,2,25,,231118,17,0,9,2,30,,231132,17,0,9,2,68,,231143,17,0,9,2,25,,231116,17,0,9,1,52,,231119,17,0,9,2,11,,231108,17,0,9,2,9,,231131,17,0,9,2,10,,231111,17,0,9,1,10,,231133,17,0,9,2,13,,231106,17,0,9,2,52,,231146,17,0,9,2,12,,231144,17,0,9,2,12,,231120,17,0,9,2,10,,231126,17,0,9,1,11,,231117,17,0,9,1,51,,231145,17,0,9,2,12,,231109,17,0,9,2,12,,231123,17,0,9,1,12,,231151,17,0,9,1,20,,231134,17,0,9,2,62,,231147,17,0,9,2,22,,231127,17,0,9,1,62,,231110,17,0,9,2,23,,231124,17,0,9,1,20,,231138,17,0,9,2,60,,231135,17,0,9,2,23,,231148,17,0,9,2,24,,231128,17,0,9,1,66,,231125,17,0,9,1,24,,231112,17,0,9,1,65,,231102,17,0,9,1,24,,231136,17,0,9,2,25,,231149,17,0,9,2,63,,231129,17,0,9,1,24,,231113,17,0,9,1,60,,231152,17,0,9,2,20,,231103,17,0,9,1,23,,231137,17,0,9,2,64,,231150,17,0,9,2,24,,231130,17,0,9,1,67,,231114,17,0,9,1,32,,231104,17,0,9,1,71,,231153,17,0,9,2,32,,231139,17,0,9,1,69,,231115,17,0,9,1,30,,231105,17,0,9,1,71,,231154,17,0,9,2,31,,231140,17,0,9,1,70,,231121,17,0,9,2,32,,231155,17,0,9,2,70,,231141,17,0,9,1,28,,231122,17,0,9,2,71,,231156,17,0,9,2,33,,231142,17,0,9,1
4504,'H58U100F-80-F1',519,,231157,17,0,9,1,28,,231173,17,0,9,1,69,,231180,17,0,9,2,28,,231158,17,0,9,1,71,,231174,17,0,9,1,29,,231181,17,0,9,2,70,,231159,17,0,9,1,30,,231175,17,0,9,1,72,,231182,17,0,9,2,32,,231160,17,0,9,1,73,,231176,17,0,9,1,30,,231192,17,0,9,1,69,,231183,17,0,9,2,30,,231161,17,0,9,1,70,,231177,17,0,9,1,30,,231193,17,0,9,1,70,,231184,17,0,9,2,30,,231162,17,0,9,1,70,,231178,17,0,9,1,30,,231194,17,0,9,1,71,,231185,17,0,9,2,29,,231163,17,0,9,1,71,,231195,17,0,9,1,31,,231179,17,0,9,1,72,,231186,17,0,9,2,33,,231164,17,0,9,1,72,,231169,17,0,9,1,72,,231188,17,0,9,2,32,,231187,17,0,9,2,69,,231165,17,0,9,1,31,,231170,17,0,9,1,73,,231189,17,0,9,2,31,,231166,17,0,9,1,70,,231171,17,0,9,1,29,,231190,17,0,9,2,70,,231167,17,0,9,1,31,,231172,17,0,9,1,70,,231191,17,0,9,2,24,,231168,17,0,9,1
4504,'H58U200F-80-F2',519,,231203,17,0,9,2,28,,231215,17,0,9,1,69,,231222,17,0,9,2,28,,231204,17,0,9,2,71,,231216,17,0,9,1,29,,231223,17,0,9,2,70,,231205,17,0,9,2,30,,231217,17,0,9,1,72,,231224,17,0,9,2,32,,231206,17,0,9,2,73,,231218,17,0,9,1,30,,231196,17,0,9,2,69,,231225,17,0,9,2,30,,231212,17,0,9,1,70,,231219,17,0,9,1,30,,231197,17,0,9,2,70,,231226,17,0,9,2,30,,231213,17,0,9,1,70,,231220,17,0,9,1,30,,231198,17,0,9,2,71,,231227,17,0,9,2,29,,231214,17,0,9,1,71,,231207,17,0,9,2,31,,231221,17,0,9,1,72,,231228,17,0,9,2,33,,231230,17,0,9,1,72,,231199,17,0,9,2,72,,231208,17,0,9,1,32,,231229,17,0,9,2,69,,231231,17,0,9,1,31,,231200,17,0,9,2,73,,231209,17,0,9,1,31,,231232,17,0,9,1,70,,231201,17,0,9,2,29,,231210,17,0,9,1,70,,231233,17,0,9,1,31,,231202,17,0,9,2,70,,231211,17,0,9,1,24,,231234,17,0,9,1
35904,'H57U000A-80-A',2544,,277103,17,0,9,1,77,,277104,17,0,9,1,34,,277106,17,0,9,1,74,,277107,17,0,9,1,75,,277105,17,0,9,1,35,,277108,17,0,9,1
35904,'H57U000I-80-I',2509,,277112,17,0,9,1,35,,277109,17,0,9,1,75,,277113,17,0,9,1,35,,277110,17,0,9,1,75,,277114,17,0,9,1,75,,277111,17,0,9,1,35,,277115,17,0,9,1
35904,'H57U000S-81-S',2509,,277118,17,0,9,1,34,,277116,17,0,9,1,77,,277121,17,0,9,1,35,,277119,17,0,9,1,73,,277117,17,0,9,1,78,,277120,17,0,9,1,33,,277122,17,0,9,1
35904,'H57U100F-80-F1',2509,,277126,17,0,9,1,35,,277123,17,0,9,1,75,,277127,17,0,9,1,35,,277124,17,0,9,1,75,,277128,17,0,9,1,75,,277125,17,0,9,1,35,,277129,17,0,9,1
35904,'H57U200F-80-F2',2509,,277133,17,0,9,1,35,,277130,17,0,9,1,75,,277134,17,0,9,1,35,,277131,17,0,9,1,75,,277135,17,0,9,1,75,,277132,17,0,9,1,35,,277136,17,0,9,1
