12900,'H51M000A-70-A',633,,127951,15,,,1,82,,127972,15,,,1,34,,127962,15,,,1,72,,127952,15,,,1,32,,127973,15,,,1,72,,127963,15,,,1,32,,127953,15,,,1,72,,127974,15,,,1,72,,127964,15,,,1,32,,127954,15,,,1,72,,127975,15,,,1,34,,127965,15,,,1,69,,127955,15,,,1,26,,127977,15,,,2,66,,127976,15,,,1,31,,127966,15,,,1,71,,127956,15,,,1,30,,127978,15,,,2,70,,127983,15,,,2,31,,127967,15,,,1,68,,127957,15,,,1,28,,127979,15,,,2,28,,127984,15,,,2,68,,127968,15,,,1,28,,127958,15,,,1,66,,127980,15,,,2,29,,127985,15,,,2,66,,127969,14,0,12 1 13,1,29,,127959,14,0,12 1 13,1,70,,127981,14,0,12 1 13,2,29,,127970,14,0,12 1 13,1,70,,127960,14,0,12 1 13,1,30,,127982,14,0,12 1 13,2,69,,127971,14,0,12 1 13,1,40,,127961,14,0,12 1 13,1,81,,127987,14,0,12 1 13,2,80,,127986,14,0,12 1 13,1
12900,'H51M000I-70-I',624,,128004,15,,,1,82,,127996,15,,,2,42,,128005,15,,,1,83,,127997,15,,,2,86,,128006,15,,,1,34,,128009,15,,,2,74,,127998,15,,,2,33,,128007,15,,,1,74,,128010,15,,,2,75,,127999,15,,,2,33,,128008,15,,,1,73,,128011,15,,,2,33,,127988,15,,,1,73,,128000,15,,,2,26,,128014,15,,,2,65,,128012,15,,,2,25,,127989,15,,,1,24,,128001,15,,,2,64,,128015,15,,,2,25,,128013,15,,,2,65,,127990,15,,,1,30,,128002,15,,,2,70,,128016,15,,,2,30,,127991,15,,,1,62,,128021,15,,,2,21,,128003,15,,,2,20,,128017,15,,,2,65,,127992,14,0,12 1 13,1,33,,128022,14,0,12 1 13,2,77,,128018,14,0,12 1 13,2,37,,127993,14,0,12 1 13,1,77,,128023,14,0,12 1 13,2,76,,128019,14,0,12 1 13,2,39,,127994,14,0,12 1 13,1,82,,128020,14,0,12 1 13,2,82,,127995,14,0,12 1 13,1
12900,'H51M000S-70-S',720,,128024,15,,,1,31,,128025,15,,,2,6,,128028,15,,,1,72,,128037,15,,,1,73,,128054,15,,,2,32,,128060,15,,,1,71,,128029,15,,,1,32,,128038,15,,,1,74,,128055,15,,,2,32,,128051,15,,,2,72,,128030,15,,,1,30,,128039,15,,,1,70,,128056,15,,,2,25,,128045,15,,,1,60,,128052,15,,,2,22,,128031,15,,,1,18,,128040,15,,,1,14,,128026,15,,,1,54,,128061,15,,,1,18,,128057,15,,,2,9,,128069,15,,,1,9,,128046,15,,,1,59,,128053,15,,,2,11,,128063,15,,,2,12,,128032,15,,,1,12,,128070,15,,,2,12,,128041,15,,,1,54,,128027,15,,,1,15,,128062,15,,,1,15,,128058,15,,,2,21,,128047,15,,,1,63,,128064,15,,,2,24,,128033,15,,,1,65,,128042,15,,,1,23,,128059,15,,,2,16,,128048,15,0,12 1 13,1,68,,128065,14,0,12 1 13,2,31,,128034,14,0,12 1 13,1,71,,128043,14,0,12 1 13,1,29,,128049,14,0,12 1 13,1,69,,128066,14,0,12 1 13,2,30,,128035,14,0,12 1 13,1,70,,128044,14,0,12 1 13,1,30,,128050,14,0,12 1 13,1,70,,128067,14,0,12 1 13,2,30,,128036,14,0,12 1 13,1,71,,128068,14,0,12 1 13,2
12900,'H51M100F-70-F1',624,,128087,15,,,1,82,,128079,15,,,2,42,,128088,15,,,1,83,,128080,15,,,2,86,,128089,15,,,1,34,,128092,15,,,2,74,,128081,15,,,2,33,,128090,15,,,1,74,,128093,15,,,2,75,,128082,15,,,2,33,,128091,15,,,1,73,,128094,15,,,2,33,,128071,15,,,1,73,,128083,15,,,2,26,,128097,15,,,2,65,,128095,15,,,2,25,,128072,15,,,1,24,,128084,15,,,2,64,,128098,15,,,2,25,,128096,15,,,2,65,,128073,15,,,1,30,,128085,15,,,2,70,,128099,15,,,2,30,,128074,15,,,1,62,,128104,15,,,2,21,,128086,15,,,2,20,,128101,15,,,2,65,,128075,14,0,12 1 13,1,33,,128105,14,0,12 1 13,2,77,,128100,14,0,12 1 13,2,37,,128076,14,0,12 1 13,1,77,,128106,14,0,12 1 13,2,76,,128102,14,0,12 1 13,2,39,,128077,14,0,12 1 13,1,82,,128103,14,0,12 1 13,2,82,,128078,14,0,12 1 13,1
12900,'H51M200F-70-F2',624,,128123,15,,,1,82,,128115,15,,,2,42,,128124,15,,,1,83,,128116,15,,,2,86,,128125,15,,,1,34,,128128,15,,,2,74,,128117,15,,,2,33,,128126,15,,,1,74,,128129,15,,,2,75,,128118,15,,,2,33,,128127,15,,,1,73,,128130,15,,,2,33,,128107,15,,,1,73,,128119,15,,,2,26,,128133,15,,,2,65,,128131,15,,,2,25,,128108,15,,,1,24,,128120,15,,,2,64,,128134,15,,,2,25,,128132,15,,,2,65,,128109,15,,,1,30,,128121,15,,,2,70,,128135,15,,,2,30,,128111,15,,,1,62,,128140,15,,,2,21,,128122,15,,,2,20,,128136,15,,,2,65,,128110,14,0,12 1 13,1,33,,128141,14,0,12 1 13,2,77,,128137,14,0,12 1 13,2,37,,128112,14,0,12 1 13,1,77,,128142,14,0,12 1 13,2,76,,128138,14,0,12 1 13,2,39,,128113,14,0,12 1 13,1,82,,128139,14,0,12 1 13,2,82,,128114,14,0,12 1 13,1
12900,'H51M300F-70-F3',624,,128160,15,,,1,82,,128151,15,,,2,42,,128159,15,,,1,83,,128152,15,,,2,86,,128161,15,,,1,34,,128164,15,,,2,74,,128153,15,,,2,33,,128162,15,,,1,74,,128165,15,,,2,75,,128154,15,,,2,33,,128163,15,,,1,73,,128166,15,,,2,33,,128143,15,,,1,73,,128155,15,,,2,26,,128169,15,,,2,65,,128167,15,,,2,25,,128144,15,,,1,24,,128156,15,,,2,64,,128170,15,,,2,25,,128168,15,,,2,65,,128145,15,,,1,30,,128157,15,,,2,70,,128171,15,,,2,30,,128146,15,,,1,62,,128176,15,,,2,21,,128158,15,,,2,20,,128172,15,,,2,65,,128147,14,0,12 1 13,1,33,,128177,14,0,12 1 13,2,77,,128173,14,0,12 1 13,2,37,,128148,14,0,12 1 13,1,77,,128178,14,0,12 1 13,2,76,,128174,14,0,12 1 13,2,39,,128149,14,0,12 1 13,1,82,,128175,14,0,12 1 13,2,82,,128150,14,0,12 1 13,1
12900,'H57M000S-70-S',1517,,128179,15,,,2,36,,128180,15,,,2
12900,'H59M000S-70-S',617,,128181,15,,,1,30,,128182,15,,,2
71100,'H50M000A-70-A',829,,160111,19,,,1,30,,160103,19,,,1,71,,160120,19,,,1,73,,160112,19,,,1,34,,160104,19,,,1,67,,160121,19,,,1,30,,160113,19,,,1,72,,160105,19,,,1,28,,160122,19,,,1,72,,160114,19,,,1,34,,160106,19,,,1,71,,160123,19,,,1,33,,160115,19,,,1,67,,160107,19,,,1,32,,160124,19,,,1,68,,160116,19,,,1,29,,160108,19,,,1,68,,160125,19,,,1,31,,160117,19,,,1,73,,160109,19,,,1,27,,160126,19,,,1,67,,160118,19,,,1,27,,160110,19,,,1,72,,160127,19,,,1,30,,160119,19,,,1
71100,'H50M000I-70-I',827,,160136,19,,,1,32,,160128,19,,,1,68,,160145,19,,,1,73,,160137,19,,,1,34,,160129,19,,,1,71,,160146,19,,,1,31,,160138,19,,,1,67,,160130,19,,,1,28,,160147,19,,,1,73,,160139,19,,,1,34,,160131,19,,,1,66,,160148,19,,,1,33,,160140,19,,,1,74,,160132,19,,,1,25,,160149,19,,,1,69,,160141,19,,,1,30,,160133,19,,,1,70,,160150,19,,,1,28,,160142,19,,,1,73,,160134,19,,,1,33,,160151,19,,,1,73,,160143,19,,,1,29,,160135,19,,,1,67,,160152,19,,,1,31,,160144,19,,,1
71100,'H50M100F-70-F1',827,,160160,19,,,1,32,,160153,19,,,1,68,,160168,19,,,1,73,,160161,19,,,1,34,,160154,19,,,1,71,,160171,19,,,1,31,,160162,19,,,1,67,,160155,19,,,1,28,,160172,19,,,1,73,,160163,19,,,1,34,,160156,19,,,1,66,,160173,19,,,1,33,,160164,19,,,1,74,,160157,19,,,1,25,,160174,19,,,1,69,,160165,19,,,1,30,,160158,19,,,1,70,,160175,19,,,1,28,,160170,19,,,1,73,,160169,19,,,1,33,,160176,19,,,1,73,,160166,19,,,1,29,,160159,19,,,1,67,,160177,19,,,1,31,,160167,19,,,1
71100,'H50M200F-70-F2',827,,160186,19,,,1,32,,160178,19,,,1,68,,160195,19,,,1,73,,160187,19,,,1,34,,160179,19,,,1,71,,160200,19,,,1,31,,160188,19,,,1,67,,160180,19,,,1,28,,160196,19,,,1,73,,160189,19,,,1,34,,160181,19,,,1,66,,160197,19,,,1,33,,160190,19,,,1,74,,160184,19,,,1,25,,160201,19,,,1,69,,160191,19,,,1,30,,160182,19,,,1,70,,160198,19,,,1,28,,160192,19,,,1,73,,160183,19,,,1,33,,160199,19,,,1,73,,160193,19,,,1,29,,160185,19,,,1,67,,160202,19,,,1,31,,160194,19,,,1
71100,'H50M300F-70-F3',827,,160211,19,,,1,32,,160203,19,,,1,68,,160220,19,,,1,73,,160212,19,,,1,34,,160204,19,,,1,71,,160221,19,,,1,31,,160213,19,,,1,67,,160205,19,,,1,28,,160222,19,,,1,73,,160214,19,,,1,34,,160206,19,,,1,66,,160223,19,,,1,33,,160215,19,,,1,74,,160207,19,,,1,25,,160224,19,,,1,69,,160216,19,,,1,30,,160208,19,,,1,70,,160225,19,,,1,28,,160217,19,,,1,73,,160209,19,,,1,33,,160226,19,,,1,73,,160218,19,,,1,29,,160210,19,,,1,67,,160227,19,,,1,31,,160219,19,,,1
