16402,'H50J000S-83-S',722,,55179,17,0,10,1
16402,'H50JV00S-82-S',722,,55180,17,0,10,1
16402,'H51J000S-80-S',1435,,55181,17,0,10,1
16402,'H51JV00S-84-S',1435,,55182,17,0,10,1
16402,'H58J000S-81-S',759,,55183,17,0,10,2,699,,55184,17,0,10,2
16402,'H58J000S-83-S',759,,55185,17,0,10,2,699,,55186,17,0,10,2
16402,'H58JV00S-82-S',759,,55187,17,0,10,2,699,,55188,17,0,10,2
16402,'H60J000A-80-A',547,,55190,17,0,10,2,75,,55203,17,0,10,1,36,,55191,17,0,10,1,77,,55189,17,0,10,2,77,,55204,17,0,10,1,37,,55215,17,0,10,1,75,,55193,17,0,10,1,31,,55205,17,0,10,1,70,,55216,17,0,10,1,29,,55194,17,0,10,1,69,,55206,17,0,10,1,30,,55217,17,0,10,1,69,,55195,17,0,10,1,29,,55207,17,0,10,1,71,,55218,17,0,10,1,32,,55196,17,0,10,1,73,,55208,17,0,10,1,73,,55219,17,0,10,1,33,,55197,17,0,10,1,73,,55209,17,0,10,1,31,,55220,17,0,10,1,70,,55198,17,0,10,1,30,,55210,17,0,10,1,67,,55221,17,0,10,1,18,,55227,17,0,10,1,19,,55199,17,0,10,1,64,,55211,17,0,10,1,29,,55222,17,0,10,1,70,,55200,17,0,10,1,30,,55212,17,0,10,1,69,,55223,17,0,10,1,30,,55201,17,0,10,1,70,,55213,17,0,10,1,30,,55224,17,0,10,1,70,,55202,17,0,10,1,31,,55214,17,0,10,1,70,,55225,17,0,10,1,30,,55228,17,0,10,1,70,,55229,17,0,10,1,30,,55192,17,0,10,1,71,,55226,17,0,10,1
16402,'H60J000I-80-I',543,,55230,17,0,10,1,76,,55244,17,0,10,2,36,,55231,17,0,10,1,77,,55245,17,0,10,2,80,,55232,17,0,10,1,39,,55246,17,0,10,2,78,,55233,17,0,10,1,30,,55259,17,0,10,1,69,,55247,17,0,10,2,29,,55234,17,0,10,1,69,,55260,17,0,10,1,28,,55248,17,0,10,2,68,,55235,17,0,10,1,28,,55261,17,0,10,1,69,,55249,17,0,10,2,29,,55236,17,0,10,1,69,,55262,17,0,10,1,29,,55250,17,0,10,2,69,,55237,17,0,10,1,29,,55263,17,0,10,1,70,,55251,17,0,10,2,29,,55238,17,0,10,1,69,,55264,17,0,10,1,29,,55252,17,0,10,2,68,,55239,17,0,10,1,28,,55265,17,0,10,1,68,,55253,17,0,10,2,29,,55240,17,0,10,1,69,,55266,17,0,10,1,29,,55254,17,0,10,2,69,,55241,17,0,10,1,28,,55267,17,0,10,1,28,,55255,17,0,10,2,67,,55242,17,0,10,1,29,,55268,17,0,10,1,72,,55256,17,0,10,2,32,,55243,17,0,10,1,72,,55257,17,0,10,2,72,,55258,17,0,10,1,30,,55269,17,0,10,2
16402,'H60J000S-98-S',548,,55271,17,0,10,1,73,,55272,17,0,10,1,28,,55275,17,0,10,1,94,,55278,17,0,10,1,77,,55283,17,0,10,1,28,,55288,17,0,10,1,69,,55279,17,0,10,1,25,,55293,17,0,10,1,66,,55284,17,0,10,1,27,,55289,17,0,10,1,23,,55280,17,0,10,1,64,,55294,17,0,10,1,27,,55285,17,0,10,1,66,,55290,17,0,10,1,22,,55281,17,0,10,1,19,,55295,17,0,10,1,59,,55297,17,0,10,1,18,,55286,17,0,10,1,21,,55291,17,0,10,1,59,,55282,17,0,10,1,102,,55298,17,0,10,1,21,,55306,17,0,10,1,16,,55292,17,0,10,1,54,,55310,17,0,10,2,13,,55311,17,0,10,1,14,,55313,17,0,10,2,11,,55273,17,0,10,1,10,,55301,17,0,10,1,52,,55312,17,0,10,1,11,,55299,17,0,10,1,10,,55309,17,0,10,2,11,,55316,17,0,10,1,11,,55315,17,0,10,2,51,,55296,17,0,10,1,13,,55287,17,0,10,1,13,,55314,17,0,10,2,14,,55302,17,0,10,1,14,,55300,17,0,10,1,63,,55317,17,0,10,1,26,,55307,17,0,10,1,69,,55303,17,0,10,1,29,,55318,17,0,10,1,70,,55308,17,0,10,1,31,,55304,17,0,10,1,71,,55319,17,0,10,1,32,,55274,17,0,10,1,72,,55305,17,0,10,1,33,,55320,17,0,10,1,73,,55276,17,0,10,1,79,,55270,17,0,10,1,39,,55277,17,0,10,1
16402,'H60JV00A-80-A',547,,55361,17,0,10,2,75,,55346,17,0,10,1,36,,55322,17,0,10,1,77,,55358,17,0,10,2,77,,55347,17,0,10,1,37,,55334,17,0,10,1,75,,55324,17,0,10,1,31,,55348,17,0,10,1,70,,55335,17,0,10,1,29,,55325,17,0,10,1,69,,55349,17,0,10,1,30,,55336,17,0,10,1,69,,55326,17,0,10,1,29,,55350,17,0,10,1,71,,55337,17,0,10,1,32,,55327,17,0,10,1,73,,55351,17,0,10,1,73,,55338,17,0,10,1,33,,55328,17,0,10,1,73,,55352,17,0,10,1,31,,55339,17,0,10,1,70,,55329,17,0,10,1,30,,55353,17,0,10,1,67,,55340,17,0,10,1,18,,55321,17,0,10,1,19,,55330,17,0,10,1,64,,55354,17,0,10,1,29,,55341,17,0,10,1,70,,55331,17,0,10,1,30,,55355,17,0,10,1,69,,55342,17,0,10,1,30,,55332,17,0,10,1,70,,55356,17,0,10,1,30,,55343,17,0,10,1,70,,55333,17,0,10,1,31,,55357,17,0,10,1,70,,55344,17,0,10,1,30,,55323,17,0,10,1,70,,55360,17,0,10,1,30,,55359,17,0,10,1,71,,55345,17,0,10,1
16402,'H60JV00I-80-I',543,,55362,17,0,10,1,76,,55376,17,0,10,2,36,,55363,17,0,10,1,77,,55377,17,0,10,2,80,,55364,17,0,10,1,39,,55378,17,0,10,2,78,,55365,17,0,10,1,30,,55389,17,0,10,1,69,,55379,17,0,10,2,29,,55366,17,0,10,1,69,,55390,17,0,10,1,28,,55380,17,0,10,2,68,,55367,17,0,10,1,28,,55391,17,0,10,1,69,,55381,17,0,10,2,29,,55368,17,0,10,1,69,,55392,17,0,10,1,29,,55382,17,0,10,2,69,,55369,17,0,10,1,29,,55393,17,0,10,1,70,,55383,17,0,10,2,29,,55370,17,0,10,1,69,,55394,17,0,10,1,29,,55384,17,0,10,2,68,,55371,17,0,10,1,28,,55395,17,0,10,1,68,,55385,17,0,10,2,29,,55372,17,0,10,1,69,,55396,17,0,10,1,29,,55386,17,0,10,2,69,,55373,17,0,10,1,28,,55397,17,0,10,1,28,,55387,17,0,10,2,67,,55374,17,0,10,1,29,,55398,17,0,10,1,72,,55388,17,0,10,2,32,,55375,17,0,10,1,72,,55401,17,0,10,2,72,,55399,17,0,10,1,30,,55400,17,0,10,2
16402,'H60JV00S-98-S',548,,55408,17,0,10,1,73,,55446,17,0,10,1,28,,55410,17,0,10,1,94,,55409,17,0,10,1,77,,55403,17,0,10,1,28,,55415,17,0,10,1,69,,55411,17,0,10,1,25,,55420,17,0,10,1,66,,55404,17,0,10,1,27,,55416,17,0,10,1,23,,55412,17,0,10,1,64,,55421,17,0,10,1,27,,55405,17,0,10,1,66,,55417,17,0,10,1,22,,55413,17,0,10,1,19,,55422,17,0,10,1,59,,55424,17,0,10,1,18,,55406,17,0,10,1,21,,55418,17,0,10,1,59,,55414,17,0,10,1,102,,55425,17,0,10,1,21,,55443,17,0,10,1,16,,55419,17,0,10,1,54,,55433,17,0,10,1,13,,55444,17,0,10,1,14,,55434,17,0,10,2,11,,55447,17,0,10,1,10,,55428,17,0,10,1,52,,55449,17,0,10,1,11,,55426,17,0,10,1,10,,55402,17,0,10,2,11,,55438,17,0,10,1,11,,55407,17,0,10,2,51,,55423,17,0,10,1,13,,55448,17,0,10,1,13,,55435,17,0,10,2,14,,55429,17,0,10,1,14,,55427,17,0,10,1,63,,55439,17,0,10,1,26,,55436,17,0,10,1,69,,55430,17,0,10,1,29,,55440,17,0,10,1,70,,55437,17,0,10,1,31,,55431,17,0,10,1,71,,55441,17,0,10,1,32,,55450,17,0,10,1,72,,55432,17,0,10,1,33,,55442,17,0,10,1,73,,55451,17,0,10,1,79,,55445,17,0,10,1,39,,55452,17,0,10,1
