3501,'H56M000A-70-A',605,,96668,9,,,1,29,,96670,9,,,1,69,,96666,9,,,1,29,,96672,9,,,1,70,,96669,9,,,1,31,,96671,9,,,1,70,,96667,9,,,1,32,,96673,9,,,1,72,,96663,9,,,1,34,,96652,9,,,1,72,,96640,9,,,1,30,,96646,9,,,1,70,,96664,9,,,1,31,,96653,9,,,1,71,,96641,9,,,1,30,,96647,9,,,1,71,,96659,9,,,1,31,,96654,9,,,1,70,,96642,9,,,1,31,,96648,9,,,1,72,,96660,9,,,1,31,,96655,9,,,1,70,,96643,9,,,1,31,,96649,9,,,1,71,,96661,9,,,1,28,,96656,9,,,1,69,,96644,9,,,1,28,,96650,9,,,1,68,,96662,9,,,1,25,,96657,9,,,1,70,,96645,9,,,1,29,,96651,9,,,1,69,,96665,9,,,1,30,,96658,9,,,1
3501,'H56M000I-70-I',604,,96695,9,,,1,29,,96706,9,,,1,71,,96690,9,,,1,31,,96701,9,,,1,72,,96704,9,,,1,31,,96707,9,,,1,70,,96703,9,,,1,30,,96702,9,,,1,70,,96705,9,,,1,30,,96693,9,,,1,73,,96692,9,,,1,30,,96674,9,,,1,69,,96694,9,,,1,30,,96680,9,,,1,71,,96685,9,,,1,30,,96675,9,,,1,70,,96696,9,,,1,30,,96681,9,,,1,70,,96686,9,,,1,30,,96676,9,,,1,70,,96697,9,,,1,30,,96682,9,,,1,68,,96687,9,,,1,29,,96677,9,,,1,71,,96698,9,,,1,30,,96683,9,,,1,70,,96688,9,,,1,29,,96678,9,,,1,70,,96699,9,,,1,30,,96684,9,,,1,70,,96689,9,,,1,30,,96679,9,,,1,71,,96700,9,,,1,30,,96691,9,,,1
3501,'H56M000S-70-S',611,,96718,9,,,1,31,,96709,9,,,1,68,,96745,9,,,1,28,,96722,9,,,1,63,,96723,9,,,2,21,,96719,9,,,1,22,,96724,9,,,1,63,,96710,9,,,1,24,,96727,9,,,1,18,,96746,9,,,2,59,,96715,9,,,1,22,,96747,9,,,1,25,,96725,9,,,1,69,,96711,9,,,1,29,,96744,9,,,1,70,,96749,9,,,1,29,,96748,9,,,1,69,,96726,9,,,1,29,,96731,9,,,2,65,,96728,9,,,1,28,,96741,9,,,1,66,,96743,9,,,1,22,,96720,9,,,1,21,,96716,9,,,1,64,,96732,9,,,2,21,,96729,9,,,1,20,,96712,9,,,1,58,,96742,9,,,1,18,,96734,9,,,1,18,,96721,9,,,1,62,,96717,9,,,1,16,,96738,9,,,2,17,,96733,9,,,2,57,,96730,9,,,1,20,,96713,9,,,1,22,,96735,9,,,1,71,,96736,9,,,2,33,,96739,9,,,2,73,,96714,9,,,1,31,,96708,9,,,1,70,,96737,9,,,2,30,,96740,9,,,2
3501,'H56M100F-70-F1',604,,96760,9,,,1,29,,96780,9,,,1,71,,96782,9,,,2,31,,96772,9,,,1,72,,96765,9,,,1,31,,96781,9,,,1,70,,96776,9,,,1,30,,96773,9,,,1,70,,96766,9,,,1,30,,96778,9,,,1,73,,96777,9,,,1,30,,96750,9,,,1,69,,96779,9,,,1,30,,96767,9,,,1,71,,96756,9,,,2,30,,96751,9,,,1,70,,96762,9,,,1,30,,96768,9,,,1,70,,96757,9,,,2,30,,96752,9,,,1,70,,96763,9,,,1,30,,96769,9,,,1,68,,96758,9,,,2,29,,96753,9,,,1,71,,96764,9,,,1,30,,96770,9,,,1,70,,96759,9,,,2,29,,96754,9,,,1,70,,96774,9,,,1,30,,96771,9,,,1,70,,96761,9,,,2,30,,96755,9,,,1,71,,96775,9,,,1,30,,96783,9,,,1
3501,'H56M200F-70-F2',604,,96795,9,,,1,29,,96814,9,,,1,71,,96816,9,,,2,31,,96806,9,,,1,72,,96799,9,,,1,31,,96815,9,,,1,70,,96810,9,,,1,30,,96807,9,,,1,70,,96800,9,,,1,30,,96812,9,,,1,73,,96811,9,,,1,30,,96784,9,,,1,69,,96813,9,,,1,30,,96801,9,,,1,71,,96790,9,,,2,30,,96785,9,,,1,70,,96796,9,,,1,30,,96802,9,,,1,70,,96791,9,,,2,30,,96786,9,,,1,70,,96797,9,,,1,30,,96803,9,,,1,68,,96792,9,,,2,29,,96787,9,,,1,71,,96798,9,,,1,30,,96804,9,,,1,70,,96793,9,,,2,29,,96788,9,,,1,70,,96808,9,,,1,30,,96805,9,,,1,70,,96794,9,,,2,30,,96789,9,,,1,71,,96809,9,,,1,30,,96817,9,,,1
3501,'H56M300F-70-F3',604,,96839,9,,,1,29,,96850,9,,,1,71,,96834,9,,,1,31,,96845,9,,,1,72,,96848,9,,,1,31,,96851,9,,,1,70,,96847,9,,,1,30,,96846,9,,,1,70,,96849,9,,,1,30,,96837,9,,,1,73,,96836,9,,,1,30,,96818,9,,,1,69,,96838,9,,,1,30,,96824,9,,,1,71,,96829,9,,,1,30,,96819,9,,,1,70,,96840,9,,,1,30,,96825,9,,,1,70,,96830,9,,,1,30,,96820,9,,,1,70,,96841,9,,,1,30,,96826,9,,,1,68,,96831,9,,,1,29,,96821,9,,,1,71,,96842,9,,,1,30,,96827,9,,,1,70,,96832,9,,,1,29,,96822,9,,,1,70,,96843,9,,,1,30,,96828,9,,,1,70,,96833,9,,,1,30,,96823,9,,,1,71,,96844,9,,,1,30,,96835,9,,,1
3501,'H57M000S-70-S',544,,96852,9,,,1
10701,'H56M000A-70-A',527,,121808,7,,,2,30,,121819,7,,,1,72,,121830,7,,,1,73,,121809,7,,,2,31,,121820,7,,,1,26,,121840,7,,,2,67,,121831,7,,,1,27,,121810,7,,,2,69,,121821,7,,,1,29,,121841,7,,,2,69,,121832,7,,,1,29,,121811,7,,,2,69,,121822,7,,,1,29,,121842,7,,,2,70,,121833,7,,,1,31,,121812,7,,,2,70,,121823,7,,,1,30,,121843,7,,,2,70,,121834,7,,,1,30,,121813,7,,,2,70,,121824,7,,,1,30,,121844,7,,,2,70,,121835,7,,,1,30,,121814,7,,,2,70,,121825,7,,,1,30,,121845,7,,,2,70,,121836,7,,,1,30,,121815,7,,,2,70,,121826,7,,,1,30,,121846,7,,,2,70,,121837,7,,,1,30,,121816,7,,,2,70,,121827,7,,,1,30,,121847,7,,,2,70,,121838,7,,,1,30,,121817,7,,,2,70,,121828,7,,,1,30,,121848,7,,,2,70,,121839,7,,,1,31,,121818,7,,,2,70,,121829,7,,,1,26,,121807,7,,,2
10701,'H56M000I-70-I',527,,121855,7,,,2,30,,121854,7,,,1,72,,121866,7,,,2,73,,121856,7,,,2,30,,121876,7,,,1,69,,121867,7,,,2,26,,121885,7,,,1,27,,121857,7,,,2,68,,121877,7,,,1,29,,121868,7,,,2,69,,121886,7,,,1,29,,121858,7,,,2,69,,121878,7,,,1,29,,121869,7,,,2,70,,121887,7,,,1,30,,121859,7,,,2,70,,121879,7,,,1,30,,121870,7,,,2,69,,121888,7,,,1,29,,121860,7,,,2,69,,121880,7,,,1,29,,121871,7,,,2,70,,121889,7,,,1,31,,121861,7,,,2,71,,121881,7,,,1,31,,121872,7,,,2,71,,121850,7,,,1,30,,121862,7,,,2,70,,121882,7,,,1,30,,121873,7,,,2,70,,121851,7,,,1,30,,121863,7,,,2,70,,121883,7,,,1,30,,121874,7,,,2,70,,121852,7,,,1,30,,121864,7,,,2,70,,121884,7,,,1,30,,121875,7,,,2,70,,121853,7,,,1,31,,121865,7,,,2,70,,121849,7,,,1
10701,'H56M000S-70-S',536,,121902,7,,,2,18,,121895,7,,,1,60,,121904,7,,,2,21,,121909,7,,,2,21,,121910,7,,,2,61,,121903,7,,,2,21,,121896,7,,,1,20,,121911,7,,,1,60,,121943,7,,,1,24,,121936,7,,,1,65,,121905,7,,,1,27,,121897,7,,,1,68,,121912,7,,,1,29,,121937,7,,,1,28,,121906,7,,,1,67,,121898,7,,,1,27,,121913,7,,,1,69,,121938,7,,,1,29,,121907,7,,,1,69,,121899,7,,,1,27,,121914,7,,,1,69,,121939,7,,,1,29,,121908,7,,,1,61,,121891,7,,,1,12,,121900,7,,,1,11,,121894,7,,,1,12,,121915,7,,,1,64,,121890,7,,,1,12,,121940,7,,,1,12,,121942,7,,,1,13,,121931,7,,,1,11,,121893,7,,,1,52,,121917,7,,,2,12,,121901,7,,,1,11,,121926,7,,,1,12,,121916,7,,,1,12,,121892,7,,,2,51,,121922,7,,,2,15,,121941,7,,,1,22,,121932,7,,,1,66,,121918,7,,,2,27,,121927,7,,,1,67,,121923,7,,,2,27,,121933,7,,,1,28,,121919,7,,,2,68,,121928,7,,,1,28,,121924,7,,,2,68,,121934,7,,,1,28,,121920,7,,,2,69,,121929,7,,,1,29,,121925,7,,,2,70,,121935,7,,,1,30,,121921,7,,,2,72,,121930,7,,,1
10701,'H56M100F-70-F1',527,,121949,7,,,2,30,,121960,7,,,1,72,,121970,7,,,2,73,,121950,7,,,2,30,,121961,7,,,1,69,,121971,7,,,2,26,,121980,7,,,1,27,,121951,7,,,2,68,,121962,7,,,1,29,,121972,7,,,2,69,,121981,7,,,1,29,,121952,7,,,2,69,,121963,7,,,1,29,,121973,7,,,2,70,,121982,7,,,1,30,,121953,7,,,2,70,,121964,7,,,1,30,,121975,7,,,2,69,,121983,7,,,1,29,,121954,7,,,2,69,,121965,7,,,1,29,,121974,7,,,2,70,,121984,7,,,1,31,,121955,7,,,2,71,,121966,7,,,1,31,,121976,7,,,2,71,,121946,7,,,1,30,,121956,7,,,2,70,,121967,7,,,1,30,,121977,7,,,2,70,,121947,7,,,1,30,,121957,7,,,2,70,,121968,7,,,1,30,,121978,7,,,2,70,,121948,7,,,1,30,,121958,7,,,2,70,,121969,7,,,1,30,,121979,7,,,2,70,,121944,7,,,1,31,,121959,7,,,2,70,,121945,7,,,1
10701,'H56M200F-70-F2',527,,121990,7,,,2,30,,122001,7,,,1,72,,122011,7,,,2,73,,121991,7,,,2,30,,122002,7,,,1,69,,122012,7,,,2,26,,122021,7,,,1,27,,121992,7,,,2,68,,122003,7,,,1,29,,122013,7,,,2,69,,122022,7,,,1,29,,121993,7,,,2,69,,122004,7,,,1,29,,122014,7,,,2,70,,122023,7,,,1,30,,121994,7,,,2,70,,122005,7,,,1,30,,122015,7,,,2,69,,122024,7,,,1,29,,121995,7,,,2,69,,122006,7,,,1,29,,122016,7,,,2,70,,122025,7,,,1,31,,121996,7,,,2,71,,122007,7,,,1,31,,122017,7,,,2,71,,121987,7,,,1,30,,121997,7,,,2,70,,122008,7,,,1,30,,122018,7,,,2,70,,121988,7,,,1,30,,121998,7,,,2,70,,122009,7,,,1,30,,122019,7,,,2,70,,121989,7,,,1,30,,121999,7,,,2,70,,122010,7,,,1,30,,122020,7,,,2,70,,121985,7,,,1,31,,122000,7,,,2,70,,121986,7,,,1
10701,'H56M300F-70-F3',527,,122032,7,,,2,30,,122031,7,,,1,72,,122043,7,,,2,73,,122033,7,,,2,30,,122053,7,,,1,69,,122044,7,,,2,26,,122062,7,,,1,27,,122035,7,,,2,68,,122054,7,,,1,29,,122045,7,,,2,69,,122063,7,,,1,29,,122034,7,,,2,69,,122055,7,,,1,29,,122046,7,,,2,70,,122064,7,,,1,30,,122036,7,,,2,70,,122056,7,,,1,30,,122047,7,,,2,69,,122065,7,,,1,29,,122037,7,,,2,69,,122057,7,,,1,29,,122048,7,,,2,70,,122066,7,,,1,31,,122038,7,,,2,71,,122058,7,,,1,31,,122049,7,,,2,71,,122027,7,,,1,30,,122039,7,,,2,70,,122059,7,,,1,30,,122050,7,,,2,70,,122028,7,,,1,30,,122040,7,,,2,70,,122060,7,,,1,30,,122052,7,,,2,70,,122029,7,,,1,30,,122041,7,,,2,70,,122061,7,,,1,30,,122051,7,,,2,70,,122030,7,,,1,31,,122042,7,,,2,70,,122026,7,,,1
10701,'H57M000S-70-S',1553,,122067,7,,,1
