18502,'H54J000S-83-S',833,,62012,21,0,10,1,201,,62013,21,0,10,1
18502,'H54JV00S-80-S',833,,62014,21,0,10,1,201,,62015,21,0,10,1
18502,'H59J000A-80-A',531,,62020,21,0,10,1,73,,62022,21,0,10,2,33,,62030,21,0,10,1,77,,62034,21,0,10,1,32,,62038,21,0,10,1,71,,62042,21,0,10,1,31,,62035,21,0,10,1,72,,62039,21,0,10,1,31,,62043,21,0,10,1,72,,62036,21,0,10,1,31,,62040,21,0,10,1,73,,62044,21,0,10,1,75,,62037,21,0,10,1,31,,62041,21,0,10,1,69,,62052,21,0,10,2,29,,62045,21,0,10,1,69,,62031,21,0,10,1,28,,62023,21,0,10,1,27,,62053,21,0,10,2,68,,62046,21,0,10,1,29,,62032,21,0,10,1,70,,62024,21,0,10,1,29,,62054,21,0,10,2,69,,62047,21,0,10,1,28,,62033,21,0,10,1,69,,62025,21,0,10,1,29,,62021,21,0,10,1,68,,62048,21,0,10,1,26,,62016,21,0,10,1,71,,62026,21,0,10,1,31,,62049,21,0,10,1,71,,62017,21,0,10,1,31,,62027,21,0,10,1,71,,62050,21,0,10,1,30,,62018,21,0,10,1,71,,62028,21,0,10,1,30,,62051,21,0,10,1,69,,62019,21,0,10,1,29,,62029,21,0,10,1
18502,'H59J000I-80-I',532,,62055,21,0,10,1,71,,62067,21,0,10,1,29,,62074,21,0,10,1,69,,62056,21,0,10,1,30,,62068,21,0,10,1,69,,62075,21,0,10,1,31,,62057,21,0,10,1,72,,62069,21,0,10,1,31,,62076,21,0,10,1,72,,62058,21,0,10,1,34,,62070,21,0,10,1,73,,62077,21,0,10,1,32,,62059,21,0,10,1,73,,62071,21,0,10,1,32,,62078,21,0,10,1,72,,62086,21,0,10,2,30,,62060,21,0,10,1,70,,62072,21,0,10,1,31,,62079,21,0,10,1,70,,62087,21,0,10,2,30,,62061,21,0,10,1,70,,62073,21,0,10,1,29,,62080,21,0,10,1,72,,62088,21,0,10,2,33,,62062,21,0,10,1,72,,62081,21,0,10,1,72,,62089,21,0,10,2,31,,62063,21,0,10,1,69,,62082,21,0,10,1,29,,62090,21,0,10,2,70,,62064,21,0,10,1,29,,62083,21,0,10,1,26,,62091,21,0,10,2,69,,62065,21,0,10,1,29,,62084,21,0,10,1,68,,62092,21,0,10,2,26,,62066,21,0,10,1,67,,62085,21,0,10,1,30,,62093,21,0,10,2
18502,'H59J000S-81-S',530,,62096,21,0,10,1,29,,62108,21,0,10,1,70,,62110,21,0,10,1,71,,62112,21,0,10,1,16,,62102,21,0,10,1,22,,62109,21,0,10,1,20,,62124,21,0,10,1,61,,62117,21,0,10,1,27,,62122,21,0,10,1,60,,62113,21,0,10,1,28,,62097,21,0,10,1,70,,62125,21,0,10,1,99,,62114,21,0,10,1,29,,62098,21,0,10,1,70,,62126,21,0,10,1,28,,62129,21,0,10,1,28,,62115,21,0,10,1,67,,62099,21,0,10,1,27,,62127,21,0,10,1,67,,62130,21,0,10,1,28,,62116,21,0,10,1,68,,62100,21,0,10,1,30,,62128,21,0,10,1,71,,62131,21,0,10,1,30,,62137,21,0,10,2,69,,62101,21,0,10,1,30,,62103,21,0,10,1,71,,62132,21,0,10,1,28,,62138,21,0,10,2,69,,62118,21,0,10,1,31,,62104,21,0,10,1,72,,62133,21,0,10,1,30,,62119,21,0,10,1,71,,62105,21,0,10,1,30,,62134,21,0,10,1,69,,62120,21,0,10,1,29,,62106,21,0,10,1,70,,62135,21,0,10,1,30,,62121,21,0,10,1,70,,62107,21,0,10,1,32,,62136,21,0,10,1
18502,'H59JV00A-80-A',531,,62141,21,0,10,1,73,,62157,21,0,10,2,33,,62140,21,0,10,1,77,,62149,21,0,10,1,32,,62171,21,0,10,1,71,,62158,21,0,10,1,31,,62150,21,0,10,1,72,,62172,21,0,10,1,31,,62159,21,0,10,1,72,,62151,21,0,10,1,31,,62173,21,0,10,1,73,,62160,21,0,10,1,75,,62152,21,0,10,1,31,,62174,21,0,10,1,69,,62175,21,0,10,2,29,,62161,21,0,10,1,69,,62146,21,0,10,1,28,,62164,21,0,10,1,27,,62176,21,0,10,2,68,,62162,21,0,10,1,29,,62147,21,0,10,1,70,,62165,21,0,10,1,29,,62177,21,0,10,2,69,,62163,21,0,10,1,28,,62148,21,0,10,1,69,,62166,21,0,10,1,29,,62139,21,0,10,1,68,,62153,21,0,10,1,26,,62142,21,0,10,1,71,,62167,21,0,10,1,31,,62154,21,0,10,1,71,,62143,21,0,10,1,31,,62168,21,0,10,1,71,,62155,21,0,10,1,30,,62144,21,0,10,1,71,,62169,21,0,10,1,30,,62156,21,0,10,1,69,,62145,21,0,10,1,29,,62170,21,0,10,1
18502,'H59JV00I-80-I',532,,62183,21,0,10,1,71,,62210,21,0,10,1,29,,62203,21,0,10,1,69,,62184,21,0,10,1,30,,62211,21,0,10,1,69,,62204,21,0,10,1,31,,62185,21,0,10,1,72,,62212,21,0,10,1,31,,62205,21,0,10,1,72,,62186,21,0,10,1,34,,62213,21,0,10,1,73,,62206,21,0,10,1,32,,62187,21,0,10,1,73,,62214,21,0,10,1,32,,62207,21,0,10,1,72,,62195,21,0,10,2,30,,62188,21,0,10,1,70,,62215,21,0,10,1,31,,62208,21,0,10,1,70,,62196,21,0,10,2,30,,62189,21,0,10,1,70,,62216,21,0,10,1,29,,62209,21,0,10,1,72,,62197,21,0,10,2,33,,62190,21,0,10,1,72,,62178,21,0,10,1,72,,62198,21,0,10,2,31,,62191,21,0,10,1,69,,62179,21,0,10,1,29,,62199,21,0,10,2,70,,62192,21,0,10,1,29,,62180,21,0,10,1,26,,62200,21,0,10,2,69,,62193,21,0,10,1,29,,62181,21,0,10,1,68,,62201,21,0,10,2,26,,62194,21,0,10,1,67,,62182,21,0,10,1,30,,62202,21,0,10,2
18502,'H59JV00S-83-S',530,,62248,21,0,10,1,29,,62230,21,0,10,1,70,,62228,21,0,10,1,71,,62256,21,0,10,1,16,,62223,21,0,10,1,22,,62231,21,0,10,1,20,,62232,21,0,10,1,61,,62219,21,0,10,1,27,,62220,21,0,10,1,60,,62257,21,0,10,1,28,,62249,21,0,10,1,70,,62233,21,0,10,1,99,,62258,21,0,10,1,29,,62250,21,0,10,1,70,,62234,21,0,10,1,28,,62221,21,0,10,1,28,,62259,21,0,10,1,67,,62251,21,0,10,1,27,,62235,21,0,10,1,67,,62222,21,0,10,1,28,,62260,21,0,10,1,68,,62252,21,0,10,1,30,,62236,21,0,10,1,71,,62237,21,0,10,1,30,,62254,21,0,10,2,69,,62253,21,0,10,1,30,,62243,21,0,10,1,71,,62238,21,0,10,1,28,,62255,21,0,10,2,69,,62224,21,0,10,1,31,,62244,21,0,10,1,72,,62239,21,0,10,1,30,,62225,21,0,10,1,71,,62245,21,0,10,1,30,,62240,21,0,10,1,69,,62226,21,0,10,1,29,,62246,21,0,10,1,70,,62241,21,0,10,1,30,,62227,21,0,10,1,70,,62247,21,0,10,1,32,,62242,21,0,10,1
36402,'H54J000A-80-A',2507,,75410,35,0,10,1,45,,75409,35,0,10,1,86,,75412,35,0,10,1,85,,75411,35,0,10,1,85,,75414,35,0,10,2,39,,75413,35,0,10,1
36402,'H54J000I-80-I',2507,,75415,35,0,10,1,45,,75416,35,0,10,2,85,,75419,35,0,10,1,86,,75417,35,0,10,1,84,,75418,35,0,10,1
36402,'H54J000S-83-S',2507,,75421,35,0,10,1,47,,75424,35,0,10,2,84,,75420,35,0,10,1,86,,75423,35,0,10,2,84,,75422,35,0,10,1
36402,'H54JV00A-80-A',2507,,75429,35,0,10,1,45,,75426,35,0,10,1,86,,75430,35,0,10,1,85,,75427,35,0,10,1,85,,75428,35,0,10,2,39,,75425,35,0,10,1
36402,'H54JV00I-80-I',2507,,75433,35,0,10,1,45,,75431,35,0,10,2,85,,75435,35,0,10,1,86,,75432,35,0,10,1,84,,75434,35,0,10,1
36402,'H54JV00S-80-S',2507,,75437,35,0,10,1,47,,75440,35,0,10,1,84,,75436,35,0,10,1,86,,75439,35,0,10,2,84,,75438,35,0,10,1
37002,'H51J000A-82-A',2551,,75733,7,0,10,1,82,,75734,7,0,10,1,85,,75736,7,0,10,1,85,,75735,7,0,10,1,45,,75737,7,0,10,2
37002,'H51J000I-82-I',2503,,75742,7,0,10,1,45,,75740,7,0,10,2,85,,75738,7,0,10,1,85,,75743,7,0,10,1,85,,75741,7,0,10,2,46,,75739,7,0,10,1
37002,'H51J000S-80-S',2503,,75748,7,0,10,2,45,,75746,7,0,10,1,85,,75744,7,0,10,1,85,,75749,7,0,10,2,85,,75747,7,0,10,1,46,,75745,7,0,10,1
37002,'H51JV00A-80-A',2551,,75751,7,0,10,1,82,,75752,7,0,10,1,85,,75750,7,0,10,1,85,,75753,7,0,10,1,45,,75754,7,0,10,2
37002,'H51JV00I-80-I',2503,,75757,7,0,10,1,45,,75755,7,0,10,2,85,,75759,7,0,10,1,85,,75758,7,0,10,1,85,,75756,7,0,10,2,46,,75760,7,0,10,1
37002,'H51JV00S-84-S',2503,,75763,7,0,10,2,45,,75761,7,0,10,1,85,,75765,7,0,10,1,85,,75764,7,0,10,2,85,,75762,7,0,10,1,46,,75766,7,0,10,1
