2803,'H54U000A-80-A',510,,225289,17,0,8,2,33,,225285,17,0,8,1,72,,225294,17,0,8,2,32,,225290,17,0,8,2,72,,225286,17,0,8,1,32,,225295,17,0,8,2,72,,225291,17,0,8,2,32,,225287,17,0,8,1,72,,225296,17,0,8,2,32,,225292,17,0,8,2,72,,225288,17,0,8,1,72,,225297,17,0,8,2,28,,225293,17,0,8,2,26,,225307,17,0,8,1,68,,225316,17,0,8,1,31,,225298,17,0,8,2,72,,225308,17,0,8,1,72,,225317,17,0,8,1,32,,225299,17,0,8,2,72,,225309,17,0,8,1,32,,225318,17,0,8,1,72,,225300,17,0,8,2,32,,225310,17,0,8,1,72,,225319,17,0,8,1,32,,225301,17,0,8,2,72,,225311,17,0,8,1,33,,225320,17,0,8,1,73,,225302,17,0,8,2,33,,225312,17,0,8,1,73,,225321,17,0,8,1,73,,225303,17,0,8,2,33,,225313,17,0,8,1,73,,225322,17,0,8,1,33,,225304,17,0,8,2,73,,225314,17,0,8,1,33,,225323,17,0,8,1,73,,225305,17,0,8,2,33,,225315,17,0,8,1,73,,225324,17,0,8,1,33,,225306,17,0,8,2,73,,225325,17,0,8,1
2803,'H54U000I-80-I',509,,225327,17,0,8,1,25,,225332,17,0,8,1,71,,225335,17,0,8,2,31,,225328,17,0,8,1,71,,225333,17,0,8,1,32,,225336,17,0,8,2,71,,225329,17,0,8,1,32,,225334,17,0,8,1,72,,225337,17,0,8,2,32,,225330,17,0,8,1,73,,225349,17,0,8,1,25,,225347,17,0,8,2,68,,225338,17,0,8,2,31,,225350,17,0,8,1,71,,225348,17,0,8,2,32,,225339,17,0,8,2,72,,225351,17,0,8,1,32,,225359,17,0,8,2,73,,225340,17,0,8,2,33,,225352,17,0,8,1,73,,225360,17,0,8,2,73,,225341,17,0,8,2,33,,225353,17,0,8,1,73,,225361,17,0,8,2,33,,225342,17,0,8,2,73,,225354,17,0,8,1,33,,225362,17,0,8,2,73,,225343,17,0,8,2,33,,225355,17,0,8,1,73,,225363,17,0,8,2,33,,225344,17,0,8,2,73,,225356,17,0,8,1,72,,225364,17,0,8,2,31,,225345,17,0,8,2,73,,225357,17,0,8,1,33,,225365,17,0,8,2,73,,225346,17,0,8,2,33,,225358,17,0,8,1,71,,225326,17,0,8,1,34,,225331,17,0,8,1
2803,'H54U000S-81-S',511,,225367,17,0,8,1,31,,225366,17,0,8,1,16,,225385,17,0,8,2,54,,225378,17,0,8,1,14,,225394,17,0,8,2,12,,225392,17,0,8,2,11,,225400,17,0,8,1,52,,225397,17,0,8,1,9,,225407,17,0,8,2,9,,225393,17,0,8,1,10,,225386,17,0,8,2,9,,225405,17,0,8,2,10,,225404,17,0,8,2,11,,225395,17,0,8,2,57,,225380,17,0,8,1,17,,225398,17,0,8,1,23,,225387,17,0,8,2,70,,225396,17,0,8,2,30,,225381,17,0,8,1,69,,225388,17,0,8,2,31,,225368,17,0,8,1,70,,225382,17,0,8,1,31,,225389,17,0,8,2,72,,225369,17,0,8,1,28,,225383,17,0,8,1,69,,225390,17,0,8,2,28,,225370,17,0,8,1,70,,225384,17,0,8,1,31,,225391,17,0,8,2,71,,225371,17,0,8,1,31,,225411,17,0,8,1,71,,225413,17,0,8,2,20,,225419,4,0,8,2,10,,225372,17,0,8,1,56,,225421,4,0,8,2,14,,225373,17,0,8,1,13,,225418,4,0,8,2,14,,225414,17,0,8,2,58,,225377,4,0,8,1,12,,225420,17,0,8,2,16,,225409,4,0,8,1,15,,225374,17,0,8,1,70,,225415,17,0,8,2,30,,225401,17,0,8,1,71,,225375,17,0,8,1,31,,225416,17,0,8,2,70,,225402,17,0,8,1,29,,225376,17,0,8,1,71,,225417,17,0,8,2,30,,225403,17,0,8,1,70,,225422,17,0,8,2,29,,225408,17,0,8,1,70,,225412,17,0,8,1,30,,225423,17,0,8,2,70,,225399,17,0,8,1,28,,225410,17,0,8,1
2803,'H54U100F-80-F1',509,,225425,17,0,8,1,25,,225430,17,0,8,1,71,,225433,17,0,8,2,31,,225426,17,0,8,1,71,,225431,17,0,8,1,32,,225434,17,0,8,2,71,,225427,17,0,8,1,32,,225432,17,0,8,1,72,,225435,17,0,8,2,32,,225428,17,0,8,1,73,,225447,17,0,8,1,25,,225445,17,0,8,2,68,,225436,17,0,8,2,31,,225448,17,0,8,1,71,,225446,17,0,8,2,32,,225437,17,0,8,2,72,,225449,17,0,8,1,32,,225457,17,0,8,2,73,,225438,17,0,8,2,33,,225450,17,0,8,1,73,,225458,17,0,8,2,73,,225439,17,0,8,2,33,,225451,17,0,8,1,73,,225459,17,0,8,2,33,,225440,17,0,8,2,73,,225452,17,0,8,1,33,,225460,17,0,8,2,73,,225441,17,0,8,2,33,,225453,17,0,8,1,73,,225461,17,0,8,2,33,,225442,17,0,8,2,73,,225454,17,0,8,1,72,,225462,17,0,8,2,31,,225443,17,0,8,2,73,,225455,17,0,8,1,33,,225463,17,0,8,2,73,,225444,17,0,8,2,33,,225456,17,0,8,1,71,,225424,17,0,8,1,34,,225429,17,0,8,1
2803,'H54U200F-82-F2',509,,225464,17,0,8,1,22,,225476,17,0,8,2,20,,225486,17,0,8,1,60,,225497,17,0,8,2,18,,225465,17,0,8,1,18,,225489,17,0,8,1,64,,225475,17,0,8,1,32,,225498,17,0,8,2,72,,225490,17,0,8,1,32,,225503,17,0,8,1,71,,225499,17,0,8,2,30,,225491,17,0,8,1,71,,225504,17,0,8,1,25,,225466,17,0,8,1,65,,225477,17,0,8,2,32,,225492,17,0,8,1,72,,225467,17,0,8,1,32,,225478,17,0,8,2,72,,225493,17,0,8,1,33,,225468,17,0,8,1,73,,225479,17,0,8,2,33,,225494,17,0,8,1,73,,225469,17,0,8,1,73,,225480,17,0,8,2,33,,225495,17,0,8,1,73,,225470,17,0,8,1,33,,225481,17,0,8,2,73,,225496,17,0,8,1,33,,225471,17,0,8,1,73,,225482,17,0,8,2,33,,225500,17,0,8,1,73,,225472,17,0,8,1,33,,225483,17,0,8,2,73,,225501,17,0,8,1,72,,225473,17,0,8,1,31,,225484,17,0,8,2,73,,225505,17,0,8,1,33,,225474,17,0,8,1,73,,225485,17,0,8,2,33,,225502,17,0,8,1,71,,225487,17,0,8,1,34,,225488,17,0,8,2
36401,'H54U000A-80-A',2624,,277444,60,0,5,2,87,,277443,60,0,5,1,31,,277447,60,0,5,1,10,,277446,60,0,5,1,85,,277445,60,0,5,1,84,,277448,60,0,5,2
36401,'H54U000I-80-I',2620,,277450,60,0,5,2,86,,277453,60,0,5,1,31,,277454,60,0,5,1,71,,277451,60,0,5,1,32,,277449,60,0,5,1,81,,277452,60,0,5,1
36401,'H54U000S-81-S',2623,,277456,60,0,5,1,84,,277455,60,0,5,1,44,,277459,60,0,5,2,84,,277458,60,0,5,1,85,,277457,60,0,5,1
36401,'H54U100F-80-F1',2620,,277461,60,0,5,2,86,,277464,60,0,5,1,31,,277465,60,0,5,1,71,,277462,60,0,5,1,32,,277460,60,0,5,1,81,,277463,60,0,5,1
36401,'H54U200F-82-F2',2620,,277471,60,0,5,1,86,,277469,60,0,5,1,31,,277468,60,0,5,2,71,,277470,60,0,5,2,32,,277467,60,0,5,1,81,,277466,60,0,5,2
