17702,'H60U000A-85-A',639,,264566,29,0,10,1,67,,264579,29,0,10,2,20,,264595,29,0,10,2,17,,264591,29,0,10,2,66,,264567,29,0,10,1,31,,264580,29,0,10,2,71,,264592,29,0,10,2,29,,264568,29,0,10,1,69,,264581,29,0,10,2,30,,264593,29,0,10,2,69,,264569,29,0,10,1,31,,264582,29,0,10,2,71,,264594,29,0,10,2,31,,264570,29,0,10,1,68,,264583,29,0,10,2,27,,264598,29,0,10,1,67,,264601,29,0,10,2,25,,264571,29,0,10,1,26,,264584,29,0,10,2,73,,264599,29,0,10,1,73,,264573,29,0,10,1,30,,264585,29,0,10,2,71,,264602,29,0,10,2,31,,264572,29,0,10,1,70,,264604,29,0,10,2,29,,264603,29,0,10,2,70,,264596,29,0,10,1,30,,264574,29,0,10,1,70,,264586,29,0,10,2,29,,264600,29,0,10,1,29,,264597,29,0,10,1,54,,264575,15,0,10,1,31,,264587,15,0,10,2,70,,264576,15,0,10,1,30,,264589,15,0,10,2,70,,264577,15,0,10,1,30,,264588,15,0,10,2,70,,264578,15,0,10,1,30,,264590,15,0,10,2
17702,'H60U000I-84-I',638,,264605,29,0,10,1,70,,264615,29,0,10,2,30,,264625,29,0,10,1,70,,264606,29,0,10,1,30,,264616,29,0,10,2,70,,264626,29,0,10,1,29,,264607,29,0,10,1,70,,264617,29,0,10,2,30,,264627,29,0,10,1,71,,264608,29,0,10,1,31,,264618,29,0,10,2,70,,264628,29,0,10,1,29,,264609,29,0,10,1,72,,264619,29,0,10,2,31,,264629,29,0,10,1,68,,264610,29,0,10,1,33,,264620,29,0,10,2,70,,264630,29,0,10,1,29,,264611,29,0,10,1,63,,264642,29,0,10,2,23,,264621,29,0,10,2,27,,264631,29,0,10,1,71,,264612,29,0,10,1,33,,264622,29,0,10,2,73,,264632,29,0,10,1,28,,264613,29,0,10,1,67,,264623,29,0,10,2,33,,264633,29,0,10,1,68,,264614,29,0,10,1,27,,264624,29,0,10,2,59,,264641,15,0,10,1,30,,264634,15,0,10,1,70,,264638,15,0,10,2,30,,264635,15,0,10,1,70,,264639,15,0,10,2,30,,264636,15,0,10,1,69,,264640,15,0,10,2,29,,264637,15,0,10,1
17702,'H60U000S-86-S',556,,264647,29,0,10,2,54,,264653,29,0,10,1,16,,264643,29,0,10,1,12,,264652,29,0,10,1,11,,264661,29,0,10,1,52,,264656,29,0,10,2,13,,264668,29,0,10,1,17,,264671,29,0,10,2,12,,264648,29,0,10,2,12,,264677,29,0,10,1,52,,264644,29,0,10,1,12,,264681,29,0,10,2,11,,264658,29,0,10,2,11,,264657,29,0,10,2,12,,264654,29,0,10,1,51,,264669,29,0,10,1,10,,264672,29,0,10,2,8,,264667,29,0,10,2,12,,264678,29,0,10,1,12,,264655,29,0,10,2,59,,264659,29,0,10,2,18,,264673,29,0,10,2,24,,264670,29,0,10,1,68,,264679,29,0,10,1,29,,264660,29,0,10,2,70,,264649,29,0,10,1,29,,264646,29,0,10,1,69,,264645,29,0,10,1,32,,264682,29,0,10,2,70,,264650,29,0,10,1,30,,264680,29,0,10,1,73,,264683,29,0,10,1,34,,264684,29,0,10,2,73,,264651,29,0,10,1,28,,264689,29,0,10,2,67,,264690,29,0,10,1,31,,264694,29,0,10,1,67,,264662,29,0,10,2,33,,264663,29,0,10,1,70,,264693,29,0,10,2,26,,264685,29,0,10,1,72,,264665,29,0,10,2,33,,264664,29,0,10,1,69,,264686,29,0,10,1,22,,264666,15,0,10,2,66,,264687,15,0,10,1,27,,264674,15,0,10,1,65,,264691,15,0,10,1,23,,264688,15,0,10,1,24,,264675,15,0,10,1,69,,264692,15,0,10,1,32,,264676,15,0,10,1
17702,'H60U100F-85-F1',638,,264695,29,0,10,1,70,,264705,29,0,10,2,30,,264715,29,0,10,2,70,,264696,29,0,10,1,30,,264706,29,0,10,2,70,,264716,29,0,10,2,29,,264697,29,0,10,1,70,,264707,29,0,10,2,30,,264717,29,0,10,2,71,,264698,29,0,10,1,31,,264708,29,0,10,2,70,,264718,29,0,10,2,29,,264699,29,0,10,1,72,,264709,29,0,10,2,31,,264719,29,0,10,2,68,,264700,29,0,10,1,33,,264710,29,0,10,2,70,,264720,29,0,10,2,29,,264701,29,0,10,1,63,,264732,29,0,10,2,23,,264711,29,0,10,2,27,,264721,29,0,10,2,71,,264702,29,0,10,1,33,,264712,29,0,10,2,73,,264722,29,0,10,2,28,,264704,29,0,10,1,67,,264713,29,0,10,2,33,,264723,29,0,10,2,68,,264703,29,0,10,1,27,,264714,29,0,10,2,59,,264727,15,0,10,1,30,,264724,15,0,10,1,70,,264728,15,0,10,1,30,,264725,15,0,10,1,70,,264729,15,0,10,1,30,,264726,15,0,10,1,69,,264730,15,0,10,1,29,,264731,15,0,10,1
17702,'H60U200F-83-F2',638,,264733,29,0,10,1,70,,264743,29,0,10,2,30,,264753,29,0,10,2,70,,264734,29,0,10,1,30,,264744,29,0,10,2,70,,264754,29,0,10,2,29,,264735,29,0,10,1,70,,264745,29,0,10,2,30,,264755,29,0,10,2,71,,264736,29,0,10,1,31,,264746,29,0,10,2,70,,264756,29,0,10,2,29,,264737,29,0,10,1,72,,264747,29,0,10,2,31,,264757,29,0,10,2,68,,264738,29,0,10,1,33,,264748,29,0,10,2,70,,264758,29,0,10,2,29,,264739,29,0,10,1,63,,264770,29,0,10,2,23,,264749,29,0,10,2,27,,264759,29,0,10,2,71,,264740,29,0,10,1,33,,264750,29,0,10,2,73,,264760,29,0,10,2,28,,264742,29,0,10,1,67,,264751,29,0,10,2,33,,264761,29,0,10,2,68,,264741,29,0,10,1,27,,264752,29,0,10,2,59,,264765,15,0,10,1,30,,264762,15,0,10,1,70,,264766,15,0,10,1,30,,264763,15,0,10,1,70,,264767,15,0,10,1,30,,264764,15,0,10,1,69,,264768,15,0,10,1,29,,264769,15,0,10,1
22502,'H60U000S-86-S',609,,276095,12,0,10,2,11,,276098,12,0,10,1,11,,276089,12,0,10,1,8,,276102,12,0,10,1,10,,276091,12,0,10,2,9,,276092,12,0,10,1,50,,276104,12,0,10,2,8,,276109,12,0,10,2,9,,276094,12,0,10,1,13,,276107,12,0,10,2,14,,276099,12,0,10,2,53,,276110,12,0,10,1,8,,276100,12,0,10,1,8,,276096,12,0,10,2,12,,276103,12,0,10,1,17,,276111,12,0,10,1,62,,276097,12,0,10,2,20,,276108,12,0,10,2,69,,276101,12,0,10,1,24,,276093,12,0,10,1,404,,276106,12,0,10,1,29,,276105,12,0,10,2,70,,276116,12,0,10,2,73,,276113,12,0,10,1,29,,276114,12,0,10,2,71,,276112,12,0,10,1,31,,276117,12,0,10,2,72,,276090,12,0,10,1,32,,276087,12,0,10,1,71,,276088,12,0,10,1,31,,276118,12,0,10,1,293,,276115,12,0,10,1
37103,'H50U000A-82-A',2615,,277743,59,0,8,2,31,,277740,59,0,8,1,67,,277741,59,0,8,1,31,,277745,59,0,8,1,70,,277744,59,0,8,2,30,,277739,59,0,8,1,69,,277742,59,0,8,1
37103,'H50U000I-82-I',2612,,277749,59,0,8,1,29,,277747,59,0,8,2,73,,277746,59,0,8,1,30,,277751,59,0,8,1,71,,277750,59,0,8,1,31,,277748,59,0,8,2,71,,277752,59,0,8,2
37103,'H50U000S-83-S',2614,,277757,59,0,8,2,30,,277755,59,0,8,1,70,,277758,59,0,8,1,28,,277754,59,0,8,1,71,,277753,59,0,8,1,32,,277756,59,0,8,1,70,,277759,59,0,8,1
37103,'H50U100F-80-F1',2612,,277763,59,0,8,1,29,,277761,59,0,8,2,73,,277760,59,0,8,1,30,,277765,59,0,8,1,71,,277764,59,0,8,1,31,,277762,59,0,8,2,71,,277766,59,0,8,2
37103,'H50U200F-80-F2',2612,,277770,59,0,8,1,29,,277768,59,0,8,2,73,,277767,59,0,8,1,30,,277772,59,0,8,1,71,,277771,59,0,8,1,31,,277769,59,0,8,2,71,,277773,59,0,8,2
