'25N-H55N000A-80-A-E',14401,63300,4,'',2,2200,4,'',1,6200,4,'',2,2200,4,'',1,6100,4,'',2,2100,4,'',1,2100,4,'',2,6100,4,'',1,2100,4,'',2,59300,4,'',2,2700,4,'',1,6600,4,'',2,2600,4,'',1,6600,4,'',2,2600,4,'',1,2600,4,'',2,6600,4,'',1,49700,4,'',1,2200,4,'',2,6100,4,'',2,2200,4,'',2,2100,4,'',1,6100,4,'',2,2100,4,'',2
'25N-H55N000A-80-A-E',14402,61400,,'',1,2200,,'',2,2200,,'',1,6200,,'',2,2100,,'',1,6100,,'',2,2100,,'',1,2100,,'',2,6100,,'',1,54700,,'',1,6700,,'',2,2700,,'',1,6700,,'',2,2700,,'',1,6700,,'',2,2700,,'',1,6600,,'',2,51900,,'',2,2200,,'',1,6100,,'',2,2200,,'',2,2100,,'',2,6100,,'',1
'25N-H55N000A-80-A-NE',14401,52700,4,'',1,2200,4,'',2,6200,4,'',1,33400,4,'',1,6200,4,'',2,2200,4,'',1,2200,4,'',2,6400,4,'',1,2500,4,'',2,6800,4,'',1,2700,4,'',2,6700,4,'',1,2700,4,'',2,2700,4,'',1,6700,4,'',2,2700,4,'',1,39600,4,'',2,6600,4,'',1,2600,4,'',2,6500,4,'',1,2600,4,'',2,2500,4,'',1,6500,4,'',2,2500,4,'',1,6500,4,'',2,2400,4,'',1,2200,4,'',2,29000,4,'',1
'25N-H55N000A-80-A-NE',14402,51000,,'',2,2000,,'',1,2200,,'',2,37400,,'',2,2200,,'',1,6200,,'',2,2200,,'',1,2400,,'',2,6400,,'',1,2400,,'',2,6600,,'',1,2700,,'',2,6700,,'',1,2700,,'',2,2700,,'',1,6700,,'',2,40200,,'',1,2600,,'',2,6600,,'',1,2600,,'',2,6600,,'',1,2600,,'',2,6500,,'',1,2500,,'',2,2500,,'',1,6200,,'',2,2200,,'',1,2200,,'',2,26900,,'',2,2200,,'',1
'25N-H55N000I-80-I-E',14401,63400,4,'',1,2300,4,'',2,6200,4,'',1,2200,4,'',2,6200,4,'',1,2200,4,'',2,2200,4,'',1,6200,4,'',2,2200,4,'',1,57700,4,'',1,2800,4,'',2,6800,4,'',1,2800,4,'',2,6800,4,'',1,2800,4,'',2,2600,4,'',1,6600,4,'',2,51300,4,'',1,2200,4,'',2,6200,4,'',1,1900,4,'',1,2100,4,'',2,6300,4,'',1
'25N-H55N000I-80-I-E',14402,61400,,'',2,2300,,'',1,6300,,'',2,2200,,'',1,2200,,'',2,6200,,'',1,2200,,'',2,2200,,'',1,6200,,'',2,53200,,'',2,6800,,'',1,2800,,'',2,6800,,'',1,2800,,'',2,6800,,'',1,2800,,'',2,6800,,'',1,51500,,'',2,2200,,'',1,2200,,'',1,6200,,'',2,2200,,'',1,6200,,'',2
'25N-H55N000I-80-I-NE',14401,52900,4,'',2,2100,4,'',1,6200,4,'',2,34000,4,'',2,6000,4,'',1,2000,4,'',2,2000,4,'',1,6000,4,'',2,2000,4,'',1,2400,4,'',2,6400,4,'',1,2800,4,'',2,6800,4,'',1,2800,4,'',2,6800,4,'',1,2800,4,'',2,40600,4,'',1,6600,4,'',2,2600,4,'',1,6500,4,'',2,2600,4,'',1,2600,4,'',2,6400,4,'',1,2400,4,'',2,6200,4,'',1,2200,4,'',2,2200,4,'',1,6200,4,'',2,23200,4,'',2
'25N-H55N000I-80-I-NE',14402,51000,,'',1,2100,,'',2,2100,,'',1,38200,,'',1,2000,,'',2,6000,,'',1,2000,,'',2,2000,,'',1,6000,,'',2,2200,,'',1,6400,,'',2,2600,,'',1,2600,,'',2,6800,,'',1,2800,,'',2,6800,,'',1,41200,,'',2,2600,,'',1,6600,,'',2,2600,,'',1,6600,,'',2,2500,,'',1,6400,,'',2,2400,,'',1,2200,,'',2,6200,,'',1,2200,,'',2,2200,,'',1
'25N-H55N000S-80-S-E',14401,63100,4,'',1,7100,4,'',2,3000,4,'',1,7500,4,'',2,3000,4,'',1,7200,4,'',2,62000,4,'',1,3000,4,'',2,6900,4,'',1,2800,4,'',2,7100,4,'',1,3000,4,'',2,6700,4,'',1,49300,4,'',1,3000,4,'',2,6900,4,'',1,2800,4,'',2,7000,4,'',1
'25N-H55N000S-80-S-E',14402,61800,,'',2,2900,,'',1,6900,,'',2,2900,,'',1,6800,,'',2,2600,,'',1,6400,,'',1,60200,,'',2,2800,,'',1,6800,,'',2,2900,,'',1,7000,,'',2,3000,,'',1,7000,,'',2,50000,,'',2,3000,,'',1,7000,,'',2,3200,,'',1,7300,,'',2
'25N-H55N000S-80-S-NE',14401,53500,4,'',1,6800,4,'',2,33900,4,'',1,7100,4,'',2,3000,4,'',1,6900,4,'',2,2900,4,'',1,6900,4,'',2,2800,4,'',1,6800,4,'',2,2800,4,'',1,6800,4,'',2,3000,4,'',1,6800,4,'',2,35300,4,'',2,6800,4,'',1,3000,4,'',2,6700,4,'',1,3000,4,'',2,7000,4,'',1,3000,4,'',2,6900,4,'',1,3000,4,'',2,29700,4,'',2
'25N-H55N000S-80-S-NE',14402,51500,,'',2,3300,,'',1,37800,,'',2,2600,,'',1,6800,,'',2,2900,,'',1,6900,,'',2,2900,,'',1,6900,,'',2,2900,,'',1,6800,,'',2,2800,,'',1,6800,,'',2,2800,,'',1,39300,,'',1,7000,,'',2,3000,,'',1,7000,,'',2,3000,,'',1,7000,,'',2,3000,,'',1,7000,,'',2,3000,,'',1
'25N-H55N000S-82-S-E',14401,63100,4,'',1,7100,4,'',2,3000,4,'',1,7500,4,'',2,3000,4,'',1,7200,4,'',2,62000,4,'',1,3000,4,'',2,6900,4,'',1,2800,4,'',2,7100,4,'',1,3000,4,'',2,6700,4,'',1,49300,4,'',1,3000,4,'',2,6900,4,'',1,2800,4,'',2,7000,4,'',1
'25N-H55N000S-82-S-E',14402,61800,,'',2,2900,,'',1,6900,,'',2,2900,,'',1,6800,,'',2,2600,,'',1,6400,,'',1,60200,,'',2,2800,,'',1,6800,,'',2,2900,,'',1,7000,,'',2,3000,,'',1,7000,,'',2,50000,,'',2,3000,,'',1,7000,,'',2,3200,,'',1,7300,,'',2
'25N-H55N000S-82-S-NE',14401,53500,4,'',1,6800,4,'',2,33900,4,'',1,7100,4,'',2,3000,4,'',1,6900,4,'',2,2900,4,'',1,6900,4,'',2,2800,4,'',1,6800,4,'',2,2800,4,'',1,6800,4,'',2,3000,4,'',1,6800,4,'',2,35300,4,'',2,6800,4,'',1,3000,4,'',2,6700,4,'',1,3000,4,'',2,7000,4,'',1,3000,4,'',2,6900,4,'',1,3000,4,'',2,29700,4,'',2
'25N-H55N000S-82-S-NE',14402,51500,,'',2,3300,,'',1,37800,,'',2,2600,,'',1,6800,,'',2,2900,,'',1,6900,,'',2,2900,,'',1,6900,,'',2,2900,,'',1,6800,,'',2,2800,,'',1,6800,,'',2,2800,,'',1,39300,,'',1,7000,,'',2,3000,,'',1,7000,,'',2,3000,,'',1,7000,,'',2,3000,,'',1,7000,,'',2,3000,,'',1
