20002,'H56J000S-80-S',708,,68079,11,0,10,1
20002,'H56JV00S-80-S',708,,68080,11,0,10,1
20002,'H60J000A-80-A',609,,68097,11,0,10,1,26,,68101,11,0,10,1,66,,68099,11,0,10,1,26,,68098,11,0,10,1,28,,68102,11,0,10,1,68,,68100,11,0,10,1,29,,68103,11,0,10,2,70,,68089,11,0,10,1,29,,68081,11,0,10,2,66,,68104,11,0,10,1,27,,68090,11,0,10,1,67,,68082,11,0,10,2,27,,68105,11,0,10,1,67,,68091,11,0,10,1,28,,68083,11,0,10,2,67,,68106,11,0,10,1,27,,68092,11,0,10,1,28,,68084,11,0,10,2,67,,68107,11,0,10,1,27,,68093,11,0,10,1,68,,68085,11,0,10,2,28,,68108,11,0,10,1,67,,68094,11,0,10,1,28,,68086,11,0,10,2,68,,68109,11,0,10,1,27,,68095,11,0,10,1,65,,68087,11,0,10,2,28,,68110,11,0,10,1,27,,68096,11,0,10,1,67,,68088,11,0,10,2
20002,'H60J000I-80-I',709,,68113,11,0,10,1,30,,68120,11,0,10,2,71,,68128,11,0,10,1,30,,68114,11,0,10,1,70,,68121,11,0,10,2,30,,68129,11,0,10,1,70,,68115,11,0,10,1,30,,68122,11,0,10,2,70,,68130,11,0,10,1,31,,68116,11,0,10,1,70,,68123,11,0,10,2,30,,68131,11,0,10,1,70,,68117,11,0,10,1,30,,68124,11,0,10,2,70,,68132,11,0,10,1,30,,68118,11,0,10,1,70,,68125,11,0,10,2,30,,68133,11,0,10,1,70,,68119,11,0,10,1,30,,68126,11,0,10,2,70,,68134,11,0,10,1,31,,68111,11,0,10,1,71,,68127,11,0,10,2,30,,68135,11,0,10,1,69,,68112,11,0,10,1
20002,'H60J000S-98-S',558,,68150,11,0,10,1,78,,68149,11,0,10,1,21,,68151,11,0,10,1,68,,68136,11,0,10,1,16,,68159,11,0,10,2,15,,68143,11,0,10,2,66,,68154,11,0,10,2,11,,68152,11,0,10,1,72,,68137,11,0,10,1,32,,68144,11,0,10,2,72,,68153,11,0,10,1,33,,68138,11,0,10,1,73,,68145,11,0,10,2,32,,68155,11,0,10,1,70,,68139,11,0,10,1,30,,68146,11,0,10,2,70,,68156,11,0,10,1,31,,68140,11,0,10,1,70,,68147,11,0,10,2,30,,68157,11,0,10,1,73,,68141,11,0,10,1,32,,68148,11,0,10,2,71,,68158,11,0,10,1,26,,68163,11,0,10,2,66,,68142,11,0,10,1,32,,68160,11,0,10,1,72,,68164,11,0,10,2,29,,68162,11,0,10,1,68,,68161,11,0,10,2
20002,'H60JV00A-80-A',609,,68191,11,0,10,1,26,,68193,11,0,10,1,66,,68188,11,0,10,1,26,,68192,11,0,10,1,28,,68194,11,0,10,1,68,,68189,11,0,10,1,29,,68190,11,0,10,2,70,,68173,11,0,10,1,29,,68165,11,0,10,2,66,,68181,11,0,10,1,27,,68174,11,0,10,1,67,,68166,11,0,10,2,27,,68182,11,0,10,1,67,,68175,11,0,10,1,28,,68167,11,0,10,2,67,,68183,11,0,10,1,27,,68176,11,0,10,1,28,,68168,11,0,10,2,67,,68184,11,0,10,1,27,,68177,11,0,10,1,68,,68169,11,0,10,2,28,,68185,11,0,10,1,67,,68178,11,0,10,1,28,,68170,11,0,10,2,68,,68186,11,0,10,1,27,,68179,11,0,10,1,65,,68171,11,0,10,2,28,,68187,11,0,10,1,27,,68180,11,0,10,1,67,,68172,11,0,10,2
20002,'H60JV00I-80-I',709,,68211,11,0,10,1,30,,68203,11,0,10,2,71,,68195,11,0,10,1,30,,68212,11,0,10,1,70,,68204,11,0,10,2,30,,68196,11,0,10,1,70,,68213,11,0,10,1,30,,68205,11,0,10,2,70,,68197,11,0,10,1,31,,68214,11,0,10,1,70,,68206,11,0,10,2,30,,68198,11,0,10,1,70,,68215,11,0,10,1,30,,68207,11,0,10,2,70,,68199,11,0,10,1,30,,68216,11,0,10,1,70,,68208,11,0,10,2,30,,68200,11,0,10,1,70,,68217,11,0,10,1,30,,68209,11,0,10,2,70,,68201,11,0,10,1,31,,68218,11,0,10,1,71,,68210,11,0,10,2,30,,68202,11,0,10,1,69,,68219,11,0,10,1
20002,'H60JV00S-98-S',558,,68244,11,0,10,1,78,,68220,11,0,10,1,21,,68222,11,0,10,1,68,,68245,11,0,10,1,16,,68248,11,0,10,2,15,,68226,11,0,10,2,66,,68247,11,0,10,2,11,,68223,11,0,10,1,72,,68232,11,0,10,1,32,,68227,11,0,10,2,72,,68246,11,0,10,1,33,,68233,11,0,10,1,73,,68228,11,0,10,2,32,,68238,11,0,10,1,70,,68234,11,0,10,1,30,,68229,11,0,10,2,70,,68239,11,0,10,1,31,,68235,11,0,10,1,70,,68230,11,0,10,2,30,,68240,11,0,10,1,73,,68236,11,0,10,1,32,,68231,11,0,10,2,71,,68241,11,0,10,1,26,,68224,11,0,10,2,66,,68237,11,0,10,1,32,,68243,11,0,10,1,72,,68225,11,0,10,2,29,,68242,11,0,10,1,68,,68221,11,0,10,2
38202,'H60J000A-80-A',2641,,76117,92,0,10,1,85,,76120,92,0,10,1,85,,76119,92,0,10,1,45,,76118,92,0,10,2
38202,'H60J000I-80-I',2642,,76121,92,0,10,1,84,,76124,92,0,10,1,84,,76122,92,0,10,1,45,,76123,92,0,10,1
38202,'H60J000S-98-S',2643,,76125,92,0,10,1,84,,76127,92,0,10,1,84,,76128,92,0,10,1,45,,76126,92,0,10,1
38202,'H60JV00A-80-A',2641,,76130,92,0,10,1,85,,76129,92,0,10,1,85,,76132,92,0,10,1,45,,76131,92,0,10,2
38202,'H60JV00I-80-I',2642,,76134,92,0,10,1,84,,76133,92,0,10,1,84,,76136,92,0,10,1,45,,76135,92,0,10,1
38202,'H60JV00S-98-S',2643,,76140,92,0,10,1,84,,76139,92,0,10,1,84,,76138,92,0,10,1,45,,76137,92,0,10,1
