'25M-H56M000A-80-A',10201,61900,4,'',1,2900,4,'',2,7000,4,'',1,3200,4,'',2,7200,4,'',1,3000,4,'',2,7100,4,'',1,3100,4,'',2,7000,4,'',1,3000,4,'',2,7000,4,'',1,2900,4,'',2,7000,4,'',1,3000,4,'',2,7000,4,'',1,3000,4,'',2,7000,4,'',1,3000,4,'',2,7000,4,'',1,3000,4,'',2,7000,4,'',1,3100,4,'',2,7000,4,'',1,3000,4,'',2,6900,4,'',1,2700,4,'',2,6900,4,'',1,2900,4,'',2,7000,4,'',1,3100,4,'',2,7000,4,'',1,3000,4,'',2,7100,4,'',1,8800,4,'',1,4500,4,'',1,8600,4,'',1,8500,4,'',1,8400,4,'',2
'25M-H56M000A-82-A',10201,61900,4,'',1,2900,4,'',2,7000,4,'',1,3200,4,'',2,7200,4,'',1,3000,4,'',2,7100,4,'',1,3100,4,'',2,7000,4,'',1,3000,4,'',2,7000,4,'',1,2900,4,'',2,7000,4,'',1,3000,4,'',2,7000,4,'',1,3000,4,'',2,7000,4,'',1,3000,4,'',2,7000,4,'',1,3000,4,'',2,7000,4,'',1,3100,4,'',2,7000,4,'',1,3000,4,'',2,6900,4,'',1,2700,4,'',2,6900,4,'',1,2900,4,'',2,7000,4,'',1,3100,4,'',2,7000,4,'',1,3000,4,'',2,7100,4,'',1,8800,4,'',1,4500,4,'',1,8600,4,'',1,8500,4,'',1,8400,4,'',2
'25M-H56M000I-80-I',10201,65000,4,'',1,7000,4,'',2,3000,4,'',1,7000,4,'',2,3200,4,'',1,7000,4,'',2,3000,4,'',1,7000,4,'',2,3100,4,'',1,7000,4,'',2,3000,4,'',1,7000,4,'',2,3000,4,'',1,7000,4,'',2,3000,4,'',1,7000,4,'',2,3000,4,'',1,7000,4,'',2,2900,4,'',1,6900,4,'',2,2900,4,'',1,6900,4,'',2,3000,4,'',1,7000,4,'',2,3000,4,'',1,7000,4,'',2,3000,4,'',1,6900,4,'',2,3200,4,'',1,7100,4,'',2,3100,4,'',1,7100,4,'',2,3300,4,'',1,8400,4,'',1,8800,4,'',1,8800,4,'',1
'25M-H56M000I-82-I',10201,65000,4,'',1,7000,4,'',2,3000,4,'',1,7000,4,'',2,3200,4,'',1,7000,4,'',2,3000,4,'',1,7000,4,'',2,3100,4,'',1,7000,4,'',2,3000,4,'',1,7000,4,'',2,3000,4,'',1,7000,4,'',2,3000,4,'',1,7000,4,'',2,3000,4,'',1,7000,4,'',2,2900,4,'',1,6900,4,'',2,2900,4,'',1,6900,4,'',2,3000,4,'',1,7000,4,'',2,3000,4,'',1,7000,4,'',2,3000,4,'',1,6900,4,'',2,3200,4,'',1,7100,4,'',2,3100,4,'',1,7100,4,'',2,3300,4,'',1,8400,4,'',1,8800,4,'',1,8800,4,'',1
'25M-H56M000S-80-S',10201,55000,4,'',2,6900,4,'',1,3300,4,'',2,7100,4,'',1,3500,4,'',2,7300,4,'',1,7100,4,'',2,3200,4,'',1,6600,4,'',2,2900,4,'',1,2900,4,'',2,6900,4,'',1,2900,4,'',2,6900,4,'',1,2900,4,'',2,7000,4,'',1,3000,4,'',2,6900,4,'',1,3000,4,'',2,7200,4,'',1,7500,4,'',2,3200,4,'',1,7000,4,'',2,3200,4,'',1,7000,4,'',2,3100,4,'',1,6700,4,'',2,2900,4,'',1,6900,4,'',2,2900,4,'',1,2700,4,'',2,6800,4,'',1,2800,4,'',2,7000,4,'',1,3100,4,'',2,8700,4,'',1,8700,4,'',1,9000,4,'',1
'25M-H56M000S-83-S',10201,55000,4,'',2,6900,4,'',1,3300,4,'',2,7100,4,'',1,3500,4,'',2,7300,4,'',1,7100,4,'',2,3200,4,'',1,6600,4,'',2,2900,4,'',1,2900,4,'',2,6900,4,'',1,2900,4,'',2,6900,4,'',1,2900,4,'',2,7000,4,'',1,3000,4,'',2,6900,4,'',1,3000,4,'',2,7200,4,'',1,7500,4,'',2,3200,4,'',1,7000,4,'',2,3200,4,'',1,7000,4,'',2,3100,4,'',1,6700,4,'',2,2900,4,'',1,6900,4,'',2,2900,4,'',1,2700,4,'',2,6800,4,'',1,2800,4,'',2,7000,4,'',1,3100,4,'',2,8700,4,'',1,8700,4,'',1,9000,4,'',1
'25M-H56M100F-82-F1',10201,65000,4,'',1,7000,4,'',2,3000,4,'',1,7000,4,'',2,3200,4,'',1,7000,4,'',2,3000,4,'',1,7000,4,'',2,3100,4,'',1,7000,4,'',2,3000,4,'',1,7000,4,'',2,3000,4,'',1,7000,4,'',2,3000,4,'',1,7000,4,'',2,3000,4,'',1,7000,4,'',2,2900,4,'',1,6900,4,'',2,2900,4,'',1,6900,4,'',2,3000,4,'',1,7000,4,'',2,3000,4,'',1,7000,4,'',2,3000,4,'',1,6900,4,'',2,3200,4,'',1,7100,4,'',2,3100,4,'',1,7100,4,'',2,3300,4,'',1,8400,4,'',1,8800,4,'',1,8800,4,'',1
'25M-H56M200F-82-F2',10201,65000,4,'',1,7000,4,'',2,3000,4,'',1,7000,4,'',2,3200,4,'',1,7000,4,'',2,3000,4,'',1,7000,4,'',2,3100,4,'',1,7000,4,'',2,3000,4,'',1,7000,4,'',2,3000,4,'',1,7000,4,'',2,3000,4,'',1,7000,4,'',2,3000,4,'',1,7000,4,'',2,2900,4,'',1,6900,4,'',2,2900,4,'',1,6900,4,'',2,3000,4,'',1,7000,4,'',2,3000,4,'',1,7000,4,'',2,3000,4,'',1,6900,4,'',2,3200,4,'',1,7100,4,'',2,3100,4,'',1,7100,4,'',2,3300,4,'',1,8400,4,'',1,8800,4,'',1,8800,4,'',1
'25M-H56M300F-82-F3',10201,65000,4,'',1,7000,4,'',2,3000,4,'',1,7000,4,'',2,3200,4,'',1,7000,4,'',2,3000,4,'',1,7000,4,'',2,3100,4,'',1,7000,4,'',2,3000,4,'',1,7000,4,'',2,3000,4,'',1,7000,4,'',2,3000,4,'',1,7000,4,'',2,3000,4,'',1,7000,4,'',2,2900,4,'',1,6900,4,'',2,2900,4,'',1,6900,4,'',2,3000,4,'',1,7000,4,'',2,3000,4,'',1,7000,4,'',2,3000,4,'',1,6900,4,'',2,3200,4,'',1,7100,4,'',2,3100,4,'',1,7100,4,'',2,3300,4,'',1,8400,4,'',1,8800,4,'',1,8800,4,'',1
'25M-H50M000A-81-A',10501,53200,4,'',1,7000,4,'',2,3000,4,'',1,2500,4,'',2,6300,4,'',1,2200,4,'',2,6100,4,'',2,2000,4,'',1,2000,4,'',2,1500,4,'',2,5200,4,'',1,1100,4,'',1,1000,4,'',1,900,4,'',2,800,4,'',2,1100,4,'',1,4800,4,'',1,900,4,'',2,1000,4,'',2,1000,4,'',2,1000,4,'',1,1000,4,'',1,5000,4,'',2,1000,4,'',2,1000,4,'',1,900,4,'',2,800,4,'',2,800,4,'',1,800,4,'',1,4700,4,'',2,800,4,'',2,800,4,'',2,800,4,'',2,800,4,'',1,800,4,'',2,700,4,'',2,4700,4,'',1,700,4,'',2,600,4,'',1,700,4,'',2,800,4,'',2,800,4,'',1,700,4,'',2,700,4,'',1,700,4,'',2,4700,4,'',1,700,4,'',2,700,4,'',2,600,4,'',2,700,4,'',1,800,4,'',1,800,4,'',2,800,4,'',1,4700,4,'',2,700,4,'',2,700,4,'',2,700,4,'',1,800,4,'',1,800,4,'',2,900,4,'',1,800,4,'',2,4900,4,'',2,1000,4,'',1,1000,4,'',1,1000,4,'',1,800,4,'',2,800,4,'',2,4900,4,'',1,1000,4,'',2,1000,4,'',1,1000,4,'',2,900,4,'',2,900,4,'',1,5200,4,'',2,1200,4,'',1,1200,4,'',2,1200,4,'',2,1200,4,'',2,1100,4,'',1,5200,4,'',2,1200,4,'',2,1200,4,'',2,1600,4,'',1,5600,4,'',2,1500,4,'',1,1800,4,'',1,1800,4,'',2,6000,4,'',2,2100,4,'',1,6100,4,'',2,1900,4,'',1,2100,4,'',1,6600,4,'',1,2900,4,'',2,6900,4,'',1,3000,4,'',1,7200,4,'',1,3100,4,'',1
'25M-H50M000I-81-I',10501,61500,4,'',2,3000,4,'',1,7000,4,'',2,2700,4,'',1,6400,4,'',1,2000,4,'',2,2000,4,'',1,5800,4,'',1,1500,4,'',2,1400,4,'',1,1400,4,'',1,1200,4,'',2,5200,4,'',1,1100,4,'',1,1100,4,'',1,1100,4,'',2,1100,4,'',1,5100,4,'',1,1200,4,'',1,1200,4,'',2,1000,4,'',1,1000,4,'',1,5000,4,'',2,1000,4,'',2,1000,4,'',1,1000,4,'',1,900,4,'',1,900,4,'',2,1000,4,'',2,4900,4,'',1,1100,4,'',1,1100,4,'',1,1100,4,'',2,1000,4,'',2,5000,4,'',1,1000,4,'',1,1000,4,'',1,1000,4,'',2,1000,4,'',2,1000,4,'',1,5000,4,'',1,1000,4,'',1,1000,4,'',2,1000,4,'',2,1000,4,'',1,1100,4,'',1,5200,4,'',1,1300,4,'',2,1500,4,'',2,1600,4,'',1,5500,4,'',1,1500,4,'',1,1500,4,'',1,1500,4,'',1,5500,4,'',2,1500,4,'',1,1700,4,'',2,1700,4,'',2,6000,4,'',1,2000,4,'',2,1900,4,'',2,6000,4,'',1,2100,4,'',1,2300,4,'',1,6400,4,'',1,2400,4,'',1,6800,4,'',1,3000,4,'',1,6800,4,'',1,3000,4,'',1,7100,4,'',1,2800,4,'',1,7000,4,'',1
'25M-H50M000S-81-S',10501,53300,4,'',1,2200,4,'',2,6000,4,'',1,1100,4,'',1,1100,4,'',1,1000,4,'',1,800,4,'',2,4800,4,'',1,900,4,'',1,700,4,'',2,700,4,'',1,500,4,'',1,600,4,'',2,300,4,'',2,300,4,'',1,500,4,'',1,500,4,'',1,400,4,'',2,4500,4,'',2,300,4,'',1,400,4,'',2,400,4,'',1,400,4,'',1,600,4,'',2,800,4,'',1,300,4,'',1,400,4,'',2,400,4,'',2,400,4,'',1,400,4,'',1,400,4,'',2,500,4,'',1,4500,4,'',2,700,4,'',2,700,4,'',1,700,4,'',2,700,4,'',2,700,4,'',1,700,4,'',2,700,4,'',2,4700,4,'',2,800,4,'',1,800,4,'',2,900,4,'',1,1000,4,'',2,900,4,'',2,900,4,'',2,4800,4,'',1,800,4,'',2,1000,4,'',2,800,4,'',1,700,4,'',2,800,4,'',1,800,4,'',2,800,4,'',2,4800,4,'',2,700,4,'',2,600,4,'',2,600,4,'',1,800,4,'',1,900,4,'',2,1000,4,'',2,5000,4,'',2,900,4,'',1,900,4,'',1,800,4,'',2,700,4,'',1,700,4,'',2,800,4,'',2,800,4,'',1,4900,4,'',1,900,4,'',2,900,4,'',1,900,4,'',2,800,4,'',2,800,4,'',1,700,4,'',1,4700,4,'',1,600,4,'',2,600,4,'',1,700,4,'',2,600,4,'',1,800,4,'',2,700,4,'',1,800,4,'',1,700,4,'',1,4800,4,'',2,900,4,'',1,900,4,'',1,800,4,'',2,700,4,'',1,700,4,'',2,600,4,'',1,4700,4,'',2,900,4,'',2,800,4,'',1,800,4,'',2,800,4,'',1,800,4,'',1,800,4,'',1,900,4,'',1,4900,4,'',1,1000,4,'',2,1100,4,'',1,1200,4,'',2,1100,4,'',1,5100,4,'',1,1100,4,'',2,1200,4,'',1,1000,4,'',2,1100,4,'',2,1200,4,'',1,5200,4,'',1,1100,4,'',2,1000,4,'',1,1300,4,'',1,1200,4,'',1,5200,4,'',2,1200,4,'',1,2100,4,'',1,6600,4,'',2,2600,4,'',1,2600,4,'',2,6600,4,'',1,2300,4,'',2,6500,4,'',1,2500,4,'',2,6500,4,'',1
'25M-H50M100F-81-F1',10501,61500,4,'',1,3000,4,'',2,7000,4,'',1,2700,4,'',2,6400,4,'',1,2000,4,'',1,2000,4,'',1,5800,4,'',2,1500,4,'',1,1400,4,'',1,1400,4,'',2,1200,4,'',1,5200,4,'',2,1100,4,'',1,1100,4,'',2,1100,4,'',1,1100,4,'',2,5100,4,'',1,1200,4,'',2,1200,4,'',1,1000,4,'',2,1000,4,'',1,5000,4,'',1,1000,4,'',1,1000,4,'',2,1000,4,'',1,900,4,'',2,900,4,'',1,1000,4,'',1,4900,4,'',2,1100,4,'',1,1100,4,'',2,1100,4,'',1,1000,4,'',1,5000,4,'',2,1000,4,'',1,1000,4,'',2,1000,4,'',1,1000,4,'',1,1000,4,'',2,5000,4,'',1,1000,4,'',2,1000,4,'',1,1000,4,'',1,1000,4,'',2,1100,4,'',1,5000,4,'',2,1000,4,'',1,1000,4,'',1,1200,4,'',2,1400,4,'',1,5500,4,'',2,1500,4,'',1,1500,4,'',1,1500,4,'',1,5500,4,'',2,1500,4,'',1,1700,4,'',1,1700,4,'',1,6000,4,'',2,2000,4,'',1,1900,4,'',1,6000,4,'',2,2100,4,'',1,2300,4,'',1,6400,4,'',2,2400,4,'',1,6800,4,'',1,3000,4,'',1,6800,4,'',1,3000,4,'',2,7100,4,'',1,2800,4,'',1,7000,4,'',1
'25M-H50M200F-80-F2',10501,61500,4,'',1,3000,4,'',2,7000,4,'',1,2700,4,'',2,6400,4,'',1,2000,4,'',1,2000,4,'',1,5800,4,'',2,1500,4,'',1,1400,4,'',1,1400,4,'',2,1200,4,'',1,5200,4,'',2,1100,4,'',1,1100,4,'',2,1100,4,'',1,1100,4,'',2,5100,4,'',1,1200,4,'',2,1200,4,'',1,1000,4,'',2,1000,4,'',1,5000,4,'',1,1000,4,'',1,1000,4,'',2,1000,4,'',1,900,4,'',2,900,4,'',1,1000,4,'',1,4900,4,'',2,1100,4,'',1,1100,4,'',2,1100,4,'',1,1000,4,'',1,5000,4,'',2,1000,4,'',1,1000,4,'',2,1000,4,'',1,1000,4,'',1,1000,4,'',2,5000,4,'',1,1000,4,'',2,1000,4,'',1,1000,4,'',1,1000,4,'',2,1100,4,'',1,5000,4,'',2,1000,4,'',1,1000,4,'',1,1200,4,'',2,1400,4,'',1,5500,4,'',2,1500,4,'',1,1500,4,'',1,1500,4,'',1,5500,4,'',2,1500,4,'',1,1700,4,'',1,1700,4,'',1,6000,4,'',2,2000,4,'',1,1900,4,'',1,6000,4,'',2,2100,4,'',1,2300,4,'',1,6400,4,'',2,2400,4,'',1,6800,4,'',1,3000,4,'',1,6800,4,'',1,3000,4,'',2,7100,4,'',1,2800,4,'',1,7000,4,'',1
'25M-H50M300F-80-F3',10501,61500,4,'',2,3000,4,'',1,7000,4,'',2,2700,4,'',1,6400,4,'',1,2000,4,'',2,2000,4,'',1,5800,4,'',1,1500,4,'',1,1400,4,'',2,1400,4,'',1,1200,4,'',1,5200,4,'',1,1100,4,'',2,1100,4,'',1,1100,4,'',1,1100,4,'',1,5100,4,'',2,1200,4,'',1,1200,4,'',1,1000,4,'',1,1000,4,'',2,5000,4,'',1,1000,4,'',1,1000,4,'',1,1000,4,'',2,900,4,'',1,900,4,'',1,1000,4,'',1,4900,4,'',1,1100,4,'',2,1100,4,'',1,1100,4,'',1,1000,4,'',1,5000,4,'',1,1000,4,'',2,1000,4,'',1,1000,4,'',1,1000,4,'',1,1000,4,'',1,5000,4,'',2,1000,4,'',1,1000,4,'',1,1000,4,'',1,1000,4,'',1,1100,4,'',2,5200,4,'',1,1300,4,'',1,1500,4,'',1,1600,4,'',2,5500,4,'',1,1500,4,'',1,1500,4,'',1,1500,4,'',1,5500,4,'',1,1500,4,'',1,1700,4,'',1,1700,4,'',1,6000,4,'',1,2000,4,'',1,1900,4,'',1,6000,4,'',1,2100,4,'',2,2300,4,'',1,6400,4,'',1,2400,4,'',2,6800,4,'',1,3000,4,'',1,6800,4,'',1,3000,4,'',2,7100,4,'',1,2800,4,'',1,7000,4,'',1
'25M-H55M000S-80-S',10501,82000,4,'',2
'25M-H56M000S-80-S',10501,82700,4,'',1
'25M-H56M000S-83-S',10501,82700,4,'',1
