14401,'H51U000A-83-A',520,,258185,17,0,5,2,22,,258210,17,0,5,1,62,,258186,17,0,5,2,22,,258211,17,0,5,1,22,,258187,17,0,5,2,62,,258212,17,0,5,1,22,,258188,17,0,5,2,21,,258213,17,0,5,1,61,,258189,17,0,5,2,22,,258214,17,0,5,1,21,,258190,17,0,5,2,61,,258215,17,0,5,1,22,,258191,17,0,5,2,62,,258216,17,0,5,1,22,,258192,17,0,5,2,24,,258217,17,0,5,1,64,,258193,17,0,5,2,24,,258218,17,0,5,1,66,,258194,17,0,5,2,28,,258219,17,0,5,1,27,,258195,17,0,5,2,67,,258220,17,0,5,1,27,,258196,17,0,5,2,67,,258221,17,0,5,1,27,,258197,17,0,5,2,68,,258222,17,0,5,1,27,,258198,17,0,5,2,65,,258223,17,0,5,1,26,,258199,17,0,5,2,26,,258224,17,0,5,1,66,,258200,17,0,5,2,26,,258225,17,0,5,1,66,,258201,17,0,5,2,26,,258226,17,0,5,1,66,,258202,17,0,5,2,25,,258227,17,0,5,1,26,,258203,17,0,5,2,66,,258228,17,0,5,1,26,,258204,17,0,5,2,65,,258229,17,0,5,1,24,,258205,17,0,5,2,64,,258230,17,0,5,1,22,,258206,17,0,5,2,22,,258231,17,0,5,1,62,,258207,17,0,5,2,22,,258235,17,0,5,2,22,,258232,17,0,5,1,61,,258234,17,0,5,2,22,,258208,17,0,5,2,21,,258236,17,0,5,2,60,,258233,17,0,5,1,21,,258209,17,0,5,2
14401,'H51U000I-83-I',522,,258264,17,0,5,2,22,,258238,17,0,5,1,62,,258265,17,0,5,2,23,,258239,17,0,5,1,22,,258266,17,0,5,2,62,,258240,17,0,5,1,22,,258267,17,0,5,2,22,,258241,17,0,5,1,62,,258268,17,0,5,2,22,,258242,17,0,5,1,62,,258269,17,0,5,2,21,,258243,17,0,5,1,20,,258270,17,0,5,2,61,,258244,17,0,5,1,20,,258271,17,0,5,2,23,,258245,17,0,5,1,62,,258272,17,0,5,2,22,,258246,17,0,5,1,23,,258273,17,0,5,2,62,,258247,17,0,5,1,25,,258274,17,0,5,2,68,,258248,17,0,5,1,28,,258275,17,0,5,2,68,,258249,17,0,5,1,28,,258276,17,0,5,2,68,,258250,17,0,5,1,28,,258277,17,0,5,2,28,,258251,17,0,5,1,68,,258278,17,0,5,2,28,,258252,17,0,5,1,68,,258279,17,0,5,2,26,,258253,17,0,5,1,66,,258280,17,0,5,2,26,,258254,17,0,5,1,66,,258281,17,0,5,2,24,,258255,17,0,5,1,26,,258282,17,0,5,2,66,,258256,17,0,5,1,26,,258283,17,0,5,2,64,,258257,17,0,5,1,24,,258284,17,0,5,2,64,,258258,17,0,5,1,22,,258285,17,0,5,2,21,,258259,17,0,5,1,62,,258286,17,0,5,2,22,,258260,17,0,5,1,22,,258287,17,0,5,2,62,,258261,17,0,5,1,22,,258288,17,0,5,2,21,,258262,17,0,5,1,62,,258237,17,0,5,2,23,,258263,17,0,5,1
14401,'H51U000S-83-S',530,,258303,17,0,5,1,29,,258289,17,0,5,2,68,,258304,17,0,5,1,31,,258290,17,0,5,2,70,,258305,17,0,5,1,75,,258291,17,0,5,2,30,,258306,17,0,5,1,69,,258292,17,0,5,2,30,,258307,17,0,5,1,68,,258293,17,0,5,2,30,,258308,17,0,5,1,70,,258294,17,0,5,2,30,,258309,17,0,5,1,70,,258295,17,0,5,2,30,,258310,17,0,5,1,70,,258296,17,0,5,2,29,,258311,17,0,5,1,28,,258297,17,0,5,2,68,,258312,17,0,5,1,28,,258298,17,0,5,2,70,,258313,17,0,5,1,29,,258299,17,0,5,2,68,,258314,17,0,5,1,28,,258300,17,0,5,2,70,,258315,17,0,5,1,29,,258301,17,0,5,2,70,,258316,17,0,5,1,28,,258302,17,0,5,2,70,,258317,17,0,5,1,30,,258324,17,0,5,1,68,,258318,17,0,5,1,30,,258325,17,0,5,1,70,,258319,17,0,5,1,29,,258326,17,0,5,1,70,,258320,17,0,5,1,30,,258327,17,0,5,1,70,,258321,17,0,5,1,30,,258328,17,0,5,1,70,,258322,17,0,5,1,30,,258329,17,0,5,1,70,,258323,17,0,5,1,30,,258330,17,0,5,1
14401,'H51U100F-80-F1',522,,258358,17,0,5,2,22,,258332,17,0,5,1,62,,258359,17,0,5,2,23,,258333,17,0,5,1,22,,258360,17,0,5,2,62,,258334,17,0,5,1,22,,258361,17,0,5,2,22,,258335,17,0,5,1,62,,258362,17,0,5,2,22,,258336,17,0,5,1,62,,258363,17,0,5,2,21,,258337,17,0,5,1,20,,258364,17,0,5,2,61,,258338,17,0,5,1,20,,258365,17,0,5,2,23,,258339,17,0,5,1,62,,258366,17,0,5,2,22,,258340,17,0,5,1,23,,258367,17,0,5,2,62,,258341,17,0,5,1,25,,258368,17,0,5,2,68,,258342,17,0,5,1,28,,258369,17,0,5,2,68,,258343,17,0,5,1,28,,258370,17,0,5,2,68,,258344,17,0,5,1,28,,258371,17,0,5,2,28,,258345,17,0,5,1,68,,258372,17,0,5,2,28,,258346,17,0,5,1,68,,258373,17,0,5,2,26,,258347,17,0,5,1,66,,258374,17,0,5,2,26,,258348,17,0,5,1,66,,258375,17,0,5,2,24,,258349,17,0,5,1,26,,258376,17,0,5,2,66,,258350,17,0,5,1,26,,258377,17,0,5,2,64,,258351,17,0,5,1,24,,258378,17,0,5,2,64,,258352,17,0,5,1,22,,258379,17,0,5,2,21,,258353,17,0,5,1,62,,258380,17,0,5,2,22,,258354,17,0,5,1,22,,258381,17,0,5,2,62,,258355,17,0,5,1,22,,258382,17,0,5,2,21,,258356,17,0,5,1,62,,258331,17,0,5,2,23,,258357,17,0,5,1
14401,'H51U200F-80-F2',522,,258410,17,0,5,2,22,,258384,17,0,5,1,62,,258411,17,0,5,2,23,,258385,17,0,5,1,22,,258412,17,0,5,2,62,,258386,17,0,5,1,22,,258413,17,0,5,2,22,,258387,17,0,5,1,62,,258414,17,0,5,2,22,,258388,17,0,5,1,62,,258415,17,0,5,2,21,,258389,17,0,5,1,20,,258416,17,0,5,2,61,,258390,17,0,5,1,20,,258417,17,0,5,2,23,,258391,17,0,5,1,62,,258418,17,0,5,2,22,,258392,17,0,5,1,23,,258419,17,0,5,2,62,,258393,17,0,5,1,25,,258420,17,0,5,2,68,,258394,17,0,5,1,28,,258421,17,0,5,2,68,,258395,17,0,5,1,28,,258422,17,0,5,2,68,,258396,17,0,5,1,28,,258423,17,0,5,2,28,,258397,17,0,5,1,68,,258424,17,0,5,2,28,,258398,17,0,5,1,68,,258425,17,0,5,2,26,,258399,17,0,5,1,66,,258426,17,0,5,2,26,,258400,17,0,5,1,66,,258427,17,0,5,2,24,,258401,17,0,5,1,26,,258428,17,0,5,2,66,,258402,17,0,5,1,26,,258429,17,0,5,2,64,,258403,17,0,5,1,24,,258430,17,0,5,2,64,,258404,17,0,5,1,22,,258431,17,0,5,2,21,,258405,17,0,5,1,62,,258432,17,0,5,2,22,,258406,17,0,5,1,22,,258433,17,0,5,2,62,,258407,17,0,5,1,22,,258434,17,0,5,2,21,,258408,17,0,5,1,62,,258383,17,0,5,2,23,,258409,17,0,5,1
36001,'H56U000A-80-A',2611,,277137,17,0,5,1,42,,277140,17,0,5,1,85,,277138,17,0,5,1,86,,277139,17,0,5,1,86,,277141,17,0,5,1
36001,'H56U000I-80-I',2610,,277146,17,0,5,2,45,,277142,17,0,5,1,85,,277144,17,0,5,1,84,,277143,17,0,5,1,87,,277145,17,0,5,1
36001,'H56U000S-81-S',2611,,277149,17,0,5,2,45,,277147,17,0,5,1,85,,277150,17,0,5,1,85,,277151,17,0,5,2,84,,277148,17,0,5,1
36001,'H56U100F-80-F1',2610,,277156,17,0,5,2,45,,277152,17,0,5,1,85,,277154,17,0,5,1,84,,277153,17,0,5,1,87,,277155,17,0,5,1
36001,'H56U200F-80-F2',2610,,277161,17,0,5,2,45,,277157,17,0,5,1,85,,277159,17,0,5,1,84,,277158,17,0,5,1,87,,277160,17,0,5,1
