19501,'H56J000A-80-A',502,,65993,26,0,5,1,30,,65960,26,0,5,2,70,,65969,26,0,5,1,30,,65995,26,0,5,1,69,,65994,26,0,5,1,30,,65961,26,0,5,2,72,,65970,26,0,5,1,31,,65996,26,0,5,1,70,,65987,26,0,5,1,30,,65962,26,0,5,2,71,,65971,26,0,5,1,31,,65979,26,0,5,2,71,,65988,26,0,5,1,30,,65963,26,0,5,2,70,,65972,26,0,5,1,31,,65980,26,0,5,2,71,,65989,26,0,5,1,30,,65964,26,0,5,2,70,,65973,26,0,5,1,34,,65981,26,0,5,2,70,,65990,26,0,5,1,31,,65965,26,0,5,2,72,,65974,26,0,5,1,31,,65982,26,0,5,2,70,,65991,26,0,5,1,29,,65966,26,0,5,2,70,,65975,26,0,5,1,29,,65983,26,0,5,2,69,,65992,26,0,5,1,29,,65967,26,0,5,2,69,,65976,26,0,5,1,29,,65984,26,0,5,2,69,,65997,26,0,5,1,29,,65968,26,0,5,2,69,,65977,26,0,5,1,29,,65985,26,0,5,2,70,,65998,26,0,5,1,30,,66000,26,0,5,2,69,,65978,26,0,5,1,29,,65986,26,0,5,2,69,,66001,26,0,5,2,28,,65999,26,0,5,1
19501,'H56J000I-80-I',504,,66011,26,0,5,2,30,,66007,26,0,5,1,70,,66004,26,0,5,2,30,,66002,26,0,5,1,70,,66012,26,0,5,2,30,,66008,26,0,5,1,70,,66005,26,0,5,2,29,,66003,26,0,5,1,69,,66013,26,0,5,2,29,,66010,26,0,5,1,69,,66006,26,0,5,2,32,,66009,26,0,5,1,72,,66014,26,0,5,2,32,,66026,26,0,5,1,71,,66019,26,0,5,1,31,,66033,26,0,5,2,70,,66015,26,0,5,2,30,,66027,26,0,5,1,70,,66020,26,0,5,1,30,,66034,26,0,5,2,71,,66016,26,0,5,2,31,,66028,26,0,5,1,70,,66021,26,0,5,1,30,,66035,26,0,5,2,70,,66017,26,0,5,2,31,,66029,26,0,5,1,70,,66022,26,0,5,1,30,,66036,26,0,5,2,67,,66018,26,0,5,2,29,,66030,26,0,5,1,69,,66023,26,0,5,1,30,,66037,26,0,5,2,70,,66040,26,0,5,2,31,,66031,26,0,5,1,71,,66024,26,0,5,1,30,,66038,26,0,5,1,70,,66041,26,0,5,2,29,,66032,26,0,5,1,70,,66025,26,0,5,1,30,,66039,26,0,5,1,70,,66042,26,0,5,2
19501,'H56J000S-80-S',452,,66045,26,0,5,1,72,,66076,26,0,5,1,34,,66052,26,0,5,2,73,,66075,26,0,5,1,72,,66080,26,0,5,1,102,,66053,26,0,5,2,27,,66059,26,0,5,2,70,,66062,26,0,5,1,30,,66069,26,0,5,1,71,,66078,26,0,5,1,31,,66060,26,0,5,2,71,,66063,26,0,5,1,30,,66070,26,0,5,1,71,,66079,26,0,5,1,30,,66061,26,0,5,2,72,,66064,26,0,5,1,33,,66071,26,0,5,1,170,,66054,26,0,5,1,26,,66046,26,0,5,2,66,,66050,26,0,5,1,26,,66055,26,0,5,1,29,,66066,26,0,5,2,67,,66077,26,0,5,1,27,,66081,26,0,5,1,68,,66051,26,0,5,1,25,,66056,26,0,5,1,69,,66067,26,0,5,2,29,,66072,26,0,5,1,69,,66047,26,0,5,1,27,,66057,26,0,5,1,69,,66068,26,0,5,2,28,,66073,26,0,5,1,70,,66048,26,0,5,1,29,,66058,26,0,5,1,69,,66065,26,0,5,1,28,,66074,26,0,5,1,68,,66049,26,0,5,1,33,,66044,26,0,5,2,74,,66043,26,0,5,1
19501,'H56JV00A-80-A',502,,66115,26,0,5,1,30,,66082,26,0,5,2,70,,66091,26,0,5,1,30,,66117,26,0,5,1,69,,66116,26,0,5,1,30,,66083,26,0,5,2,72,,66092,26,0,5,1,31,,66118,26,0,5,1,70,,66109,26,0,5,1,30,,66084,26,0,5,2,71,,66093,26,0,5,1,31,,66101,26,0,5,2,71,,66110,26,0,5,1,30,,66085,26,0,5,2,70,,66094,26,0,5,1,31,,66102,26,0,5,2,71,,66111,26,0,5,1,30,,66086,26,0,5,2,70,,66095,26,0,5,1,34,,66103,26,0,5,2,70,,66112,26,0,5,1,31,,66087,26,0,5,2,72,,66096,26,0,5,1,31,,66104,26,0,5,2,70,,66113,26,0,5,1,29,,66088,26,0,5,2,70,,66097,26,0,5,1,29,,66105,26,0,5,2,69,,66114,26,0,5,1,29,,66089,26,0,5,2,69,,66098,26,0,5,1,29,,66106,26,0,5,2,69,,66119,26,0,5,1,29,,66090,26,0,5,2,69,,66099,26,0,5,1,29,,66107,26,0,5,2,70,,66120,26,0,5,1,30,,66122,26,0,5,2,69,,66100,26,0,5,1,29,,66108,26,0,5,2,69,,66123,26,0,5,2,28,,66121,26,0,5,1
19501,'H56JV00I-80-I',504,,66133,26,0,5,2,30,,66129,26,0,5,1,70,,66126,26,0,5,2,30,,66124,26,0,5,1,70,,66134,26,0,5,2,30,,66130,26,0,5,1,70,,66127,26,0,5,2,29,,66125,26,0,5,1,69,,66135,26,0,5,2,29,,66132,26,0,5,1,69,,66128,26,0,5,2,32,,66131,26,0,5,1,72,,66136,26,0,5,2,32,,66148,26,0,5,1,71,,66141,26,0,5,1,31,,66155,26,0,5,2,70,,66137,26,0,5,2,30,,66149,26,0,5,1,70,,66142,26,0,5,1,30,,66156,26,0,5,2,71,,66138,26,0,5,2,31,,66150,26,0,5,1,70,,66143,26,0,5,1,30,,66157,26,0,5,2,70,,66139,26,0,5,2,31,,66151,26,0,5,1,70,,66144,26,0,5,1,30,,66158,26,0,5,2,67,,66140,26,0,5,2,29,,66152,26,0,5,1,69,,66145,26,0,5,1,30,,66159,26,0,5,2,70,,66162,26,0,5,2,31,,66153,26,0,5,1,71,,66146,26,0,5,1,30,,66160,26,0,5,1,70,,66163,26,0,5,2,29,,66154,26,0,5,1,70,,66147,26,0,5,1,30,,66161,26,0,5,1,70,,66164,26,0,5,2
19501,'H56JV00S-80-S',452,,66167,26,0,5,1,72,,66198,26,0,5,1,34,,66174,26,0,5,2,73,,66197,26,0,5,1,72,,66202,26,0,5,1,102,,66175,26,0,5,2,27,,66181,26,0,5,2,70,,66184,26,0,5,1,30,,66191,26,0,5,1,71,,66200,26,0,5,1,31,,66182,26,0,5,2,71,,66185,26,0,5,1,30,,66192,26,0,5,1,71,,66201,26,0,5,1,30,,66183,26,0,5,2,72,,66186,26,0,5,1,33,,66193,26,0,5,1,170,,66176,26,0,5,1,26,,66168,26,0,5,2,66,,66172,26,0,5,1,26,,66177,26,0,5,1,29,,66188,26,0,5,2,67,,66199,26,0,5,1,27,,66203,26,0,5,1,68,,66173,26,0,5,1,25,,66178,26,0,5,1,69,,66189,26,0,5,2,29,,66194,26,0,5,1,69,,66169,26,0,5,1,27,,66179,26,0,5,1,69,,66190,26,0,5,2,28,,66195,26,0,5,1,70,,66170,26,0,5,1,29,,66180,26,0,5,1,69,,66187,26,0,5,1,28,,66196,26,0,5,1,68,,66171,26,0,5,1,33,,66166,26,0,5,1,74,,66165,26,0,5,1
19501,'H58J000S-81-S',735,,66204,26,0,5,2,677,,66205,26,0,5,2
19501,'H58J000S-83-S',735,,66206,26,0,5,2,677,,66207,26,0,5,2
19501,'H58JV00S-82-S',735,,66208,26,0,5,2,677,,66209,26,0,5,2
19501,'H60J000S-98-S',1442,,66210,26,0,5,1
19501,'H60JV00S-98-S',1442,,66211,26,0,5,1
