7201,'H50M000S-70-S',712,,110978,33,,,1,1044,,110979,33,,,2
7201,'H60M000S-71-S',610,,110984,33,,,1,14,,110985,33,,,1,14,,110994,33,,,2,21,,111000,33,,,2,47,,110981,33,,,1,15,,110990,33,,,2,6,,111001,33,,,1,8,,110995,33,,,1,8,,111009,33,,,2,11,,111007,33,,,2,48,,111008,33,,,1,5,,111016,33,,,1,12,,110986,33,,,1,18,,111017,33,,,2,9,,111002,33,,,2,8,,110996,33,,,1,49,,111019,33,,,1,19,,111011,33,,,2,19,,111018,33,,,1,18,,111003,33,,,1,65,,111013,33,,,1,28,,111020,33,,,1,69,,110991,33,,,1,29,,111004,33,,,1,69,,111014,33,,,1,30,,110987,33,,,1,71,,110992,33,,,1,30,,111005,33,,,1,70,,111021,33,,,1,30,,110988,33,,,1,71,,110993,33,,,1,32,,111006,33,,,1,73,,111022,33,,,1,33,,110989,33,,,1,68,,110982,33,,,1,96,,111024,33,,,1,30,,111025,33,,,2,67,,110983,33,,,1,30,,111023,33,,,1
7201,'H60M100F-71-F1',610,,111039,33,,,1,14,,111030,33,,,1,14,,111045,33,,,1,68,,111048,33,,,2,16,,111053,33,,,1,16,,111043,33,,,1,16,,111036,33,,,2,55,,111050,33,,,1,15,,111031,33,,,1,15,,111057,33,,,1,15,,111026,33,,,1,55,,111049,33,,,2,14,,111047,33,,,2,18,,111054,33,,,1,18,,111037,33,,,2,65,,111032,33,,,1,28,,111027,33,,,1,69,,111040,33,,,1,29,,111038,33,,,2,69,,111033,33,,,1,30,,111028,33,,,1,71,,111041,33,,,1,30,,111051,33,,,1,70,,111034,33,,,1,30,,111029,33,,,1,71,,111042,33,,,1,32,,111052,33,,,1,73,,111059,33,,,2,33,,111035,33,,,1,68,,111056,33,,,2,29,,111061,33,,,1,67,,111063,33,,,1,30,,111055,33,,,1,67,,111044,33,,,1,30,,111062,33,,,1
7201,'H60M200F-71-F2',610,,111100,33,,,1,14,,111073,33,,,1,14,,111098,33,,,1,68,,111099,33,,,2,16,,111091,33,,,1,16,,111097,33,,,1,16,,111078,33,,,2,55,,111084,33,,,1,15,,111074,33,,,1,15,,111093,33,,,1,15,,111068,33,,,1,55,,111090,33,,,2,14,,111089,33,,,2,18,,111092,33,,,1,18,,111079,33,,,2,65,,111075,33,,,1,28,,111069,33,,,1,69,,111081,33,,,1,29,,111080,33,,,2,69,,111076,33,,,1,30,,111070,33,,,1,71,,111082,33,,,1,30,,111085,33,,,1,70,,111077,33,,,1,30,,111071,33,,,1,71,,111083,33,,,1,32,,111086,33,,,1,73,,111088,33,,,2,33,,111072,33,,,1,68,,111095,33,,,2,29,,111066,33,,,1,67,,111064,33,,,1,30,,111094,33,,,1,67,,111065,33,,,1,30,,111067,33,,,1
7201,'H60M300F-71-F3',610,,111103,33,,,1,28,,111106,33,,,1,71,,111102,33,,,2,36,,111122,33,,,2,73,,111115,33,,,1,33,,111113,33,,,1,72,,111123,33,,,1,30,,111109,33,,,1,72,,111116,33,,,1,27,,111114,33,,,1,69,,111124,33,,,1,29,,111110,33,,,1,69,,111117,33,,,1,30,,111104,33,,,1,71,,111125,33,,,1,30,,111111,33,,,1,70,,111129,33,,,1,30,,111105,33,,,1,71,,111126,33,,,1,32,,111112,33,,,1,73,,111130,33,,,1,33,,111131,33,,,2,68,,111107,33,,,2,29,,111120,33,,,1,67,,111119,33,,,1,30,,111128,33,,,2,67,,111108,33,,,2,30,,111121,33,,,1
20401,'H60M000A-71-A',711,,149470,34,,,1,31,,149479,34,,,1,72,,149489,34,,,1,32,,149471,34,,,1,72,,149480,34,,,1,32,,149490,34,,,1,72,,149472,34,,,1,33,,149481,34,,,1,72,,149491,34,,,1,32,,149473,34,,,1,74,,149482,34,,,1,73,,149492,34,,,1,32,,149474,34,,,1,73,,149498,34,,,1,30,,149483,34,,,1,70,,149493,34,,,1,29,,149475,34,,,1,69,,149500,34,,,1,29,,149484,34,,,1,70,,149494,34,,,1,30,,149476,34,,,1,70,,149499,34,,,1,30,,149485,34,,,1,70,,149495,34,,,1,29,,149477,34,,,1,70,,149501,34,,,1,30,,149469,34,,,1,70,,149497,34,,,1,30,,149488,34,,,1,69,,149496,34,,,1,29,,149502,34,,,1,68,,149478,34,,,1,27,,149486,34,,,1,27,,149487,34,,,1
20401,'H60M000I-71-I',817,,149503,34,,,1,32,,149509,34,,,1,72,,149518,34,,,1,32,,149504,34,,,1,72,,149510,34,,,1,32,,149519,34,,,1,70,,149505,34,,,1,32,,149511,34,,,1,71,,149520,34,,,1,71,,149506,34,,,1,30,,149527,34,,,1,70,,149512,34,,,1,30,,149522,34,,,1,69,,149507,34,,,1,31,,149528,34,,,1,70,,149513,34,,,1,30,,149523,34,,,1,70,,149508,34,,,1,30,,149530,34,,,1,72,,149514,34,,,1,33,,149521,34,,,1,73,,149529,34,,,1,32,,149515,34,,,1,72,,149524,34,,,1,33,,149531,34,,,1,70,,149516,34,,,1,31,,149525,34,,,1,73,,149532,34,,,1,33,,149517,34,,,1,72,,149526,34,,,1,33,,149533,34,,,1
20401,'H60M000S-71-S',623,,149553,34,,,1,28,,149556,34,,,1,75,,149534,34,,,1,33,,149557,34,,,1,73,,149538,34,,,1,72,,149548,34,,,1,32,,149558,34,,,1,73,,149539,34,,,1,33,,149549,34,,,1,73,,149559,34,,,1,34,,149540,34,,,1,74,,149550,34,,,1,36,,149560,34,,,1,75,,149541,34,,,1,76,,149551,34,,,1,36,,149554,34,,,1,75,,149542,34,,,1,81,,149552,34,,,1,34,,149555,34,,,1,75,,149543,34,,,1,20,,149563,34,,,1,17,,149561,34,,,1,61,,149562,34,,,1,19,,149568,34,,,1,23,,149547,34,,,1,65,,149564,34,,,1,31,,149535,34,,,1,71,,149544,34,,,1,32,,149565,34,,,1,71,,149536,34,,,1,30,,149545,34,,,1,71,,149566,34,,,1,31,,149537,34,,,1,71,,149546,34,,,1,31,,149567,34,,,1
20401,'H60M100F-71-F1',817,,149575,34,,,1,32,,149581,34,,,1,72,,149591,34,,,1,32,,149576,34,,,1,72,,149582,34,,,1,32,,149592,34,,,1,70,,149577,34,,,1,32,,149583,34,,,1,71,,149593,34,,,1,71,,149578,34,,,1,30,,149584,34,,,1,70,,149571,34,,,1,30,,149594,34,,,1,69,,149579,34,,,1,31,,149585,34,,,1,70,,149569,34,,,1,30,,149595,34,,,1,70,,149580,34,,,1,30,,149586,34,,,1,72,,149570,34,,,1,33,,149596,34,,,1,73,,149587,34,,,1,32,,149572,34,,,1,72,,149597,34,,,1,33,,149590,34,,,1,70,,149573,34,,,1,31,,149598,34,,,1,73,,149588,34,,,1,33,,149574,34,,,1,72,,149599,34,,,1,33,,149589,34,,,1
20401,'H60M200F-71-F2',817,,149605,34,,,1,32,,149607,34,,,1,72,,149616,34,,,1,32,,149600,34,,,1,72,,149604,34,,,1,32,,149617,34,,,1,70,,149601,34,,,1,32,,149608,34,,,1,71,,149618,34,,,1,71,,149602,34,,,1,30,,149609,34,,,1,70,,149625,34,,,1,30,,149619,34,,,1,69,,149606,34,,,1,31,,149610,34,,,1,70,,149626,34,,,1,30,,149620,34,,,1,70,,149603,34,,,1,30,,149611,34,,,1,72,,149627,34,,,1,33,,149621,34,,,1,73,,149612,34,,,1,32,,149628,34,,,1,72,,149622,34,,,1,33,,149613,34,,,1,70,,149629,34,,,1,31,,149623,34,,,1,73,,149614,34,,,1,33,,149630,34,,,1,72,,149624,34,,,1,33,,149615,34,,,1
20401,'H60M300F-71-F3',817,,149638,34,,,1,32,,149644,34,,,1,72,,149653,34,,,1,32,,149639,34,,,1,72,,149645,34,,,1,32,,149654,34,,,1,70,,149640,34,,,1,32,,149646,34,,,1,71,,149655,34,,,1,71,,149641,34,,,1,30,,149631,34,,,1,70,,149647,34,,,1,30,,149656,34,,,1,69,,149642,34,,,1,31,,149632,34,,,1,70,,149648,34,,,1,30,,149657,34,,,1,70,,149643,34,,,1,30,,149633,34,,,1,72,,149649,34,,,1,33,,149658,34,,,1,73,,149634,34,,,1,32,,149650,34,,,1,72,,149659,34,,,1,33,,149635,34,,,1,70,,149651,34,,,1,31,,149660,34,,,1,73,,149636,34,,,1,33,,149652,34,,,1,72,,149661,34,,,1,33,,149637,34,,,1
