4301,'H54M000S-70-S',1643,,98886,48,,,2
4301,'H58M000A-70-A',546,,98893,48,,,2,72,,98902,48,,,2,32,,98892,48,,,1,75,,98887,48,,,1,33,,98894,48,,,2,73,,98895,48,,,1,73,,98903,48,,,2,34,,98888,48,,,1,75,,98910,48,,,1,33,,98896,48,,,1,72,,98904,48,,,2,34,,98889,48,,,1,72,,98911,48,,,1,32,,98897,48,,,1,72,,98905,48,,,2,72,,98890,48,,,1,32,,98912,48,,,1,72,,98898,48,,,1,32,,98906,48,,,2,64,,98918,48,,,2,25,,98891,48,,,1,25,,98913,48,,,1,68,,98899,48,,,1,29,,98907,48,,,2,70,,98919,48,,,2,28,,98914,48,,,1,68,,98900,48,,,1,28,,98908,48,,,2,68,,98920,48,,,2,29,,98915,48,,,1,69,,98901,48,,,1,29,,98909,48,,,2,71,,98921,48,,,2,31,,98916,48,,,1,92,,98922,48,,,2,97,,98917,48,,,1,97,,98923,48,,,2
4301,'H58M000I-70-I',620,,98941,48,,,2,35,,98930,48,,,2,75,,98932,48,,,1,74,,98942,48,,,2,37,,98931,48,,,2,74,,98933,48,,,1,35,,98952,48,,,2,74,,98943,48,,,2,32,,98954,48,,,1,74,,98934,48,,,1,26,,98960,48,,,2,66,,98924,48,,,1,29,,98944,48,,,2,70,,98955,48,,,1,30,,98935,48,,,1,68,,98925,48,,,1,29,,98945,48,,,2,70,,98956,48,,,1,30,,98936,48,,,1,69,,98926,48,,,1,29,,98946,48,,,2,69,,98957,48,,,1,29,,98937,48,,,1,68,,98927,48,,,1,28,,98947,48,,,2,69,,98958,48,,,1,28,,98938,48,,,1,68,,98928,48,,,1,29,,98948,48,,,2,70,,98959,48,,,1,29,,98939,48,,,1,67,,98929,48,,,1,31,,98949,48,,,2,90,,98940,48,,,1,93,,98950,48,,,2,91,,98953,48,,,1,54,,98951,48,,,2
4301,'H58M000S-70-S',513,,98961,48,,,2,19,,98962,48,,,1,26,,98977,48,,,1,68,,98979,48,,,2,31,,98981,48,,,2,75,,98963,48,,,1,76,,98978,48,,,1,34,,98980,48,,,2,70,,98987,48,,,2,32,,98964,48,,,1,73,,98991,48,,,2,32,,98970,48,,,1,75,,98988,48,,,2,32,,98965,48,,,1,72,,98995,48,,,2,31,,98982,48,,,2,71,,98971,48,,,1,70,,98989,48,,,2,31,,98966,48,,,1,72,,98996,48,,,2,32,,98983,48,,,2,75,,98972,48,,,1,96,,98967,48,,,1,25,,98997,48,,,2,69,,98984,48,,,2,28,,98973,48,,,1,28,,98990,48,,,2,66,,98968,48,,,1,28,,98998,48,,,2,69,,98985,48,,,2,30,,98974,48,,,1,71,,98969,48,,,1,31,,98999,48,,,2,71,,98992,48,,,1,30,,98975,48,,,1,76,,98986,48,,,2,83,,98993,48,,,1,42,,98976,48,,,1,97,,98994,48,,,1
4301,'H58M100F-70-F1',512,,99030,48,,,2,19,,99000,48,,,1,26,,99015,48,,,1,65,,99031,48,,,2,28,,99034,48,,,1,72,,99001,48,,,1,34,,99016,48,,,1,77,,99032,48,,,2,73,,99009,48,,,2,33,,99002,48,,,1,73,,99017,48,,,1,32,,99033,48,,,2,73,,99010,48,,,2,33,,99003,48,,,1,72,,99021,48,,,1,31,,99024,48,,,1,72,,99018,48,,,2,31,,99011,48,,,2,69,,99004,48,,,1,30,,99022,48,,,1,71,,99025,48,,,1,33,,99019,48,,,2,73,,99012,48,,,2,23,,99005,48,,,1,65,,99023,48,,,1,31,,99039,48,,,1,71,,99020,48,,,2,30,,99013,48,,,2,66,,99006,48,,,1,29,,99037,48,,,1,70,,99026,48,,,1,30,,99014,48,,,2,71,,99007,48,,,1,30,,99038,48,,,1,70,,99027,48,,,1,31,,99035,48,,,1,76,,99008,48,,,1,90,,99028,48,,,1,90,,99036,48,,,1,54,,99029,48,,,1
4301,'H58M200F-70-F2',512,,99070,48,,,2,19,,99040,48,,,1,26,,99055,48,,,1,65,,99071,48,,,2,28,,99074,48,,,1,72,,99041,48,,,1,34,,99056,48,,,1,77,,99072,48,,,2,73,,99049,48,,,2,33,,99042,48,,,1,73,,99057,48,,,1,32,,99073,48,,,2,73,,99050,48,,,2,33,,99043,48,,,1,72,,99061,48,,,1,31,,99064,48,,,1,72,,99058,48,,,2,31,,99051,48,,,2,69,,99044,48,,,1,30,,99062,48,,,1,71,,99065,48,,,1,33,,99059,48,,,2,73,,99052,48,,,2,23,,99045,48,,,1,65,,99063,48,,,1,31,,99079,48,,,1,71,,99060,48,,,2,30,,99053,48,,,2,66,,99046,48,,,1,29,,99077,48,,,1,70,,99066,48,,,1,30,,99054,48,,,2,71,,99047,48,,,1,30,,99078,48,,,1,70,,99067,48,,,1,31,,99075,48,,,1,76,,99048,48,,,1,90,,99068,48,,,1,90,,99076,48,,,1,54,,99069,48,,,1
4301,'H58M300F-70-F3',512,,99110,48,,,2,19,,99080,48,,,1,26,,99095,48,,,1,65,,99111,48,,,2,28,,99114,48,,,1,72,,99081,48,,,1,34,,99096,48,,,1,77,,99112,48,,,2,73,,99089,48,,,2,33,,99082,48,,,1,73,,99097,48,,,1,32,,99113,48,,,2,73,,99090,48,,,2,33,,99083,48,,,1,72,,99101,48,,,1,31,,99104,48,,,1,72,,99098,48,,,2,31,,99091,48,,,2,69,,99084,48,,,1,30,,99102,48,,,1,71,,99105,48,,,1,33,,99099,48,,,2,73,,99092,48,,,2,23,,99085,48,,,1,65,,99103,48,,,1,31,,99119,48,,,1,71,,99100,48,,,2,30,,99093,48,,,2,66,,99086,48,,,1,29,,99117,48,,,1,70,,99106,48,,,1,30,,99094,48,,,2,71,,99087,48,,,1,30,,99118,48,,,1,70,,99107,48,,,1,31,,99115,48,,,1,76,,99088,48,,,1,90,,99108,48,,,1,90,,99116,48,,,1,54,,99109,48,,,1
14001,'H51M000S-70-S',903,,130883,15,,,2
14001,'H54M000S-70-S',507,,130884,15,,,2
14001,'H58M000A-70-A',507,,130885,15,,,2,28,,130893,15,,,1,71,,130907,15,,,2,32,,130886,15,,,2,71,,130902,15,,,1,31,,130908,15,,,2,72,,130887,15,,,2,30,,130903,15,,,1,70,,130909,15,,,2,30,,130888,15,,,2,70,,130904,15,,,1,30,,130910,15,,,2,59,,130900,15,,,1,18,,130889,15,,,2,19,,130894,15,,,1,21,,130905,15,,,1,61,,130911,15,,,2,21,,130915,15,,,2,60,,130890,15,,,2,22,,130895,15,,,1,19,,130924,15,,,2,59,,130912,15,,,2,19,,130916,15,,,2,19,,130930,15,,,2,61,,130922,15,,,1,22,,130925,15,,,2,22,,130913,15,,,2,64,,130917,15,,,2,25,,130896,15,,,1,25,,130923,15,,,1,67,,130926,15,,,2,30,,130918,15,,,2,71,,130897,15,,,1,30,,130927,15,,,2,71,,130919,15,,,2,74,,130898,15,,,1,35,,130928,15,,,2,76,,130920,15,,,2,36,,130899,15,,,1,75,,130929,15,,,2,35,,130921,15,,,2,74,,130891,15,,,1,72,,130914,15,,,2,33,,130901,15,,,1,73,,130892,15,,,1,33,,130906,15,,,1
14001,'H58M000I-70-I',539,,130940,15,,,1,73,,130931,15,,,2,33,,130941,15,,,1,74,,130955,15,,,1,33,,130932,15,,,2,74,,130942,15,,,1,31,,130956,15,,,1,70,,130933,15,,,2,30,,130943,15,,,1,70,,130957,15,,,1,31,,130934,15,,,2,71,,130944,15,,,1,71,,130958,15,,,1,30,,130935,15,,,2,70,,130945,15,,,1,30,,130959,15,,,1,70,,130936,15,,,2,30,,130946,15,,,1,70,,130960,15,,,1,30,,130937,15,,,2,70,,130947,15,,,1,30,,130961,15,,,1,70,,130938,15,,,2,26,,130962,15,,,2,24,,130966,15,,,1,66,,130950,15,,,1,29,,130948,15,,,1,69,,130967,15,,,1,28,,130951,15,,,1,73,,130949,15,,,1,33,,130968,15,,,1,73,,130952,15,,,1,33,,130964,15,,,2,72,,130969,15,,,1,33,,130953,15,,,1,73,,130965,15,,,2,73,,130963,15,,,2,32,,130954,15,,,1,72,,130939,15,,,1
14001,'H58M000S-70-S',532,,130973,15,,,2,24,,130970,15,,,1,62,,130972,15,,,2,91,,130981,15,,,2,24,,130971,15,,,1,25,,130979,15,,,2,64,,130983,15,,,1,21,,130982,15,,,2,80,,130974,15,,,1,22,,130987,15,,,2,62,,130995,15,,,1,22,,130997,15,,,1,29,,130991,15,,,2,70,,130975,15,,,1,30,,130988,15,,,2,62,,130998,15,,,1,21,,130992,15,,,2,65,,130976,15,,,1,29,,130989,15,,,2,67,,130999,15,,,1,27,,130993,15,,,2,30,,130977,15,,,1,69,,130990,15,,,2,30,,131000,15,,,1,70,,130994,15,,,2,31,,130978,15,,,1,70,,131003,15,,,1,29,,131001,15,,,1,70,,131007,15,,,1,29,,130985,15,,,2,70,,131004,15,,,1,30,,131008,15,,,1,69,,130986,15,,,2,29,,131005,15,,,1,70,,131009,15,,,1,30,,130980,15,,,1,70,,130984,15,,,2,30,,130996,15,,,1,70,,131006,15,,,1,34,,131010,15,,,1,76,,131002,15,,,2,75,,131011,15,,,1
14001,'H58M100F-70-F1',539,,131036,15,,,1,73,,131027,15,,,1,33,,131025,15,,,1,74,,131013,15,,,1,33,,131029,15,,,1,74,,131037,15,,,1,31,,131014,15,,,1,70,,131030,15,,,1,30,,131038,15,,,1,70,,131015,15,,,1,31,,131031,15,,,1,71,,131039,15,,,1,71,,131016,15,,,1,30,,131032,15,,,1,70,,131040,15,,,1,30,,131017,15,,,1,70,,131033,15,,,1,30,,131041,15,,,1,70,,131018,15,,,1,30,,131034,15,,,1,70,,131042,15,,,1,30,,131019,15,,,1,70,,131035,15,,,1,26,,131049,15,,,1,24,,131043,15,,,1,66,,131020,15,,,1,29,,131026,15,,,1,69,,131044,15,,,1,28,,131021,15,,,1,73,,131028,15,,,1,33,,131045,15,,,1,73,,131022,15,,,1,33,,131047,15,,,1,72,,131046,15,,,1,33,,131023,15,,,1,73,,131048,15,,,1,73,,131050,15,,,1,32,,131024,15,,,1,72,,131012,15,,,1
14001,'H58M200F-70-F2',539,,131075,15,,,1,73,,131066,15,,,1,33,,131064,15,,,1,74,,131052,15,,,1,33,,131068,15,,,1,74,,131076,15,,,1,31,,131053,15,,,1,70,,131069,15,,,1,30,,131077,15,,,1,70,,131054,15,,,1,31,,131070,15,,,1,71,,131078,15,,,1,71,,131055,15,,,1,30,,131071,15,,,1,70,,131079,15,,,1,30,,131056,15,,,1,70,,131072,15,,,1,30,,131080,15,,,1,70,,131057,15,,,1,30,,131073,15,,,1,70,,131081,15,,,1,30,,131058,15,,,1,70,,131074,15,,,1,26,,131088,15,,,1,24,,131082,15,,,1,66,,131059,15,,,1,29,,131065,15,,,1,69,,131083,15,,,1,28,,131060,15,,,1,73,,131067,15,,,1,33,,131084,15,,,1,73,,131061,15,,,1,33,,131086,15,,,1,72,,131085,15,,,1,33,,131062,15,,,1,73,,131087,15,,,1,73,,131089,15,,,1,32,,131063,15,,,1,72,,131051,15,,,1
14001,'H58M300F-70-F3',539,,131114,15,,,1,73,,131105,15,,,1,33,,131103,15,,,1,74,,131091,15,,,1,33,,131107,15,,,1,74,,131115,15,,,1,31,,131092,15,,,1,70,,131108,15,,,1,30,,131116,15,,,1,70,,131093,15,,,1,31,,131109,15,,,1,71,,131117,15,,,1,71,,131094,15,,,1,30,,131110,15,,,1,70,,131118,15,,,1,30,,131095,15,,,1,70,,131111,15,,,1,30,,131119,15,,,1,70,,131096,15,,,1,30,,131112,15,,,1,70,,131120,15,,,1,30,,131097,15,,,1,70,,131113,15,,,1,26,,131127,15,,,1,24,,131121,15,,,1,66,,131098,15,,,1,29,,131104,15,,,1,69,,131122,15,,,1,28,,131099,15,,,1,73,,131106,15,,,1,33,,131123,15,,,1,73,,131100,15,,,1,33,,131125,15,,,1,72,,131124,15,,,1,33,,131101,15,,,1,73,,131126,15,,,1,73,,131128,15,,,1,32,,131102,15,,,1,72,,131090,15,,,1
14001,'H60M000S-71-S',647,,131129,15,,,2
