15002,'H59M000A-80-A',907,,202772,15,0,10,1,27,,202746,15,0,10,2,66,,202773,15,0,10,1,17,,202759,15,0,10,2,19,,202747,15,0,10,2,20,,202774,15,0,10,1,59,,202760,15,0,10,2,20,,202748,15,0,10,2,19,,202775,15,0,10,1,59,,202761,15,0,10,2,20,,202749,15,0,10,2,19,,202776,15,0,10,1,61,,202762,15,0,10,2,20,,202750,15,0,10,2,20,,202777,15,0,10,1,63,,202763,15,0,10,2,21,,202751,15,0,10,2,21,,202778,15,0,10,1,63,,202764,15,0,10,2,20,,202752,15,0,10,2,61,,202779,15,0,10,1,24,,202765,15,0,10,2,20,,202753,15,0,10,2,61,,202780,15,0,10,1,23,,202766,15,0,10,2,21,,202754,15,0,10,2,61,,202781,15,0,10,1,22,,202767,15,0,10,2,22,,202755,15,0,10,2,61,,202782,15,0,10,1,21,,202768,15,0,10,2,62,,202756,15,0,10,2,22,,202783,15,0,10,1,21,,202769,15,0,10,2,61,,202757,15,0,10,2,22,,202784,15,0,10,1,21,,202770,15,0,10,2,61,,202758,15,0,10,2,22,,202785,15,0,10,1,23,,202771,15,0,10,2,65,,202744,15,0,10,1,32,,202786,15,0,10,1,72,,202745,15,0,10,1,32,,202787,15,0,10,1
15002,'H59M000I-80-I',906,,202788,15,0,10,1,26,,202804,15,0,10,1,25,,202817,15,0,10,1,58,,202789,15,0,10,1,18,,202805,15,0,10,1,19,,202818,15,0,10,1,59,,202790,15,0,10,1,19,,202806,15,0,10,1,20,,202819,15,0,10,1,60,,202791,15,0,10,1,20,,202807,15,0,10,1,20,,202820,15,0,10,1,61,,202792,15,0,10,1,20,,202808,15,0,10,1,20,,202821,15,0,10,1,61,,202793,15,0,10,1,20,,202809,15,0,10,1,21,,202822,15,0,10,1,61,,202794,15,0,10,1,21,,202810,15,0,10,1,21,,202823,15,0,10,1,60,,202795,15,0,10,1,21,,202811,15,0,10,1,21,,202824,15,0,10,1,60,,202796,15,0,10,1,21,,202812,15,0,10,1,20,,202825,15,0,10,1,59,,202797,15,0,10,1,19,,202813,15,0,10,1,19,,202826,15,0,10,1,59,,202798,15,0,10,1,19,,202814,15,0,10,1,20,,202827,15,0,10,1,59,,202799,15,0,10,1,20,,202815,15,0,10,1,20,,202828,15,0,10,1,59,,202800,15,0,10,1,19,,202816,15,0,10,1,19,,202829,15,0,10,1,67,,202801,15,0,10,1,30,,202830,15,0,10,1,69,,202802,15,0,10,1,28,,202831,15,0,10,1,69,,202803,15,0,10,1,29,,202832,15,0,10,1
15002,'H59M000S-80-S',644,,202833,15,0,10,2,70,,202853,15,0,10,1,24,,202864,15,0,10,2,66,,202834,15,0,10,2,23,,202854,15,0,10,1,21,,202840,15,0,10,1,59,,202865,15,0,10,2,18,,202835,15,0,10,2,18,,202855,15,0,10,1,16,,202841,15,0,10,1,58,,202866,15,0,10,2,19,,202836,15,0,10,2,20,,202856,15,0,10,1,59,,202842,15,0,10,1,20,,202867,15,0,10,2,21,,202837,15,0,10,2,63,,202857,15,0,10,1,21,,202843,15,0,10,1,60,,202868,15,0,10,2,20,,202838,15,0,10,2,20,,202858,15,0,10,1,61,,202844,15,0,10,1,20,,202869,15,0,10,2,20,,202839,15,0,10,2,60,,202859,15,0,10,1,20,,202845,15,0,10,1,20,,202870,15,0,10,2,60,,202877,15,0,10,2,20,,202860,15,0,10,1,21,,202846,15,0,10,1,60,,202871,15,0,10,2,20,,202878,15,0,10,1,18,,202861,15,0,10,1,19,,202847,15,0,10,1,59,,202872,15,0,10,2,19,,202879,15,0,10,1,19,,202862,15,0,10,1,60,,202848,15,0,10,1,21,,202873,15,0,10,2,21,,202880,15,0,10,1,61,,202863,15,0,10,1,21,,202849,15,0,10,1,64,,202874,15,0,10,2,27,,202881,15,0,10,1,28,,202850,15,0,10,1,71,,202875,15,0,10,2,27,,202882,15,0,10,1,67,,202851,15,0,10,1,28,,202876,15,0,10,2,70,,202883,15,0,10,1,33,,202852,15,0,10,1
35002,'H56M000A-80-A',2513,,214136,14,0,10,1,40,,214141,14,0,10,1,69,,214144,14,0,10,2,10,,214134,14,0,10,2,10,,214143,14,0,10,1,9,,214138,14,0,10,1,50,,214132,14,0,10,1,10,,214133,14,0,10,1,10,,214137,14,0,10,1,10,,214139,14,0,10,1,10,,214140,14,0,10,2,10,,214146,14,0,10,2,50,,214142,14,0,10,1,11,,214135,14,0,10,2,21,,214145,14,0,10,2
35002,'H56M000I-80-I',2508,,214147,14,0,10,1,28,,214152,14,0,10,1,66,,214150,14,0,10,1,27,,214153,14,0,10,2,27,,214148,14,0,10,1,66,,214149,14,0,10,2,26,,214154,14,0,10,2,66,,214151,14,0,10,1
35002,'H56M000S-80-S',2511,,214160,14,0,10,1,45,,214156,14,0,10,2,92,,214159,14,0,10,1,86,,214155,14,0,10,1,69,,214157,14,0,10,2,15,,214158,14,0,10,1
35504,'H54M000A-80-A',2609,,214241,65,0,9,1,44,,214245,65,0,9,2,84,,214242,65,0,9,1,85,,214243,65,0,9,2,85,,214244,65,0,9,1,25,,214246,65,0,9,1
35504,'H54M000I-81-I',2603,,214247,65,0,9,1,45,,214251,65,0,9,1,86,,214249,65,0,9,1,86,,214252,65,0,9,1,88,,214248,65,0,9,1,29,,214250,65,0,9,2
35504,'H54M000S-81-S',2607,,214253,65,0,9,1,43,,214257,65,0,9,1,85,,214256,65,0,9,1,87,,214255,65,0,9,1,85,,214254,65,0,9,1,32,,214258,65,0,9,1
35802,'H59M000A-80-A',2515,,214374,22,0,10,2,29,,214369,22,0,10,1,71,,214375,22,0,10,2,31,,214370,22,0,10,1,69,,214376,22,0,10,2,20,,214373,22,0,10,1,17,,214371,22,0,10,1,67,,214377,22,0,10,2,30,,214372,22,0,10,1,69,,214378,22,0,10,2
35802,'H59M000I-80-I',2514,,214379,22,0,10,1,30,,214384,22,0,10,2,70,,214380,22,0,10,1,30,,214385,22,0,10,2,70,,214381,22,0,10,1,30,,214386,22,0,10,2,70,,214382,22,0,10,1,30,,214387,22,0,10,2,70,,214383,22,0,10,1
35802,'H59M000S-80-S',2515,,214388,22,0,10,2,30,,214393,22,0,10,1,70,,214389,22,0,10,2,30,,214394,22,0,10,1,70,,214390,22,0,10,2,30,,214395,22,0,10,1,70,,214391,22,0,10,2,30,,214396,22,0,10,1,70,,214392,22,0,10,2
35802,'H59M000S-80-SV',2630,,214400,22,0,10,2,70,,214397,22,0,10,2,30,,214401,22,0,10,2,70,,214398,22,0,10,2,30,,214402,22,0,10,2,70,,214399,22,0,10,2
36402,'H54M000A-80-A',2539,,214673,74,0,10,1,85,,214678,74,0,10,1,86,,214677,74,0,10,1,45,,214675,74,0,10,1,85,,214674,74,0,10,1,79,,214676,74,0,10,1
36402,'H54M000I-81-I',2538,,214680,74,0,10,1,85,,214683,74,0,10,1,85,,214682,74,0,10,2,46,,214679,74,0,10,1,84,,214681,74,0,10,1
36402,'H54M000S-81-S',2539,,214686,74,0,10,1,86,,214687,74,0,10,1,84,,214684,74,0,10,1,46,,214685,74,0,10,1,84,,214688,74,0,10,1
41002,'H57M000S-80-S',642,,215038,35,0,10,2,68,,215037,35,0,10,2,31,,215042,35,0,10,2,70,,215039,35,0,10,1,26,,215041,35,0,10,2,83,,215040,35,0,10,2
41002,'H59M000S-80-S',859,,215043,35,0,10,2,87,,215044,35,0,10,2
43002,'H51M000S-80-S',1137,,215384,30,0,10,1
43002,'H57M000S-80-S',632,,215385,30,0,10,1,72,,215396,30,0,10,2,111,,215392,30,0,10,1,31,,215393,30,0,10,2,69,,215395,30,0,10,2,27,,215394,30,0,10,1,66,,215389,30,0,10,1,31,,215387,30,0,10,1,69,,215388,30,0,10,1,94,,215391,30,0,10,1,30,,215390,30,0,10,2,69,,215386,30,0,10,1
43002,'H59M000S-80-S',738,,215397,30,0,10,2
74702,'H50M000A-81-A',456,,218046,5,0,116 117 118,1,57,,218048,5,0,116 117 118,1,16,,218067,5,0,116 117 118,1,15,,218076,5,0,116 117 118,1,10,,218077,5,0,116 117 118,1,49,,218059,5,0,116 117 118,1,9,,218078,5,0,116 117 118,1,9,,218079,5,0,116 117 118,1,10,,218049,5,0,116 117 118,1,11,,218047,5,0,116 117 118,1,13,,218090,5,0,116 117 118,1,57,,218068,5,0,116 117 118,1,20,,218060,5,0,116 117 118,1,20,,218080,5,0,116 117 118,1,59,,218050,5,0,116 117 118,1,19,,218091,5,0,116 117 118,1,20,,218069,5,0,116 117 118,1,59,,218061,5,0,116 117 118,1,15,,218081,5,0,116 117 118,1,11,,218095,5,0,116 117 118,1,10,,218051,5,0,116 117 118,1,10,,218101,5,0,116 117 118,1,49,,218092,5,0,116 117 118,1,8,,218112,5,0,116 117 118,1,8,,218122,5,0,116 117 118,1,9,,218070,5,0,116 117 118,1,9,,218125,5,0,116 117 118,1,9,,218062,5,0,116 117 118,1,9,,218096,5,0,116 117 118,1,48,,218082,5,0,116 117 118,1,15,,218102,5,0,116 117 118,1,7,,218052,5,0,116 117 118,1,7,,218113,5,0,116 117 118,1,13,,218093,5,0,116 117 118,1,6,,218134,5,0,116 117 118,1,53,,218071,5,0,116 117 118,1,6,,218144,5,0,116 117 118,1,5,,218126,5,0,116 117 118,1,12,,218156,5,0,116 117 118,1,12,,218097,5,0,116 117 118,1,14,,218124,5,0,116 117 118,1,51,,218153,5,0,116 117 118,1,13,,218053,5,0,116 117 118,1,12,,218064,5,0,116 117 118,1,13,,218135,5,0,116 117 118,1,13,,218072,5,0,116 117 118,1,54,,218127,5,0,116 117 118,1,12,,218157,5,0,116 117 118,1,12,,218098,5,0,116 117 118,1,14,,218085,5,0,116 117 118,1,53,,218146,5,0,116 117 118,1,13,,218105,5,0,116 117 118,1,12,,218116,5,0,116 117 118,1,5,,218169,5,0,116 117 118,1,10,,218160,5,0,116 117 118,1,12,,218155,5,0,116 117 118,1,53,,218055,5,0,116 117 118,1,12,,218066,5,0,116 117 118,1,6,,218181,5,0,116 117 118,1,5,,218137,5,0,116 117 118,1,12,,218086,5,0,116 117 118,1,13,,218147,5,0,116 117 118,1,54,,218106,5,0,116 117 118,1,18,,218170,5,0,116 117 118,1,16,,218161,5,0,116 117 118,1,16,,218075,5,0,116 117 118,1,56,,218130,5,0,116 117 118,1,18,,218118,5,0,116 117 118,1,19,,218138,5,0,116 117 118,1,57,,218107,5,0,116 117 118,1,18,,218171,5,0,116 117 118,1,17,,218088,5,0,116 117 118,1,9,,218131,5,0,116 117 118,1,59,,218119,5,0,116 117 118,1,17,,218139,5,0,116 117 118,1,19,,218150,5,0,116 117 118,1,62,,218164,5,0,116 117 118,1,16,,218132,5,0,116 117 118,1,18,,218120,5,0,116 117 118,1,58,,218140,5,0,116 117 118,1,18,,218151,5,0,116 117 118,1,19,,218165,5,0,116 117 118,1,17,,218133,5,0,116 117 118,1,61,,218121,5,0,116 117 118,1,16,,218141,5,0,116 117 118,1,17,,218152,5,0,116 117 118,1,59,,218166,5,0,116 117 118,1,24,,218176,5,0,116 117 118,1,74,,218142,5,0,116 117 118,1,40,,218167,5,0,116 117 118,1,80,,218177,5,0,116 117 118,1,80,,218143,5,0,116 117 118,1,40,,218168,5,0,116 117 118,1,80,,218178,5,0,116 117 118,1
74702,'H50M000I-81-I',456,,218185,5,0,116 117 118,1,57,,218187,5,0,116 117 118,1,16,,218206,5,0,116 117 118,1,15,,218215,5,0,116 117 118,1,10,,218216,5,0,116 117 118,1,49,,218198,5,0,116 117 118,1,9,,218217,5,0,116 117 118,1,9,,218218,5,0,116 117 118,1,10,,218188,5,0,116 117 118,1,11,,218186,5,0,116 117 118,1,13,,218229,5,0,116 117 118,1,57,,218207,5,0,116 117 118,1,20,,218199,5,0,116 117 118,1,20,,218219,5,0,116 117 118,1,59,,218189,5,0,116 117 118,1,19,,218230,5,0,116 117 118,1,20,,218208,5,0,116 117 118,1,59,,218200,5,0,116 117 118,1,15,,218220,5,0,116 117 118,1,11,,218234,5,0,116 117 118,1,10,,218190,5,0,116 117 118,1,10,,218240,5,0,116 117 118,1,49,,218231,5,0,116 117 118,1,8,,218251,5,0,116 117 118,1,8,,218261,5,0,116 117 118,1,9,,218209,5,0,116 117 118,1,9,,218264,5,0,116 117 118,1,9,,218201,5,0,116 117 118,1,9,,218235,5,0,116 117 118,1,48,,218221,5,0,116 117 118,1,15,,218241,5,0,116 117 118,1,7,,218191,5,0,116 117 118,1,7,,218252,5,0,116 117 118,1,13,,218232,5,0,116 117 118,1,6,,218273,5,0,116 117 118,1,53,,218210,5,0,116 117 118,1,6,,218283,5,0,116 117 118,1,5,,218265,5,0,116 117 118,1,12,,218295,5,0,116 117 118,1,12,,218236,5,0,116 117 118,1,14,,218263,5,0,116 117 118,1,51,,218292,5,0,116 117 118,1,13,,218192,5,0,116 117 118,1,12,,218203,5,0,116 117 118,1,13,,218274,5,0,116 117 118,1,13,,218211,5,0,116 117 118,1,54,,218266,5,0,116 117 118,1,12,,218296,5,0,116 117 118,1,12,,218237,5,0,116 117 118,1,14,,218224,5,0,116 117 118,1,53,,218285,5,0,116 117 118,1,13,,218244,5,0,116 117 118,1,12,,218255,5,0,116 117 118,1,5,,218308,5,0,116 117 118,1,10,,218299,5,0,116 117 118,1,12,,218294,5,0,116 117 118,1,53,,218194,5,0,116 117 118,1,12,,218205,5,0,116 117 118,1,6,,218320,5,0,116 117 118,1,5,,218276,5,0,116 117 118,1,12,,218225,5,0,116 117 118,1,13,,218286,5,0,116 117 118,1,54,,218245,5,0,116 117 118,1,18,,218309,5,0,116 117 118,1,16,,218300,5,0,116 117 118,1,16,,218214,5,0,116 117 118,1,56,,218269,5,0,116 117 118,1,18,,218257,5,0,116 117 118,1,19,,218277,5,0,116 117 118,1,57,,218246,5,0,116 117 118,1,18,,218310,5,0,116 117 118,1,17,,218227,5,0,116 117 118,1,9,,218270,5,0,116 117 118,1,59,,218258,5,0,116 117 118,1,17,,218278,5,0,116 117 118,1,19,,218289,5,0,116 117 118,1,62,,218303,5,0,116 117 118,1,16,,218271,5,0,116 117 118,1,18,,218259,5,0,116 117 118,1,58,,218279,5,0,116 117 118,1,18,,218290,5,0,116 117 118,1,19,,218304,5,0,116 117 118,1,17,,218272,5,0,116 117 118,1,61,,218260,5,0,116 117 118,1,16,,218280,5,0,116 117 118,1,17,,218291,5,0,116 117 118,1,59,,218305,5,0,116 117 118,1,24,,218315,5,0,116 117 118,1,74,,218281,5,0,116 117 118,1,40,,218306,5,0,116 117 118,1,80,,218316,5,0,116 117 118,1,80,,218282,5,0,116 117 118,1,40,,218307,5,0,116 117 118,1,80,,218317,5,0,116 117 118,1
74702,'H50M000S-81-S',500,,218324,5,0,116 117 118,1,33,,218346,5,0,116 117 118,1,68,,218334,5,0,116 117 118,1,17,,218359,5,0,116 117 118,1,17,,218325,5,0,116 117 118,1,13,,218361,5,0,116 117 118,1,53,,218347,5,0,116 117 118,1,15,,218349,5,0,116 117 118,1,15,,218335,5,0,116 117 118,1,16,,218368,5,0,116 117 118,1,58,,218360,5,0,116 117 118,1,19,,218362,5,0,116 117 118,1,19,,218326,5,0,116 117 118,1,59,,218350,5,0,116 117 118,1,12,,218381,5,0,116 117 118,1,11,,218387,5,0,116 117 118,1,11,,218336,5,0,116 117 118,1,11,,218369,5,0,116 117 118,1,10,,218396,5,0,116 117 118,1,50,,218363,5,0,116 117 118,1,10,,218405,5,0,116 117 118,1,9,,218327,5,0,116 117 118,1,10,,218411,5,0,116 117 118,1,10,,218351,5,0,116 117 118,1,58,,218382,5,0,116 117 118,1,9,,218388,5,0,116 117 118,1,16,,218337,5,0,116 117 118,1,7,,218397,5,0,116 117 118,1,15,,218406,5,0,116 117 118,1,54,,218364,5,0,116 117 118,1,6,,218420,5,0,116 117 118,1,13,,218412,5,0,116 117 118,1,15,,218371,5,0,116 117 118,1,15,,218389,5,0,116 117 118,1,53,,218429,5,0,116 117 118,1,11,,218338,5,0,116 117 118,1,5,,218433,5,0,116 117 118,1,10,,218353,5,0,116 117 118,1,5,,218436,5,0,116 117 118,1,12,,218384,5,0,116 117 118,1,54,,218421,5,0,116 117 118,1,13,,218413,5,0,116 117 118,1,15,,218372,5,0,116 117 118,1,13,,218390,5,0,116 117 118,1,13,,218430,5,0,116 117 118,1,53,,218339,5,0,116 117 118,1,6,,218409,5,0,116 117 118,1,13,,218400,5,0,116 117 118,1,7,,218354,5,0,116 117 118,1,12,,218367,5,0,116 117 118,1,53,,218440,5,0,116 117 118,1,13,,218332,5,0,116 117 118,1,13,,218435,5,0,116 117 118,1,13,,218438,5,0,116 117 118,1,66,,218386,5,0,116 117 118,1,16,,218423,5,0,116 117 118,1,12,,218410,5,0,116 117 118,1,13,,218401,5,0,116 117 118,1,58,,218392,5,0,116 117 118,1,14,,218432,5,0,116 117 118,1,7,,218445,5,0,116 117 118,1,19,,218416,5,0,116 117 118,1,58,,218356,5,0,116 117 118,1,19,,218442,5,0,116 117 118,1,18,,218402,5,0,116 117 118,1,18,,218393,5,0,116 117 118,1,57,,218446,5,0,116 117 118,1,19,,218417,5,0,116 117 118,1,18,,218357,5,0,116 117 118,1,56,,218443,5,0,116 117 118,1,18,,218403,5,0,116 117 118,1,13,,218394,5,0,116 117 118,1,19,,218447,5,0,116 117 118,1,60,,218418,5,0,116 117 118,1,19,,218358,5,0,116 117 118,1,20,,218444,5,0,116 117 118,1,59,,218404,5,0,116 117 118,1,12,,218452,5,0,116 117 118,1,13,,218380,5,0,116 117 118,1,15,,218419,5,0,116 117 118,1,59,,218449,5,0,116 117 118,1,32,,218455,5,0,116 117 118,1,73,,218453,5,0,116 117 118,1,32,,218450,5,0,116 117 118,1,92,,218456,5,0,116 117 118,1,92,,218451,5,0,116 117 118,1,92,,218457,5,0,116 117 118,1
