8501,'H59J000A-80-A',559,,29767,23,0,5,1,85,,29765,23,0,5,1,82,,29773,23,0,5,1,82,,29768,23,0,5,1,42,,29766,23,0,5,1,82,,29787,23,0,5,1,82,,29769,23,0,5,1,42,,29791,23,0,5,2,82,,29788,23,0,5,1,80,,29770,23,0,5,1,38,,29778,23,0,5,1,73,,29785,23,0,5,1,73,,29789,23,0,5,1,33,,29771,23,0,5,1,73,,29779,23,0,5,1,33,,29786,23,0,5,1,73,,29790,23,0,5,1,33,,29772,23,0,5,1,77,,29780,23,0,5,1,81,,29792,23,0,5,2,40,,29774,23,0,5,1,82,,29781,23,0,5,1,82,,29793,23,0,5,2,40,,29775,23,0,5,1,83,,29782,23,0,5,1,83,,29794,23,0,5,2,44,,29776,23,0,5,1,83,,29783,23,0,5,1,82,,29795,23,0,5,2,84,,29777,23,0,5,1,45,,29784,23,0,5,1
8501,'H59J000I-80-I',547,,29803,23,0,5,1,82,,29812,23,0,5,1,82,,29815,23,0,5,2,42,,29804,23,0,5,1,83,,29813,23,0,5,1,82,,29816,23,0,5,2,82,,29805,23,0,5,1,41,,29799,23,0,5,1,81,,29817,23,0,5,2,81,,29806,23,0,5,1,42,,29800,23,0,5,1,81,,29818,23,0,5,2,81,,29807,23,0,5,1,34,,29796,23,0,5,2,72,,29801,23,0,5,1,32,,29819,23,0,5,2,72,,29808,23,0,5,1,33,,29797,23,0,5,2,74,,29802,23,0,5,1,34,,29811,23,0,5,1,75,,29824,23,0,5,1,76,,29820,23,0,5,2,40,,29809,23,0,5,1,80,,29825,23,0,5,1,81,,29821,23,0,5,2,42,,29810,23,0,5,1,81,,29798,23,0,5,1,82,,29822,23,0,5,2,44,,29823,23,0,5,1,84,,29814,23,0,5,1,82,,29826,23,0,5,1
8501,'H59J000S-81-S',520,,29832,23,0,5,2,30,,29840,23,0,5,1,66,,29831,23,0,5,1,30,,29827,23,0,5,1,77,,29839,23,0,5,2,31,,29846,23,0,5,2,68,,29833,23,0,5,1,30,,29841,23,0,5,1,72,,29850,23,0,5,1,33,,29828,23,0,5,1,72,,29834,23,0,5,1,73,,29842,23,0,5,1,33,,29851,23,0,5,1,71,,29829,23,0,5,1,30,,29835,23,0,5,1,66,,29855,23,0,5,2,27,,29843,23,0,5,1,28,,29852,23,0,5,1,69,,29830,23,0,5,1,29,,29849,23,0,5,1,72,,29856,23,0,5,2,31,,29844,23,0,5,1,70,,29859,23,0,5,1,24,,29858,23,0,5,2,65,,29853,23,0,5,1,22,,29836,23,0,5,1,66,,29857,23,0,5,2,28,,29845,23,0,5,1,69,,29860,23,0,5,1,32,,29854,23,0,5,1,72,,29837,23,0,5,1,44,,29863,23,0,5,1,84,,29861,23,0,5,1,84,,29838,23,0,5,1,83,,29864,23,0,5,1,49,,29862,23,0,5,1,88,,29848,23,0,5,2,87,,29847,23,0,5,1
8501,'H59JV00A-80-A',559,,29868,23,0,5,1,85,,29865,23,0,5,1,82,,29867,23,0,5,1,82,,29869,23,0,5,1,42,,29866,23,0,5,1,82,,29885,23,0,5,1,82,,29870,23,0,5,1,42,,29893,23,0,5,2,82,,29886,23,0,5,1,80,,29871,23,0,5,1,38,,29878,23,0,5,1,73,,29894,23,0,5,1,73,,29887,23,0,5,1,33,,29872,23,0,5,1,73,,29879,23,0,5,1,33,,29895,23,0,5,1,73,,29888,23,0,5,1,33,,29873,23,0,5,1,77,,29880,23,0,5,1,81,,29889,23,0,5,2,40,,29874,23,0,5,1,82,,29881,23,0,5,1,82,,29890,23,0,5,2,40,,29875,23,0,5,1,83,,29882,23,0,5,1,83,,29891,23,0,5,2,44,,29876,23,0,5,1,83,,29883,23,0,5,1,82,,29892,23,0,5,2,84,,29877,23,0,5,1,45,,29884,23,0,5,1
8501,'H59JV00I-80-I',547,,29903,23,0,5,1,82,,29896,23,0,5,1,82,,29898,23,0,5,2,42,,29904,23,0,5,1,83,,29897,23,0,5,1,82,,29909,23,0,5,2,82,,29905,23,0,5,1,41,,29918,23,0,5,1,81,,29910,23,0,5,2,81,,29906,23,0,5,1,42,,29919,23,0,5,1,81,,29911,23,0,5,2,81,,29907,23,0,5,1,34,,29922,23,0,5,2,72,,29920,23,0,5,1,32,,29912,23,0,5,2,72,,29908,23,0,5,1,33,,29923,23,0,5,2,74,,29921,23,0,5,1,34,,29901,23,0,5,1,75,,29916,23,0,5,1,76,,29913,23,0,5,2,40,,29925,23,0,5,1,80,,29917,23,0,5,1,81,,29914,23,0,5,2,42,,29926,23,0,5,1,81,,29902,23,0,5,1,82,,29915,23,0,5,2,44,,29899,23,0,5,1,84,,29924,23,0,5,1,82,,29900,23,0,5,1
8501,'H59JV00S-83-S',520,,29930,23,0,5,2,30,,29943,23,0,5,1,66,,29963,23,0,5,1,30,,29932,23,0,5,1,77,,29942,23,0,5,2,31,,29927,23,0,5,2,68,,29933,23,0,5,1,30,,29944,23,0,5,1,72,,29955,23,0,5,1,33,,29939,23,0,5,1,72,,29934,23,0,5,1,73,,29945,23,0,5,1,33,,29956,23,0,5,1,71,,29940,23,0,5,1,30,,29935,23,0,5,1,66,,29949,23,0,5,2,27,,29946,23,0,5,1,28,,29957,23,0,5,1,69,,29941,23,0,5,1,29,,29960,23,0,5,1,72,,29950,23,0,5,2,31,,29947,23,0,5,1,70,,29953,23,0,5,1,24,,29952,23,0,5,1,65,,29958,23,0,5,1,22,,29936,23,0,5,1,66,,29951,23,0,5,2,28,,29948,23,0,5,1,69,,29954,23,0,5,1,32,,29959,23,0,5,1,72,,29937,23,0,5,1,44,,29928,23,0,5,1,84,,29961,23,0,5,1,84,,29938,23,0,5,1,83,,29929,23,0,5,1,49,,29962,23,0,5,1,88,,29931,23,0,5,2,87,,29964,23,0,5,1
36201,'H54J000A-80-A',2639,,75210,22,0,5,1,85,,75212,22,0,5,1,85,,75211,22,0,5,1,45,,75209,22,0,5,1
36201,'H54J000I-80-I',2553,,75217,22,0,5,1,85,,75213,22,0,5,1,84,,75215,22,0,5,1,85,,75214,22,0,5,1,45,,75216,22,0,5,1
36201,'H54J000S-83-S',2553,,75219,22,0,5,1,85,,75218,22,0,5,1,85,,75221,22,0,5,2,85,,75222,22,0,5,1,45,,75220,22,0,5,1
36201,'H54JV00A-80-A',2639,,75223,22,0,5,1,85,,75226,22,0,5,1,85,,75224,22,0,5,1,45,,75225,22,0,5,1
36201,'H54JV00I-80-I',2553,,75231,22,0,5,1,85,,75227,22,0,5,1,84,,75228,22,0,5,1,85,,75229,22,0,5,1,45,,75230,22,0,5,1
36201,'H54JV00S-80-S',2553,,75235,22,0,5,1,85,,75232,22,0,5,1,85,,75233,22,0,5,2,85,,75234,22,0,5,1,45,,75236,22,0,5,1
