16402,'H50J000S-83-S',742,,55179,41,0,10,1
16402,'H50JV00S-82-S',742,,55180,41,0,10,1
16402,'H51J000S-80-S',1454,,55181,41,0,10,1
16402,'H51JV00S-84-S',1454,,55182,41,0,10,1
16402,'H58J000S-81-S',820,,55183,41,0,10,2,697,,55184,41,0,10,2
16402,'H58J000S-83-S',820,,55185,41,0,10,2,697,,55186,41,0,10,2
16402,'H58JV00S-82-S',820,,55187,41,0,10,2,697,,55188,41,0,10,2
16402,'H60J000A-80-A',602,,55190,41,0,10,2,35,,55203,41,0,10,1,77,,55191,41,0,10,1,38,,55189,41,0,10,2,77,,55204,41,0,10,1,77,,55215,41,0,10,1,35,,55193,41,0,10,1,71,,55205,41,0,10,1,30,,55216,41,0,10,1,69,,55194,41,0,10,1,29,,55206,41,0,10,1,70,,55217,41,0,10,1,29,,55195,41,0,10,1,69,,55207,41,0,10,1,31,,55218,41,0,10,1,72,,55196,41,0,10,1,33,,55208,41,0,10,1,73,,55219,41,0,10,1,33,,55197,41,0,10,1,73,,55209,41,0,10,1,31,,55220,41,0,10,1,70,,55198,41,0,10,1,30,,55210,41,0,10,1,67,,55221,41,0,10,1,18,,55227,41,0,10,1,19,,55199,41,0,10,1,64,,55211,41,0,10,1,29,,55222,41,0,10,1,70,,55200,41,0,10,1,29,,55212,41,0,10,1,69,,55223,41,0,10,1,30,,55201,41,0,10,1,70,,55213,41,0,10,1,30,,55224,41,0,10,1,69,,55202,41,0,10,1,31,,55214,41,0,10,1,70,,55225,41,0,10,1,30,,55228,41,0,10,1,70,,55229,41,0,10,1,30,,55192,41,0,10,1,71,,55226,41,0,10,1
16402,'H60J000I-80-I',557,,55230,41,0,10,1,76,,55244,41,0,10,2,76,,55231,41,0,10,1,37,,55245,41,0,10,2,80,,55232,41,0,10,1,79,,55246,41,0,10,2,38,,55233,41,0,10,1,70,,55259,41,0,10,1,29,,55247,41,0,10,2,69,,55234,41,0,10,1,30,,55260,41,0,10,1,68,,55248,41,0,10,2,30,,55235,41,0,10,1,68,,55261,41,0,10,1,29,,55249,41,0,10,2,69,,55236,41,0,10,1,29,,55262,41,0,10,1,69,,55250,41,0,10,2,29,,55237,41,0,10,1,69,,55263,41,0,10,1,30,,55251,41,0,10,2,69,,55238,41,0,10,1,29,,55264,41,0,10,1,29,,55252,41,0,10,2,68,,55239,41,0,10,1,28,,55265,41,0,10,1,68,,55253,41,0,10,2,29,,55240,41,0,10,1,69,,55266,41,0,10,1,28,,55254,41,0,10,2,68,,55241,41,0,10,1,28,,55267,41,0,10,1,67,,55255,41,0,10,2,27,,55242,41,0,10,1,69,,55268,41,0,10,1,32,,55256,41,0,10,2,71,,55243,41,0,10,1,32,,55257,41,0,10,2,72,,55258,41,0,10,1,30,,55269,41,0,10,2
16402,'H60J000S-98-S',607,,55271,41,0,10,1,33,,55272,41,0,10,1,69,,55275,41,0,10,1,95,,55278,41,0,10,1,37,,55283,41,0,10,1,68,,55288,41,0,10,1,27,,55279,41,0,10,1,65,,55293,41,0,10,1,26,,55284,41,0,10,1,27,,55289,41,0,10,1,63,,55280,41,0,10,1,24,,55294,41,0,10,1,67,,55285,41,0,10,1,26,,55290,41,0,10,1,22,,55281,41,0,10,1,59,,55295,41,0,10,1,19,,55297,41,0,10,1,18,,55286,41,0,10,1,61,,55291,41,0,10,1,19,,55282,41,0,10,1,102,,55298,41,0,10,1,21,,55306,41,0,10,1,57,,55292,41,0,10,1,14,,55310,41,0,10,2,13,,55311,41,0,10,1,14,,55313,41,0,10,2,51,,55273,41,0,10,1,10,,55301,41,0,10,1,12,,55312,41,0,10,1,10,,55299,41,0,10,1,10,,55309,41,0,10,2,11,,55316,41,0,10,1,51,,55315,41,0,10,2,11,,55296,41,0,10,1,13,,55287,41,0,10,1,13,,55314,41,0,10,2,14,,55302,41,0,10,1,54,,55300,41,0,10,1,23,,55317,41,0,10,1,66,,55307,41,0,10,1,28,,55303,41,0,10,1,29,,55318,41,0,10,1,70,,55308,41,0,10,1,71,,55304,41,0,10,1,31,,55319,41,0,10,1,69,,55274,41,0,10,1,32,,55305,41,0,10,1,73,,55320,41,0,10,1,33,,55276,41,0,10,1,79,,55270,41,0,10,1,39,,55277,41,0,10,1
16402,'H60JV00A-80-A',602,,55361,41,0,10,2,35,,55346,41,0,10,1,77,,55322,41,0,10,1,38,,55358,41,0,10,2,77,,55347,41,0,10,1,77,,55334,41,0,10,1,35,,55324,41,0,10,1,71,,55348,41,0,10,1,30,,55335,41,0,10,1,69,,55325,41,0,10,1,29,,55349,41,0,10,1,70,,55336,41,0,10,1,29,,55326,41,0,10,1,69,,55350,41,0,10,1,31,,55337,41,0,10,1,72,,55327,41,0,10,1,33,,55351,41,0,10,1,73,,55338,41,0,10,1,33,,55328,41,0,10,1,73,,55352,41,0,10,1,31,,55339,41,0,10,1,70,,55329,41,0,10,1,30,,55353,41,0,10,1,67,,55340,41,0,10,1,18,,55321,41,0,10,1,19,,55330,41,0,10,1,64,,55354,41,0,10,1,29,,55341,41,0,10,1,70,,55331,41,0,10,1,29,,55355,41,0,10,1,69,,55342,41,0,10,1,30,,55332,41,0,10,1,70,,55356,41,0,10,1,30,,55343,41,0,10,1,69,,55333,41,0,10,1,31,,55357,41,0,10,1,70,,55344,41,0,10,1,30,,55323,41,0,10,1,70,,55360,41,0,10,1,30,,55359,41,0,10,1,71,,55345,41,0,10,1
16402,'H60JV00I-80-I',557,,55362,41,0,10,1,76,,55376,41,0,10,2,76,,55363,41,0,10,1,37,,55377,41,0,10,2,80,,55364,41,0,10,1,79,,55378,41,0,10,2,38,,55365,41,0,10,1,70,,55389,41,0,10,1,29,,55379,41,0,10,2,69,,55366,41,0,10,1,30,,55390,41,0,10,1,68,,55380,41,0,10,2,30,,55367,41,0,10,1,68,,55391,41,0,10,1,29,,55381,41,0,10,2,69,,55368,41,0,10,1,29,,55392,41,0,10,1,69,,55382,41,0,10,2,29,,55369,41,0,10,1,69,,55393,41,0,10,1,30,,55383,41,0,10,2,69,,55370,41,0,10,1,29,,55394,41,0,10,1,29,,55384,41,0,10,2,68,,55371,41,0,10,1,28,,55395,41,0,10,1,68,,55385,41,0,10,2,29,,55372,41,0,10,1,69,,55396,41,0,10,1,28,,55386,41,0,10,2,68,,55373,41,0,10,1,28,,55397,41,0,10,1,67,,55387,41,0,10,2,27,,55374,41,0,10,1,69,,55398,41,0,10,1,32,,55388,41,0,10,2,71,,55375,41,0,10,1,32,,55401,41,0,10,2,72,,55399,41,0,10,1,30,,55400,41,0,10,2
16402,'H60JV00S-98-S',607,,55408,41,0,10,1,33,,55446,41,0,10,1,69,,55410,41,0,10,1,95,,55409,41,0,10,1,37,,55403,41,0,10,1,68,,55415,41,0,10,1,27,,55411,41,0,10,1,65,,55420,41,0,10,1,26,,55404,41,0,10,1,27,,55416,41,0,10,1,63,,55412,41,0,10,1,24,,55421,41,0,10,1,67,,55405,41,0,10,1,26,,55417,41,0,10,1,22,,55413,41,0,10,1,59,,55422,41,0,10,1,19,,55424,41,0,10,1,18,,55406,41,0,10,1,61,,55418,41,0,10,1,19,,55414,41,0,10,1,102,,55425,41,0,10,1,21,,55443,41,0,10,1,57,,55419,41,0,10,1,14,,55433,41,0,10,1,13,,55444,41,0,10,1,14,,55434,41,0,10,2,51,,55447,41,0,10,1,10,,55428,41,0,10,1,12,,55449,41,0,10,1,10,,55426,41,0,10,1,10,,55402,41,0,10,2,11,,55438,41,0,10,1,51,,55407,41,0,10,2,11,,55423,41,0,10,1,13,,55448,41,0,10,1,13,,55435,41,0,10,2,14,,55429,41,0,10,1,54,,55427,41,0,10,1,23,,55439,41,0,10,1,66,,55436,41,0,10,1,28,,55430,41,0,10,1,29,,55440,41,0,10,1,70,,55437,41,0,10,1,71,,55431,41,0,10,1,31,,55441,41,0,10,1,69,,55450,41,0,10,1,32,,55432,41,0,10,1,73,,55442,41,0,10,1,33,,55451,41,0,10,1,79,,55445,41,0,10,1,39,,55452,41,0,10,1
