2803,'H54J000A-80-A',500,,7131,1,0,8,1,29,,7119,1,0,8,1,72,,7133,1,0,8,1,32,,7149,1,0,8,1,72,,7120,1,0,8,1,33,,7134,1,0,8,1,73,,7146,1,0,8,1,33,,7121,1,0,8,1,73,,7135,1,0,8,1,32,,7147,1,0,8,1,72,,7122,1,0,8,1,31,,7136,1,0,8,1,67,,7155,1,0,8,2,27,,7148,1,0,8,1,67,,7123,1,0,8,1,31,,7137,1,0,8,1,72,,7156,1,0,8,2,32,,7124,1,0,8,1,72,,7138,1,0,8,1,31,,7157,1,0,8,2,71,,7125,1,0,8,1,31,,7139,1,0,8,1,71,,7158,1,0,8,2,32,,7126,1,0,8,1,72,,7140,1,0,8,1,72,,7159,1,0,8,2,33,,7127,1,0,8,1,73,,7141,1,0,8,1,34,,7150,1,0,8,1,74,,7128,1,0,8,1,34,,7142,1,0,8,1,74,,7151,1,0,8,1,33,,7129,1,0,8,1,73,,7143,1,0,8,1,73,,7152,1,0,8,1,33,,7130,1,0,8,1,73,,7144,1,0,8,1,33,,7153,1,0,8,1,73,,7132,1,0,8,1,33,,7145,1,0,8,1,73,,7154,1,0,8,1
2803,'H54J000I-80-I',500,,7163,1,0,8,1,23,,7165,1,0,8,1,32,,7164,1,0,8,1,72,,7176,1,0,8,2,73,,7166,1,0,8,1,32,,7179,1,0,8,1,72,,7177,1,0,8,2,32,,7180,1,0,8,1,72,,7191,1,0,8,1,32,,7178,1,0,8,2,72,,7181,1,0,8,1,24,,7162,1,0,8,1,64,,7192,1,0,8,1,31,,7167,1,0,8,2,71,,7182,1,0,8,1,32,,7193,1,0,8,1,72,,7168,1,0,8,2,32,,7183,1,0,8,1,72,,7194,1,0,8,1,32,,7169,1,0,8,2,73,,7184,1,0,8,1,33,,7195,1,0,8,1,73,,7170,1,0,8,2,33,,7185,1,0,8,1,73,,7196,1,0,8,1,73,,7171,1,0,8,2,33,,7186,1,0,8,1,73,,7197,1,0,8,1,33,,7172,1,0,8,2,73,,7187,1,0,8,1,33,,7198,1,0,8,1,73,,7173,1,0,8,2,33,,7188,1,0,8,1,73,,7199,1,0,8,1,33,,7174,1,0,8,2,73,,7160,1,0,8,1,73,,7189,1,0,8,1,33,,7175,1,0,8,2,73,,7161,1,0,8,1,34,,7190,1,0,8,1
2803,'H54J000S-83-S',500,,7205,1,0,8,1,31,,7212,1,0,8,1,15,,7206,1,0,8,1,63,,7215,1,0,8,1,10,,7211,1,0,8,2,11,,7214,1,0,8,1,11,,7218,1,0,8,2,9,,7207,1,0,8,1,58,,7200,1,0,8,1,8,,7213,1,0,8,1,9,,7224,1,0,8,2,10,,7223,1,0,8,2,11,,7228,1,0,8,2,8,,7216,1,0,8,1,46,,7225,1,0,8,1,13,,7229,1,0,8,2,26,,7219,1,0,8,2,70,,7201,1,0,8,1,31,,7226,1,0,8,1,71,,7220,1,0,8,2,31,,7202,1,0,8,1,71,,7227,1,0,8,1,32,,7221,1,0,8,2,71,,7203,1,0,8,1,28,,7230,1,0,8,1,68,,7233,1,0,8,1,28,,7222,1,0,8,2,71,,7234,1,0,8,2,31,,7231,1,0,8,1,103,,7240,1,0,8,2,70,,7248,1,0,8,1,30,,7232,1,0,8,1,69,,7249,1,0,8,2,26,,7241,1,0,8,2,71,,7235,1,0,8,1,31,,7208,1,0,8,1,71,,7242,1,0,8,2,31,,7236,1,0,8,1,71,,7209,1,0,8,1,31,,7243,1,0,8,2,70,,7237,1,0,8,1,29,,7210,1,0,8,1,71,,7244,1,0,8,2,30,,7238,1,0,8,1,69,,7253,1,0,8,2,31,,7245,1,0,8,2,70,,7239,1,0,8,1,30,,7254,1,0,8,2,70,,7246,1,0,8,2,30,,7250,1,0,8,1
2803,'H54JV00A-80-A',500,,7295,1,0,8,1,29,,7255,1,0,8,1,72,,7267,1,0,8,1,32,,7284,1,0,8,1,72,,7256,1,0,8,1,33,,7268,1,0,8,1,73,,7292,1,0,8,1,33,,7257,1,0,8,1,73,,7269,1,0,8,1,32,,7293,1,0,8,1,72,,7258,1,0,8,1,31,,7270,1,0,8,1,67,,7291,1,0,8,2,27,,7294,1,0,8,1,67,,7259,1,0,8,1,31,,7271,1,0,8,1,72,,7280,1,0,8,2,32,,7260,1,0,8,1,72,,7272,1,0,8,1,31,,7281,1,0,8,2,71,,7261,1,0,8,1,31,,7273,1,0,8,1,71,,7282,1,0,8,2,32,,7262,1,0,8,1,72,,7274,1,0,8,1,72,,7283,1,0,8,2,33,,7263,1,0,8,1,73,,7275,1,0,8,1,34,,7285,1,0,8,1,74,,7264,1,0,8,1,34,,7276,1,0,8,1,74,,7286,1,0,8,1,33,,7265,1,0,8,1,73,,7277,1,0,8,1,73,,7287,1,0,8,1,33,,7266,1,0,8,1,73,,7278,1,0,8,1,33,,7288,1,0,8,1,73,,7290,1,0,8,1,33,,7279,1,0,8,1,73,,7289,1,0,8,1
2803,'H54JV00I-80-I',500,,7335,1,0,8,1,23,,7331,1,0,8,1,32,,7325,1,0,8,1,72,,7326,1,0,8,2,73,,7332,1,0,8,1,32,,7334,1,0,8,1,72,,7327,1,0,8,2,32,,7305,1,0,8,1,72,,7316,1,0,8,1,32,,7328,1,0,8,2,72,,7306,1,0,8,1,24,,7333,1,0,8,1,64,,7317,1,0,8,1,31,,7296,1,0,8,2,71,,7307,1,0,8,1,32,,7318,1,0,8,1,72,,7297,1,0,8,2,32,,7308,1,0,8,1,72,,7319,1,0,8,1,32,,7298,1,0,8,2,73,,7309,1,0,8,1,33,,7320,1,0,8,1,73,,7299,1,0,8,2,33,,7310,1,0,8,1,73,,7321,1,0,8,1,73,,7300,1,0,8,2,33,,7311,1,0,8,1,73,,7322,1,0,8,1,33,,7301,1,0,8,2,73,,7312,1,0,8,1,33,,7323,1,0,8,1,73,,7302,1,0,8,2,33,,7313,1,0,8,1,73,,7324,1,0,8,1,33,,7303,1,0,8,2,73,,7329,1,0,8,1,73,,7314,1,0,8,1,33,,7304,1,0,8,2,73,,7330,1,0,8,1,34,,7315,1,0,8,1
2803,'H54JV00S-80-S',500,,7337,1,0,8,1,31,,7350,1,0,8,1,15,,7346,1,0,8,1,63,,7353,1,0,8,1,10,,7349,1,0,8,2,11,,7352,1,0,8,1,11,,7360,1,0,8,2,9,,7347,1,0,8,1,58,,7356,1,0,8,1,8,,7351,1,0,8,1,9,,7361,1,0,8,2,10,,7355,1,0,8,2,11,,7362,1,0,8,1,8,,7354,1,0,8,1,46,,7367,1,0,8,1,13,,7370,1,0,8,2,26,,7343,1,0,8,1,70,,7357,1,0,8,1,31,,7368,1,0,8,1,71,,7344,1,0,8,1,31,,7358,1,0,8,1,71,,7369,1,0,8,1,32,,7345,1,0,8,1,71,,7359,1,0,8,1,28,,7371,1,0,8,1,68,,7374,1,0,8,1,28,,7375,1,0,8,2,71,,7377,1,0,8,2,31,,7372,1,0,8,1,103,,7378,1,0,8,2,70,,7380,1,0,8,1,30,,7373,1,0,8,1,69,,7381,1,0,8,2,26,,7385,1,0,8,2,71,,7338,1,0,8,1,31,,7363,1,0,8,1,71,,7386,1,0,8,2,31,,7339,1,0,8,1,71,,7364,1,0,8,1,31,,7387,1,0,8,2,70,,7340,1,0,8,1,29,,7365,1,0,8,1,71,,7388,1,0,8,2,30,,7341,1,0,8,1,69,,7366,1,0,8,1,31,,7389,1,0,8,2,70,,7342,1,0,8,1,30,,7383,1,0,8,1,70,,7390,1,0,8,2,30,,7348,1,0,8,1
2803,'H57J000S-81-S',558,,7391,1,0,8,2,173,,7392,1,0,8,1,783,,7393,1,0,8,2
2803,'H57JV00S-83-S',558,,7394,1,0,8,2,173,,7395,1,0,8,1,783,,7396,1,0,8,2
2803,'H58J000S-81-S',659,,7397,1,0,8,2
2803,'H58J000S-83-S',659,,7398,1,0,8,2
2803,'H58JV00S-82-S',659,,7399,1,0,8,2
2804,'H50J000S-83-S',913,,7400,41,4,,2
2804,'H50JV00S-82-S',913,,7401,41,4,,2
2804,'H54J000A-80-A',538,,7414,41,4,,1,75,,7430,41,4,,1,35,,7402,41,4,,1,75,,7415,41,4,,1,35,,7431,41,4,,1,75,,7403,41,4,,1,74,,7416,41,4,,1,34,,7428,41,4,,1,73,,7404,41,4,,1,33,,7417,41,4,,1,75,,7429,41,4,,1,34,,7405,41,4,,1,74,,7418,41,4,,1,74,,7437,41,4,,2,34,,7406,41,4,,1,74,,7419,41,4,,1,34,,7438,41,4,,2,72,,7407,41,4,,1,31,,7420,41,4,,1,71,,7439,41,4,,2,32,,7408,41,4,,1,72,,7421,41,4,,1,32,,7440,41,4,,2,73,,7409,41,4,,1,73,,7422,41,4,,1,32,,7432,41,4,,1,73,,7410,41,4,,1,33,,7423,41,4,,1,73,,7433,41,4,,1,33,,7411,41,4,,1,72,,7424,41,4,,1,32,,7434,41,4,,1,70,,7412,41,4,,1,31,,7425,41,4,,1,72,,7435,41,4,,1,33,,7413,41,4,,1,73,,7426,41,4,,1,72,,7436,41,4,,1,23,,7427,41,4,,1
2804,'H54J000I-80-I',534,,7442,41,4,,1,74,,7452,41,4,,2,34,,7443,41,4,,1,75,,7456,41,4,,1,34,,7453,41,4,,2,74,,7457,41,4,,1,34,,7468,41,4,,1,74,,7454,41,4,,2,74,,7458,41,4,,1,35,,7469,41,4,,1,74,,7455,41,4,,2,35,,7459,41,4,,1,74,,7470,41,4,,1,75,,7444,41,4,,2,32,,7460,41,4,,1,72,,7471,41,4,,1,32,,7445,41,4,,2,71,,7461,41,4,,1,31,,7472,41,4,,1,71,,7446,41,4,,2,32,,7462,41,4,,1,74,,7473,41,4,,1,34,,7447,41,4,,2,74,,7463,41,4,,1,33,,7474,41,4,,1,74,,7448,41,4,,2,73,,7464,41,4,,1,32,,7475,41,4,,1,73,,7449,41,4,,2,33,,7465,41,4,,1,73,,7476,41,4,,1,33,,7450,41,4,,2,72,,7478,41,4,,1,32,,7466,41,4,,1,69,,7451,41,4,,2,30,,7441,41,4,,1,70,,7467,41,4,,1,24,,7477,41,4,,1
2804,'H54J000S-83-S',536,,7483,41,4,,1,69,,7488,41,4,,1,32,,7490,41,4,,2,73,,7487,41,4,,1,37,,7489,41,4,,1,72,,7491,41,4,,2,25,,7479,41,4,,1,92,,7497,41,4,,1,71,,7492,41,4,,2,31,,7480,41,4,,1,70,,7498,41,4,,1,33,,7493,41,4,,2,71,,7481,41,4,,1,32,,7499,41,4,,1,72,,7494,41,4,,2,31,,7482,41,4,,1,69,,7506,41,4,,1,29,,7509,41,4,,1,70,,7495,41,4,,2,19,,7517,41,4,,2,18,,7510,41,4,,2,58,,7524,41,4,,1,18,,7507,41,4,,1,19,,7516,41,4,,2,79,,7518,41,4,,2,18,,7527,41,4,,1,57,,7511,41,4,,1,21,,7508,41,4,,1,23,,7525,41,4,,2,64,,7519,41,4,,2,31,,7512,41,4,,1,71,,7484,41,4,,1,30,,7520,41,4,,2,70,,7513,41,4,,1,30,,7485,41,4,,1,71,,7521,41,4,,2,30,,7514,41,4,,1,69,,7486,41,4,,1,31,,7522,41,4,,2,70,,7515,41,4,,1,29,,7528,41,4,,2,69,,7523,41,4,,2,33,,7526,41,4,,1
2804,'H54JV00A-80-A',538,,7541,41,4,,1,75,,7558,41,4,,1,35,,7529,41,4,,1,75,,7542,41,4,,1,35,,7559,41,4,,1,75,,7530,41,4,,1,74,,7543,41,4,,1,34,,7565,41,4,,1,73,,7531,41,4,,1,33,,7544,41,4,,1,75,,7566,41,4,,1,34,,7532,41,4,,1,74,,7545,41,4,,1,74,,7554,41,4,,2,34,,7533,41,4,,1,74,,7546,41,4,,1,34,,7555,41,4,,2,72,,7534,41,4,,1,31,,7547,41,4,,1,71,,7556,41,4,,2,32,,7535,41,4,,1,72,,7548,41,4,,1,32,,7557,41,4,,2,73,,7536,41,4,,1,73,,7549,41,4,,1,32,,7560,41,4,,1,73,,7537,41,4,,1,33,,7550,41,4,,1,73,,7561,41,4,,1,33,,7538,41,4,,1,72,,7551,41,4,,1,32,,7562,41,4,,1,70,,7539,41,4,,1,31,,7552,41,4,,1,72,,7563,41,4,,1,33,,7540,41,4,,1,73,,7553,41,4,,1,72,,7564,41,4,,1,23,,7567,41,4,,1
2804,'H54JV00I-80-I',534,,7602,41,4,,1,74,,7596,41,4,,2,34,,7603,41,4,,1,75,,7605,41,4,,1,34,,7597,41,4,,2,74,,7576,41,4,,1,34,,7587,41,4,,1,74,,7598,41,4,,2,74,,7577,41,4,,1,35,,7588,41,4,,1,74,,7599,41,4,,2,35,,7578,41,4,,1,74,,7589,41,4,,1,75,,7568,41,4,,2,32,,7579,41,4,,1,72,,7590,41,4,,1,32,,7569,41,4,,2,71,,7580,41,4,,1,31,,7591,41,4,,1,71,,7570,41,4,,2,32,,7581,41,4,,1,74,,7592,41,4,,1,34,,7571,41,4,,2,74,,7582,41,4,,1,33,,7593,41,4,,1,74,,7572,41,4,,2,73,,7583,41,4,,1,32,,7594,41,4,,1,73,,7573,41,4,,2,33,,7584,41,4,,1,73,,7595,41,4,,1,33,,7574,41,4,,2,72,,7604,41,4,,1,32,,7585,41,4,,1,69,,7575,41,4,,2,30,,7601,41,4,,1,70,,7586,41,4,,1,24,,7600,41,4,,1
2804,'H54JV00S-80-S',536,,7614,41,4,,1,69,,7619,41,4,,1,32,,7626,41,4,,2,73,,7617,41,4,,1,37,,7620,41,4,,1,72,,7627,41,4,,2,25,,7621,41,4,,1,92,,7632,41,4,,1,71,,7611,41,4,,1,31,,7622,41,4,,1,70,,7633,41,4,,1,33,,7612,41,4,,1,71,,7623,41,4,,1,32,,7634,41,4,,1,72,,7613,41,4,,1,31,,7624,41,4,,1,69,,7638,41,4,,1,29,,7641,41,4,,1,70,,7642,41,4,,2,19,,7644,41,4,,2,18,,7643,41,4,,2,58,,7645,41,4,,1,18,,7639,41,4,,1,19,,7647,41,4,,2,79,,7649,41,4,,2,18,,7655,41,4,,1,57,,7606,41,4,,1,21,,7640,41,4,,1,23,,7646,41,4,,2,64,,7650,41,4,,2,31,,7607,41,4,,1,71,,7629,41,4,,1,30,,7651,41,4,,2,70,,7608,41,4,,1,30,,7630,41,4,,1,71,,7652,41,4,,2,30,,7609,41,4,,1,69,,7631,41,4,,1,31,,7653,41,4,,2,70,,7610,41,4,,1,29,,7648,41,4,,1,69,,7654,41,4,,2,33,,7615,41,4,,1
2804,'H57J000S-81-S',1709,,7656,41,4,,2
2804,'H57JV00S-83-S',1709,,7657,41,4,,2
