9301,'H50U000A-82-A',525,,243804,16,0,5,1,30,,243766,16,0,5,1,70,,243805,16,0,5,1,30,,243767,16,0,5,1,70,,243785,16,0,5,1,32,,243768,16,0,5,1,70,,243786,16,0,5,1,29,,243769,16,0,5,1,70,,243787,16,0,5,1,30,,243770,16,0,5,1,70,,243788,16,0,5,1,33,,243771,16,0,5,1,71,,243789,16,0,5,1,71,,243772,16,0,5,1,31,,243790,16,0,5,1,74,,243773,16,0,5,1,33,,243791,16,0,5,1,73,,243774,16,0,5,1,32,,243792,16,0,5,1,66,,243793,16,0,5,1,33,,243775,16,0,5,1,72,,243794,16,0,5,1,33,,243776,16,0,5,1,73,,243795,16,0,5,1,29,,243777,16,0,5,1,71,,243796,16,0,5,1,28,,243778,16,0,5,1,70,,243797,16,0,5,1,28,,243779,16,0,5,1,70,,243798,16,0,5,1,28,,243780,16,0,5,1,69,,243799,16,0,5,1,28,,243781,16,0,5,1,69,,243800,16,0,5,1,29,,243782,16,0,5,1,69,,243801,16,0,5,1,29,,243783,16,0,5,1,69,,243802,16,0,5,1,30,,243784,16,0,5,1,70,,243803,16,0,5,1
9301,'H50U000I-82-I',544,,243806,16,0,5,1,70,,243826,16,0,5,2,30,,243807,16,0,5,1,70,,243827,16,0,5,2,30,,243808,16,0,5,1,70,,243828,16,0,5,2,32,,243809,16,0,5,1,70,,243829,16,0,5,2,33,,243810,16,0,5,1,70,,243830,16,0,5,2,30,,243811,16,0,5,1,70,,243831,16,0,5,2,30,,243812,16,0,5,1,70,,243832,16,0,5,2,33,,243813,16,0,5,1,70,,243833,16,0,5,2,30,,243814,16,0,5,1,70,,243834,16,0,5,2,30,,243815,16,0,5,1,70,,243835,16,0,5,2,32,,243816,16,0,5,1,69,,243836,16,0,5,2,32,,243817,16,0,5,1,69,,243837,16,0,5,2,31,,243818,16,0,5,1,69,,243838,16,0,5,2,27,,243819,16,0,5,1,69,,243839,16,0,5,2,29,,243820,16,0,5,1,70,,243840,16,0,5,2,30,,243821,16,0,5,1,70,,243841,16,0,5,2,30,,243822,16,0,5,1,70,,243842,16,0,5,2,30,,243823,16,0,5,1,69,,243843,16,0,5,2,29,,243824,16,0,5,1,70,,243844,16,0,5,2,29,,243825,16,0,5,1,69,,243845,16,0,5,2
9301,'H50U000S-83-S',526,,243856,16,0,5,1,30,,243847,16,0,5,2,70,,243857,16,0,5,1,32,,243846,16,0,5,2,71,,243858,16,0,5,1,30,,243848,16,0,5,2,69,,243859,16,0,5,1,31,,243849,16,0,5,2,70,,243860,16,0,5,1,71,,243850,16,0,5,2,29,,243861,16,0,5,1,71,,243851,16,0,5,2,30,,243862,16,0,5,1,70,,243852,16,0,5,2,32,,243863,16,0,5,1,68,,243853,16,0,5,2,35,,243864,16,0,5,1,72,,243854,16,0,5,2,33,,243865,16,0,5,1,72,,243855,16,0,5,2,32,,243875,16,0,5,1,72,,243866,16,0,5,1,32,,243876,16,0,5,2,72,,243885,16,0,5,1,32,,243867,16,0,5,1,71,,243877,16,0,5,2,31,,243868,16,0,5,1,70,,243878,16,0,5,2,29,,243869,16,0,5,1,69,,243879,16,0,5,2,30,,243870,16,0,5,1,70,,243880,16,0,5,2,28,,243871,16,0,5,1,70,,243881,16,0,5,2,28,,243872,16,0,5,1,67,,243882,16,0,5,2,28,,243873,16,0,5,1,67,,243883,16,0,5,2,27,,243874,16,0,5,1,67,,243884,16,0,5,2
9301,'H50U100F-80-F1',544,,243886,16,0,5,1,70,,243906,16,0,5,2,30,,243887,16,0,5,1,70,,243907,16,0,5,2,30,,243888,16,0,5,1,70,,243908,16,0,5,2,32,,243889,16,0,5,1,70,,243909,16,0,5,2,33,,243890,16,0,5,1,70,,243910,16,0,5,2,30,,243891,16,0,5,1,70,,243911,16,0,5,2,30,,243892,16,0,5,1,70,,243912,16,0,5,2,33,,243893,16,0,5,1,70,,243913,16,0,5,2,30,,243894,16,0,5,1,70,,243914,16,0,5,2,30,,243895,16,0,5,1,70,,243915,16,0,5,2,32,,243896,16,0,5,1,69,,243916,16,0,5,2,32,,243897,16,0,5,1,69,,243917,16,0,5,2,31,,243898,16,0,5,1,69,,243918,16,0,5,2,27,,243899,16,0,5,1,69,,243919,16,0,5,2,29,,243900,16,0,5,1,70,,243920,16,0,5,2,30,,243901,16,0,5,1,70,,243921,16,0,5,2,30,,243902,16,0,5,1,70,,243922,16,0,5,2,30,,243903,16,0,5,1,69,,243923,16,0,5,2,29,,243904,16,0,5,1,70,,243924,16,0,5,2,29,,243905,16,0,5,1,69,,243925,16,0,5,2
9301,'H50U200F-80-F2',544,,243926,16,0,5,1,70,,243946,16,0,5,2,30,,243927,16,0,5,1,70,,243947,16,0,5,2,30,,243928,16,0,5,1,70,,243948,16,0,5,2,32,,243929,16,0,5,1,70,,243949,16,0,5,2,33,,243930,16,0,5,1,70,,243950,16,0,5,2,30,,243931,16,0,5,1,70,,243951,16,0,5,2,30,,243932,16,0,5,1,70,,243952,16,0,5,2,33,,243933,16,0,5,1,70,,243953,16,0,5,2,30,,243934,16,0,5,1,70,,243954,16,0,5,2,30,,243935,16,0,5,1,70,,243955,16,0,5,2,32,,243936,16,0,5,1,69,,243956,16,0,5,2,32,,243937,16,0,5,1,69,,243957,16,0,5,2,31,,243938,16,0,5,1,69,,243958,16,0,5,2,27,,243939,16,0,5,1,69,,243959,16,0,5,2,29,,243940,16,0,5,1,70,,243960,16,0,5,2,30,,243941,16,0,5,1,70,,243961,16,0,5,2,30,,243942,16,0,5,1,70,,243962,16,0,5,2,30,,243943,16,0,5,1,69,,243963,16,0,5,2,29,,243944,16,0,5,1,70,,243964,16,0,5,2,29,,243945,16,0,5,1,69,,243965,16,0,5,2
37201,'H54U000A-80-A',2539,,277812,38,0,5,1,85,,277814,38,0,5,1,84,,277809,38,0,5,1,50,,277810,38,0,5,1,85,,277811,38,0,5,1,84,,277813,38,0,6 7,1
37201,'H54U000I-80-I',2539,,277819,38,0,5,2,87,,277818,38,0,5,1,86,,277820,38,0,5,1,46,,277817,38,0,5,1,85,,277816,38,0,5,1,85,,277815,38,0,6 7,2
37201,'H54U000S-81-S',2540,,277821,38,0,5,1,74,,277827,38,0,5,2,38,,277825,38,0,5,1,80,,277822,38,0,5,2,80,,277826,38,0,5,1,41,,277823,38,0,5,1,85,,277824,38,0,6 7,1
37201,'H54U100F-80-F1',2539,,277832,38,0,5,2,87,,277831,38,0,5,1,86,,277833,38,0,5,1,46,,277830,38,0,5,1,85,,277829,38,0,5,1,85,,277828,38,0,6 7,2
37201,'H54U200F-82-F2',2539,,277835,38,0,5,1,87,,277834,38,0,5,1,86,,277839,38,0,5,1,46,,277838,38,0,5,1,85,,277837,38,0,5,1,85,,277836,38,0,6 7,1
