20103,'H60J000A-80-A',605,,64931,0,8,1,30,,64935,0,8,1,70,,64955,0,8,1,30,,64936,0,8,2,70,,64941,0,8,1,30,,64948,0,8,1,70,,64927,0,8,1,30,,64956,0,8,1,71,,64937,0,8,2,30,,64942,0,8,1,69,,64949,0,8,1,29,,64928,0,8,1,69,,64957,0,8,1,30,,64938,0,8,2,70,,64943,0,8,1,30,,64950,0,8,1,70,,64929,0,8,1,31,,64958,0,8,1,71,,64939,0,8,2,30,,64944,0,8,1,70,,64951,0,8,1,30,,64930,0,8,1,71,,64959,0,8,1,31,,64940,0,8,2,71,,64945,0,8,1,31,,64952,0,8,1,84,,64932,0,8,2,33,,64960,0,8,1,71,,64946,0,8,1,32,,64953,0,8,1,72,,64933,0,8,2,72,,64961,0,8,1,32,,64947,0,8,1,71,,64954,0,8,1,30,,64934,0,8,2
20103,'H60J000I-80-I',656,,64973,0,8,1,72,,64977,0,8,1,73,,64971,0,8,2,33,,64962,0,8,1,73,,64974,0,8,1,33,,64978,0,8,1,72,,64972,0,8,2,32,,64993,0,8,1,73,,64990,0,8,1,33,,64964,0,8,2,73,,64975,0,8,1,33,,64982,0,8,2,73,,64969,0,8,1,73,,64991,0,8,1,33,,64965,0,8,2,73,,64976,0,8,1,33,,64983,0,8,2,73,,64970,0,8,1,33,,64992,0,8,1,73,,64966,0,8,2,33,,64963,0,8,1,73,,64967,0,8,2,32,,64979,0,8,1,74,,64984,0,8,2,73,,64988,0,8,1,33,,64968,0,8,2,72,,64980,0,8,1,29,,64985,0,8,2,69,,64989,0,8,1,29,,64987,0,8,1,68,,64981,0,8,1,30,,64986,0,8,2
20103,'H60J000S-98-S',606,,65012,0,8,1,34,,65015,0,8,2,73,,65007,0,8,2,28,,65013,0,8,1,81,,65003,0,8,2,81,,65008,0,8,1,38,,64994,0,8,2,79,,65014,0,8,1,36,,65004,0,8,2,75,,65009,0,8,1,76,,64995,0,8,2,35,,65001,0,8,1,73,,65017,0,8,1,33,,65005,0,8,2,75,,65010,0,8,1,34,,64996,0,8,2,74,,65002,0,8,1,75,,65018,0,8,1,36,,65006,0,8,2,72,,65023,0,8,2,32,,65011,0,8,1,75,,64997,0,8,2,34,,65025,0,8,1,77,,65016,0,8,2,71,,65020,0,8,1,33,,64998,0,8,1,73,,65021,0,8,2,31,,65019,0,8,1,70,,65024,0,8,2,29,,65000,0,8,1,69,,64999,0,8,1,28,,65022,0,8,2
20103,'H60JV00A-80-A',605,,65027,0,8,1,30,,65026,0,8,1,70,,65040,0,8,1,30,,65028,0,8,2,70,,65033,0,8,1,30,,65047,0,8,1,70,,65054,0,8,1,30,,65041,0,8,1,71,,65029,0,8,2,30,,65034,0,8,1,69,,65048,0,8,1,29,,65055,0,8,1,69,,65042,0,8,1,30,,65030,0,8,2,70,,65035,0,8,1,30,,65049,0,8,1,70,,65056,0,8,1,31,,65043,0,8,1,71,,65031,0,8,2,30,,65036,0,8,1,70,,65050,0,8,1,30,,65057,0,8,1,71,,65044,0,8,1,31,,65032,0,8,2,71,,65037,0,8,1,31,,65051,0,8,1,84,,65058,0,8,2,33,,65045,0,8,1,71,,65038,0,8,1,32,,65052,0,8,1,72,,65059,0,8,2,72,,65046,0,8,1,32,,65039,0,8,1,71,,65053,0,8,1,30,,65060,0,8,2
20103,'H60JV00I-80-I',656,,65081,0,8,1,72,,65069,0,8,1,73,,65085,0,8,2,33,,65089,0,8,1,73,,65082,0,8,1,33,,65070,0,8,1,72,,65086,0,8,2,32,,65087,0,8,1,73,,65076,0,8,1,33,,65066,0,8,2,73,,65079,0,8,1,33,,65083,0,8,2,73,,65074,0,8,1,73,,65077,0,8,1,33,,65067,0,8,2,73,,65080,0,8,1,33,,65084,0,8,2,73,,65075,0,8,1,33,,65078,0,8,1,73,,65068,0,8,2,33,,65090,0,8,1,73,,65091,0,8,2,32,,65071,0,8,1,74,,65063,0,8,2,73,,65061,0,8,1,33,,65092,0,8,2,72,,65072,0,8,1,29,,65064,0,8,2,69,,65062,0,8,1,29,,65088,0,8,1,68,,65073,0,8,1,30,,65065,0,8,2
20103,'H60JV00S-98-S',606,,65123,0,8,1,34,,65104,0,8,2,73,,65103,0,8,2,28,,65093,0,8,1,81,,65099,0,8,2,81,,65106,0,8,1,38,,65095,0,8,2,79,,65094,0,8,1,36,,65100,0,8,2,75,,65107,0,8,1,76,,65096,0,8,2,35,,65110,0,8,1,73,,65112,0,8,1,33,,65101,0,8,2,75,,65108,0,8,1,34,,65097,0,8,2,74,,65111,0,8,1,75,,65113,0,8,1,36,,65102,0,8,2,72,,65105,0,8,2,32,,65109,0,8,1,75,,65098,0,8,2,34,,65115,0,8,1,77,,65120,0,8,2,71,,65119,0,8,1,33,,65116,0,8,1,73,,65121,0,8,2,31,,65114,0,8,1,70,,65118,0,8,2,29,,65124,0,8,1,69,,65117,0,8,1,28,,65122,0,8,2
20501,'H60J000A-80-A',537,,66673,0,5,2,70,,66685,0,5,1,30,,66674,0,5,2,72,,66686,0,5,1,30,,66675,0,5,2,71,,66687,0,5,1,31,,66676,0,5,2,71,,66688,0,5,1,31,,66677,0,5,2,73,,66689,0,5,1,31,,66678,0,5,2,75,,66690,0,5,1,35,,66679,0,5,2,76,,66691,0,5,1,75,,66680,0,5,2,35,,66692,0,5,1,76,,66681,0,5,2,36,,66693,0,5,1,76,,66682,0,5,2,76,,66694,0,5,1,36,,66683,0,5,2,75,,66695,0,5,1,35,,66684,0,5,2,75,,66696,0,5,1,73,,66704,0,5,1,35,,66697,0,5,1,74,,66705,0,5,1,33,,66698,0,5,1,74,,66706,0,5,1,34,,66699,0,5,1,75,,66702,0,5,1,33,,66700,0,5,1,74,,66703,0,5,1,74,,66701,0,5,1
20501,'H60J000I-80-I',651,,66717,0,5,1,70,,66713,0,5,2,31,,66718,0,5,1,70,,66714,0,5,2,31,,66719,0,5,1,70,,66715,0,5,2,31,,66720,0,5,1,70,,66716,0,5,2,31,,66712,0,5,1,73,,66707,0,5,1,74,,66721,0,5,1,37,,66708,0,5,1,76,,66734,0,5,1,35,,66709,0,5,1,76,,66735,0,5,1,76,,66710,0,5,1,35,,66736,0,5,1,76,,66711,0,5,1,36,,66737,0,5,1,76,,66722,0,5,2,75,,66738,0,5,1,36,,66723,0,5,2,75,,66729,0,5,1,34,,66724,0,5,2,73,,66730,0,5,1,32,,66725,0,5,2,73,,66731,0,5,1,33,,66726,0,5,2,73,,66732,0,5,1,73,,66727,0,5,2,33,,66733,0,5,1,72,,66728,0,5,2
20501,'H60J000S-98-S',506,,66740,0,5,1,31,,66745,0,5,2,72,,66741,0,5,1,34,,66746,0,5,2,73,,66765,0,5,1,34,,66739,0,5,1,70,,66749,0,5,1,29,,66766,0,5,1,69,,66757,0,5,1,29,,66750,0,5,1,70,,66742,0,5,1,29,,66758,0,5,1,69,,66751,0,5,1,30,,66743,0,5,1,71,,66759,0,5,1,32,,66752,0,5,1,72,,66744,0,5,1,31,,66760,0,5,1,66,,66748,0,5,1,27,,66770,0,5,2,69,,66769,0,5,1,29,,66761,0,5,1,69,,66771,0,5,2,29,,66767,0,5,1,66,,66762,0,5,1,27,,66772,0,5,2,67,,66768,0,5,1,27,,66763,0,5,1,29,,66764,0,5,1,69,,66747,0,5,1,30,,66773,0,5,2,73,,66753,0,5,1,72,,66774,0,5,2,32,,66754,0,5,1,72,,66775,0,5,2,32,,66755,0,5,1,71,,66776,0,5,2,31,,66756,0,5,1,74,,66777,0,5,2
20501,'H60JV00A-80-A',537,,66781,0,5,2,70,,66809,0,5,1,30,,66782,0,5,2,72,,66801,0,5,1,30,,66783,0,5,2,71,,66802,0,5,1,31,,66784,0,5,2,71,,66803,0,5,1,31,,66785,0,5,2,73,,66804,0,5,1,31,,66786,0,5,2,75,,66805,0,5,1,35,,66787,0,5,2,76,,66806,0,5,1,75,,66788,0,5,2,35,,66807,0,5,1,76,,66789,0,5,2,36,,66808,0,5,1,76,,66790,0,5,2,76,,66793,0,5,1,36,,66791,0,5,2,75,,66794,0,5,1,35,,66792,0,5,2,75,,66795,0,5,1,73,,66778,0,5,1,35,,66796,0,5,1,74,,66779,0,5,1,33,,66797,0,5,1,74,,66780,0,5,1,34,,66798,0,5,1,75,,66810,0,5,1,33,,66799,0,5,1,74,,66811,0,5,1,74,,66800,0,5,1
20501,'H60JV00I-80-I',651,,66816,0,5,1,70,,66812,0,5,2,31,,66817,0,5,1,70,,66813,0,5,2,31,,66818,0,5,1,70,,66814,0,5,2,31,,66819,0,5,1,70,,66815,0,5,2,31,,66843,0,5,1,73,,66825,0,5,1,74,,66830,0,5,1,37,,66826,0,5,1,76,,66838,0,5,1,35,,66827,0,5,1,76,,66839,0,5,1,76,,66828,0,5,1,35,,66840,0,5,1,76,,66829,0,5,1,36,,66841,0,5,1,76,,66831,0,5,2,75,,66842,0,5,1,36,,66832,0,5,2,75,,66820,0,5,1,34,,66833,0,5,2,73,,66821,0,5,1,32,,66834,0,5,2,73,,66822,0,5,1,33,,66835,0,5,2,73,,66823,0,5,1,73,,66836,0,5,2,33,,66824,0,5,1,72,,66837,0,5,2
20501,'H60JV00S-98-S',506,,66872,0,5,1,31,,66849,0,5,1,72,,66873,0,5,1,34,,66850,0,5,1,73,,66874,0,5,1,34,,66847,0,5,1,70,,66865,0,5,1,29,,66875,0,5,1,69,,66879,0,5,1,29,,66866,0,5,1,70,,66862,0,5,1,29,,66880,0,5,1,69,,66867,0,5,1,30,,66863,0,5,1,71,,66881,0,5,1,32,,66868,0,5,1,72,,66864,0,5,1,31,,66882,0,5,1,66,,66848,0,5,1,27,,66869,0,5,1,69,,66846,0,5,1,29,,66876,0,5,1,69,,66870,0,5,1,29,,66844,0,5,1,66,,66877,0,5,1,27,,66871,0,5,1,67,,66845,0,5,1,27,,66878,0,5,1,29,,66851,0,5,1,69,,66856,0,5,1,30,,66857,0,5,2,73,,66852,0,5,1,72,,66858,0,5,2,32,,66853,0,5,1,72,,66859,0,5,2,32,,66854,0,5,1,71,,66860,0,5,2,31,,66855,0,5,1,74,,66861,0,5,2
37602,'H60J000A-80-A',2657,,72603,0,10,1,85,,72606,0,10,1,84,,72604,0,10,1,85,,72605,0,10,1
37602,'H60J000I-80-I',2613,,72610,0,10,1,45,,72607,0,10,1,85,,72608,0,10,1,84,,72609,0,10,1,85,,72611,0,10,1
37602,'H60J000S-98-S',2611,,72615,0,10,1,45,,72614,0,10,1,85,,72613,0,10,1,85,,72612,0,10,1,85,,72616,0,10,1
37602,'H60JV00A-80-A',2657,,72619,0,10,1,85,,72617,0,10,1,84,,72620,0,10,1,85,,72618,0,10,1
37602,'H60JV00I-80-I',2613,,72622,0,10,1,45,,72621,0,10,1,85,,72625,0,10,1,84,,72624,0,10,1,85,,72623,0,10,1
37602,'H60JV00S-98-S',2611,,72628,0,10,1,45,,72627,0,10,1,85,,72626,0,10,1,85,,72630,0,10,1,85,,72629,0,10,1
38201,'H60J000A-80-A',2608,,72747,0,5,1,45,,72746,0,5,2,85,,72745,0,5,1,85,,72748,0,5,1
38201,'H60J000I-80-I',2608,,72750,0,5,1,45,,72751,0,5,1,85,,72749,0,5,1,85,,72752,0,5,1
38201,'H60J000S-98-S',2604,,72756,0,5,1,48,,72754,0,5,1,85,,72753,0,5,1,85,,72755,0,5,1
38201,'H60JV00A-80-A',2608,,72760,0,5,1,45,,72759,0,5,2,85,,72758,0,5,1,85,,72757,0,5,1
38201,'H60JV00I-80-I',2608,,72764,0,5,1,45,,72763,0,5,1,85,,72762,0,5,1,85,,72761,0,5,1
38201,'H60JV00S-98-S',2604,,72766,0,5,1,48,,72765,0,5,1,85,,72768,0,5,1,85,,72767,0,5,1
47002,'H50J000A-84-A',559,,76552,0,83 15 84,1,72,,76558,0,83 15 84,1,72,,76567,0,83 15 84,1,31,,76576,0,83 15 84,1,25,,76553,0,83 15 84,1,62,,76559,0,83 15 84,1,21,,76568,0,83 15 84,1,61,,76583,0,83 15 84,1,21,,76577,0,83 15 84,1,21,,76554,0,83 15 84,1,63,,76560,0,83 15 84,1,22,,76569,0,83 15 84,1,21,,76584,0,83 15 84,1,60,,76578,0,83 15 84,1,20,,76555,0,83 15 84,1,21,,76561,0,83 15 84,1,58,,76588,0,83 15 84,1,16,,76570,0,83 15 84,1,16,,76585,0,83 15 84,1,59,,76579,0,83 15 84,1,20,,76556,0,83 15 84,1,20,,76562,0,83 15 84,1,17,,76589,0,83 15 84,1,56,,76571,0,83 15 84,1,16,,76586,0,83 15 84,1,16,,76592,0,83 15 84,1,56,,76580,0,83 15 84,1,15,,76598,0,83 15 84,1,14,,76557,0,83 15 84,1,15,,76563,0,83 15 84,1,55,,76590,0,85 1 86,1,15,,76572,0,85 1 87,1,16,,76587,0,85 1 86,1,17,,76593,0,85 1 87,1,58,,76581,0,85 1 87,1,19,,76599,0,85 1 87,1,19,,76564,0,85 1 87,1,60,,76591,0,85 1 87,1,19,,76573,0,85 1 87,1,20,,76594,0,85 1 87,1,58,,76582,0,85 1 87,1,20,,76600,0,85 1 87,1,25,,76565,0,85 1 87,1,65,,76574,0,85 1 87,1,26,,76595,0,85 1 87,1,68,,76601,0,85 1 87,1,28,,76566,0,85 1 87,1,68,,76575,0,85 1 87,1,30,,76596,0,85 1 87,1,69,,76602,0,85 1 87,1,29,,76550,0,85 1 87,1,70,,76548,0,85 1 87,1,30,,76597,0,85 1 87,1,29,,76603,0,85 1 87,1,70,,76551,0,85 1 87,1,29,,76547,0,85 1 87,1,69,,76549,0,85 1 87,1
47002,'H50J000I-84-I',558,,76609,0,83 15 84,1,70,,76618,0,83 15 84,1,30,,76627,0,83 15 84,1,71,,76636,0,83 15 84,1,30,,76610,0,83 15 84,1,70,,76619,0,83 15 84,1,30,,76628,0,83 15 84,1,69,,76637,0,83 15 84,1,30,,76611,0,83 15 84,1,70,,76620,0,83 15 84,1,31,,76629,0,83 15 84,1,69,,76638,0,83 15 84,1,30,,76612,0,83 15 84,1,66,,76621,0,83 15 84,1,23,,76630,0,83 15 84,1,59,,76606,0,83 15 84,1,19,,76639,0,83 15 84,1,20,,76643,0,83 15 84,1,61,,76613,0,83 15 84,1,20,,76622,0,83 15 84,1,21,,76631,0,83 15 84,1,60,,76650,0,83 15 84,1,17,,76640,0,83 15 84,1,19,,76644,0,83 15 84,1,58,,76614,0,83 15 84,1,17,,76623,0,85 1 87,1,17,,76632,0,85 1 87,1,19,,76651,0,85 1 87,1,59,,76641,0,85 1 87,1,19,,76645,0,85 1 87,1,20,,76615,0,85 1 87,1,61,,76624,0,85 1 87,1,19,,76633,0,85 1 87,1,22,,76652,0,85 1 87,1,62,,76646,0,85 1 87,1,26,,76616,0,85 1 87,1,68,,76625,0,85 1 87,1,28,,76634,0,85 1 87,1,66,,76647,0,85 1 87,1,28,,76617,0,85 1 87,1,68,,76626,0,85 1 87,1,28,,76635,0,85 1 87,1,30,,76648,0,85 1 87,1,70,,76604,0,85 1 87,1,30,,76642,0,85 1 87,1,70,,76607,0,85 1 87,1,30,,76605,0,85 1 87,1,70,,76649,0,85 1 87,1,30,,76608,0,85 1 87,1
47002,'H50J000S-83-S',559,,76663,0,83 15 84,1,68,,76656,0,83 15 84,1,19,,76662,0,83 15 84,1,56,,76665,0,83 15 84,1,16,,76672,0,83 15 84,1,17,,76653,0,83 15 84,1,18,,76664,0,83 15 84,1,58,,76677,0,83 15 84,1,18,,76678,0,83 15 84,1,18,,76679,0,83 15 84,1,61,,76666,0,83 15 84,1,22,,76673,0,83 15 84,1,22,,76684,0,83 15 84,1,63,,76689,0,83 15 84,1,23,,76680,0,83 15 84,1,64,,76667,0,83 15 84,1,22,,76674,0,83 15 84,1,22,,76685,0,83 15 84,1,58,,76690,0,83 15 84,1,18,,76720,0,83 15 84,1,18,,76681,0,83 15 84,1,18,,76668,0,83 15 84,1,57,,76716,0,83 15 84,1,17,,76675,0,83 15 84,1,16,,76686,0,83 15 84,1,55,,76691,0,85 1 86,1,15,,76721,0,83 15 84,1,15,,76682,0,85 1 86,1,11,,76693,0,85 1 87,1,12,,76669,0,85 1 86,1,50,,76697,0,85 1 87,1,11,,76717,0,85 1 86,1,12,,76676,0,85 1 87,1,12,,76701,0,85 1 86,1,10,,76687,0,85 1 87,1,50,,76692,0,85 1 87,1,9,,76703,0,85 1 86,1,9,,76722,0,85 1 87,1,8,,76694,0,85 1 86,1,8,,76683,0,85 1 87,1,9,,76705,0,85 1 86,1,9,,76699,0,85 1 87,1,52,,76670,0,85 1 87,1,11,,76709,0,85 1 86,1,9,,76718,0,85 1 87,1,12,,76698,0,85 1 87,1,10,,76657,0,85 1 86,1,9,,76702,0,85 1 87,1,49,,76688,0,85 1 87,1,9,,76723,0,85 1 86,1,10,,76704,0,85 1 87,1,11,,76695,0,85 1 87,1,12,,76706,0,85 1 86,1,11,,76671,0,85 1 87,1,50,,76700,0,85 1 87,1,9,,76710,0,85 1 86,1,13,,76719,0,85 1 87,1,15,,76658,0,85 1 87,1,59,,76724,0,85 1 87,1,19,,76696,0,85 1 87,1,19,,76707,0,85 1 87,1,61,,76711,0,85 1 87,1,21,,76655,0,85 1 87,1,21,,76659,0,85 1 87,1,61,,76725,0,85 1 87,1,21,,76708,0,85 1 87,1,20,,76714,0,85 1 87,1,64,,76712,0,85 1 87,1,25,,76660,0,85 1 87,1,67,,76726,0,85 1 87,1,28,,76715,0,85 1 87,1,28,,76713,0,85 1 87,1,69,,76654,0,85 1 87,1,30,,76661,0,85 1 87,1
47002,'H50JV00A-81-A',559,,76732,0,83 15 84,1,72,,76738,0,83 15 84,1,72,,76747,0,83 15 84,1,31,,76756,0,83 15 84,1,25,,76733,0,83 15 84,1,62,,76739,0,83 15 84,1,21,,76748,0,83 15 84,1,61,,76763,0,83 15 84,1,21,,76757,0,83 15 84,1,21,,76734,0,83 15 84,1,63,,76740,0,83 15 84,1,22,,76749,0,83 15 84,1,21,,76764,0,83 15 84,1,60,,76758,0,83 15 84,1,20,,76735,0,83 15 84,1,21,,76741,0,83 15 84,1,58,,76768,0,83 15 84,1,16,,76750,0,83 15 84,1,16,,76765,0,83 15 84,1,59,,76759,0,83 15 84,1,20,,76736,0,83 15 84,1,20,,76742,0,83 15 84,1,17,,76769,0,83 15 84,1,56,,76751,0,83 15 84,1,16,,76766,0,83 15 84,1,16,,76772,0,83 15 84,1,56,,76760,0,83 15 84,1,15,,76778,0,83 15 84,1,14,,76737,0,83 15 84,1,15,,76743,0,83 15 84,1,55,,76770,0,85 1 86,1,15,,76752,0,85 1 87,1,16,,76767,0,85 1 86,1,17,,76773,0,85 1 87,1,58,,76761,0,85 1 87,1,19,,76779,0,85 1 87,1,19,,76744,0,85 1 87,1,60,,76771,0,85 1 87,1,19,,76753,0,85 1 87,1,20,,76774,0,85 1 87,1,58,,76762,0,85 1 87,1,20,,76780,0,85 1 87,1,25,,76745,0,85 1 87,1,65,,76754,0,85 1 87,1,26,,76775,0,85 1 87,1,68,,76781,0,85 1 87,1,28,,76746,0,85 1 87,1,68,,76755,0,85 1 87,1,30,,76776,0,85 1 87,1,69,,76782,0,85 1 87,1,29,,76730,0,85 1 87,1,70,,76728,0,85 1 87,1,30,,76777,0,85 1 87,1,29,,76783,0,85 1 87,1,70,,76731,0,85 1 87,1,29,,76727,0,85 1 87,1,69,,76729,0,85 1 87,1
47002,'H50JV00I-81-I',558,,76789,0,83 15 84,1,70,,76798,0,83 15 84,1,30,,76807,0,83 15 84,1,71,,76816,0,83 15 84,1,30,,76790,0,83 15 84,1,70,,76799,0,83 15 84,1,30,,76808,0,83 15 84,1,69,,76817,0,83 15 84,1,30,,76791,0,83 15 84,1,70,,76800,0,83 15 84,1,31,,76809,0,83 15 84,1,69,,76818,0,83 15 84,1,30,,76792,0,83 15 84,1,66,,76801,0,83 15 84,1,23,,76810,0,83 15 84,1,59,,76786,0,83 15 84,1,19,,76819,0,83 15 84,1,20,,76823,0,83 15 84,1,61,,76793,0,83 15 84,1,20,,76802,0,83 15 84,1,21,,76811,0,83 15 84,1,60,,76830,0,83 15 84,1,17,,76820,0,83 15 84,1,19,,76824,0,83 15 84,1,58,,76794,0,83 15 84,1,17,,76803,0,85 1 87,1,17,,76812,0,85 1 87,1,19,,76831,0,85 1 87,1,59,,76821,0,85 1 87,1,19,,76825,0,85 1 87,1,20,,76795,0,85 1 87,1,61,,76804,0,85 1 87,1,19,,76813,0,85 1 87,1,22,,76832,0,85 1 87,1,62,,76826,0,85 1 87,1,26,,76796,0,85 1 87,1,68,,76805,0,85 1 87,1,28,,76814,0,85 1 87,1,66,,76827,0,85 1 87,1,28,,76797,0,85 1 87,1,68,,76806,0,85 1 87,1,28,,76815,0,85 1 87,1,30,,76828,0,85 1 87,1,70,,76784,0,85 1 87,1,30,,76822,0,85 1 87,1,70,,76787,0,85 1 87,1,30,,76785,0,85 1 87,1,70,,76829,0,85 1 87,1,30,,76788,0,85 1 87,1
47002,'H50JV00S-82-S',559,,76843,0,83 15 84,1,68,,76836,0,83 15 84,1,19,,76842,0,83 15 84,1,56,,76845,0,83 15 84,1,16,,76852,0,83 15 84,1,17,,76833,0,83 15 84,1,18,,76844,0,83 15 84,1,58,,76857,0,83 15 84,1,18,,76858,0,83 15 84,1,18,,76859,0,83 15 84,1,61,,76846,0,83 15 84,1,22,,76853,0,83 15 84,1,22,,76864,0,83 15 84,1,63,,76869,0,83 15 84,1,23,,76860,0,83 15 84,1,64,,76847,0,83 15 84,1,22,,76854,0,83 15 84,1,22,,76865,0,83 15 84,1,58,,76870,0,83 15 84,1,18,,76900,0,83 15 84,1,18,,76861,0,83 15 84,1,18,,76848,0,83 15 84,1,57,,76896,0,83 15 84,1,17,,76855,0,83 15 84,1,16,,76866,0,83 15 84,1,55,,76871,0,85 1 86,1,15,,76901,0,83 15 84,1,15,,76862,0,85 1 86,1,11,,76873,0,85 1 87,1,12,,76849,0,85 1 86,1,50,,76877,0,85 1 87,1,11,,76897,0,85 1 86,1,12,,76856,0,85 1 87,1,12,,76881,0,85 1 86,1,10,,76867,0,85 1 87,1,50,,76872,0,85 1 87,1,9,,76883,0,85 1 86,1,9,,76902,0,85 1 87,1,8,,76874,0,85 1 86,1,8,,76863,0,85 1 87,1,9,,76885,0,85 1 86,1,9,,76879,0,85 1 87,1,52,,76850,0,85 1 87,1,11,,76889,0,85 1 86,1,9,,76898,0,85 1 87,1,12,,76878,0,85 1 87,1,10,,76837,0,85 1 86,1,9,,76882,0,85 1 87,1,49,,76868,0,85 1 87,1,9,,76903,0,85 1 86,1,10,,76884,0,85 1 87,1,11,,76875,0,85 1 87,1,12,,76886,0,85 1 86,1,11,,76851,0,85 1 87,1,50,,76880,0,85 1 87,1,9,,76890,0,85 1 86,1,13,,76899,0,85 1 87,1,15,,76838,0,85 1 87,1,59,,76904,0,85 1 87,1,19,,76876,0,85 1 87,1,19,,76887,0,85 1 87,1,61,,76891,0,85 1 87,1,21,,76835,0,85 1 87,1,21,,76839,0,85 1 87,1,61,,76905,0,85 1 87,1,21,,76888,0,85 1 87,1,20,,76894,0,85 1 87,1,64,,76892,0,85 1 87,1,25,,76840,0,85 1 87,1,67,,76906,0,85 1 87,1,28,,76895,0,85 1 87,1,28,,76893,0,85 1 87,1,69,,76834,0,85 1 87,1,30,,76841,0,85 1 87,1
