3502,'H56U000A-80-A',632,,228235,40,0,10,2,69,,228224,40,0,10,1,29,,228226,40,0,10,1,29,,228223,40,0,10,1,70,,228215,40,0,10,1,71,,228225,40,0,10,1,30,,228227,40,0,10,1,73,,228216,40,0,10,1,36,,228208,40,0,10,1,75,,228232,40,0,10,1,33,,228202,40,0,10,1,70,,228217,40,0,10,1,30,,228209,40,0,10,1,71,,228233,40,0,10,1,31,,228203,40,0,10,1,71,,228218,40,0,10,1,32,,228210,40,0,10,1,71,,228234,40,0,10,1,30,,228204,40,0,10,1,71,,228219,40,0,10,1,32,,228211,40,0,10,1,71,,228228,40,0,10,1,29,,228205,40,0,10,1,71,,228220,40,0,10,1,30,,228212,40,0,10,1,67,,228229,40,0,10,1,29,,228206,40,0,10,1,67,,228221,40,0,10,1,28,,228213,40,0,10,1,66,,228230,40,0,10,1,29,,228207,40,0,10,1,67,,228222,40,0,10,1,28,,228214,40,0,10,1,70,,228231,40,0,10,1
3502,'H56U000I-80-I',629,,228264,40,0,10,1,29,,228236,40,0,10,1,70,,228260,40,0,10,1,29,,228238,40,0,10,1,70,,228267,40,0,10,2,30,,228237,40,0,10,1,71,,228261,40,0,10,1,73,,228239,40,0,10,1,33,,228259,40,0,10,1,72,,228243,40,0,10,1,38,,228269,40,0,10,2,69,,228240,40,0,10,1,30,,228265,40,0,10,1,71,,228244,40,0,10,1,31,,228247,40,0,10,2,70,,228254,40,0,10,2,30,,228251,40,0,10,1,70,,228245,40,0,10,1,30,,228248,40,0,10,2,70,,228255,40,0,10,2,29,,228252,40,0,10,1,70,,228246,40,0,10,1,27,,228249,40,0,10,2,68,,228256,40,0,10,2,30,,228253,40,0,10,1,70,,228268,40,0,10,1,28,,228250,40,0,10,2,68,,228257,40,0,10,2,30,,228262,40,0,10,1,70,,228241,40,0,10,1,30,,228266,40,0,10,1,70,,228258,40,0,10,2,30,,228263,40,0,10,1,71,,228242,40,0,10,1
3502,'H56U000S-81-S',612,,228300,40,0,10,1,32,,228302,40,0,10,1,75,,228274,40,0,10,2,38,,228290,40,0,10,1,68,,228301,40,0,10,1,29,,228303,40,0,10,1,69,,228276,40,0,10,2,29,,228275,40,0,10,2,68,,228291,40,0,10,1,30,,228297,40,0,10,1,68,,228288,40,0,10,1,28,,228280,40,0,10,1,70,,228293,40,0,10,1,34,,228299,40,0,10,2,70,,228270,40,0,10,1,27,,228305,40,0,10,1,69,,228304,40,0,10,2,29,,228277,40,0,10,1,71,,228294,40,0,10,1,30,,228271,40,0,10,1,69,,228281,40,0,10,1,31,,228285,40,0,10,2,69,,228278,40,0,10,1,29,,228295,40,0,10,1,68,,228272,40,0,10,1,27,,228282,40,0,10,1,67,,228286,40,0,10,2,25,,228279,40,0,10,1,28,,228296,40,0,10,1,67,,228273,40,0,10,1,31,,228283,40,0,10,1,71,,228292,40,0,10,1,26,,228287,40,0,10,2,67,,228289,40,0,10,1,31,,228284,40,0,10,1,70,,228298,40,0,10,1
3502,'H56U100F-80-F1',629,,228334,40,0,10,1,29,,228306,40,0,10,1,70,,228330,40,0,10,1,29,,228308,40,0,10,1,70,,228337,40,0,10,2,30,,228307,40,0,10,1,71,,228331,40,0,10,1,73,,228309,40,0,10,1,33,,228329,40,0,10,1,72,,228313,40,0,10,1,38,,228339,40,0,10,2,69,,228310,40,0,10,1,30,,228335,40,0,10,1,71,,228314,40,0,10,1,31,,228317,40,0,10,2,70,,228324,40,0,10,2,30,,228321,40,0,10,1,70,,228315,40,0,10,1,30,,228318,40,0,10,2,70,,228325,40,0,10,2,29,,228322,40,0,10,1,70,,228316,40,0,10,1,27,,228319,40,0,10,2,68,,228326,40,0,10,2,30,,228323,40,0,10,1,70,,228338,40,0,10,1,28,,228320,40,0,10,2,68,,228327,40,0,10,2,30,,228332,40,0,10,1,70,,228311,40,0,10,1,30,,228336,40,0,10,1,70,,228328,40,0,10,2,30,,228333,40,0,10,1,71,,228312,40,0,10,1
3502,'H56U200F-80-F2',629,,228368,40,0,10,1,29,,228340,40,0,10,1,70,,228364,40,0,10,1,29,,228342,40,0,10,1,70,,228371,40,0,10,2,30,,228341,40,0,10,1,71,,228365,40,0,10,1,73,,228343,40,0,10,1,33,,228363,40,0,10,1,72,,228347,40,0,10,1,38,,228373,40,0,10,2,69,,228344,40,0,10,1,30,,228369,40,0,10,1,71,,228348,40,0,10,1,31,,228351,40,0,10,2,70,,228358,40,0,10,2,30,,228355,40,0,10,1,70,,228349,40,0,10,1,30,,228352,40,0,10,2,70,,228359,40,0,10,2,29,,228356,40,0,10,1,70,,228350,40,0,10,1,27,,228353,40,0,10,2,68,,228360,40,0,10,2,30,,228357,40,0,10,1,70,,228372,40,0,10,1,28,,228354,40,0,10,2,68,,228361,40,0,10,2,30,,228366,40,0,10,1,70,,228345,40,0,10,1,30,,228370,40,0,10,1,70,,228362,40,0,10,2,30,,228367,40,0,10,1,71,,228346,40,0,10,1
35002,'H56U000A-80-A',2552,,276638,54,0,10,1,80,,276646,54,0,10,1,70,,276645,54,0,10,1,11,,276649,54,0,10,1,10,,276637,54,0,10,1,9,,276641,54,0,10,1,9,,276651,54,0,10,1,10,,276648,54,0,10,2,50,,276642,54,0,10,2,10,,276639,54,0,10,1,10,,276643,54,0,10,2,11,,276640,54,0,10,1,10,,276644,54,0,10,2,10,,276647,54,0,10,1,59,,276650,54,0,10,1
35002,'H56U000I-80-I',2542,,276652,54,0,10,1,68,,276657,54,0,10,1,26,,276654,54,0,10,1,67,,276659,54,0,10,2,27,,276658,54,0,10,1,26,,276653,54,0,10,1,66,,276656,54,0,10,1,26,,276655,54,0,10,1
35002,'H56U000S-81-S',2546,,276660,54,0,10,2,85,,276663,54,0,10,1,92,,276661,54,0,10,2,86,,276662,54,0,10,1,29,,276665,54,0,10,2,15,,276664,54,0,10,1
35002,'H56U100F-80-F1',2542,,276666,54,0,10,1,68,,276671,54,0,10,1,26,,276668,54,0,10,1,67,,276673,54,0,10,2,27,,276672,54,0,10,1,26,,276667,54,0,10,1,66,,276670,54,0,10,1,26,,276669,54,0,10,1
35002,'H56U200F-80-F2',2542,,276674,54,0,10,1,68,,276679,54,0,10,1,26,,276676,54,0,10,1,67,,276681,54,0,10,2,27,,276680,54,0,10,1,26,,276675,54,0,10,1,66,,276678,54,0,10,1,26,,276677,54,0,10,1
