1003,'H59J000A-80-A',549,,1,4,0,8,1,67,,4,4,0,8,1,30,,2,4,0,8,1,68,,5,4,0,8,1,29,,3,4,0,8,1,70,,6,4,0,8,1,28,,15,4,0,8,1,66,,26,4,0,8,2,26,,7,4,0,8,1,26,,16,4,0,8,1,65,,27,4,0,8,2,26,,8,4,0,8,1,66,,17,4,0,8,1,27,,28,4,0,8,2,68,,9,4,0,8,1,28,,18,4,0,8,1,68,,29,4,0,8,2,27,,10,4,0,8,1,66,,19,4,0,8,1,30,,30,4,0,8,2,71,,11,4,0,8,1,30,,20,4,0,8,1,26,,31,4,0,8,2,67,,12,4,0,8,1,29,,21,4,0,8,1,70,,32,4,0,8,2,27,,13,4,0,8,1,68,,22,4,0,8,1,29,,33,4,0,8,2,69,,14,4,0,8,1,28,,23,4,0,8,1,73,,34,4,0,8,2,33,,24,4,0,8,1,72,,35,4,0,8,2,31,,25,4,0,8,1,73,,36,4,0,8,2,28,,41,4,0,8,1,72,,37,4,0,8,2,29,,42,4,0,8,1,70,,38,4,0,8,2,29,,43,4,0,8,1,69,,39,4,0,8,2,18,,40,4,0,8,1
1003,'H59J000I-80-I',549,,44,4,0,8,1,67,,48,4,0,8,2,28,,45,4,0,8,1,69,,49,4,0,8,2,28,,46,4,0,8,1,69,,50,4,0,8,2,28,,47,4,0,8,1,69,,51,4,0,8,2,29,,57,4,0,8,1,70,,71,4,0,8,1,30,,52,4,0,8,2,70,,58,4,0,8,1,30,,72,4,0,8,1,70,,53,4,0,8,2,30,,59,4,0,8,1,66,,73,4,0,8,1,31,,54,4,0,8,2,68,,60,4,0,8,1,28,,74,4,0,8,1,28,,55,4,0,8,2,68,,70,4,0,8,2,30,,75,4,0,8,1,70,,56,4,0,8,2,31,,61,4,0,8,1,73,,76,4,0,8,1,73,,62,4,0,8,1,33,,77,4,0,8,1,72,,63,4,0,8,1,29,,78,4,0,8,1,72,,64,4,0,8,1,29,,79,4,0,8,1,70,,65,4,0,8,1,28,,80,4,0,8,1,68,,66,4,0,8,1,28,,81,4,0,8,1,28,,67,4,0,8,1,68,,82,4,0,8,1,27,,68,4,0,8,1,66,,83,4,0,8,1,26,,69,4,0,8,1,66,,84,4,0,8,1
1003,'H59J000S-81-S',549,,85,4,0,8,1,68,,91,4,0,8,1,32,,114,4,0,8,2,72,,86,4,0,8,1,28,,92,4,0,8,1,73,,115,4,0,8,1,30,,87,4,0,8,1,68,,93,4,0,8,1,29,,116,4,0,8,1,68,,88,4,0,8,1,31,,94,4,0,8,1,68,,103,4,0,8,2,28,,89,4,0,8,1,68,,95,4,0,8,1,28,,104,4,0,8,2,67,,90,4,0,8,1,28,,96,4,0,8,1,69,,105,4,0,8,2,31,,124,4,0,8,2,72,,97,4,0,8,1,29,,106,4,0,8,2,73,,125,4,0,8,2,33,,98,4,0,8,1,71,,107,4,0,8,2,33,,117,4,0,8,1,67,,99,4,0,8,1,32,,108,4,0,8,2,64,,118,4,0,8,1,26,,100,4,0,8,1,66,,109,4,0,8,2,28,,119,4,0,8,1,28,,101,4,0,8,1,69,,110,4,0,8,2,29,,120,4,0,8,1,68,,102,4,0,8,1,27,,111,4,0,8,2,70,,121,4,0,8,1,31,,112,4,0,8,2,67,,122,4,0,8,1,30,,113,4,0,8,2,65,,123,4,0,8,1
1003,'H59JV00A-80-A',549,,166,4,0,8,1,67,,126,4,0,8,1,30,,167,4,0,8,1,68,,127,4,0,8,1,29,,168,4,0,8,1,70,,128,4,0,8,1,28,,137,4,0,8,1,66,,148,4,0,8,2,26,,129,4,0,8,1,26,,138,4,0,8,1,65,,149,4,0,8,2,26,,130,4,0,8,1,66,,139,4,0,8,1,27,,150,4,0,8,2,68,,131,4,0,8,1,28,,140,4,0,8,1,68,,151,4,0,8,2,27,,132,4,0,8,1,66,,141,4,0,8,1,30,,152,4,0,8,2,71,,133,4,0,8,1,30,,142,4,0,8,1,26,,153,4,0,8,2,67,,134,4,0,8,1,29,,143,4,0,8,1,70,,154,4,0,8,2,27,,135,4,0,8,1,68,,144,4,0,8,1,29,,155,4,0,8,2,69,,136,4,0,8,1,28,,145,4,0,8,1,73,,156,4,0,8,2,33,,146,4,0,8,1,72,,157,4,0,8,2,31,,147,4,0,8,1,73,,158,4,0,8,2,28,,162,4,0,8,1,72,,159,4,0,8,2,29,,163,4,0,8,1,70,,160,4,0,8,2,29,,164,4,0,8,1,69,,161,4,0,8,2,18,,165,4,0,8,1
1003,'H59JV00I-80-I',549,,206,4,0,8,1,67,,169,4,0,8,2,28,,207,4,0,8,1,69,,170,4,0,8,2,28,,208,4,0,8,1,69,,171,4,0,8,2,28,,209,4,0,8,1,69,,172,4,0,8,2,29,,178,4,0,8,1,70,,191,4,0,8,1,30,,173,4,0,8,2,70,,179,4,0,8,1,30,,192,4,0,8,1,70,,174,4,0,8,2,30,,180,4,0,8,1,66,,193,4,0,8,1,31,,175,4,0,8,2,68,,181,4,0,8,1,28,,194,4,0,8,1,28,,176,4,0,8,2,68,,205,4,0,8,2,30,,195,4,0,8,1,70,,177,4,0,8,2,31,,182,4,0,8,1,73,,196,4,0,8,1,73,,183,4,0,8,1,33,,197,4,0,8,1,72,,184,4,0,8,1,29,,198,4,0,8,1,72,,185,4,0,8,1,29,,199,4,0,8,1,70,,186,4,0,8,1,28,,200,4,0,8,1,68,,187,4,0,8,1,28,,201,4,0,8,1,28,,188,4,0,8,1,68,,202,4,0,8,1,27,,189,4,0,8,1,66,,203,4,0,8,1,26,,190,4,0,8,1,66,,204,4,0,8,1
1003,'H59JV00S-83-S',549,,244,4,0,8,1,68,,210,4,0,8,1,32,,250,4,0,8,2,72,,245,4,0,8,1,28,,211,4,0,8,1,73,,242,4,0,8,1,30,,246,4,0,8,1,68,,212,4,0,8,1,29,,243,4,0,8,1,68,,247,4,0,8,1,31,,213,4,0,8,1,68,,222,4,0,8,2,28,,248,4,0,8,1,68,,214,4,0,8,1,28,,223,4,0,8,2,67,,249,4,0,8,1,28,,215,4,0,8,1,69,,224,4,0,8,2,31,,240,4,0,8,2,72,,216,4,0,8,1,29,,225,4,0,8,2,73,,241,4,0,8,2,33,,217,4,0,8,1,71,,226,4,0,8,2,33,,233,4,0,8,1,67,,218,4,0,8,1,32,,227,4,0,8,2,64,,234,4,0,8,1,26,,219,4,0,8,1,66,,228,4,0,8,2,28,,235,4,0,8,1,28,,220,4,0,8,1,69,,229,4,0,8,2,29,,236,4,0,8,1,68,,221,4,0,8,1,27,,230,4,0,8,2,70,,237,4,0,8,1,31,,231,4,0,8,2,67,,238,4,0,8,1,30,,232,4,0,8,2,65,,239,4,0,8,1
4503,'H51J000S-80-S',705,,14739,3,0,8,2
4503,'H51JV00S-84-S',705,,14740,3,0,8,2
4503,'H58J000A-83-A',550,,14750,3,0,8,2,71,,14753,3,0,8,1,30,,14759,3,0,8,2,71,,14751,3,0,8,2,28,,14754,3,0,8,1,70,,14760,3,0,8,2,32,,14752,3,0,8,2,73,,14755,3,0,8,1,34,,14761,3,0,8,2,72,,14741,3,0,8,1,71,,14768,3,0,8,1,29,,14756,3,0,8,1,71,,14762,3,0,8,2,32,,14742,3,0,8,1,71,,14769,3,0,8,1,24,,14757,3,0,8,1,21,,14776,3,0,8,1,56,,14784,3,0,8,2,15,,14763,3,0,8,2,16,,14764,3,0,8,1,18,,14743,3,0,8,1,58,,14770,3,0,8,1,19,,14777,3,0,8,1,19,,14758,3,0,8,1,60,,14785,3,0,8,2,23,,14744,3,0,8,1,66,,14765,3,0,8,1,25,,14771,3,0,8,1,25,,14778,3,0,8,1,66,,14786,3,0,8,2,27,,14745,3,0,8,1,67,,14766,3,0,8,1,27,,14772,3,0,8,1,66,,14779,3,0,8,1,26,,14746,3,0,8,1,27,,14767,3,0,8,1,64,,14773,3,0,8,1,30,,14780,3,0,8,1,70,,14747,3,0,8,1,32,,14774,3,0,8,1,71,,14781,3,0,8,1,29,,14748,3,0,8,1,69,,14775,3,0,8,1,29,,14782,3,0,8,1,69,,14749,3,0,8,1,29,,14783,3,0,8,1
4503,'H58J000I-81-I',551,,14796,3,0,8,2,70,,14804,3,0,8,1,29,,14815,3,0,8,1,69,,14797,3,0,8,2,30,,14805,3,0,8,1,70,,14816,3,0,8,1,31,,14798,3,0,8,2,72,,14806,3,0,8,1,34,,14817,3,0,8,1,73,,14799,3,0,8,2,72,,14807,3,0,8,1,32,,14788,3,0,8,2,72,,14818,3,0,8,1,31,,14800,3,0,8,2,72,,14808,3,0,8,1,32,,14789,3,0,8,2,70,,14819,3,0,8,1,29,,14801,3,0,8,2,20,,14826,3,0,8,2,62,,14809,3,0,8,1,26,,14790,3,0,8,2,68,,14820,3,0,8,1,28,,14802,3,0,8,2,68,,14810,3,0,8,1,28,,14791,3,0,8,2,65,,14787,3,0,8,1,25,,14821,3,0,8,1,72,,14803,3,0,8,2,32,,14811,3,0,8,1,72,,14792,3,0,8,2,31,,14822,3,0,8,1,72,,14812,3,0,8,1,32,,14793,3,0,8,2,71,,14823,3,0,8,1,30,,14813,3,0,8,1,70,,14794,3,0,8,2,30,,14824,3,0,8,1,69,,14814,3,0,8,1,31,,14795,3,0,8,2,72,,14825,3,0,8,1
4503,'H58J000I-82-I',551,,14836,3,0,8,2,70,,14844,3,0,8,1,29,,14855,3,0,8,1,69,,14837,3,0,8,2,30,,14845,3,0,8,1,70,,14856,3,0,8,1,31,,14838,3,0,8,2,72,,14846,3,0,8,1,34,,14857,3,0,8,1,73,,14839,3,0,8,2,72,,14847,3,0,8,1,32,,14828,3,0,8,2,72,,14858,3,0,8,1,31,,14840,3,0,8,2,72,,14848,3,0,8,1,32,,14829,3,0,8,2,70,,14859,3,0,8,1,29,,14841,3,0,8,2,20,,14866,3,0,8,2,62,,14849,3,0,8,1,26,,14830,3,0,8,2,68,,14860,3,0,8,1,28,,14842,3,0,8,2,68,,14850,3,0,8,1,28,,14831,3,0,8,2,65,,14827,3,0,8,1,25,,14861,3,0,8,1,72,,14843,3,0,8,2,32,,14851,3,0,8,1,72,,14832,3,0,8,2,31,,14862,3,0,8,1,72,,14852,3,0,8,1,32,,14833,3,0,8,2,71,,14863,3,0,8,1,30,,14853,3,0,8,1,70,,14834,3,0,8,2,30,,14864,3,0,8,1,69,,14854,3,0,8,1,31,,14835,3,0,8,2,72,,14865,3,0,8,1
4503,'H58J000S-81-S',538,,14867,3,0,8,1,66,,14869,3,0,8,1,35,,14881,3,0,8,1,91,,14888,3,0,8,2,12,,14868,3,0,8,1,13,,14870,3,0,8,1,56,,14887,3,0,8,2,30,,14882,3,0,8,1,68,,14897,3,0,8,1,27,,14889,3,0,8,2,64,,14871,3,0,8,1,23,,14876,3,0,8,2,24,,14883,3,0,8,1,64,,14898,3,0,8,1,24,,14890,3,0,8,2,24,,14872,3,0,8,1,65,,14877,3,0,8,2,26,,14894,3,0,8,2,66,,14899,3,0,8,1,25,,14891,3,0,8,2,61,,14873,3,0,8,1,19,,14878,3,0,8,2,15,,14906,3,0,8,1,11,,14904,3,0,8,2,11,,14912,3,0,8,1,50,,14895,3,0,8,2,24,,14900,3,0,8,1,12,,14913,3,0,8,2,12,,14892,3,0,8,2,64,,14915,3,0,8,2,12,,14874,3,0,8,1,12,,14907,3,0,8,1,64,,14905,3,0,8,2,12,,14919,3,0,8,2,12,,14896,3,0,8,2,12,,14884,3,0,8,2,12,,14901,3,0,8,1,52,,14875,3,0,8,2,11,,14893,3,0,8,2,12,,14916,3,0,8,2,14,,14886,3,0,8,2,55,,14908,3,0,8,1,23,,14920,3,0,8,2,30,,14902,3,0,8,1,69,,14917,3,0,8,2,30,,14909,3,0,8,1,69,,14921,3,0,8,2,29,,14903,3,0,8,1,70,,14922,3,0,8,2,29,,14879,3,0,8,1,69,,14910,3,0,8,2,31,,14914,3,0,8,2,67,,14880,3,0,8,1,29,,14885,3,0,8,1,56,,14911,3,0,8,2,16,,14918,3,0,8,1
4503,'H58J000S-83-S',538,,14923,3,0,8,1,66,,14925,3,0,8,1,35,,14937,3,0,8,1,91,,14944,3,0,8,2,12,,14924,3,0,8,1,13,,14926,3,0,8,1,56,,14943,3,0,8,2,30,,14938,3,0,8,1,68,,14953,3,0,8,1,27,,14945,3,0,8,2,64,,14927,3,0,8,1,23,,14932,3,0,8,2,24,,14939,3,0,8,1,64,,14954,3,0,8,1,24,,14946,3,0,8,2,24,,14928,3,0,8,1,65,,14933,3,0,8,2,26,,14950,3,0,8,2,66,,14955,3,0,8,1,25,,14947,3,0,8,2,61,,14929,3,0,8,1,19,,14934,3,0,8,2,15,,14962,3,0,8,1,11,,14960,3,0,8,2,11,,14968,3,0,8,1,50,,14951,3,0,8,2,24,,14956,3,0,8,1,12,,14969,3,0,8,2,12,,14948,3,0,8,2,64,,14971,3,0,8,2,12,,14930,3,0,8,1,12,,14963,3,0,8,1,64,,14961,3,0,8,2,12,,14975,3,0,8,2,12,,14952,3,0,8,2,12,,14940,3,0,8,2,12,,14957,3,0,8,1,52,,14931,3,0,8,2,11,,14949,3,0,8,2,12,,14972,3,0,8,2,14,,14942,3,0,8,2,55,,14964,3,0,8,1,23,,14976,3,0,8,2,30,,14958,3,0,8,1,69,,14973,3,0,8,2,30,,14965,3,0,8,1,69,,14977,3,0,8,2,29,,14959,3,0,8,1,70,,14978,3,0,8,2,29,,14935,3,0,8,1,69,,14966,3,0,8,2,31,,14970,3,0,8,2,67,,14936,3,0,8,1,29,,14941,3,0,8,1,56,,14967,3,0,8,2,16,,14974,3,0,8,1
4503,'H58JV00A-80-A',550,,15022,3,0,8,2,71,,14979,3,0,8,1,30,,14985,3,0,8,2,71,,15023,3,0,8,2,28,,14980,3,0,8,1,70,,14986,3,0,8,2,32,,15024,3,0,8,2,73,,14981,3,0,8,1,34,,14987,3,0,8,2,72,,15008,3,0,8,1,71,,14990,3,0,8,1,29,,14982,3,0,8,1,71,,14988,3,0,8,2,32,,15009,3,0,8,1,71,,14991,3,0,8,1,24,,14983,3,0,8,1,21,,14998,3,0,8,1,56,,15005,3,0,8,2,15,,14989,3,0,8,2,16,,15018,3,0,8,1,18,,15010,3,0,8,1,58,,14992,3,0,8,1,19,,14999,3,0,8,1,19,,14984,3,0,8,1,60,,15006,3,0,8,2,23,,15011,3,0,8,1,66,,15019,3,0,8,1,25,,14993,3,0,8,1,25,,15000,3,0,8,1,66,,15007,3,0,8,2,27,,15012,3,0,8,1,67,,15020,3,0,8,1,27,,14994,3,0,8,1,66,,15001,3,0,8,1,26,,15013,3,0,8,1,27,,15021,3,0,8,1,64,,14995,3,0,8,1,30,,15002,3,0,8,1,70,,15014,3,0,8,1,32,,14996,3,0,8,1,71,,15003,3,0,8,1,29,,15015,3,0,8,1,69,,14997,3,0,8,1,29,,15004,3,0,8,1,69,,15016,3,0,8,1,29,,15017,3,0,8,1
4503,'H58JV00I-81-I',551,,15055,3,0,8,2,70,,15025,3,0,8,1,29,,15044,3,0,8,1,69,,15056,3,0,8,2,30,,15026,3,0,8,1,70,,15045,3,0,8,1,31,,15057,3,0,8,2,72,,15027,3,0,8,1,34,,15046,3,0,8,1,73,,15058,3,0,8,2,72,,15028,3,0,8,1,32,,15036,3,0,8,2,72,,15047,3,0,8,1,31,,15059,3,0,8,2,72,,15029,3,0,8,1,32,,15037,3,0,8,2,70,,15048,3,0,8,1,29,,15060,3,0,8,2,20,,15063,3,0,8,2,62,,15030,3,0,8,1,26,,15038,3,0,8,2,68,,15049,3,0,8,1,28,,15061,3,0,8,2,68,,15031,3,0,8,1,28,,15039,3,0,8,2,65,,15064,3,0,8,1,25,,15050,3,0,8,1,72,,15062,3,0,8,2,32,,15032,3,0,8,1,72,,15040,3,0,8,2,31,,15051,3,0,8,1,72,,15033,3,0,8,1,32,,15041,3,0,8,2,71,,15052,3,0,8,1,30,,15034,3,0,8,1,70,,15042,3,0,8,2,30,,15053,3,0,8,1,69,,15035,3,0,8,1,31,,15043,3,0,8,2,72,,15054,3,0,8,1
4503,'H58JV00S-82-S',538,,15065,3,0,8,1,66,,15067,3,0,8,1,35,,15079,3,0,8,1,91,,15086,3,0,8,2,12,,15066,3,0,8,1,13,,15068,3,0,8,1,56,,15085,3,0,8,2,30,,15080,3,0,8,1,68,,15095,3,0,8,1,27,,15087,3,0,8,2,64,,15069,3,0,8,1,23,,15074,3,0,8,2,24,,15081,3,0,8,1,64,,15096,3,0,8,1,24,,15088,3,0,8,2,24,,15070,3,0,8,1,65,,15075,3,0,8,2,26,,15092,3,0,8,2,66,,15097,3,0,8,1,25,,15089,3,0,8,2,61,,15071,3,0,8,1,19,,15076,3,0,8,2,15,,15104,3,0,8,1,11,,15102,3,0,8,2,11,,15110,3,0,8,1,50,,15093,3,0,8,2,24,,15098,3,0,8,1,12,,15111,3,0,8,2,12,,15090,3,0,8,2,64,,15113,3,0,8,1,12,,15072,3,0,8,1,12,,15105,3,0,8,1,64,,15103,3,0,8,2,12,,15117,3,0,8,2,12,,15094,3,0,8,2,12,,15082,3,0,8,2,12,,15099,3,0,8,1,52,,15073,3,0,8,2,11,,15091,3,0,8,2,12,,15114,3,0,8,1,14,,15084,3,0,8,2,55,,15106,3,0,8,1,23,,15118,3,0,8,2,30,,15100,3,0,8,1,69,,15115,3,0,8,1,30,,15107,3,0,8,1,69,,15119,3,0,8,2,29,,15101,3,0,8,1,70,,15120,3,0,8,2,29,,15077,3,0,8,1,69,,15108,3,0,8,2,31,,15112,3,0,8,2,67,,15078,3,0,8,1,29,,15083,3,0,8,1,56,,15109,3,0,8,2,16,,15116,3,0,8,1
4503,'H59J000S-81-S',622,,15122,3,0,8,2,29,,15123,3,0,8,2,67,,15124,3,0,8,2,802,,15125,3,0,8,1,88,,15126,3,0,8,1,48,,15121,3,0,8,1
4503,'H59JV00S-83-S',622,,15128,3,0,8,2,29,,15129,3,0,8,2,67,,15130,3,0,8,2,802,,15127,3,0,8,1,88,,15132,3,0,8,1,48,,15131,3,0,8,1
35903,'H57J000A-80-A',2614,,74871,3,0,8,1,20,,74872,3,0,8,2,20,,74875,3,0,8,2,68,,74869,3,0,8,1,35,,74873,3,0,8,2,76,,74870,3,0,8,1,75,,74874,3,0,8,2
35903,'H57J000I-80-I',2538,,74876,3,0,8,1,75,,74880,3,0,8,1,35,,74877,3,0,8,1,75,,74881,3,0,8,1,35,,74878,3,0,8,1,75,,74882,3,0,8,1,75,,74879,3,0,8,1
35903,'H57J000S-81-S',2538,,74888,3,0,8,1,74,,74883,3,0,8,1,39,,74886,3,0,8,1,72,,74889,3,0,8,1,35,,74884,3,0,8,1,75,,74887,3,0,8,1,75,,74885,3,0,8,1
35903,'H57JV00A-80-A',2614,,74890,3,0,8,1,20,,74893,3,0,8,2,20,,74891,3,0,8,2,68,,74892,3,0,8,1,35,,74894,3,0,8,2,76,,74896,3,0,8,1,75,,74895,3,0,8,2
35903,'H57JV00I-80-I',2538,,74897,3,0,8,1,75,,74901,3,0,8,1,35,,74898,3,0,8,1,75,,74902,3,0,8,1,35,,74899,3,0,8,1,75,,74903,3,0,8,1,75,,74900,3,0,8,1
35903,'H57JV00S-83-S',2538,,74909,3,0,8,1,74,,74904,3,0,8,1,39,,74908,3,0,8,1,72,,74910,3,0,8,1,35,,74905,3,0,8,1,75,,74907,3,0,8,1,75,,74906,3,0,8,1
44501,'H51J000S-80-S',1553,,79073,16,0,5,1,60,,79075,16,0,5,2,42,,79077,16,0,5,1,82,,79074,16,0,5,1,79,,79076,16,0,5,2,19,,79071,16,0,5,1,20,,79072,16,0,5,1
44501,'H51JV00S-84-S',1553,,79080,16,0,5,1,60,,79082,16,0,5,2,42,,79084,16,0,5,1,82,,79081,16,0,5,1,79,,79083,16,0,5,2,19,,79078,16,0,5,1,20,,79079,16,0,5,1
44501,'H59J000S-81-S',1635,,79087,16,0,5,2,81,,79085,16,0,5,2,42,,79086,16,0,5,1
44501,'H59JV00S-83-S',1635,,79090,16,0,5,2,81,,79088,16,0,5,2,42,,79089,16,0,5,1
