6801,'H50J000S-83-S',1621,,25864,23,0,5,1
6801,'H50JV00S-82-S',1621,,25865,23,0,5,1
6801,'H60J000A-80-A',612,,25874,17,0,5,2,32,,25866,17,0,5,1,73,,25875,17,0,5,2,33,,25891,17,0,5,1,73,,25893,17,0,5,1,33,,25885,17,0,5,1,73,,25876,17,0,5,1,29,,25901,23,0,5,2,68,,25892,17,0,5,1,29,,25894,17,0,5,1,70,,25867,17,0,5,1,30,,25877,17,0,5,1,70,,25886,17,0,5,1,30,,25895,17,0,5,1,70,,25868,17,0,5,1,30,,25878,17,0,5,1,69,,25887,17,0,5,1,30,,25896,17,0,5,1,70,,25869,17,0,5,1,30,,25879,17,0,5,1,69,,25888,17,0,5,1,28,,25897,17,0,5,1,69,,25870,17,0,5,1,30,,25880,17,0,5,1,69,,25889,17,0,5,1,28,,25898,17,0,5,1,69,,25871,17,0,5,1,30,,25881,17,0,5,1,72,,25890,17,0,5,1,33,,25899,17,0,5,1,73,,25872,2,0,5,1,33,,25903,2,0,5,2,73,,25884,2,0,5,1,72,,25900,2,0,5,1,32,,25873,2,0,5,1,71,,25883,2,0,5,1,22,,25882,2,0,5,2,22,,25902,2,0,5,1
6801,'H60J000I-80-I',610,,25904,17,0,5,1,35,,25907,17,0,5,2,75,,25917,17,0,5,1,35,,25905,17,0,5,1,72,,25908,17,0,5,2,28,,25936,23,0,5,1,70,,25918,17,0,5,1,28,,25906,17,0,5,1,69,,25909,17,0,5,2,28,,25929,17,0,5,1,69,,25937,17,0,5,2,30,,25919,17,0,5,1,70,,25910,17,0,5,2,30,,25930,17,0,5,1,70,,25938,17,0,5,2,30,,25920,17,0,5,1,70,,25911,17,0,5,2,30,,25931,17,0,5,1,70,,25939,17,0,5,2,30,,25921,17,0,5,1,70,,25912,17,0,5,2,30,,25932,17,0,5,1,70,,25940,17,0,5,2,30,,25922,17,0,5,1,70,,25913,17,0,5,2,30,,25933,17,0,5,1,70,,25941,17,0,5,2,33,,25923,17,0,5,1,72,,25914,17,0,5,2,33,,25934,17,0,5,1,73,,25927,2,0,5,1,72,,25924,2,0,5,1,29,,25915,2,0,5,2,69,,25935,2,0,5,1,29,,25928,2,0,5,1,28,,25925,2,0,5,1,68,,25926,2,0,5,1,24,,25916,2,0,5,1
6801,'H60J000S-98-S',450,,25942,2,0,5,1,70,,25943,23,0,5,2,31,,25944,23,0,5,1,74,,25949,23,0,5,2,34,,25966,23,0,5,2,72,,25967,23,0,5,1,74,,25961,23,0,5,1,33,,25968,23,0,5,1,75,,25950,23,0,5,2,13,,25957,17,0,5,1,28,,25945,17,0,5,1,69,,25962,17,0,5,1,29,,25969,17,0,5,1,69,,25958,17,0,5,1,29,,25946,17,0,5,1,69,,25963,17,0,5,1,29,,25970,17,0,5,1,68,,25959,17,0,5,1,29,,25947,17,0,5,1,69,,25964,17,0,5,1,30,,25971,17,0,5,1,76,,25960,17,0,5,1,28,,25948,17,0,5,1,100,,25965,23,0,5,1,68,,25972,23,0,5,1,28,,25974,23,0,5,2,69,,25954,23,0,5,1,29,,25976,23,0,5,2,65,,25951,17,0,5,1,26,,25977,17,0,5,1,67,,25981,17,0,5,1,31,,25955,17,0,5,1,71,,25952,17,0,5,1,29,,25978,2,0,5,1,27,,25982,2,0,5,1,67,,25956,2,0,5,1,27,,25953,2,0,5,1,67,,25979,2,0,5,1,34,,25975,2,0,5,1,75,,25973,2,0,5,1,72,,25980,2,0,5,1
6801,'H60JV00A-80-A',612,,26017,17,0,5,2,32,,26001,17,0,5,1,73,,26020,17,0,5,2,33,,25983,17,0,5,1,73,,25993,17,0,5,1,33,,26009,17,0,5,1,73,,25987,17,0,5,1,29,,25985,23,0,5,2,68,,25984,17,0,5,1,29,,25994,17,0,5,1,70,,26002,17,0,5,1,30,,25988,17,0,5,1,70,,26010,17,0,5,1,30,,25995,17,0,5,1,70,,26003,17,0,5,1,30,,25989,17,0,5,1,69,,26011,17,0,5,1,30,,25996,17,0,5,1,70,,26004,17,0,5,1,30,,25990,17,0,5,1,69,,26012,17,0,5,1,28,,25997,17,0,5,1,69,,26005,17,0,5,1,30,,25991,17,0,5,1,69,,26013,17,0,5,1,28,,25998,17,0,5,1,69,,26006,17,0,5,1,30,,25992,17,0,5,1,72,,26014,17,0,5,1,33,,25999,17,0,5,1,73,,26007,2,0,5,1,33,,25986,2,0,5,2,73,,26016,2,0,5,1,72,,26000,2,0,5,1,32,,26008,2,0,5,1,71,,26015,2,0,5,1,22,,26019,2,0,5,2,22,,26018,2,0,5,1
6801,'H60JV00I-80-I',610,,26042,17,0,5,1,35,,26021,17,0,5,2,75,,26030,17,0,5,1,35,,26043,17,0,5,1,72,,26022,17,0,5,2,28,,26055,23,0,5,1,70,,26031,17,0,5,1,28,,26044,17,0,5,1,69,,26023,17,0,5,2,28,,26045,17,0,5,1,69,,26037,17,0,5,2,30,,26032,17,0,5,1,70,,26024,17,0,5,2,30,,26046,17,0,5,1,70,,26038,17,0,5,2,30,,26033,17,0,5,1,70,,26025,17,0,5,2,30,,26047,17,0,5,1,70,,26039,17,0,5,2,30,,26034,17,0,5,1,70,,26026,17,0,5,2,30,,26048,17,0,5,1,70,,26040,17,0,5,2,30,,26035,17,0,5,1,70,,26027,17,0,5,2,30,,26049,17,0,5,1,70,,26041,17,0,5,2,33,,26036,17,0,5,1,72,,26028,17,0,5,2,33,,26050,17,0,5,1,73,,26052,2,0,5,1,72,,26056,2,0,5,1,29,,26029,2,0,5,2,69,,26051,2,0,5,1,29,,26053,2,0,5,1,28,,26057,2,0,5,1,68,,26058,2,0,5,1,24,,26054,2,0,5,1
6801,'H60JV00S-98-S',450,,26096,2,0,5,1,70,,26094,23,0,5,2,31,,26095,23,0,5,1,74,,26059,23,0,5,2,34,,26078,23,0,5,2,72,,26079,23,0,5,1,74,,26073,23,0,5,1,33,,26080,23,0,5,1,75,,26060,23,0,5,2,13,,26069,17,0,5,1,28,,26062,17,0,5,1,69,,26074,17,0,5,1,29,,26081,17,0,5,1,69,,26070,17,0,5,1,29,,26063,17,0,5,1,69,,26075,17,0,5,1,29,,26082,17,0,5,1,68,,26071,17,0,5,1,29,,26064,17,0,5,1,69,,26076,17,0,5,1,30,,26083,17,0,5,1,76,,26072,17,0,5,1,28,,26065,17,0,5,1,100,,26077,23,0,5,1,68,,26084,23,0,5,1,28,,26085,23,0,5,2,69,,26097,23,0,5,1,29,,26087,23,0,5,2,65,,26066,17,0,5,1,26,,26088,17,0,5,1,67,,26092,17,0,5,1,31,,26098,17,0,5,1,71,,26067,17,0,5,1,29,,26089,2,0,5,1,27,,26093,2,0,5,1,67,,26099,2,0,5,1,27,,26068,2,0,5,1,67,,26090,2,0,5,1,34,,26086,2,0,5,1,75,,26061,2,0,5,1,72,,26091,2,0,5,1
37601,'H60J000A-80-A',2445,,75921,2,0,5,1,85,,75925,2,0,5,1,85,,75923,2,0,5,1,85,,75924,2,0,5,1,45,,75922,2,0,5,1
37601,'H60J000I-80-I',2445,,75927,2,0,5,2,85,,75928,2,0,5,1,85,,75929,2,0,5,1,85,,75930,2,0,5,1,45,,75926,2,0,5,1
37601,'H60J000S-98-S',2445,,75933,2,0,5,1,85,,75932,2,0,5,1,85,,75931,2,0,5,1,85,,75935,2,0,5,1,45,,75934,2,0,5,1
37601,'H60JV00A-80-A',2445,,75938,2,0,5,1,85,,75936,2,0,5,1,85,,75940,2,0,5,1,85,,75937,2,0,5,1,45,,75939,2,0,5,1
37601,'H60JV00I-80-I',2445,,75945,2,0,5,2,85,,75944,2,0,5,1,85,,75943,2,0,5,1,85,,75942,2,0,5,1,45,,75941,2,0,5,1
37601,'H60JV00S-98-S',2445,,75947,2,0,5,1,85,,75946,2,0,5,1,85,,75950,2,0,5,1,85,,75949,2,0,5,1,45,,75948,2,0,5,1
40103,'H60J000S-98-S',633,,76143,17,0,22 87,1,76,,76144,17,0,22 87,2,39,,76147,17,0,22 87,2,77,,76145,17,0,22 87,1,78,,76148,17,0,22 87,2,713,,76152,27,0,22 86,1,34,,76150,27,0,22 86,2,76,,76141,27,0,22 86,1,20,,76153,27,0,22 86,1,60,,76151,27,0,22 86,2,19,,76142,27,0,22 86,1,18,,76149,27,0,22 86,2,63,,76154,27,0,22 86,1,25,,76146,27,0,22 86,1
40103,'H60JV00S-98-S',633,,76162,17,0,22 87,1,76,,76163,17,0,22 87,2,39,,76165,17,0,22 87,2,77,,76164,17,0,22 87,1,78,,76166,17,0,22 87,2,713,,76159,27,0,22 86,1,34,,76167,27,0,22 86,2,76,,76157,27,0,22 86,1,20,,76160,27,0,22 86,1,60,,76168,27,0,22 86,2,19,,76158,27,0,22 86,1,18,,76156,27,0,22 86,1,63,,76161,27,0,22 86,1,25,,76155,27,0,22 86,1
