42804,'H54J000S-83-S',1520,,76846,24,0,9,1,29,,76845,24,0,9,1,71,,76843,24,0,9,2,30,,76849,24,0,9,1,69,,76847,24,0,9,2,29,,76850,24,0,9,1,72,,76844,24,0,9,2,30,,76848,24,0,9,1
42804,'H54JV00S-80-S',1520,,76856,24,0,9,1,29,,76851,24,0,9,1,71,,76854,24,0,9,1,30,,76855,24,0,9,1,69,,76858,24,0,9,2,29,,76852,24,0,9,1,72,,76853,24,0,9,2,30,,76857,24,0,9,1
42804,'H59J000S-81-S',1916,,76859,24,0,9,1
42804,'H59JV00S-83-S',1916,,76860,24,0,9,1
44904,'H54J000S-83-S',550,,79293,34,0,9,2,50,,79294,34,0,9,2,10,,79296,34,0,9,1,20,,79300,34,0,9,2,9,,79302,34,0,9,2,10,,79305,34,0,9,2,9,,79306,34,0,9,2,49,,79286,34,0,9,1,23,,79311,34,0,9,2,7,,79295,34,0,9,2,8,,79301,34,0,9,2,8,,79312,34,0,9,2,49,,79317,34,0,9,2,9,,79304,34,0,9,2,12,,79303,34,0,9,2,13,,79297,34,0,9,1,22,,79287,34,0,9,1,62,,79316,34,0,9,2,21,,79285,34,0,9,1,62,,79318,34,0,9,1,22,,79298,34,0,9,1,23,,79288,34,0,9,1,64,,79307,34,0,9,2,28,,79313,34,0,9,2,69,,79319,34,0,9,1,30,,79299,34,0,9,1,68,,79308,34,0,9,2,28,,79314,34,0,9,2,68,,79320,34,0,9,1,27,,79292,34,0,9,2,26,,79309,34,0,9,2,67,,79315,34,0,9,2,26,,79321,34,0,9,1,63,,79323,34,0,9,2,88,,79329,34,0,9,1,28,,79326,34,0,9,1,28,,79322,34,0,9,1,67,,79310,34,0,9,1,30,,79289,34,0,9,1,70,,79327,34,0,9,1,29,,79324,34,0,9,1,69,,79330,34,0,9,1,30,,79290,34,0,9,1,70,,79328,34,0,9,1,31,,79325,34,0,9,1,70,,79291,34,0,9,1
44904,'H54JV00S-80-S',550,,79344,34,0,9,1,50,,79345,34,0,9,2,10,,79350,34,0,9,1,20,,79355,34,0,9,1,9,,79357,34,0,9,2,10,,79359,34,0,9,2,9,,79360,34,0,9,2,49,,79334,34,0,9,1,23,,79365,34,0,9,2,7,,79346,34,0,9,2,8,,79356,34,0,9,2,8,,79366,34,0,9,2,49,,79368,34,0,9,2,9,,79332,34,0,9,1,12,,79358,34,0,9,2,13,,79351,34,0,9,1,22,,79335,34,0,9,1,62,,79367,34,0,9,2,21,,79333,34,0,9,1,62,,79331,34,0,9,1,22,,79352,34,0,9,1,23,,79336,34,0,9,1,64,,79362,34,0,9,1,28,,79347,34,0,9,2,69,,79340,34,0,9,1,30,,79353,34,0,9,1,68,,79363,34,0,9,1,28,,79348,34,0,9,2,68,,79341,34,0,9,1,27,,79354,34,0,9,1,26,,79364,34,0,9,1,67,,79349,34,0,9,2,26,,79342,34,0,9,1,63,,79343,34,0,9,1,88,,79375,34,0,9,1,28,,79372,34,0,9,1,28,,79369,34,0,9,1,67,,79361,34,0,9,1,30,,79337,34,0,9,1,70,,79373,34,0,9,1,29,,79370,34,0,9,1,69,,79376,34,0,9,1,30,,79338,34,0,9,1,70,,79374,34,0,9,1,31,,79371,34,0,9,1,70,,79339,34,0,9,1
44904,'H57J000S-81-S',714,,79377,34,0,9,1,9,,79378,34,0,9,2,912,,79379,34,0,9,2
44904,'H57JV00S-83-S',714,,79380,34,0,9,1,9,,79381,34,0,9,1,912,,79382,34,0,9,1
44904,'H58J000S-81-S',620,,79383,34,0,9,2
44904,'H58J000S-83-S',620,,79384,34,0,9,2
44904,'H58JV00S-82-S',620,,79385,34,0,9,2
