'26J-H56J000A-80-A',6303,84640,0,'Nord',1,7000,0,'Nord',2,3000,0,'Nord',1,7000,0,'Nord',1,3000,0,'Nord',1,7000,0,'Nord',1,3100,0,'Nord',1,7100,0,'Nord',1,3000,0,'Nord',1,7100,0,'Nord',1,3000,0,'Nord',1,7200,0,'Nord',1,3100,0,'Nord',1,7100,0,'Nord',1,3000,0,'Nord',1,6900,0,'Nord',1,2900,0,'Nord',1,6900,0,'Nord',1,2770,0,'Nord',1,6800,0,'Nord',1
'26J-H56J000S-80-S',6303,61640,0,'Nord',2,2800,0,'Nord',1,6800,0,'Nord',2,3380,0,'Nord',2,7500,0,'Nord',1,3280,0,'Nord',2,7300,0,'Nord',1,7300,0,'Nord',2,3000,0,'Nord',1,7100,0,'Nord',2,2920,0,'Nord',1,7200,0,'Nord',2,3200,0,'Nord',1,7200,0,'Nord',2,3200,0,'Nord',1,7200,0,'Nord',2,3500,0,'Nord',1,7030,0,'Nord',2,3550,0,'Nord',1,7500,0,'Nord',2,3300,0,'Nord',1,7300,0,'Nord',2,7300,0,'Nord',1,3300,0,'Nord',2,7000,0,'Nord',1,2900,0,'Nord',2
'26J-H56JV00A-80-A',6303,84640,0,'Nord',1,7000,0,'Nord',2,3000,0,'Nord',1,7000,0,'Nord',1,3000,0,'Nord',1,7000,0,'Nord',1,3100,0,'Nord',1,7100,0,'Nord',1,3000,0,'Nord',1,7100,0,'Nord',1,3000,0,'Nord',1,7200,0,'Nord',1,3100,0,'Nord',1,7100,0,'Nord',1,3000,0,'Nord',1,6900,0,'Nord',1,2900,0,'Nord',1,6900,0,'Nord',1,2770,0,'Nord',1,6800,0,'Nord',1
'26J-H56JV00S-80-S',6303,61640,0,'Nord',2,2800,0,'Nord',1,6800,0,'Nord',2,3380,0,'Nord',2,7500,0,'Nord',1,3280,0,'Nord',2,7300,0,'Nord',1,7300,0,'Nord',2,3000,0,'Nord',1,7100,0,'Nord',2,2920,0,'Nord',1,7200,0,'Nord',2,3200,0,'Nord',1,7200,0,'Nord',2,3200,0,'Nord',1,7200,0,'Nord',2,3500,0,'Nord',1,7030,0,'Nord',2,3550,0,'Nord',1,7500,0,'Nord',2,3300,0,'Nord',1,7300,0,'Nord',2,7300,0,'Nord',1,3300,0,'Nord',2,7000,0,'Nord',1,2900,0,'Nord',2
'26J-H50J000S-83-S',9002,161550,0,'Ouest',2
'26J-H50JV00S-82-S',9002,161550,0,'Ouest',2
'26J-H56J000A-80-A',9002,60340,0,'Ouest',1,3000,0,'Ouest',1,7000,0,'Ouest',1,3000,0,'Ouest',1,7000,0,'Ouest',1,3000,0,'Ouest',1,7060,0,'Ouest',1,3000,0,'Ouest',1,7000,0,'Ouest',1,3000,0,'Ouest',1,6800,0,'Ouest',1,2500,0,'Ouest',1,2300,0,'Ouest',1,6200,0,'Ouest',1,2200,0,'Ouest',1,2100,0,'Ouest',1,6000,0,'Ouest',1,1820,0,'Ouest',1,1800,0,'Ouest',1,5700,0,'Ouest',1,1500,0,'Ouest',1,1500,0,'Ouest',1,1400,0,'Ouest',1,5400,0,'Ouest',2,1400,0,'Ouest',1,1400,0,'Ouest',1,900,0,'Ouest',1,900,0,'Ouest',1,4900,0,'Ouest',2,900,0,'Ouest',1,900,0,'Ouest',1,900,0,'Ouest',2,980,0,'Ouest',1,1000,0,'Ouest',1,1000,0,'Ouest',1,5000,0,'Ouest',2,1100,0,'Ouest',1,1200,0,'Ouest',1,1200,0,'Ouest',1,1200,0,'Ouest',1,5200,0,'Ouest',1,1200,0,'Ouest',1,1200,0,'Ouest',2,1200,0,'Ouest',1,1300,0,'Ouest',1,5500,0,'Ouest',2,1900,0,'Ouest',1,2100,0,'Ouest',1,6000,0,'Ouest',1,2000,0,'Ouest',1,1940,0,'Ouest',1,6000,0,'Ouest',1,2000,0,'Ouest',1,2000,0,'Ouest',1,6000,0,'Ouest',1,1900,0,'Ouest',1,2100,0,'Ouest',2,6100,0,'Ouest',1,2600,0,'Ouest',1,7200,0,'Ouest',1,3200,0,'Ouest',2,7200,0,'Ouest',1,3300,0,'Ouest',1
'26J-H56J000I-80-I',9002,61000,0,'Ouest',1,3000,0,'Ouest',1,7000,0,'Ouest',1,3000,0,'Ouest',1,7000,0,'Ouest',1,3000,0,'Ouest',1,7000,0,'Ouest',1,2900,0,'Ouest',1,6800,0,'Ouest',1,2700,0,'Ouest',1,6700,0,'Ouest',1,2600,0,'Ouest',1,2200,0,'Ouest',1,6200,0,'Ouest',1,2100,0,'Ouest',1,2220,0,'Ouest',1,6200,0,'Ouest',1,2000,0,'Ouest',1,1900,0,'Ouest',1,5800,0,'Ouest',1,1800,0,'Ouest',1,1600,0,'Ouest',1,5500,0,'Ouest',1,1500,0,'Ouest',1,1600,0,'Ouest',1,1700,0,'Ouest',1,5700,0,'Ouest',1,1580,0,'Ouest',2,1500,0,'Ouest',1,1500,0,'Ouest',1,5600,0,'Ouest',1,1700,0,'Ouest',1,1700,0,'Ouest',2,1600,0,'Ouest',1,5700,0,'Ouest',2,1700,0,'Ouest',1,1700,0,'Ouest',2,5800,0,'Ouest',1,1900,0,'Ouest',1,1900,0,'Ouest',1,5900,0,'Ouest',1,2000,0,'Ouest',1,2000,0,'Ouest',1,6500,0,'Ouest',1,2700,0,'Ouest',1,6800,0,'Ouest',1,3000,0,'Ouest',1,7200,0,'Ouest',1,3200,0,'Ouest',1,7300,0,'Ouest',1,3140,0,'Ouest',1,7300,0,'Ouest',1
'26J-H56J000S-80-S',9002,54540,0,'Ouest',1,6300,0,'Ouest',1,9860,0,'Ouest',1,1920,0,'Ouest',1,1800,0,'Ouest',1,6000,0,'Ouest',1,1900,0,'Ouest',1,2300,0,'Ouest',1,6880,0,'Ouest',1,3000,0,'Ouest',1,7000,0,'Ouest',1,3000,0,'Ouest',1,6800,0,'Ouest',1,2600,0,'Ouest',1,6500,0,'Ouest',1,2120,0,'Ouest',1,2100,0,'Ouest',1,5800,0,'Ouest',1,1800,0,'Ouest',1,1900,0,'Ouest',1,1600,0,'Ouest',1,5500,0,'Ouest',1,1000,0,'Ouest',2,1000,0,'Ouest',1,1000,0,'Ouest',1,1200,0,'Ouest',1,5230,0,'Ouest',1,1200,0,'Ouest',1,1700,0,'Ouest',1,1000,0,'Ouest',2,800,0,'Ouest',1,4700,0,'Ouest',1,800,0,'Ouest',1,1500,0,'Ouest',1,800,0,'Ouest',2,500,0,'Ouest',1,500,0,'Ouest',1,500,0,'Ouest',2,600,0,'Ouest',1,500,0,'Ouest',1,4700,0,'Ouest',2,700,0,'Ouest',1,800,0,'Ouest',2,800,0,'Ouest',1,700,0,'Ouest',1,700,0,'Ouest',1,570,0,'Ouest',1,800,0,'Ouest',2,5000,0,'Ouest',1,1100,0,'Ouest',1,1000,0,'Ouest',2,1000,0,'Ouest',1,1100,0,'Ouest',1,1200,0,'Ouest',1,5100,0,'Ouest',1,1180,0,'Ouest',2,1300,0,'Ouest',1,1500,0,'Ouest',1,5800,0,'Ouest',1,1900,0,'Ouest',1,1900,0,'Ouest',1,6000,0,'Ouest',1,2000,0,'Ouest',1,2000,0,'Ouest',2,6000,0,'Ouest',1,2800,0,'Ouest',1,6900,0,'Ouest',1,3300,0,'Ouest',1,7300,0,'Ouest',1,3240,0,'Ouest',1,7300,0,'Ouest',1
'26J-H56JV00A-80-A',9002,60340,0,'Ouest',1,3000,0,'Ouest',1,7000,0,'Ouest',1,3000,0,'Ouest',1,7000,0,'Ouest',1,3000,0,'Ouest',1,7060,0,'Ouest',1,3000,0,'Ouest',1,7000,0,'Ouest',1,3000,0,'Ouest',1,6800,0,'Ouest',1,2500,0,'Ouest',1,2300,0,'Ouest',1,6200,0,'Ouest',1,2200,0,'Ouest',1,2100,0,'Ouest',1,6000,0,'Ouest',1,1820,0,'Ouest',1,1800,0,'Ouest',1,5700,0,'Ouest',1,1500,0,'Ouest',1,1500,0,'Ouest',1,1400,0,'Ouest',1,5400,0,'Ouest',2,1400,0,'Ouest',1,1400,0,'Ouest',1,900,0,'Ouest',1,900,0,'Ouest',1,4900,0,'Ouest',2,900,0,'Ouest',1,900,0,'Ouest',1,900,0,'Ouest',2,980,0,'Ouest',1,1000,0,'Ouest',1,1000,0,'Ouest',1,5000,0,'Ouest',2,1100,0,'Ouest',1,1200,0,'Ouest',1,1200,0,'Ouest',1,1200,0,'Ouest',1,5200,0,'Ouest',1,1200,0,'Ouest',1,1200,0,'Ouest',2,1200,0,'Ouest',1,1300,0,'Ouest',1,5500,0,'Ouest',2,1900,0,'Ouest',1,2100,0,'Ouest',1,6000,0,'Ouest',1,2000,0,'Ouest',1,1940,0,'Ouest',1,6000,0,'Ouest',1,2000,0,'Ouest',1,2000,0,'Ouest',1,6000,0,'Ouest',1,1900,0,'Ouest',1,2100,0,'Ouest',2,6100,0,'Ouest',1,2600,0,'Ouest',1,7200,0,'Ouest',1,3200,0,'Ouest',2,7200,0,'Ouest',1,3300,0,'Ouest',1
'26J-H56JV00I-80-I',9002,61000,0,'Ouest',1,3000,0,'Ouest',1,7000,0,'Ouest',1,3000,0,'Ouest',1,7000,0,'Ouest',1,3000,0,'Ouest',1,7000,0,'Ouest',1,2900,0,'Ouest',1,6800,0,'Ouest',1,2700,0,'Ouest',1,6700,0,'Ouest',1,2600,0,'Ouest',1,2200,0,'Ouest',1,6200,0,'Ouest',1,2100,0,'Ouest',1,2220,0,'Ouest',1,6200,0,'Ouest',1,2000,0,'Ouest',1,1900,0,'Ouest',1,5800,0,'Ouest',1,1800,0,'Ouest',1,1600,0,'Ouest',1,5500,0,'Ouest',1,1500,0,'Ouest',1,1600,0,'Ouest',1,1700,0,'Ouest',1,5700,0,'Ouest',1,1580,0,'Ouest',2,1500,0,'Ouest',1,1500,0,'Ouest',1,5600,0,'Ouest',1,1700,0,'Ouest',1,1700,0,'Ouest',2,1600,0,'Ouest',1,5700,0,'Ouest',2,1700,0,'Ouest',1,1700,0,'Ouest',2,5800,0,'Ouest',1,1900,0,'Ouest',1,1900,0,'Ouest',1,5900,0,'Ouest',1,2000,0,'Ouest',1,2000,0,'Ouest',1,6500,0,'Ouest',1,2700,0,'Ouest',1,6800,0,'Ouest',1,3000,0,'Ouest',1,7200,0,'Ouest',1,3200,0,'Ouest',1,7300,0,'Ouest',1,3140,0,'Ouest',1,7300,0,'Ouest',1
'26J-H56JV00S-80-S',9002,54540,0,'Ouest',1,6300,0,'Ouest',1,9860,0,'Ouest',1,1920,0,'Ouest',1,1800,0,'Ouest',1,6000,0,'Ouest',1,1900,0,'Ouest',1,2300,0,'Ouest',1,6880,0,'Ouest',1,3000,0,'Ouest',1,7000,0,'Ouest',1,3000,0,'Ouest',1,6800,0,'Ouest',1,2600,0,'Ouest',1,6500,0,'Ouest',1,2120,0,'Ouest',1,2100,0,'Ouest',1,5800,0,'Ouest',1,1800,0,'Ouest',1,1900,0,'Ouest',1,1600,0,'Ouest',1,5500,0,'Ouest',1,1000,0,'Ouest',1,1000,0,'Ouest',1,1000,0,'Ouest',1,1200,0,'Ouest',1,5230,0,'Ouest',1,1200,0,'Ouest',1,1700,0,'Ouest',1,1000,0,'Ouest',2,800,0,'Ouest',1,4700,0,'Ouest',1,800,0,'Ouest',1,1500,0,'Ouest',1,800,0,'Ouest',1,500,0,'Ouest',1,500,0,'Ouest',1,500,0,'Ouest',2,600,0,'Ouest',1,500,0,'Ouest',1,4700,0,'Ouest',1,700,0,'Ouest',1,800,0,'Ouest',2,800,0,'Ouest',1,700,0,'Ouest',1,700,0,'Ouest',1,570,0,'Ouest',1,800,0,'Ouest',2,5000,0,'Ouest',1,1100,0,'Ouest',1,1000,0,'Ouest',2,1000,0,'Ouest',1,1100,0,'Ouest',1,1200,0,'Ouest',1,5100,0,'Ouest',1,1180,0,'Ouest',1,1300,0,'Ouest',1,1500,0,'Ouest',1,5800,0,'Ouest',1,1900,0,'Ouest',1,1900,0,'Ouest',1,6000,0,'Ouest',1,2000,0,'Ouest',1,2000,0,'Ouest',2,6000,0,'Ouest',1,2800,0,'Ouest',1,6900,0,'Ouest',1,3300,0,'Ouest',1,7300,0,'Ouest',1,3240,0,'Ouest',1,7300,0,'Ouest',1
'26J-H57J000S-81-S',9002,62940,0,'Ouest',1,1860,0,'Ouest',2
'26J-H57JV00S-83-S',9002,62940,0,'Ouest',1,1860,0,'Ouest',2
'26J-H60J000S-98-S',9002,152750,0,'Ouest',2
'26J-H60JV00S-98-S',9002,152750,0,'Ouest',2
