12403,'H50J000A-84-A',612,,44837,18,0,8,2,34,,44821,18,0,8,1,76,,44838,18,0,8,2,34,,44822,18,0,8,1,76,,44839,18,0,8,2,76,,44823,18,0,8,1,39,,44840,18,0,8,2,76,,44824,18,0,8,1,23,,44848,18,0,8,2,67,,44841,18,0,8,2,29,,44825,18,0,8,1,66,,44849,18,0,8,2,26,,44842,18,0,8,2,69,,44826,18,0,8,1,27,,44850,18,0,8,2,27,,44843,18,0,8,2,69,,44827,18,0,8,1,27,,44851,18,0,8,2,68,,44844,18,0,8,2,28,,44828,18,0,8,1,69,,44852,18,0,8,2,27,,44845,18,0,8,2,68,,44829,18,0,8,1,28,,44853,18,0,8,2,69,,44846,18,0,8,2,27,,44830,18,0,8,1,71,,44854,18,0,8,2,35,,44847,18,0,8,2,58,,44831,18,0,8,1,38,,44855,18,0,8,2,78,,44832,18,0,8,1,35,,44856,18,0,8,2,76,,44833,18,0,8,1,74,,44857,18,0,8,2,34,,44834,18,0,8,1,73,,44858,18,0,8,2,29,,44835,18,0,8,1,73,,44859,18,0,8,2,29,,44836,18,0,8,1
12403,'H50J000I-84-I',654,,44866,18,0,8,1,71,,44893,18,0,8,2,77,,44878,18,0,8,1,34,,44894,18,0,8,2,77,,44879,18,0,8,1,34,,44895,18,0,8,2,78,,44880,18,0,8,1,77,,44896,18,0,8,2,39,,44867,18,0,8,1,78,,44881,18,0,8,1,32,,44886,18,0,8,2,71,,44868,18,0,8,1,30,,44882,18,0,8,1,68,,44887,18,0,8,2,28,,44869,18,0,8,1,70,,44883,18,0,8,1,28,,44888,18,0,8,2,67,,44870,18,0,8,1,30,,44884,18,0,8,1,63,,44889,18,0,8,2,27,,44871,18,0,8,1,69,,44885,18,0,8,1,30,,44890,18,0,8,2,72,,44872,18,0,8,1,32,,44860,18,0,8,2,72,,44891,18,0,8,1,31,,44873,18,0,8,1,70,,44861,18,0,8,2,12,,44892,18,0,8,1,30,,44874,18,0,8,1,72,,44862,18,0,8,2,33,,44875,18,0,8,1,70,,44863,18,0,8,2,77,,44876,18,0,8,1,28,,44864,18,0,8,2,74,,44877,18,0,8,1,33,,44865,18,0,8,2
12403,'H50J000S-83-S',549,,44900,18,0,8,1,66,,44899,18,0,8,2,25,,44908,18,0,8,1,73,,44901,18,0,8,1,27,,44913,18,0,8,1,70,,44914,18,0,8,1,30,,44909,18,0,8,1,75,,44930,18,0,8,1,31,,44915,18,0,8,1,69,,44910,18,0,8,1,29,,44931,18,0,8,1,71,,44916,18,0,8,1,29,,44911,18,0,8,1,70,,44932,18,0,8,1,31,,44917,18,0,8,1,70,,44912,18,0,8,1,30,,44933,18,0,8,1,71,,44918,18,0,8,1,26,,44903,18,0,8,2,70,,44936,18,0,8,1,29,,44897,18,0,8,1,77,,44919,18,0,8,1,34,,44926,18,0,8,1,77,,44898,18,0,8,1,77,,44920,18,0,8,1,28,,44927,18,0,8,1,69,,44934,18,0,8,1,30,,44921,18,0,8,1,68,,44928,18,0,8,1,27,,44935,18,0,8,1,27,,44922,18,0,8,1,66,,44929,18,0,8,1,21,,44907,18,0,8,2,71,,44902,18,0,8,1,31,,44923,18,0,8,1,73,,44904,18,0,8,2,36,,44924,18,0,8,1,72,,44905,18,0,8,2,76,,44925,18,0,8,1,29,,44906,18,0,8,2
12403,'H50JV00A-81-A',612,,44953,18,0,8,2,34,,44937,18,0,8,1,76,,44954,18,0,8,2,34,,44938,18,0,8,1,76,,44955,18,0,8,2,76,,44939,18,0,8,1,39,,44956,18,0,8,2,76,,44940,18,0,8,1,23,,44964,18,0,8,2,67,,44957,18,0,8,2,29,,44941,18,0,8,1,66,,44965,18,0,8,2,26,,44958,18,0,8,2,69,,44942,18,0,8,1,27,,44966,18,0,8,2,27,,44959,18,0,8,2,69,,44943,18,0,8,1,27,,44967,18,0,8,2,68,,44960,18,0,8,2,28,,44944,18,0,8,1,69,,44968,18,0,8,2,27,,44961,18,0,8,2,68,,44945,18,0,8,1,28,,44969,18,0,8,2,69,,44962,18,0,8,2,27,,44946,18,0,8,1,71,,44970,18,0,8,2,35,,44963,18,0,8,2,58,,44947,18,0,8,1,38,,44971,18,0,8,2,78,,44948,18,0,8,1,35,,44972,18,0,8,2,76,,44949,18,0,8,1,74,,44973,18,0,8,2,34,,44950,18,0,8,1,73,,44974,18,0,8,2,29,,44951,18,0,8,1,73,,44975,18,0,8,2,29,,44952,18,0,8,1
12403,'H50JV00I-81-I',654,,44982,18,0,8,1,71,,45009,18,0,8,2,77,,44994,18,0,8,1,34,,45010,18,0,8,2,77,,44995,18,0,8,1,34,,45011,18,0,8,2,78,,44996,18,0,8,1,77,,45012,18,0,8,2,39,,44983,18,0,8,1,78,,44997,18,0,8,1,32,,45002,18,0,8,2,71,,44984,18,0,8,1,30,,44998,18,0,8,1,68,,45003,18,0,8,2,28,,44985,18,0,8,1,70,,44999,18,0,8,1,28,,45004,18,0,8,2,67,,44986,18,0,8,1,30,,45000,18,0,8,1,63,,45005,18,0,8,2,27,,44987,18,0,8,1,69,,45001,18,0,8,1,30,,45006,18,0,8,2,72,,44988,18,0,8,1,32,,44976,18,0,8,2,72,,45007,18,0,8,1,31,,44989,18,0,8,1,70,,44977,18,0,8,2,12,,45008,18,0,8,1,30,,44990,18,0,8,1,72,,44978,18,0,8,2,33,,44991,18,0,8,1,70,,44979,18,0,8,2,77,,44992,18,0,8,1,28,,44980,18,0,8,2,74,,44993,18,0,8,1,33,,44981,18,0,8,2
12403,'H50JV00S-82-S',549,,45016,18,0,8,1,66,,45015,18,0,8,2,25,,45024,18,0,8,1,73,,45017,18,0,8,1,27,,45029,18,0,8,1,70,,45030,18,0,8,1,30,,45025,18,0,8,1,75,,45046,18,0,8,1,31,,45031,18,0,8,1,69,,45026,18,0,8,1,29,,45047,18,0,8,1,71,,45032,18,0,8,1,29,,45027,18,0,8,1,70,,45048,18,0,8,1,31,,45033,18,0,8,1,70,,45028,18,0,8,1,30,,45049,18,0,8,1,71,,45034,18,0,8,1,26,,45019,18,0,8,1,70,,45052,18,0,8,1,29,,45013,18,0,8,1,77,,45035,18,0,8,1,34,,45042,18,0,8,1,77,,45014,18,0,8,1,77,,45036,18,0,8,1,28,,45043,18,0,8,1,69,,45050,18,0,8,1,30,,45037,18,0,8,1,68,,45044,18,0,8,1,27,,45051,18,0,8,1,27,,45038,18,0,8,1,66,,45045,18,0,8,1,21,,45023,18,0,8,1,71,,45018,18,0,8,1,31,,45039,18,0,8,1,73,,45020,18,0,8,2,36,,45040,18,0,8,1,72,,45021,18,0,8,2,76,,45041,18,0,8,1,29,,45022,18,0,8,2
36802,'H57J000A-80-A',2630,,75573,51,0,10,1,21,,75569,51,0,10,1,59,,75570,51,0,10,1,30,,75575,51,0,10,1,70,,75571,51,0,10,1,34,,75574,51,0,10,2,83,,75572,51,0,10,1
36802,'H57J000I-80-I',2624,,75576,51,0,10,1,86,,75579,51,0,10,2,45,,75578,51,0,10,1,87,,75577,51,0,10,1,87,,75580,51,0,10,2
36802,'H57J000S-81-S',2626,,75581,51,0,10,1,81,,75582,51,0,10,1,93,,75585,51,0,10,1,54,,75583,51,0,10,1,78,,75584,51,0,10,1
36802,'H57JV00A-80-A',2630,,75591,51,0,10,1,21,,75590,51,0,10,1,59,,75587,51,0,10,1,30,,75592,51,0,10,1,70,,75588,51,0,10,1,34,,75586,51,0,10,2,83,,75589,51,0,10,1
36802,'H57JV00I-80-I',2624,,75594,51,0,10,1,86,,75596,51,0,10,2,45,,75593,51,0,10,1,87,,75595,51,0,10,1,87,,75597,51,0,10,2
36802,'H57JV00S-83-S',2626,,75599,51,0,10,1,81,,75598,51,0,10,1,93,,75601,51,0,10,1,54,,75600,51,0,10,1,78,,75602,51,0,10,1
