20301,'H50J000S-83-S',727,,69148,30,0,5,1
20301,'H50JV00S-82-S',727,,69149,30,0,5,1
20301,'H56J000S-80-S',1820,,69150,30,0,5,1
20301,'H56JV00S-80-S',1820,,69151,30,0,5,1
20301,'H60J000A-80-A',620,,69158,30,0,5,2,30,,69175,30,0,5,1,71,,69170,30,0,5,1,30,,69159,30,0,5,2,71,,69176,30,0,5,1,30,,69171,30,0,5,1,70,,69160,30,0,5,2,32,,69177,30,0,5,1,73,,69172,30,0,5,1,32,,69161,30,0,5,2,73,,69178,30,0,5,1,73,,69173,30,0,5,1,33,,69162,30,0,5,2,73,,69179,30,0,5,1,30,,69186,30,0,5,2,69,,69174,30,0,5,1,29,,69163,30,0,5,2,69,,69180,30,0,5,1,29,,69187,30,0,5,2,69,,69152,30,0,5,1,30,,69164,30,0,5,2,70,,69181,30,0,5,1,30,,69188,30,0,5,2,67,,69153,30,0,5,1,30,,69165,30,0,5,2,71,,69182,30,0,5,1,29,,69154,30,0,5,1,70,,69166,30,0,5,2,29,,69183,30,0,5,1,69,,69155,30,0,5,1,29,,69167,30,0,5,2,29,,69184,30,0,5,1,68,,69156,30,0,5,1,28,,69168,30,0,5,2,68,,69185,30,0,5,1,28,,69157,30,0,5,1,68,,69169,30,0,5,2
20301,'H60J000I-80-I',720,,69189,30,0,5,1,30,,69212,30,0,5,2,70,,69201,30,0,5,1,30,,69190,30,0,5,1,70,,69213,30,0,5,2,30,,69202,30,0,5,1,70,,69191,30,0,5,1,30,,69214,30,0,5,2,70,,69203,30,0,5,1,30,,69192,30,0,5,1,70,,69215,30,0,5,2,30,,69204,30,0,5,1,72,,69193,30,0,5,1,30,,69216,30,0,5,2,70,,69205,30,0,5,1,32,,69194,30,0,5,1,70,,69217,30,0,5,2,31,,69206,30,0,5,1,71,,69195,30,0,5,1,30,,69218,30,0,5,2,70,,69207,30,0,5,1,30,,69196,30,0,5,1,69,,69219,30,0,5,2,29,,69208,30,0,5,1,68,,69197,30,0,5,1,29,,69220,30,0,5,2,69,,69209,30,0,5,1,29,,69198,30,0,5,1,69,,69221,30,0,5,2,30,,69210,30,0,5,1,70,,69199,30,0,5,1,30,,69222,30,0,5,2,69,,69211,30,0,5,1,30,,69200,30,0,5,1,70,,69223,30,0,5,2
20301,'H60J000S-98-S',614,,69235,30,0,5,2,34,,69225,30,0,5,1,67,,69236,30,0,5,1,30,,69224,30,0,5,2,70,,69245,30,0,5,2,26,,69226,30,0,5,1,10,,69246,30,0,5,1,72,,69244,30,0,5,1,32,,69231,30,0,5,1,72,,69227,30,0,5,1,32,,69247,30,0,5,1,72,,69242,30,0,5,1,71,,69232,30,0,5,1,29,,69228,30,0,5,1,70,,69230,30,0,5,1,29,,69233,30,0,5,1,29,,69241,30,0,5,1,69,,69229,30,0,5,1,31,,69253,30,0,5,1,72,,69259,30,0,5,1,74,,69234,30,0,5,1,24,,69248,30,0,5,2,25,,69254,30,0,5,1,63,,69243,30,0,5,1,32,,69258,30,0,5,1,104,,69255,30,0,5,1,71,,69249,30,0,5,1,30,,69237,30,0,5,1,72,,69256,30,0,5,1,31,,69250,30,0,5,1,70,,69238,30,0,5,1,30,,69257,30,0,5,1,71,,69251,30,0,5,1,27,,69239,30,0,5,1,69,,69260,30,0,5,1,28,,69252,30,0,5,1,68,,69240,30,0,5,1
20301,'H60JV00A-80-A',620,,69261,30,0,5,2,30,,69279,30,0,5,1,71,,69293,30,0,5,1,30,,69262,30,0,5,2,71,,69280,30,0,5,1,30,,69294,30,0,5,1,70,,69263,30,0,5,2,32,,69281,30,0,5,1,73,,69295,30,0,5,1,32,,69264,30,0,5,2,73,,69282,30,0,5,1,73,,69296,30,0,5,1,33,,69265,30,0,5,2,73,,69283,30,0,5,1,30,,69290,30,0,5,2,69,,69297,30,0,5,1,29,,69266,30,0,5,2,69,,69284,30,0,5,1,29,,69291,30,0,5,2,69,,69273,30,0,5,1,30,,69267,30,0,5,2,70,,69285,30,0,5,1,30,,69292,30,0,5,2,67,,69274,30,0,5,1,30,,69268,30,0,5,2,71,,69286,30,0,5,1,29,,69275,30,0,5,1,70,,69269,30,0,5,2,29,,69287,30,0,5,1,69,,69276,30,0,5,1,29,,69270,30,0,5,2,29,,69288,30,0,5,1,68,,69277,30,0,5,1,28,,69271,30,0,5,2,68,,69289,30,0,5,1,28,,69278,30,0,5,1,68,,69272,30,0,5,2
20301,'H60JV00I-80-I',720,,69298,30,0,5,1,30,,69321,30,0,5,2,70,,69310,30,0,5,1,30,,69299,30,0,5,1,70,,69322,30,0,5,2,30,,69311,30,0,5,1,70,,69300,30,0,5,1,30,,69323,30,0,5,2,70,,69312,30,0,5,1,30,,69301,30,0,5,1,70,,69324,30,0,5,2,30,,69313,30,0,5,1,72,,69302,30,0,5,1,30,,69325,30,0,5,2,70,,69314,30,0,5,1,32,,69303,30,0,5,1,70,,69326,30,0,5,2,31,,69315,30,0,5,1,71,,69304,30,0,5,1,30,,69327,30,0,5,2,70,,69316,30,0,5,1,30,,69305,30,0,5,1,69,,69328,30,0,5,2,29,,69317,30,0,5,1,68,,69306,30,0,5,1,29,,69329,30,0,5,2,69,,69318,30,0,5,1,29,,69307,30,0,5,1,69,,69330,30,0,5,2,30,,69319,30,0,5,1,70,,69308,30,0,5,1,30,,69331,30,0,5,2,69,,69320,30,0,5,1,30,,69309,30,0,5,1,70,,69332,30,0,5,2
20301,'H60JV00S-98-S',614,,69369,30,0,5,2,34,,69363,30,0,5,1,67,,69343,30,0,5,1,30,,69366,30,0,5,2,70,,69344,30,0,5,2,26,,69364,30,0,5,1,10,,69339,30,0,5,1,72,,69367,30,0,5,1,32,,69352,30,0,5,1,72,,69365,30,0,5,1,32,,69340,30,0,5,1,72,,69341,30,0,5,1,71,,69353,30,0,5,1,29,,69350,30,0,5,1,70,,69334,30,0,5,1,29,,69354,30,0,5,1,29,,69355,30,0,5,1,69,,69351,30,0,5,1,31,,69345,30,0,5,1,72,,69357,30,0,5,1,74,,69333,30,0,5,1,24,,69368,30,0,5,2,25,,69346,30,0,5,1,63,,69342,30,0,5,1,32,,69356,30,0,5,1,104,,69347,30,0,5,1,71,,69335,30,0,5,1,30,,69359,30,0,5,1,72,,69348,30,0,5,1,31,,69336,30,0,5,1,70,,69360,30,0,5,1,30,,69349,30,0,5,1,71,,69337,30,0,5,1,27,,69361,30,0,5,1,69,,69358,30,0,5,1,28,,69338,30,0,5,1,68,,69362,30,0,5,1
