1704,'H60M000A-82-A',507,,178958,9,0,9,1,35,,178946,9,0,9,1,84,,178959,9,0,9,1,75,,178947,9,0,9,1,44,,178960,9,0,9,1,78,,178948,9,0,9,1,86,,178961,9,0,9,1,39,,178967,9,0,9,1,83,,178949,9,0,9,1,83,,178962,9,0,9,1,40,,178968,9,0,9,1,81,,178950,9,0,9,1,80,,178963,9,0,9,1,40,,178969,9,0,9,1,80,,178951,9,0,9,1,81,,178964,9,0,9,1,41,,178970,9,0,9,1,81,,178952,9,0,9,1,79,,178965,9,0,9,1,41,,178971,9,0,9,1,78,,178953,9,0,9,1,77,,178966,9,0,9,1,37,,178972,9,0,9,1,85,,178954,9,0,9,1,81,,178973,9,0,9,1,85,,178955,9,0,9,1,41,,178974,9,0,9,1,82,,178956,9,0,9,1,81,,178975,9,0,9,1,42,,178957,9,0,9,1,81,,178976,9,0,9,1
1704,'H60M000I-81-I',517,,178977,9,0,9,1,29,,179006,9,0,9,1,70,,178986,9,0,9,1,34,,178978,9,0,9,1,84,,178987,9,0,9,1,75,,178979,9,0,9,1,44,,178988,9,0,9,1,82,,178980,9,0,9,1,85,,178989,9,0,9,1,83,,178981,9,0,9,1,46,,178990,9,0,9,1,85,,178982,9,0,9,1,76,,178998,9,0,9,1,43,,178991,9,0,9,1,81,,178983,9,0,9,1,80,,178999,9,0,9,1,40,,178992,9,0,9,1,80,,178984,9,0,9,1,80,,179000,9,0,9,1,40,,178993,9,0,9,1,80,,178985,9,0,9,1,78,,179001,9,0,9,1,44,,178994,9,0,9,1,82,,179002,9,0,9,1,84,,178995,9,0,9,1,80,,179003,9,0,9,1,43,,178996,9,0,9,1,83,,179004,9,0,9,1,83,,178997,9,0,9,1,43,,179005,9,0,9,1
1704,'H60M000S-80-S',517,,179018,9,0,9,1,29,,179009,9,0,9,1,71,,179007,9,0,9,1,32,,179019,9,0,9,1,71,,179030,9,0,9,1,33,,179010,9,0,9,1,73,,179008,9,0,9,1,33,,179020,9,0,9,1,73,,179031,9,0,9,1,77,,179011,9,0,9,1,38,,179021,9,0,9,1,78,,179032,9,0,9,1,78,,179012,9,0,9,1,38,,179022,9,0,9,1,78,,179033,9,0,9,1,37,,179013,9,0,9,1,77,,179023,9,0,9,1,72,,179036,9,0,9,1,34,,179034,9,0,9,1,73,,179014,9,0,9,1,33,,179024,9,0,9,1,73,,179037,9,0,9,1,33,,179035,9,0,9,1,70,,179015,9,0,9,1,33,,179025,9,0,9,1,71,,179038,9,0,9,1,34,,179016,9,0,9,1,72,,179026,9,0,9,1,70,,179039,9,0,9,1,30,,179017,9,0,9,1,72,,179027,9,0,9,1,42,,179040,9,0,9,1,85,,179028,9,0,9,1,77,,179041,9,0,9,1,43,,179029,9,0,9,1
10001,'H50M000A-81-A',525,,194346,22,0,5,2,30,,194359,22,0,5,1,71,,194321,22,0,5,1,33,,194347,22,0,5,2,73,,194313,22,0,5,2,27,,194322,22,0,5,1,67,,194348,22,0,5,2,27,,194325,22,0,5,1,70,,194314,22,0,5,2,29,,194323,22,0,5,1,67,,194316,22,0,5,1,30,,194326,22,0,5,1,70,,194324,22,0,5,1,30,,194317,22,0,5,1,70,,194330,22,0,5,1,30,,194327,22,0,5,1,70,,194318,22,0,5,1,28,,194332,22,0,5,1,67,,194331,22,0,5,1,24,,194328,22,0,5,1,62,,194319,22,0,5,1,21,,194336,22,0,5,1,12,,194315,22,0,5,1,2,,194333,22,0,5,1,17,,194340,22,0,5,2,59,,194329,22,0,5,1,19,,194337,22,0,5,1,15,,194320,22,0,5,1,56,,194341,22,0,5,2,17,,194334,22,0,5,1,20,,194358,22,0,5,1,66,,194338,22,0,5,1,27,,194342,22,0,5,2,28,,194335,22,0,5,1,70,,194339,22,0,5,1,29,,194343,22,0,5,2,69,,194349,22,0,5,2,28,,194353,22,0,5,1,68,,194344,22,0,5,2,27,,194350,22,0,5,2,73,,194354,22,0,5,1,33,,194345,22,0,5,2,73,,194351,22,0,5,2,24,,194355,22,0,5,1,69,,194357,22,0,5,1,34,,194352,22,0,5,2,78,,194356,22,0,5,1
10001,'H50M000I-81-I',635,,194369,22,0,5,1,69,,194361,22,0,5,2,28,,194396,22,0,5,1,73,,194370,22,0,5,1,33,,194362,22,0,5,2,73,,194397,22,0,5,1,28,,194371,22,0,5,1,68,,194363,22,0,5,2,28,,194398,22,0,5,1,71,,194372,22,0,5,1,31,,194364,22,0,5,2,70,,194399,22,0,5,1,33,,194373,22,0,5,1,73,,194365,22,0,5,2,32,,194400,22,0,5,1,71,,194374,22,0,5,1,29,,194366,22,0,5,2,67,,194388,22,0,5,1,19,,194360,22,0,5,2,3,,194376,22,0,5,2,10,,194401,22,0,5,1,13,,194375,22,0,5,1,56,,194367,22,0,5,2,16,,194402,22,0,5,1,18,,194389,22,0,5,1,62,,194377,22,0,5,2,19,,194383,22,0,5,1,20,,194368,22,0,5,2,64,,194390,22,0,5,1,30,,194378,22,0,5,2,70,,194384,22,0,5,1,30,,194391,22,0,5,1,70,,194379,22,0,5,2,30,,194385,22,0,5,1,70,,194392,22,0,5,1,30,,194380,22,0,5,2,70,,194386,22,0,5,1,29,,194393,22,0,5,1,70,,194381,22,0,5,2,20,,194387,22,0,5,1,25,,194394,22,0,5,1,70,,194403,22,0,5,1,33,,194382,22,0,5,2,75,,194395,22,0,5,1
10001,'H50M000S-81-S',525,,194405,22,0,5,1,33,,194410,22,0,5,1,74,,194420,22,0,5,1,71,,194419,22,0,5,1,30,,194411,22,0,5,1,69,,194427,22,0,5,1,29,,194428,22,0,5,1,70,,194432,22,0,5,1,28,,194421,22,0,5,2,27,,194412,22,0,5,1,73,,194429,22,0,5,1,73,,194422,22,0,5,2,26,,194413,22,0,5,1,30,,194433,22,0,5,1,70,,194430,22,0,5,1,31,,194423,22,0,5,2,67,,194414,22,0,5,1,24,,194408,22,0,5,2,59,,194434,22,0,5,1,18,,194431,22,0,5,1,11,,194424,22,0,5,2,71,,194415,22,0,5,1,24,,194409,22,0,5,2,10,,194453,22,0,5,1,12,,194435,22,0,5,1,51,,194442,22,0,5,1,10,,194404,22,0,5,1,12,,194425,22,0,5,2,16,,194441,22,0,5,1,56,,194416,22,0,5,1,18,,194436,22,0,5,1,30,,194437,22,0,5,2,61,,194443,22,0,5,1,28,,194426,22,0,5,2,69,,194417,22,0,5,1,28,,194438,22,0,5,2,69,,194444,22,0,5,1,29,,194418,22,0,5,1,69,,194439,22,0,5,2,29,,194445,22,0,5,1,28,,194451,22,0,5,1,68,,194440,22,0,5,2,22,,194446,22,0,5,2,57,,194448,22,0,5,1,15,,194406,22,0,5,1,15,,194452,22,0,5,1,19,,194449,22,0,5,1,73,,194447,22,0,5,2,73,,194407,22,0,5,1,32,,194450,22,0,5,1
10001,'H57M000S-80-S',1454,,194454,22,0,5,2,281,,194455,22,0,5,2
10001,'H59M000S-80-S',1524,,194456,22,0,5,2
36801,'H57M000A-80-A',2533,,214728,12,0,5,1,85,,214726,12,0,5,1,89,,214727,12,0,5,1,42,,214730,12,0,5,1,83,,214729,12,0,5,1
36801,'H57M000I-80-I',2533,,214734,12,0,5,1,85,,214731,12,0,5,1,85,,214733,12,0,5,1,45,,214735,12,0,5,1,85,,214732,12,0,5,1
36801,'H57M000S-80-S',2530,,214740,12,0,5,2,81,,214737,12,0,5,1,99,,214739,12,0,5,2,40,,214736,12,0,5,1,92,,214738,12,0,5,1
37104,'H50M000A-81-A',2550,,214862,30,0,9,1,70,,214866,30,0,9,1,30,,214864,30,0,9,2,70,,214861,30,0,9,1,30,,214863,30,0,9,1,70,,214867,30,0,9,1,30,,214865,30,0,9,2
37104,'H50M000I-81-I',2550,,214873,30,0,9,1,70,,214871,30,0,9,1,30,,214868,30,0,9,1,70,,214870,30,0,9,1,30,,214874,30,0,9,1,70,,214872,30,0,9,1,30,,214869,30,0,9,1
37104,'H50M000S-81-S',2551,,214880,30,0,9,2,70,,214878,30,0,9,2,30,,214876,30,0,9,1,70,,214875,30,0,9,1,29,,214881,30,0,9,2,70,,214879,30,0,9,2,30,,214877,30,0,9,1
38201,'H60M000A-82-A',2651,,215006,96,0,5,1,85,,215004,96,0,5,2,85,,215005,96,0,5,1,85,,215003,96,0,5,1
38201,'H60M000I-81-I',2651,,215009,96,0,5,1,85,,215010,96,0,5,1,85,,215008,96,0,5,1,85,,215007,96,0,5,1
38201,'H60M000S-80-S',2643,,215014,96,0,5,2,91,,215012,96,0,5,1,85,,215011,96,0,5,1,89,,215013,96,0,5,1
46001,'H50M000S-81-S',1541,,216374,19,0,22 30,1
46001,'H51M000S-80-S',654,,216375,19,0,22 30,1
46001,'H57M000S-80-S',1647,,216376,19,0,22 30,2
46001,'H58M000S-80-S',553,,216388,19,0,22 30,2,70,,216391,19,0,22 30,2,99,,216404,19,0,22 30,1,14,,216390,19,0,22 30,2,74,,216384,19,0,22 30,2,31,,216381,19,0,22 30,1,66,,216380,19,0,22 30,2,22,,216386,19,0,22 30,1,29,,216387,19,0,22 30,1,549,,216392,19,0,22 30,2,14,,216393,19,0,22 30,1,10,,216405,19,0,22 30,2,20,,216397,19,0,22 30,2,51,,216389,19,0,22 30,2,10,,216399,19,0,22 30,2,9,,216383,19,0,22 30,1,9,,216400,19,0,22 30,2,8,,216402,19,0,22 30,2,18,,216377,19,0,22 30,1,48,,216379,19,0,22 30,2,7,,216385,19,0,22 30,1,7,,216395,19,0,22 30,1,10,,216382,19,0,22 30,2,18,,216396,19,0,22 30,2,60,,216403,19,0,22 30,2,44,,216394,19,0,22 30,1,63,,216398,19,0,22 30,2,19,,216401,19,0,22 30,2,21,,216378,19,0,22 30,1
46001,'H59M000S-80-S',1828,,216406,19,0,22 30,1
