'26J-H56J000A-80-A',9001,53210,0,'Est',1,7000,0,'Est',1,3000,0,'Est',1,6920,0,'Est',2,2500,0,'Est',1,2100,0,'Est',1,6000,0,'Est',1,2020,0,'Est',1,1800,0,'Est',1,6000,0,'Est',2,2000,0,'Est',1,1900,0,'Est',1,5800,0,'Est',1,1900,0,'Est',1,1600,0,'Est',1,1500,0,'Est',1,5500,0,'Est',1,1500,0,'Est',1,1500,0,'Est',1,1700,0,'Est',1,5500,0,'Est',1,1400,0,'Est',1,1500,0,'Est',1,1400,0,'Est',1,5400,0,'Est',1,1300,0,'Est',1,1300,0,'Est',1,1400,0,'Est',1,5500,0,'Est',1,1500,0,'Est',1,1400,0,'Est',2,1400,0,'Est',1,1400,0,'Est',1,5500,0,'Est',1,1600,0,'Est',1,1400,0,'Est',1,1500,0,'Est',1,5400,0,'Est',1,1500,0,'Est',2,1500,0,'Est',1,1600,0,'Est',1,5600,0,'Est',1,1700,0,'Est',1,1800,0,'Est',2,5800,0,'Est',1,1900,0,'Est',2,2400,0,'Est',1,6600,0,'Est',1,2880,0,'Est',2,6900,0,'Est',1,2900,0,'Est',1,6800,0,'Est',1,2800,0,'Est',1,7000,0,'Est',1,3000,0,'Est',1,6900,0,'Est',1,3200,0,'Est',1,7200,0,'Est',2,3280,0,'Est',1,7200,0,'Est',1
'26J-H56J000I-80-I',9001,61530,0,'Est',1,3100,0,'Est',1,7100,0,'Est',1,3200,0,'Est',1,7000,0,'Est',1,2500,0,'Est',1,5820,0,'Est',1,1800,0,'Est',1,1900,0,'Est',1,2000,0,'Est',1,5900,0,'Est',1,1800,0,'Est',1,1700,0,'Est',1,5800,0,'Est',1,1800,0,'Est',1,1900,0,'Est',1,5800,0,'Est',1,1800,0,'Est',1,1700,0,'Est',1,1700,0,'Est',1,5700,0,'Est',1,1600,0,'Est',1,1700,0,'Est',1,5600,0,'Est',1,1700,0,'Est',1,1700,0,'Est',1,1700,0,'Est',1,5900,0,'Est',1,1800,0,'Est',1,2000,0,'Est',1,6100,0,'Est',1,1900,0,'Est',1,2080,0,'Est',1,6200,0,'Est',1,2200,0,'Est',2,2200,0,'Est',1,6400,0,'Est',1,2600,0,'Est',1,7000,0,'Est',1,3100,0,'Est',1,7100,0,'Est',1,3200,0,'Est',1,7200,0,'Est',1,3080,0,'Est',1,6800,0,'Est',1,2700,0,'Est',1,6700,0,'Est',1,2500,0,'Est',1,7000,0,'Est',1,3200,0,'Est',1,7200,0,'Est',1
'26J-H56J000S-80-S',9001,51330,0,'Est',1,2000,0,'Est',1,2100,0,'Est',1,5800,0,'Est',1,1800,0,'Est',2,1800,0,'Est',1,1120,0,'Est',1,4600,0,'Est',1,500,0,'Est',2,600,0,'Est',1,700,0,'Est',1,600,0,'Est',1,700,0,'Est',2,500,0,'Est',1,600,0,'Est',2,600,0,'Est',1,5000,0,'Est',1,600,0,'Est',1,1300,0,'Est',1,600,0,'Est',1,600,0,'Est',1,600,0,'Est',1,600,0,'Est',2,800,0,'Est',1,4800,0,'Est',1,1000,0,'Est',1,1100,0,'Est',1,1100,0,'Est',1,1100,0,'Est',1,1200,0,'Est',1,5200,0,'Est',1,2800,0,'Est',1,1600,0,'Est',1,5500,0,'Est',1,1500,0,'Est',1,1500,0,'Est',1,1500,0,'Est',1,5600,0,'Est',1,1700,0,'Est',1,1800,0,'Est',1,5800,0,'Est',1,1700,0,'Est',1,1700,0,'Est',1,1600,0,'Est',1,5600,0,'Est',1,1500,0,'Est',1,2960,0,'Est',1,5500,0,'Est',1,1600,0,'Est',1,1600,0,'Est',1,1600,0,'Est',2,5700,0,'Est',1,1900,0,'Est',1,2200,0,'Est',1,6300,0,'Est',2,2200,0,'Est',1,6600,0,'Est',1,2800,0,'Est',2,6740,0,'Est',1,2500,0,'Est',1,2800,0,'Est',1,7000,0,'Est',1,2900,0,'Est',1,7000,0,'Est',1,2900,0,'Est',1,6900,0,'Est',1,2880,0,'Est',1,6800,0,'Est',1,2800,0,'Est',1,6980,0,'Est',1,3200,0,'Est',1,7200,0,'Est',1
'26J-H56JV00A-80-A',9001,53210,0,'Est',1,7000,0,'Est',1,3000,0,'Est',1,6920,0,'Est',2,2500,0,'Est',1,2100,0,'Est',1,6000,0,'Est',1,2020,0,'Est',1,1800,0,'Est',1,6000,0,'Est',2,2000,0,'Est',1,1900,0,'Est',1,5800,0,'Est',1,1900,0,'Est',1,1600,0,'Est',1,1500,0,'Est',1,5500,0,'Est',1,1500,0,'Est',1,1500,0,'Est',1,1700,0,'Est',1,5500,0,'Est',1,1400,0,'Est',1,1500,0,'Est',1,1400,0,'Est',1,5400,0,'Est',1,1300,0,'Est',1,1300,0,'Est',1,1400,0,'Est',1,5500,0,'Est',1,1500,0,'Est',1,1400,0,'Est',2,1400,0,'Est',1,1400,0,'Est',1,5500,0,'Est',1,1600,0,'Est',1,1400,0,'Est',1,1500,0,'Est',1,5400,0,'Est',1,1500,0,'Est',2,1500,0,'Est',1,1600,0,'Est',1,5600,0,'Est',1,1700,0,'Est',1,1800,0,'Est',2,5800,0,'Est',1,1900,0,'Est',2,2400,0,'Est',1,6600,0,'Est',1,2880,0,'Est',2,6900,0,'Est',1,2900,0,'Est',1,6800,0,'Est',1,2800,0,'Est',1,7000,0,'Est',1,3000,0,'Est',1,6900,0,'Est',1,3200,0,'Est',1,7200,0,'Est',2,3280,0,'Est',1,7200,0,'Est',1
'26J-H56JV00I-80-I',9001,61530,0,'Est',1,3100,0,'Est',1,7100,0,'Est',1,3200,0,'Est',1,7000,0,'Est',1,2500,0,'Est',1,5820,0,'Est',1,1800,0,'Est',1,1900,0,'Est',1,2000,0,'Est',1,5900,0,'Est',1,1800,0,'Est',1,1700,0,'Est',1,5800,0,'Est',1,1800,0,'Est',1,1900,0,'Est',1,5800,0,'Est',1,1800,0,'Est',1,1700,0,'Est',1,1700,0,'Est',1,5700,0,'Est',1,1600,0,'Est',1,1700,0,'Est',1,5600,0,'Est',1,1700,0,'Est',1,1700,0,'Est',1,1700,0,'Est',1,5900,0,'Est',1,1800,0,'Est',1,2000,0,'Est',1,6100,0,'Est',1,1900,0,'Est',1,2080,0,'Est',1,6200,0,'Est',1,2200,0,'Est',2,2200,0,'Est',1,6400,0,'Est',1,2600,0,'Est',1,7000,0,'Est',1,3100,0,'Est',1,7100,0,'Est',1,3200,0,'Est',1,7200,0,'Est',1,3080,0,'Est',1,6800,0,'Est',1,2700,0,'Est',1,6700,0,'Est',1,2500,0,'Est',1,7000,0,'Est',1,3200,0,'Est',1,7200,0,'Est',1
'26J-H56JV00S-80-S',9001,51330,0,'Est',1,2000,0,'Est',1,2100,0,'Est',1,5800,0,'Est',1,1800,0,'Est',2,1800,0,'Est',1,1120,0,'Est',1,4600,0,'Est',1,500,0,'Est',2,600,0,'Est',1,700,0,'Est',1,600,0,'Est',1,700,0,'Est',2,500,0,'Est',1,600,0,'Est',2,600,0,'Est',1,5000,0,'Est',1,600,0,'Est',1,1300,0,'Est',1,600,0,'Est',1,600,0,'Est',1,600,0,'Est',1,600,0,'Est',2,800,0,'Est',1,4800,0,'Est',1,1000,0,'Est',1,1100,0,'Est',1,1100,0,'Est',1,1100,0,'Est',1,1200,0,'Est',1,5200,0,'Est',1,2800,0,'Est',1,1600,0,'Est',1,5500,0,'Est',1,1500,0,'Est',1,1500,0,'Est',1,1500,0,'Est',1,5600,0,'Est',1,1700,0,'Est',1,1800,0,'Est',1,5800,0,'Est',1,1700,0,'Est',1,1700,0,'Est',1,1600,0,'Est',1,5600,0,'Est',1,1500,0,'Est',1,2960,0,'Est',1,5500,0,'Est',1,1600,0,'Est',1,1600,0,'Est',1,1600,0,'Est',1,5700,0,'Est',1,1900,0,'Est',1,2200,0,'Est',1,6300,0,'Est',2,2200,0,'Est',1,6600,0,'Est',1,2800,0,'Est',1,6740,0,'Est',1,2500,0,'Est',1,2800,0,'Est',1,7000,0,'Est',1,2900,0,'Est',1,7000,0,'Est',1,2900,0,'Est',1,6900,0,'Est',1,2880,0,'Est',1,6800,0,'Est',1,2800,0,'Est',1,6980,0,'Est',1,3200,0,'Est',1,7200,0,'Est',1
'26J-H57J000S-81-S',9001,75850,0,'Est',1,5700,0,'Est',2
'26J-H57JV00S-83-S',9001,75850,0,'Est',1,5700,0,'Est',2
'26J-H60J000S-98-S',9001,102250,0,'Est',1,41560,0,'Est',2
'26J-H60JV00S-98-S',9001,102250,0,'Est',1,41560,0,'Est',2
