3104,'H51U000A-83-A',508,,226210,24,0,9,1,36,,226214,24,0,9,1,76,,226211,24,0,9,1,36,,226215,24,0,9,1,76,,226212,24,0,9,1,78,,226216,24,0,9,1,36,,226213,24,0,9,1,74,,226235,24,0,9,2,33,,226217,24,0,9,1,73,,226226,24,0,9,1,33,,226236,24,0,9,2,74,,226218,24,0,9,1,73,,226227,24,0,9,1,33,,226237,24,0,9,2,73,,226219,24,0,9,1,33,,226228,24,0,9,1,73,,226238,24,0,9,2,32,,226220,24,0,9,1,73,,226229,24,0,9,1,33,,226239,24,0,9,2,73,,226221,24,0,9,1,73,,226230,24,0,9,1,33,,226240,24,0,9,2,73,,226222,24,0,9,1,33,,226231,24,0,9,1,71,,226241,24,0,9,2,34,,226223,24,0,9,1,74,,226232,24,0,9,1,34,,226242,24,0,9,2,74,,226224,24,0,9,1,74,,226233,24,0,9,1,34,,226243,24,0,9,2,74,,226225,24,0,9,1,34,,226234,24,0,9,1,74,,226244,24,0,9,2
3104,'H51U000I-83-I',504,,226245,24,0,9,2,38,,226259,24,0,9,1,78,,226246,24,0,9,2,38,,226260,24,0,9,1,77,,226247,24,0,9,2,78,,226261,24,0,9,1,41,,226248,24,0,9,2,77,,226262,24,0,9,1,78,,226249,24,0,9,2,39,,226263,24,0,9,1,78,,226250,24,0,9,2,33,,226272,24,0,9,1,73,,226264,24,0,9,1,73,,226251,24,0,9,2,33,,226273,24,0,9,1,73,,226265,24,0,9,1,33,,226252,24,0,9,2,73,,226274,24,0,9,1,33,,226266,24,0,9,1,73,,226253,24,0,9,2,33,,226275,24,0,9,1,73,,226267,24,0,9,1,72,,226254,24,0,9,2,33,,226276,24,0,9,1,73,,226268,24,0,9,1,33,,226255,24,0,9,2,73,,226277,24,0,9,1,33,,226269,24,0,9,1,72,,226256,24,0,9,2,30,,226278,24,0,9,1,70,,226270,24,0,9,1,30,,226257,24,0,9,2,70,,226279,24,0,9,1,30,,226271,24,0,9,1,70,,226258,24,0,9,2
3104,'H51U000S-83-S',556,,226292,24,0,9,2,70,,226280,24,0,9,1,28,,226305,24,0,9,1,79,,226293,24,0,9,2,73,,226281,24,0,9,1,34,,226306,24,0,9,1,70,,226294,24,0,9,2,30,,226282,24,0,9,1,72,,226307,24,0,9,1,30,,226295,24,0,9,2,70,,226283,24,0,9,1,30,,226308,24,0,9,1,70,,226296,24,0,9,2,30,,226284,24,0,9,1,70,,226309,24,0,9,1,30,,226297,24,0,9,2,72,,226285,24,0,9,1,32,,226310,24,0,9,1,71,,226298,24,0,9,2,27,,226313,24,0,9,2,67,,226286,24,0,9,1,29,,226311,24,0,9,1,65,,226299,24,0,9,2,28,,226314,24,0,9,2,67,,226287,24,0,9,1,26,,226312,24,0,9,1,23,,226300,24,0,9,2,70,,226315,24,0,9,2,30,,226288,24,0,9,1,70,,226301,24,0,9,2,30,,226316,24,0,9,2,70,,226289,24,0,9,1,30,,226302,24,0,9,2,70,,226317,24,0,9,2,28,,226290,24,0,9,1,70,,226303,24,0,9,2,30,,226318,24,0,9,2,70,,226291,24,0,9,1,30,,226304,24,0,9,2
3104,'H51U100F-80-F1',504,,226319,24,0,9,2,38,,226333,24,0,9,1,78,,226320,24,0,9,2,38,,226334,24,0,9,1,77,,226321,24,0,9,2,78,,226335,24,0,9,1,41,,226322,24,0,9,2,77,,226336,24,0,9,1,78,,226323,24,0,9,2,39,,226337,24,0,9,1,78,,226324,24,0,9,2,33,,226346,24,0,9,1,73,,226338,24,0,9,1,73,,226325,24,0,9,2,33,,226347,24,0,9,1,73,,226339,24,0,9,1,33,,226326,24,0,9,2,73,,226348,24,0,9,1,33,,226340,24,0,9,1,73,,226327,24,0,9,2,33,,226349,24,0,9,1,73,,226341,24,0,9,1,72,,226328,24,0,9,2,33,,226350,24,0,9,1,73,,226342,24,0,9,1,33,,226329,24,0,9,2,73,,226351,24,0,9,1,33,,226343,24,0,9,1,72,,226330,24,0,9,2,30,,226352,24,0,9,1,70,,226344,24,0,9,1,30,,226331,24,0,9,2,70,,226353,24,0,9,1,30,,226345,24,0,9,1,70,,226332,24,0,9,2
3104,'H51U200F-80-F2',504,,226354,24,0,9,2,38,,226368,24,0,9,1,78,,226355,24,0,9,2,38,,226369,24,0,9,1,77,,226356,24,0,9,2,78,,226370,24,0,9,1,41,,226357,24,0,9,2,77,,226371,24,0,9,1,78,,226358,24,0,9,2,39,,226372,24,0,9,1,78,,226359,24,0,9,2,33,,226381,24,0,9,1,73,,226373,24,0,9,1,73,,226360,24,0,9,2,33,,226382,24,0,9,1,73,,226374,24,0,9,1,33,,226361,24,0,9,2,73,,226383,24,0,9,1,33,,226375,24,0,9,1,73,,226362,24,0,9,2,33,,226384,24,0,9,1,73,,226376,24,0,9,1,72,,226363,24,0,9,2,33,,226385,24,0,9,1,73,,226377,24,0,9,1,33,,226364,24,0,9,2,73,,226386,24,0,9,1,33,,226378,24,0,9,1,72,,226365,24,0,9,2,30,,226387,24,0,9,1,70,,226379,24,0,9,1,30,,226366,24,0,9,2,70,,226388,24,0,9,1,30,,226380,24,0,9,1,70,,226367,24,0,9,2
36104,'H51U000A-83-A',2429,,277277,22,0,9,1,85,,277279,22,0,9,1,88,,277281,22,0,9,2,30,,277278,22,0,9,1,68,,277276,22,0,9,2,30,,277283,22,0,9,1,29,,277282,22,0,9,2,68,,277280,22,0,9,1
36104,'H51U000I-83-I',2443,,277286,22,0,9,1,72,,277284,22,0,9,1,30,,277288,22,0,9,2,82,,277287,22,0,9,1,84,,277289,22,0,9,2,45,,277285,22,0,9,1,85,,277290,22,0,9,2
36104,'H51U000S-83-S',2436,,277297,22,0,9,1,79,,277296,22,0,9,2,34,,277299,22,0,9,1,60,,277291,22,0,9,1,20,,277298,22,0,9,1,21,,277293,22,0,9,1,72,,277292,22,0,9,1,33,,277295,22,0,9,1,85,,277294,22,0,9,1
36104,'H51U100F-80-F1',2443,,277301,22,0,9,1,72,,277300,22,0,9,1,30,,277304,22,0,9,2,82,,277302,22,0,9,1,84,,277305,22,0,9,2,45,,277303,22,0,9,1,85,,277306,22,0,9,2
36104,'H51U200F-80-F2',2443,,277308,22,0,9,1,72,,277307,22,0,9,1,30,,277311,22,0,9,2,82,,277309,22,0,9,1,84,,277312,22,0,9,2,45,,277310,22,0,9,1,85,,277313,22,0,9,2
