9702,'H57U000A-80-A',528,,245253,17,0,10,1,24,,245246,17,0,10,1,68,,245264,17,0,10,1,29,,245265,17,0,10,1,66,,245254,17,0,10,1,32,,245247,17,0,10,1,70,,245266,17,0,10,1,30,,245255,17,0,10,1,70,,245248,17,0,10,1,31,,245267,17,0,10,1,70,,245256,17,0,10,1,30,,245249,17,0,10,1,73,,245268,17,0,10,1,32,,245257,17,0,10,1,72,,245250,17,0,10,1,27,,245280,17,0,10,1,67,,245269,17,0,10,1,30,,245258,17,0,10,1,69,,245251,17,0,10,1,29,,245281,17,0,10,1,71,,245270,17,0,10,1,29,,245259,17,0,10,1,70,,245252,17,0,10,1,28,,245282,17,0,10,1,72,,245271,17,0,10,1,29,,245260,17,0,10,1,71,,245284,17,0,10,2,29,,245283,17,0,10,1,70,,245272,17,0,10,1,29,,245261,17,0,10,1,73,,245285,17,0,10,2,33,,245273,17,0,10,1,68,,245262,17,0,10,1,33,,245286,17,0,10,2,73,,245274,17,0,10,1,32,,245263,17,0,10,1,72,,245287,17,0,10,2,30,,245278,17,0,10,1,69,,245275,17,0,10,1,29,,245277,17,0,10,2,68,,245276,17,0,10,1,32,,245279,17,0,10,1
9702,'H57U000I-80-I',511,,245288,17,0,10,1,32,,245297,17,0,10,1,72,,245296,17,0,10,1,32,,245289,17,0,10,1,71,,245298,17,0,10,1,31,,245308,17,0,10,2,70,,245290,17,0,10,1,30,,245299,17,0,10,1,70,,245309,17,0,10,2,30,,245291,17,0,10,1,72,,245300,17,0,10,1,31,,245310,17,0,10,2,71,,245292,17,0,10,1,32,,245301,17,0,10,1,69,,245318,17,0,10,2,29,,245326,17,0,10,1,68,,245293,17,0,10,1,28,,245302,17,0,10,1,70,,245319,17,0,10,2,30,,245327,17,0,10,1,70,,245294,17,0,10,1,31,,245303,17,0,10,1,69,,245320,17,0,10,2,30,,245328,17,0,10,1,68,,245295,17,0,10,1,27,,245304,17,0,10,1,71,,245321,17,0,10,2,33,,245313,17,0,10,1,71,,245305,17,0,10,1,31,,245322,17,0,10,2,71,,245314,17,0,10,1,31,,245306,17,0,10,1,70,,245323,17,0,10,2,30,,245315,17,0,10,1,70,,245307,17,0,10,1,31,,245324,17,0,10,2,72,,245316,17,0,10,1,31,,245311,17,0,10,1,69,,245325,17,0,10,2,31,,245317,17,0,10,1,71,,245312,17,0,10,1
9702,'H57U000S-81-S',528,,245334,17,0,10,1,72,,245332,17,0,10,1,31,,245353,17,0,10,2,17,,245360,17,0,10,1,11,,245335,17,0,10,1,52,,245363,17,0,10,2,12,,245365,17,0,10,1,12,,245333,17,0,10,1,13,,245368,17,0,10,2,11,,245370,17,0,10,1,51,,245354,17,0,10,2,13,,245374,17,0,10,1,13,,245364,17,0,10,2,12,,245336,17,0,10,1,10,,245355,17,0,10,2,51,,245366,17,0,10,1,11,,245369,17,0,10,2,12,,245356,17,0,10,1,12,,245345,17,0,10,1,15,,245371,17,0,10,1,59,,245375,17,0,10,1,22,,245337,17,0,10,1,62,,245367,17,0,10,1,22,,245349,17,0,10,1,23,,245372,17,0,10,1,60,,245361,17,0,10,1,18,,245376,17,0,10,1,18,,245338,17,0,10,1,58,,245346,17,0,10,1,18,,245350,17,0,10,1,18,,245373,17,0,10,1,20,,245362,17,0,10,1,62,,245377,17,0,10,1,20,,245339,17,0,10,1,63,,245347,17,0,10,1,23,,245351,17,0,10,1,24,,245329,17,0,10,1,63,,245380,17,0,10,1,25,,245340,17,0,10,1,64,,245348,17,0,10,1,25,,245378,17,0,10,1,24,,245330,17,0,10,1,64,,245381,17,0,10,1,25,,245341,17,0,10,1,67,,245385,17,0,10,2,28,,245379,17,0,10,1,70,,245382,17,0,10,1,27,,245342,17,0,10,1,70,,245386,17,0,10,2,30,,245357,17,0,10,1,71,,245383,17,0,10,1,32,,245343,17,0,10,1,72,,245358,17,0,10,1,31,,245384,17,0,10,1,69,,245344,17,0,10,1,30,,245359,17,0,10,1,23,,245331,17,0,10,1,68,,245352,17,0,10,1
9702,'H57U100F-80-F1',511,,245387,17,0,10,1,32,,245396,17,0,10,1,72,,245395,17,0,10,1,32,,245388,17,0,10,1,71,,245397,17,0,10,1,31,,245407,17,0,10,2,70,,245389,17,0,10,1,30,,245398,17,0,10,1,70,,245408,17,0,10,2,30,,245390,17,0,10,1,72,,245399,17,0,10,1,31,,245409,17,0,10,2,71,,245391,17,0,10,1,32,,245400,17,0,10,1,69,,245417,17,0,10,2,29,,245425,17,0,10,1,68,,245392,17,0,10,1,28,,245401,17,0,10,1,70,,245418,17,0,10,2,30,,245426,17,0,10,1,70,,245393,17,0,10,1,31,,245402,17,0,10,1,69,,245419,17,0,10,2,30,,245427,17,0,10,1,68,,245394,17,0,10,1,27,,245403,17,0,10,1,71,,245420,17,0,10,2,33,,245412,17,0,10,1,71,,245404,17,0,10,1,31,,245421,17,0,10,2,71,,245413,17,0,10,1,31,,245405,17,0,10,1,70,,245422,17,0,10,2,30,,245414,17,0,10,1,70,,245406,17,0,10,1,31,,245423,17,0,10,2,72,,245415,17,0,10,1,31,,245410,17,0,10,1,69,,245424,17,0,10,2,31,,245416,17,0,10,1,71,,245411,17,0,10,1
9702,'H57U200F-80-F2',511,,245428,17,0,10,1,32,,245437,17,0,10,1,72,,245436,17,0,10,1,32,,245429,17,0,10,1,71,,245438,17,0,10,1,31,,245448,17,0,10,2,70,,245430,17,0,10,1,30,,245439,17,0,10,1,70,,245449,17,0,10,2,30,,245431,17,0,10,1,72,,245440,17,0,10,1,31,,245450,17,0,10,2,71,,245432,17,0,10,1,32,,245441,17,0,10,1,69,,245458,17,0,10,2,29,,245466,17,0,10,1,68,,245433,17,0,10,1,28,,245442,17,0,10,1,70,,245459,17,0,10,2,30,,245467,17,0,10,1,70,,245434,17,0,10,1,31,,245443,17,0,10,1,69,,245460,17,0,10,2,30,,245468,17,0,10,1,68,,245435,17,0,10,1,27,,245444,17,0,10,1,71,,245461,17,0,10,2,33,,245453,17,0,10,1,71,,245445,17,0,10,1,31,,245462,17,0,10,2,71,,245454,17,0,10,1,31,,245446,17,0,10,1,70,,245463,17,0,10,2,30,,245455,17,0,10,1,70,,245447,17,0,10,1,31,,245464,17,0,10,2,72,,245456,17,0,10,1,31,,245451,17,0,10,1,69,,245465,17,0,10,2,31,,245457,17,0,10,1,71,,245452,17,0,10,1
36802,'H57U000A-80-A',2552,,277589,7,0,10,1,61,,277588,7,0,10,1,19,,277586,7,0,10,2,70,,277584,7,0,10,1,30,,277590,7,0,10,2,77,,277587,7,0,10,2,43,,277585,7,0,10,1
36802,'H57U000I-80-I',2553,,277592,7,0,10,1,85,,277594,7,0,10,1,85,,277591,7,0,10,1,85,,277593,7,0,10,1,46,,277595,7,0,10,1
36802,'H57U000S-81-S',2552,,277596,7,0,10,1,81,,277597,7,0,10,1,94,,277599,7,0,10,1,93,,277598,7,0,10,1,38,,277600,7,0,10,1
36802,'H57U100F-80-F1',2553,,277602,7,0,10,1,85,,277604,7,0,10,1,85,,277601,7,0,10,1,85,,277603,7,0,10,1,46,,277605,7,0,10,1
36802,'H57U200F-80-F2',2553,,277607,7,0,10,1,85,,277609,7,0,10,1,85,,277606,7,0,10,1,85,,277608,7,0,10,1,46,,277610,7,0,10,1
