10300,'H50M000A-70-A',529,,118468,5,,,1,71,,118478,5,,,2,30,,118469,5,,,1,27,,118479,5,,,2,66,,118470,5,,,1,26,,118480,5,,,2,65,,118471,5,,,1,23,,118500,5,,,2,22,,118481,5,,,2,60,,118472,5,,,1,17,,118501,5,,,2,16,,118482,5,,,2,55,,118513,5,,,1,15,,118502,5,,,2,15,,118473,5,,,1,15,,118483,5,,,2,55,,118514,5,,,1,14,,118503,5,,,2,15,,118486,5,,,2,15,,118474,5,,,1,55,,118484,5,,,2,16,,118504,5,,,2,16,,118475,5,,,1,15,,118487,5,,,2,54,,118512,5,,,1,14,,118505,5,,,2,14,,118509,5,,,2,15,,118476,5,,,1,55,,118488,5,,,2,15,,118506,5,,,2,16,,118510,5,,,2,18,,118477,5,,,1,59,,118489,5,,,2,19,,118511,5,,,2,18,,118521,5,,,2,59,,118490,5,,,2,18,,118507,5,,,2,17,,118492,5,,,1,63,,118491,5,,,2,24,,118508,5,,,2,23,,118522,5,,,2,64,,118515,5,,,1,25,,118485,5,,,2,67,,118516,5,,,1,29,,118493,5,,,1,70,,118517,5,,,1,31,,118494,5,,,1,70,,118518,5,,,1,29,,118495,5,,,1,69,,118519,5,,,1,30,,118496,5,,,1,70,,118520,5,,,1,30,,118497,5,,,1,70,,118523,5,,,1,29,,118498,5,,,1,68,,118524,5,,,1,28,,118499,5,,,1
10300,'H50M000I-70-I',554,,118525,5,,,1,70,,118537,5,,,2,30,,118526,5,,,1,70,,118538,5,,,2,30,,118527,5,,,1,71,,118539,5,,,2,26,,118528,5,,,1,63,,118540,5,,,2,20,,118566,5,,,1,20,,118529,5,,,1,61,,118541,5,,,2,20,,118570,5,,,1,20,,118530,5,,,1,62,,118568,5,,,2,19,,118567,5,,,1,20,,118531,5,,,1,63,,118542,5,,,2,21,,118547,5,,,1,61,,118532,5,,,1,20,,118543,5,,,2,20,,118548,5,,,1,60,,118533,5,,,1,20,,118544,5,,,2,20,,118549,5,,,1,60,,118534,5,,,1,20,,118545,5,,,2,20,,118550,5,,,1,60,,118535,5,,,1,20,,118546,5,,,2,23,,118569,5,,,2,65,,118536,5,,,1,31,,118571,5,,,2,73,,118551,5,,,1,31,,118559,5,,,2,69,,118552,5,,,1,30,,118560,5,,,2,69,,118553,5,,,1,29,,118561,5,,,2,69,,118554,5,,,1,29,,118562,5,,,2,69,,118555,5,,,1,29,,118563,5,,,2,69,,118556,5,,,1,29,,118564,5,,,2,69,,118557,5,,,1,30,,118565,5,,,2,70,,118558,5,,,1
10300,'H50M000S-70-S',524,,118572,5,,,1,21,,118590,5,,,2,61,,118583,5,,,1,15,,118573,5,,,1,26,,118591,5,,,2,8,,118584,5,,,1,51,,118630,5,,,1,5,,118603,5,,,1,5,,118574,5,,,1,10,,118605,5,,,1,5,,118628,5,,,1,5,,118592,5,,,2,5,,118631,5,,,2,9,,118585,5,,,1,4,,118617,5,,,2,52,,118642,5,,,1,5,,118604,5,,,1,5,,118643,5,,,1,5,,118575,5,,,1,6,,118632,5,,,2,5,,118625,5,,,1,6,,118606,5,,,1,7,,118593,5,,,2,7,,118586,5,,,1,7,,118629,5,,,2,48,,118607,5,,,1,9,,118618,5,,,2,8,,118576,5,,,1,11,,118594,5,,,2,14,,118587,5,,,1,55,,118619,5,,,2,15,,118595,5,,,2,14,,118577,5,,,1,14,,118588,5,,,1,53,,118620,5,,,2,14,,118596,5,,,2,15,,118578,5,,,1,15,,118589,5,,,1,56,,118597,5,,,2,17,,118621,5,,,2,17,,118579,5,,,1,16,,118639,5,,,1,55,,118598,5,,,2,15,,118622,5,,,2,15,,118580,5,,,1,15,,118640,5,,,1,56,,118599,5,,,2,17,,118623,5,,,2,17,,118581,5,,,1,17,,118641,5,,,1,58,,118600,5,,,2,20,,118608,5,,,1,20,,118582,5,,,1,67,,118614,5,,,1,29,,118616,5,,,1,69,,118601,5,,,2,28,,118615,5,,,1,67,,118624,5,,,2,26,,118626,5,,,1,69,,118602,5,,,2,30,,118609,5,,,1,71,,118633,5,,,1,32,,118610,5,,,1,68,,118634,5,,,1,30,,118627,5,,,1,70,,118635,5,,,1,29,,118611,5,,,1,68,,118636,5,,,1,27,,118612,5,,,1,69,,118637,5,,,1,29,,118613,5,,,1,69,,118638,5,,,1
10300,'H50M100F-70-F1',554,,118645,5,,,1,70,,118656,5,,,2,30,,118644,5,,,1,70,,118657,5,,,2,30,,118646,5,,,1,71,,118658,5,,,2,26,,118647,5,,,1,63,,118659,5,,,2,20,,118685,5,,,1,20,,118648,5,,,1,61,,118660,5,,,2,20,,118687,5,,,1,20,,118649,5,,,1,62,,118688,5,,,2,19,,118686,5,,,1,20,,118650,5,,,1,63,,118661,5,,,2,21,,118666,5,,,1,61,,118651,5,,,1,20,,118662,5,,,2,20,,118667,5,,,1,60,,118652,5,,,1,20,,118663,5,,,2,20,,118668,5,,,1,60,,118653,5,,,1,20,,118664,5,,,2,20,,118669,5,,,1,60,,118654,5,,,1,20,,118665,5,,,2,23,,118689,5,,,2,65,,118655,5,,,1,31,,118690,5,,,2,73,,118670,5,,,1,31,,118678,5,,,2,69,,118671,5,,,1,30,,118679,5,,,2,69,,118672,5,,,1,29,,118680,5,,,2,69,,118673,5,,,1,29,,118681,5,,,2,69,,118674,5,,,1,29,,118682,5,,,2,69,,118675,5,,,1,29,,118683,5,,,2,69,,118677,5,,,1,30,,118684,5,,,2,70,,118676,5,,,1
10300,'H50M200F-70-F2',554,,118691,5,,,1,70,,118703,5,,,2,30,,118692,5,,,1,70,,118704,5,,,2,30,,118693,5,,,1,71,,118705,5,,,2,26,,118694,5,,,1,63,,118706,5,,,2,20,,118732,5,,,1,20,,118695,5,,,1,61,,118708,5,,,2,20,,118734,5,,,1,20,,118696,5,,,1,62,,118735,5,,,2,19,,118733,5,,,1,20,,118697,5,,,1,63,,118707,5,,,2,21,,118713,5,,,1,61,,118698,5,,,1,20,,118709,5,,,2,20,,118714,5,,,1,60,,118699,5,,,1,20,,118710,5,,,2,20,,118715,5,,,1,60,,118700,5,,,1,20,,118711,5,,,2,20,,118716,5,,,1,60,,118701,5,,,1,20,,118712,5,,,2,23,,118736,5,,,2,65,,118702,5,,,1,31,,118737,5,,,2,73,,118717,5,,,1,31,,118725,5,,,2,69,,118721,5,,,1,30,,118727,5,,,2,69,,118718,5,,,1,29,,118726,5,,,2,69,,118719,5,,,1,29,,118728,5,,,2,69,,118720,5,,,1,29,,118729,5,,,2,69,,118722,5,,,1,29,,118730,5,,,2,69,,118723,5,,,1,30,,118731,5,,,2,70,,118724,5,,,1
10300,'H50M300F-70-F3',554,,118738,5,,,1,70,,118742,5,,,2,30,,118739,5,,,1,70,,118743,5,,,2,30,,118740,5,,,1,71,,118744,5,,,2,26,,118741,5,,,1,63,,118745,5,,,2,20,,118771,5,,,1,20,,118773,5,,,1,61,,118746,5,,,2,20,,118783,5,,,1,20,,118774,5,,,1,62,,118781,5,,,1,19,,118772,5,,,1,20,,118775,5,,,1,63,,118747,5,,,2,21,,118752,5,,,1,61,,118776,5,,,1,20,,118748,5,,,2,20,,118753,5,,,1,60,,118777,5,,,1,20,,118749,5,,,2,20,,118754,5,,,1,60,,118778,5,,,1,20,,118750,5,,,2,20,,118755,5,,,1,60,,118779,5,,,1,20,,118751,5,,,2,23,,118782,5,,,1,65,,118780,5,,,1,31,,118784,5,,,2,73,,118756,5,,,1,31,,118764,5,,,2,69,,118758,5,,,1,30,,118765,5,,,2,69,,118757,5,,,1,29,,118766,5,,,2,69,,118759,5,,,1,29,,118767,5,,,2,69,,118760,5,,,1,29,,118768,5,,,2,69,,118761,5,,,1,29,,118769,5,,,2,69,,118762,5,,,1,30,,118770,5,,,2,70,,118763,5,,,1
10300,'H51M000S-70-S',701,,118785,5,,,2,20,,118786,5,,,2
10300,'H56M000S-70-S',746,,118787,5,,,1
10300,'H59M000S-70-S',630,,118788,5,,,1,9,,118789,5,,,1,161,,118790,5,,,2
42000,'H56M000S-70-S',619,,155856,3,,,1,25,,155860,3,,,2,64,,155864,3,,,1,22,,155867,3,,,2,22,,155857,3,,,1,63,,155861,3,,,2,24,,155868,3,,,2,70,,155865,3,,,1,31,,155858,3,,,1,72,,155862,3,,,2,33,,155866,3,,,1,72,,155859,3,,,1,29,,155863,3,,,2,68,,155869,3,,,1
