'26J-H58J000A-83-A',1901,50640,0,'Est',2,2200,0,'Est',1,2100,0,'Est',2,6100,0,'Est',1,2200,0,'Est',2,2100,0,'Est',1,6200,0,'Est',2,2100,0,'Est',1,2200,0,'Est',2,6100,0,'Est',1,2200,0,'Est',2,5900,0,'Est',1,2200,0,'Est',2,1900,0,'Est',1,6160,0,'Est',2,2000,0,'Est',1,2100,0,'Est',2,5900,0,'Est',1,2100,0,'Est',2,2100,0,'Est',1,6220,0,'Est',2,2300,0,'Est',1,2200,0,'Est',2,6300,0,'Est',1,2200,0,'Est',2,6300,0,'Est',1,2300,0,'Est',2,2200,0,'Est',1,6300,0,'Est',2,2200,0,'Est',1,2300,0,'Est',2,6200,0,'Est',1,2100,0,'Est',2,2200,0,'Est',1,5880,0,'Est',2,2200,0,'Est',1,1900,0,'Est',2,6100,0,'Est',1,2000,0,'Est',2,6200,0,'Est',1,2100,0,'Est',2,2100,0,'Est',1,6100,0,'Est',2,2200,0,'Est',1,2100,0,'Est',2,5940,0,'Est',1,2100,0,'Est',2,2100,0,'Est',1,6100,0,'Est',2,2100,0,'Est',1,2100,0,'Est',2,6200,0,'Est',1,2000,0,'Est',2,2200,0,'Est',1,6100,0,'Est',2,2100,0,'Est',1,2100,0,'Est',2,5900,0,'Est',1
'26J-H58J000I-81-I',1901,50640,0,'Est',1,2200,0,'Est',2,2100,0,'Est',1,6100,0,'Est',2,2100,0,'Est',1,2200,0,'Est',2,6200,0,'Est',1,2200,0,'Est',2,2100,0,'Est',1,6100,0,'Est',2,2100,0,'Est',1,6260,0,'Est',2,2300,0,'Est',1,2200,0,'Est',2,6100,0,'Est',1,2100,0,'Est',2,2100,0,'Est',1,6100,0,'Est',2,2100,0,'Est',1,2100,0,'Est',2,6400,0,'Est',1,2100,0,'Est',2,2000,0,'Est',1,6100,0,'Est',2,2100,0,'Est',1,6100,0,'Est',2,2200,0,'Est',1,2100,0,'Est',2,6200,0,'Est',1,2200,0,'Est',2,2100,0,'Est',1,6100,0,'Est',2,2100,0,'Est',1,2000,0,'Est',2,6100,0,'Est',1,2200,0,'Est',2,2200,0,'Est',1,6200,0,'Est',2,2100,0,'Est',1,6100,0,'Est',2,2100,0,'Est',1,2100,0,'Est',2,6100,0,'Est',1,2100,0,'Est',2,2100,0,'Est',1,6100,0,'Est',2,2100,0,'Est',1,2100,0,'Est',2,6100,0,'Est',1,2100,0,'Est',2,2100,0,'Est',1,6100,0,'Est',2,2100,0,'Est',1,2100,0,'Est',2,6100,0,'Est',1,2100,0,'Est',2
'26J-H58J000S-81-S',1901,50800,0,'Est',1,2200,0,'Est',2,2200,0,'Est',1,6200,0,'Est',2,2200,0,'Est',1,2200,0,'Est',2,6200,0,'Est',1,2300,0,'Est',2,6100,0,'Est',1,2400,0,'Est',2,2100,0,'Est',1,6300,0,'Est',2,2100,0,'Est',1,2200,0,'Est',2,6200,0,'Est',1,2100,0,'Est',2,6200,0,'Est',1,2100,0,'Est',2,2200,0,'Est',1,6220,0,'Est',2,2200,0,'Est',1,2200,0,'Est',2,6200,0,'Est',1,2100,0,'Est',2,2200,0,'Est',1,6000,0,'Est',2,2200,0,'Est',1,2100,0,'Est',2,6300,0,'Est',1,2300,0,'Est',2,6300,0,'Est',1,2300,0,'Est',2,2200,0,'Est',1,6300,0,'Est',2,2280,0,'Est',1,2100,0,'Est',2,6100,0,'Est',1,2100,0,'Est',2,6100,0,'Est',1,2000,0,'Est',2,2000,0,'Est',1,6000,0,'Est',2,2000,0,'Est',1,2100,0,'Est',2,6000,0,'Est',1,2000,0,'Est',2,2000,0,'Est',1,5940,0,'Est',2,2000,0,'Est',1,3800,0,'Est',1,7800,0,'Est',1,7800,0,'Est',1
'26J-H58JV00A-80-A',1901,50640,0,'Est',2,2200,0,'Est',1,2100,0,'Est',2,6100,0,'Est',1,2200,0,'Est',2,2100,0,'Est',1,6200,0,'Est',2,2100,0,'Est',1,2200,0,'Est',2,6100,0,'Est',1,2200,0,'Est',2,5900,0,'Est',1,2200,0,'Est',2,1900,0,'Est',1,6160,0,'Est',2,2000,0,'Est',1,2100,0,'Est',2,5900,0,'Est',1,2100,0,'Est',2,2100,0,'Est',1,6220,0,'Est',2,2300,0,'Est',1,2200,0,'Est',2,6300,0,'Est',1,2200,0,'Est',2,6300,0,'Est',1,2300,0,'Est',2,2200,0,'Est',1,6300,0,'Est',2,2200,0,'Est',1,2300,0,'Est',2,6200,0,'Est',1,2100,0,'Est',2,2200,0,'Est',1,5880,0,'Est',2,2200,0,'Est',1,1900,0,'Est',2,6100,0,'Est',1,2000,0,'Est',2,6200,0,'Est',1,2100,0,'Est',2,2100,0,'Est',1,6100,0,'Est',2,2200,0,'Est',1,2100,0,'Est',2,5940,0,'Est',1,2100,0,'Est',2,2100,0,'Est',1,6100,0,'Est',2,2100,0,'Est',1,2100,0,'Est',2,6200,0,'Est',1,2000,0,'Est',2,2200,0,'Est',1,6100,0,'Est',2,2100,0,'Est',1,2100,0,'Est',2,5900,0,'Est',1
'26J-H58JV00I-80-I',1901,50640,0,'Est',1,2200,0,'Est',2,2100,0,'Est',1,6100,0,'Est',2,2100,0,'Est',1,2200,0,'Est',2,6200,0,'Est',1,2200,0,'Est',2,2100,0,'Est',1,6100,0,'Est',2,2100,0,'Est',1,6260,0,'Est',2,2300,0,'Est',1,2200,0,'Est',2,6100,0,'Est',1,2100,0,'Est',2,2100,0,'Est',1,6100,0,'Est',2,2100,0,'Est',1,2100,0,'Est',2,6400,0,'Est',1,2100,0,'Est',2,2000,0,'Est',1,6100,0,'Est',2,2100,0,'Est',1,6100,0,'Est',2,2200,0,'Est',1,2100,0,'Est',2,6200,0,'Est',1,2200,0,'Est',2,2100,0,'Est',1,6100,0,'Est',2,2100,0,'Est',1,2000,0,'Est',2,6100,0,'Est',1,2200,0,'Est',2,2200,0,'Est',1,6200,0,'Est',2,2100,0,'Est',1,6100,0,'Est',2,2100,0,'Est',1,2100,0,'Est',2,6100,0,'Est',1,2100,0,'Est',2,2100,0,'Est',1,6100,0,'Est',2,2100,0,'Est',1,2100,0,'Est',2,6100,0,'Est',1,2100,0,'Est',2,2100,0,'Est',1,6100,0,'Est',2,2100,0,'Est',1,2100,0,'Est',2,6100,0,'Est',1,2100,0,'Est',2
'26J-H58JV00S-82-S',1901,50800,0,'Est',1,2200,0,'Est',2,2200,0,'Est',1,6200,0,'Est',2,2200,0,'Est',1,2200,0,'Est',2,6200,0,'Est',1,2300,0,'Est',2,6100,0,'Est',1,2400,0,'Est',2,2100,0,'Est',1,6300,0,'Est',2,2100,0,'Est',1,2200,0,'Est',2,6200,0,'Est',1,2100,0,'Est',2,6200,0,'Est',1,2100,0,'Est',2,2200,0,'Est',1,6220,0,'Est',2,2200,0,'Est',1,2200,0,'Est',2,6200,0,'Est',1,2100,0,'Est',2,2200,0,'Est',1,6000,0,'Est',2,2200,0,'Est',1,2100,0,'Est',2,6300,0,'Est',1,2300,0,'Est',2,6300,0,'Est',1,2300,0,'Est',2,2200,0,'Est',1,6300,0,'Est',2,2280,0,'Est',1,2100,0,'Est',2,6100,0,'Est',1,2100,0,'Est',2,6100,0,'Est',1,2000,0,'Est',2,2000,0,'Est',1,6000,0,'Est',2,2000,0,'Est',1,2100,0,'Est',2,6000,0,'Est',1,2000,0,'Est',2,2000,0,'Est',1,5940,0,'Est',2,2000,0,'Est',1,3800,0,'Est',1,7800,0,'Est',1,7800,0,'Est',1
'26J-H54J000S-83-S',5401,103300,0,'Est',1
'26J-H54JV00S-80-S',5401,103300,0,'Est',1
'26J-H57J000S-81-S',5401,171820,0,'Ston Crémazie',1
'26J-H57JV00S-83-S',5401,171820,0,'Ston Crémazie',1
'26J-H58J000S-81-S',5401,63610,0,'Est',2,2100,0,'Est',2,6300,0,'Est',2,2400,0,'Est',1,6400,0,'Est',2,2400,0,'Est',1,2500,0,'Est',2,6500,0,'Est',1,2690,0,'Est',1,7300,0,'Est',1,8100,0,'Est',2,3200,0,'Est',1,7300,0,'Est',1,3300,0,'Est',2,7100,0,'Est',2,3010,0,'Est',1,6900,0,'Est',1,2100,0,'Est',2,1700,0,'Est',2,5700,0,'Est',2,2100,0,'Est',1,1810,0,'Est',1,1300,0,'Ston Crémazie',1,5100,0,'Est',2,800,0,'Est',2,800,0,'Ston Crémazie',2,600,0,'Est',2,500,0,'Ston Crémazie',2,700,0,'Est',2,700,0,'Ston Crémazie',2,300,0,'Est',1,400,0,'Ston Crémazie',1,4700,0,'Est',2,700,0,'Est',2,1200,0,'Est',1,600,0,'Est',2,700,0,'Est',1,1000,0,'Est',1,700,0,'Ston Crémazie',2,4800,0,'Est',2,1300,0,'Ston Crémazie',2,1600,0,'Est',2,1600,0,'Est',2,6100,0,'Est',2
'26J-H58JV00S-82-S',5401,63610,0,'Est',1,2100,0,'Est',2,6300,0,'Est',2,2400,0,'Est',1,6400,0,'Est',2,2400,0,'Est',1,2500,0,'Est',2,6500,0,'Est',1,2690,0,'Est',1,7300,0,'Est',1,8100,0,'Est',2,3200,0,'Est',1,7300,0,'Est',1,3300,0,'Est',2,7100,0,'Est',2,3010,0,'Est',1,6900,0,'Est',1,2100,0,'Est',2,1700,0,'Est',1,5700,0,'Est',2,2100,0,'Est',1,1810,0,'Est',1,1300,0,'Ston Crémazie',1,5100,0,'Est',2,800,0,'Est',2,800,0,'Ston Crémazie',2,600,0,'Est',2,500,0,'Ston Crémazie',2,700,0,'Est',2,700,0,'Ston Crémazie',2,300,0,'Est',1,400,0,'Ston Crémazie',1,4700,0,'Est',2,700,0,'Est',2,1200,0,'Est',1,600,0,'Est',2,700,0,'Est',1,1000,0,'Est',1,700,0,'Ston Crémazie',1,4800,0,'Est',2,1300,0,'Ston Crémazie',2,1600,0,'Est',2,1600,0,'Est',2,6100,0,'Est',2
'26J-H57J000S-81-S',5504,84700,0,'Sud',1,58600,0,'Sud',2
'26J-H57JV00S-83-S',5504,84700,0,'Sud',1,58600,0,'Sud',2
'26J-H58J000A-83-A',5504,51130,0,'Sud',1,3100,0,'Sud',1,7270,0,'Sud',1,3100,0,'Sud',1,7100,0,'Sud',1,3000,0,'Sud',1,7000,0,'Sud',1,3100,0,'Sud',1,7030,0,'Sud',1,2800,0,'Sud',1,6600,0,'Sud',1,1900,0,'Sud',1,2000,0,'Sud',1,6100,0,'Sud',1,2000,0,'Sud',1,1700,0,'Sud',1,5300,0,'Sud',1,1300,0,'Sud',1,1300,0,'Sud',1,1300,0,'Sud',1,1100,0,'Sud',1,5000,0,'Sud',2,1100,0,'Sud',1,1000,0,'Sud',1,1000,0,'Sud',2,1100,0,'Sud',1,1000,0,'Sud',1,4900,0,'Sud',1,1000,0,'Sud',2,1100,0,'Sud',1,1000,0,'Sud',1,1000,0,'Sud',1,1000,0,'Sud',1,5000,0,'Sud',1,1000,0,'Sud',1,900,0,'Sud',2,1000,0,'Sud',1,900,0,'Sud',1,1000,0,'Sud',1,5000,0,'Sud',2,1100,0,'Sud',1,1000,0,'Sud',1,900,0,'Sud',2,1300,0,'Sud',1,5500,0,'Sud',1,1400,0,'Sud',1,1400,0,'Sud',1,1500,0,'Sud',1,1500,0,'Sud',1,5500,0,'Sud',1,1500,0,'Sud',1,1200,0,'Sud',2,1500,0,'Sud',1,5600,0,'Sud',1,1600,0,'Sud',1,1600,0,'Sud',1,1600,0,'Sud',1,5800,0,'Sud',1,2500,0,'Sud',2,6300,0,'Sud',1,2700,0,'Sud',1,7000,0,'Sud',1,3000,0,'Sud',1,2700,0,'Sud',1,6900,0,'Sud',1,3100,0,'Sud',2,7000,0,'Sud',1,3000,0,'Sud',1
'26J-H58J000I-81-I',5504,51130,0,'Sud',2,2700,0,'Sud',1,7000,0,'Sud',1,3000,0,'Sud',1,7000,0,'Sud',1,3270,0,'Sud',1,7100,0,'Sud',1,3100,0,'Sud',1,7100,0,'Sud',1,3100,0,'Sud',1,7200,0,'Sud',1,2700,0,'Sud',1,6100,0,'Sud',1,2100,0,'Sud',1,1700,0,'Sud',1,1600,0,'Sud',1,5600,0,'Sud',1,1500,0,'Sud',1,1500,0,'Sud',1,1200,0,'Sud',1,5200,0,'Sud',1,1300,0,'Sud',1,1300,0,'Sud',1,1300,0,'Sud',1,5200,0,'Sud',1,1400,0,'Sud',1,1500,0,'Sud',1,1400,0,'Sud',1,1300,0,'Sud',1,5500,0,'Sud',1,1600,0,'Sud',1,1600,0,'Sud',1,1500,0,'Sud',1,5500,0,'Sud',1,1700,0,'Sud',2,1900,0,'Sud',1,6700,0,'Sud',1,2600,0,'Sud',1,6600,0,'Sud',1,2700,0,'Sud',1,6800,0,'Sud',1,2700,0,'Sud',1,7000,0,'Sud',2,3000,0,'Sud',1,7100,0,'Sud',1,3030,0,'Sud',1,7100,0,'Sud',2,3100,0,'Sud',1,7100,0,'Sud',1,3300,0,'Sud',1,6800,0,'Sud',1,2700,0,'Sud',1
'26J-H58J000S-81-S',5504,51400,0,'Sud',1,3300,0,'Sud',1,7400,0,'Sud',1,8100,0,'Sud',1,1200,0,'Sud',1,1300,0,'Sud',2,1200,0,'Sud',1,1200,0,'Sud',1,5200,0,'Sud',2,1100,0,'Sud',1,1000,0,'Sud',1,1100,0,'Sud',1,8500,0,'Sud',1,1000,0,'Sud',1,1200,0,'Sud',2,6100,0,'Sud',1,2200,0,'Sud',1,1900,0,'Sud',1,6000,0,'Sud',1,1900,0,'Sud',1,2100,0,'Sud',1,6000,0,'Sud',2,2200,0,'Sud',1,2100,0,'Sud',1,6100,0,'Sud',1,2100,0,'Sud',1,2100,0,'Sud',1,6200,0,'Sud',1,4100,0,'Sud',1,6400,0,'Sud',1,2000,0,'Sud',2,2000,0,'Sud',1,5900,0,'Sud',1,1600,0,'Sud',1,1200,0,'Sud',1,1200,0,'Sud',1,5700,0,'Sud',1,2300,0,'Sud',1,6700,0,'Sud',1,2700,0,'Sud',1,7000,0,'Sud',1,2700,0,'Sud',1,3000,0,'Sud',1,7000,0,'Sud',1,2900,0,'Sud',1,7000,0,'Sud',1,3100,0,'Sud',1,7030,0,'Sud',2,3200,0,'Sud',1,7200,0,'Sud',1,7000,0,'Sud',1,3000,0,'Sud',2
'26J-H58JV00A-80-A',5504,51130,0,'Sud',1,3100,0,'Sud',1,7270,0,'Sud',1,3100,0,'Sud',1,7100,0,'Sud',1,3000,0,'Sud',1,7000,0,'Sud',1,3100,0,'Sud',1,7030,0,'Sud',1,2800,0,'Sud',1,6600,0,'Sud',1,1900,0,'Sud',1,2000,0,'Sud',1,6100,0,'Sud',1,2000,0,'Sud',1,1700,0,'Sud',1,5300,0,'Sud',1,1300,0,'Sud',1,1300,0,'Sud',1,1300,0,'Sud',1,1100,0,'Sud',1,5000,0,'Sud',2,1100,0,'Sud',1,1000,0,'Sud',1,1000,0,'Sud',2,1100,0,'Sud',1,1000,0,'Sud',1,4900,0,'Sud',1,1000,0,'Sud',2,1100,0,'Sud',1,1000,0,'Sud',1,1000,0,'Sud',1,1000,0,'Sud',1,5000,0,'Sud',1,1000,0,'Sud',1,900,0,'Sud',2,1000,0,'Sud',1,900,0,'Sud',1,1000,0,'Sud',1,5000,0,'Sud',2,1100,0,'Sud',1,1000,0,'Sud',1,900,0,'Sud',2,1300,0,'Sud',1,5500,0,'Sud',1,1400,0,'Sud',1,1400,0,'Sud',1,1500,0,'Sud',1,1500,0,'Sud',1,5500,0,'Sud',1,1500,0,'Sud',1,1200,0,'Sud',2,1500,0,'Sud',1,5600,0,'Sud',1,1600,0,'Sud',1,1600,0,'Sud',1,1600,0,'Sud',1,5800,0,'Sud',1,2500,0,'Sud',2,6300,0,'Sud',1,2700,0,'Sud',1,7000,0,'Sud',1,3000,0,'Sud',1,2700,0,'Sud',1,6900,0,'Sud',1,3100,0,'Sud',2,7000,0,'Sud',1,3000,0,'Sud',1
'26J-H58JV00I-80-I',5504,51130,0,'Sud',2,2700,0,'Sud',1,7000,0,'Sud',1,3000,0,'Sud',1,7000,0,'Sud',1,3270,0,'Sud',1,7100,0,'Sud',1,3100,0,'Sud',1,7100,0,'Sud',1,3100,0,'Sud',1,7200,0,'Sud',1,2700,0,'Sud',1,6100,0,'Sud',1,2100,0,'Sud',1,1700,0,'Sud',1,1600,0,'Sud',1,5600,0,'Sud',1,1500,0,'Sud',1,1500,0,'Sud',1,1200,0,'Sud',1,5200,0,'Sud',1,1300,0,'Sud',1,1300,0,'Sud',1,1300,0,'Sud',1,5200,0,'Sud',1,1400,0,'Sud',1,1500,0,'Sud',1,1400,0,'Sud',1,1300,0,'Sud',1,5500,0,'Sud',1,1600,0,'Sud',1,1600,0,'Sud',1,1500,0,'Sud',1,5500,0,'Sud',1,1700,0,'Sud',2,1900,0,'Sud',1,6700,0,'Sud',1,2600,0,'Sud',1,6600,0,'Sud',1,2700,0,'Sud',1,6800,0,'Sud',1,2700,0,'Sud',1,7000,0,'Sud',2,3000,0,'Sud',1,7100,0,'Sud',1,3030,0,'Sud',1,7100,0,'Sud',2,3100,0,'Sud',1,7100,0,'Sud',1,3300,0,'Sud',1,6800,0,'Sud',1,2700,0,'Sud',1
'26J-H58JV00S-82-S',5504,51400,0,'Sud',1,3300,0,'Sud',1,7400,0,'Sud',1,8100,0,'Sud',1,1200,0,'Sud',1,1300,0,'Sud',1,1200,0,'Sud',1,1200,0,'Sud',1,5200,0,'Sud',2,1100,0,'Sud',1,1000,0,'Sud',1,1100,0,'Sud',1,8500,0,'Sud',1,1000,0,'Sud',1,1200,0,'Sud',1,6100,0,'Sud',1,2200,0,'Sud',1,1900,0,'Sud',1,6000,0,'Sud',1,1900,0,'Sud',1,2100,0,'Sud',1,6000,0,'Sud',1,2200,0,'Sud',1,2100,0,'Sud',1,6100,0,'Sud',1,2100,0,'Sud',1,2100,0,'Sud',1,6200,0,'Sud',1,4100,0,'Sud',1,6400,0,'Sud',1,2000,0,'Sud',1,2000,0,'Sud',1,5900,0,'Sud',1,1600,0,'Sud',1,1200,0,'Sud',1,1200,0,'Sud',1,5700,0,'Sud',1,2300,0,'Sud',1,6700,0,'Sud',1,2700,0,'Sud',1,7000,0,'Sud',1,2700,0,'Sud',1,3000,0,'Sud',1,7000,0,'Sud',1,2900,0,'Sud',1,7000,0,'Sud',1,3100,0,'Sud',1,7030,0,'Sud',2,3200,0,'Sud',1,7200,0,'Sud',1,7000,0,'Sud',1,3000,0,'Sud',2
'26J-H59J000S-81-S',5504,64900,0,'Sud',1,21000,0,'Sud',1,5100,0,'Sud',2
'26J-H59JV00S-83-S',5504,64900,0,'Sud',1,21000,0,'Sud',1,5100,0,'Sud',1
'26J-H51J000A-82-A',36304,255700,0,'Sud',2,8400,0,'Sud',1,8250,0,'Sud',2,8400,0,'Sud',1,4500,0,'Sud',1
'26J-H51J000I-82-I',36304,250640,0,'Sud',1,5000,0,'Sud',2,8500,0,'Sud',1,8600,0,'Sud',2,7900,0,'Sud',1,4500,0,'Sud',2
'26J-H51J000S-80-S',36304,251340,0,'Sud',1,4500,0,'Sud',1,8600,0,'Sud',1,8300,0,'Sud',1,8400,0,'Sud',2,4000,0,'Sud',1
'26J-H51JV00A-80-A',36304,255700,0,'Sud',2,8400,0,'Sud',1,8250,0,'Sud',2,8400,0,'Sud',1,4500,0,'Sud',1
'26J-H51JV00I-80-I',36304,250640,0,'Sud',1,5000,0,'Sud',2,8500,0,'Sud',1,8600,0,'Sud',2,7900,0,'Sud',1,4500,0,'Sud',2
'26J-H51JV00S-84-S',36304,251340,0,'Sud',1,4500,0,'Sud',1,8600,0,'Sud',1,8300,0,'Sud',1,8400,0,'Sud',2,4000,0,'Sud',1
