4100,'H58M000S-70-S',535,,98489,7,,,2,20,,98492,7,,,1,60,,98484,7,,,2,28,,98483,7,,,2,71,,98507,7,,,2,32,,98485,7,,,1,69,,98493,7,,,1,31,,98498,7,,,2,63,,98513,7,,,2,28,,98508,7,,,1,69,,98486,7,,,1,29,,98503,7,,,1,19,,98494,7,,,1,69,,98499,7,,,2,29,,98509,7,,,1,68,,98487,7,,,1,29,,98504,7,,,1,67,,98495,7,,,1,27,,98500,7,,,2,64,,98514,7,,,1,22,,98510,7,,,1,22,,98488,7,,,1,73,,98505,7,,,1,33,,98496,7,,,1,72,,98501,7,,,2,71,,98511,7,,,1,28,,98516,7,,,2,26,,98506,7,,,1,67,,98490,7,,,1,26,,98497,7,,,1,67,,98502,7,,,2,29,,98512,7,,,1,71,,98517,7,,,2,29,,98491,7,,,1,67,,98515,7,,,2
4100,'H58M100F-70-F1',535,,98528,7,,,1,70,,98535,7,,,2,29,,98521,7,,,2,72,,98527,7,,,1,32,,98520,7,,,2,70,,98522,7,,,2,28,,98533,7,,,2,70,,98524,7,,,1,30,,98525,7,,,1,516,,98518,7,,,2,71,,98523,7,,,2,32,,98531,7,,,1,70,,98529,7,,,1,32,,98532,7,,,1,70,,98526,7,,,1,29,,98519,7,,,2,67,,98534,7,,,2,25,,98530,7,,,1
4100,'H58M200F-70-F2',535,,98546,7,,,1,70,,98553,7,,,2,29,,98539,7,,,2,72,,98545,7,,,1,32,,98538,7,,,2,70,,98540,7,,,2,28,,98551,7,,,2,70,,98542,7,,,1,30,,98543,7,,,1,516,,98536,7,,,2,71,,98541,7,,,2,32,,98549,7,,,1,70,,98547,7,,,1,32,,98550,7,,,1,70,,98544,7,,,1,29,,98537,7,,,2,67,,98552,7,,,2,25,,98548,7,,,1
4100,'H58M300F-70-F3',535,,98564,7,,,1,70,,98571,7,,,2,29,,98557,7,,,2,72,,98563,7,,,1,32,,98556,7,,,2,70,,98558,7,,,2,28,,98569,7,,,2,70,,98560,7,,,1,30,,98561,7,,,1,516,,98554,7,,,2,71,,98559,7,,,2,32,,98567,7,,,1,70,,98565,7,,,1,32,,98568,7,,,1,70,,98562,7,,,1,29,,98555,7,,,2,67,,98570,7,,,2,25,,98566,7,,,1
14000,'H58M000A-70-A',555,,130636,8,,,2,70,,130650,8,,,1,30,,130654,8,,,2,70,,130637,8,,,2,30,,130651,8,,,1,69,,130655,8,,,2,29,,130638,8,,,2,69,,130652,8,,,1,31,,130656,8,,,2,70,,130639,8,,,2,32,,130653,8,,,1,72,,130657,8,,,2,32,,130640,8,,,2,70,,130643,8,,,1,29,,130658,8,,,2,68,,130661,8,,,2,29,,130668,8,,,1,69,,130671,8,,,2,22,,130659,8,,,2,64,,130662,8,,,2,24,,130644,8,,,1,24,,130669,8,,,1,60,,130672,8,,,2,20,,130677,8,,,2,20,,130663,8,,,2,61,,130645,8,,,1,21,,130670,8,,,1,65,,130673,8,,,2,30,,130664,8,,,2,68,,130646,8,,,1,30,,130674,8,,,2,70,,130665,8,,,2,36,,130647,8,,,1,76,,130675,8,,,2,35,,130666,8,,,2,75,,130648,8,,,1,34,,130676,8,,,2,73,,130667,8,,,2,74,,130641,8,,,1,33,,130678,8,,,2,72,,130649,8,,,1,29,,130642,8,,,1,69,,130660,8,,,1
14000,'H58M000I-70-I',605,,130686,8,,,1,32,,130702,8,,,1,72,,130679,8,,,2,30,,130687,8,,,1,70,,130703,8,,,1,29,,130680,8,,,2,70,,130688,8,,,1,30,,130704,8,,,1,70,,130681,8,,,2,32,,130689,8,,,1,71,,130705,8,,,1,30,,130682,8,,,2,70,,130690,8,,,1,30,,130706,8,,,1,69,,130683,8,,,2,30,,130691,8,,,1,70,,130707,8,,,1,30,,130684,8,,,2,70,,130692,8,,,1,30,,130708,8,,,1,70,,130685,8,,,2,26,,130709,8,,,2,65,,130715,8,,,1,26,,130696,8,,,1,28,,130693,8,,,1,71,,130716,8,,,1,29,,130697,8,,,1,71,,130694,8,,,1,29,,130717,8,,,1,69,,130698,8,,,1,29,,130695,8,,,1,71,,130718,8,,,1,33,,130699,8,,,1,73,,130713,8,,,2,72,,130710,8,,,2,32,,130700,8,,,1,71,,130714,8,,,2,30,,130711,8,,,2,72,,130701,8,,,1,29,,130712,8,,,1
14000,'H58M000S-70-S',608,,130728,8,,,2,30,,130719,8,,,1,68,,130725,8,,,2,33,,130729,8,,,2,72,,130720,8,,,1,31,,130733,8,,,2,71,,130741,8,,,1,29,,130737,8,,,2,69,,130721,8,,,1,29,,130734,8,,,2,70,,130743,8,,,1,30,,130738,8,,,2,70,,130722,8,,,1,29,,130735,8,,,2,68,,130744,8,,,1,27,,130739,8,,,2,68,,130723,8,,,1,26,,130736,8,,,2,23,,130745,8,,,1,71,,130740,8,,,2,26,,130724,8,,,1,60,,130748,8,,,2,18,,130753,8,,,1,22,,130746,8,,,1,57,,130752,8,,,2,17,,130757,8,,,1,18,,130726,8,,,1,17,,130731,8,,,2,60,,130754,8,,,1,26,,130747,8,,,1,65,,130758,8,,,1,29,,130732,8,,,2,70,,130755,8,,,1,29,,130759,8,,,1,70,,130727,8,,,1,30,,130730,8,,,2,71,,130742,8,,,1,34,,130756,8,,,1,74,,130760,8,,,1,37,,130749,8,,,2,77,,130761,8,,,1,77,,130750,8,,,2,30,,130751,8,,,2
14000,'H58M100F-70-F1',605,,130775,8,,,1,32,,130762,8,,,1,72,,130779,8,,,1,30,,130786,8,,,1,70,,130763,8,,,1,29,,130780,8,,,1,70,,130787,8,,,1,30,,130764,8,,,1,70,,130781,8,,,1,32,,130788,8,,,1,71,,130765,8,,,1,30,,130782,8,,,1,70,,130789,8,,,1,30,,130766,8,,,1,69,,130783,8,,,1,30,,130790,8,,,1,70,,130767,8,,,1,30,,130784,8,,,1,70,,130791,8,,,1,30,,130768,8,,,1,70,,130785,8,,,1,26,,130798,8,,,1,65,,130792,8,,,1,26,,130769,8,,,1,28,,130776,8,,,1,71,,130793,8,,,1,29,,130770,8,,,1,71,,130777,8,,,1,29,,130794,8,,,1,69,,130771,8,,,1,29,,130778,8,,,1,71,,130795,8,,,1,33,,130772,8,,,1,73,,130796,8,,,1,72,,130800,8,,,1,32,,130773,8,,,1,71,,130797,8,,,1,30,,130801,8,,,1,72,,130774,8,,,1,29,,130799,8,,,1
14000,'H58M200F-70-F2',605,,130815,8,,,1,32,,130802,8,,,1,72,,130819,8,,,1,30,,130826,8,,,1,70,,130803,8,,,1,29,,130820,8,,,1,70,,130827,8,,,1,30,,130804,8,,,1,70,,130821,8,,,1,32,,130828,8,,,1,71,,130805,8,,,1,30,,130822,8,,,1,70,,130829,8,,,1,30,,130806,8,,,1,69,,130823,8,,,1,30,,130830,8,,,1,70,,130807,8,,,1,30,,130824,8,,,1,70,,130831,8,,,1,30,,130808,8,,,1,70,,130825,8,,,1,26,,130838,8,,,1,65,,130832,8,,,1,26,,130809,8,,,1,28,,130816,8,,,1,71,,130833,8,,,1,29,,130810,8,,,1,71,,130817,8,,,1,29,,130834,8,,,1,69,,130811,8,,,1,29,,130818,8,,,1,71,,130835,8,,,1,33,,130812,8,,,1,73,,130836,8,,,1,72,,130840,8,,,1,32,,130813,8,,,1,71,,130837,8,,,1,30,,130841,8,,,1,72,,130814,8,,,1,29,,130839,8,,,1
14000,'H58M300F-70-F3',605,,130855,8,,,1,32,,130842,8,,,1,72,,130859,8,,,1,30,,130866,8,,,1,70,,130843,8,,,1,29,,130860,8,,,1,70,,130867,8,,,1,30,,130844,8,,,1,70,,130861,8,,,1,32,,130868,8,,,1,71,,130845,8,,,1,30,,130862,8,,,1,70,,130869,8,,,1,30,,130846,8,,,1,69,,130863,8,,,1,30,,130870,8,,,1,70,,130847,8,,,1,30,,130864,8,,,1,70,,130871,8,,,1,30,,130848,8,,,1,70,,130865,8,,,1,26,,130878,8,,,1,65,,130872,8,,,1,26,,130849,8,,,1,28,,130856,8,,,1,71,,130873,8,,,1,29,,130850,8,,,1,71,,130857,8,,,1,29,,130874,8,,,1,69,,130851,8,,,1,29,,130858,8,,,1,71,,130875,8,,,1,33,,130852,8,,,1,73,,130876,8,,,1,72,,130880,8,,,1,32,,130853,8,,,1,71,,130877,8,,,1,30,,130881,8,,,1,72,,130854,8,,,1,29,,130879,8,,,1
14000,'H60M000S-71-S',539,,130882,8,,,2
