9404,'H59U000A-80-A',529,,244388,20,0,9,2,28,,244389,20,0,9,1,68,,244391,20,0,9,2,30,,244390,20,0,9,1,69,,244392,20,0,9,2,29,,244395,20,0,9,1,69,,244393,20,0,9,2,32,,244396,20,0,9,1,72,,244394,20,0,9,2,33,,244397,20,0,9,1,71,,244398,20,0,9,1,72,,244407,20,0,9,1,31,,244406,20,0,9,1,73,,244409,20,0,9,1,36,,244408,20,0,9,1,73,,244410,20,0,9,2,32,,244383,20,0,9,1,71,,244422,20,0,9,2,28,,244411,20,0,9,2,66,,244384,20,0,9,1,26,,244423,20,0,9,2,67,,244412,20,0,9,2,26,,244385,20,0,9,1,27,,244424,20,0,9,2,66,,244413,20,0,9,2,26,,244386,20,0,9,1,67,,244425,20,0,9,2,25,,244414,20,0,9,2,64,,244387,20,0,9,1,26,,244426,20,0,9,2,26,,244415,20,0,9,2,71,,244399,20,0,9,1,71,,244416,20,0,9,2,31,,244400,20,0,9,1,71,,244417,20,0,9,2,30,,244401,20,0,9,1,71,,244418,20,0,9,2,30,,244402,20,0,9,1,68,,244419,20,0,9,2,28,,244403,20,0,9,1,30,,244420,20,0,9,2,71,,244404,20,0,9,1,71,,244421,20,0,9,2,31,,244405,20,0,9,1
9404,'H59U000I-80-I',528,,244429,20,0,9,1,27,,244440,20,0,9,1,68,,244430,20,0,9,1,28,,244441,20,0,9,1,68,,244431,20,0,9,1,27,,244442,20,0,9,1,68,,244460,20,0,9,2,31,,244443,20,0,9,1,72,,244461,20,0,9,2,31,,244444,20,0,9,1,69,,244427,20,0,9,2,30,,244458,20,0,9,1,70,,244433,20,0,9,1,29,,244463,20,0,9,1,69,,244459,20,0,9,1,32,,244428,20,0,9,2,72,,244464,20,0,9,1,32,,244462,20,0,9,2,70,,244436,20,0,9,2,31,,244465,20,0,9,1,70,,244457,20,0,9,1,30,,244437,20,0,9,2,71,,244466,20,0,9,1,30,,244439,20,0,9,2,72,,244438,20,0,9,2,32,,244467,20,0,9,1,71,,244434,20,0,9,1,31,,244432,20,0,9,1,67,,244451,20,0,9,2,30,,244445,20,0,9,1,71,,244452,20,0,9,2,30,,244446,20,0,9,1,68,,244453,20,0,9,2,29,,244447,20,0,9,1,70,,244454,20,0,9,2,30,,244448,20,0,9,1,71,,244455,20,0,9,2,31,,244449,20,0,9,1,70,,244456,20,0,9,2,77,,244450,20,0,9,1,40,,244435,20,0,9,1
9404,'H59U000S-80-S',528,,244486,20,0,9,2,29,,244468,20,0,9,1,73,,244487,20,0,9,2,72,,244469,20,0,9,1,23,,244494,20,0,9,2,22,,244488,20,0,9,2,60,,244513,20,0,9,1,19,,244470,20,0,9,1,26,,244495,20,0,9,2,63,,244489,20,0,9,2,26,,244471,20,0,9,1,66,,244496,20,0,9,2,27,,244490,20,0,9,2,68,,244472,20,0,9,1,27,,244497,20,0,9,2,28,,244491,20,0,9,2,67,,244473,20,0,9,1,28,,244498,20,0,9,2,67,,244492,20,0,9,2,26,,244474,20,0,9,1,66,,244499,20,0,9,2,26,,244493,20,0,9,2,63,,244512,20,0,9,1,21,,244475,20,0,9,1,24,,244500,20,0,9,2,62,,244484,20,0,9,2,21,,244509,20,0,9,1,23,,244476,20,0,9,1,63,,244501,20,0,9,2,24,,244485,20,0,9,2,64,,244510,20,0,9,1,25,,244477,20,0,9,1,26,,244502,20,0,9,2,68,,244511,20,0,9,1,26,,244478,20,0,9,1,71,,244503,20,0,9,2,32,,244479,20,0,9,1,72,,244504,20,0,9,2,31,,244480,20,0,9,1,73,,244505,20,0,9,2,31,,244481,20,0,9,1,73,,244506,20,0,9,2,73,,244482,20,0,9,1,32,,244507,20,0,9,2,72,,244483,20,0,9,1,38,,244508,20,0,9,2
9404,'H59U100F-80-F1',528,,244516,20,0,9,1,27,,244527,20,0,9,1,68,,244517,20,0,9,1,28,,244528,20,0,9,1,68,,244518,20,0,9,1,27,,244529,20,0,9,1,68,,244547,20,0,9,2,31,,244530,20,0,9,1,72,,244548,20,0,9,2,31,,244531,20,0,9,1,69,,244514,20,0,9,2,30,,244545,20,0,9,1,70,,244520,20,0,9,1,29,,244550,20,0,9,1,69,,244546,20,0,9,1,32,,244515,20,0,9,2,72,,244551,20,0,9,1,32,,244549,20,0,9,2,70,,244523,20,0,9,2,31,,244552,20,0,9,1,70,,244544,20,0,9,1,30,,244524,20,0,9,2,71,,244553,20,0,9,1,30,,244526,20,0,9,2,72,,244525,20,0,9,2,32,,244554,20,0,9,1,71,,244521,20,0,9,1,31,,244519,20,0,9,1,67,,244538,20,0,9,2,30,,244532,20,0,9,1,71,,244539,20,0,9,2,30,,244533,20,0,9,1,68,,244540,20,0,9,2,29,,244534,20,0,9,1,70,,244541,20,0,9,2,30,,244535,20,0,9,1,71,,244542,20,0,9,2,31,,244536,20,0,9,1,70,,244543,20,0,9,2,77,,244537,20,0,9,1,40,,244522,20,0,9,1
9404,'H59U200F-80-F2',528,,244555,20,0,9,1,27,,244556,20,0,9,1,68,,244557,20,0,9,1,28,,244558,20,0,9,1,68,,244559,20,0,9,1,27,,244560,20,0,9,1,68,,244561,20,0,9,2,31,,244562,20,0,9,1,72,,244563,20,0,9,2,31,,244564,20,0,9,1,69,,244565,20,0,9,2,30,,244566,20,0,9,1,70,,244567,20,0,9,1,29,,244568,20,0,9,1,69,,244569,20,0,9,1,32,,244570,20,0,9,2,72,,244571,20,0,9,1,32,,244572,20,0,9,2,70,,244573,20,0,9,2,31,,244574,20,0,9,1,70,,244575,20,0,9,1,30,,244576,20,0,9,2,71,,244577,20,0,9,1,30,,244578,20,0,9,2,72,,244579,20,0,9,2,32,,244580,20,0,9,1,71,,244581,20,0,9,1,31,,244582,20,0,9,1,67,,244583,20,0,9,2,30,,244584,20,0,9,1,71,,244585,20,0,9,2,30,,244586,20,0,9,1,68,,244587,20,0,9,2,29,,244588,20,0,9,1,70,,244589,20,0,9,2,30,,244590,20,0,9,1,71,,244591,20,0,9,2,31,,244592,20,0,9,1,70,,244593,20,0,9,2,77,,244594,20,0,9,1,40,,244595,20,0,9,1
35704,'H59U000A-80-A',2613,,276929,39,0,9,2,45,,276932,39,0,9,1,84,,276930,39,0,9,2,85,,276933,39,0,9,1,86,,276931,39,0,9,2
35704,'H59U000I-80-I',2523,,276937,39,0,9,1,85,,276934,39,0,9,1,45,,276938,39,0,9,1,84,,276935,39,0,9,1,87,,276939,39,0,9,1,85,,276936,39,0,9,1
35704,'H59U000S-80-S',2526,,276940,39,0,9,1,84,,276943,39,0,9,1,44,,276941,39,0,9,1,85,,276944,39,0,9,1,87,,276942,39,0,9,1,85,,276945,39,0,9,1
35704,'H59U100F-80-F1',2523,,276949,39,0,9,1,85,,276946,39,0,9,1,45,,276950,39,0,9,1,84,,276947,39,0,9,1,87,,276951,39,0,9,1,85,,276948,39,0,9,1
35704,'H59U200F-80-F2',2523,,276952,39,0,9,1,85,,276953,39,0,9,1,45,,276954,39,0,9,1,84,,276955,39,0,9,1,87,,276956,39,0,9,1,85,,276957,39,0,9,1
