17003,'H50J000S-83-S',1516,,57625,7,0,8,1
17003,'H50JV00S-82-S',1516,,57626,7,0,8,1
17003,'H58J000S-81-S',1529,,57629,7,0,8,2,17,,57628,7,0,8,2,8,,57627,7,0,8,1
17003,'H58J000S-83-S',1529,,57632,7,0,8,2,17,,57631,7,0,8,2,8,,57630,7,0,8,1
17003,'H58JV00S-82-S',1529,,57635,7,0,8,2,17,,57634,7,0,8,2,8,,57633,7,0,8,1
17003,'H60J000A-80-A',621,,57638,7,0,8,1,33,,57663,7,0,8,1,73,,57639,7,0,8,1,73,,57664,7,0,8,1,31,,57640,7,0,8,1,71,,57665,7,0,8,1,32,,57653,7,0,8,2,72,,57666,7,0,8,1,28,,57654,7,0,8,2,67,,57667,7,0,8,1,27,,57655,7,0,8,2,27,,57668,7,0,8,1,68,,57656,7,0,8,2,28,,57641,7,0,8,1,68,,57657,7,0,8,2,28,,57642,7,0,8,1,68,,57658,7,0,8,2,27,,57643,7,0,8,1,67,,57659,7,0,8,2,21,,57670,7,0,8,1,21,,57644,7,0,8,1,60,,57660,7,0,8,2,25,,57671,7,0,8,1,19,,57645,7,0,8,1,59,,57661,7,0,8,2,18,,57672,7,0,8,1,20,,57646,7,0,8,1,61,,57662,7,0,8,2,20,,57673,7,0,8,1,25,,57647,7,0,8,1,66,,57674,7,0,8,1,25,,57648,7,0,8,1,62,,57680,7,0,8,2,22,,57675,7,0,8,1,23,,57649,7,0,8,1,64,,57676,7,0,8,1,25,,57650,7,0,8,1,66,,57677,7,0,8,1,27,,57651,7,0,8,1,70,,57678,7,0,8,1,33,,57652,7,0,8,1,73,,57679,7,0,8,1,32,,57636,7,0,8,1,74,,57669,7,0,8,1,86,,57637,7,0,8,1
17003,'H60J000I-80-I',636,,57686,7,0,8,2,70,,57681,7,0,8,1,31,,57687,7,0,8,2,70,,57682,7,0,8,1,32,,57688,7,0,8,2,70,,57708,7,0,8,1,30,,57689,7,0,8,2,70,,57709,7,0,8,1,29,,57690,7,0,8,2,69,,57710,7,0,8,1,26,,57691,7,0,8,2,26,,57711,7,0,8,1,66,,57692,7,0,8,2,26,,57712,7,0,8,1,66,,57693,7,0,8,2,26,,57713,7,0,8,1,66,,57694,7,0,8,2,26,,57714,7,0,8,1,67,,57695,7,0,8,2,28,,57715,7,0,8,1,28,,57696,7,0,8,2,67,,57683,7,0,8,1,20,,57716,7,0,8,1,60,,57697,7,0,8,2,21,,57684,7,0,8,1,20,,57717,7,0,8,1,59,,57698,7,0,8,2,21,,57685,7,0,8,1,20,,57718,7,0,8,1,60,,57699,7,0,8,2,28,,57700,7,0,8,1,69,,57719,7,0,8,1,29,,57701,7,0,8,1,69,,57703,7,0,8,1,30,,57702,7,0,8,1,71,,57704,7,0,8,1,31,,57720,7,0,8,1,71,,57705,7,0,8,1,31,,57721,7,0,8,1,70,,57706,7,0,8,1,30,,57722,7,0,8,1,69,,57707,7,0,8,1,31,,57723,7,0,8,1
17003,'H60J000S-98-S',605,,57738,7,0,8,1,34,,57740,7,0,8,1,73,,57747,7,0,8,2,33,,57741,7,0,8,1,73,,57755,7,0,8,1,31,,57742,7,0,8,1,67,,57728,7,0,8,1,25,,57729,7,0,8,1,68,,57749,7,0,8,1,29,,57730,7,0,8,1,69,,57750,7,0,8,1,28,,57731,7,0,8,1,69,,57751,7,0,8,1,28,,57732,7,0,8,1,70,,57752,7,0,8,1,30,,57733,7,0,8,1,70,,57753,7,0,8,1,30,,57734,7,0,8,1,19,,57756,7,0,8,1,53,,57754,7,0,8,1,34,,57735,7,0,8,1,64,,57773,7,0,8,2,8,,57757,7,0,8,1,8,,57746,7,0,8,2,7,,57775,7,0,8,2,8,,57727,7,0,8,1,8,,57724,7,0,8,1,9,,57736,7,0,8,1,9,,57748,7,0,8,1,48,,57743,7,0,8,1,10,,57774,7,0,8,2,11,,57737,7,0,8,1,12,,57758,7,0,8,1,12,,57725,7,0,8,1,51,,57772,7,0,8,1,10,,57744,7,0,8,1,11,,57739,7,0,8,1,9,,57726,7,0,8,1,15,,57759,7,0,8,1,58,,57767,7,0,8,2,21,,57745,7,0,8,1,23,,57760,7,0,8,1,69,,57768,7,0,8,2,29,,57761,7,0,8,1,71,,57769,7,0,8,2,30,,57762,7,0,8,1,69,,57770,7,0,8,2,29,,57763,7,0,8,1,69,,57771,7,0,8,2,29,,57764,7,0,8,1,69,,57776,7,0,8,1,36,,57765,7,0,8,1,87,,57766,7,0,8,1
17003,'H60JV00A-80-A',621,,57777,7,0,8,1,33,,57803,7,0,8,1,73,,57778,7,0,8,1,73,,57804,7,0,8,1,31,,57779,7,0,8,1,71,,57805,7,0,8,1,32,,57793,7,0,8,2,72,,57806,7,0,8,1,28,,57794,7,0,8,2,67,,57807,7,0,8,1,27,,57795,7,0,8,2,27,,57808,7,0,8,1,68,,57796,7,0,8,2,28,,57781,7,0,8,1,68,,57797,7,0,8,2,28,,57782,7,0,8,1,68,,57798,7,0,8,2,27,,57783,7,0,8,1,67,,57799,7,0,8,2,21,,57809,7,0,8,1,21,,57784,7,0,8,1,60,,57800,7,0,8,2,25,,57810,7,0,8,1,19,,57785,7,0,8,1,59,,57801,7,0,8,2,18,,57811,7,0,8,1,20,,57786,7,0,8,1,61,,57802,7,0,8,2,20,,57812,7,0,8,1,25,,57787,7,0,8,1,66,,57813,7,0,8,1,25,,57788,7,0,8,1,62,,57780,7,0,8,2,22,,57814,7,0,8,1,23,,57789,7,0,8,1,64,,57815,7,0,8,1,25,,57790,7,0,8,1,66,,57816,7,0,8,1,27,,57791,7,0,8,1,70,,57817,7,0,8,1,33,,57792,7,0,8,1,73,,57818,7,0,8,1,32,,57819,7,0,8,1,74,,57821,7,0,8,1,86,,57820,7,0,8,1
17003,'H60JV00I-80-I',636,,57832,7,0,8,2,70,,57830,7,0,8,1,31,,57833,7,0,8,2,70,,57831,7,0,8,1,32,,57834,7,0,8,2,70,,57846,7,0,8,1,30,,57835,7,0,8,2,70,,57847,7,0,8,1,29,,57836,7,0,8,2,69,,57848,7,0,8,1,26,,57837,7,0,8,2,26,,57849,7,0,8,1,66,,57838,7,0,8,2,26,,57850,7,0,8,1,66,,57839,7,0,8,2,26,,57851,7,0,8,1,66,,57840,7,0,8,2,26,,57852,7,0,8,1,67,,57841,7,0,8,2,28,,57853,7,0,8,1,28,,57842,7,0,8,2,67,,57862,7,0,8,1,20,,57854,7,0,8,1,60,,57843,7,0,8,2,21,,57863,7,0,8,1,20,,57855,7,0,8,1,59,,57844,7,0,8,2,21,,57864,7,0,8,1,20,,57856,7,0,8,1,60,,57845,7,0,8,2,28,,57857,7,0,8,1,69,,57860,7,0,8,1,29,,57858,7,0,8,1,69,,57825,7,0,8,1,30,,57859,7,0,8,1,71,,57826,7,0,8,1,31,,57861,7,0,8,1,71,,57827,7,0,8,1,31,,57822,7,0,8,1,70,,57828,7,0,8,1,30,,57823,7,0,8,1,69,,57829,7,0,8,1,31,,57824,7,0,8,1
17003,'H60JV00S-98-S',605,,57865,7,0,8,1,34,,57870,7,0,8,1,73,,57871,7,0,8,2,33,,57911,7,0,8,1,73,,57902,7,0,8,1,31,,57912,7,0,8,1,67,,57916,7,0,8,1,25,,57872,7,0,8,1,68,,57896,7,0,8,1,29,,57873,7,0,8,1,69,,57897,7,0,8,1,28,,57874,7,0,8,1,69,,57898,7,0,8,1,28,,57875,7,0,8,1,70,,57899,7,0,8,1,30,,57876,7,0,8,1,70,,57900,7,0,8,1,30,,57877,7,0,8,1,19,,57867,7,0,8,1,53,,57901,7,0,8,1,34,,57878,7,0,8,1,64,,57894,7,0,8,2,8,,57868,7,0,8,1,8,,57906,7,0,8,2,7,,57903,7,0,8,2,8,,57910,7,0,8,1,8,,57904,7,0,8,1,9,,57879,7,0,8,1,9,,57866,7,0,8,1,48,,57913,7,0,8,1,10,,57895,7,0,8,2,11,,57917,7,0,8,1,12,,57880,7,0,8,1,12,,57905,7,0,8,1,51,,57869,7,0,8,1,10,,57914,7,0,8,1,11,,57909,7,0,8,1,9,,57907,7,0,8,1,15,,57881,7,0,8,1,58,,57889,7,0,8,1,21,,57915,7,0,8,1,23,,57882,7,0,8,1,69,,57890,7,0,8,1,29,,57883,7,0,8,1,71,,57891,7,0,8,1,30,,57884,7,0,8,1,69,,57892,7,0,8,1,29,,57885,7,0,8,1,69,,57893,7,0,8,1,29,,57886,7,0,8,1,69,,57908,7,0,8,1,36,,57887,7,0,8,1,87,,57888,7,0,8,1
