20103,'H60J000A-80-A',624,,68253,31,0,8,1,30,,68257,31,0,8,1,70,,68277,31,0,8,1,32,,68258,31,0,8,2,70,,68263,31,0,8,1,32,,68270,31,0,8,1,70,,68249,31,0,8,1,31,,68278,31,0,8,1,71,,68259,31,0,8,2,70,,68264,31,0,8,1,29,,68271,31,0,8,1,29,,68250,31,0,8,1,70,,68279,31,0,8,1,28,,68260,31,0,8,2,70,,68265,31,0,8,1,30,,68272,31,0,8,1,70,,68251,31,0,8,1,31,,68280,31,0,8,1,71,,68261,31,0,8,2,30,,68266,31,0,8,1,70,,68273,31,0,8,1,30,,68252,31,0,8,1,70,,68281,31,0,8,1,31,,68262,31,0,8,2,69,,68267,31,0,8,1,31,,68274,31,0,8,1,84,,68254,32,0,8,2,73,,68282,32,0,8,1,31,,68268,32,0,8,1,72,,68275,32,0,8,1,32,,68255,32,0,8,2,72,,68283,32,0,8,1,31,,68269,32,0,8,1,71,,68276,32,0,8,1,30,,68256,32,0,8,2
20103,'H60J000I-80-I',715,,68295,31,0,8,1,32,,68299,31,0,8,1,73,,68293,31,0,8,2,34,,68284,31,0,8,1,74,,68296,31,0,8,1,74,,68300,31,0,8,1,32,,68294,31,0,8,2,72,,68315,31,0,8,1,34,,68312,31,0,8,1,73,,68286,31,0,8,2,33,,68297,31,0,8,1,73,,68304,31,0,8,2,33,,68291,31,0,8,1,73,,68313,31,0,8,1,33,,68287,31,0,8,2,73,,68298,31,0,8,1,73,,68305,31,0,8,2,33,,68292,31,0,8,1,73,,68314,31,0,8,1,30,,68288,31,0,8,2,73,,68285,31,0,8,1,33,,68289,31,0,8,2,72,,68301,31,0,8,1,34,,68306,32,0,8,2,73,,68310,32,0,8,1,32,,68290,32,0,8,2,72,,68302,32,0,8,1,29,,68307,32,0,8,2,69,,68311,32,0,8,1,28,,68309,32,0,8,1,68,,68303,32,0,8,1,30,,68308,32,0,8,2
20103,'H60J000S-98-S',630,,68334,31,0,8,1,74,,68337,31,0,8,2,35,,68329,31,0,8,2,68,,68335,31,0,8,1,41,,68325,31,0,8,2,78,,68330,31,0,8,1,78,,68316,31,0,8,2,39,,68336,31,0,8,1,76,,68326,31,0,8,2,35,,68331,31,0,8,1,76,,68317,31,0,8,2,76,,68323,31,0,8,1,33,,68339,31,0,8,1,74,,68327,31,0,8,2,35,,68332,31,0,8,1,76,,68318,31,0,8,2,34,,68324,31,0,8,1,75,,68340,31,0,8,1,76,,68328,31,0,8,2,30,,68345,31,0,8,2,71,,68333,31,0,8,1,33,,68319,31,0,8,2,74,,68347,31,0,8,1,35,,68338,32,0,8,2,71,,68342,32,0,8,1,33,,68320,32,0,8,1,73,,68343,32,0,8,2,71,,68341,32,0,8,1,30,,68346,32,0,8,2,28,,68322,32,0,8,1,68,,68321,32,0,8,1,28,,68344,32,0,8,2
20103,'H60JV00A-80-A',624,,68349,31,0,8,1,30,,68348,31,0,8,1,70,,68362,31,0,8,1,32,,68350,31,0,8,2,70,,68355,31,0,8,1,32,,68369,31,0,8,1,70,,68376,31,0,8,1,31,,68363,31,0,8,1,71,,68351,31,0,8,2,70,,68356,31,0,8,1,29,,68370,31,0,8,1,29,,68377,31,0,8,1,70,,68364,31,0,8,1,28,,68352,31,0,8,2,70,,68357,31,0,8,1,30,,68371,31,0,8,1,70,,68378,31,0,8,1,31,,68365,31,0,8,1,71,,68353,31,0,8,2,30,,68358,31,0,8,1,70,,68372,31,0,8,1,30,,68379,31,0,8,1,70,,68366,31,0,8,1,31,,68354,31,0,8,2,69,,68359,31,0,8,1,31,,68373,31,0,8,1,84,,68380,32,0,8,2,73,,68367,32,0,8,1,31,,68360,32,0,8,1,72,,68374,32,0,8,1,32,,68381,32,0,8,2,72,,68368,32,0,8,1,31,,68361,32,0,8,1,71,,68375,32,0,8,1,30,,68382,32,0,8,2
20103,'H60JV00I-80-I',715,,68403,31,0,8,1,32,,68391,31,0,8,1,73,,68407,31,0,8,2,34,,68411,31,0,8,1,74,,68404,31,0,8,1,74,,68392,31,0,8,1,32,,68408,31,0,8,2,72,,68409,31,0,8,1,34,,68398,31,0,8,1,73,,68388,31,0,8,2,33,,68401,31,0,8,1,73,,68405,31,0,8,2,33,,68396,31,0,8,1,73,,68399,31,0,8,1,33,,68389,31,0,8,2,73,,68402,31,0,8,1,73,,68406,31,0,8,2,33,,68397,31,0,8,1,73,,68400,31,0,8,1,30,,68390,31,0,8,2,73,,68412,31,0,8,1,33,,68413,31,0,8,2,72,,68393,31,0,8,1,34,,68385,32,0,8,2,73,,68383,32,0,8,1,32,,68414,32,0,8,2,72,,68394,32,0,8,1,29,,68386,32,0,8,2,69,,68384,32,0,8,1,28,,68410,32,0,8,1,68,,68395,32,0,8,1,30,,68387,32,0,8,2
20103,'H60JV00S-98-S',630,,68445,31,0,8,1,74,,68426,31,0,8,2,35,,68425,31,0,8,2,68,,68415,31,0,8,1,41,,68421,31,0,8,2,78,,68428,31,0,8,1,78,,68417,31,0,8,2,39,,68416,31,0,8,1,76,,68422,31,0,8,2,35,,68429,31,0,8,1,76,,68418,31,0,8,2,76,,68432,31,0,8,1,33,,68434,31,0,8,1,74,,68423,31,0,8,2,35,,68430,31,0,8,1,76,,68419,31,0,8,2,34,,68433,31,0,8,1,75,,68435,31,0,8,1,76,,68424,31,0,8,2,30,,68427,31,0,8,2,71,,68431,31,0,8,1,33,,68420,31,0,8,2,74,,68437,31,0,8,1,35,,68442,32,0,8,2,71,,68441,32,0,8,1,33,,68438,32,0,8,1,73,,68443,32,0,8,2,71,,68436,32,0,8,1,30,,68440,32,0,8,2,28,,68446,32,0,8,1,68,,68439,32,0,8,1,28,,68444,32,0,8,2
21901,'H60J000S-98-S',628,,74133,23,0,5,1,30,,74136,23,0,5,1,75,,74134,23,0,5,1,73,,74137,23,0,5,1,35,,74135,23,0,5,1,75,,74138,23,0,5,1,602,,74139,23,0,5,2,26,,74129,23,0,5,1,80,,74140,23,0,5,2,26,,74130,23,0,5,1,79,,74141,23,0,5,2,73,,74131,23,0,5,1,40,,74142,23,0,5,2,80,,74132,23,0,5,1
21901,'H60JV00S-98-S',628,,74146,23,0,5,1,30,,74143,23,0,5,1,75,,74147,23,0,5,1,73,,74144,23,0,5,1,35,,74148,23,0,5,1,75,,74145,23,0,5,1,602,,74153,23,0,5,2,26,,74150,23,0,5,1,80,,74154,23,0,5,2,26,,74151,23,0,5,1,79,,74155,23,0,5,2,73,,74152,23,0,5,1,40,,74156,23,0,5,2,80,,74149,23,0,5,1
40104,'H60J000S-98-S',553,,76170,23,0,22 86,1,79,,76173,23,0,22 86,2,21,,76175,23,0,22 86,1,51,,76171,23,0,22 86,1,17,,76177,23,0,22 86,2,17,,76174,23,0,22 86,2,15,,76176,23,0,22 86,1,64,,76172,23,0,22 86,2,12,,76178,23,0,22 86,2,774,,76179,14,0,22 87,2,106,,76180,14,0,22 87,1,40,,76169,14,0,22 87,1,77,,76181,14,0,22 87,1
40104,'H60JV00S-98-S',553,,76185,23,0,22 86,1,79,,76188,23,0,22 86,2,21,,76190,23,0,22 86,1,51,,76186,23,0,22 86,1,17,,76192,23,0,22 86,2,17,,76189,23,0,22 86,2,15,,76191,23,0,22 86,1,64,,76187,23,0,22 86,2,12,,76193,23,0,22 86,2,774,,76194,14,0,22 87,2,106,,76183,14,0,22 87,1,40,,76182,14,0,22 87,1,77,,76184,14,0,22 87,1
