42804,'H54J000S-83-S',1520,,76846,23,0,9,1,29,,76845,23,0,9,1,71,,76843,23,0,9,2,30,,76849,23,0,9,1,69,,76847,23,0,9,2,29,,76850,23,0,9,1,72,,76844,23,0,9,2,30,,76848,23,0,9,1
42804,'H54JV00S-80-S',1520,,76856,23,0,9,1,29,,76851,23,0,9,1,71,,76854,23,0,9,1,30,,76855,23,0,9,1,69,,76858,23,0,9,2,29,,76852,23,0,9,1,72,,76853,23,0,9,2,30,,76857,23,0,9,1
42804,'H59J000S-81-S',1916,,76859,23,0,9,1
42804,'H59JV00S-83-S',1916,,76860,23,0,9,1
44904,'H54J000S-83-S',550,,79293,33,0,9,2,50,,79294,33,0,9,2,10,,79296,33,0,9,1,20,,79300,33,0,9,2,9,,79302,33,0,9,2,10,,79305,33,0,9,2,9,,79306,33,0,9,2,49,,79286,33,0,9,1,23,,79311,33,0,9,2,7,,79295,33,0,9,2,8,,79301,33,0,9,2,8,,79312,33,0,9,2,49,,79317,33,0,9,2,9,,79304,33,0,9,2,12,,79303,33,0,9,2,12,,79297,33,0,9,1,22,,79287,33,0,9,1,62,,79316,33,0,9,2,21,,79285,33,0,9,1,63,,79318,33,0,9,1,22,,79298,33,0,9,1,23,,79288,33,0,9,1,64,,79307,33,0,9,2,28,,79313,33,0,9,2,69,,79319,33,0,9,1,30,,79299,33,0,9,1,68,,79308,33,0,9,2,28,,79314,33,0,9,2,68,,79320,33,0,9,1,27,,79292,33,0,9,2,26,,79309,33,0,9,2,67,,79315,33,0,9,2,26,,79321,33,0,9,1,63,,79323,33,0,9,2,88,,79329,33,0,9,1,28,,79326,33,0,9,1,28,,79322,33,0,9,1,67,,79310,33,0,9,1,30,,79289,33,0,9,1,70,,79327,33,0,9,1,29,,79324,33,0,9,1,69,,79330,33,0,9,1,30,,79290,33,0,9,1,70,,79328,33,0,9,1,31,,79325,33,0,9,1,70,,79291,33,0,9,1
44904,'H54JV00S-80-S',550,,79344,33,0,9,1,50,,79345,33,0,9,2,10,,79350,33,0,9,1,20,,79355,33,0,9,1,9,,79357,33,0,9,2,10,,79359,33,0,9,2,9,,79360,33,0,9,2,49,,79334,33,0,9,1,23,,79365,33,0,9,2,7,,79346,33,0,9,2,8,,79356,33,0,9,2,8,,79366,33,0,9,2,49,,79368,33,0,9,2,9,,79332,33,0,9,1,12,,79358,33,0,9,2,12,,79351,33,0,9,1,22,,79335,33,0,9,1,62,,79367,33,0,9,2,21,,79333,33,0,9,1,63,,79331,33,0,9,1,22,,79352,33,0,9,1,23,,79336,33,0,9,1,64,,79362,33,0,9,1,28,,79347,33,0,9,2,69,,79340,33,0,9,1,30,,79353,33,0,9,1,68,,79363,33,0,9,1,28,,79348,33,0,9,2,68,,79341,33,0,9,1,27,,79354,33,0,9,1,26,,79364,33,0,9,1,67,,79349,33,0,9,2,26,,79342,33,0,9,1,63,,79343,33,0,9,1,88,,79375,33,0,9,1,28,,79372,33,0,9,1,28,,79369,33,0,9,1,67,,79361,33,0,9,1,30,,79337,33,0,9,1,70,,79373,33,0,9,1,29,,79370,33,0,9,1,69,,79376,33,0,9,1,30,,79338,33,0,9,1,70,,79374,33,0,9,1,31,,79371,33,0,9,1,70,,79339,33,0,9,1
44904,'H57J000S-81-S',714,,79377,33,0,9,1,9,,79378,33,0,9,2,912,,79379,33,0,9,2
44904,'H57JV00S-83-S',714,,79380,33,0,9,1,9,,79381,33,0,9,1,912,,79382,33,0,9,1
44904,'H58J000S-81-S',620,,79383,33,0,9,2
44904,'H58J000S-83-S',620,,79384,33,0,9,2
44904,'H58JV00S-82-S',620,,79385,33,0,9,2
