21500,'H60M000A-71-A',536,,152700,10,,,1,64,,152712,10,,,2,25,,152699,10,,,1,26,,152734,10,,,1,66,,152726,10,,,2,28,,152735,10,,,1,69,,152701,10,,,2,28,,152713,10,,,1,68,,152737,10,,,2,29,,152704,10,,,2,68,,152702,10,,,2,28,,152714,10,,,1,69,,152736,10,,,2,28,,152705,10,,,2,27,,152703,10,,,2,69,,152715,10,,,1,29,,152738,10,,,2,67,,152706,10,,,2,27,,152723,10,,,1,68,,152716,10,,,1,27,,152739,10,,,2,68,,152707,10,,,2,25,,152724,10,,,1,20,,152728,10,,,1,59,,152717,10,,,1,17,,152740,10,,,2,16,,152742,10,,,2,59,,152708,10,,,2,19,,152725,10,,,1,22,,152729,10,,,1,65,,152718,10,,,1,24,,152722,10,,,1,64,,152741,10,,,1,24,,152730,10,,,1,31,,152719,10,,,1,72,,152709,10,,,2,71,,152731,10,,,1,31,,152720,10,,,1,71,,152710,10,,,2,31,,152732,10,,,1,71,,152721,10,,,1,31,,152711,10,,,2,67,,152733,10,,,1,24,,152727,10,,,1
21500,'H60M000I-71-I',536,,152746,10,,,2,69,,152759,10,,,1,30,,152768,10,,,1,71,,152747,10,,,2,30,,152753,10,,,2,70,,152769,10,,,1,31,,152748,10,,,2,70,,152754,10,,,2,32,,152770,10,,,1,71,,152749,10,,,2,31,,152755,10,,,2,72,,152771,10,,,1,31,,152751,10,,,2,69,,152743,10,,,1,28,,152758,10,,,2,69,,152772,10,,,1,29,,152750,10,,,2,69,,152744,10,,,1,29,,152756,10,,,2,70,,152773,10,,,1,30,,152752,10,,,2,70,,152745,10,,,1,30,,152757,10,,,2,70,,152780,10,,,1,31,,152778,10,,,1,71,,152774,10,,,1,32,,152767,10,,,1,73,,152779,10,,,1,29,,152775,10,,,1,70,,152760,10,,,1,30,,152764,10,,,2,70,,152776,10,,,1,30,,152761,10,,,1,70,,152765,10,,,2,29,,152777,10,,,1,69,,152763,10,,,1,25,,152781,10,,,2,18,,152766,10,,,2,82,,152762,10,,,1
21500,'H60M000S-71-S',506,,152785,10,,,1,30,,152796,10,,,2,70,,152806,10,,,2,26,,152811,10,,,2,24,,152793,10,,,1,64,,152807,10,,,1,25,,152813,10,,,2,68,,152789,10,,,1,31,,152801,10,,,1,71,,152797,10,,,2,30,,152783,10,,,2,67,,152790,10,,,1,27,,152808,10,,,1,67,,152798,10,,,2,31,,152784,10,,,2,68,,152791,10,,,1,28,,152809,10,,,1,68,,152799,10,,,2,20,,152816,10,,,1,16,,152810,10,,,1,16,,152782,10,,,1,56,,152794,10,,,1,12,,152812,10,,,1,12,,152802,10,,,1,12,,152786,10,,,1,12,,152805,10,,,1,53,,152800,10,,,2,11,,152817,10,,,1,14,,152792,10,,,1,17,,152819,10,,,1,57,,152823,10,,,1,18,,152803,10,,,1,22,,152787,10,,,1,62,,152829,10,,,2,22,,152788,10,,,1,21,,152828,10,,,2,63,,152824,10,,,1,26,,152820,10,,,1,68,,152830,10,,,2,27,,152804,10,,,1,72,,152825,10,,,1,33,,152821,10,,,1,73,,152815,10,,,1,32,,152826,10,,,1,72,,152818,10,,,1,32,,152814,10,,,1,70,,152827,10,,,1,29,,152795,10,,,1,85,,152822,10,,,1
21500,'H60M100F-71-F1',536,,152834,10,,,1,69,,152850,10,,,2,30,,152841,10,,,1,71,,152835,10,,,1,30,,152851,10,,,2,70,,152842,10,,,1,31,,152836,10,,,1,70,,152852,10,,,2,32,,152843,10,,,1,71,,152837,10,,,1,31,,152853,10,,,2,72,,152844,10,,,1,31,,152838,10,,,1,69,,152831,10,,,2,28,,152854,10,,,2,69,,152845,10,,,1,29,,152839,10,,,1,69,,152832,10,,,2,29,,152855,10,,,2,70,,152846,10,,,1,30,,152840,10,,,1,70,,152833,10,,,2,30,,152856,10,,,2,70,,152847,10,,,1,31,,152862,10,,,1,71,,152859,10,,,1,32,,152858,10,,,1,73,,152863,10,,,1,29,,152860,10,,,1,70,,152864,10,,,1,30,,152869,10,,,1,70,,152861,10,,,1,30,,152865,10,,,1,70,,152848,10,,,1,29,,152868,10,,,1,69,,152866,10,,,1,25,,152857,10,,,2,18,,152849,10,,,1,82,,152867,10,,,1
21500,'H60M200F-71-F2',536,,152892,10,,,1,69,,152884,10,,,2,30,,152899,10,,,1,71,,152893,10,,,1,30,,152885,10,,,2,70,,152900,10,,,1,31,,152894,10,,,1,70,,152887,10,,,2,32,,152901,10,,,1,71,,152895,10,,,1,31,,152886,10,,,2,72,,152902,10,,,1,31,,152896,10,,,1,69,,152871,10,,,2,28,,152888,10,,,2,69,,152903,10,,,1,29,,152897,10,,,1,69,,152872,10,,,2,29,,152889,10,,,2,70,,152904,10,,,1,30,,152898,10,,,1,70,,152873,10,,,2,30,,152890,10,,,2,70,,152905,10,,,1,31,,152879,10,,,1,71,,152906,10,,,1,32,,152881,10,,,1,73,,152880,10,,,1,29,,152907,10,,,1,70,,152874,10,,,1,30,,152878,10,,,1,70,,152908,10,,,1,30,,152875,10,,,1,70,,152882,10,,,1,29,,152870,10,,,1,69,,152876,10,,,1,25,,152891,10,,,2,18,,152883,10,,,1,82,,152877,10,,,1
21500,'H60M300F-71-F3',536,,152912,10,,,2,69,,152931,10,,,1,30,,152919,10,,,1,71,,152913,10,,,2,30,,152932,10,,,1,70,,152920,10,,,1,31,,152914,10,,,2,70,,152933,10,,,1,32,,152921,10,,,1,71,,152916,10,,,2,31,,152934,10,,,1,72,,152922,10,,,1,31,,152915,10,,,2,69,,152943,10,,,2,28,,152935,10,,,1,69,,152923,10,,,1,29,,152917,10,,,2,69,,152944,10,,,2,29,,152936,10,,,1,70,,152924,10,,,1,30,,152918,10,,,2,70,,152945,10,,,2,30,,152937,10,,,1,70,,152925,10,,,1,31,,152929,10,,,1,71,,152926,10,,,1,32,,152938,10,,,1,73,,152930,10,,,1,29,,152927,10,,,1,70,,152940,10,,,1,30,,152947,10,,,1,70,,152928,10,,,1,30,,152910,10,,,1,70,,152941,10,,,2,29,,152939,10,,,1,69,,152909,10,,,1,25,,152946,10,,,1,18,,152942,10,,,2,82,,152911,10,,,1
22500,'H50M000S-70-S',1657,,153737,10,,,1
22500,'H60M000S-71-S',622,,153740,10,,,1,32,,153746,10,,,2,72,,153750,10,,,2,32,,153752,10,,,1,70,,153741,10,,,1,28,,153739,10,,,1,69,,153743,10,,,1,600,,153747,10,,,1,21,,153738,10,,,1,9,,153759,10,,,2,49,,153760,10,,,2,9,,153753,10,,,1,9,,153751,10,,,1,8,,153744,10,,,1,9,,153756,10,,,1,8,,153755,10,,,2,62,,153758,10,,,1,15,,153748,10,,,1,18,,153742,10,,,2,64,,153749,10,,,1,21,,153745,10,,,1,25,,153757,10,,,2,466,,153754,10,,,1
22500,'H60M100F-71-F1',622,,153766,10,,,1,32,,153763,10,,,2,72,,153764,10,,,1,32,,153762,10,,,1,70,,153767,10,,,1,28,,153773,10,,,1,69,,153765,10,,,1,600,,153768,10,,,1,32,,153769,10,,,1,70,,153770,10,,,1,31,,153772,10,,,1,69,,153774,10,,,2,30,,153776,10,,,2,68,,153771,10,,,1,27,,153775,10,,,1,466,,153761,10,,,1
22500,'H60M200F-71-F2',622,,153789,10,,,1,32,,153791,10,,,2,72,,153782,10,,,1,32,,153777,10,,,1,70,,153790,10,,,1,28,,153788,10,,,1,69,,153783,10,,,1,600,,153787,10,,,1,32,,153779,10,,,1,70,,153780,10,,,1,31,,153785,10,,,1,69,,153786,10,,,2,30,,153792,10,,,2,68,,153781,10,,,1,27,,153784,10,,,1,466,,153778,10,,,1
