1003,'H59J000A-80-A',553,,1,11,0,8,1,67,,4,11,0,8,1,30,,2,11,0,8,1,69,,5,11,0,8,1,29,,3,11,0,8,1,70,,6,11,0,8,1,29,,15,11,0,8,1,67,,26,11,0,8,2,26,,7,11,0,8,1,66,,16,11,0,8,1,25,,27,11,0,8,2,26,,8,11,0,8,1,66,,17,11,0,8,1,28,,28,11,0,8,2,68,,9,11,0,8,1,28,,18,11,0,8,1,68,,29,11,0,8,2,27,,10,11,0,8,1,66,,19,11,0,8,1,30,,30,11,0,8,2,71,,11,11,0,8,1,30,,20,11,0,8,1,66,,31,11,0,8,2,27,,12,11,0,8,1,69,,21,11,0,8,1,30,,32,11,0,8,2,27,,13,11,0,8,1,68,,22,11,0,8,1,29,,33,11,0,8,2,68,,14,11,0,8,1,28,,23,11,0,8,1,73,,34,11,0,8,2,33,,24,11,0,8,1,72,,35,11,0,8,2,71,,25,11,0,8,1,33,,36,11,0,8,2,68,,41,11,0,8,1,32,,37,11,0,8,2,69,,42,11,0,8,1,30,,38,11,0,8,2,69,,43,11,0,8,1,29,,39,11,0,8,2,18,,40,11,0,8,1
1003,'H59J000I-80-I',553,,44,11,0,8,1,67,,48,11,0,8,2,28,,45,11,0,8,1,70,,49,11,0,8,2,28,,46,11,0,8,1,69,,50,11,0,8,2,30,,47,11,0,8,1,70,,51,11,0,8,2,29,,57,11,0,8,1,70,,71,11,0,8,1,30,,52,11,0,8,2,70,,58,11,0,8,1,30,,72,11,0,8,1,70,,53,11,0,8,2,30,,59,11,0,8,1,66,,73,11,0,8,1,31,,54,11,0,8,2,68,,60,11,0,8,1,28,,74,11,0,8,1,68,,55,11,0,8,2,28,,70,11,0,8,2,70,,75,11,0,8,1,30,,56,11,0,8,2,71,,61,11,0,8,1,33,,76,11,0,8,1,73,,62,11,0,8,1,32,,77,11,0,8,1,72,,63,11,0,8,1,29,,78,11,0,8,1,71,,64,11,0,8,1,29,,79,11,0,8,1,70,,65,11,0,8,1,28,,80,11,0,8,1,68,,66,11,0,8,1,28,,81,11,0,8,1,68,,67,11,0,8,1,27,,82,11,0,8,1,27,,68,11,0,8,1,66,,83,11,0,8,1,25,,69,11,0,8,1,66,,84,11,0,8,1
1003,'H59J000S-81-S',554,,85,11,0,8,1,68,,91,11,0,8,1,35,,114,11,0,8,2,74,,86,11,0,8,1,28,,92,11,0,8,1,73,,115,11,0,8,1,70,,87,11,0,8,1,26,,93,11,0,8,1,29,,116,11,0,8,1,68,,88,11,0,8,1,31,,94,11,0,8,1,68,,103,11,0,8,2,28,,89,11,0,8,1,68,,95,11,0,8,1,28,,104,11,0,8,2,67,,90,11,0,8,1,28,,96,11,0,8,1,69,,105,11,0,8,2,32,,124,11,0,8,2,72,,97,11,0,8,1,31,,106,11,0,8,2,72,,125,11,0,8,2,33,,98,11,0,8,1,71,,107,11,0,8,2,33,,117,11,0,8,1,66,,99,11,0,8,1,31,,108,11,0,8,2,64,,118,11,0,8,1,26,,100,11,0,8,1,66,,109,11,0,8,2,28,,119,11,0,8,1,68,,101,11,0,8,1,29,,110,11,0,8,2,69,,120,11,0,8,1,28,,102,11,0,8,1,26,,111,11,0,8,2,70,,121,11,0,8,1,30,,112,11,0,8,2,67,,122,11,0,8,1,29,,113,11,0,8,2,65,,123,11,0,8,1
1003,'H59JV00A-80-A',553,,166,11,0,8,1,67,,126,11,0,8,1,30,,167,11,0,8,1,69,,127,11,0,8,1,29,,168,11,0,8,1,70,,128,11,0,8,1,29,,137,11,0,8,1,67,,148,11,0,8,2,26,,129,11,0,8,1,66,,138,11,0,8,1,25,,149,11,0,8,2,26,,130,11,0,8,1,66,,139,11,0,8,1,28,,150,11,0,8,2,68,,131,11,0,8,1,28,,140,11,0,8,1,68,,151,11,0,8,2,27,,132,11,0,8,1,66,,141,11,0,8,1,30,,152,11,0,8,2,71,,133,11,0,8,1,30,,142,11,0,8,1,66,,153,11,0,8,2,27,,134,11,0,8,1,69,,143,11,0,8,1,30,,154,11,0,8,2,27,,135,11,0,8,1,68,,144,11,0,8,1,29,,155,11,0,8,2,68,,136,11,0,8,1,28,,145,11,0,8,1,73,,156,11,0,8,2,33,,146,11,0,8,1,72,,157,11,0,8,2,71,,147,11,0,8,1,33,,158,11,0,8,2,68,,162,11,0,8,1,32,,159,11,0,8,2,69,,163,11,0,8,1,30,,160,11,0,8,2,69,,164,11,0,8,1,29,,161,11,0,8,2,18,,165,11,0,8,1
1003,'H59JV00I-80-I',553,,206,11,0,8,1,67,,169,11,0,8,2,28,,207,11,0,8,1,70,,170,11,0,8,2,28,,208,11,0,8,1,69,,171,11,0,8,2,30,,209,11,0,8,1,70,,172,11,0,8,2,29,,178,11,0,8,1,70,,191,11,0,8,1,30,,173,11,0,8,2,70,,179,11,0,8,1,30,,192,11,0,8,1,70,,174,11,0,8,2,30,,180,11,0,8,1,66,,193,11,0,8,1,31,,175,11,0,8,2,68,,181,11,0,8,1,28,,194,11,0,8,1,68,,176,11,0,8,2,28,,205,11,0,8,2,70,,195,11,0,8,1,30,,177,11,0,8,2,71,,182,11,0,8,1,33,,196,11,0,8,1,73,,183,11,0,8,1,32,,197,11,0,8,1,72,,184,11,0,8,1,29,,198,11,0,8,1,71,,185,11,0,8,1,29,,199,11,0,8,1,70,,186,11,0,8,1,28,,200,11,0,8,1,68,,187,11,0,8,1,28,,201,11,0,8,1,68,,188,11,0,8,1,27,,202,11,0,8,1,27,,189,11,0,8,1,66,,203,11,0,8,1,25,,190,11,0,8,1,66,,204,11,0,8,1
1003,'H59JV00S-83-S',554,,244,11,0,8,1,68,,210,11,0,8,1,35,,250,11,0,8,2,74,,245,11,0,8,1,28,,211,11,0,8,1,73,,242,11,0,8,1,70,,246,11,0,8,1,26,,212,11,0,8,1,29,,243,11,0,8,1,68,,247,11,0,8,1,31,,213,11,0,8,1,68,,222,11,0,8,2,28,,248,11,0,8,1,68,,214,11,0,8,1,28,,223,11,0,8,2,67,,249,11,0,8,1,28,,215,11,0,8,1,69,,224,11,0,8,2,32,,240,11,0,8,2,72,,216,11,0,8,1,31,,225,11,0,8,2,72,,241,11,0,8,2,33,,217,11,0,8,1,71,,226,11,0,8,2,33,,233,11,0,8,1,66,,218,11,0,8,1,31,,227,11,0,8,2,64,,234,11,0,8,1,26,,219,11,0,8,1,66,,228,11,0,8,2,28,,235,11,0,8,1,68,,220,11,0,8,1,29,,229,11,0,8,2,69,,236,11,0,8,1,28,,221,11,0,8,1,26,,230,11,0,8,2,70,,237,11,0,8,1,30,,231,11,0,8,2,67,,238,11,0,8,1,29,,232,11,0,8,2,65,,239,11,0,8,1
44501,'H51J000S-80-S',1603,,79073,22,0,5,1,20,,79075,22,0,5,2,82,,79077,22,0,5,1,42,,79074,22,0,5,1,77,,79076,22,0,5,2,19,,79071,22,0,5,1,60,,79072,22,0,5,1
44501,'H51JV00S-84-S',1603,,79080,22,0,5,1,20,,79082,22,0,5,2,82,,79084,22,0,5,1,42,,79081,22,0,5,1,77,,79083,22,0,5,2,19,,79078,22,0,5,1,60,,79079,22,0,5,1
44501,'H59J000S-81-S',1645,,79087,22,0,5,2,81,,79085,22,0,5,2,80,,79086,22,0,5,1
44501,'H59JV00S-83-S',1645,,79090,22,0,5,2,81,,79088,22,0,5,2,80,,79089,22,0,5,1
