1403,'H57M000A-70-A',819,,87854,6,0,8,1,90,,87855,6,0,8,1,50,,87842,6,0,8,1,90,,87843,6,0,8,1,90,,87844,6,0,8,1,90,,87845,6,0,8,1,91,,87846,6,0,8,1,91,,87847,6,0,8,1,91,,87848,6,0,8,1,52,,87849,6,0,8,1,92,,87850,6,0,8,1,92,,87851,6,0,8,1,92,,87852,6,0,8,1,92,,87853,6,0,8,1
1403,'H57M000I-70-I',909,,87856,6,0,8,1,91,,87857,6,0,8,1,50,,87858,6,0,8,1,91,,87859,6,0,8,1,92,,87860,6,0,8,1,92,,87861,6,0,8,1,91,,87862,6,0,8,1,91,,87863,6,0,8,1,51,,87864,6,0,8,1,91,,87865,6,0,8,1,91,,87866,6,0,8,1,91,,87867,6,0,8,1,91,,87868,6,0,8,1
1403,'H57M000S-70-S',635,,87869,6,0,8,1,22,,87880,6,0,8,2,62,,87872,6,0,8,1,22,,87870,6,0,8,1,65,,87881,6,0,8,2,25,,87873,6,0,8,1,24,,87871,6,0,8,1,67,,87882,6,0,8,2,32,,87874,6,0,8,1,73,,87883,6,0,8,1,29,,87875,6,0,8,1,67,,87884,6,0,8,1,27,,87876,6,0,8,1,67,,87885,6,0,8,1,27,,87877,6,0,8,1,67,,87886,6,0,8,1,29,,87878,6,0,8,1,70,,87887,6,0,8,1,30,,87879,6,0,8,1,67,,87891,6,0,8,2,22,,87888,6,0,8,1,20,,87895,6,0,8,1,69,,87892,6,0,8,2,24,,87889,6,0,8,1,67,,87896,6,0,8,1,26,,87893,6,0,8,2,66,,87890,6,0,8,1,26,,87897,6,0,8,1,73,,87894,6,0,8,2,32,,87898,6,0,8,1
1403,'H57M100F-70-F1',909,,87899,6,0,8,1,91,,87900,6,0,8,1,50,,87901,6,0,8,1,91,,87902,6,0,8,1,92,,87903,6,0,8,1,92,,87904,6,0,8,1,91,,87905,6,0,8,1,91,,87906,6,0,8,1,51,,87907,6,0,8,1,91,,87908,6,0,8,1,91,,87909,6,0,8,1,91,,87910,6,0,8,1,91,,87911,6,0,8,1
1403,'H57M200F-70-F2',909,,87912,6,0,8,1,91,,87913,6,0,8,1,50,,87914,6,0,8,1,91,,87915,6,0,8,1,92,,87916,6,0,8,1,92,,87917,6,0,8,1,91,,87918,6,0,8,1,91,,87919,6,0,8,1,51,,87923,6,0,8,1,91,,87924,6,0,8,1,91,,87920,6,0,8,1,91,,87921,6,0,8,1,91,,87922,6,0,8,1
1403,'H57M300F-70-F3',909,,87925,6,0,8,1,91,,87926,6,0,8,1,50,,87927,6,0,8,1,91,,87928,6,0,8,1,92,,87929,6,0,8,1,92,,87930,6,0,8,1,91,,87931,6,0,8,1,91,,87932,6,0,8,1,51,,87933,6,0,8,1,91,,87934,6,0,8,1,91,,87935,6,0,8,1,91,,87936,6,0,8,1,91,,87937,6,0,8,1
36103,'H51M000A-70-A',2511,,154549,9,0,8,1,9,,154577,9,0,8,2,10,,154554,9,0,8,1,10,,154563,9,0,8,1,5,,154550,9,0,8,2,6,,154558,9,0,8,1,5,,154568,9,0,8,1,45,,154552,9,0,8,1,4,,154546,9,0,8,1,6,,154566,9,0,8,1,7,,154578,9,0,8,2,9,,154573,9,0,8,1,5,,154576,9,0,8,1,5,,154571,9,0,8,1,6,,154557,9,0,8,1,5,,154570,9,0,8,1,5,,154556,9,0,8,1,3,,154561,9,0,8,1,3,,154575,9,0,8,1,43,,154579,9,0,8,1,4,,154564,9,0,8,1,4,,154551,9,0,8,2,4,,154559,9,0,8,1,4,,154555,9,0,8,1,5,,154569,9,0,8,1,6,,154547,9,0,8,1,6,,154567,9,0,8,1,6,,154548,9,0,8,1,4,,154553,9,0,8,1,9,,154574,9,0,8,1,50,,154572,9,0,8,1,10,,154565,9,0,8,2,11,,154562,9,0,8,1,14,,154560,9,0,8,1
36103,'H51M000I-70-I',2452,,154581,9,0,8,1,68,,154584,9,0,8,2,22,,154580,9,0,8,1,80,,154582,9,0,8,1,85,,154585,9,0,8,2,45,,154583,9,0,8,1,85,,154586,9,0,8,2
36103,'H51M000S-70-S',2452,,154592,9,0,8,1,63,,154591,9,0,8,1,16,,154602,3,0,8,2,1,,154597,9,0,8,2,17,,154599,9,0,8,2,51,,154587,9,0,8,1,15,,154601,9,0,8,2,13,,154593,9,0,8,1,14,,154588,9,0,8,1,11,,154595,9,0,8,1,48,,154589,9,0,8,1,7,,154596,9,0,8,1,13,,154598,9,0,8,2,8,,154600,9,0,8,2,23,,154594,9,0,8,1,85,,154590,9,0,8,1
36103,'H51M000S-70-SV',2458,,154603,9,0,8,2,45,,154606,9,0,8,2,7,,154607,9,0,8,2,11,,154609,9,0,8,2,6,,154611,9,0,8,2,11,,154612,9,0,8,2,5,,154613,9,0,8,2,9,,154614,9,0,8,2,4,,154616,9,0,8,2,48,,154617,9,0,8,2,6,,154619,9,0,8,2,12,,154604,9,0,8,2,10,,154608,9,0,8,2,14,,154610,9,0,8,2,68,,154615,9,0,8,2,19,,154620,9,0,8,2,4,,154618,9,0,8,2,9,,154605,9,0,8,2
36103,'H51M100F-70-F1',2452,,154622,9,0,8,1,68,,154625,9,0,8,2,22,,154621,9,0,8,1,80,,154623,9,0,8,1,85,,154626,9,0,8,2,45,,154624,9,0,8,1,85,,154627,9,0,8,2
36103,'H51M200F-70-F2',2452,,154629,9,0,8,1,68,,154632,9,0,8,2,22,,154628,9,0,8,1,80,,154630,9,0,8,1,85,,154633,9,0,8,2,45,,154631,9,0,8,1,85,,154634,9,0,8,2
36103,'H51M300F-70-F3',2452,,154636,9,0,8,1,68,,154639,9,0,8,2,22,,154635,9,0,8,1,80,,154637,9,0,8,1,85,,154640,9,0,8,2,45,,154638,9,0,8,1,85,,154641,9,0,8,2
