18502,'H59U000A-80-A',531,,266002,20,0,10,1,73,,266010,20,0,10,1,33,,266011,20,0,10,1,76,,266012,20,0,10,1,32,,266003,20,0,10,1,72,,266004,20,0,10,1,31,,266013,20,0,10,1,71,,266014,20,0,10,2,31,,266005,20,0,10,1,72,,266018,20,0,10,1,31,,266015,20,0,10,2,73,,266006,20,0,10,1,75,,266019,20,0,10,1,31,,266016,20,0,10,2,69,,266027,20,0,10,1,29,,266007,20,0,10,1,29,,266030,20,0,10,2,68,,266020,20,0,10,1,27,,266028,20,0,10,1,68,,266008,20,0,10,1,29,,266031,20,0,10,2,69,,266021,20,0,10,1,30,,266029,20,0,10,1,69,,266009,20,0,10,1,28,,266032,20,0,10,2,69,,266022,20,0,10,1,29,,266017,20,0,10,2,68,,266033,20,0,10,1,27,,265998,20,0,10,2,71,,266023,20,0,10,1,31,,266034,20,0,10,1,71,,265999,20,0,10,2,31,,266024,20,0,10,1,70,,266035,20,0,10,1,30,,266000,20,0,10,2,71,,266025,20,0,10,1,30,,266036,20,0,10,1,70,,266001,20,0,10,2,28,,266026,20,0,10,1
18502,'H59U000I-80-I',531,,266037,20,0,10,1,71,,266049,20,0,10,2,29,,266061,20,0,10,1,70,,266038,20,0,10,1,30,,266050,20,0,10,2,69,,266062,20,0,10,1,31,,266039,20,0,10,1,71,,266051,20,0,10,2,31,,266063,20,0,10,1,72,,266040,20,0,10,1,34,,266052,20,0,10,2,73,,266064,20,0,10,1,32,,266041,20,0,10,1,73,,266053,20,0,10,2,32,,266065,20,0,10,1,72,,266068,20,0,10,1,30,,266042,20,0,10,1,70,,266054,20,0,10,2,31,,266066,20,0,10,1,70,,266069,20,0,10,1,30,,266043,20,0,10,1,70,,266055,20,0,10,2,29,,266067,20,0,10,1,72,,266070,20,0,10,1,33,,266044,20,0,10,1,73,,266056,20,0,10,2,71,,266071,20,0,10,1,31,,266045,20,0,10,1,69,,266057,20,0,10,2,29,,266072,20,0,10,1,30,,266046,20,0,10,1,69,,266058,20,0,10,2,27,,266073,20,0,10,1,69,,266047,20,0,10,1,29,,266059,20,0,10,2,68,,266074,20,0,10,1,26,,266048,20,0,10,1,67,,266060,20,0,10,2,30,,266075,20,0,10,1
18502,'H59U000S-80-S',530,,266076,20,0,10,1,70,,266084,20,0,10,2,31,,266079,20,0,10,1,70,,266077,20,0,10,1,32,,266085,20,0,10,2,70,,266083,20,0,10,2,29,,266088,20,0,10,1,70,,266078,20,0,10,1,31,,266081,20,0,10,1,70,,266107,20,0,10,1,30,,266089,20,0,10,1,70,,266116,20,0,10,1,29,,266082,20,0,10,1,69,,266108,20,0,10,1,28,,266090,20,0,10,1,29,,266117,20,0,10,1,67,,266098,20,0,10,2,26,,266109,20,0,10,1,67,,266091,20,0,10,1,28,,266118,20,0,10,1,69,,266099,20,0,10,2,30,,266110,20,0,10,1,71,,266092,20,0,10,1,29,,266105,20,0,10,1,71,,266100,20,0,10,2,30,,266111,20,0,10,1,70,,266093,20,0,10,1,28,,266106,20,0,10,1,69,,266101,20,0,10,2,30,,266112,20,0,10,1,72,,266094,20,0,10,1,30,,266102,20,0,10,2,71,,266113,20,0,10,1,30,,266095,20,0,10,1,70,,266103,20,0,10,2,29,,266114,20,0,10,1,70,,266096,20,0,10,1,29,,266104,20,0,10,2,71,,266115,20,0,10,1,32,,266097,20,0,10,1
18502,'H59U100F-80-F1',531,,266119,20,0,10,1,71,,266131,20,0,10,2,29,,266143,20,0,10,1,70,,266120,20,0,10,1,30,,266132,20,0,10,2,69,,266144,20,0,10,1,31,,266121,20,0,10,1,71,,266133,20,0,10,2,31,,266145,20,0,10,1,72,,266122,20,0,10,1,34,,266134,20,0,10,2,73,,266146,20,0,10,1,32,,266123,20,0,10,1,73,,266135,20,0,10,2,32,,266147,20,0,10,1,72,,266150,20,0,10,1,30,,266124,20,0,10,1,70,,266136,20,0,10,2,31,,266148,20,0,10,1,70,,266151,20,0,10,1,30,,266125,20,0,10,1,70,,266137,20,0,10,2,29,,266149,20,0,10,1,72,,266152,20,0,10,1,33,,266126,20,0,10,1,73,,266138,20,0,10,2,71,,266153,20,0,10,1,31,,266127,20,0,10,1,69,,266139,20,0,10,2,29,,266154,20,0,10,1,30,,266128,20,0,10,1,69,,266140,20,0,10,2,27,,266155,20,0,10,1,69,,266129,20,0,10,1,29,,266141,20,0,10,2,68,,266156,20,0,10,1,26,,266130,20,0,10,1,67,,266142,20,0,10,2,30,,266157,20,0,10,1
18502,'H59U200F-80-F2',531,,266158,20,0,10,1,71,,266159,20,0,10,2,29,,266160,20,0,10,1,70,,266161,20,0,10,1,30,,266162,20,0,10,2,69,,266163,20,0,10,1,31,,266164,20,0,10,1,71,,266165,20,0,10,2,31,,266166,20,0,10,1,72,,266167,20,0,10,1,34,,266168,20,0,10,2,73,,266169,20,0,10,1,32,,266170,20,0,10,1,73,,266171,20,0,10,2,32,,266172,20,0,10,1,72,,266173,20,0,10,1,30,,266174,20,0,10,1,70,,266175,20,0,10,2,31,,266176,20,0,10,1,70,,266177,20,0,10,1,30,,266178,20,0,10,1,70,,266179,20,0,10,2,29,,266180,20,0,10,1,72,,266181,20,0,10,1,33,,266182,20,0,10,1,73,,266183,20,0,10,2,71,,266184,20,0,10,1,31,,266185,20,0,10,1,69,,266186,20,0,10,2,29,,266187,20,0,10,1,30,,266188,20,0,10,1,69,,266189,20,0,10,2,27,,266190,20,0,10,1,69,,266191,20,0,10,1,29,,266192,20,0,10,2,68,,266193,20,0,10,1,26,,266194,20,0,10,1,67,,266195,20,0,10,2,30,,266196,20,0,10,1
36402,'H54U000A-80-A',2506,,277474,34,0,10,1,45,,277476,34,0,10,1,86,,277473,34,0,10,1,85,,277472,34,0,10,1,85,,277477,34,0,10,1,39,,277475,34,0,10,1
36402,'H54U000I-80-I',2507,,277478,34,0,10,1,45,,277482,34,0,10,1,85,,277479,34,0,10,1,86,,277480,34,0,10,1,84,,277481,34,0,10,1
36402,'H54U000S-81-S',2507,,277484,34,0,10,1,46,,277487,34,0,10,2,84,,277485,34,0,10,1,86,,277483,34,0,10,1,84,,277486,34,0,10,2
36402,'H54U100F-80-F1',2507,,277488,34,0,10,1,45,,277492,34,0,10,1,85,,277489,34,0,10,1,86,,277490,34,0,10,1,84,,277491,34,0,10,1
36402,'H54U200F-82-F2',2507,,277497,34,0,10,1,45,,277495,34,0,10,2,85,,277494,34,0,10,1,86,,277493,34,0,10,2,84,,277496,34,0,10,1
37002,'H51U000A-83-A',2551,,277710,6,0,10,1,82,,277711,6,0,10,1,85,,277713,6,0,10,1,85,,277712,6,0,10,1,45,,277714,6,0,10,2
37002,'H51U000I-83-I',2503,,277719,6,0,10,1,45,,277715,6,0,10,2,85,,277717,6,0,10,1,85,,277720,6,0,10,1,85,,277716,6,0,10,2,45,,277718,6,0,10,1
37002,'H51U000S-83-S',2503,,277723,6,0,10,2,45,,277721,6,0,10,1,85,,277725,6,0,10,1,85,,277724,6,0,10,2,85,,277722,6,0,10,1,45,,277726,6,0,10,1
37002,'H51U100F-80-F1',2503,,277729,6,0,10,1,45,,277727,6,0,10,2,85,,277731,6,0,10,1,85,,277730,6,0,10,1,85,,277728,6,0,10,2,45,,277732,6,0,10,1
37002,'H51U200F-80-F2',2503,,277735,6,0,10,1,45,,277733,6,0,10,2,85,,277737,6,0,10,1,85,,277736,6,0,10,1,85,,277734,6,0,10,2,45,,277738,6,0,10,1
