18702,'H54U000A-80-A',459,,266909,24,0,10,1,71,,266920,24,0,10,1,71,,266924,24,0,10,1,31,,266910,24,0,10,2,70,,266921,24,0,10,1,29,,266925,24,0,10,1,23,,266911,24,0,10,2,60,,266922,24,0,10,1,17,,266933,24,0,10,2,18,,266923,24,0,10,1,57,,266934,24,0,10,1,19,,266903,24,0,10,1,20,,266936,24,0,10,2,60,,266917,24,0,10,1,20,,266935,24,0,10,1,20,,266939,24,0,10,2,60,,266912,24,0,10,2,20,,266918,24,0,10,1,21,,266940,24,0,10,2,62,,266904,24,0,10,1,21,,266913,24,0,10,2,20,,266928,24,0,10,2,60,,266905,24,0,10,1,20,,266941,24,0,10,2,21,,266914,24,0,10,2,60,,266906,24,0,10,1,19,,266929,24,0,10,2,20,,266948,24,0,10,1,65,,266915,24,0,10,2,27,,266907,24,0,10,1,68,,266949,24,0,10,1,28,,266916,24,0,10,2,71,,266908,24,0,10,1,32,,266951,24,0,10,2,72,,266946,24,0,10,1,31,,266930,24,0,10,2,70,,266950,24,0,10,1,30,,266947,24,0,10,1,71,,266931,24,0,10,2,32,,266942,24,0,10,1,72,,266926,24,0,10,1,30,,266937,24,0,10,1,68,,266943,24,0,10,1,30,,266927,24,0,10,1,71,,266938,24,0,10,1,31,,266944,24,0,10,1,71,,266932,24,0,10,1,31,,266919,24,0,10,1,72,,266945,24,0,10,1
18702,'H54U000I-80-I',455,,266955,24,0,10,1,73,,266962,24,0,10,1,74,,266956,24,0,10,1,31,,266963,24,0,10,1,70,,266975,24,0,10,2,33,,266957,24,0,10,1,65,,266980,24,0,10,1,20,,266976,24,0,10,2,21,,266958,24,0,10,1,65,,266978,24,0,10,1,27,,266981,24,0,10,1,23,,266977,24,0,10,2,63,,266979,24,0,10,1,19,,266964,24,0,10,1,19,,266982,24,0,10,1,67,,266974,24,0,10,2,28,,266965,24,0,10,1,69,,266961,24,0,10,2,22,,266960,24,0,10,1,61,,266988,24,0,10,1,21,,266991,24,0,10,2,29,,266952,24,0,10,2,69,,266989,24,0,10,1,31,,266966,24,0,10,1,71,,266953,24,0,10,2,32,,266990,24,0,10,1,73,,266967,24,0,10,1,73,,266954,24,0,10,2,33,,266995,24,0,10,1,73,,266968,24,0,10,1,33,,266959,24,0,10,1,72,,266983,24,0,10,1,27,,266969,24,0,10,1,68,,266992,24,0,10,1,28,,266984,24,0,10,1,67,,266970,24,0,10,1,27,,266993,24,0,10,1,27,,266985,24,0,10,1,67,,266971,24,0,10,1,26,,266994,24,0,10,1,73,,266986,24,0,10,1,32,,266972,24,0,10,1,73,,266987,24,0,10,1,73,,266973,24,0,10,1
18702,'H54U000S-81-S',458,,266997,24,0,10,1,54,,267005,24,0,10,1,15,,267007,24,0,10,1,15,,267018,24,0,10,2,15,,267019,24,0,10,1,55,,267020,24,0,10,1,12,,267022,24,0,10,1,11,,267036,24,0,10,1,11,,267037,24,0,10,2,10,,267038,24,0,10,2,51,,267043,24,0,10,2,12,,266996,24,0,10,1,12,,267044,24,0,10,2,12,,267047,24,0,10,2,12,,267023,24,0,10,1,50,,267049,24,0,10,1,10,,267006,24,0,10,1,10,,267039,24,0,10,2,11,,267045,24,0,10,2,9,,267048,24,0,10,2,10,,267012,24,0,10,2,50,,267035,24,0,10,2,11,,267050,24,0,10,1,10,,267024,24,0,10,1,10,,267046,24,0,10,2,12,,267040,24,0,10,2,58,,267000,24,0,10,1,18,,267013,24,0,10,2,20,,267025,24,0,10,1,60,,267001,24,0,10,1,19,,267041,24,0,10,2,21,,267014,24,0,10,2,61,,267008,24,0,10,1,20,,267026,24,0,10,1,20,,267042,24,0,10,2,56,,267051,24,0,10,2,15,,267015,24,0,10,2,16,,267053,24,0,10,2,17,,267009,24,0,10,1,57,,267027,24,0,10,1,17,,267052,24,0,10,2,24,,267016,24,0,10,2,64,,267054,24,0,10,2,26,,267028,24,0,10,1,69,,267055,24,0,10,2,29,,267010,24,0,10,1,69,,267029,24,0,10,1,28,,267017,24,0,10,2,70,,267011,24,0,10,1,31,,267030,24,0,10,1,69,,267002,24,0,10,1,30,,267057,24,0,10,2,70,,267031,24,0,10,1,27,,267003,24,0,10,1,28,,267058,24,0,10,2,69,,267032,24,0,10,1,29,,267004,24,0,10,1,71,,267056,24,0,10,1,31,,267033,24,0,10,1,70,,266998,24,0,10,1,32,,267021,24,0,10,1,73,,267034,24,0,10,1,69,,266999,24,0,10,1
18702,'H54U100F-80-F1',455,,267062,24,0,10,1,73,,267069,24,0,10,1,74,,267063,24,0,10,1,31,,267070,24,0,10,1,70,,267082,24,0,10,2,33,,267064,24,0,10,1,65,,267087,24,0,10,1,20,,267083,24,0,10,2,21,,267065,24,0,10,1,65,,267085,24,0,10,1,27,,267088,24,0,10,1,23,,267084,24,0,10,2,63,,267086,24,0,10,1,19,,267071,24,0,10,1,19,,267089,24,0,10,1,67,,267081,24,0,10,2,28,,267072,24,0,10,1,69,,267068,24,0,10,2,22,,267067,24,0,10,1,61,,267095,24,0,10,1,21,,267098,24,0,10,2,29,,267059,24,0,10,2,69,,267096,24,0,10,1,31,,267073,24,0,10,1,71,,267060,24,0,10,2,32,,267097,24,0,10,1,73,,267074,24,0,10,1,73,,267061,24,0,10,2,33,,267102,24,0,10,1,73,,267075,24,0,10,1,33,,267066,24,0,10,1,72,,267090,24,0,10,1,27,,267076,24,0,10,1,68,,267099,24,0,10,1,28,,267091,24,0,10,1,67,,267077,24,0,10,1,27,,267100,24,0,10,1,27,,267092,24,0,10,1,67,,267078,24,0,10,1,26,,267101,24,0,10,1,73,,267093,24,0,10,1,32,,267079,24,0,10,1,73,,267094,24,0,10,1,73,,267080,24,0,10,1
18702,'H54U200F-82-F2',455,,267106,24,0,10,1,73,,267114,24,0,10,1,74,,267107,24,0,10,1,31,,267129,24,0,10,2,70,,267127,24,0,10,2,33,,267125,24,0,10,1,65,,267120,24,0,10,1,20,,267128,24,0,10,2,21,,267126,24,0,10,1,65,,267112,24,0,10,2,27,,267121,24,0,10,1,23,,267132,24,0,10,1,63,,267113,24,0,10,2,19,,267130,24,0,10,1,19,,267122,24,0,10,1,67,,267133,24,0,10,1,28,,267131,24,0,10,1,69,,267123,24,0,10,1,22,,267139,24,0,10,2,61,,267134,24,0,10,1,21,,267137,24,0,10,1,29,,267103,24,0,10,1,69,,267135,24,0,10,1,31,,267138,24,0,10,1,71,,267104,24,0,10,1,32,,267136,24,0,10,1,73,,267140,24,0,10,1,73,,267105,24,0,10,1,33,,267124,24,0,10,1,73,,267141,24,0,10,1,33,,267116,24,0,10,1,72,,267108,24,0,10,1,27,,267142,24,0,10,1,68,,267117,24,0,10,1,28,,267109,24,0,10,1,67,,267143,24,0,10,1,27,,267118,24,0,10,1,27,,267110,24,0,10,1,67,,267144,24,0,10,1,26,,267119,24,0,10,1,73,,267111,24,0,10,1,32,,267145,24,0,10,1,73,,267115,24,0,10,2,73,,267146,24,0,10,1
36202,'H54U000A-80-A',2555,,277338,39,0,10,2,88,,277340,39,0,10,1,85,,277342,39,0,10,1,85,,277341,39,0,10,1,42,,277339,39,0,10,1
36202,'H54U000I-80-I',2556,,277344,39,0,10,1,85,,277347,39,0,10,1,85,,277343,39,0,10,1,85,,277345,39,0,10,1,45,,277346,39,0,10,2
36202,'H54U000S-81-S',2555,,277348,39,0,10,1,85,,277351,39,0,10,2,85,,277350,39,0,10,1,86,,277352,39,0,10,2,45,,277349,39,0,10,1
36202,'H54U100F-80-F1',2556,,277354,39,0,10,1,85,,277357,39,0,10,1,85,,277353,39,0,10,1,85,,277355,39,0,10,1,45,,277356,39,0,10,2
36202,'H54U200F-82-F2',2556,,277360,39,0,10,2,85,,277358,39,0,10,1,85,,277362,39,0,10,1,85,,277359,39,0,10,1,45,,277361,39,0,10,2
