19701,'H51M000A-70-A',541,,146859,20,,,1,71,,146872,20,,,1,31,,146860,20,,,1,70,,146877,20,,,2,29,,146885,20,,,2,69,,146861,20,,,1,27,,146878,20,,,2,67,,146886,20,,,2,27,,146862,20,,,1,26,,146879,20,,,2,58,,146893,20,,,2,18,,146887,20,,,2,18,,146894,20,,,2,58,,146863,20,,,1,18,,146880,20,,,2,17,,146895,20,,,2,57,,146888,20,,,2,16,,146896,20,,,2,16,,146864,20,,,1,16,,146897,20,,,2,56,,146881,20,,,2,17,,146901,20,,,2,17,,146889,20,,,2,18,,146898,20,,,2,58,,146865,20,,,1,18,,146882,20,,,2,18,,146890,20,,,2,58,,146902,20,,,2,20,,146899,20,,,2,20,,146866,20,,,1,63,,146883,20,,,2,23,,146891,20,,,2,23,,146900,20,,,2,62,,146867,20,,,1,26,,146884,20,,,2,67,,146903,20,,,2,27,,146868,20,,,1,65,,146873,20,,,1,27,,146855,20,,,1,67,,146869,20,,,1,27,,146874,20,,,1,27,,146856,20,,,1,66,,146870,20,,,1,27,,146875,20,,,1,68,,146857,20,,,1,28,,146871,20,,,1,69,,146876,20,,,1,33,,146858,20,,,1,69,,146904,20,,,1,35,,146892,20,,,1,76,,146905,20,,,1
19701,'H51M000I-70-I',540,,146909,20,,,2,71,,146906,20,,,1,32,,146910,20,,,2,72,,146907,20,,,1,32,,146911,20,,,2,72,,146908,20,,,1,33,,146912,20,,,2,73,,146920,20,,,1,22,,146921,20,,,2,62,,146922,20,,,2,27,,146913,20,,,2,68,,146918,20,,,1,27,,146923,20,,,2,27,,146914,20,,,2,67,,146919,20,,,1,20,,146931,20,,,1,60,,146924,20,,,2,18,,146941,20,,,1,20,,146915,20,,,2,65,,146932,20,,,1,28,,146925,20,,,2,68,,146916,20,,,2,28,,146933,20,,,1,27,,146926,20,,,2,68,,146917,20,,,2,28,,146934,20,,,1,69,,146927,20,,,2,29,,146947,20,,,2,69,,146935,20,,,1,29,,146928,20,,,2,68,,146942,20,,,1,29,,146936,20,,,1,69,,146929,20,,,2,29,,146943,20,,,1,69,,146937,20,,,1,32,,146930,20,,,2,71,,146944,20,,,1,33,,146938,20,,,1,73,,146945,20,,,1,32,,146939,20,,,1,71,,146946,20,,,1,30,,146940,20,,,1
19701,'H51M000S-70-S',510,,146949,20,,,1,42,,146954,20,,,1,71,,146950,20,,,1,23,,146966,20,,,2,9,,146963,20,,,2,48,,146960,20,,,2,15,,146969,20,,,2,6,,146975,20,,,2,7,,146955,20,,,1,5,,146956,20,,,1,4,,146990,1,,,1,4,,146976,20,,,2,6,,146951,20,,,1,7,,146968,20,,,2,52,,146977,20,,,2,5,,146971,20,,,2,9,,146967,20,,,2,9,,146964,20,,,2,10,,146961,20,,,2,11,,146970,20,,,2,51,,146965,20,,,1,9,,146991,20,,,1,11,,146948,20,,,1,12,,146997,20,,,2,15,,146978,20,,,2,56,,146952,20,,,1,18,,146962,20,,,2,20,,146992,20,,,1,60,,146979,20,,,2,20,,146958,20,,,1,20,,146953,20,,,1,60,,146998,20,,,2,20,,146993,20,,,1,20,,146980,20,,,2,60,,146983,20,,,1,20,,147001,20,,,2,20,,146999,20,,,2,60,,146994,20,,,1,22,,146981,20,,,2,20,,146984,20,,,1,62,,147002,20,,,2,20,,147000,20,,,2,20,,146995,20,,,1,61,,146982,20,,,2,21,,146985,20,,,1,20,,147003,20,,,2,59,,147004,20,,,2,20,,146996,20,,,1,20,,147008,20,,,2,64,,146986,20,,,1,29,,146972,20,,,1,68,,147005,20,,,2,29,,146987,20,,,1,69,,146973,20,,,1,29,,147006,20,,,1,70,,146988,20,,,1,30,,146974,20,,,1,70,,147007,20,,,1,30,,146989,20,,,1,73,,147009,20,,,2,34,,147010,20,,,2,75,,146959,20,,,1,37,,146957,20,,,1
19701,'H51M100F-70-F1',540,,147014,20,,,2,71,,147011,20,,,1,32,,147015,20,,,2,72,,147012,20,,,1,32,,147016,20,,,2,72,,147013,20,,,1,33,,147017,20,,,2,73,,147025,20,,,1,22,,147026,20,,,2,62,,147027,20,,,2,27,,147018,20,,,2,68,,147023,20,,,1,27,,147028,20,,,2,27,,147020,20,,,2,67,,147024,20,,,1,20,,147036,20,,,1,60,,147029,20,,,2,18,,147046,20,,,1,20,,147019,20,,,2,65,,147037,20,,,1,28,,147030,20,,,2,68,,147021,20,,,2,28,,147038,20,,,1,27,,147031,20,,,2,68,,147022,20,,,2,28,,147039,20,,,1,69,,147032,20,,,2,29,,147052,20,,,2,69,,147040,20,,,1,29,,147033,20,,,2,68,,147047,20,,,1,29,,147041,20,,,1,69,,147034,20,,,2,29,,147048,20,,,1,69,,147042,20,,,1,32,,147035,20,,,2,71,,147049,20,,,1,33,,147043,20,,,1,73,,147050,20,,,1,32,,147044,20,,,1,71,,147051,20,,,1,30,,147045,20,,,1
19701,'H51M200F-70-F2',540,,147056,20,,,2,71,,147053,20,,,1,32,,147057,20,,,2,72,,147054,20,,,1,32,,147058,20,,,2,72,,147055,20,,,1,33,,147059,20,,,2,73,,147067,20,,,1,22,,147068,20,,,2,62,,147069,20,,,2,27,,147060,20,,,2,68,,147065,20,,,1,27,,147070,20,,,2,27,,147061,20,,,2,67,,147066,20,,,1,20,,147078,20,,,1,60,,147071,20,,,2,18,,147088,20,,,1,20,,147062,20,,,2,65,,147079,20,,,1,28,,147072,20,,,2,68,,147063,20,,,2,28,,147080,20,,,1,27,,147073,20,,,2,68,,147064,20,,,2,28,,147081,20,,,1,69,,147074,20,,,2,29,,147094,20,,,2,69,,147082,20,,,1,29,,147075,20,,,2,68,,147089,20,,,1,29,,147083,20,,,1,69,,147076,20,,,2,29,,147090,20,,,1,69,,147084,20,,,1,32,,147077,20,,,2,71,,147091,20,,,1,33,,147086,20,,,1,73,,147092,20,,,1,32,,147085,20,,,1,71,,147093,20,,,1,30,,147087,20,,,1
19701,'H51M300F-70-F3',540,,147098,20,,,2,71,,147095,20,,,1,32,,147099,20,,,2,72,,147096,20,,,1,32,,147100,20,,,2,72,,147097,20,,,1,33,,147101,20,,,2,73,,147109,20,,,1,22,,147110,20,,,2,62,,147111,20,,,2,27,,147102,20,,,2,68,,147107,20,,,1,27,,147112,20,,,2,27,,147103,20,,,2,67,,147108,20,,,1,20,,147120,20,,,1,60,,147113,20,,,2,18,,147130,20,,,1,20,,147104,20,,,2,65,,147121,20,,,1,28,,147114,20,,,2,68,,147105,20,,,2,28,,147122,20,,,1,27,,147115,20,,,2,68,,147106,20,,,2,28,,147123,20,,,1,69,,147116,20,,,2,29,,147136,20,,,2,69,,147124,20,,,1,29,,147117,20,,,2,68,,147131,20,,,1,29,,147125,20,,,1,69,,147118,20,,,2,29,,147132,20,,,1,69,,147126,20,,,1,32,,147119,20,,,2,71,,147133,20,,,1,33,,147127,20,,,1,73,,147134,20,,,1,32,,147128,20,,,1,71,,147135,20,,,1,30,,147129,20,,,1
19701,'H57M000S-70-S',533,,147137,20,,,1,75,,147138,20,,,1,28,,147140,20,,,2,75,,147141,20,,,1,92,,147142,20,,,2,15,,147139,20,,,2
37001,'H51M000A-70-A',2603,,155156,27,,,1,42,,155157,27,,,1,85,,155159,27,,,1,84,,155158,27,,,1,45,,155160,27,,,2
37001,'H51M000I-70-I',2514,,155165,27,,,1,45,,155163,27,,,2,85,,155161,27,,,1,85,,155166,27,,,1,85,,155164,27,,,2,86,,155162,27,,,1
37001,'H51M000S-70-S',2514,,155171,27,,,2,45,,155169,27,,,1,85,,155167,27,,,1,85,,155172,27,,,2,85,,155170,27,,,1,87,,155168,27,,,1
37001,'H51M100F-70-F1',2514,,155177,27,,,1,45,,155175,27,,,2,85,,155173,27,,,1,85,,155178,27,,,1,85,,155176,27,,,2,86,,155174,27,,,1
37001,'H51M200F-70-F2',2514,,155183,27,,,1,45,,155181,27,,,2,85,,155179,27,,,1,85,,155184,27,,,1,85,,155182,27,,,2,86,,155180,27,,,1
37001,'H51M300F-70-F3',2514,,155189,27,,,1,45,,155187,27,,,2,85,,155185,27,,,1,85,,155190,27,,,1,85,,155188,27,,,2,86,,155186,27,,,1
