14002,'H51J000S-80-S',915,,49603,28,0,10,2
14002,'H51JV00S-84-S',915,,49604,28,0,10,2
14002,'H54J000S-83-S',516,,49605,28,0,10,2
14002,'H54JV00S-80-S',516,,49606,28,0,10,2
14002,'H58J000A-83-A',515,,49607,28,0,10,2,29,,49615,28,0,10,1,71,,49629,28,0,10,2,33,,49608,28,0,10,2,71,,49624,28,0,10,1,31,,49630,28,0,10,2,72,,49609,28,0,10,2,30,,49625,28,0,10,1,71,,49631,28,0,10,2,30,,49610,28,0,10,2,70,,49626,28,0,10,1,30,,49632,28,0,10,2,59,,49622,28,0,10,1,18,,49611,28,0,10,2,20,,49616,28,0,10,1,61,,49627,28,0,10,1,21,,49633,28,0,10,2,21,,49637,28,0,10,2,60,,49612,28,0,10,2,23,,49617,28,0,10,1,19,,49646,28,0,10,2,59,,49634,28,0,10,2,19,,49638,28,0,10,2,19,,49652,28,0,10,2,61,,49644,28,0,10,1,22,,49647,28,0,10,2,22,,49635,28,0,10,2,64,,49639,28,0,10,2,25,,49618,28,0,10,1,65,,49645,28,0,10,1,25,,49648,28,0,10,2,70,,49640,28,0,10,2,31,,49619,28,0,10,1,70,,49649,28,0,10,2,31,,49641,28,0,10,2,74,,49620,28,0,10,1,33,,49650,28,0,10,2,76,,49642,28,0,10,2,36,,49621,28,0,10,1,75,,49651,28,0,10,2,75,,49643,28,0,10,2,32,,49613,28,0,10,1,72,,49636,28,0,10,2,33,,49623,28,0,10,1,73,,49614,28,0,10,1,33,,49628,28,0,10,1
14002,'H58J000I-81-I',549,,49662,28,0,10,1,73,,49653,28,0,10,2,33,,49663,28,0,10,1,74,,49677,28,0,10,1,73,,49654,28,0,10,2,34,,49664,28,0,10,1,71,,49678,28,0,10,1,30,,49655,28,0,10,2,70,,49665,28,0,10,1,30,,49679,28,0,10,1,71,,49656,28,0,10,2,31,,49666,28,0,10,1,71,,49680,28,0,10,1,32,,49657,28,0,10,2,70,,49667,28,0,10,1,30,,49681,28,0,10,1,70,,49658,28,0,10,2,30,,49668,28,0,10,1,70,,49682,28,0,10,1,29,,49659,28,0,10,2,70,,49669,28,0,10,1,30,,49683,28,0,10,1,70,,49660,28,0,10,2,25,,49684,28,0,10,2,64,,49688,28,0,10,1,26,,49672,28,0,10,1,29,,49670,28,0,10,1,69,,49689,28,0,10,1,28,,49673,28,0,10,1,73,,49671,28,0,10,1,33,,49690,28,0,10,1,73,,49674,28,0,10,1,73,,49686,28,0,10,2,31,,49691,28,0,10,1,73,,49675,28,0,10,1,33,,49687,28,0,10,2,73,,49685,28,0,10,2,31,,49676,28,0,10,1,72,,49661,28,0,10,1
14002,'H58J000I-82-I',549,,49701,28,0,10,1,73,,49692,28,0,10,2,33,,49702,28,0,10,1,74,,49716,28,0,10,1,73,,49693,28,0,10,2,34,,49703,28,0,10,1,71,,49717,28,0,10,1,30,,49694,28,0,10,2,70,,49704,28,0,10,1,30,,49718,28,0,10,1,71,,49695,28,0,10,2,31,,49705,28,0,10,1,71,,49719,28,0,10,1,32,,49696,28,0,10,2,70,,49706,28,0,10,1,30,,49720,28,0,10,1,70,,49697,28,0,10,2,30,,49707,28,0,10,1,70,,49721,28,0,10,1,29,,49698,28,0,10,2,70,,49708,28,0,10,1,30,,49722,28,0,10,1,70,,49699,28,0,10,2,25,,49723,28,0,10,2,64,,49727,28,0,10,1,26,,49711,28,0,10,1,29,,49709,28,0,10,1,69,,49728,28,0,10,1,28,,49712,28,0,10,1,73,,49710,28,0,10,1,33,,49729,28,0,10,1,73,,49713,28,0,10,1,73,,49725,28,0,10,2,31,,49730,28,0,10,1,73,,49714,28,0,10,1,33,,49726,28,0,10,2,73,,49724,28,0,10,2,31,,49715,28,0,10,1,72,,49700,28,0,10,1
14002,'H58J000S-81-S',541,,49734,28,0,10,2,64,,49731,28,0,10,1,22,,49733,28,0,10,2,94,,49742,28,0,10,2,25,,49732,28,0,10,1,65,,49740,28,0,10,2,23,,49744,28,0,10,1,21,,49743,28,0,10,2,80,,49735,28,0,10,1,22,,49748,28,0,10,2,62,,49756,28,0,10,1,22,,49758,28,0,10,1,69,,49752,28,0,10,2,30,,49736,28,0,10,1,70,,49749,28,0,10,2,22,,49759,28,0,10,1,22,,49753,28,0,10,2,65,,49737,28,0,10,1,29,,49750,28,0,10,2,67,,49760,28,0,10,1,27,,49754,28,0,10,2,72,,49738,28,0,10,1,29,,49751,28,0,10,2,70,,49761,28,0,10,1,30,,49755,28,0,10,2,71,,49739,28,0,10,1,30,,49764,28,0,10,1,66,,49762,28,0,10,1,30,,49768,28,0,10,1,67,,49746,28,0,10,2,30,,49765,28,0,10,1,70,,49769,28,0,10,1,29,,49747,28,0,10,2,69,,49766,28,0,10,1,30,,49770,28,0,10,1,69,,49741,28,0,10,1,30,,49745,28,0,10,2,70,,49757,28,0,10,1,28,,49767,28,0,10,1,74,,49771,28,0,10,1,36,,49763,28,0,10,2,75,,49772,28,0,10,1
14002,'H58J000S-83-S',541,,49776,28,0,10,2,64,,49773,28,0,10,1,22,,49775,28,0,10,2,94,,49784,28,0,10,2,25,,49774,28,0,10,1,65,,49782,28,0,10,2,23,,49786,28,0,10,1,21,,49785,28,0,10,2,80,,49777,28,0,10,1,22,,49790,28,0,10,2,62,,49798,28,0,10,1,22,,49800,28,0,10,1,69,,49794,28,0,10,2,30,,49778,28,0,10,1,70,,49791,28,0,10,2,22,,49801,28,0,10,1,22,,49795,28,0,10,2,65,,49779,28,0,10,1,29,,49792,28,0,10,2,67,,49802,28,0,10,1,27,,49796,28,0,10,2,72,,49780,28,0,10,1,29,,49793,28,0,10,2,70,,49803,28,0,10,1,30,,49797,28,0,10,2,71,,49781,28,0,10,1,30,,49806,28,0,10,1,66,,49804,28,0,10,1,30,,49810,28,0,10,1,67,,49788,28,0,10,2,30,,49807,28,0,10,1,70,,49811,28,0,10,1,29,,49789,28,0,10,2,69,,49808,28,0,10,1,30,,49812,28,0,10,1,69,,49783,28,0,10,1,30,,49787,28,0,10,2,70,,49799,28,0,10,1,28,,49809,28,0,10,1,74,,49813,28,0,10,1,36,,49805,28,0,10,2,75,,49814,28,0,10,1
14002,'H58JV00A-80-A',515,,49825,28,0,10,2,29,,49816,28,0,10,1,71,,49837,28,0,10,2,33,,49826,28,0,10,2,71,,49855,28,0,10,1,31,,49838,28,0,10,2,72,,49827,28,0,10,2,30,,49856,28,0,10,1,71,,49839,28,0,10,2,30,,49828,28,0,10,2,70,,49857,28,0,10,1,30,,49840,28,0,10,2,59,,49859,28,0,10,1,18,,49829,28,0,10,2,20,,49849,28,0,10,1,61,,49858,28,0,10,1,21,,49841,28,0,10,2,21,,49842,28,0,10,2,60,,49830,28,0,10,2,23,,49850,28,0,10,1,19,,49831,28,0,10,2,59,,49819,28,0,10,2,19,,49843,28,0,10,2,19,,49822,28,0,10,2,61,,49818,28,0,10,1,22,,49832,28,0,10,2,22,,49820,28,0,10,2,64,,49844,28,0,10,2,25,,49851,28,0,10,1,65,,49821,28,0,10,1,25,,49833,28,0,10,2,70,,49845,28,0,10,2,31,,49852,28,0,10,1,70,,49834,28,0,10,2,31,,49846,28,0,10,2,74,,49853,28,0,10,1,33,,49835,28,0,10,2,76,,49847,28,0,10,2,36,,49854,28,0,10,1,75,,49836,28,0,10,2,75,,49848,28,0,10,2,32,,49823,28,0,10,1,72,,49817,28,0,10,2,33,,49860,28,0,10,1,73,,49824,28,0,10,1,33,,49815,28,0,10,1
14002,'H58JV00I-81-I',549,,49861,28,0,10,1,73,,49867,28,0,10,2,33,,49880,28,0,10,1,74,,49889,28,0,10,1,73,,49868,28,0,10,2,34,,49881,28,0,10,1,71,,49890,28,0,10,1,30,,49869,28,0,10,2,70,,49882,28,0,10,1,30,,49891,28,0,10,1,71,,49870,28,0,10,2,31,,49883,28,0,10,1,71,,49892,28,0,10,1,32,,49871,28,0,10,2,70,,49884,28,0,10,1,30,,49893,28,0,10,1,70,,49872,28,0,10,2,30,,49885,28,0,10,1,70,,49894,28,0,10,1,29,,49873,28,0,10,2,70,,49886,28,0,10,1,30,,49895,28,0,10,1,70,,49874,28,0,10,2,25,,49896,28,0,10,2,64,,49863,28,0,10,1,26,,49875,28,0,10,1,29,,49887,28,0,10,1,69,,49864,28,0,10,1,28,,49876,28,0,10,1,73,,49888,28,0,10,1,33,,49865,28,0,10,1,73,,49877,28,0,10,1,73,,49897,28,0,10,2,31,,49866,28,0,10,1,73,,49878,28,0,10,1,33,,49898,28,0,10,2,73,,49899,28,0,10,2,31,,49879,28,0,10,1,72,,49862,28,0,10,1
14002,'H58JV00S-82-S',541,,49903,28,0,10,2,64,,49900,28,0,10,1,22,,49902,28,0,10,2,94,,49911,28,0,10,2,25,,49901,28,0,10,1,65,,49909,28,0,10,2,23,,49913,28,0,10,1,21,,49912,28,0,10,2,80,,49904,28,0,10,1,22,,49917,28,0,10,2,62,,49925,28,0,10,1,22,,49927,28,0,10,1,69,,49921,28,0,10,1,30,,49905,28,0,10,1,70,,49918,28,0,10,2,22,,49928,28,0,10,1,22,,49922,28,0,10,1,65,,49906,28,0,10,1,29,,49919,28,0,10,2,67,,49929,28,0,10,1,27,,49923,28,0,10,1,72,,49907,28,0,10,1,29,,49920,28,0,10,2,70,,49930,28,0,10,1,30,,49924,28,0,10,1,71,,49908,28,0,10,1,30,,49933,28,0,10,1,66,,49931,28,0,10,1,30,,49937,28,0,10,1,67,,49915,28,0,10,2,30,,49934,28,0,10,1,70,,49938,28,0,10,1,29,,49916,28,0,10,2,69,,49935,28,0,10,1,30,,49939,28,0,10,1,69,,49910,28,0,10,1,30,,49914,28,0,10,2,70,,49926,28,0,10,1,28,,49936,28,0,10,1,74,,49940,28,0,10,1,36,,49932,28,0,10,2,75,,49941,28,0,10,1
14002,'H60J000S-98-S',658,,49942,28,0,10,2
14002,'H60JV00S-98-S',658,,49943,28,0,10,2
