42804,'H54J000S-83-S',1519,,76846,22,0,9,1,29,,76845,22,0,9,1,71,,76843,22,0,9,2,30,,76849,22,0,9,1,69,,76847,22,0,9,2,29,,76850,22,0,9,1,72,,76844,22,0,9,2,30,,76848,22,0,9,1
42804,'H54JV00S-80-S',1519,,76856,22,0,9,1,29,,76851,22,0,9,1,71,,76854,22,0,9,1,30,,76855,22,0,9,1,69,,76858,22,0,9,2,29,,76852,22,0,9,1,72,,76853,22,0,9,2,30,,76857,22,0,9,1
42804,'H59J000S-81-S',1915,,76859,22,0,9,1
42804,'H59JV00S-83-S',1915,,76860,22,0,9,1
44904,'H54J000S-83-S',549,,79293,32,0,9,2,10,,79294,32,0,9,2,50,,79296,32,0,9,1,20,,79300,32,0,9,2,9,,79302,32,0,9,2,10,,79305,32,0,9,2,9,,79306,32,0,9,2,49,,79286,32,0,9,1,23,,79311,32,0,9,2,7,,79295,32,0,9,2,8,,79301,32,0,9,2,8,,79312,32,0,9,2,49,,79317,32,0,9,2,9,,79304,32,0,9,2,12,,79303,32,0,9,2,13,,79297,32,0,9,1,22,,79287,32,0,9,1,62,,79316,32,0,9,2,21,,79285,32,0,9,1,62,,79318,32,0,9,1,22,,79298,32,0,9,1,23,,79288,32,0,9,1,64,,79307,32,0,9,2,28,,79313,32,0,9,2,69,,79319,32,0,9,1,30,,79299,32,0,9,1,68,,79308,32,0,9,2,28,,79314,32,0,9,2,68,,79320,32,0,9,1,27,,79292,32,0,9,2,26,,79309,32,0,9,2,67,,79315,32,0,9,2,26,,79321,32,0,9,1,63,,79323,32,0,9,2,48,,79329,32,0,9,1,68,,79326,32,0,9,1,28,,79322,32,0,9,1,67,,79310,32,0,9,1,30,,79289,32,0,9,1,70,,79327,32,0,9,1,29,,79324,32,0,9,1,69,,79330,32,0,9,1,30,,79290,32,0,9,1,70,,79328,32,0,9,1,31,,79325,32,0,9,1,70,,79291,32,0,9,1
44904,'H54JV00S-80-S',549,,79344,32,0,9,1,10,,79345,32,0,9,2,50,,79350,32,0,9,1,20,,79355,32,0,9,1,9,,79357,32,0,9,2,10,,79359,32,0,9,2,9,,79360,32,0,9,2,49,,79334,32,0,9,1,23,,79365,32,0,9,2,7,,79346,32,0,9,2,8,,79356,32,0,9,2,8,,79366,32,0,9,2,49,,79368,32,0,9,2,9,,79332,32,0,9,1,12,,79358,32,0,9,2,13,,79351,32,0,9,1,22,,79335,32,0,9,1,62,,79367,32,0,9,2,21,,79333,32,0,9,1,62,,79331,32,0,9,1,22,,79352,32,0,9,1,23,,79336,32,0,9,1,64,,79362,32,0,9,1,28,,79347,32,0,9,2,69,,79340,32,0,9,1,30,,79353,32,0,9,1,68,,79363,32,0,9,1,28,,79348,32,0,9,2,68,,79341,32,0,9,1,27,,79354,32,0,9,1,26,,79364,32,0,9,1,67,,79349,32,0,9,2,26,,79342,32,0,9,1,63,,79343,32,0,9,1,48,,79375,32,0,9,1,68,,79372,32,0,9,1,28,,79369,32,0,9,1,67,,79361,32,0,9,1,30,,79337,32,0,9,1,70,,79373,32,0,9,1,29,,79370,32,0,9,1,69,,79376,32,0,9,1,30,,79338,32,0,9,1,70,,79374,32,0,9,1,31,,79371,32,0,9,1,70,,79339,32,0,9,1
44904,'H57J000S-81-S',713,,79377,32,0,9,1,9,,79378,32,0,9,2,912,,79379,32,0,9,2
44904,'H57JV00S-83-S',713,,79380,32,0,9,1,9,,79381,32,0,9,1,912,,79382,32,0,9,1
44904,'H58J000S-81-S',619,,79383,32,0,9,2
44904,'H58J000S-83-S',619,,79384,32,0,9,2
44904,'H58JV00S-82-S',619,,79385,32,0,9,2
