2201,'H57M000S-70-S',829,,90620,18,,,2
2201,'H59M000A-70-A',511,,90621,18,,,2,29,,90636,18,,,1,69,,90622,18,,,2,28,,90637,18,,,1,69,,90623,18,,,2,31,,90638,18,,,1,71,,90624,18,,,2,30,,90639,18,,,1,70,,90625,18,,,2,30,,90640,18,,,1,71,,90626,18,,,2,30,,90641,18,,,1,70,,90627,18,,,2,30,,90642,18,,,1,70,,90628,18,,,2,31,,90643,18,,,1,71,,90629,18,,,2,31,,90644,18,,,1,70,,90630,18,,,2,32,,90645,18,,,1,72,,90631,18,,,2,31,,90646,18,,,1,71,,90632,18,,,2,31,,90647,18,,,1,71,,90633,18,,,2,30,,90648,18,,,1,70,,90634,18,,,2,29,,90649,18,,,1,69,,90635,18,,,2,29,,90650,18,,,1,98,,90651,18,,,1,98,,90652,18,,,1,99,,90653,18,,,1,100,,90654,18,,,1,100,,90655,18,,,1,100,,90656,18,,,1
2201,'H59M000I-70-I',512,,90657,18,,,2,30,,90672,18,,,1,70,,90658,18,,,2,29,,90673,18,,,1,69,,90659,18,,,2,29,,90674,18,,,1,70,,90660,18,,,2,30,,90675,18,,,1,70,,90661,18,,,2,30,,90676,18,,,1,70,,90662,18,,,2,30,,90677,18,,,1,70,,90663,18,,,2,30,,90678,18,,,1,70,,90664,18,,,2,30,,90679,18,,,1,70,,90665,18,,,2,30,,90680,18,,,1,70,,90666,18,,,2,31,,90681,18,,,1,71,,90667,18,,,2,30,,90682,18,,,1,70,,90668,18,,,2,31,,90683,18,,,1,72,,90669,18,,,2,32,,90684,18,,,1,72,,90670,18,,,2,32,,90685,18,,,1,73,,90671,18,,,2,33,,90686,18,,,1,99,,90687,18,,,1,100,,90688,18,,,1,100,,90689,18,,,1,100,,90690,18,,,1,99,,90691,18,,,1
2201,'H59M000S-70-S',512,,90692,18,,,1,32,,90699,18,,,1,73,,90693,18,,,1,33,,90706,18,,,1,73,,90707,18,,,1,33,,90708,18,,,2,145,,90694,18,,,1,33,,90700,18,,,1,73,,90695,18,,,1,33,,90701,18,,,1,73,,90696,18,,,1,33,,90702,18,,,1,73,,90697,18,,,1,33,,90703,18,,,1,73,,90698,18,,,1,32,,90704,18,,,1,72,,90713,18,,,2,72,,90715,18,,,2,31,,90714,18,,,1,71,,90716,18,,,1,32,,90725,18,,,2,71,,90705,18,,,1,30,,90717,18,,,1,73,,90709,18,,,1,32,,90718,18,,,1,71,,90710,18,,,1,30,,90719,18,,,1,70,,90711,18,,,1,30,,90720,18,,,1,70,,90712,18,,,1,30,,90721,18,,,1,100,,90722,18,,,1,91,,90726,18,,,2,89,,90723,18,,,1,98,,90724,18,,,1
2201,'H59M100F-70-F1',512,,90727,18,,,2,30,,90742,18,,,1,70,,90728,18,,,2,29,,90744,18,,,1,69,,90729,18,,,2,29,,90743,18,,,1,70,,90730,18,,,2,30,,90745,18,,,1,70,,90731,18,,,2,30,,90746,18,,,1,70,,90732,18,,,2,30,,90747,18,,,1,70,,90733,18,,,2,30,,90748,18,,,1,70,,90734,18,,,2,30,,90749,18,,,1,70,,90735,18,,,2,30,,90750,18,,,1,70,,90736,18,,,2,31,,90751,18,,,1,71,,90737,18,,,2,30,,90752,18,,,1,70,,90738,18,,,2,31,,90753,18,,,1,72,,90739,18,,,2,32,,90754,18,,,1,72,,90740,18,,,2,32,,90757,18,,,1,73,,90741,18,,,2,33,,90755,18,,,1,99,,90756,18,,,1,100,,90758,18,,,1,100,,90759,18,,,1,100,,90760,18,,,1,99,,90761,18,,,1
2201,'H59M200F-70-F2',512,,90762,18,,,2,30,,90777,18,,,1,70,,90763,18,,,2,29,,90778,18,,,1,69,,90764,18,,,2,29,,90780,18,,,1,70,,90765,18,,,2,30,,90779,18,,,1,70,,90766,18,,,2,30,,90781,18,,,1,70,,90768,18,,,2,30,,90782,18,,,1,70,,90767,18,,,2,30,,90783,18,,,1,70,,90769,18,,,2,30,,90784,18,,,1,70,,90770,18,,,2,30,,90785,18,,,1,70,,90771,18,,,2,31,,90786,18,,,1,71,,90772,18,,,2,30,,90787,18,,,1,70,,90773,18,,,2,31,,90788,18,,,1,72,,90774,18,,,2,32,,90789,18,,,1,72,,90775,18,,,2,32,,90790,18,,,1,73,,90776,18,,,2,33,,90791,18,,,1,99,,90792,18,,,1,100,,90794,18,,,1,100,,90793,18,,,1,100,,90795,18,,,1,99,,90796,18,,,1
2201,'H59M300F-70-F3',512,,90797,18,,,2,30,,90812,18,,,1,70,,90798,18,,,2,29,,90813,18,,,1,69,,90801,18,,,2,29,,90814,18,,,1,70,,90799,18,,,2,30,,90815,18,,,1,70,,90800,18,,,2,30,,90816,18,,,1,70,,90802,18,,,2,30,,90817,18,,,1,70,,90803,18,,,2,30,,90818,18,,,1,70,,90804,18,,,2,30,,90820,18,,,1,70,,90805,18,,,2,30,,90819,18,,,1,70,,90806,18,,,2,31,,90821,18,,,1,71,,90807,18,,,2,30,,90822,18,,,1,70,,90808,18,,,2,31,,90823,18,,,1,72,,90809,18,,,2,32,,90824,18,,,1,72,,90810,18,,,2,32,,90825,18,,,1,73,,90811,18,,,2,33,,90826,18,,,1,99,,90827,18,,,1,100,,90828,18,,,1,100,,90829,18,,,1,100,,90830,18,,,1,99,,90831,18,,,1
82201,'H54M000S-70-S',553,,164641,7,,,1,67,,164646,7,,,1,23,,164642,7,,,1,60,,164647,7,,,1,13,,164643,7,,,1,20,,164648,7,,,1,21,,164644,7,,,1,65,,164649,7,,,1,18,,164645,7,,,1,60,,164650,7,,,1,243,,164651,7,,,1,60,,164654,7,,,1,25,,164652,7,,,1,20,,164655,7,,,1,60,,164653,7,,,1,20,,164656,7,,,1,131,,164657,7,,,1,55,,164662,7,,,1,20,,164658,7,,,1,21,,164663,7,,,1,59,,164659,7,,,1,20,,164664,7,,,1,20,,164660,7,,,1,59,,164665,7,,,1,19,,164661,7,,,1,20,,164666,7,,,1
82201,'H54M100F-70-F1',553,,164667,7,,,1,67,,164672,7,,,1,23,,164668,7,,,1,60,,164673,7,,,1,13,,164669,7,,,1,20,,164674,7,,,1,21,,164670,7,,,1,65,,164675,7,,,1,18,,164671,7,,,1,60,,164676,7,,,1,243,,164677,7,,,1,60,,164680,7,,,1,25,,164678,7,,,1,20,,164681,7,,,1,60,,164679,7,,,1,20,,164682,7,,,1,131,,164683,7,,,1,55,,164690,7,,,1,20,,164684,7,,,1,21,,164686,7,,,1,59,,164685,7,,,1,20,,164687,7,,,1,20,,164688,7,,,1,59,,164691,7,,,1,19,,164689,7,,,1,20,,164692,7,,,1
82201,'H54M200F-70-F2',553,,164693,7,,,1,67,,164698,7,,,1,23,,164694,7,,,1,60,,164699,7,,,1,13,,164695,7,,,1,20,,164700,7,,,1,21,,164696,7,,,1,65,,164701,7,,,1,18,,164697,7,,,1,60,,164702,7,,,1,243,,164703,7,,,1,60,,164706,7,,,1,25,,164704,7,,,1,20,,164707,7,,,1,60,,164705,7,,,1,20,,164708,7,,,1,131,,164709,7,,,1,55,,164714,7,,,1,20,,164710,7,,,1,21,,164716,7,,,1,59,,164711,7,,,1,20,,164717,7,,,1,20,,164712,7,,,1,59,,164718,7,,,1,19,,164713,7,,,1,20,,164715,7,,,1
