20301,'H50J000S-83-S',737,,69148,41,0,5,1
20301,'H50JV00S-82-S',737,,69149,41,0,5,1
20301,'H56J000S-80-S',1830,,69150,41,0,5,1
20301,'H56JV00S-80-S',1830,,69151,41,0,5,1
20301,'H60J000A-80-A',629,,69158,41,0,5,2,30,,69175,41,0,5,1,71,,69170,41,0,5,1,70,,69159,41,0,5,2,31,,69176,41,0,5,1,70,,69171,41,0,5,1,30,,69160,41,0,5,2,73,,69177,41,0,5,1,33,,69172,41,0,5,1,72,,69161,41,0,5,2,33,,69178,41,0,5,1,73,,69173,41,0,5,1,33,,69162,41,0,5,2,73,,69179,41,0,5,1,30,,69186,41,0,5,2,69,,69174,41,0,5,1,29,,69163,41,0,5,2,69,,69180,41,0,5,1,29,,69187,41,0,5,2,69,,69152,41,0,5,1,30,,69164,41,0,5,2,70,,69181,41,0,5,1,30,,69188,41,0,5,2,67,,69153,41,0,5,1,30,,69165,41,0,5,2,70,,69182,41,0,5,1,29,,69154,41,0,5,1,70,,69166,41,0,5,2,29,,69183,41,0,5,1,69,,69155,41,0,5,1,28,,69167,41,0,5,2,69,,69184,41,0,5,1,28,,69156,41,0,5,1,68,,69168,41,0,5,2,28,,69185,41,0,5,1,28,,69157,41,0,5,1,68,,69169,41,0,5,2
20301,'H60J000I-80-I',729,,69189,41,0,5,1,30,,69212,41,0,5,2,70,,69201,41,0,5,1,30,,69190,41,0,5,1,70,,69213,41,0,5,2,30,,69202,41,0,5,1,70,,69191,41,0,5,1,30,,69214,41,0,5,2,70,,69203,41,0,5,1,30,,69192,41,0,5,1,70,,69215,41,0,5,2,30,,69204,41,0,5,1,72,,69193,41,0,5,1,70,,69216,41,0,5,2,30,,69205,41,0,5,1,72,,69194,41,0,5,1,30,,69217,41,0,5,2,71,,69206,41,0,5,1,31,,69195,41,0,5,1,70,,69218,41,0,5,2,30,,69207,41,0,5,1,70,,69196,41,0,5,1,29,,69219,41,0,5,2,69,,69208,41,0,5,1,28,,69197,41,0,5,1,69,,69220,41,0,5,2,29,,69209,41,0,5,1,29,,69198,41,0,5,1,68,,69221,41,0,5,2,30,,69210,41,0,5,1,70,,69199,41,0,5,1,30,,69222,41,0,5,2,69,,69211,41,0,5,1,30,,69200,41,0,5,1,70,,69223,41,0,5,2
20301,'H60J000S-98-S',624,,69235,41,0,5,2,34,,69225,41,0,5,1,67,,69236,41,0,5,1,31,,69224,41,0,5,2,70,,69245,41,0,5,2,26,,69226,41,0,5,1,50,,69246,41,0,5,1,32,,69244,41,0,5,1,72,,69231,41,0,5,1,32,,69227,41,0,5,1,72,,69247,41,0,5,1,32,,69242,41,0,5,1,71,,69232,41,0,5,1,29,,69228,41,0,5,1,70,,69230,41,0,5,1,29,,69233,41,0,5,1,69,,69241,41,0,5,1,29,,69229,41,0,5,1,71,,69253,41,0,5,1,33,,69259,41,0,5,1,74,,69234,41,0,5,1,23,,69248,41,0,5,2,65,,69254,41,0,5,1,23,,69243,41,0,5,1,72,,69258,41,0,5,1,103,,69255,41,0,5,1,31,,69249,41,0,5,1,69,,69237,41,0,5,1,32,,69256,41,0,5,1,71,,69250,41,0,5,1,30,,69238,41,0,5,1,70,,69257,41,0,5,1,30,,69251,41,0,5,1,67,,69239,41,0,5,1,29,,69260,41,0,5,1,68,,69252,41,0,5,1,28,,69240,41,0,5,1
20301,'H60JV00A-80-A',629,,69261,41,0,5,2,30,,69279,41,0,5,1,71,,69293,41,0,5,1,70,,69262,41,0,5,2,31,,69280,41,0,5,1,70,,69294,41,0,5,1,30,,69263,41,0,5,2,73,,69281,41,0,5,1,33,,69295,41,0,5,1,72,,69264,41,0,5,2,33,,69282,41,0,5,1,73,,69296,41,0,5,1,33,,69265,41,0,5,2,73,,69283,41,0,5,1,30,,69290,41,0,5,2,69,,69297,41,0,5,1,29,,69266,41,0,5,2,69,,69284,41,0,5,1,29,,69291,41,0,5,2,69,,69273,41,0,5,1,30,,69267,41,0,5,2,70,,69285,41,0,5,1,30,,69292,41,0,5,2,67,,69274,41,0,5,1,30,,69268,41,0,5,2,70,,69286,41,0,5,1,29,,69275,41,0,5,1,70,,69269,41,0,5,2,29,,69287,41,0,5,1,69,,69276,41,0,5,1,28,,69270,41,0,5,2,69,,69288,41,0,5,1,28,,69277,41,0,5,1,68,,69271,41,0,5,2,28,,69289,41,0,5,1,28,,69278,41,0,5,1,68,,69272,41,0,5,2
20301,'H60JV00I-80-I',729,,69298,41,0,5,1,30,,69321,41,0,5,2,70,,69310,41,0,5,1,30,,69299,41,0,5,1,70,,69322,41,0,5,2,30,,69311,41,0,5,1,70,,69300,41,0,5,1,30,,69323,41,0,5,2,70,,69312,41,0,5,1,30,,69301,41,0,5,1,70,,69324,41,0,5,2,30,,69313,41,0,5,1,72,,69302,41,0,5,1,70,,69325,41,0,5,2,30,,69314,41,0,5,1,72,,69303,41,0,5,1,30,,69326,41,0,5,2,71,,69315,41,0,5,1,31,,69304,41,0,5,1,70,,69327,41,0,5,2,30,,69316,41,0,5,1,70,,69305,41,0,5,1,29,,69328,41,0,5,2,69,,69317,41,0,5,1,28,,69306,41,0,5,1,69,,69329,41,0,5,2,29,,69318,41,0,5,1,29,,69307,41,0,5,1,68,,69330,41,0,5,2,30,,69319,41,0,5,1,70,,69308,41,0,5,1,30,,69331,41,0,5,2,69,,69320,41,0,5,1,30,,69309,41,0,5,1,70,,69332,41,0,5,2
20301,'H60JV00S-98-S',624,,69369,41,0,5,2,34,,69363,41,0,5,1,67,,69343,41,0,5,1,31,,69366,41,0,5,2,70,,69344,41,0,5,2,26,,69364,41,0,5,1,50,,69339,41,0,5,1,32,,69367,41,0,5,1,72,,69352,41,0,5,1,32,,69365,41,0,5,1,72,,69340,41,0,5,1,32,,69341,41,0,5,1,71,,69353,41,0,5,1,29,,69350,41,0,5,1,70,,69334,41,0,5,1,29,,69354,41,0,5,1,69,,69355,41,0,5,1,29,,69351,41,0,5,1,71,,69345,41,0,5,1,33,,69357,41,0,5,1,74,,69333,41,0,5,1,23,,69368,41,0,5,2,65,,69346,41,0,5,1,23,,69342,41,0,5,1,72,,69356,41,0,5,1,103,,69347,41,0,5,1,31,,69335,41,0,5,1,69,,69359,41,0,5,1,32,,69348,41,0,5,1,71,,69336,41,0,5,1,30,,69360,41,0,5,1,70,,69349,41,0,5,1,30,,69337,41,0,5,1,67,,69361,41,0,5,1,29,,69358,41,0,5,1,68,,69338,41,0,5,1,28,,69362,41,0,5,1
