19202,'H50J000S-83-S',703,,64665,23,0,10,1
19202,'H50JV00S-82-S',703,,64666,23,0,10,1
19202,'H51J000S-80-S',806,,64667,11,0,10,1,799,,64668,23,0,10,2,113,,64669,23,0,10,2
19202,'H51JV00S-84-S',806,,64671,11,0,10,1,799,,64670,23,0,10,1,113,,64672,23,0,10,2
19202,'H54J000A-80-A',459,,64673,23,0,10,1,71,,64694,23,0,10,2,70,,64674,23,0,10,1,30,,64682,23,0,10,1,71,,64695,23,0,10,1,30,,64675,23,0,10,1,69,,64683,23,0,10,1,29,,64696,23,0,10,1,29,,64676,23,0,10,1,70,,64684,23,0,10,1,30,,64697,23,0,10,1,70,,64677,23,0,10,1,30,,64685,23,0,10,1,73,,64698,23,0,10,1,75,,64678,23,0,10,1,32,,64686,23,0,10,1,71,,64699,23,0,10,1,31,,64706,23,0,10,1,71,,64679,23,0,10,1,31,,64687,23,0,10,1,71,,64700,23,0,10,1,30,,64707,23,0,10,1,68,,64680,23,0,10,1,27,,64688,23,0,10,1,68,,64701,23,0,10,1,28,,64708,23,0,10,1,68,,64681,23,0,10,1,31,,64689,23,0,10,1,70,,64702,23,0,10,1,30,,64709,23,0,10,1,70,,64690,23,0,10,1,30,,64703,23,0,10,1,70,,64710,23,0,10,1,30,,64691,23,0,10,1,70,,64704,23,0,10,1,30,,64711,23,0,10,1,71,,64692,23,0,10,1,30,,64705,23,0,10,1,72,,64712,23,0,10,1,32,,64693,23,0,10,1,81,,64713,23,0,10,1
19202,'H54J000I-80-I',458,,64714,23,0,10,1,71,,64730,23,0,10,2,71,,64722,23,0,10,1,32,,64715,23,0,10,1,69,,64731,23,0,10,2,29,,64723,23,0,10,1,70,,64716,23,0,10,1,30,,64732,23,0,10,2,71,,64724,23,0,10,1,30,,64717,23,0,10,1,70,,64733,23,0,10,2,30,,64725,23,0,10,1,70,,64718,23,0,10,1,30,,64734,23,0,10,2,70,,64726,23,0,10,1,31,,64719,23,0,10,1,70,,64735,23,0,10,2,30,,64747,23,0,10,1,70,,64727,23,0,10,1,30,,64720,23,0,10,1,70,,64736,23,0,10,2,30,,64748,23,0,10,1,70,,64728,23,0,10,1,30,,64721,23,0,10,1,70,,64737,23,0,10,2,31,,64749,23,0,10,1,69,,64729,23,0,10,1,31,,64738,23,0,10,2,69,,64750,23,0,10,1,30,,64743,23,0,10,1,69,,64739,23,0,10,2,29,,64751,23,0,10,1,29,,64744,23,0,10,1,70,,64740,23,0,10,2,30,,64752,23,0,10,1,70,,64745,23,0,10,1,30,,64741,23,0,10,2,70,,64753,23,0,10,1,30,,64746,23,0,10,1,71,,64742,23,0,10,2,70,,64754,23,0,10,1
19202,'H54J000S-83-S',500,,64755,23,0,10,1,24,,64761,23,0,10,1,24,,64776,23,0,10,1,63,,64777,23,0,10,1,18,,64779,23,0,10,1,16,,64756,23,0,10,1,76,,64762,23,0,10,1,20,,64773,23,0,10,1,10,,64790,11,0,10,1,5,,64778,23,0,10,1,56,,64780,23,0,10,1,29,,64757,23,0,10,1,69,,64763,23,0,10,1,29,,64774,23,0,10,1,70,,64781,23,0,10,1,30,,64758,23,0,10,1,70,,64764,23,0,10,1,30,,64791,23,0,10,2,70,,64782,23,0,10,1,30,,64759,23,0,10,1,69,,64765,23,0,10,1,29,,64792,23,0,10,2,70,,64783,23,0,10,1,29,,64760,23,0,10,1,70,,64766,23,0,10,1,40,,64794,23,0,10,1,78,,64784,23,0,10,1,19,,64775,23,0,10,1,58,,64767,23,0,10,1,35,,64793,23,0,10,1,69,,64795,23,0,10,2,28,,64785,23,0,10,1,71,,64768,23,0,10,1,31,,64796,23,0,10,1,71,,64786,23,0,10,1,29,,64769,23,0,10,1,69,,64797,23,0,10,1,30,,64787,23,0,10,1,70,,64770,23,0,10,1,30,,64798,23,0,10,1,70,,64788,23,0,10,1,30,,64771,23,0,10,1,70,,64799,23,0,10,1,29,,64789,23,0,10,1,67,,64772,23,0,10,1
19202,'H54JV00A-80-A',459,,64801,23,0,10,1,71,,64800,23,0,10,2,70,,64813,23,0,10,1,30,,64821,23,0,10,1,71,,64802,23,0,10,1,30,,64814,23,0,10,1,69,,64822,23,0,10,1,29,,64803,23,0,10,1,29,,64815,23,0,10,1,70,,64823,23,0,10,1,30,,64804,23,0,10,1,70,,64816,23,0,10,1,30,,64824,23,0,10,1,73,,64805,23,0,10,1,75,,64817,23,0,10,1,32,,64825,23,0,10,1,71,,64806,23,0,10,1,31,,64833,23,0,10,1,71,,64818,23,0,10,1,31,,64826,23,0,10,1,71,,64807,23,0,10,1,30,,64834,23,0,10,1,68,,64819,23,0,10,1,27,,64827,23,0,10,1,68,,64808,23,0,10,1,28,,64835,23,0,10,1,68,,64820,23,0,10,1,31,,64828,23,0,10,1,70,,64809,23,0,10,1,30,,64836,23,0,10,1,70,,64829,23,0,10,1,30,,64810,23,0,10,1,70,,64837,23,0,10,1,30,,64830,23,0,10,1,70,,64811,23,0,10,1,30,,64838,23,0,10,1,71,,64831,23,0,10,1,30,,64812,23,0,10,1,72,,64839,23,0,10,1,32,,64832,23,0,10,1,81,,64840,23,0,10,1
19202,'H54JV00I-80-I',458,,64874,23,0,10,1,71,,64845,23,0,10,2,71,,64866,23,0,10,1,32,,64875,23,0,10,1,69,,64846,23,0,10,2,29,,64867,23,0,10,1,70,,64876,23,0,10,1,30,,64847,23,0,10,2,71,,64868,23,0,10,1,30,,64877,23,0,10,1,70,,64848,23,0,10,2,30,,64869,23,0,10,1,70,,64878,23,0,10,1,30,,64849,23,0,10,2,70,,64870,23,0,10,1,31,,64879,23,0,10,1,70,,64850,23,0,10,2,30,,64858,23,0,10,1,70,,64871,23,0,10,1,30,,64880,23,0,10,1,70,,64851,23,0,10,2,30,,64859,23,0,10,1,70,,64872,23,0,10,1,30,,64881,23,0,10,1,70,,64852,23,0,10,2,31,,64860,23,0,10,1,69,,64873,23,0,10,1,31,,64853,23,0,10,2,69,,64861,23,0,10,1,30,,64841,23,0,10,1,69,,64854,23,0,10,2,29,,64862,23,0,10,1,29,,64842,23,0,10,1,70,,64855,23,0,10,2,30,,64863,23,0,10,1,70,,64843,23,0,10,1,30,,64856,23,0,10,2,70,,64864,23,0,10,1,30,,64844,23,0,10,1,71,,64857,23,0,10,2,70,,64865,23,0,10,1
19202,'H54JV00S-80-S',500,,64882,23,0,10,1,24,,64893,23,0,10,1,24,,64905,23,0,10,1,63,,64910,23,0,10,1,18,,64912,23,0,10,1,16,,64883,23,0,10,1,76,,64894,23,0,10,1,20,,64906,23,0,10,1,10,,64917,11,0,10,1,5,,64911,23,0,10,1,56,,64913,23,0,10,1,29,,64884,23,0,10,1,69,,64895,23,0,10,1,29,,64907,23,0,10,1,70,,64914,23,0,10,1,30,,64885,23,0,10,1,70,,64896,23,0,10,1,30,,64908,23,0,10,1,70,,64915,23,0,10,1,30,,64886,23,0,10,1,69,,64897,23,0,10,1,29,,64909,23,0,10,1,70,,64916,23,0,10,1,29,,64887,23,0,10,1,70,,64898,23,0,10,1,40,,64924,23,0,10,1,78,,64925,23,0,10,1,19,,64888,23,0,10,1,58,,64899,23,0,10,1,35,,64923,23,0,10,1,69,,64926,23,0,10,2,28,,64919,23,0,10,1,71,,64900,23,0,10,1,31,,64889,23,0,10,1,71,,64920,23,0,10,1,29,,64901,23,0,10,1,69,,64890,23,0,10,1,30,,64921,23,0,10,1,70,,64902,23,0,10,1,30,,64891,23,0,10,1,70,,64922,23,0,10,1,30,,64903,23,0,10,1,70,,64892,23,0,10,1,29,,64918,23,0,10,1,67,,64904,23,0,10,1
19202,'H57J000S-81-S',1526,,64927,23,0,10,2
19202,'H57JV00S-83-S',1526,,64928,23,0,10,2
19202,'H58J000S-81-S',739,,64929,11,0,10,1
19202,'H58J000S-83-S',739,,64930,11,0,10,1
19202,'H58JV00S-82-S',739,,64931,11,0,10,1
