19201,'H50M000S-70-S',626,,144469,39,0,5,1,187,,144468,39,0,5,2
19201,'H51M000S-70-S',1518,,144470,39,0,5,2
19201,'H54M000A-70-A',555,,144478,39,0,5,1,70,,144491,39,0,5,2,30,,144471,39,0,5,1,70,,144479,39,0,5,1,30,,144492,39,0,5,1,70,,144472,39,0,5,1,31,,144480,39,0,5,1,71,,144493,39,0,5,1,30,,144473,39,0,5,1,70,,144481,39,0,5,1,31,,144494,39,0,5,1,74,,144474,39,0,5,1,71,,144482,39,0,5,1,32,,144495,39,0,5,1,71,,144503,39,0,5,1,30,,144475,39,0,5,1,70,,144483,39,0,5,1,30,,144496,39,0,5,1,68,,144504,39,0,5,1,28,,144476,39,0,5,1,69,,144484,39,0,5,1,29,,144497,39,0,5,1,70,,144505,39,0,5,1,31,,144477,39,0,5,1,71,,144485,39,0,5,1,31,,144498,39,0,5,1,69,,144506,39,0,5,1,31,,144486,39,0,5,1,68,,144499,39,0,5,1,28,,144507,39,0,5,1,29,,144489,39,0,5,1,69,,144500,39,0,5,1,30,,144508,39,0,5,1,70,,144487,39,0,5,1,30,,144501,39,0,5,1,69,,144509,39,0,5,1,29,,144488,39,0,5,1,70,,144502,39,0,5,1,28,,144511,39,0,5,1,72,,144490,39,0,5,1,81,,144510,39,0,5,1
19201,'H54M000I-70-I',556,,144512,39,0,5,1,68,,144527,39,0,5,2,31,,144519,39,0,5,1,70,,144513,39,0,5,1,30,,144528,39,0,5,2,70,,144520,39,0,5,1,32,,144514,39,0,5,1,73,,144529,39,0,5,2,70,,144521,39,0,5,1,30,,144515,39,0,5,1,70,,144530,39,0,5,2,30,,144522,39,0,5,1,70,,144516,39,0,5,1,30,,144531,39,0,5,2,70,,144544,39,0,5,1,30,,144523,39,0,5,1,70,,144517,39,0,5,1,26,,144532,39,0,5,2,28,,144545,39,0,5,1,69,,144524,39,0,5,1,30,,144518,39,0,5,1,72,,144533,39,0,5,2,32,,144546,39,0,5,1,73,,144525,39,0,5,1,72,,144534,39,0,5,2,32,,144547,39,0,5,1,70,,144526,39,0,5,1,28,,144535,39,0,5,2,70,,144548,39,0,5,1,29,,144540,39,0,5,1,69,,144536,39,0,5,2,30,,144549,39,0,5,1,70,,144542,39,0,5,1,27,,144538,39,0,5,2,29,,144550,39,0,5,1,70,,144541,39,0,5,1,30,,144537,39,0,5,2,69,,144551,39,0,5,1,29,,144543,39,0,5,1,71,,144539,39,0,5,2,32,,144552,39,0,5,1
19201,'H54M000S-70-S',602,,144554,39,0,5,1,12,,144553,39,0,5,2,28,,144560,39,0,5,1,17,,144574,39,0,5,1,58,,144575,39,0,5,1,17,,144576,39,0,5,1,19,,144555,39,0,5,1,80,,144561,39,0,5,1,21,,144572,39,0,5,1,68,,144577,39,0,5,1,29,,144556,39,0,5,1,68,,144562,39,0,5,1,28,,144573,39,0,5,1,69,,144578,39,0,5,1,29,,144557,39,0,5,1,69,,144563,39,0,5,1,31,,144586,39,0,5,2,72,,144579,39,0,5,1,30,,144558,39,0,5,1,70,,144564,39,0,5,1,135,,144559,39,0,5,1,70,,144565,39,0,5,1,101,,144588,39,0,5,2,30,,144580,39,0,5,1,67,,144566,39,0,5,1,28,,144587,39,0,5,1,63,,144589,39,0,5,2,24,,144581,39,0,5,1,69,,144567,39,0,5,1,30,,144590,39,0,5,1,68,,144582,39,0,5,1,30,,144568,39,0,5,1,70,,144591,39,0,5,1,28,,144583,39,0,5,1,29,,144569,39,0,5,1,70,,144592,39,0,5,1,30,,144584,39,0,5,1,68,,144570,39,0,5,1,29,,144593,39,0,5,1,70,,144585,39,0,5,1,32,,144571,39,0,5,1
19201,'H54M100F-70-F1',555,,144601,39,0,5,1,70,,144602,39,0,5,1,30,,144594,39,0,5,1,70,,144603,39,0,5,2,30,,144615,39,0,5,1,70,,144595,39,0,5,1,31,,144604,39,0,5,2,71,,144616,39,0,5,1,30,,144596,39,0,5,1,70,,144605,39,0,5,2,31,,144617,39,0,5,1,74,,144597,39,0,5,1,71,,144606,39,0,5,2,32,,144618,39,0,5,1,71,,144627,39,0,5,1,30,,144598,39,0,5,1,70,,144607,39,0,5,2,30,,144619,39,0,5,1,68,,144628,39,0,5,1,28,,144599,39,0,5,1,69,,144608,39,0,5,2,29,,144620,39,0,5,1,70,,144629,39,0,5,1,31,,144600,39,0,5,1,71,,144609,39,0,5,2,31,,144623,39,0,5,1,69,,144630,39,0,5,1,31,,144610,39,0,5,2,68,,144621,39,0,5,1,28,,144631,39,0,5,1,29,,144611,39,0,5,2,69,,144622,39,0,5,1,30,,144632,39,0,5,1,70,,144612,39,0,5,2,30,,144624,39,0,5,1,69,,144634,39,0,5,1,29,,144613,39,0,5,2,70,,144625,39,0,5,1,28,,144633,39,0,5,1,72,,144614,39,0,5,2,32,,144626,39,0,5,1
19201,'H54M200F-70-F2',556,,144635,39,0,5,1,68,,144650,39,0,5,2,31,,144642,39,0,5,2,70,,144636,39,0,5,1,30,,144651,39,0,5,2,70,,144643,39,0,5,2,32,,144637,39,0,5,1,73,,144652,39,0,5,2,70,,144644,39,0,5,2,30,,144638,39,0,5,1,70,,144653,39,0,5,2,30,,144645,39,0,5,2,70,,144640,39,0,5,1,30,,144655,39,0,5,2,70,,144667,39,0,5,1,30,,144646,39,0,5,2,70,,144639,39,0,5,1,26,,144654,39,0,5,2,28,,144668,39,0,5,1,69,,144647,39,0,5,2,30,,144641,39,0,5,1,72,,144656,39,0,5,2,32,,144669,39,0,5,1,73,,144648,39,0,5,2,72,,144657,39,0,5,2,32,,144670,39,0,5,1,70,,144649,39,0,5,2,28,,144658,39,0,5,2,70,,144671,39,0,5,1,29,,144663,39,0,5,1,69,,144659,39,0,5,2,30,,144672,39,0,5,1,70,,144664,39,0,5,1,27,,144660,39,0,5,2,29,,144673,39,0,5,1,70,,144665,39,0,5,1,30,,144661,39,0,5,2,69,,144674,39,0,5,1,29,,144666,39,0,5,1,71,,144662,39,0,5,2,32,,144675,39,0,5,1
19201,'H54M300F-80-F3',556,,174072,39,0,5,2,68,,174038,39,0,5,1,31,,174060,39,0,5,1,70,,174073,39,0,5,2,30,,174039,39,0,5,1,70,,174061,39,0,5,1,32,,174074,39,0,5,2,73,,174040,39,0,5,1,70,,174062,39,0,5,1,30,,174075,39,0,5,2,70,,174041,39,0,5,1,30,,174063,39,0,5,1,70,,174076,39,0,5,2,30,,174042,39,0,5,1,70,,174051,39,0,5,2,30,,174064,39,0,5,1,70,,174077,39,0,5,2,26,,174043,39,0,5,1,28,,174052,39,0,5,2,69,,174065,39,0,5,1,30,,174078,39,0,5,2,72,,174044,39,0,5,1,32,,174053,39,0,5,2,73,,174066,39,0,5,1,72,,174045,39,0,5,1,32,,174054,39,0,5,2,70,,174067,39,0,5,1,28,,174046,39,0,5,1,70,,174055,39,0,5,2,29,,174068,39,0,5,1,69,,174047,39,0,5,1,30,,174056,39,0,5,2,70,,174069,39,0,5,1,27,,174048,39,0,5,1,29,,174057,39,0,5,2,70,,174070,39,0,5,1,30,,174049,39,0,5,1,69,,174058,39,0,5,2,29,,174071,39,0,5,1,71,,174050,39,0,5,1,32,,174059,39,0,5,2
19201,'H57M000S-70-S',1447,,144717,39,0,5,2
19201,'H58M000S-70-S',1653,,144718,39,0,5,1
