21701,'H50J000S-83-S',651,,73665,3,0,5,1
21701,'H50JV00S-82-S',651,,73666,3,0,5,1
21701,'H60J000A-80-A',601,,73667,3,0,5,1,28,,73684,3,0,5,2,29,,73668,3,0,5,1,71,,73685,3,0,5,2,72,,73669,3,0,5,1,31,,73686,3,0,5,2,71,,73670,3,0,5,1,31,,73687,3,0,5,2,71,,73671,3,0,5,1,31,,73688,3,0,5,2,72,,73672,3,0,5,1,32,,73689,3,0,5,2,72,,73673,3,0,5,1,32,,73690,3,0,5,2,73,,73674,3,0,5,1,33,,73691,3,0,5,2,72,,73675,3,0,5,1,32,,73692,3,0,5,2,73,,73676,3,0,5,1,32,,73693,3,0,5,2,73,,73677,3,0,5,1,71,,73694,3,0,5,2,33,,73678,3,0,5,1,71,,73695,3,0,5,2,30,,73679,3,0,5,1,71,,73696,3,0,5,2,30,,73680,3,0,5,1,71,,73697,3,0,5,2,30,,73681,3,0,5,1,71,,73698,3,0,5,2,31,,73682,3,0,5,1,71,,73699,3,0,5,2,31,,73683,3,0,5,1,88,,73700,3,0,5,2
21701,'H60J000I-80-I',657,,73706,3,0,5,1,67,,73717,3,0,5,2,28,,73707,3,0,5,1,70,,73718,3,0,5,2,31,,73708,3,0,5,1,72,,73719,3,0,5,2,30,,73709,3,0,5,1,73,,73720,3,0,5,2,73,,73710,3,0,5,1,32,,73721,3,0,5,2,71,,73711,3,0,5,1,32,,73722,3,0,5,2,72,,73712,3,0,5,1,33,,73723,3,0,5,2,72,,73713,3,0,5,1,32,,73724,3,0,5,2,72,,73714,3,0,5,1,32,,73725,3,0,5,2,72,,73715,3,0,5,1,32,,73726,3,0,5,2,72,,73716,3,0,5,1,32,,73727,3,0,5,2,72,,73701,3,0,5,1,72,,73728,3,0,5,2,31,,73702,3,0,5,1,71,,73729,3,0,5,2,32,,73703,3,0,5,1,73,,73730,3,0,5,2,33,,73704,3,0,5,1,73,,73731,3,0,5,2,33,,73705,3,0,5,1,84,,73732,3,0,5,2
21701,'H60J000S-98-S',552,,73745,3,0,5,1,79,,73737,3,0,5,1,71,,73733,3,0,5,1,17,,73735,3,0,5,2,32,,73738,3,0,5,1,63,,73734,3,0,5,1,13,,73747,3,0,5,2,20,,73736,3,0,5,2,70,,73739,3,0,5,1,33,,73748,3,0,5,2,73,,73740,3,0,5,1,32,,73749,3,0,5,2,72,,73741,3,0,5,1,32,,73750,3,0,5,2,72,,73742,3,0,5,1,71,,73751,3,0,5,2,32,,73743,3,0,5,1,73,,73752,3,0,5,2,33,,73744,3,0,5,1,74,,73753,3,0,5,2,32,,73758,3,0,5,2,72,,73759,3,0,5,1,32,,73766,3,0,5,2,74,,73746,3,0,5,1,33,,73760,3,0,5,1,73,,73754,3,0,5,1,76,,73761,3,0,5,1,33,,73755,3,0,5,1,74,,73762,3,0,5,1,34,,73756,3,0,5,1,74,,73763,3,0,5,1,32,,73757,3,0,5,1,76,,73764,3,0,5,1,102,,73765,3,0,5,1
21701,'H60JV00A-80-A',601,,73767,3,0,5,1,28,,73784,3,0,5,2,29,,73768,3,0,5,1,71,,73785,3,0,5,2,72,,73769,3,0,5,1,31,,73786,3,0,5,2,71,,73770,3,0,5,1,31,,73787,3,0,5,2,71,,73771,3,0,5,1,31,,73788,3,0,5,2,72,,73772,3,0,5,1,32,,73789,3,0,5,2,72,,73773,3,0,5,1,32,,73790,3,0,5,2,73,,73774,3,0,5,1,33,,73791,3,0,5,2,72,,73775,3,0,5,1,32,,73792,3,0,5,2,73,,73776,3,0,5,1,32,,73793,3,0,5,2,73,,73777,3,0,5,1,71,,73794,3,0,5,2,33,,73778,3,0,5,1,71,,73795,3,0,5,2,30,,73779,3,0,5,1,71,,73796,3,0,5,2,30,,73780,3,0,5,1,71,,73797,3,0,5,2,30,,73781,3,0,5,1,71,,73798,3,0,5,2,31,,73782,3,0,5,1,71,,73799,3,0,5,2,31,,73783,3,0,5,1,88,,73800,3,0,5,2
21701,'H60JV00I-80-I',657,,73822,3,0,5,1,67,,73806,3,0,5,2,28,,73823,3,0,5,1,70,,73807,3,0,5,2,31,,73824,3,0,5,1,72,,73808,3,0,5,2,30,,73825,3,0,5,1,73,,73809,3,0,5,2,73,,73826,3,0,5,1,32,,73810,3,0,5,2,71,,73827,3,0,5,1,32,,73811,3,0,5,2,72,,73828,3,0,5,1,33,,73812,3,0,5,2,72,,73829,3,0,5,1,32,,73813,3,0,5,2,72,,73830,3,0,5,1,32,,73814,3,0,5,2,72,,73831,3,0,5,1,32,,73815,3,0,5,2,72,,73832,3,0,5,1,32,,73816,3,0,5,2,72,,73801,3,0,5,1,72,,73817,3,0,5,2,31,,73802,3,0,5,1,71,,73818,3,0,5,2,32,,73803,3,0,5,1,73,,73819,3,0,5,2,33,,73804,3,0,5,1,73,,73820,3,0,5,2,33,,73805,3,0,5,1,84,,73821,3,0,5,2
21701,'H60JV00S-98-S',552,,73837,3,0,5,1,79,,73855,3,0,5,1,71,,73845,3,0,5,1,17,,73833,3,0,5,2,32,,73856,3,0,5,1,63,,73846,3,0,5,1,13,,73848,3,0,5,2,20,,73834,3,0,5,2,70,,73857,3,0,5,1,33,,73849,3,0,5,2,73,,73858,3,0,5,1,32,,73850,3,0,5,2,72,,73859,3,0,5,1,32,,73851,3,0,5,2,72,,73860,3,0,5,1,71,,73852,3,0,5,2,32,,73861,3,0,5,1,73,,73853,3,0,5,2,33,,73862,3,0,5,1,74,,73854,3,0,5,2,32,,73836,3,0,5,2,72,,73838,3,0,5,1,32,,73847,3,0,5,1,74,,73835,3,0,5,1,33,,73839,3,0,5,1,73,,73863,3,0,5,1,76,,73840,3,0,5,1,33,,73864,3,0,5,1,74,,73841,3,0,5,1,34,,73865,3,0,5,1,74,,73842,3,0,5,1,32,,73866,3,0,5,1,76,,73843,3,0,5,1,102,,73844,3,0,5,1
41901,'H60J000S-98-S',654,,76583,11,0,5,1,69,,76592,11,0,5,2,31,,76584,11,0,5,1,70,,76593,11,0,5,2,30,,76595,11,0,5,2,70,,76604,11,0,5,1,30,,76594,11,0,5,2,70,,76596,11,0,5,2,30,,76585,11,0,5,1,71,,76597,11,0,5,2,31,,76605,11,0,5,1,71,,76598,11,0,5,2,26,,76586,11,0,5,1,61,,76606,11,0,5,1,20,,76599,11,0,5,2,20,,76587,11,0,5,1,57,,76610,11,0,5,2,15,,76600,11,0,5,2,15,,76607,11,0,5,1,16,,76588,11,0,5,1,57,,76611,11,0,5,2,20,,76601,11,0,5,2,20,,76589,11,0,5,1,48,,76608,11,0,5,1,9,,76612,11,0,5,2,10,,76613,11,0,5,2,10,,76602,11,0,5,2,10,,76616,11,0,5,2,10,,76590,11,0,5,1,52,,76609,11,0,5,1,18,,76614,11,0,5,2,20,,76603,11,0,5,2,64,,76591,11,0,5,1,30,,76615,11,0,5,2
41901,'H60JV00S-98-S',654,,76617,11,0,5,1,70,,76629,11,0,5,2,30,,76618,11,0,5,1,70,,76630,11,0,5,2,30,,76619,11,0,5,1,70,,76631,11,0,5,2,30,,76620,11,0,5,1,70,,76632,11,0,5,2,30,,76621,11,0,5,1,71,,76633,11,0,5,2,31,,76622,11,0,5,1,71,,76634,11,0,5,2,31,,76623,11,0,5,1,71,,76635,11,0,5,2,71,,76624,11,0,5,1,31,,76636,11,0,5,2,71,,76625,11,0,5,1,31,,76637,11,0,5,2,71,,76626,11,0,5,1,31,,76638,11,0,5,2,70,,76627,11,0,5,1,30,,76639,11,0,5,2,70,,76640,11,0,5,2,30,,76628,11,0,5,1
42501,'H50J000S-83-S',750,,76757,2,0,5,1
42501,'H50JV00S-82-S',750,,76758,2,0,5,1
42501,'H56J000S-80-S',541,,76762,2,0,5,1,17,,76760,2,0,5,2,58,,76766,2,0,5,1,21,,76769,2,0,5,1,66,,76771,2,0,5,2,22,,76772,2,0,5,2,88,,76770,2,0,5,1,20,,76763,2,0,5,2,22,,76764,2,0,5,2,63,,76767,2,0,5,1,23,,76759,2,0,5,2,64,,76765,2,0,5,2,25,,76768,2,0,5,2,26,,76761,2,0,5,1,69,,76774,2,0,5,1,33,,76773,2,0,5,1
42501,'H56JV00S-80-S',541,,76778,2,0,5,1,17,,76776,2,0,5,2,58,,76782,2,0,5,1,21,,76785,2,0,5,1,66,,76787,2,0,5,2,22,,76788,2,0,5,1,88,,76786,2,0,5,1,20,,76779,2,0,5,2,22,,76780,2,0,5,2,63,,76783,2,0,5,1,23,,76775,2,0,5,2,64,,76781,2,0,5,1,25,,76784,2,0,5,1,26,,76777,2,0,5,1,69,,76790,2,0,5,1,33,,76789,2,0,5,1
