20103,'26J-H60J000A-80-A',601,,64931,0,8,1,30,,64935,0,8,1,70,,64955,0,8,1,30,,64936,0,8,2,70,,64941,0,8,1,30,,64948,0,8,1,70,,64927,0,8,1,30,,64956,0,8,1,70,,64937,0,8,2,30,,64942,0,8,1,69,,64949,0,8,1,29,,64928,0,8,1,30,,64957,0,8,1,70,,64938,0,8,2,30,,64943,0,8,1,70,,64950,0,8,1,30,,64929,0,8,1,71,,64958,0,8,1,71,,64939,0,8,2,30,,64944,0,8,1,70,,64951,0,8,1,30,,64930,0,8,1,71,,64959,0,8,1,31,,64940,0,8,2,70,,64945,0,8,1,31,,64952,0,8,1,84,,64932,0,8,2,33,,64960,0,8,1,72,,64946,0,8,1,32,,64953,0,8,1,72,,64933,0,8,2,32,,64961,0,8,1,72,,64947,0,8,1,71,,64954,0,8,1,30,,64934,0,8,2
20103,'26J-H60J000I-80-I',651,,64973,0,8,1,72,,64977,0,8,1,33,,64971,0,8,2,73,,64962,0,8,1,73,,64974,0,8,1,33,,64978,0,8,1,72,,64972,0,8,2,32,,64993,0,8,1,74,,64990,0,8,1,33,,64964,0,8,2,73,,64975,0,8,1,33,,64982,0,8,2,73,,64969,0,8,1,33,,64991,0,8,1,73,,64965,0,8,2,73,,64976,0,8,1,33,,64983,0,8,2,73,,64970,0,8,1,33,,64992,0,8,1,72,,64966,0,8,2,33,,64963,0,8,1,73,,64967,0,8,2,32,,64979,0,8,1,74,,64984,0,8,2,73,,64988,0,8,1,33,,64968,0,8,2,72,,64980,0,8,1,29,,64985,0,8,2,69,,64989,0,8,1,29,,64987,0,8,1,70,,64981,0,8,1,30,,64986,0,8,2
20103,'26J-H60J000S-98-S',601,,65012,0,8,1,34,,65015,0,8,2,73,,65007,0,8,2,28,,65013,0,8,1,81,,65003,0,8,2,41,,65008,0,8,1,78,,64994,0,8,2,79,,65014,0,8,1,36,,65004,0,8,2,75,,65009,0,8,1,76,,64995,0,8,2,35,,65001,0,8,1,73,,65017,0,8,1,33,,65005,0,8,2,75,,65010,0,8,1,35,,64996,0,8,2,74,,65002,0,8,1,75,,65018,0,8,1,35,,65006,0,8,2,72,,65023,0,8,2,32,,65011,0,8,1,75,,64997,0,8,2,34,,65025,0,8,1,77,,65016,0,8,2,31,,65020,0,8,1,73,,64998,0,8,1,73,,65021,0,8,2,31,,65019,0,8,1,70,,65024,0,8,2,30,,65000,0,8,1,69,,64999,0,8,1,29,,65022,0,8,2
20103,'26J-H60JV00A-80-A',601,,65027,0,8,1,30,,65026,0,8,1,70,,65040,0,8,1,30,,65028,0,8,2,70,,65033,0,8,1,30,,65047,0,8,1,70,,65054,0,8,1,30,,65041,0,8,1,70,,65029,0,8,2,30,,65034,0,8,1,69,,65048,0,8,1,29,,65055,0,8,1,30,,65042,0,8,1,70,,65030,0,8,2,30,,65035,0,8,1,70,,65049,0,8,1,30,,65056,0,8,1,71,,65043,0,8,1,71,,65031,0,8,2,30,,65036,0,8,1,70,,65050,0,8,1,30,,65057,0,8,1,71,,65044,0,8,1,31,,65032,0,8,2,70,,65037,0,8,1,31,,65051,0,8,1,84,,65058,0,8,2,33,,65045,0,8,1,72,,65038,0,8,1,32,,65052,0,8,1,72,,65059,0,8,2,32,,65046,0,8,1,72,,65039,0,8,1,71,,65053,0,8,1,30,,65060,0,8,2
20103,'26J-H60JV00I-80-I',651,,65081,0,8,1,72,,65069,0,8,1,33,,65085,0,8,2,73,,65089,0,8,1,73,,65082,0,8,1,33,,65070,0,8,1,72,,65086,0,8,2,32,,65087,0,8,1,74,,65076,0,8,1,33,,65066,0,8,2,73,,65079,0,8,1,33,,65083,0,8,2,73,,65074,0,8,1,33,,65077,0,8,1,73,,65067,0,8,2,73,,65080,0,8,1,33,,65084,0,8,2,73,,65075,0,8,1,33,,65078,0,8,1,72,,65068,0,8,2,33,,65090,0,8,1,73,,65091,0,8,2,32,,65071,0,8,1,74,,65063,0,8,2,73,,65061,0,8,1,33,,65092,0,8,2,72,,65072,0,8,1,29,,65064,0,8,2,69,,65062,0,8,1,29,,65088,0,8,1,70,,65073,0,8,1,30,,65065,0,8,2
20103,'26J-H60JV00S-98-S',601,,65123,0,8,1,34,,65104,0,8,2,73,,65103,0,8,2,28,,65093,0,8,1,81,,65099,0,8,2,41,,65106,0,8,1,78,,65095,0,8,2,79,,65094,0,8,1,36,,65100,0,8,2,75,,65107,0,8,1,76,,65096,0,8,2,35,,65110,0,8,1,73,,65112,0,8,1,33,,65101,0,8,2,75,,65108,0,8,1,35,,65097,0,8,2,74,,65111,0,8,1,75,,65113,0,8,1,35,,65102,0,8,2,72,,65105,0,8,2,32,,65109,0,8,1,75,,65098,0,8,2,34,,65115,0,8,1,77,,65120,0,8,2,31,,65119,0,8,1,73,,65116,0,8,1,73,,65121,0,8,2,31,,65114,0,8,1,70,,65118,0,8,2,30,,65124,0,8,1,69,,65117,0,8,1,29,,65122,0,8,2
20501,'26J-H60J000A-80-A',532,,66673,0,5,2,70,,66685,0,5,1,30,,66674,0,5,2,72,,66686,0,5,1,30,,66675,0,5,2,71,,66687,0,5,1,31,,66676,0,5,2,71,,66688,0,5,1,31,,66677,0,5,2,73,,66689,0,5,1,31,,66678,0,5,2,75,,66690,0,5,1,35,,66679,0,5,2,75,,66691,0,5,1,75,,66680,0,5,2,35,,66692,0,5,1,76,,66681,0,5,2,36,,66693,0,5,1,76,,66682,0,5,2,76,,66694,0,5,1,36,,66683,0,5,2,75,,66695,0,5,1,35,,66684,0,5,2,75,,66696,0,5,1,34,,66704,0,5,1,75,,66697,0,5,1,74,,66705,0,5,1,33,,66698,0,5,1,74,,66706,0,5,1,34,,66699,0,5,1,75,,66702,0,5,1,33,,66700,0,5,1,74,,66703,0,5,1,74,,66701,0,5,1
20501,'26J-H60J000I-80-I',646,,66717,0,5,1,70,,66713,0,5,2,31,,66718,0,5,1,70,,66714,0,5,2,31,,66719,0,5,1,70,,66715,0,5,2,31,,66720,0,5,1,70,,66716,0,5,2,31,,66712,0,5,1,73,,66707,0,5,1,34,,66721,0,5,1,77,,66708,0,5,1,76,,66734,0,5,1,35,,66709,0,5,1,76,,66735,0,5,1,36,,66710,0,5,1,75,,66736,0,5,1,75,,66711,0,5,1,36,,66737,0,5,1,76,,66722,0,5,2,36,,66738,0,5,1,76,,66723,0,5,2,75,,66729,0,5,1,34,,66724,0,5,2,73,,66730,0,5,1,32,,66725,0,5,2,73,,66731,0,5,1,33,,66726,0,5,2,73,,66732,0,5,1,33,,66727,0,5,2,73,,66733,0,5,1,72,,66728,0,5,2
20501,'26J-H60J000S-98-S',502,,66740,0,5,1,31,,66745,0,5,2,72,,66741,0,5,1,33,,66746,0,5,2,73,,66765,0,5,1,34,,66739,0,5,1,70,,66749,0,5,1,29,,66766,0,5,1,69,,66757,0,5,1,29,,66750,0,5,1,70,,66742,0,5,1,29,,66758,0,5,1,69,,66751,0,5,1,30,,66743,0,5,1,70,,66759,0,5,1,32,,66752,0,5,1,72,,66744,0,5,1,31,,66760,0,5,1,66,,66748,0,5,1,27,,66770,0,5,2,69,,66769,0,5,1,29,,66761,0,5,1,69,,66771,0,5,2,29,,66767,0,5,1,66,,66762,0,5,1,27,,66772,0,5,2,27,,66768,0,5,1,67,,66763,0,5,1,29,,66764,0,5,1,69,,66747,0,5,1,31,,66773,0,5,2,73,,66753,0,5,1,32,,66774,0,5,2,72,,66754,0,5,1,32,,66775,0,5,2,72,,66755,0,5,1,71,,66776,0,5,2,31,,66756,0,5,1,74,,66777,0,5,2
20501,'26J-H60JV00A-80-A',532,,66781,0,5,2,70,,66809,0,5,1,30,,66782,0,5,2,72,,66801,0,5,1,30,,66783,0,5,2,71,,66802,0,5,1,31,,66784,0,5,2,71,,66803,0,5,1,31,,66785,0,5,2,73,,66804,0,5,1,31,,66786,0,5,2,75,,66805,0,5,1,35,,66787,0,5,2,75,,66806,0,5,1,75,,66788,0,5,2,35,,66807,0,5,1,76,,66789,0,5,2,36,,66808,0,5,1,76,,66790,0,5,2,76,,66793,0,5,1,36,,66791,0,5,2,75,,66794,0,5,1,35,,66792,0,5,2,75,,66795,0,5,1,34,,66778,0,5,1,75,,66796,0,5,1,74,,66779,0,5,1,33,,66797,0,5,1,74,,66780,0,5,1,34,,66798,0,5,1,75,,66810,0,5,1,33,,66799,0,5,1,74,,66811,0,5,1,74,,66800,0,5,1
20501,'26J-H60JV00I-80-I',646,,66816,0,5,1,70,,66812,0,5,2,31,,66817,0,5,1,70,,66813,0,5,2,31,,66818,0,5,1,70,,66814,0,5,2,31,,66819,0,5,1,70,,66815,0,5,2,31,,66843,0,5,1,73,,66825,0,5,1,34,,66830,0,5,1,77,,66826,0,5,1,76,,66838,0,5,1,35,,66827,0,5,1,76,,66839,0,5,1,36,,66828,0,5,1,75,,66840,0,5,1,75,,66829,0,5,1,36,,66841,0,5,1,76,,66831,0,5,2,36,,66842,0,5,1,76,,66832,0,5,2,75,,66820,0,5,1,34,,66833,0,5,2,73,,66821,0,5,1,32,,66834,0,5,2,73,,66822,0,5,1,33,,66835,0,5,2,73,,66823,0,5,1,33,,66836,0,5,2,73,,66824,0,5,1,72,,66837,0,5,2
20501,'26J-H60JV00S-98-S',502,,66872,0,5,1,31,,66849,0,5,1,72,,66873,0,5,1,33,,66850,0,5,1,73,,66874,0,5,1,34,,66847,0,5,1,70,,66865,0,5,1,29,,66875,0,5,1,69,,66879,0,5,1,29,,66866,0,5,1,70,,66862,0,5,1,29,,66880,0,5,1,69,,66867,0,5,1,30,,66863,0,5,1,70,,66881,0,5,1,32,,66868,0,5,1,72,,66864,0,5,1,31,,66882,0,5,1,66,,66848,0,5,1,27,,66869,0,5,1,69,,66846,0,5,1,29,,66876,0,5,1,69,,66870,0,5,1,29,,66844,0,5,1,66,,66877,0,5,1,27,,66871,0,5,1,27,,66845,0,5,1,67,,66878,0,5,1,29,,66851,0,5,1,69,,66856,0,5,1,31,,66857,0,5,2,73,,66852,0,5,1,32,,66858,0,5,2,72,,66853,0,5,1,32,,66859,0,5,2,72,,66854,0,5,1,71,,66860,0,5,2,31,,66855,0,5,1,74,,66861,0,5,2
20601,'26J-H60J000A-80-A',632,,67117,0,5,1,70,,67099,0,5,1,30,,67118,0,5,1,70,,67100,0,5,1,30,,67119,0,5,1,70,,67101,0,5,1,30,,67120,0,5,1,70,,67102,0,5,1,30,,67121,0,5,1,70,,67103,0,5,1,30,,67122,0,5,1,70,,67104,0,5,1,30,,67123,0,5,1,70,,67105,0,5,1,30,,67124,0,5,1,70,,67106,0,5,1,30,,67125,0,5,1,70,,67107,0,5,1,30,,67126,0,5,1,70,,67108,0,5,1,30,,67127,0,5,1,70,,67109,0,5,1,30,,67128,0,5,1,70,,67110,0,5,1,30,,67129,0,5,1,70,,67111,0,5,1,30,,67130,0,5,1,70,,67112,0,5,1,30,,67131,0,5,1,70,,67113,0,5,1,30,,67132,0,5,1,70,,67114,0,5,1,100,,67115,0,5,1,100,,67116,0,5,1
20601,'26J-H60J000I-80-I',702,,67133,0,5,1,30,,67151,0,5,1,70,,67134,0,5,1,30,,67152,0,5,1,70,,67135,0,5,1,30,,67153,0,5,1,70,,67136,0,5,1,30,,67154,0,5,1,70,,67137,0,5,1,30,,67155,0,5,1,70,,67138,0,5,1,30,,67156,0,5,1,70,,67139,0,5,1,30,,67157,0,5,1,70,,67140,0,5,1,30,,67158,0,5,1,70,,67141,0,5,1,30,,67159,0,5,1,70,,67142,0,5,1,30,,67160,0,5,1,70,,67143,0,5,1,29,,67161,0,5,1,70,,67144,0,5,1,31,,67162,0,5,1,70,,67145,0,5,1,30,,67163,0,5,1,70,,67146,0,5,1,30,,67164,0,5,1,70,,67147,0,5,1,30,,67165,0,5,1,70,,67148,0,5,1,100,,67149,0,5,1,100,,67150,0,5,1
20601,'26J-H60J000S-98-S',522,,67171,0,5,1,33,,67193,0,5,1,73,,67198,0,5,1,29,,67194,0,5,1,68,,67172,0,5,1,32,,67184,0,5,1,72,,67173,0,5,1,72,,67185,0,5,1,31,,67174,0,5,1,70,,67186,0,5,1,30,,67175,0,5,1,71,,67187,0,5,1,30,,67176,0,5,1,71,,67188,0,5,1,31,,67177,0,5,1,71,,67189,0,5,1,32,,67178,0,5,1,73,,67166,0,5,1,33,,67179,0,5,1,73,,67167,0,5,1,33,,67180,0,5,1,73,,67168,0,5,1,32,,67181,0,5,1,72,,67169,0,5,1,31,,67182,0,5,1,71,,67170,0,5,1,71,,67183,0,5,1,31,,67190,0,5,1,70,,67195,0,5,1,30,,67191,0,5,1,70,,67196,0,5,1,30,,67192,0,5,1,81,,67197,0,5,1,91,,67199,0,5,1,99,,67200,0,5,1
20601,'26J-H60JV00A-80-A',632,,67219,0,5,1,70,,67201,0,5,1,30,,67220,0,5,1,70,,67202,0,5,1,30,,67221,0,5,1,70,,67203,0,5,1,30,,67222,0,5,1,70,,67204,0,5,1,30,,67223,0,5,1,70,,67205,0,5,1,30,,67224,0,5,1,70,,67206,0,5,1,30,,67225,0,5,1,70,,67207,0,5,1,30,,67226,0,5,1,70,,67208,0,5,1,30,,67227,0,5,1,70,,67209,0,5,1,30,,67228,0,5,1,70,,67210,0,5,1,30,,67229,0,5,1,70,,67211,0,5,1,30,,67230,0,5,1,70,,67212,0,5,1,30,,67231,0,5,1,70,,67213,0,5,1,30,,67232,0,5,1,70,,67214,0,5,1,30,,67233,0,5,1,70,,67215,0,5,1,30,,67234,0,5,1,70,,67216,0,5,1,100,,67217,0,5,1,100,,67218,0,5,1
20601,'26J-H60JV00I-80-I',702,,67235,0,5,1,30,,67253,0,5,1,70,,67236,0,5,1,30,,67254,0,5,1,70,,67237,0,5,1,30,,67255,0,5,1,70,,67238,0,5,1,30,,67256,0,5,1,70,,67239,0,5,1,30,,67257,0,5,1,70,,67240,0,5,1,30,,67258,0,5,1,70,,67241,0,5,1,30,,67259,0,5,1,70,,67242,0,5,1,30,,67260,0,5,1,70,,67243,0,5,1,30,,67261,0,5,1,70,,67244,0,5,1,30,,67262,0,5,1,70,,67245,0,5,1,29,,67263,0,5,1,70,,67246,0,5,1,31,,67264,0,5,1,70,,67247,0,5,1,30,,67265,0,5,1,70,,67248,0,5,1,30,,67266,0,5,1,70,,67249,0,5,1,30,,67267,0,5,1,70,,67250,0,5,1,100,,67251,0,5,1,100,,67252,0,5,1
20601,'26J-H60JV00S-98-S',522,,67277,0,5,1,33,,67278,0,5,1,73,,67300,0,5,1,29,,67279,0,5,1,68,,67280,0,5,1,32,,67268,0,5,1,72,,67281,0,5,1,72,,67269,0,5,1,31,,67282,0,5,1,70,,67270,0,5,1,30,,67283,0,5,1,71,,67271,0,5,1,30,,67284,0,5,1,71,,67272,0,5,1,31,,67285,0,5,1,71,,67273,0,5,1,32,,67286,0,5,1,73,,67292,0,5,1,33,,67287,0,5,1,73,,67293,0,5,1,33,,67288,0,5,1,73,,67294,0,5,1,32,,67289,0,5,1,72,,67295,0,5,1,31,,67290,0,5,1,71,,67296,0,5,1,71,,67291,0,5,1,31,,67297,0,5,1,70,,67274,0,5,1,30,,67298,0,5,1,70,,67275,0,5,1,30,,67299,0,5,1,81,,67276,0,5,1,91,,67301,0,5,1,99,,67302,0,5,1
20703,'26J-H60J000A-80-A',532,,67501,0,8,1,70,,67502,0,8,1,30,,67505,0,8,1,70,,67523,0,8,2,30,,67506,0,8,1,70,,67524,0,8,2,30,,67507,0,8,1,70,,67525,0,8,2,30,,67508,0,8,1,70,,67526,0,8,2,30,,67509,0,8,1,70,,67527,0,8,2,30,,67510,0,8,1,70,,67528,0,8,2,30,,67511,0,8,1,70,,67529,0,8,2,30,,67512,0,8,1,70,,67530,0,8,2,30,,67513,0,8,1,70,,67531,0,8,2,30,,67514,0,8,1,70,,67532,0,8,2,29,,67515,0,8,1,70,,67533,0,8,2,30,,67516,0,8,1,70,,67534,0,8,2,32,,67517,0,8,1,70,,67535,0,8,2,30,,67518,0,8,1,70,,67536,0,8,2,30,,67519,0,8,1,72,,67537,0,8,2,32,,67520,0,8,1,70,,67538,0,8,2,30,,67521,0,8,1,98,,67522,0,8,1,95,,67503,0,8,1,95,,67504,0,8,1
20703,'26J-H60J000I-80-I',702,,67539,0,8,1,30,,67540,0,8,1,70,,67559,0,8,2,30,,67541,0,8,1,70,,67560,0,8,2,30,,67542,0,8,1,70,,67561,0,8,2,30,,67543,0,8,1,70,,67562,0,8,2,30,,67544,0,8,1,70,,67563,0,8,2,30,,67545,0,8,1,70,,67564,0,8,2,30,,67546,0,8,1,70,,67565,0,8,2,30,,67547,0,8,1,70,,67566,0,8,2,30,,67548,0,8,1,69,,67567,0,8,2,29,,67549,0,8,1,29,,67568,0,8,2,69,,67550,0,8,1,30,,67569,0,8,2,71,,67551,0,8,1,72,,67570,0,8,2,31,,67552,0,8,1,71,,67571,0,8,2,31,,67553,0,8,1,71,,67572,0,8,2,31,,67554,0,8,1,98,,67555,0,8,1,98,,67556,0,8,1,98,,67557,0,8,1,92,,67558,0,8,1
20703,'26J-H60J000S-98-S',502,,67573,0,8,1,31,,67587,0,8,1,72,,67603,0,8,1,31,,67599,0,8,1,71,,67604,0,8,1,29,,67600,0,8,1,70,,67605,0,8,1,30,,67601,0,8,1,70,,67606,0,8,1,30,,67607,0,8,1,70,,67578,0,8,1,31,,67588,0,8,1,69,,67579,0,8,1,30,,67589,0,8,1,70,,67580,0,8,1,30,,67590,0,8,1,70,,67581,0,8,1,30,,67591,0,8,1,69,,67582,0,8,1,29,,67592,0,8,1,69,,67583,0,8,1,29,,67593,0,8,1,70,,67584,0,8,1,31,,67594,0,8,1,71,,67585,0,8,1,30,,67595,0,8,1,70,,67586,0,8,1,31,,67596,0,8,1,70,,67608,0,8,2,30,,67574,0,8,1,70,,67609,0,8,2,31,,67575,0,8,1,71,,67610,0,8,1,32,,67576,0,8,1,69,,67611,0,8,1,30,,67597,0,8,1,100,,67598,0,8,1,100,,67602,0,8,1,89,,67577,0,8,1
20703,'26J-H60JV00A-80-A',532,,67612,0,8,1,70,,67613,0,8,1,30,,67614,0,8,1,70,,67632,0,8,2,30,,67615,0,8,1,70,,67633,0,8,2,30,,67616,0,8,1,70,,67634,0,8,2,30,,67617,0,8,1,70,,67635,0,8,2,30,,67618,0,8,1,70,,67636,0,8,2,30,,67619,0,8,1,70,,67637,0,8,2,30,,67620,0,8,1,70,,67638,0,8,2,30,,67621,0,8,1,70,,67639,0,8,2,30,,67622,0,8,1,70,,67640,0,8,2,30,,67623,0,8,1,70,,67641,0,8,2,29,,67624,0,8,1,70,,67642,0,8,2,30,,67625,0,8,1,70,,67643,0,8,2,32,,67626,0,8,1,70,,67644,0,8,2,30,,67627,0,8,1,70,,67645,0,8,2,30,,67628,0,8,1,72,,67646,0,8,2,32,,67629,0,8,1,70,,67647,0,8,2,30,,67630,0,8,1,98,,67631,0,8,1,95,,67648,0,8,1,95,,67649,0,8,1
20703,'26J-H60JV00I-80-I',702,,67683,0,8,1,30,,67651,0,8,1,70,,67669,0,8,2,30,,67652,0,8,1,70,,67670,0,8,2,30,,67653,0,8,1,70,,67671,0,8,2,30,,67654,0,8,1,70,,67672,0,8,2,30,,67655,0,8,1,70,,67673,0,8,2,30,,67656,0,8,1,70,,67674,0,8,2,30,,67657,0,8,1,70,,67675,0,8,2,30,,67658,0,8,1,70,,67676,0,8,2,30,,67659,0,8,1,69,,67677,0,8,2,29,,67660,0,8,1,29,,67678,0,8,2,69,,67661,0,8,1,30,,67679,0,8,2,71,,67662,0,8,1,72,,67680,0,8,2,31,,67663,0,8,1,71,,67681,0,8,2,31,,67664,0,8,1,71,,67682,0,8,2,31,,67665,0,8,1,98,,67666,0,8,1,98,,67667,0,8,1,98,,67668,0,8,1,92,,67650,0,8,1
20703,'26J-H60JV00S-98-S',502,,67685,0,8,1,31,,67686,0,8,1,72,,67691,0,8,1,31,,67687,0,8,1,71,,67692,0,8,1,29,,67688,0,8,1,70,,67693,0,8,1,30,,67689,0,8,1,70,,67694,0,8,1,30,,67684,0,8,1,70,,67695,0,8,1,31,,67704,0,8,1,69,,67696,0,8,1,30,,67705,0,8,1,70,,67697,0,8,1,30,,67706,0,8,1,70,,67698,0,8,1,30,,67707,0,8,1,69,,67699,0,8,1,29,,67708,0,8,1,69,,67700,0,8,1,29,,67709,0,8,1,70,,67701,0,8,1,31,,67710,0,8,1,71,,67702,0,8,1,30,,67711,0,8,1,70,,67703,0,8,1,31,,67712,0,8,1,70,,67717,0,8,2,30,,67719,0,8,1,70,,67718,0,8,2,31,,67720,0,8,1,71,,67715,0,8,1,32,,67721,0,8,1,69,,67716,0,8,1,30,,67713,0,8,1,100,,67714,0,8,1,100,,67690,0,8,1,89,,67722,0,8,1
21802,'26J-H60J000S-98-S',604,,70775,0,10,1,31,,70781,0,10,1,71,,70776,0,10,1,31,,70779,0,10,2,70,,70777,0,10,1,30,,70780,0,10,2,67,,70778,0,10,1,609,,70786,0,10,2,32,,70782,0,10,1,73,,70787,0,10,2,32,,70783,0,10,1,71,,70788,0,10,2,32,,70784,0,10,1,71,,70789,0,10,2,33,,70785,0,10,1
21802,'26J-H60JV00S-98-S',604,,70790,0,10,1,31,,70794,0,10,1,71,,70791,0,10,1,31,,70799,0,10,2,70,,70792,0,10,1,30,,70800,0,10,2,67,,70793,0,10,1,609,,70795,0,10,1,32,,70801,0,10,1,73,,70796,0,10,1,32,,70802,0,10,1,71,,70797,0,10,2,32,,70803,0,10,1,71,,70798,0,10,2,33,,70804,0,10,1
38201,'26J-H60J000A-80-A',2604,,72747,0,5,1,45,,72746,0,5,2,85,,72745,0,5,1,85,,72748,0,5,1
38201,'26J-H60J000I-80-I',2604,,72750,0,5,1,45,,72751,0,5,1,85,,72749,0,5,1,85,,72752,0,5,1
38201,'26J-H60J000S-98-S',2601,,72756,0,5,1,47,,72754,0,5,1,85,,72753,0,5,1,85,,72755,0,5,1
38201,'26J-H60JV00A-80-A',2604,,72760,0,5,1,45,,72759,0,5,2,85,,72758,0,5,1,85,,72757,0,5,1
38201,'26J-H60JV00I-80-I',2604,,72764,0,5,1,45,,72763,0,5,1,85,,72762,0,5,1,85,,72761,0,5,1
38201,'26J-H60JV00S-98-S',2601,,72766,0,5,1,47,,72765,0,5,1,85,,72768,0,5,1,85,,72767,0,5,1
47002,'26J-H50J000A-84-A',553,,76552,0,83 15 84,1,72,,76558,0,83 15 84,1,32,,76567,0,83 15 84,1,71,,76576,0,83 15 84,1,25,,76553,0,83 15 84,1,62,,76559,0,83 15 84,1,21,,76568,0,83 15 84,1,21,,76583,0,83 15 84,1,61,,76577,0,83 15 84,1,21,,76554,0,83 15 84,1,63,,76560,0,83 15 84,1,22,,76569,0,83 15 84,1,21,,76584,0,83 15 84,1,60,,76578,0,83 15 84,1,20,,76555,0,83 15 84,1,21,,76561,0,83 15 84,1,58,,76588,0,83 15 84,1,16,,76570,0,83 15 84,1,16,,76585,0,83 15 84,1,19,,76579,0,83 15 84,1,60,,76556,0,83 15 84,1,20,,76562,0,83 15 84,1,17,,76589,0,83 15 84,1,56,,76571,0,83 15 84,1,16,,76586,0,83 15 84,1,16,,76592,0,83 15 84,1,16,,76580,0,83 15 84,1,55,,76598,0,83 15 84,1,14,,76557,0,83 15 84,1,15,,76563,0,83 15 84,1,15,,76590,0,85 1 86,1,55,,76572,0,85 1 87,1,16,,76587,0,85 1 86,1,17,,76593,0,85 1 87,1,58,,76581,0,85 1 87,1,19,,76599,0,85 1 87,1,19,,76564,0,85 1 87,1,20,,76591,0,85 1 87,1,59,,76573,0,85 1 87,1,20,,76594,0,85 1 87,1,19,,76582,0,85 1 87,1,60,,76600,0,85 1 87,1,25,,76565,0,85 1 87,1,65,,76574,0,85 1 87,1,26,,76595,0,85 1 87,1,68,,76601,0,85 1 87,1,28,,76566,0,85 1 87,1,28,,76575,0,85 1 87,1,70,,76596,0,85 1 87,1,29,,76602,0,85 1 87,1,69,,76550,0,85 1 87,1,30,,76548,0,85 1 87,1,70,,76597,0,85 1 87,1,29,,76603,0,85 1 87,1,70,,76551,0,85 1 87,1,29,,76547,0,85 1 87,1,69,,76549,0,85 1 87,1
47002,'26J-H50J000I-84-I',553,,76609,0,83 15 84,1,70,,76618,0,83 15 84,1,30,,76627,0,83 15 84,1,71,,76636,0,83 15 84,1,30,,76610,0,83 15 84,1,70,,76619,0,83 15 84,1,30,,76628,0,83 15 84,1,69,,76637,0,83 15 84,1,30,,76611,0,83 15 84,1,70,,76620,0,83 15 84,1,31,,76629,0,83 15 84,1,69,,76638,0,83 15 84,1,30,,76612,0,83 15 84,1,66,,76621,0,83 15 84,1,23,,76630,0,83 15 84,1,59,,76606,0,83 15 84,1,19,,76639,0,83 15 84,1,20,,76643,0,83 15 84,1,60,,76613,0,83 15 84,1,20,,76622,0,83 15 84,1,21,,76631,0,83 15 84,1,60,,76650,0,83 15 84,1,17,,76640,0,83 15 84,1,19,,76644,0,83 15 84,1,18,,76614,0,83 15 84,1,57,,76623,0,85 1 87,1,17,,76632,0,85 1 87,1,19,,76651,0,85 1 87,1,59,,76641,0,85 1 87,1,19,,76645,0,85 1 87,1,20,,76615,0,85 1 87,1,61,,76624,0,85 1 87,1,19,,76633,0,85 1 87,1,22,,76652,0,85 1 87,1,62,,76646,0,85 1 87,1,26,,76616,0,85 1 87,1,68,,76625,0,85 1 87,1,28,,76634,0,85 1 87,1,27,,76647,0,85 1 87,1,68,,76617,0,85 1 87,1,28,,76626,0,85 1 87,1,68,,76635,0,85 1 87,1,30,,76648,0,85 1 87,1,70,,76604,0,85 1 87,1,30,,76642,0,85 1 87,1,70,,76607,0,85 1 87,1,30,,76605,0,85 1 87,1,70,,76649,0,85 1 87,1,30,,76608,0,85 1 87,1
47002,'26J-H50J000S-83-S',554,,76663,0,83 15 84,1,68,,76656,0,83 15 84,1,19,,76662,0,83 15 84,1,16,,76665,0,83 15 84,1,56,,76672,0,83 15 84,1,16,,76653,0,83 15 84,1,18,,76664,0,83 15 84,1,58,,76677,0,83 15 84,1,18,,76678,0,83 15 84,1,18,,76679,0,83 15 84,1,61,,76666,0,83 15 84,1,22,,76673,0,83 15 84,1,22,,76684,0,83 15 84,1,63,,76689,0,83 15 84,1,23,,76680,0,83 15 84,1,24,,76667,0,83 15 84,1,62,,76674,0,83 15 84,1,22,,76685,0,83 15 84,1,18,,76690,0,83 15 84,1,58,,76720,0,83 15 84,1,18,,76681,0,83 15 84,1,18,,76668,0,83 15 84,1,57,,76716,0,83 15 84,1,17,,76675,0,83 15 84,1,16,,76686,0,83 15 84,1,15,,76691,0,85 1 86,1,55,,76721,0,83 15 84,1,15,,76682,0,85 1 86,1,11,,76693,0,85 1 87,1,12,,76669,0,85 1 86,1,50,,76697,0,85 1 87,1,11,,76717,0,85 1 86,1,12,,76676,0,85 1 87,1,12,,76701,0,85 1 86,1,10,,76687,0,85 1 87,1,10,,76692,0,85 1 87,1,49,,76703,0,85 1 86,1,9,,76722,0,85 1 87,1,8,,76694,0,85 1 86,1,8,,76683,0,85 1 87,1,9,,76705,0,85 1 86,1,9,,76699,0,85 1 87,1,11,,76670,0,85 1 87,1,51,,76709,0,85 1 86,1,9,,76718,0,85 1 87,1,12,,76698,0,85 1 87,1,10,,76657,0,85 1 86,1,9,,76702,0,85 1 87,1,9,,76688,0,85 1 87,1,49,,76723,0,85 1 86,1,10,,76704,0,85 1 87,1,11,,76695,0,85 1 87,1,12,,76706,0,85 1 86,1,11,,76671,0,85 1 87,1,51,,76700,0,85 1 87,1,9,,76710,0,85 1 86,1,13,,76719,0,85 1 87,1,15,,76658,0,85 1 87,1,19,,76724,0,85 1 87,1,59,,76696,0,85 1 87,1,19,,76707,0,85 1 87,1,21,,76711,0,85 1 87,1,61,,76655,0,85 1 87,1,21,,76659,0,85 1 87,1,61,,76725,0,85 1 87,1,22,,76708,0,85 1 87,1,20,,76714,0,85 1 87,1,64,,76712,0,85 1 87,1,25,,76660,0,85 1 87,1,27,,76726,0,85 1 87,1,68,,76715,0,85 1 87,1,28,,76713,0,85 1 87,1,69,,76654,0,85 1 87,1,30,,76661,0,85 1 87,1
47002,'26J-H50JV00A-81-A',553,,76732,0,83 15 84,1,72,,76738,0,83 15 84,1,32,,76747,0,83 15 84,1,71,,76756,0,83 15 84,1,25,,76733,0,83 15 84,1,62,,76739,0,83 15 84,1,21,,76748,0,83 15 84,1,21,,76763,0,83 15 84,1,61,,76757,0,83 15 84,1,21,,76734,0,83 15 84,1,63,,76740,0,83 15 84,1,22,,76749,0,83 15 84,1,21,,76764,0,83 15 84,1,60,,76758,0,83 15 84,1,20,,76735,0,83 15 84,1,21,,76741,0,83 15 84,1,58,,76768,0,83 15 84,1,16,,76750,0,83 15 84,1,16,,76765,0,83 15 84,1,19,,76759,0,83 15 84,1,60,,76736,0,83 15 84,1,20,,76742,0,83 15 84,1,17,,76769,0,83 15 84,1,56,,76751,0,83 15 84,1,16,,76766,0,83 15 84,1,16,,76772,0,83 15 84,1,16,,76760,0,83 15 84,1,55,,76778,0,83 15 84,1,14,,76737,0,83 15 84,1,15,,76743,0,83 15 84,1,15,,76770,0,85 1 86,1,55,,76752,0,85 1 87,1,16,,76767,0,85 1 86,1,17,,76773,0,85 1 87,1,58,,76761,0,85 1 87,1,19,,76779,0,85 1 87,1,19,,76744,0,85 1 87,1,20,,76771,0,85 1 87,1,59,,76753,0,85 1 87,1,20,,76774,0,85 1 87,1,19,,76762,0,85 1 87,1,60,,76780,0,85 1 87,1,25,,76745,0,85 1 87,1,65,,76754,0,85 1 87,1,26,,76775,0,85 1 87,1,68,,76781,0,85 1 87,1,28,,76746,0,85 1 87,1,28,,76755,0,85 1 87,1,70,,76776,0,85 1 87,1,29,,76782,0,85 1 87,1,69,,76730,0,85 1 87,1,30,,76728,0,85 1 87,1,70,,76777,0,85 1 87,1,29,,76783,0,85 1 87,1,70,,76731,0,85 1 87,1,29,,76727,0,85 1 87,1,69,,76729,0,85 1 87,1
47002,'26J-H50JV00I-81-I',553,,76789,0,83 15 84,1,70,,76798,0,83 15 84,1,30,,76807,0,83 15 84,1,71,,76816,0,83 15 84,1,30,,76790,0,83 15 84,1,70,,76799,0,83 15 84,1,30,,76808,0,83 15 84,1,69,,76817,0,83 15 84,1,30,,76791,0,83 15 84,1,70,,76800,0,83 15 84,1,31,,76809,0,83 15 84,1,69,,76818,0,83 15 84,1,30,,76792,0,83 15 84,1,66,,76801,0,83 15 84,1,23,,76810,0,83 15 84,1,59,,76786,0,83 15 84,1,19,,76819,0,83 15 84,1,20,,76823,0,83 15 84,1,60,,76793,0,83 15 84,1,20,,76802,0,83 15 84,1,21,,76811,0,83 15 84,1,60,,76830,0,83 15 84,1,17,,76820,0,83 15 84,1,19,,76824,0,83 15 84,1,18,,76794,0,83 15 84,1,57,,76803,0,85 1 87,1,17,,76812,0,85 1 87,1,19,,76831,0,85 1 87,1,59,,76821,0,85 1 87,1,19,,76825,0,85 1 87,1,20,,76795,0,85 1 87,1,61,,76804,0,85 1 87,1,19,,76813,0,85 1 87,1,22,,76832,0,85 1 87,1,62,,76826,0,85 1 87,1,26,,76796,0,85 1 87,1,68,,76805,0,85 1 87,1,28,,76814,0,85 1 87,1,27,,76827,0,85 1 87,1,68,,76797,0,85 1 87,1,28,,76806,0,85 1 87,1,68,,76815,0,85 1 87,1,30,,76828,0,85 1 87,1,70,,76784,0,85 1 87,1,30,,76822,0,85 1 87,1,70,,76787,0,85 1 87,1,30,,76785,0,85 1 87,1,70,,76829,0,85 1 87,1,30,,76788,0,85 1 87,1
47002,'26J-H50JV00S-82-S',554,,76843,0,83 15 84,1,68,,76836,0,83 15 84,1,19,,76842,0,83 15 84,1,16,,76845,0,83 15 84,1,56,,76852,0,83 15 84,1,16,,76833,0,83 15 84,1,18,,76844,0,83 15 84,1,58,,76857,0,83 15 84,1,18,,76858,0,83 15 84,1,18,,76859,0,83 15 84,1,61,,76846,0,83 15 84,1,22,,76853,0,83 15 84,1,22,,76864,0,83 15 84,1,63,,76869,0,83 15 84,1,23,,76860,0,83 15 84,1,24,,76847,0,83 15 84,1,62,,76854,0,83 15 84,1,22,,76865,0,83 15 84,1,18,,76870,0,83 15 84,1,58,,76900,0,83 15 84,1,18,,76861,0,83 15 84,1,18,,76848,0,83 15 84,1,57,,76896,0,83 15 84,1,17,,76855,0,83 15 84,1,16,,76866,0,83 15 84,1,15,,76871,0,85 1 86,1,55,,76901,0,83 15 84,1,15,,76862,0,85 1 86,1,11,,76873,0,85 1 87,1,12,,76849,0,85 1 86,1,50,,76877,0,85 1 87,1,11,,76897,0,85 1 86,1,12,,76856,0,85 1 87,1,12,,76881,0,85 1 86,1,10,,76867,0,85 1 87,1,10,,76872,0,85 1 87,1,49,,76883,0,85 1 86,1,9,,76902,0,85 1 87,1,8,,76874,0,85 1 86,1,8,,76863,0,85 1 87,1,9,,76885,0,85 1 86,1,9,,76879,0,85 1 87,1,11,,76850,0,85 1 87,1,51,,76889,0,85 1 86,1,9,,76898,0,85 1 87,1,12,,76878,0,85 1 87,1,10,,76837,0,85 1 86,1,9,,76882,0,85 1 87,1,9,,76868,0,85 1 87,1,49,,76903,0,85 1 86,1,10,,76884,0,85 1 87,1,11,,76875,0,85 1 87,1,12,,76886,0,85 1 86,1,11,,76851,0,85 1 87,1,51,,76880,0,85 1 87,1,9,,76890,0,85 1 86,1,13,,76899,0,85 1 87,1,15,,76838,0,85 1 87,1,19,,76904,0,85 1 87,1,59,,76876,0,85 1 87,1,19,,76887,0,85 1 87,1,21,,76891,0,85 1 87,1,61,,76835,0,85 1 87,1,21,,76839,0,85 1 87,1,61,,76905,0,85 1 87,1,22,,76888,0,85 1 87,1,20,,76894,0,85 1 87,1,64,,76892,0,85 1 87,1,25,,76840,0,85 1 87,1,27,,76906,0,85 1 87,1,68,,76895,0,85 1 87,1,28,,76893,0,85 1 87,1,69,,76834,0,85 1 87,1,30,,76841,0,85 1 87,1
