35001,'H56U000A-80-A',2528,,276616,46,0,5,1,94,,276614,46,0,5,2,94,,276612,46,0,5,1,43,,276613,46,0,5,1,84,,276615,46,0,5,1
35001,'H56U000I-80-I',2528,,276620,46,0,5,1,88,,276618,46,0,5,1,87,,276617,46,0,5,1,44,,276619,46,0,5,1,87,,276621,46,0,5,2
35001,'H56U000S-81-S',2527,,276622,46,0,5,1,87,,276626,46,0,5,2,88,,276623,46,0,5,1,45,,276624,46,0,5,2,88,,276625,46,0,5,1
35001,'H56U100F-80-F1',2528,,276630,46,0,5,1,88,,276628,46,0,5,1,87,,276627,46,0,5,1,44,,276629,46,0,5,1,87,,276631,46,0,5,2
35001,'H56U200F-80-F2',2528,,276635,46,0,5,1,88,,276633,46,0,5,1,87,,276632,46,0,5,1,44,,276634,46,0,5,1,87,,276636,46,0,5,2
35002,'H56U000A-80-A',2608,,276638,71,0,10,1,40,,276646,71,0,10,1,70,,276645,71,0,10,1,11,,276649,71,0,10,1,10,,276637,71,0,10,1,9,,276641,71,0,10,1,9,,276651,71,0,10,1,50,,276648,71,0,10,2,10,,276642,71,0,10,2,10,,276639,71,0,10,1,10,,276643,71,0,10,2,11,,276640,71,0,10,1,10,,276644,71,0,10,2,50,,276647,71,0,10,1,19,,276650,71,0,10,1
35002,'H56U000I-80-I',2558,,276652,71,0,10,1,68,,276657,71,0,10,1,26,,276654,71,0,10,1,67,,276659,71,0,10,2,27,,276658,71,0,10,1,66,,276653,71,0,10,1,26,,276656,71,0,10,1,66,,276655,71,0,10,1
35002,'H56U000S-81-S',2603,,276660,71,0,10,2,45,,276663,71,0,10,1,92,,276661,71,0,10,2,86,,276662,71,0,10,1,29,,276665,71,0,10,2,55,,276664,71,0,10,1
35002,'H56U100F-80-F1',2558,,276666,71,0,10,1,68,,276671,71,0,10,1,26,,276668,71,0,10,1,67,,276673,71,0,10,2,27,,276672,71,0,10,1,66,,276667,71,0,10,1,26,,276670,71,0,10,1,66,,276669,71,0,10,1
35002,'H56U200F-80-F2',2558,,276674,71,0,10,1,68,,276679,71,0,10,1,26,,276676,71,0,10,1,67,,276681,71,0,10,2,27,,276680,71,0,10,1,66,,276675,71,0,10,1,26,,276678,71,0,10,1,66,,276677,71,0,10,1
