18702,'H54U000A-80-A',458,,266909,23,0,10,1,71,,266920,23,0,10,1,71,,266924,23,0,10,1,31,,266910,23,0,10,2,70,,266921,23,0,10,1,29,,266925,23,0,10,1,23,,266911,23,0,10,2,60,,266922,23,0,10,1,17,,266933,23,0,10,2,18,,266923,23,0,10,1,57,,266934,23,0,10,1,19,,266903,23,0,10,1,20,,266936,23,0,10,2,60,,266917,23,0,10,1,20,,266935,23,0,10,1,20,,266939,23,0,10,2,60,,266912,23,0,10,2,20,,266918,23,0,10,1,21,,266940,23,0,10,2,62,,266904,23,0,10,1,21,,266913,23,0,10,2,20,,266928,23,0,10,2,60,,266905,23,0,10,1,20,,266941,23,0,10,2,21,,266914,23,0,10,2,60,,266906,23,0,10,1,19,,266929,23,0,10,2,20,,266948,23,0,10,1,65,,266915,23,0,10,2,27,,266907,23,0,10,1,68,,266949,23,0,10,1,28,,266916,23,0,10,2,71,,266908,23,0,10,1,32,,266951,23,0,10,2,72,,266946,23,0,10,1,31,,266930,23,0,10,2,70,,266950,23,0,10,1,30,,266947,23,0,10,1,71,,266931,23,0,10,2,32,,266942,23,0,10,1,72,,266926,23,0,10,1,30,,266937,23,0,10,1,69,,266943,23,0,10,1,30,,266927,23,0,10,1,71,,266938,23,0,10,1,31,,266944,23,0,10,1,71,,266932,23,0,10,1,31,,266919,23,0,10,1,72,,266945,23,0,10,1
18702,'H54U000I-80-I',454,,266955,23,0,10,1,73,,266962,23,0,10,1,74,,266956,23,0,10,1,31,,266963,23,0,10,1,70,,266975,23,0,10,2,33,,266957,23,0,10,1,65,,266980,23,0,10,1,20,,266976,23,0,10,2,21,,266958,23,0,10,1,65,,266978,23,0,10,1,27,,266981,23,0,10,1,23,,266977,23,0,10,2,63,,266979,23,0,10,1,19,,266964,23,0,10,1,19,,266982,23,0,10,1,67,,266974,23,0,10,2,28,,266965,23,0,10,1,69,,266961,23,0,10,2,22,,266960,23,0,10,1,61,,266988,23,0,10,1,21,,266991,23,0,10,2,29,,266952,23,0,10,2,69,,266989,23,0,10,1,31,,266966,23,0,10,1,71,,266953,23,0,10,2,32,,266990,23,0,10,1,73,,266967,23,0,10,1,73,,266954,23,0,10,2,33,,266995,23,0,10,1,73,,266968,23,0,10,1,33,,266959,23,0,10,1,72,,266983,23,0,10,1,27,,266969,23,0,10,1,68,,266992,23,0,10,1,28,,266984,23,0,10,1,67,,266970,23,0,10,1,27,,266993,23,0,10,1,27,,266985,23,0,10,1,67,,266971,23,0,10,1,27,,266994,23,0,10,1,73,,266986,23,0,10,1,32,,266972,23,0,10,1,73,,266987,23,0,10,1,73,,266973,23,0,10,1
18702,'H54U000S-81-S',457,,266997,23,0,10,1,54,,267005,23,0,10,1,15,,267007,23,0,10,1,15,,267018,23,0,10,2,15,,267019,23,0,10,1,55,,267020,23,0,10,1,12,,267022,23,0,10,1,11,,267036,23,0,10,1,11,,267037,23,0,10,2,10,,267038,23,0,10,2,51,,267043,23,0,10,2,12,,266996,23,0,10,1,12,,267044,23,0,10,2,12,,267047,23,0,10,2,12,,267023,23,0,10,1,50,,267049,23,0,10,1,10,,267006,23,0,10,1,10,,267039,23,0,10,2,11,,267045,23,0,10,2,9,,267048,23,0,10,2,10,,267012,23,0,10,2,50,,267035,23,0,10,2,11,,267050,23,0,10,1,10,,267024,23,0,10,1,10,,267046,23,0,10,2,12,,267040,23,0,10,2,58,,267000,23,0,10,1,18,,267013,23,0,10,2,20,,267025,23,0,10,1,60,,267001,23,0,10,1,19,,267041,23,0,10,2,21,,267014,23,0,10,2,61,,267008,23,0,10,1,20,,267026,23,0,10,1,20,,267042,23,0,10,2,56,,267051,23,0,10,2,15,,267015,23,0,10,2,16,,267053,23,0,10,2,17,,267009,23,0,10,1,57,,267027,23,0,10,1,17,,267052,23,0,10,2,24,,267016,23,0,10,2,64,,267054,23,0,10,2,27,,267028,23,0,10,1,69,,267055,23,0,10,2,29,,267010,23,0,10,1,69,,267029,23,0,10,1,28,,267017,23,0,10,2,70,,267011,23,0,10,1,30,,267030,23,0,10,1,69,,267002,23,0,10,1,30,,267057,23,0,10,2,70,,267031,23,0,10,1,27,,267003,23,0,10,1,28,,267058,23,0,10,2,69,,267032,23,0,10,1,29,,267004,23,0,10,1,71,,267056,23,0,10,1,31,,267033,23,0,10,1,71,,266998,23,0,10,1,32,,267021,23,0,10,1,73,,267034,23,0,10,1,69,,266999,23,0,10,1
18702,'H54U100F-80-F1',454,,267062,23,0,10,1,73,,267069,23,0,10,1,74,,267063,23,0,10,1,31,,267070,23,0,10,1,70,,267082,23,0,10,2,33,,267064,23,0,10,1,65,,267087,23,0,10,1,20,,267083,23,0,10,2,21,,267065,23,0,10,1,65,,267085,23,0,10,1,27,,267088,23,0,10,1,23,,267084,23,0,10,2,63,,267086,23,0,10,1,19,,267071,23,0,10,1,19,,267089,23,0,10,1,67,,267081,23,0,10,2,28,,267072,23,0,10,1,69,,267068,23,0,10,2,22,,267067,23,0,10,1,61,,267095,23,0,10,1,21,,267098,23,0,10,2,29,,267059,23,0,10,2,69,,267096,23,0,10,1,31,,267073,23,0,10,1,71,,267060,23,0,10,2,32,,267097,23,0,10,1,73,,267074,23,0,10,1,73,,267061,23,0,10,2,33,,267102,23,0,10,1,73,,267075,23,0,10,1,33,,267066,23,0,10,1,72,,267090,23,0,10,1,27,,267076,23,0,10,1,68,,267099,23,0,10,1,28,,267091,23,0,10,1,67,,267077,23,0,10,1,27,,267100,23,0,10,1,27,,267092,23,0,10,1,67,,267078,23,0,10,1,27,,267101,23,0,10,1,73,,267093,23,0,10,1,32,,267079,23,0,10,1,73,,267094,23,0,10,1,73,,267080,23,0,10,1
18702,'H54U200F-82-F2',454,,267106,23,0,10,1,73,,267114,23,0,10,1,74,,267107,23,0,10,1,31,,267129,23,0,10,2,70,,267127,23,0,10,2,33,,267125,23,0,10,1,65,,267120,23,0,10,1,20,,267128,23,0,10,2,21,,267126,23,0,10,1,65,,267112,23,0,10,2,27,,267121,23,0,10,1,23,,267132,23,0,10,1,63,,267113,23,0,10,2,19,,267130,23,0,10,1,19,,267122,23,0,10,1,67,,267133,23,0,10,1,28,,267131,23,0,10,1,69,,267123,23,0,10,1,22,,267139,23,0,10,2,61,,267134,23,0,10,1,21,,267137,23,0,10,1,29,,267103,23,0,10,1,69,,267135,23,0,10,1,31,,267138,23,0,10,1,71,,267104,23,0,10,1,32,,267136,23,0,10,1,73,,267140,23,0,10,1,73,,267105,23,0,10,1,33,,267124,23,0,10,1,73,,267141,23,0,10,1,33,,267116,23,0,10,1,72,,267108,23,0,10,1,27,,267142,23,0,10,1,68,,267117,23,0,10,1,28,,267109,23,0,10,1,67,,267143,23,0,10,1,27,,267118,23,0,10,1,27,,267110,23,0,10,1,67,,267144,23,0,10,1,27,,267119,23,0,10,1,73,,267111,23,0,10,1,32,,267145,23,0,10,1,73,,267115,23,0,10,2,73,,267146,23,0,10,1
36202,'H54U000A-80-A',2555,,277338,38,0,10,2,88,,277340,38,0,10,1,85,,277342,38,0,10,1,85,,277341,38,0,10,1,42,,277339,38,0,10,1
36202,'H54U000I-80-I',2556,,277344,38,0,10,1,85,,277347,38,0,10,1,85,,277343,38,0,10,1,85,,277345,38,0,10,1,45,,277346,38,0,10,2
36202,'H54U000S-81-S',2554,,277348,38,0,10,1,85,,277351,38,0,10,2,85,,277350,38,0,10,1,87,,277352,38,0,10,2,45,,277349,38,0,10,1
36202,'H54U100F-80-F1',2556,,277354,38,0,10,1,85,,277357,38,0,10,1,85,,277353,38,0,10,1,85,,277355,38,0,10,1,45,,277356,38,0,10,2
36202,'H54U200F-82-F2',2556,,277360,38,0,10,2,85,,277358,38,0,10,1,85,,277362,38,0,10,1,85,,277359,38,0,10,1,45,,277361,38,0,10,2
