19202,'H50M000S-70-S',720,,144719,40,0,10,1
19202,'H51M000S-70-S',826,,144720,28,0,10,1,799,,144721,40,0,10,2,113,,144722,40,0,10,2
19202,'H54M000A-70-A',512,,144723,40,0,10,1,31,,144744,40,0,10,2,70,,144724,40,0,10,1,32,,144732,40,0,10,1,71,,144745,40,0,10,1,30,,144725,40,0,10,1,69,,144733,40,0,10,1,29,,144746,40,0,10,1,69,,144726,40,0,10,1,30,,144734,40,0,10,1,70,,144747,40,0,10,1,31,,144727,40,0,10,1,70,,144735,40,0,10,1,33,,144748,40,0,10,1,76,,144728,40,0,10,1,32,,144736,40,0,10,1,71,,144749,40,0,10,1,31,,144756,40,0,10,1,71,,144729,40,0,10,1,31,,144737,40,0,10,1,71,,144750,40,0,10,1,70,,144757,40,0,10,1,27,,144730,40,0,10,1,27,,144738,40,0,10,1,68,,144751,40,0,10,1,28,,144758,40,0,10,1,68,,144731,40,0,10,1,31,,144739,40,0,10,1,70,,144752,40,0,10,1,29,,144759,40,0,10,1,68,,144740,40,0,10,1,30,,144753,40,0,10,1,69,,144760,40,0,10,1,30,,144741,40,0,10,1,70,,144754,40,0,10,1,30,,144761,40,0,10,1,71,,144742,40,0,10,1,30,,144755,40,0,10,1,72,,144762,40,0,10,1,32,,144743,40,0,10,1,81,,144763,40,0,10,1
19202,'H54M000I-70-I',511,,144764,40,0,10,1,31,,144780,40,0,10,2,71,,144773,40,0,10,1,32,,144765,40,0,10,1,69,,144781,40,0,10,2,29,,144774,40,0,10,1,70,,144766,40,0,10,1,32,,144782,40,0,10,2,71,,144772,40,0,10,1,30,,144767,40,0,10,1,70,,144783,40,0,10,2,30,,144775,40,0,10,1,70,,144768,40,0,10,1,30,,144784,40,0,10,2,71,,144776,40,0,10,1,31,,144769,40,0,10,1,70,,144785,40,0,10,2,30,,144797,40,0,10,1,70,,144777,40,0,10,1,30,,144770,40,0,10,1,69,,144786,40,0,10,2,30,,144798,40,0,10,1,70,,144778,40,0,10,1,30,,144771,40,0,10,1,70,,144787,40,0,10,2,31,,144799,40,0,10,1,69,,144779,40,0,10,1,30,,144788,40,0,10,2,69,,144800,40,0,10,1,30,,144793,40,0,10,1,69,,144789,40,0,10,2,29,,144801,40,0,10,1,69,,144794,40,0,10,1,29,,144790,40,0,10,2,69,,144802,40,0,10,1,30,,144795,40,0,10,1,70,,144791,40,0,10,2,30,,144803,40,0,10,1,70,,144796,40,0,10,1,31,,144792,40,0,10,2,70,,144804,40,0,10,1
19202,'H54M000S-70-S',515,,144805,40,0,10,1,24,,144811,40,0,10,1,64,,144826,40,0,10,1,24,,144827,40,0,10,1,18,,144829,40,0,10,1,56,,144806,40,0,10,1,40,,144812,40,0,10,1,60,,144823,40,0,10,1,10,,144840,28,0,10,1,5,,144828,40,0,10,1,16,,144830,40,0,10,1,69,,144807,40,0,10,1,29,,144813,40,0,10,1,26,,144824,40,0,10,1,70,,144831,40,0,10,1,30,,144808,40,0,10,1,70,,144814,40,0,10,1,30,,144841,40,0,10,2,70,,144832,40,0,10,1,30,,144809,40,0,10,1,69,,144815,40,0,10,1,30,,144842,40,0,10,2,70,,144833,40,0,10,1,29,,144810,40,0,10,1,70,,144816,40,0,10,1,82,,144844,40,0,10,1,38,,144834,40,0,10,1,59,,144825,40,0,10,1,18,,144817,40,0,10,1,35,,144843,40,0,10,1,65,,144845,40,0,10,2,28,,144835,40,0,10,1,69,,144818,40,0,10,1,31,,144846,40,0,10,1,70,,144836,40,0,10,1,28,,144819,40,0,10,1,69,,144847,40,0,10,1,30,,144837,40,0,10,1,70,,144820,40,0,10,1,30,,144848,40,0,10,1,70,,144838,40,0,10,1,30,,144821,40,0,10,1,70,,144849,40,0,10,1,29,,144839,40,0,10,1,67,,144822,40,0,10,1
19202,'H54M100F-70-F1',512,,144858,40,0,10,1,31,,144859,40,0,10,1,70,,144851,40,0,10,1,32,,144860,40,0,10,2,71,,144872,40,0,10,1,30,,144850,40,0,10,1,69,,144861,40,0,10,2,29,,144873,40,0,10,1,69,,144852,40,0,10,1,30,,144862,40,0,10,2,70,,144874,40,0,10,1,31,,144853,40,0,10,1,70,,144863,40,0,10,2,33,,144875,40,0,10,1,76,,144854,40,0,10,1,32,,144864,40,0,10,2,71,,144876,40,0,10,1,31,,144884,40,0,10,1,71,,144855,40,0,10,1,31,,144865,40,0,10,2,71,,144877,40,0,10,1,70,,144885,40,0,10,1,27,,144856,40,0,10,1,27,,144866,40,0,10,2,68,,144878,40,0,10,1,28,,144886,40,0,10,1,68,,144857,40,0,10,1,31,,144867,40,0,10,2,70,,144882,40,0,10,1,29,,144887,40,0,10,1,68,,144868,40,0,10,2,30,,144879,40,0,10,1,69,,144888,40,0,10,1,30,,144869,40,0,10,2,70,,144880,40,0,10,1,30,,144889,40,0,10,1,71,,144870,40,0,10,2,30,,144881,40,0,10,1,72,,144890,40,0,10,1,32,,144871,40,0,10,2,62,,144883,40,0,10,1
19202,'H54M200F-70-F2',511,,144891,40,0,10,1,31,,144908,40,0,10,2,71,,144899,40,0,10,2,32,,144892,40,0,10,1,69,,144909,40,0,10,2,29,,144900,40,0,10,2,70,,144893,40,0,10,1,32,,144910,40,0,10,2,71,,144901,40,0,10,2,30,,144894,40,0,10,1,70,,144911,40,0,10,2,30,,144902,40,0,10,2,70,,144895,40,0,10,1,30,,144912,40,0,10,2,71,,144903,40,0,10,2,31,,144896,40,0,10,1,70,,144913,40,0,10,2,30,,144924,40,0,10,1,70,,144904,40,0,10,2,30,,144897,40,0,10,1,69,,144914,40,0,10,2,30,,144925,40,0,10,1,70,,144905,40,0,10,2,30,,144898,40,0,10,1,70,,144915,40,0,10,2,31,,144926,40,0,10,1,69,,144906,40,0,10,2,30,,144916,40,0,10,2,69,,144927,40,0,10,1,30,,144907,40,0,10,2,69,,144917,40,0,10,2,29,,144928,40,0,10,1,69,,144921,40,0,10,1,29,,144918,40,0,10,2,69,,144929,40,0,10,1,30,,144922,40,0,10,1,70,,144919,40,0,10,2,30,,144930,40,0,10,1,70,,144923,40,0,10,1,31,,144920,40,0,10,2,70,,144931,40,0,10,1
19202,'H54M300F-70-F3',511,,144965,40,0,10,1,31,,144936,40,0,10,2,71,,144957,40,0,10,1,32,,144966,40,0,10,1,69,,144937,40,0,10,2,29,,144958,40,0,10,1,70,,144967,40,0,10,1,32,,144938,40,0,10,2,71,,144959,40,0,10,1,30,,144968,40,0,10,1,70,,144939,40,0,10,2,30,,144960,40,0,10,1,70,,144969,40,0,10,1,30,,144940,40,0,10,2,71,,144962,40,0,10,1,31,,144970,40,0,10,1,70,,144941,40,0,10,2,30,,144949,40,0,10,1,70,,144961,40,0,10,1,30,,144971,40,0,10,1,69,,144942,40,0,10,2,30,,144950,40,0,10,1,70,,144963,40,0,10,1,30,,144972,40,0,10,1,70,,144943,40,0,10,2,31,,144951,40,0,10,1,69,,144964,40,0,10,1,30,,144944,40,0,10,2,69,,144952,40,0,10,1,30,,144932,40,0,10,1,69,,144945,40,0,10,2,29,,144953,40,0,10,1,69,,144933,40,0,10,1,29,,144946,40,0,10,2,69,,144954,40,0,10,1,30,,144934,40,0,10,1,70,,144947,40,0,10,2,30,,144955,40,0,10,1,70,,144935,40,0,10,1,31,,144948,40,0,10,2,70,,144956,40,0,10,1
19202,'H57M000S-70-S',1546,,144973,40,0,10,2
19202,'H58M000S-70-S',759,,144974,28,0,10,1
