6102,'H56J000A-80-A',618,,22550,20,0,10,1,31,,22579,20,0,10,1,71,,22563,20,0,10,2,32,,22551,20,0,10,1,74,,22580,20,0,10,1,32,,22564,20,0,10,2,73,,22552,20,0,10,1,71,,22560,20,0,10,2,31,,22542,20,0,10,1,70,,22565,20,0,10,2,28,,22553,20,0,10,1,70,,22561,20,0,10,2,33,,22543,20,0,10,1,70,,22566,20,0,10,2,30,,22554,20,0,10,1,70,,22562,20,0,10,2,32,,22544,20,0,10,1,71,,22567,20,0,10,2,30,,22555,20,0,10,1,73,,22573,20,0,10,2,32,,22545,20,0,10,1,71,,22568,20,0,10,2,29,,22556,20,0,10,1,72,,22574,20,0,10,2,30,,22546,20,0,10,1,69,,22569,20,0,10,2,28,,22557,20,0,10,1,69,,22575,20,0,10,2,29,,22547,20,0,10,1,67,,22570,20,0,10,2,28,,22558,20,0,10,1,68,,22576,20,0,10,2,28,,22548,20,0,10,1,28,,22571,20,0,10,2,69,,22559,20,0,10,1,28,,22577,20,0,10,2,69,,22549,20,0,10,1,29,,22572,20,0,10,2,68,,22581,20,0,10,1,28,,22578,20,0,10,2
6102,'H56J000I-80-I',618,,22582,20,0,10,1,31,,22619,20,0,10,1,70,,22593,20,0,10,1,30,,22583,20,0,10,1,73,,22603,20,0,10,2,31,,22594,20,0,10,1,73,,22584,20,0,10,1,74,,22604,20,0,10,2,32,,22595,20,0,10,1,72,,22611,20,0,10,2,29,,22585,20,0,10,1,70,,22605,20,0,10,2,30,,22596,20,0,10,1,71,,22612,20,0,10,2,31,,22586,20,0,10,1,70,,22606,20,0,10,2,30,,22597,20,0,10,1,70,,22613,20,0,10,2,30,,22587,20,0,10,1,70,,22607,20,0,10,2,30,,22598,20,0,10,1,70,,22614,20,0,10,2,30,,22588,20,0,10,1,70,,22608,20,0,10,2,28,,22599,20,0,10,1,70,,22615,20,0,10,2,30,,22589,20,0,10,1,70,,22609,20,0,10,2,29,,22600,20,0,10,1,69,,22616,20,0,10,2,29,,22590,20,0,10,1,29,,22610,20,0,10,2,69,,22601,20,0,10,1,28,,22617,20,0,10,2,69,,22591,20,0,10,1,29,,22620,20,0,10,2,68,,22602,20,0,10,1,29,,22618,20,0,10,2,68,,22592,20,0,10,1
6102,'H56J000S-80-S',556,,22630,20,0,10,2,65,,22626,20,0,10,2,79,,22633,20,0,10,1,30,,22678,20,0,10,1,29,,22676,20,0,10,1,75,,22623,20,0,10,1,76,,22635,20,0,10,1,24,,22682,20,0,10,1,24,,22654,20,0,10,1,70,,22679,20,0,10,2,18,,22621,20,0,10,1,65,,22637,20,0,10,1,30,,22636,20,0,10,1,69,,22683,20,0,10,1,32,,22655,20,0,10,1,71,,22622,20,0,10,1,30,,22638,20,0,10,1,72,,22624,20,0,10,1,88,,22656,20,0,10,1,33,,22644,20,0,10,2,75,,22639,20,0,10,1,28,,22625,20,0,10,1,77,,22646,20,0,10,2,33,,22663,20,0,10,1,72,,22658,20,0,10,1,20,,22640,20,0,10,1,64,,22653,20,0,10,1,26,,22647,20,0,10,2,25,,22664,20,0,10,1,69,,22659,20,0,10,1,29,,22641,20,0,10,1,71,,22648,20,0,10,2,31,,22665,20,0,10,1,69,,22660,20,0,10,1,30,,22642,20,0,10,1,69,,22649,20,0,10,2,30,,22666,20,0,10,1,69,,22661,20,0,10,1,28,,22643,20,0,10,1,65,,22650,20,0,10,2,31,,22667,20,0,10,1
6102,'H56JV00A-80-A',618,,22693,20,0,10,1,31,,22722,20,0,10,1,71,,22706,20,0,10,2,32,,22694,20,0,10,1,74,,22723,20,0,10,1,32,,22707,20,0,10,2,73,,22695,20,0,10,1,71,,22703,20,0,10,2,31,,22685,20,0,10,1,70,,22708,20,0,10,2,28,,22696,20,0,10,1,70,,22704,20,0,10,2,33,,22686,20,0,10,1,70,,22709,20,0,10,2,30,,22697,20,0,10,1,70,,22705,20,0,10,2,32,,22687,20,0,10,1,71,,22710,20,0,10,2,30,,22698,20,0,10,1,73,,22716,20,0,10,2,32,,22688,20,0,10,1,71,,22711,20,0,10,2,29,,22699,20,0,10,1,72,,22717,20,0,10,2,30,,22689,20,0,10,1,69,,22712,20,0,10,2,28,,22700,20,0,10,1,69,,22718,20,0,10,2,29,,22690,20,0,10,1,67,,22713,20,0,10,2,28,,22701,20,0,10,1,68,,22719,20,0,10,2,28,,22691,20,0,10,1,28,,22714,20,0,10,2,69,,22702,20,0,10,1,28,,22720,20,0,10,2,69,,22692,20,0,10,1,29,,22715,20,0,10,2,68,,22724,20,0,10,1,28,,22721,20,0,10,2
6102,'H56JV00I-80-I',618,,22725,20,0,10,1,31,,22762,20,0,10,1,70,,22736,20,0,10,1,30,,22726,20,0,10,1,73,,22746,20,0,10,2,31,,22737,20,0,10,1,73,,22727,20,0,10,1,74,,22747,20,0,10,2,32,,22738,20,0,10,1,72,,22754,20,0,10,2,29,,22728,20,0,10,1,70,,22748,20,0,10,2,30,,22739,20,0,10,1,71,,22755,20,0,10,2,31,,22729,20,0,10,1,70,,22749,20,0,10,2,30,,22740,20,0,10,1,70,,22756,20,0,10,2,30,,22730,20,0,10,1,70,,22750,20,0,10,2,30,,22741,20,0,10,1,70,,22757,20,0,10,2,30,,22731,20,0,10,1,70,,22751,20,0,10,2,28,,22742,20,0,10,1,70,,22758,20,0,10,2,30,,22732,20,0,10,1,70,,22752,20,0,10,2,29,,22743,20,0,10,1,69,,22759,20,0,10,2,29,,22733,20,0,10,1,29,,22753,20,0,10,2,69,,22744,20,0,10,1,28,,22760,20,0,10,2,69,,22734,20,0,10,1,29,,22763,20,0,10,2,68,,22745,20,0,10,1,29,,22761,20,0,10,2,68,,22735,20,0,10,1
6102,'H56JV00S-80-S',556,,22773,20,0,10,1,65,,22769,20,0,10,2,79,,22776,20,0,10,1,30,,22821,20,0,10,1,29,,22819,20,0,10,1,75,,22766,20,0,10,1,76,,22778,20,0,10,1,24,,22825,20,0,10,1,24,,22797,20,0,10,1,70,,22822,20,0,10,2,18,,22764,20,0,10,1,65,,22780,20,0,10,1,30,,22779,20,0,10,1,69,,22826,20,0,10,1,32,,22798,20,0,10,1,71,,22765,20,0,10,1,30,,22781,20,0,10,1,72,,22767,20,0,10,1,88,,22799,20,0,10,1,33,,22787,20,0,10,1,75,,22782,20,0,10,1,28,,22768,20,0,10,1,77,,22789,20,0,10,2,33,,22806,20,0,10,1,72,,22801,20,0,10,1,20,,22783,20,0,10,1,64,,22796,20,0,10,1,26,,22790,20,0,10,2,25,,22807,20,0,10,1,69,,22802,20,0,10,1,29,,22784,20,0,10,1,71,,22791,20,0,10,2,31,,22808,20,0,10,1,69,,22803,20,0,10,1,30,,22785,20,0,10,1,69,,22792,20,0,10,2,30,,22809,20,0,10,1,69,,22804,20,0,10,1,28,,22786,20,0,10,1,65,,22793,20,0,10,2,31,,22810,20,0,10,1
35002,'H56J000A-80-A',2535,,74335,34,0,10,1,80,,74339,34,0,10,1,29,,74333,34,0,10,1,10,,74332,34,0,10,1,50,,74340,34,0,10,2,9,,74338,34,0,10,1,9,,74327,34,0,10,1,10,,74328,34,0,10,1,10,,74331,34,0,10,2,10,,74336,34,0,10,1,50,,74334,34,0,10,1,10,,74330,34,0,10,1,10,,74337,34,0,10,1,11,,74329,34,0,10,1,21,,74341,34,0,10,1
35002,'H56J000I-80-I',2526,,74342,34,0,10,1,28,,74346,34,0,10,1,66,,74345,34,0,10,2,27,,74349,34,0,10,2,67,,74348,34,0,10,1,26,,74343,34,0,10,1,66,,74344,34,0,10,1,26,,74347,34,0,10,1
35002,'H56J000S-80-S',2529,,74350,34,0,10,1,85,,74354,34,0,10,1,92,,74353,34,0,10,2,46,,74351,34,0,10,1,69,,74352,34,0,10,1,15,,74355,34,0,10,2
35002,'H56JV00A-80-A',2535,,74364,34,0,10,1,80,,74368,34,0,10,1,29,,74362,34,0,10,1,10,,74361,34,0,10,1,50,,74369,34,0,10,2,9,,74367,34,0,10,1,9,,74356,34,0,10,1,10,,74357,34,0,10,1,10,,74360,34,0,10,2,10,,74365,34,0,10,1,50,,74363,34,0,10,1,10,,74359,34,0,10,1,10,,74366,34,0,10,1,11,,74358,34,0,10,1,21,,74370,34,0,10,1
35002,'H56JV00I-80-I',2526,,74371,34,0,10,1,28,,74375,34,0,10,1,66,,74374,34,0,10,2,27,,74378,34,0,10,2,67,,74377,34,0,10,1,26,,74372,34,0,10,1,66,,74373,34,0,10,1,26,,74376,34,0,10,1
35002,'H56JV00S-80-S',2529,,74379,34,0,10,1,85,,74383,34,0,10,1,92,,74382,34,0,10,2,46,,74380,34,0,10,1,69,,74381,34,0,10,1,15,,74384,34,0,10,1
