21602,'H60J000S-98-S',545,,73630,7,0,10,1,63,,73636,7,0,10,1,23,,73638,7,0,10,2,25,,73629,7,0,10,1,73,,73637,7,0,10,2,72,,73631,7,0,10,1,28,,73639,7,0,10,1,72,,73641,7,0,10,2,25,,73632,7,0,10,1,582,,73633,7,0,10,1,28,,73644,7,0,10,1,71,,73640,7,0,10,1,33,,73634,7,0,10,1,72,,73645,7,0,10,2,28,,73642,7,0,10,1,66,,73635,7,0,10,1,28,,73646,7,0,10,2,69,,73643,7,0,10,1
21602,'H60JV00S-98-S',545,,73656,7,0,10,1,63,,73648,7,0,10,1,23,,73659,7,0,10,1,25,,73649,7,0,10,1,73,,73654,7,0,10,2,72,,73657,7,0,10,1,28,,73660,7,0,10,1,72,,73663,7,0,10,2,25,,73658,7,0,10,1,582,,73664,7,0,10,1,28,,73655,7,0,10,1,71,,73647,7,0,10,1,33,,73650,7,0,10,1,72,,73661,7,0,10,2,28,,73652,7,0,10,1,66,,73651,7,0,10,1,28,,73662,7,0,10,2,69,,73653,7,0,10,1
37602,'H60J000A-80-A',2633,,75951,6,0,10,1,85,,75954,6,0,10,1,85,,75952,6,0,10,1,45,,75953,6,0,10,1
37602,'H60J000I-80-I',2549,,75958,6,0,10,1,85,,75955,6,0,10,1,85,,75956,6,0,10,1,84,,75957,6,0,10,1,45,,75959,6,0,10,1
37602,'H60J000S-98-S',2549,,75963,6,0,10,1,85,,75962,6,0,10,1,85,,75961,6,0,10,1,85,,75960,6,0,10,1,45,,75964,6,0,10,1
37602,'H60JV00A-80-A',2633,,75967,6,0,10,1,85,,75965,6,0,10,1,85,,75968,6,0,10,1,45,,75966,6,0,10,1
37602,'H60JV00I-80-I',2549,,75970,6,0,10,1,85,,75969,6,0,10,1,85,,75973,6,0,10,1,84,,75972,6,0,10,1,45,,75971,6,0,10,1
37602,'H60JV00S-98-S',2549,,75976,6,0,10,1,85,,75975,6,0,10,1,85,,75974,6,0,10,1,85,,75978,6,0,10,1,45,,75977,6,0,10,1
40903,'H60J000S-98-S',558,,76412,9,0,8,1,74,,76407,9,0,8,2,73,,76414,9,0,8,1,20,,76410,9,0,8,1,19,,76413,9,0,8,1,59,,76416,9,0,8,2,20,,76408,9,0,8,2,18,,76409,9,0,8,1,18,,76415,9,0,8,1,60,,76411,9,0,8,1,593,,76417,9,0,22 75,1,32,,76420,9,0,22 75,2,72,,76405,9,0,22 75,1,31,,76422,9,0,22 75,2,72,,76418,9,0,22 75,1,30,,76421,9,0,22 75,2,68,,76406,9,0,22 75,1,25,,76423,9,0,22 75,2,65,,76419,9,0,22 75,1
40903,'H60JV00S-98-S',558,,76428,9,0,8,1,74,,76431,9,0,8,2,73,,76426,9,0,8,1,20,,76441,9,0,8,1,19,,76429,9,0,8,1,59,,76435,9,0,8,2,20,,76432,9,0,8,2,18,,76430,9,0,8,1,18,,76427,9,0,8,1,60,,76442,9,0,8,1,593,,76436,9,0,22 75,1,32,,76439,9,0,22 75,2,72,,76424,9,0,22 75,1,31,,76433,9,0,22 75,2,72,,76437,9,0,22 75,1,30,,76440,9,0,22 75,2,68,,76425,9,0,22 75,1,25,,76434,9,0,22 75,2,65,,76438,9,0,22 75,1
