9404,'H58J000S-81-S',1500,,32638,21,0,9,2
9404,'H58J000S-83-S',1500,,32639,21,0,9,2
9404,'H58JV00S-82-S',1500,,32640,21,0,9,2
9404,'H59J000A-80-A',529,,32642,21,0,9,1,26,,32643,21,0,9,1,70,,32650,21,0,9,2,33,,32644,21,0,9,1,69,,32651,21,0,9,2,27,,32645,21,0,9,1,69,,32652,21,0,9,2,31,,32646,21,0,9,1,72,,32653,21,0,9,2,33,,32647,21,0,9,1,72,,32661,21,0,9,1,72,,32648,21,0,9,1,31,,32641,21,0,9,1,72,,32662,21,0,9,1,34,,32649,21,0,9,1,63,,32680,21,0,9,1,25,,32668,21,0,9,1,27,,32663,21,0,9,2,66,,32681,21,0,9,1,26,,32669,21,0,9,1,66,,32664,21,0,9,2,26,,32682,21,0,9,1,67,,32670,21,0,9,1,26,,32665,21,0,9,2,27,,32683,21,0,9,1,66,,32671,21,0,9,1,26,,32666,21,0,9,2,67,,32684,21,0,9,1,25,,32672,21,0,9,1,63,,32667,21,0,9,2,27,,32685,21,0,9,1,26,,32673,21,0,9,1,71,,32654,21,0,9,1,71,,32674,21,0,9,1,31,,32655,21,0,9,1,71,,32675,21,0,9,1,30,,32656,21,0,9,1,71,,32676,21,0,9,1,30,,32657,21,0,9,1,67,,32677,21,0,9,1,28,,32658,21,0,9,1,30,,32678,21,0,9,1,71,,32659,21,0,9,1,71,,32679,21,0,9,1,30,,32660,21,0,9,1
9404,'H59J000I-80-I',528,,32687,21,0,9,2,26,,32688,21,0,9,1,69,,32701,21,0,9,2,29,,32689,21,0,9,1,68,,32702,21,0,9,2,27,,32690,21,0,9,1,68,,32703,21,0,9,2,31,,32691,21,0,9,1,71,,32704,21,0,9,2,32,,32692,21,0,9,1,70,,32714,21,0,9,1,30,,32717,21,0,9,1,69,,32711,21,0,9,1,29,,32715,21,0,9,1,69,,32718,21,0,9,1,31,,32705,21,0,9,1,73,,32719,21,0,9,1,32,,32721,21,0,9,2,70,,32722,21,0,9,2,29,,32720,21,0,9,1,73,,32725,21,0,9,2,29,,32723,21,0,9,2,71,,32716,21,0,9,1,31,,32726,21,0,9,2,72,,32724,21,0,9,2,31,,32700,21,0,9,1,70,,32712,21,0,9,2,72,,32699,21,0,9,1,27,,32686,21,0,9,2,30,,32693,21,0,9,1,71,,32706,21,0,9,1,30,,32694,21,0,9,1,68,,32707,21,0,9,1,29,,32695,21,0,9,1,70,,32708,21,0,9,1,30,,32696,21,0,9,1,71,,32709,21,0,9,1,31,,32697,21,0,9,1,70,,32710,21,0,9,1,77,,32698,21,0,9,1,39,,32713,21,0,9,2
9404,'H59J000S-81-S',529,,32727,21,0,9,1,29,,32735,21,0,9,2,70,,32728,21,0,9,1,21,,32738,21,0,9,1,56,,32736,21,0,9,2,17,,32761,21,0,9,2,17,,32729,21,0,9,1,16,,32763,21,0,9,2,54,,32739,21,0,9,1,18,,32737,21,0,9,2,27,,32762,21,0,9,2,64,,32730,21,0,9,1,26,,32740,21,0,9,1,66,,32757,21,0,9,1,25,,32731,21,0,9,1,68,,32741,21,0,9,1,27,,32758,21,0,9,1,28,,32732,21,0,9,1,67,,32742,21,0,9,1,28,,32759,21,0,9,1,67,,32733,21,0,9,1,26,,32743,21,0,9,1,66,,32760,21,0,9,1,25,,32734,21,0,9,1,84,,32744,21,0,9,1,24,,32764,21,0,9,1,62,,32773,21,0,9,2,21,,32769,21,0,9,2,22,,32745,21,0,9,1,61,,32765,21,0,9,1,22,,32774,21,0,9,2,23,,32770,21,0,9,2,64,,32746,21,0,9,1,23,,32766,21,0,9,1,66,,32771,21,0,9,2,24,,32747,21,0,9,1,24,,32767,21,0,9,1,70,,32772,21,0,9,2,30,,32768,21,0,9,1,68,,32748,21,0,9,1,33,,32753,21,0,9,1,73,,32749,21,0,9,1,69,,32754,21,0,9,1,31,,32750,21,0,9,1,72,,32755,21,0,9,1,32,,32751,21,0,9,1,72,,32756,21,0,9,1,37,,32752,21,0,9,1
9404,'H59JV00A-80-A',529,,32780,21,0,9,1,26,,32813,21,0,9,1,70,,32776,21,0,9,2,33,,32814,21,0,9,1,69,,32777,21,0,9,2,27,,32815,21,0,9,1,69,,32778,21,0,9,2,31,,32816,21,0,9,1,72,,32779,21,0,9,2,33,,32817,21,0,9,1,72,,32781,21,0,9,1,72,,32818,21,0,9,1,31,,32775,21,0,9,1,72,,32782,21,0,9,1,34,,32819,21,0,9,1,63,,32802,21,0,9,1,25,,32783,21,0,9,1,27,,32808,21,0,9,2,66,,32803,21,0,9,1,26,,32784,21,0,9,1,66,,32809,21,0,9,2,26,,32804,21,0,9,1,67,,32785,21,0,9,1,26,,32810,21,0,9,2,27,,32805,21,0,9,1,66,,32786,21,0,9,1,26,,32811,21,0,9,2,67,,32806,21,0,9,1,25,,32787,21,0,9,1,63,,32812,21,0,9,2,27,,32807,21,0,9,1,26,,32788,21,0,9,1,71,,32795,21,0,9,1,71,,32789,21,0,9,1,31,,32796,21,0,9,1,71,,32790,21,0,9,1,30,,32797,21,0,9,1,71,,32791,21,0,9,1,30,,32798,21,0,9,1,67,,32792,21,0,9,1,28,,32799,21,0,9,1,30,,32793,21,0,9,1,71,,32800,21,0,9,1,71,,32794,21,0,9,1,30,,32801,21,0,9,1
9404,'H59JV00I-80-I',528,,32859,21,0,9,2,26,,32840,21,0,9,1,69,,32852,21,0,9,2,29,,32841,21,0,9,1,68,,32853,21,0,9,2,27,,32842,21,0,9,1,68,,32854,21,0,9,2,31,,32843,21,0,9,1,71,,32855,21,0,9,2,32,,32844,21,0,9,1,70,,32822,21,0,9,1,30,,32857,21,0,9,1,69,,32821,21,0,9,1,29,,32823,21,0,9,1,69,,32851,21,0,9,1,31,,32824,21,0,9,1,73,,32830,21,0,9,1,32,,32858,21,0,9,2,70,,32835,21,0,9,2,29,,32831,21,0,9,1,73,,32838,21,0,9,2,29,,32836,21,0,9,2,71,,32820,21,0,9,1,31,,32839,21,0,9,2,72,,32837,21,0,9,2,31,,32860,21,0,9,1,70,,32833,21,0,9,2,72,,32832,21,0,9,1,27,,32856,21,0,9,2,30,,32845,21,0,9,1,71,,32825,21,0,9,1,30,,32846,21,0,9,1,68,,32826,21,0,9,1,29,,32847,21,0,9,1,70,,32827,21,0,9,1,30,,32848,21,0,9,1,71,,32828,21,0,9,1,31,,32849,21,0,9,1,70,,32829,21,0,9,1,77,,32850,21,0,9,1,39,,32834,21,0,9,2
9404,'H59JV00S-83-S',529,,32861,21,0,9,1,29,,32869,21,0,9,2,70,,32862,21,0,9,1,21,,32872,21,0,9,1,56,,32870,21,0,9,2,17,,32887,21,0,9,2,17,,32863,21,0,9,1,16,,32893,21,0,9,2,54,,32873,21,0,9,1,18,,32871,21,0,9,2,27,,32888,21,0,9,2,64,,32864,21,0,9,1,26,,32874,21,0,9,1,66,,32896,21,0,9,1,25,,32865,21,0,9,1,68,,32875,21,0,9,1,27,,32897,21,0,9,1,28,,32866,21,0,9,1,67,,32876,21,0,9,1,28,,32898,21,0,9,1,67,,32867,21,0,9,1,26,,32877,21,0,9,1,66,,32899,21,0,9,1,25,,32868,21,0,9,1,84,,32878,21,0,9,1,24,,32900,21,0,9,1,62,,32894,21,0,9,2,21,,32889,21,0,9,2,22,,32879,21,0,9,1,61,,32901,21,0,9,1,22,,32895,21,0,9,2,23,,32890,21,0,9,2,64,,32880,21,0,9,1,23,,32902,21,0,9,1,66,,32891,21,0,9,2,24,,32881,21,0,9,1,24,,32903,21,0,9,1,70,,32892,21,0,9,2,30,,32904,21,0,9,1,68,,32882,21,0,9,1,33,,32905,21,0,9,1,73,,32883,21,0,9,1,69,,32906,21,0,9,1,31,,32884,21,0,9,1,72,,32907,21,0,9,1,32,,32885,21,0,9,1,72,,32908,21,0,9,1,37,,32886,21,0,9,1
9701,'H51J000S-80-S',1702,,33441,20,0,5,2
9701,'H51JV00S-84-S',1702,,33442,20,0,5,2
9701,'H57J000A-80-A',513,,33443,20,0,5,1,33,,33446,20,0,5,1,75,,33462,20,0,5,1,33,,33454,20,0,5,1,73,,33447,20,0,5,1,75,,33463,20,0,5,1,31,,33455,20,0,5,1,70,,33448,20,0,5,1,32,,33464,20,0,5,1,71,,33456,20,0,5,1,35,,33449,20,0,5,1,71,,33468,20,0,5,1,31,,33457,20,0,5,1,68,,33473,20,0,5,1,24,,33450,20,0,5,1,21,,33469,20,0,5,1,61,,33477,20,0,5,1,22,,33458,20,0,5,1,18,,33480,20,0,5,1,57,,33474,20,0,5,1,16,,33451,20,0,5,1,16,,33488,20,0,5,1,55,,33470,20,0,5,1,16,,33478,20,0,5,1,16,,33459,20,0,5,1,16,,33481,20,0,5,1,56,,33475,20,0,5,1,15,,33452,20,0,5,1,16,,33489,20,0,5,1,15,,33471,20,0,5,1,53,,33482,20,0,5,1,11,,33479,20,0,5,1,10,,33493,20,0,5,2,10,,33460,20,0,5,1,10,,33499,20,0,5,2,10,,33476,20,0,5,1,49,,33466,20,0,5,1,11,,33453,20,0,5,1,12,,33490,20,0,5,1,10,,33472,20,0,5,1,11,,33483,20,0,5,1,52,,33465,20,0,5,1,15,,33494,20,0,5,2,20,,33461,20,0,5,1,69,,33491,20,0,5,1,32,,33484,20,0,5,1,73,,33495,20,0,5,2,33,,33492,20,0,5,1,73,,33485,20,0,5,1,32,,33496,20,0,5,2,71,,33444,20,0,5,1,28,,33486,20,0,5,1,70,,33497,20,0,5,2,28,,33445,20,0,5,1,72,,33487,20,0,5,1,29,,33498,20,0,5,2,63,,33467,20,0,5,1
9701,'H57J000I-80-I',515,,33507,20,0,5,1,29,,33500,20,0,5,1,72,,33517,20,0,5,1,33,,33508,20,0,5,1,73,,33516,20,0,5,1,35,,33518,20,0,5,1,71,,33509,20,0,5,1,30,,33530,20,0,5,1,70,,33519,20,0,5,1,73,,33510,20,0,5,1,31,,33501,20,0,5,1,73,,33520,20,0,5,1,35,,33511,20,0,5,1,70,,33502,20,0,5,1,24,,33539,20,0,5,1,25,,33521,20,0,5,1,65,,33512,20,0,5,1,18,,33536,20,0,5,2,58,,33503,20,0,5,1,17,,33540,20,0,5,1,17,,33543,20,0,5,1,17,,33522,20,0,5,1,58,,33513,20,0,5,1,18,,33537,20,0,5,2,19,,33504,20,0,5,1,58,,33541,20,0,5,1,18,,33544,20,0,5,1,18,,33523,20,0,5,1,15,,33514,20,0,5,1,54,,33538,20,0,5,2,10,,33524,20,0,5,1,10,,33505,20,0,5,1,9,,33551,20,0,5,2,9,,33542,20,0,5,1,10,,33531,20,0,5,1,54,,33545,20,0,5,1,15,,33546,20,0,5,1,16,,33515,20,0,5,1,59,,33525,20,0,5,1,31,,33532,20,0,5,1,68,,33547,20,0,5,1,32,,33526,20,0,5,1,71,,33533,20,0,5,1,30,,33548,20,0,5,1,70,,33527,20,0,5,1,32,,33534,20,0,5,1,70,,33549,20,0,5,1,30,,33528,20,0,5,1,67,,33535,20,0,5,1,31,,33550,20,0,5,1,73,,33529,20,0,5,1,33,,33506,20,0,5,1
9701,'H57J000S-81-S',520,,33557,20,0,5,1,23,,33563,20,0,5,1,68,,33560,20,0,5,1,32,,33558,20,0,5,1,70,,33564,20,0,5,1,33,,33561,20,0,5,1,67,,33584,20,0,5,1,15,,33578,20,0,5,1,26,,33586,20,0,5,1,73,,33577,20,0,5,1,73,,33585,20,0,5,1,31,,33579,20,0,5,1,70,,33587,20,0,5,1,30,,33565,20,0,5,1,69,,33580,20,0,5,1,23,,33573,20,0,5,1,20,,33554,20,0,5,1,63,,33588,20,0,5,1,23,,33566,20,0,5,1,22,,33581,20,0,5,1,63,,33574,20,0,5,1,19,,33555,20,0,5,1,19,,33569,20,0,5,1,58,,33589,20,0,5,1,18,,33567,20,0,5,1,10,,33599,20,0,5,1,10,,33582,20,0,5,1,11,,33602,20,0,5,2,50,,33575,20,0,5,1,9,,33608,20,0,5,1,10,,33556,20,0,5,1,11,,33616,20,0,5,1,9,,33609,20,0,5,1,8,,33570,20,0,5,1,52,,33590,20,0,5,1,6,,33583,20,0,5,1,17,,33600,20,0,5,2,5,,33568,20,0,5,1,6,,33562,20,0,5,1,5,,33559,20,0,5,1,6,,33604,20,0,5,1,6,,33610,20,0,5,1,46,,33611,20,0,5,1,8,,33576,20,0,5,1,7,,33603,20,0,5,2,5,,33592,20,0,5,1,9,,33617,20,0,5,1,8,,33591,20,0,5,1,10,,33571,20,0,5,1,49,,33598,20,0,5,2,10,,33552,20,0,5,1,14,,33601,20,0,5,2,16,,33593,20,0,5,1,59,,33612,20,0,5,1,20,,33618,20,0,5,1,20,,33605,20,0,5,1,19,,33553,20,0,5,1,59,,33594,20,0,5,1,31,,33613,20,0,5,1,72,,33606,20,0,5,1,29,,33595,20,0,5,1,70,,33614,20,0,5,1,31,,33607,20,0,5,1,68,,33596,20,0,5,1,28,,33615,20,0,5,1,67,,33572,20,0,5,1,26,,33597,20,0,5,1
9701,'H57JV00A-80-A',513,,33621,20,0,5,1,33,,33651,20,0,5,1,75,,33624,20,0,5,1,33,,33659,20,0,5,1,73,,33652,20,0,5,1,75,,33625,20,0,5,1,31,,33660,20,0,5,1,70,,33653,20,0,5,1,32,,33626,20,0,5,1,71,,33661,20,0,5,1,35,,33654,20,0,5,1,71,,33667,20,0,5,1,31,,33662,20,0,5,1,68,,33633,20,0,5,1,24,,33655,20,0,5,1,21,,33668,20,0,5,1,61,,33630,20,0,5,1,22,,33663,20,0,5,1,18,,33637,20,0,5,1,57,,33634,20,0,5,1,16,,33656,20,0,5,1,16,,33671,20,0,5,1,55,,33669,20,0,5,1,16,,33631,20,0,5,1,16,,33664,20,0,5,1,16,,33638,20,0,5,1,56,,33635,20,0,5,1,15,,33657,20,0,5,1,16,,33672,20,0,5,1,15,,33670,20,0,5,1,53,,33639,20,0,5,1,11,,33632,20,0,5,1,10,,33645,20,0,5,2,10,,33665,20,0,5,1,10,,33620,20,0,5,2,10,,33636,20,0,5,1,49,,33628,20,0,5,1,11,,33658,20,0,5,1,12,,33673,20,0,5,1,10,,33629,20,0,5,1,11,,33640,20,0,5,1,52,,33627,20,0,5,1,15,,33646,20,0,5,2,20,,33666,20,0,5,1,69,,33674,20,0,5,1,32,,33641,20,0,5,1,73,,33647,20,0,5,2,33,,33675,20,0,5,1,73,,33642,20,0,5,1,32,,33648,20,0,5,2,71,,33622,20,0,5,1,28,,33643,20,0,5,1,70,,33649,20,0,5,2,28,,33623,20,0,5,1,72,,33644,20,0,5,1,29,,33650,20,0,5,2,63,,33619,20,0,5,1
9701,'H57JV00I-80-I',515,,33703,20,0,5,1,29,,33696,20,0,5,1,72,,33712,20,0,5,1,33,,33704,20,0,5,1,73,,33676,20,0,5,1,35,,33713,20,0,5,1,71,,33705,20,0,5,1,30,,33683,20,0,5,1,70,,33714,20,0,5,1,73,,33706,20,0,5,1,31,,33697,20,0,5,1,73,,33715,20,0,5,1,35,,33707,20,0,5,1,70,,33698,20,0,5,1,24,,33692,20,0,5,1,25,,33716,20,0,5,1,65,,33708,20,0,5,1,18,,33719,20,0,5,2,58,,33699,20,0,5,1,17,,33693,20,0,5,1,17,,33722,20,0,5,1,17,,33717,20,0,5,1,58,,33709,20,0,5,1,18,,33720,20,0,5,2,19,,33700,20,0,5,1,58,,33694,20,0,5,1,18,,33723,20,0,5,1,18,,33718,20,0,5,1,15,,33710,20,0,5,1,54,,33721,20,0,5,2,10,,33677,20,0,5,1,10,,33701,20,0,5,1,9,,33691,20,0,5,2,9,,33695,20,0,5,1,10,,33684,20,0,5,1,54,,33724,20,0,5,1,15,,33725,20,0,5,1,16,,33711,20,0,5,1,59,,33678,20,0,5,1,31,,33685,20,0,5,1,68,,33726,20,0,5,1,32,,33679,20,0,5,1,71,,33686,20,0,5,1,30,,33727,20,0,5,1,70,,33680,20,0,5,1,32,,33687,20,0,5,1,70,,33689,20,0,5,1,30,,33681,20,0,5,1,67,,33688,20,0,5,1,31,,33690,20,0,5,1,73,,33682,20,0,5,1,33,,33702,20,0,5,1
9701,'H57JV00S-83-S',520,,33740,20,0,5,1,23,,33746,20,0,5,1,68,,33743,20,0,5,1,32,,33741,20,0,5,1,70,,33747,20,0,5,1,33,,33744,20,0,5,1,67,,33759,20,0,5,1,15,,33761,20,0,5,1,26,,33774,20,0,5,1,73,,33758,20,0,5,1,73,,33760,20,0,5,1,31,,33762,20,0,5,1,70,,33775,20,0,5,1,30,,33754,20,0,5,1,69,,33767,20,0,5,1,23,,33763,20,0,5,1,20,,33730,20,0,5,1,63,,33776,20,0,5,1,23,,33755,20,0,5,1,22,,33768,20,0,5,1,63,,33764,20,0,5,1,19,,33731,20,0,5,1,19,,33772,20,0,5,1,58,,33777,20,0,5,1,18,,33756,20,0,5,1,10,,33780,20,0,5,1,10,,33769,20,0,5,1,11,,33783,20,0,5,2,50,,33765,20,0,5,1,9,,33785,20,0,5,1,10,,33732,20,0,5,1,11,,33786,20,0,5,1,9,,33773,20,0,5,1,8,,33789,20,0,5,1,52,,33778,20,0,5,1,6,,33794,20,0,5,1,17,,33781,20,0,5,2,5,,33757,20,0,5,1,6,,33745,20,0,5,1,5,,33742,20,0,5,1,6,,33733,20,0,5,1,6,,33770,20,0,5,1,46,,33748,20,0,5,1,8,,33766,20,0,5,1,7,,33784,20,0,5,2,5,,33734,20,0,5,1,9,,33787,20,0,5,1,8,,33779,20,0,5,1,10,,33790,20,0,5,1,49,,33771,20,0,5,1,10,,33728,20,0,5,1,14,,33782,20,0,5,2,16,,33735,20,0,5,1,59,,33749,20,0,5,1,20,,33788,20,0,5,1,20,,33791,20,0,5,1,19,,33729,20,0,5,1,59,,33736,20,0,5,1,31,,33750,20,0,5,1,72,,33792,20,0,5,1,29,,33737,20,0,5,1,70,,33751,20,0,5,1,31,,33793,20,0,5,1,68,,33738,20,0,5,1,28,,33752,20,0,5,1,67,,33753,20,0,5,1,26,,33739,20,0,5,1
9701,'H59J000S-81-S',1720,,33796,20,0,5,2,5,,33795,20,0,5,1
9701,'H59JV00S-83-S',1720,,33798,20,0,5,2,5,,33797,20,0,5,1
35704,'H59J000A-80-A',2614,,74693,40,0,9,1,45,,74691,40,0,9,1,84,,74694,40,0,9,1,85,,74692,40,0,9,1,86,,74695,40,0,9,1
35704,'H59J000I-80-I',2524,,74699,40,0,9,1,85,,74696,40,0,9,1,45,,74700,40,0,9,1,84,,74697,40,0,9,1,87,,74701,40,0,9,1,85,,74698,40,0,9,1
35704,'H59J000S-81-S',2528,,74705,40,0,9,1,83,,74702,40,0,9,2,45,,74706,40,0,9,1,84,,74703,40,0,9,2,86,,74707,40,0,9,1,85,,74704,40,0,9,2
35704,'H59JV00A-80-A',2614,,74708,40,0,9,1,45,,74711,40,0,9,1,84,,74709,40,0,9,1,85,,74712,40,0,9,1,86,,74710,40,0,9,1
35704,'H59JV00I-80-I',2524,,74713,40,0,9,1,85,,74716,40,0,9,1,45,,74714,40,0,9,1,84,,74717,40,0,9,1,87,,74715,40,0,9,1,85,,74718,40,0,9,1
35704,'H59JV00S-83-S',2528,,74722,40,0,9,1,83,,74719,40,0,9,2,45,,74723,40,0,9,1,84,,74720,40,0,9,2,86,,74724,40,0,9,1,85,,74721,40,0,9,2
36801,'H57J000A-80-A',2624,,75542,70,0,5,1,84,,75540,70,0,5,1,47,,75541,70,0,5,1,82,,75539,70,0,5,1,81,,75543,70,0,5,1
36801,'H57J000I-80-I',2618,,75547,70,0,5,2,85,,75545,70,0,5,1,45,,75544,70,0,5,1,85,,75548,70,0,5,2,85,,75546,70,0,5,1
36801,'H57J000S-81-S',2619,,75552,70,0,5,1,87,,75549,70,0,5,1,94,,75551,70,0,5,1,38,,75550,70,0,5,1,92,,75553,70,0,5,1
36801,'H57JV00A-80-A',2624,,75557,70,0,5,1,84,,75555,70,0,5,1,47,,75556,70,0,5,1,82,,75554,70,0,5,1,81,,75558,70,0,5,1
36801,'H57JV00I-80-I',2618,,75562,70,0,5,2,85,,75559,70,0,5,1,45,,75561,70,0,5,1,85,,75563,70,0,5,2,85,,75560,70,0,5,1
36801,'H57JV00S-83-S',2619,,75567,70,0,5,1,87,,75565,70,0,5,1,94,,75566,70,0,5,1,38,,75564,70,0,5,1,92,,75568,70,0,5,1
