36201,'H54J000A-80-A',2714,,75210,93,0,5,1,45,,75212,93,0,5,1,85,,75211,93,0,5,1,85,,75209,93,0,5,1
36201,'H54J000I-80-I',2630,,75217,93,0,5,1,84,,75213,93,0,5,1,44,,75215,93,0,5,1,85,,75214,93,0,5,1,85,,75216,93,0,5,1
36201,'H54J000S-83-S',2628,,75219,93,0,5,1,85,,75218,93,0,5,1,45,,75221,93,0,5,2,85,,75222,93,0,5,1,85,,75220,93,0,5,1
36201,'H54JV00A-80-A',2714,,75223,93,0,5,1,45,,75226,93,0,5,1,85,,75224,93,0,5,1,85,,75225,93,0,5,1
36201,'H54JV00I-80-I',2630,,75231,93,0,5,1,84,,75227,93,0,5,1,44,,75228,93,0,5,1,85,,75229,93,0,5,1,85,,75230,93,0,5,1
36201,'H54JV00S-80-S',2628,,75235,93,0,5,1,85,,75232,93,0,5,1,45,,75233,93,0,5,2,85,,75234,93,0,5,1,85,,75236,93,0,5,1
48701,'H54J000S-83-S',1526,,81285,20,0,22 60 61 1 37,1,32,,81287,20,0,22 60 61 1 37,2,72,,81290,20,0,22 60 61 1 37,2,18,,81278,20,0,22 60 61 1 37,1,67,,81286,20,0,22 60 61 1 37,1,17,,81281,20,0,22 60 61 1 37,1,72,,81288,20,0,22 60 61 1 37,2,21,,81276,20,0,22 60 61 1 37,1,31,,81275,20,0,22 60 61 1 37,1,68,,81289,20,0,22 60 61 1 37,2,26,,81277,20,0,22 60 61 1 37,1
48701,'H54JV00S-80-S',1526,,81299,20,0,22 60 61 1 37,1,32,,81291,20,0,22 60 61 1 37,1,72,,81304,20,0,22 60 61 1 37,2,18,,81300,20,0,22 60 61 1 37,1,67,,81301,20,0,22 60 61 1 37,1,17,,81295,20,0,22 60 61 1 37,1,72,,81302,20,0,22 60 61 1 37,2,21,,81305,20,0,22 60 61 1 37,1,31,,81292,20,0,22 60 61 1 37,1,68,,81303,20,0,22 60 61 1 37,2,26,,81306,20,0,22 60 61 1 37,1
48701,'H59J000S-81-S',1701,,81308,20,0,22 60 61 1 37,2,48,,81307,20,0,22 60 61 1 37,2
48701,'H59JV00S-83-S',1701,,81310,20,0,22 60 61 1 37,2,48,,81309,20,0,22 60 61 1 37,2
