7902,'H58U000A-80-A',518,,241064,31,0,10,1,33,,241076,31,0,10,2,65,,241086,31,0,10,1,25,,241062,31,0,10,2,67,,241044,31,0,10,1,20,,241077,31,0,10,2,25,,241059,31,0,10,2,66,,241068,31,0,10,1,30,,241045,31,0,10,2,70,,241078,31,0,10,2,30,,241070,31,0,10,1,70,,241073,31,0,10,1,30,,241079,31,0,10,1,70,,241053,31,0,10,1,30,,241071,31,0,10,1,70,,241074,31,0,10,1,30,,241080,31,0,10,1,70,,241054,31,0,10,1,30,,241057,31,0,10,1,70,,241075,31,0,10,1,32,,241081,31,0,10,1,73,,241085,31,0,10,2,28,,241048,31,0,10,1,68,,241060,31,0,10,2,29,,241082,31,0,10,1,70,,241058,31,0,10,1,30,,241049,31,0,10,1,70,,241072,31,0,10,1,30,,241046,31,0,10,1,70,,241065,31,0,10,1,30,,241050,31,0,10,1,70,,241083,31,0,10,2,30,,241047,31,0,10,1,70,,241066,31,0,10,1,30,,241051,31,0,10,1,70,,241084,31,0,10,2,30,,241055,31,0,10,1,70,,241056,31,0,10,1,30,,241067,31,0,10,2,70,,241061,31,0,10,2,30,,241063,31,0,10,2,70,,241052,31,0,10,1,30,,241069,31,0,10,1
7902,'H58U000I-80-I',516,,241095,31,0,10,2,34,,241093,31,0,10,1,66,,241090,31,0,10,1,24,,241110,31,0,10,1,64,,241100,31,0,10,1,20,,241087,31,0,10,2,24,,241119,31,0,10,2,70,,241091,31,0,10,1,31,,241103,31,0,10,2,70,,241088,31,0,10,2,30,,241120,31,0,10,2,70,,241092,31,0,10,1,30,,241104,31,0,10,2,70,,241096,31,0,10,1,30,,241121,31,0,10,2,70,,241128,31,0,10,1,30,,241105,31,0,10,2,70,,241122,31,0,10,1,30,,241115,31,0,10,2,72,,241111,31,0,10,1,30,,241106,31,0,10,2,73,,241123,31,0,10,1,29,,241116,31,0,10,2,69,,241112,31,0,10,1,29,,241107,31,0,10,2,70,,241124,31,0,10,1,29,,241117,31,0,10,2,70,,241113,31,0,10,1,30,,241108,31,0,10,2,70,,241125,31,0,10,1,30,,241118,31,0,10,2,70,,241114,31,0,10,1,30,,241109,31,0,10,2,70,,241101,31,0,10,1,30,,241099,31,0,10,1,70,,241094,31,0,10,1,30,,241097,31,0,10,1,70,,241098,31,0,10,2,30,,241127,31,0,10,1,70,,241102,31,0,10,1,30,,241126,31,0,10,1,70,,241089,31,0,10,1
7902,'H58U000S-80-S',515,,241141,31,0,10,2,35,,241142,31,0,10,1,70,,241136,31,0,10,1,24,,241143,31,0,10,2,63,,241140,31,0,10,2,18,,241150,31,0,10,1,16,,241156,31,0,10,2,13,,241129,31,0,10,2,53,,241135,31,0,10,2,15,,241137,31,0,10,1,15,,241158,31,0,10,2,15,,241144,31,0,10,2,67,,241151,31,0,10,1,30,,241130,31,0,10,2,70,,241138,31,0,10,1,30,,241145,31,0,10,2,70,,241152,31,0,10,1,30,,241131,31,0,10,2,70,,241139,31,0,10,1,30,,241146,31,0,10,2,70,,241153,31,0,10,1,30,,241132,31,0,10,2,70,,241155,31,0,10,1,31,,241134,31,0,10,2,74,,241154,31,0,10,1,19,,241133,31,0,10,2,60,,241169,31,0,10,2,20,,241170,31,0,10,2,30,,241164,31,0,10,1,69,,241157,31,0,10,1,30,,241160,31,0,10,1,70,,241171,31,0,10,2,30,,241165,31,0,10,1,69,,241148,31,0,10,2,30,,241161,31,0,10,1,65,,241172,31,0,10,2,30,,241166,31,0,10,1,70,,241149,31,0,10,2,27,,241162,31,0,10,1,70,,241173,31,0,10,2,29,,241167,31,0,10,1,70,,241163,31,0,10,1,30,,241174,31,0,10,2,72,,241168,31,0,10,1,30,,241159,31,0,10,2,70,,241147,31,0,10,1
7902,'H58U100F-80-F1',516,,241183,31,0,10,2,34,,241181,31,0,10,1,66,,241178,31,0,10,1,24,,241198,31,0,10,1,64,,241188,31,0,10,1,20,,241175,31,0,10,2,24,,241207,31,0,10,2,70,,241179,31,0,10,1,31,,241191,31,0,10,2,70,,241176,31,0,10,2,30,,241208,31,0,10,2,70,,241180,31,0,10,1,30,,241192,31,0,10,2,70,,241184,31,0,10,1,30,,241209,31,0,10,2,70,,241216,31,0,10,1,30,,241193,31,0,10,2,70,,241210,31,0,10,1,30,,241203,31,0,10,2,72,,241199,31,0,10,1,30,,241194,31,0,10,2,73,,241211,31,0,10,1,29,,241204,31,0,10,2,69,,241200,31,0,10,1,29,,241195,31,0,10,2,70,,241212,31,0,10,1,29,,241205,31,0,10,2,70,,241201,31,0,10,1,30,,241196,31,0,10,2,70,,241213,31,0,10,1,30,,241206,31,0,10,2,70,,241202,31,0,10,1,30,,241197,31,0,10,2,70,,241189,31,0,10,1,30,,241187,31,0,10,1,70,,241182,31,0,10,1,30,,241185,31,0,10,1,70,,241186,31,0,10,2,30,,241215,31,0,10,1,70,,241190,31,0,10,1,30,,241214,31,0,10,1,70,,241177,31,0,10,1
7902,'H58U200F-80-F2',516,,241227,31,0,10,1,34,,241237,31,0,10,1,66,,241217,31,0,10,2,24,,241247,31,0,10,2,64,,241228,31,0,10,1,20,,241249,31,0,10,2,24,,241238,31,0,10,1,70,,241218,31,0,10,2,31,,241229,31,0,10,1,70,,241250,31,0,10,2,30,,241239,31,0,10,1,70,,241219,31,0,10,2,30,,241230,31,0,10,1,70,,241251,31,0,10,2,30,,241240,31,0,10,1,70,,241220,31,0,10,2,30,,241231,31,0,10,1,70,,241252,31,0,10,2,30,,241241,31,0,10,1,72,,241221,31,0,10,2,30,,241232,31,0,10,1,73,,241253,31,0,10,2,29,,241242,31,0,10,1,69,,241222,31,0,10,2,29,,241233,31,0,10,1,70,,241254,31,0,10,2,29,,241243,31,0,10,1,70,,241223,31,0,10,2,30,,241234,31,0,10,1,70,,241255,31,0,10,2,30,,241244,31,0,10,1,70,,241224,31,0,10,2,30,,241235,31,0,10,1,70,,241256,31,0,10,2,30,,241245,31,0,10,1,70,,241225,31,0,10,2,30,,241236,31,0,10,1,70,,241257,31,0,10,2,30,,241246,31,0,10,1,70,,241226,31,0,10,2,30,,241248,31,0,10,1,70,,241258,31,0,10,2
38202,'H60U000A-85-A',2608,,278033,34,0,10,2,45,,278034,34,0,10,1,85,,278032,34,0,10,1,85,,278035,34,0,10,1
38202,'H60U000I-84-I',2609,,278036,34,0,10,1,45,,278039,34,0,10,1,84,,278037,34,0,10,1,85,,278038,34,0,10,1
38202,'H60U000S-86-S',2609,,278043,34,0,10,2,45,,278042,34,0,10,1,84,,278041,34,0,10,1,85,,278040,34,0,10,1
38202,'H60U100F-85-F1',2609,,278044,34,0,10,1,45,,278047,34,0,10,2,84,,278045,34,0,10,1,85,,278046,34,0,10,1
38202,'H60U200F-83-F2',2609,,278048,34,0,10,1,45,,278051,34,0,10,2,84,,278049,34,0,10,1,85,,278050,34,0,10,1
