3501,'H56M000A-70-A',559,,96668,3,,,1,69,,96670,3,,,1,29,,96666,3,,,1,69,,96672,3,,,1,30,,96669,3,,,1,71,,96671,3,,,1,30,,96667,3,,,1,72,,96673,3,,,1,72,,96663,3,,,1,32,,96652,3,,,1,72,,96640,3,,,1,30,,96646,3,,,1,70,,96664,3,,,1,31,,96653,3,,,1,71,,96641,3,,,1,30,,96647,3,,,1,71,,96659,3,,,1,31,,96654,3,,,1,70,,96642,3,,,1,31,,96648,3,,,1,72,,96660,3,,,1,31,,96655,3,,,1,70,,96643,3,,,1,31,,96649,3,,,1,71,,96661,3,,,1,29,,96656,3,,,1,69,,96644,3,,,1,28,,96650,3,,,1,68,,96662,3,,,1,26,,96657,3,,,1,70,,96645,3,,,1,29,,96651,3,,,1,69,,96665,3,,,1,30,,96658,3,,,1
3501,'H56M000I-70-I',558,,96695,3,,,1,69,,96706,3,,,1,31,,96690,3,,,1,71,,96701,3,,,1,72,,96704,3,,,1,31,,96707,3,,,1,70,,96703,3,,,1,29,,96702,3,,,1,70,,96705,3,,,1,30,,96693,3,,,1,73,,96692,3,,,1,30,,96674,3,,,1,69,,96694,3,,,1,30,,96680,3,,,1,70,,96685,3,,,1,30,,96675,3,,,1,70,,96696,3,,,1,30,,96681,3,,,1,70,,96686,3,,,1,30,,96676,3,,,1,70,,96697,3,,,1,30,,96682,3,,,1,68,,96687,3,,,1,29,,96677,3,,,1,71,,96698,3,,,1,30,,96683,3,,,1,71,,96688,3,,,1,29,,96678,3,,,1,70,,96699,3,,,1,30,,96684,3,,,1,70,,96689,3,,,1,30,,96679,3,,,1,71,,96700,3,,,1,30,,96691,3,,,1
3501,'H56M000S-70-S',605,,96718,3,,,1,30,,96709,3,,,1,68,,96745,3,,,1,27,,96722,3,,,1,22,,96723,3,,,2,61,,96719,3,,,1,22,,96724,3,,,1,23,,96710,3,,,1,64,,96727,3,,,1,19,,96746,3,,,2,59,,96715,3,,,1,22,,96747,3,,,1,25,,96725,3,,,1,69,,96711,3,,,1,29,,96744,3,,,1,70,,96749,3,,,1,29,,96748,3,,,1,70,,96726,3,,,1,29,,96731,3,,,2,65,,96728,3,,,1,28,,96741,3,,,1,66,,96743,3,,,1,22,,96720,3,,,1,21,,96716,3,,,1,62,,96732,3,,,2,21,,96729,3,,,1,20,,96712,3,,,1,58,,96742,3,,,1,18,,96734,3,,,1,18,,96721,3,,,1,62,,96717,3,,,1,16,,96738,3,,,2,17,,96733,3,,,2,19,,96730,3,,,1,60,,96713,3,,,1,22,,96735,3,,,1,71,,96736,3,,,2,33,,96739,3,,,2,73,,96714,3,,,1,32,,96708,3,,,1,70,,96737,3,,,2,30,,96740,3,,,2
3501,'H56M100F-70-F1',558,,96760,3,,,1,69,,96780,3,,,1,31,,96782,3,,,2,71,,96772,3,,,1,72,,96765,3,,,1,31,,96781,3,,,1,70,,96776,3,,,1,29,,96773,3,,,1,70,,96766,3,,,1,30,,96778,3,,,1,73,,96777,3,,,1,30,,96750,3,,,1,69,,96779,3,,,1,30,,96767,3,,,1,70,,96756,3,,,2,30,,96751,3,,,1,70,,96762,3,,,1,30,,96768,3,,,1,70,,96757,3,,,2,30,,96752,3,,,1,70,,96763,3,,,1,30,,96769,3,,,1,68,,96758,3,,,2,29,,96753,3,,,1,71,,96764,3,,,1,30,,96770,3,,,1,71,,96759,3,,,2,29,,96754,3,,,1,70,,96774,3,,,1,30,,96771,3,,,1,70,,96761,3,,,2,30,,96755,3,,,1,71,,96775,3,,,1,30,,96783,3,,,1
3501,'H56M200F-70-F2',558,,96795,3,,,1,69,,96814,3,,,1,31,,96816,3,,,2,71,,96806,3,,,1,72,,96799,3,,,1,31,,96815,3,,,1,70,,96810,3,,,1,29,,96807,3,,,1,70,,96800,3,,,1,30,,96812,3,,,1,73,,96811,3,,,1,30,,96784,3,,,1,69,,96813,3,,,1,30,,96801,3,,,1,70,,96790,3,,,2,30,,96785,3,,,1,70,,96796,3,,,1,30,,96802,3,,,1,70,,96791,3,,,2,30,,96786,3,,,1,70,,96797,3,,,1,30,,96803,3,,,1,68,,96792,3,,,2,29,,96787,3,,,1,71,,96798,3,,,1,30,,96804,3,,,1,71,,96793,3,,,2,29,,96788,3,,,1,70,,96808,3,,,1,30,,96805,3,,,1,70,,96794,3,,,2,30,,96789,3,,,1,71,,96809,3,,,1,30,,96817,3,,,1
3501,'H56M300F-70-F3',558,,96839,3,,,1,69,,96850,3,,,1,31,,96834,3,,,1,71,,96845,3,,,1,72,,96848,3,,,1,31,,96851,3,,,1,70,,96847,3,,,1,29,,96846,3,,,1,70,,96849,3,,,1,30,,96837,3,,,1,73,,96836,3,,,1,30,,96818,3,,,1,69,,96838,3,,,1,30,,96824,3,,,1,70,,96829,3,,,1,30,,96819,3,,,1,70,,96840,3,,,1,30,,96825,3,,,1,70,,96830,3,,,1,30,,96820,3,,,1,70,,96841,3,,,1,30,,96826,3,,,1,68,,96831,3,,,1,29,,96821,3,,,1,71,,96842,3,,,1,30,,96827,3,,,1,71,,96832,3,,,1,29,,96822,3,,,1,70,,96843,3,,,1,30,,96828,3,,,1,70,,96833,3,,,1,30,,96823,3,,,1,71,,96844,3,,,1,30,,96835,3,,,1
3501,'H57M000S-70-S',538,,96852,3,,,1
5000,'H59M000A-70-A',742,,102588,9,,,1,69,,102599,9,,,2,31,,102589,9,,,1,71,,102600,9,,,2,33,,102590,9,,,1,72,,102601,9,,,2,33,,102591,9,,,1,69,,102610,9,,,2,27,,102602,9,,,2,67,,102592,9,,,1,27,,102611,9,,,2,67,,102603,9,,,2,28,,102593,9,,,1,69,,102612,9,,,2,29,,102604,9,,,2,68,,102594,9,,,1,28,,102613,9,,,2,28,,102605,9,,,2,68,,102595,9,,,1,28,,102614,9,,,2,68,,102606,9,,,2,29,,102596,9,,,1,68,,102615,9,,,2,28,,102607,9,,,2,69,,102597,9,,,1,30,,102616,9,,,2,71,,102608,9,,,2,32,,102598,9,,,1,73,,102617,9,,,2,33,,102609,9,,,2
5000,'H59M000I-70-I',741,,102618,9,,,1,70,,102630,9,,,2,31,,102619,9,,,1,71,,102631,9,,,2,30,,102620,9,,,1,71,,102632,9,,,2,31,,102621,9,,,1,70,,102633,9,,,2,27,,102642,9,,,2,66,,102622,9,,,1,25,,102634,9,,,2,25,,102643,9,,,2,66,,102623,9,,,1,27,,102635,9,,,2,67,,102644,9,,,2,28,,102624,9,,,1,68,,102636,9,,,2,28,,102645,9,,,2,69,,102625,9,,,1,28,,102637,9,,,2,68,,102646,9,,,2,28,,102626,9,,,1,68,,102638,9,,,2,27,,102647,9,,,2,28,,102627,9,,,1,69,,102639,9,,,2,29,,102648,9,,,2,69,,102628,9,,,1,30,,102640,9,,,2,71,,102629,9,,,1,30,,102641,9,,,2
5000,'H59M000S-70-S',754,,102649,9,,,1,73,,102659,9,,,2,30,,102669,9,,,2,69,,102650,9,,,1,29,,102660,9,,,2,69,,102670,9,,,2,28,,102651,9,,,1,68,,102661,9,,,2,28,,102671,9,,,2,69,,102652,9,,,1,30,,102662,9,,,2,70,,102672,9,,,2,29,,102653,9,,,1,70,,102663,9,,,2,30,,102673,9,,,2,70,,102654,9,,,1,30,,102664,9,,,2,71,,102674,9,,,2,32,,102655,9,,,1,72,,102665,9,,,2,32,,102675,9,,,2,71,,102656,9,,,1,30,,102666,9,,,2,69,,102676,9,,,2,28,,102657,9,,,1,68,,102667,9,,,2,28,,102677,9,,,2,68,,102658,9,,,1,26,,102668,9,,,2
5000,'H59M100F-70-F1',741,,102678,9,,,1,70,,102690,9,,,2,31,,102679,9,,,1,71,,102691,9,,,2,30,,102680,9,,,1,71,,102692,9,,,2,31,,102681,9,,,1,70,,102693,9,,,2,27,,102702,9,,,2,66,,102682,9,,,1,25,,102694,9,,,2,25,,102703,9,,,2,66,,102683,9,,,1,27,,102695,9,,,2,67,,102704,9,,,2,28,,102684,9,,,1,68,,102696,9,,,2,28,,102705,9,,,2,69,,102685,9,,,1,28,,102697,9,,,2,68,,102706,9,,,2,28,,102686,9,,,1,68,,102698,9,,,2,27,,102707,9,,,2,28,,102687,9,,,1,69,,102699,9,,,2,29,,102708,9,,,2,69,,102688,9,,,1,30,,102700,9,,,2,71,,102689,9,,,1,30,,102701,9,,,2
5000,'H59M200F-70-F2',741,,102709,9,,,1,70,,102721,9,,,2,31,,102710,9,,,1,71,,102722,9,,,2,30,,102711,9,,,1,71,,102724,9,,,2,31,,102712,9,,,1,70,,102723,9,,,2,27,,102732,9,,,2,66,,102713,9,,,1,25,,102725,9,,,2,25,,102734,9,,,2,66,,102714,9,,,1,27,,102726,9,,,2,67,,102735,9,,,2,28,,102715,9,,,1,68,,102727,9,,,2,28,,102736,9,,,2,69,,102716,9,,,1,28,,102728,9,,,2,68,,102737,9,,,2,28,,102717,9,,,1,68,,102729,9,,,2,27,,102738,9,,,2,28,,102718,9,,,1,69,,102733,9,,,2,29,,102739,9,,,2,69,,102719,9,,,1,30,,102730,9,,,2,71,,102720,9,,,1,30,,102731,9,,,2
5000,'H59M300F-70-F3',741,,102740,9,,,1,70,,102752,9,,,2,31,,102741,9,,,1,71,,102753,9,,,2,30,,102742,9,,,1,71,,102754,9,,,2,31,,102743,9,,,1,70,,102755,9,,,2,27,,102764,9,,,2,66,,102744,9,,,1,25,,102756,9,,,2,25,,102766,9,,,2,66,,102745,9,,,1,27,,102757,9,,,2,67,,102765,9,,,2,28,,102746,9,,,1,68,,102758,9,,,2,28,,102767,9,,,2,69,,102747,9,,,1,28,,102759,9,,,2,68,,102768,9,,,2,28,,102748,9,,,1,68,,102760,9,,,2,27,,102769,9,,,2,28,,102749,9,,,1,69,,102761,9,,,2,29,,102770,9,,,2,69,,102750,9,,,1,30,,102762,9,,,2,71,,102751,9,,,1,30,,102763,9,,,2
16801,'H59M000A-70-A',632,,138037,3,,,2,73,,138055,3,,,1,30,,138048,3,,,2,70,,138038,3,,,2,31,,138056,3,,,1,68,,138049,3,,,2,31,,138039,3,,,2,70,,138057,3,,,1,31,,138050,3,,,2,70,,138040,3,,,2,33,,138058,3,,,1,69,,138068,3,,,2,28,,138041,3,,,2,70,,138059,3,,,1,31,,138069,3,,,2,70,,138042,3,,,2,30,,138060,3,,,1,70,,138070,3,,,2,33,,138043,3,,,2,67,,138061,3,,,1,29,,138071,3,,,2,69,,138044,3,,,2,33,,138062,3,,,1,69,,138072,3,,,2,30,,138045,3,,,2,69,,138063,3,,,1,30,,138073,3,,,2,70,,138051,3,,,2,31,,138064,3,,,1,70,,138074,3,,,2,31,,138052,3,,,2,68,,138065,3,,,1,29,,138075,3,,,2,70,,138053,3,,,2,31,,138066,3,,,1,72,,138046,3,,,1,30,,138054,3,,,2,70,,138067,3,,,1,31,,138047,3,,,1
16801,'H59M000I-70-I',632,,138076,3,,,2,72,,138098,3,,,1,31,,138077,3,,,2,70,,138090,3,,,2,29,,138099,3,,,1,71,,138078,3,,,2,29,,138091,3,,,2,70,,138100,3,,,1,30,,138079,3,,,2,70,,138092,3,,,2,29,,138101,3,,,1,72,,138080,3,,,2,31,,138093,3,,,2,69,,138102,3,,,1,30,,138081,3,,,2,70,,138094,3,,,2,30,,138103,3,,,1,70,,138082,3,,,2,31,,138095,3,,,2,70,,138104,3,,,1,29,,138083,3,,,2,69,,138096,3,,,2,31,,138105,3,,,1,70,,138084,3,,,2,29,,138097,3,,,2,70,,138106,3,,,1,30,,138085,3,,,2,69,,138110,3,,,2,30,,138107,3,,,1,70,,138086,3,,,2,32,,138111,3,,,2,68,,138108,3,,,1,30,,138087,3,,,2,70,,138112,3,,,2,30,,138109,3,,,1,70,,138088,3,,,2,33,,138113,3,,,2,73,,138089,3,,,2
16801,'H59M000S-70-S',542,,138115,3,,,1,71,,138114,3,,,2,24,,138129,3,,,2,66,,138116,3,,,1,31,,138123,3,,,1,72,,138130,3,,,2,31,,138117,3,,,1,71,,138124,3,,,1,29,,138131,3,,,2,69,,138118,3,,,1,28,,138125,3,,,1,69,,138132,3,,,2,29,,138119,3,,,1,69,,138126,3,,,1,30,,138133,3,,,2,69,,138120,3,,,1,30,,138127,3,,,1,70,,138134,3,,,2,31,,138121,3,,,1,69,,138128,3,,,1,29,,138135,3,,,2,24,,138122,3,,,1,58,,138149,3,,,1,24,,138142,3,,,1,65,,138136,3,,,2,18,,138148,3,,,2,18,,138150,3,,,1,70,,138143,3,,,1,31,,138137,3,,,2,69,,138151,3,,,1,28,,138144,3,,,1,66,,138138,3,,,2,27,,138141,3,,,1,31,,138152,3,,,1,70,,138145,3,,,1,30,,138139,3,,,2,69,,138153,3,,,1,30,,138146,3,,,1,73,,138140,3,,,2,73,,138154,3,,,1,33,,138147,3,,,1,73,,138155,3,,,1
16801,'H59M100F-70-F1',632,,138164,3,,,2,72,,138191,3,,,1,31,,138166,3,,,2,70,,138156,3,,,2,29,,138192,3,,,1,71,,138165,3,,,2,29,,138157,3,,,2,70,,138193,3,,,1,30,,138169,3,,,2,70,,138158,3,,,2,29,,138178,3,,,1,72,,138170,3,,,2,31,,138159,3,,,2,69,,138179,3,,,1,30,,138167,3,,,2,70,,138160,3,,,2,30,,138180,3,,,1,70,,138168,3,,,2,31,,138161,3,,,2,70,,138181,3,,,1,29,,138171,3,,,2,69,,138162,3,,,2,31,,138182,3,,,1,70,,138172,3,,,2,29,,138163,3,,,2,70,,138183,3,,,1,30,,138173,3,,,2,69,,138187,3,,,2,30,,138184,3,,,1,70,,138174,3,,,2,32,,138188,3,,,2,68,,138185,3,,,1,30,,138175,3,,,2,70,,138189,3,,,2,30,,138186,3,,,1,70,,138176,3,,,2,33,,138190,3,,,2,73,,138177,3,,,2
16801,'H59M200F-70-F2',632,,138202,3,,,2,72,,138229,3,,,1,31,,138203,3,,,2,70,,138194,3,,,2,29,,138230,3,,,1,71,,138204,3,,,2,29,,138195,3,,,2,70,,138231,3,,,1,30,,138205,3,,,2,70,,138196,3,,,2,29,,138216,3,,,1,72,,138206,3,,,2,31,,138197,3,,,2,69,,138217,3,,,1,30,,138207,3,,,2,70,,138199,3,,,2,30,,138218,3,,,1,70,,138208,3,,,2,31,,138198,3,,,2,70,,138219,3,,,1,29,,138209,3,,,2,69,,138200,3,,,2,31,,138220,3,,,1,70,,138210,3,,,2,29,,138201,3,,,2,70,,138221,3,,,1,30,,138211,3,,,2,69,,138225,3,,,2,30,,138222,3,,,1,70,,138212,3,,,2,32,,138226,3,,,2,68,,138223,3,,,1,30,,138213,3,,,2,70,,138227,3,,,2,30,,138224,3,,,1,70,,138215,3,,,2,33,,138228,3,,,2,73,,138214,3,,,2
16801,'H59M300F-70-F3',632,,138240,3,,,2,72,,138267,3,,,1,31,,138241,3,,,2,70,,138232,3,,,2,29,,138268,3,,,1,71,,138242,3,,,2,29,,138233,3,,,2,70,,138269,3,,,1,30,,138243,3,,,2,70,,138236,3,,,2,29,,138254,3,,,1,72,,138244,3,,,2,31,,138237,3,,,2,69,,138255,3,,,1,30,,138245,3,,,2,70,,138234,3,,,2,30,,138256,3,,,1,70,,138246,3,,,2,31,,138235,3,,,2,70,,138257,3,,,1,29,,138247,3,,,2,69,,138238,3,,,2,31,,138258,3,,,1,70,,138248,3,,,2,29,,138239,3,,,2,70,,138259,3,,,1,30,,138249,3,,,2,69,,138263,3,,,2,30,,138260,3,,,1,70,,138250,3,,,2,32,,138264,3,,,2,68,,138261,3,,,1,30,,138251,3,,,2,70,,138265,3,,,2,30,,138262,3,,,1,70,,138252,3,,,2,33,,138266,3,,,2,73,,138253,3,,,2
87201,'H59M000S-70-S',1533,,164725,3,,,1,71,,164728,3,,,1,30,,164726,3,,,1,70,,164729,3,,,1,30,,164727,3,,,1,69,,164730,3,,,1
