8502,'H59U000A-80-A',524,,242267,46,0,10,2,80,,242268,46,0,10,1,42,,242281,46,0,10,1,80,,242272,46,0,10,2,81,,242269,46,0,10,1,43,,242282,46,0,10,1,82,,242273,46,0,10,2,82,,242270,46,0,10,1,42,,242283,46,0,10,1,82,,242274,46,0,10,2,82,,242271,46,0,10,1,82,,242284,46,0,10,1,41,,242275,46,0,10,2,75,,242287,46,0,10,1,34,,242285,46,0,10,2,74,,242296,46,0,10,1,74,,242276,46,0,10,2,34,,242288,46,0,10,1,73,,242286,46,0,10,2,33,,242297,46,0,10,1,74,,242277,46,0,10,2,33,,242289,46,0,10,1,80,,242278,46,0,10,1,82,,242293,46,0,10,2,43,,242290,46,0,10,1,85,,242279,46,0,10,1,85,,242294,46,0,10,2,85,,242291,46,0,10,1,44,,242280,46,0,10,1,83,,242295,46,0,10,2,85,,242292,46,0,10,1
8502,'H59U000I-80-I',538,,242327,46,0,10,1,83,,242298,46,0,10,1,85,,242326,46,0,10,2,46,,242308,46,0,10,1,83,,242299,46,0,10,1,83,,242303,46,0,10,1,83,,242309,46,0,10,1,42,,242310,46,0,10,1,81,,242304,46,0,10,1,80,,242317,46,0,10,1,40,,242311,46,0,10,1,81,,242305,46,0,10,1,33,,242321,46,0,10,2,72,,242318,46,0,10,1,73,,242312,46,0,10,1,32,,242306,46,0,10,1,72,,242322,46,0,10,2,32,,242319,46,0,10,1,69,,242313,46,0,10,1,32,,242307,46,0,10,1,72,,242323,46,0,10,2,32,,242320,46,0,10,1,73,,242301,46,0,10,2,33,,242324,46,0,10,1,78,,242314,46,0,10,1,79,,242328,46,0,10,2,40,,242325,46,0,10,1,82,,242315,46,0,10,1,83,,242329,46,0,10,2,43,,242302,46,0,10,1,83,,242316,46,0,10,1,83,,242300,46,0,10,1
8502,'H59U000S-80-S',529,,242330,46,0,10,2,73,,242365,46,0,10,2,35,,242367,46,0,10,1,72,,242339,46,0,10,2,35,,242366,46,0,10,1,60,,242344,46,0,10,2,19,,242349,46,0,10,2,18,,242336,46,0,10,1,18,,242350,46,0,10,1,63,,242340,46,0,10,2,25,,242351,46,0,10,1,71,,242345,46,0,10,2,32,,242337,46,0,10,1,71,,242341,46,0,10,1,32,,242352,46,0,10,1,71,,242346,46,0,10,2,32,,242338,46,0,10,1,73,,242342,46,0,10,1,74,,242353,46,0,10,1,33,,242347,46,0,10,2,70,,242358,46,0,10,1,29,,242360,46,0,10,2,72,,242343,46,0,10,1,33,,242354,46,0,10,1,73,,242348,46,0,10,2,32,,242359,46,0,10,1,71,,242361,46,0,10,2,33,,242363,46,0,10,2,72,,242355,46,0,10,1,33,,242333,46,0,10,1,73,,242362,46,0,10,2,73,,242364,46,0,10,2,37,,242356,46,0,10,1,82,,242331,46,0,10,1,84,,242334,46,0,10,1,44,,242357,46,0,10,1,72,,242332,46,0,10,1,89,,242335,46,0,10,1
8502,'H59U100F-80-F1',538,,242397,46,0,10,1,83,,242368,46,0,10,1,85,,242396,46,0,10,2,46,,242378,46,0,10,1,83,,242369,46,0,10,1,83,,242373,46,0,10,1,83,,242379,46,0,10,1,42,,242380,46,0,10,1,81,,242374,46,0,10,1,80,,242387,46,0,10,1,40,,242381,46,0,10,1,81,,242375,46,0,10,1,33,,242391,46,0,10,2,72,,242388,46,0,10,1,73,,242382,46,0,10,1,32,,242376,46,0,10,1,72,,242392,46,0,10,2,32,,242389,46,0,10,1,69,,242383,46,0,10,1,32,,242377,46,0,10,1,72,,242393,46,0,10,2,32,,242390,46,0,10,1,73,,242371,46,0,10,2,33,,242394,46,0,10,1,78,,242384,46,0,10,1,79,,242398,46,0,10,2,40,,242395,46,0,10,1,82,,242385,46,0,10,1,83,,242399,46,0,10,2,43,,242372,46,0,10,1,83,,242386,46,0,10,1,83,,242370,46,0,10,1
8502,'H59U200F-80-F2',538,,242400,46,0,10,1,83,,242401,46,0,10,1,85,,242402,46,0,10,2,46,,242403,46,0,10,1,83,,242404,46,0,10,1,83,,242405,46,0,10,1,83,,242406,46,0,10,1,42,,242407,46,0,10,1,81,,242408,46,0,10,1,80,,242409,46,0,10,1,40,,242410,46,0,10,1,81,,242411,46,0,10,1,33,,242412,46,0,10,2,72,,242413,46,0,10,1,73,,242414,46,0,10,1,32,,242415,46,0,10,1,72,,242416,46,0,10,2,32,,242417,46,0,10,1,69,,242418,46,0,10,1,32,,242419,46,0,10,1,72,,242420,46,0,10,2,32,,242421,46,0,10,1,73,,242422,46,0,10,2,33,,242423,46,0,10,1,78,,242424,46,0,10,1,79,,242425,46,0,10,2,40,,242426,46,0,10,1,82,,242427,46,0,10,1,83,,242428,46,0,10,2,43,,242429,46,0,10,1,83,,242430,46,0,10,1,83,,242431,46,0,10,1
36202,'H54U000A-80-A',2627,,277338,98,0,10,2,88,,277340,98,0,10,1,85,,277342,98,0,10,1,45,,277341,98,0,10,1,82,,277339,98,0,10,1
36202,'H54U000I-80-I',2627,,277344,98,0,10,1,85,,277347,98,0,10,1,45,,277343,98,0,10,1,88,,277345,98,0,10,1,85,,277346,98,0,10,2
36202,'H54U000S-81-S',2627,,277348,98,0,10,1,85,,277351,98,0,10,2,45,,277350,98,0,10,1,89,,277352,98,0,10,2,85,,277349,98,0,10,1
36202,'H54U100F-80-F1',2627,,277354,98,0,10,1,85,,277357,98,0,10,1,45,,277353,98,0,10,1,88,,277355,98,0,10,1,85,,277356,98,0,10,2
36202,'H54U200F-82-F2',2627,,277360,98,0,10,2,85,,277358,98,0,10,1,45,,277362,98,0,10,1,88,,277359,98,0,10,1,85,,277361,98,0,10,2
