20201,'H50J000S-83-S',1647,,68655,1,0,5,1
20201,'H50JV00S-82-S',1647,,68656,1,0,5,1
20201,'H56J000S-80-S',540,,68658,1,0,5,1
20201,'H56JV00S-80-S',540,,68660,1,0,5,1
20201,'H60J000A-80-A',600,,68675,1,0,5,1,31,,68682,1,0,5,2,70,,68668,1,0,5,1,30,,68667,1,0,5,2,70,,68692,1,0,5,1,30,,68676,1,0,5,1,70,,68679,1,0,5,1,30,,68670,1,0,5,1,71,,68683,1,0,5,2,32,,68688,1,0,5,1,70,,68680,1,0,5,1,30,,68677,1,0,5,1,23,,68671,1,0,5,1,62,,68684,1,0,5,2,23,,68695,1,0,5,1,61,,68689,1,0,5,1,23,,68681,1,0,5,1,24,,68678,1,0,5,1,63,,68672,1,0,5,1,23,,68685,1,0,5,2,23,,68696,1,0,5,1,63,,68690,1,0,5,1,17,,68702,1,0,5,1,17,,68666,1,0,5,1,59,,68704,1,0,5,1,19,,68673,1,0,5,1,21,,68686,1,0,5,2,63,,68697,1,0,5,1,24,,68691,1,0,5,1,66,,68703,1,0,5,1,26,,68705,1,0,5,1,71,,68674,1,0,5,1,31,,68693,1,0,5,1,71,,68669,1,0,5,1,31,,68700,1,0,5,1,68,,68664,1,0,5,1,29,,68698,1,0,5,1,69,,68694,1,0,5,1,31,,68687,1,0,5,1,68,,68701,1,0,5,1,29,,68665,1,0,5,1,69,,68699,1,0,5,1
20201,'H60J000I-80-I',701,,68707,1,0,5,1,30,,68716,1,0,5,1,70,,68727,1,0,5,1,31,,68731,1,0,5,2,71,,68708,1,0,5,1,30,,68717,1,0,5,1,71,,68728,1,0,5,1,31,,68732,1,0,5,2,70,,68713,1,0,5,1,29,,68723,1,0,5,1,69,,68729,1,0,5,1,29,,68721,1,0,5,2,70,,68718,1,0,5,1,32,,68734,1,0,5,1,69,,68724,1,0,5,1,31,,68730,1,0,5,1,71,,68722,1,0,5,2,30,,68719,1,0,5,1,73,,68737,1,0,5,2,32,,68725,1,0,5,1,72,,68709,1,0,5,1,33,,68720,1,0,5,1,71,,68738,1,0,5,2,31,,68726,1,0,5,1,71,,68710,1,0,5,1,29,,68735,1,0,5,1,68,,68714,1,0,5,1,29,,68739,1,0,5,2,69,,68706,1,0,5,1,29,,68711,1,0,5,1,68,,68736,1,0,5,1,28,,68715,1,0,5,1,68,,68740,1,0,5,2,27,,68733,1,0,5,1,67,,68712,1,0,5,1
20201,'H60J000S-98-S',606,,68750,1,0,5,1,27,,68760,1,0,5,1,22,,68743,1,0,5,1,62,,68757,1,0,5,2,25,,68758,1,0,5,1,67,,68747,1,0,5,1,28,,68751,1,0,5,1,69,,68761,1,0,5,1,26,,68744,1,0,5,1,24,,68742,1,0,5,1,64,,68759,1,0,5,1,25,,68748,1,0,5,1,65,,68767,1,0,5,1,30,,68762,1,0,5,1,70,,68745,1,0,5,1,32,,68752,1,0,5,1,66,,68749,1,0,5,1,25,,68768,1,0,5,1,23,,68741,1,0,5,2,65,,68746,1,0,5,1,28,,68769,1,0,5,1,69,,68753,1,0,5,1,29,,68770,1,0,5,2,67,,68763,1,0,5,1,106,,68772,1,0,5,2,33,,68776,1,0,5,1,69,,68773,1,0,5,2,30,,68764,1,0,5,1,69,,68755,1,0,5,1,29,,68779,1,0,5,2,67,,68777,1,0,5,1,27,,68774,1,0,5,2,67,,68765,1,0,5,1,26,,68756,1,0,5,1,67,,68780,1,0,5,2,27,,68778,1,0,5,1,27,,68775,1,0,5,2,66,,68766,1,0,5,1,76,,68781,1,0,5,1
20201,'H60JV00A-80-A',600,,68816,1,0,5,1,31,,68799,1,0,5,2,70,,68784,1,0,5,1,30,,68783,1,0,5,2,70,,68818,1,0,5,1,30,,68817,1,0,5,1,70,,68819,1,0,5,1,30,,68790,1,0,5,1,71,,68800,1,0,5,2,32,,68795,1,0,5,1,70,,68822,1,0,5,1,30,,68820,1,0,5,1,23,,68791,1,0,5,1,62,,68801,1,0,5,2,23,,68806,1,0,5,1,61,,68796,1,0,5,1,23,,68823,1,0,5,1,24,,68821,1,0,5,1,63,,68792,1,0,5,1,23,,68802,1,0,5,2,23,,68807,1,0,5,1,63,,68797,1,0,5,1,17,,68811,1,0,5,1,17,,68815,1,0,5,1,59,,68804,1,0,5,1,19,,68793,1,0,5,1,21,,68803,1,0,5,2,63,,68808,1,0,5,1,24,,68798,1,0,5,1,66,,68812,1,0,5,1,26,,68805,1,0,5,1,71,,68794,1,0,5,1,31,,68786,1,0,5,1,71,,68785,1,0,5,1,31,,68813,1,0,5,1,68,,68788,1,0,5,1,29,,68809,1,0,5,1,69,,68787,1,0,5,1,31,,68782,1,0,5,1,68,,68814,1,0,5,1,29,,68789,1,0,5,1,69,,68810,1,0,5,1
20201,'H60JV00I-80-I',701,,68836,1,0,5,1,30,,68842,1,0,5,1,70,,68834,1,0,5,1,31,,68851,1,0,5,2,71,,68837,1,0,5,1,30,,68843,1,0,5,1,71,,68835,1,0,5,1,31,,68852,1,0,5,2,70,,68829,1,0,5,1,29,,68847,1,0,5,1,69,,68827,1,0,5,1,29,,68856,1,0,5,2,70,,68844,1,0,5,1,32,,68853,1,0,5,1,69,,68848,1,0,5,1,31,,68828,1,0,5,1,71,,68857,1,0,5,2,30,,68845,1,0,5,1,73,,68830,1,0,5,2,32,,68849,1,0,5,1,72,,68838,1,0,5,1,33,,68846,1,0,5,1,71,,68831,1,0,5,2,31,,68850,1,0,5,1,71,,68839,1,0,5,1,29,,68854,1,0,5,1,68,,68825,1,0,5,1,29,,68832,1,0,5,2,69,,68824,1,0,5,1,29,,68840,1,0,5,1,68,,68855,1,0,5,1,28,,68826,1,0,5,1,68,,68833,1,0,5,2,27,,68858,1,0,5,1,67,,68841,1,0,5,1
20201,'H60JV00S-98-S',606,,68887,1,0,5,1,27,,68891,1,0,5,1,22,,68875,1,0,5,1,62,,68874,1,0,5,2,25,,68889,1,0,5,1,67,,68862,1,0,5,1,28,,68888,1,0,5,1,69,,68892,1,0,5,1,26,,68876,1,0,5,1,24,,68898,1,0,5,1,64,,68890,1,0,5,1,25,,68863,1,0,5,1,65,,68894,1,0,5,1,30,,68893,1,0,5,1,70,,68877,1,0,5,1,32,,68882,1,0,5,1,66,,68864,1,0,5,1,25,,68895,1,0,5,1,23,,68860,1,0,5,2,65,,68859,1,0,5,1,28,,68868,1,0,5,1,69,,68883,1,0,5,1,29,,68897,1,0,5,2,67,,68878,1,0,5,1,106,,68861,1,0,5,1,33,,68869,1,0,5,1,69,,68865,1,0,5,2,30,,68879,1,0,5,1,69,,68885,1,0,5,1,29,,68872,1,0,5,2,67,,68870,1,0,5,1,27,,68866,1,0,5,2,67,,68880,1,0,5,1,26,,68886,1,0,5,1,67,,68873,1,0,5,2,27,,68871,1,0,5,1,27,,68867,1,0,5,2,66,,68881,1,0,5,1,76,,68899,1,0,5,1
20202,'H50J000S-83-S',1628,,68900,69,4,,1
20202,'H50JV00S-82-S',1628,,68901,69,4,,1
20202,'H60J000A-80-A',655,,68904,69,4,,1,62,,68915,69,4,,2,19,,68926,69,4,,1,19,,68931,69,4,,1,59,,68911,69,4,,1,20,,68920,69,4,,2,68,,68905,69,4,,1,31,,68903,69,4,,2,70,,68932,69,4,,1,32,,68912,69,4,,1,71,,68917,69,4,,1,31,,68906,69,4,,1,71,,68921,69,4,,2,32,,68927,69,4,,1,72,,68918,69,4,,1,32,,68913,69,4,,1,63,,68907,69,4,,1,23,,68922,69,4,,2,23,,68936,69,4,,1,63,,68928,69,4,,1,23,,68919,69,4,,1,64,,68914,69,4,,1,23,,68908,69,4,,1,23,,68923,69,4,,2,63,,68937,69,4,,1,24,,68929,69,4,,1,65,,68941,69,4,,1,23,,68942,69,4,,1,21,,68909,69,4,,1,63,,68924,69,4,,2,23,,68938,69,4,,1,71,,68930,69,4,,1,32,,68933,69,4,,1,68,,68943,69,4,,1,28,,68910,69,4,,1,28,,68935,69,4,,1,69,,68925,69,4,,1,30,,68940,69,4,,1,69,,68902,69,4,,1,30,,68939,69,4,,1,71,,68916,69,4,,1,27,,68934,69,4,,1
20202,'H60J000I-80-I',655,,68946,69,4,,1,70,,68956,69,4,,1,30,,68966,69,4,,1,71,,68971,69,4,,2,31,,68947,69,4,,1,70,,68957,69,4,,1,30,,68967,69,4,,1,72,,68972,69,4,,2,74,,68948,69,4,,1,31,,68958,69,4,,1,71,,68968,69,4,,1,30,,68973,69,4,,2,70,,68953,69,4,,1,31,,68963,69,4,,1,72,,68969,69,4,,1,32,,68961,69,4,,2,71,,68959,69,4,,1,31,,68975,69,4,,1,60,,68978,69,4,,2,21,,68964,69,4,,1,19,,68970,69,4,,1,68,,68962,69,4,,2,29,,68960,69,4,,1,71,,68979,69,4,,2,31,,68965,69,4,,1,71,,68949,69,4,,1,29,,68976,69,4,,1,68,,68954,69,4,,1,29,,68980,69,4,,2,69,,68944,69,4,,1,29,,68950,69,4,,1,69,,68977,69,4,,1,28,,68955,69,4,,1,68,,68981,69,4,,2,27,,68945,69,4,,1,27,,68951,69,4,,1,68,,68952,69,4,,2,28,,68974,69,4,,1
20202,'H60J000S-98-S',642,,68985,69,4,,1,81,,68984,69,4,,1,33,,68988,69,4,,1,74,,68992,69,4,,1,29,,69000,69,4,,1,64,,68986,69,4,,1,24,,68998,69,4,,2,63,,68999,69,4,,1,25,,68989,69,4,,1,65,,68993,69,4,,1,25,,69001,69,4,,1,23,,68987,69,4,,1,62,,68983,69,4,,1,25,,68994,69,4,,1,65,,68990,69,4,,1,26,,69007,69,4,,1,19,,68982,69,4,,2,58,,69002,69,4,,1,18,,69011,69,4,,1,18,,69009,69,4,,1,16,,69012,69,4,,1,56,,68995,69,4,,1,21,,68991,69,4,,1,25,,69008,69,4,,1,95,,69015,69,4,,1,59,,69014,69,4,,2,19,,69010,69,4,,1,16,,69019,69,4,,1,70,,69013,69,4,,1,28,,69003,69,4,,1,70,,68996,69,4,,1,29,,69022,69,4,,2,67,,69020,69,4,,1,25,,69017,69,4,,2,66,,69004,69,4,,1,28,,68997,69,4,,1,28,,69023,69,4,,2,67,,69021,69,4,,1,27,,69018,69,4,,2,67,,69005,69,4,,1,33,,69024,69,4,,1,74,,69016,69,4,,1,33,,69006,69,4,,1
20202,'H60JV00A-80-A',655,,69031,69,4,,1,62,,69028,69,4,,2,19,,69034,69,4,,1,19,,69060,69,4,,1,59,,69058,69,4,,1,20,,69045,69,4,,2,68,,69032,69,4,,1,31,,69030,69,4,,2,70,,69061,69,4,,1,32,,69059,69,4,,1,71,,69062,69,4,,1,31,,69036,69,4,,1,71,,69046,69,4,,2,32,,69041,69,4,,1,72,,69065,69,4,,1,32,,69063,69,4,,1,63,,69037,69,4,,1,23,,69047,69,4,,2,23,,69052,69,4,,1,63,,69042,69,4,,1,23,,69066,69,4,,1,64,,69064,69,4,,1,23,,69038,69,4,,1,23,,69048,69,4,,2,63,,69053,69,4,,1,24,,69043,69,4,,1,65,,69056,69,4,,1,23,,69050,69,4,,1,21,,69039,69,4,,1,63,,69049,69,4,,2,23,,69054,69,4,,1,71,,69044,69,4,,1,32,,69027,69,4,,1,68,,69051,69,4,,1,28,,69040,69,4,,1,28,,69033,69,4,,1,69,,69026,69,4,,1,30,,69057,69,4,,1,69,,69035,69,4,,1,30,,69055,69,4,,1,71,,69029,69,4,,1,27,,69025,69,4,,1
20202,'H60JV00I-80-I',655,,69083,69,4,,1,70,,69089,69,4,,1,30,,69080,69,4,,1,71,,69097,69,4,,2,31,,69084,69,4,,1,70,,69090,69,4,,1,30,,69081,69,4,,1,72,,69098,69,4,,2,74,,69085,69,4,,1,31,,69091,69,4,,1,71,,69082,69,4,,1,30,,69099,69,4,,2,70,,69075,69,4,,1,31,,69094,69,4,,1,72,,69073,69,4,,1,32,,69103,69,4,,2,71,,69092,69,4,,1,31,,69100,69,4,,1,60,,69076,69,4,,2,21,,69095,69,4,,1,19,,69074,69,4,,1,68,,69104,69,4,,2,29,,69093,69,4,,1,71,,69077,69,4,,2,31,,69096,69,4,,1,71,,69086,69,4,,1,29,,69101,69,4,,1,68,,69071,69,4,,1,29,,69078,69,4,,2,69,,69069,69,4,,1,29,,69087,69,4,,1,69,,69102,69,4,,1,28,,69072,69,4,,1,68,,69079,69,4,,2,27,,69070,69,4,,1,27,,69088,69,4,,1,68,,69067,69,4,,2,28,,69068,69,4,,1
20202,'H60JV00S-98-S',642,,69124,69,4,,1,81,,69105,69,4,,1,33,,69110,69,4,,1,74,,69134,69,4,,1,29,,69137,69,4,,1,64,,69125,69,4,,1,24,,69123,69,4,,2,63,,69136,69,4,,1,25,,69111,69,4,,1,65,,69135,69,4,,1,25,,69138,69,4,,1,23,,69126,69,4,,1,62,,69145,69,4,,1,25,,69130,69,4,,1,65,,69112,69,4,,1,26,,69140,69,4,,1,19,,69106,69,4,,2,58,,69139,69,4,,1,18,,69143,69,4,,1,18,,69116,69,4,,1,16,,69108,69,4,,1,56,,69131,69,4,,1,21,,69113,69,4,,1,25,,69141,69,4,,1,95,,69107,69,4,,1,59,,69109,69,4,,1,19,,69117,69,4,,1,16,,69118,69,4,,1,70,,69142,69,4,,1,28,,69127,69,4,,1,70,,69132,69,4,,1,29,,69121,69,4,,2,67,,69119,69,4,,1,25,,69114,69,4,,2,66,,69128,69,4,,1,28,,69133,69,4,,1,28,,69122,69,4,,2,67,,69120,69,4,,1,27,,69115,69,4,,2,67,,69129,69,4,,1,33,,69147,69,4,,1,74,,69144,69,4,,1,33,,69146,69,4,,1
