12304,'H56U000A-80-A',550,,252935,2,0,9,1,71,,252946,2,0,9,2,31,,252936,2,0,9,1,72,,252947,2,0,9,2,33,,252937,2,0,9,1,73,,252948,2,0,9,2,73,,252938,2,0,9,1,33,,252949,2,0,9,2,73,,252939,2,0,9,1,33,,252950,2,0,9,2,72,,252940,2,0,9,1,32,,252951,2,0,9,2,72,,252941,2,0,9,1,30,,252952,2,0,9,1,68,,252962,2,0,9,2,28,,252942,2,0,9,1,67,,252953,2,0,9,1,28,,252963,2,0,9,2,68,,252943,2,0,9,1,30,,252954,2,0,9,1,70,,252964,2,0,9,2,29,,252944,2,0,9,1,69,,252955,2,0,9,1,29,,252965,2,0,9,2,69,,252945,2,0,9,1,31,,252956,2,0,9,1,71,,252929,2,0,9,2,31,,252957,2,0,9,1,72,,252930,2,0,9,2,32,,252958,2,0,9,1,72,,252931,2,0,9,2,32,,252959,2,0,9,1,72,,252932,2,0,9,2,32,,252960,2,0,9,1,70,,252933,2,0,9,2,32,,252961,2,0,9,1,71,,252934,2,0,9,2
12304,'H56U000I-80-I',548,,252966,2,0,9,2,72,,252984,2,0,9,1,31,,252967,2,0,9,2,72,,252985,2,0,9,1,33,,252968,2,0,9,2,73,,252986,2,0,9,1,73,,252969,2,0,9,2,33,,252987,2,0,9,1,73,,252970,2,0,9,2,34,,252988,2,0,9,1,75,,252971,2,0,9,2,34,,252989,2,0,9,1,75,,252972,2,0,9,2,76,,252990,2,0,9,1,36,,252973,2,0,9,2,76,,252991,2,0,9,1,36,,252974,2,0,9,2,75,,252992,2,0,9,1,75,,252975,2,0,9,2,35,,252993,2,0,9,1,75,,252976,2,0,9,2,35,,252994,2,0,9,1,75,,252977,2,0,9,2,33,,252995,2,0,9,1,74,,252978,2,0,9,2,32,,252996,2,0,9,1,73,,252979,2,0,9,2,72,,252997,2,0,9,1,33,,252980,2,0,9,2,72,,252998,2,0,9,1,33,,252981,2,0,9,2,72,,252999,2,0,9,1,30,,252982,2,0,9,2,72,,253000,2,0,9,1,30,,252983,2,0,9,2
12304,'H56U000S-81-S',530,,253005,2,0,9,2,73,,253035,2,0,9,1,19,,253023,2,0,9,1,18,,253006,2,0,9,2,73,,253036,2,0,9,1,29,,253024,2,0,9,1,71,,253007,2,0,9,2,31,,253037,2,0,9,1,67,,253025,2,0,9,1,30,,253008,2,0,9,2,71,,253038,2,0,9,1,31,,253026,2,0,9,1,70,,253009,2,0,9,2,32,,253027,2,0,9,1,73,,253003,2,0,9,1,32,,253012,2,0,9,1,72,,253004,2,0,9,2,32,,253011,2,0,9,1,73,,253010,2,0,9,2,73,,253028,2,0,9,1,33,,253018,2,0,9,1,73,,253013,2,0,9,2,33,,253029,2,0,9,1,73,,253019,2,0,9,1,32,,253014,2,0,9,2,72,,253030,2,0,9,1,33,,253020,2,0,9,1,72,,253015,2,0,9,2,31,,253031,2,0,9,1,71,,253021,2,0,9,1,31,,253016,2,0,9,2,71,,253032,2,0,9,1,30,,253022,2,0,9,1,70,,253017,2,0,9,2,31,,253033,2,0,9,1,71,,253001,2,0,9,2,32,,253034,2,0,9,1,73,,253002,2,0,9,2
12304,'H56U100F-80-F1',548,,253039,2,0,9,2,72,,253057,2,0,9,1,31,,253040,2,0,9,2,72,,253058,2,0,9,1,33,,253041,2,0,9,2,73,,253059,2,0,9,1,73,,253042,2,0,9,2,33,,253060,2,0,9,1,73,,253043,2,0,9,2,34,,253061,2,0,9,1,75,,253044,2,0,9,2,34,,253062,2,0,9,1,75,,253045,2,0,9,2,76,,253063,2,0,9,1,36,,253046,2,0,9,2,76,,253064,2,0,9,1,36,,253047,2,0,9,2,75,,253065,2,0,9,1,75,,253048,2,0,9,2,35,,253066,2,0,9,1,75,,253049,2,0,9,2,35,,253067,2,0,9,1,75,,253050,2,0,9,2,33,,253068,2,0,9,1,74,,253051,2,0,9,2,32,,253069,2,0,9,1,73,,253052,2,0,9,2,72,,253070,2,0,9,1,33,,253053,2,0,9,2,72,,253071,2,0,9,1,33,,253054,2,0,9,2,72,,253072,2,0,9,1,30,,253055,2,0,9,2,72,,253073,2,0,9,1,30,,253056,2,0,9,2
12304,'H56U200F-80-F2',548,,253074,2,0,9,2,72,,253092,2,0,9,1,31,,253075,2,0,9,2,72,,253093,2,0,9,1,33,,253076,2,0,9,2,73,,253094,2,0,9,1,73,,253077,2,0,9,2,33,,253095,2,0,9,1,73,,253078,2,0,9,2,34,,253096,2,0,9,1,75,,253079,2,0,9,2,34,,253097,2,0,9,1,75,,253080,2,0,9,2,76,,253098,2,0,9,1,36,,253081,2,0,9,2,76,,253099,2,0,9,1,36,,253082,2,0,9,2,75,,253100,2,0,9,1,75,,253083,2,0,9,2,35,,253101,2,0,9,1,75,,253084,2,0,9,2,35,,253102,2,0,9,1,75,,253085,2,0,9,2,33,,253103,2,0,9,1,74,,253086,2,0,9,2,32,,253104,2,0,9,1,73,,253087,2,0,9,2,72,,253105,2,0,9,1,33,,253088,2,0,9,2,72,,253106,2,0,9,1,33,,253089,2,0,9,2,72,,253107,2,0,9,1,30,,253090,2,0,9,2,72,,253108,2,0,9,1,30,,253091,2,0,9,2
35602,'H56U000A-80-A',2549,,276884,57,0,10,1,58,,276874,57,0,10,1,13,,276883,57,0,10,1,14,,276881,57,0,10,2,13,,276873,57,0,10,1,53,,276882,57,0,10,2,13,,276876,57,0,10,1,13,,276875,57,0,10,1,13,,276880,57,0,10,2,13,,276878,57,0,10,2,53,,276877,57,0,10,1,13,,276879,57,0,10,1,13,,276886,57,0,10,1,13,,276885,57,0,10,1,13,,276887,57,0,10,1
35602,'H56U000I-80-I',2547,,276888,57,0,10,1,88,,276891,57,0,10,1,85,,276892,57,0,10,2,88,,276889,57,0,10,1,41,,276890,57,0,10,2
35602,'H56U000S-81-S',2542,,276894,57,0,10,1,86,,276899,57,0,10,2,85,,276896,57,0,10,1,27,,276893,57,0,10,1,65,,276895,57,0,10,1,25,,276897,57,0,10,2,25,,276898,57,0,10,1
35602,'H56U100F-80-F1',2547,,276900,57,0,10,1,88,,276903,57,0,10,1,85,,276904,57,0,10,2,88,,276901,57,0,10,1,41,,276902,57,0,10,2
35602,'H56U200F-80-F2',2547,,276905,57,0,10,1,88,,276908,57,0,10,1,85,,276909,57,0,10,2,88,,276906,57,0,10,1,41,,276907,57,0,10,2
