'26J-H50J000A-84-A',10301,52850,0,'Est',1,3070,0,'Est',2,7000,0,'Est',1,2700,0,'Est',2,6600,0,'Est',1,2600,0,'Est',2,6500,0,'Est',1,2300,0,'Est',2,2200,0,'Est',2,6000,0,'Est',1,1700,0,'Est',2,1600,0,'Est',2,5500,0,'Est',1,1500,0,'Est',2,1500,0,'Est',1,1500,0,'Est',2,5520,0,'Est',1,1400,0,'Est',2,1500,0,'Est',2,1500,0,'Est',1,5500,0,'Est',2,1600,0,'Est',2,1600,0,'Est',1,1500,0,'Est',2,5400,0,'Est',1,1400,0,'Est',2,1400,0,'Est',2,1500,0,'Est',1,5500,0,'Est',2,1500,0,'Est',2,1600,0,'Est',2,1800,0,'Est',1,5900,0,'Est',2,1900,0,'Est',2,1800,0,'Est',2,5900,0,'Est',2,1800,0,'Est',2,1700,0,'Est',1,6300,0,'Est',2,2400,0,'Est',2,2300,0,'Est',2,6400,0,'Est',1,2500,0,'Est',2,6680,0,'Est',1,2900,0,'Est',1,7000,0,'Est',1,3100,0,'Est',1,7000,0,'Est',1,2930,0,'Est',1,6900,0,'Est',1,3000,0,'Est',1,7000,0,'Est',1,3000,0,'Est',1,6970,0,'Est',1,2930,0,'Est',1,6800,0,'Est',1,2800,0,'Est',1
'26J-H50J000I-84-I',10301,55350,0,'Est',1,7000,0,'Est',2,3000,0,'Est',1,7000,0,'Est',2,3000,0,'Est',1,7070,0,'Est',2,2600,0,'Est',1,6300,0,'Est',2,2000,0,'Est',1,2000,0,'Est',1,6100,0,'Est',2,2000,0,'Est',1,2000,0,'Est',1,6200,0,'Est',2,1900,0,'Est',1,2000,0,'Est',1,6300,0,'Est',2,2100,0,'Est',1,6100,0,'Est',1,2020,0,'Est',2,2000,0,'Est',1,6000,0,'Est',1,2000,0,'Est',2,2000,0,'Est',1,6000,0,'Est',1,2000,0,'Est',2,2000,0,'Est',1,5980,0,'Est',1,2000,0,'Est',2,2300,0,'Est',2,6500,0,'Est',1,3100,0,'Est',2,7300,0,'Est',1,3100,0,'Est',2,6900,0,'Est',1,3030,0,'Est',2,6900,0,'Est',1,2900,0,'Est',2,6900,0,'Est',1,2900,0,'Est',2,6900,0,'Est',1,2900,0,'Est',2,6900,0,'Est',1,2870,0,'Est',2,6900,0,'Est',1,3000,0,'Est',2,7000,0,'Est',1
'26J-H50J000S-83-S',10301,52350,0,'Est',1,2100,0,'Est',2,6100,0,'Est',1,1470,0,'Est',1,2600,0,'Est',2,800,0,'Est',1,5100,0,'Est',1,500,0,'Est',1,500,0,'Est',1,1000,0,'Est',1,500,0,'Est',1,500,0,'Est',2,500,0,'Est',2,900,0,'Est',1,400,0,'Est',2,5220,0,'Est',1,500,0,'Est',1,500,0,'Est',1,500,0,'Est',1,600,0,'Est',2,480,0,'Est',1,600,0,'Est',1,700,0,'Est',2,700,0,'Est',1,700,0,'Est',2,4800,0,'Est',1,900,0,'Est',2,800,0,'Est',1,1100,0,'Est',2,1400,0,'Est',1,5500,0,'Est',2,1500,0,'Est',2,1400,0,'Est',1,1400,0,'Est',1,1300,0,'Est',2,5400,0,'Est',2,1500,0,'Est',1,1500,0,'Est',1,1600,0,'Est',2,5700,0,'Est',2,1720,0,'Est',1,1600,0,'Est',1,5500,0,'Est',2,1500,0,'Est',2,1500,0,'Est',1,1500,0,'Est',1,5600,0,'Est',2,1700,0,'Est',2,1700,0,'Est',1,1700,0,'Est',1,5800,0,'Est',2,2000,0,'Est',1,2000,0,'Est',1,6700,0,'Est',1,2900,0,'Est',1,6900,0,'Est',2,2800,0,'Est',1,6700,0,'Est',2,2580,0,'Est',1,6900,0,'Est',2,3030,0,'Est',1,7100,0,'Est',1,3200,0,'Est',1,6800,0,'Est',1,3000,0,'Est',1,7000,0,'Est',1,2900,0,'Est',1,6800,0,'Est',1,2700,0,'Est',1,6900,0,'Est',1,2900,0,'Est',1,6970,0,'Est',1
'26J-H50JV00A-81-A',10301,52850,0,'Est',1,3070,0,'Est',2,7000,0,'Est',1,2700,0,'Est',2,6600,0,'Est',1,2600,0,'Est',2,6500,0,'Est',1,2300,0,'Est',2,2200,0,'Est',2,6000,0,'Est',1,1700,0,'Est',2,1600,0,'Est',2,5500,0,'Est',1,1500,0,'Est',2,1500,0,'Est',1,1500,0,'Est',2,5520,0,'Est',1,1400,0,'Est',2,1500,0,'Est',2,1500,0,'Est',1,5500,0,'Est',2,1600,0,'Est',2,1600,0,'Est',1,1500,0,'Est',2,5400,0,'Est',1,1400,0,'Est',2,1400,0,'Est',2,1500,0,'Est',1,5500,0,'Est',2,1500,0,'Est',2,1600,0,'Est',2,1800,0,'Est',1,5900,0,'Est',2,1900,0,'Est',2,1800,0,'Est',2,5900,0,'Est',2,1800,0,'Est',2,1700,0,'Est',1,6300,0,'Est',2,2400,0,'Est',2,2300,0,'Est',2,6400,0,'Est',1,2500,0,'Est',2,6680,0,'Est',1,2900,0,'Est',1,7000,0,'Est',1,3100,0,'Est',1,7000,0,'Est',1,2930,0,'Est',1,6900,0,'Est',1,3000,0,'Est',1,7000,0,'Est',1,3000,0,'Est',1,6970,0,'Est',1,2930,0,'Est',1,6800,0,'Est',1,2800,0,'Est',1
'26J-H50JV00I-81-I',10301,55350,0,'Est',1,7000,0,'Est',2,3000,0,'Est',1,7000,0,'Est',2,3000,0,'Est',1,7070,0,'Est',2,2600,0,'Est',1,6300,0,'Est',2,2000,0,'Est',1,2000,0,'Est',1,6100,0,'Est',2,2000,0,'Est',1,2000,0,'Est',1,6200,0,'Est',2,1900,0,'Est',1,2000,0,'Est',1,6300,0,'Est',2,2100,0,'Est',1,6100,0,'Est',1,2020,0,'Est',2,2000,0,'Est',1,6000,0,'Est',1,2000,0,'Est',2,2000,0,'Est',1,6000,0,'Est',1,2000,0,'Est',2,2000,0,'Est',1,5980,0,'Est',1,2000,0,'Est',2,2300,0,'Est',2,6500,0,'Est',1,3100,0,'Est',2,7300,0,'Est',1,3100,0,'Est',2,6900,0,'Est',1,3030,0,'Est',2,6900,0,'Est',1,2900,0,'Est',2,6900,0,'Est',1,2900,0,'Est',2,6900,0,'Est',1,2900,0,'Est',2,6900,0,'Est',1,2870,0,'Est',2,6900,0,'Est',1,3000,0,'Est',2,7000,0,'Est',1
'26J-H50JV00S-82-S',10301,52350,0,'Est',1,2100,0,'Est',1,6100,0,'Est',1,1470,0,'Est',1,2600,0,'Est',1,800,0,'Est',1,5100,0,'Est',1,500,0,'Est',1,500,0,'Est',1,1000,0,'Est',1,500,0,'Est',1,500,0,'Est',2,500,0,'Est',2,900,0,'Est',1,400,0,'Est',1,5220,0,'Est',1,500,0,'Est',1,500,0,'Est',1,500,0,'Est',1,600,0,'Est',2,480,0,'Est',1,600,0,'Est',1,700,0,'Est',1,700,0,'Est',1,700,0,'Est',1,4800,0,'Est',1,900,0,'Est',2,800,0,'Est',1,1100,0,'Est',1,1400,0,'Est',1,5500,0,'Est',2,1500,0,'Est',1,1400,0,'Est',1,1400,0,'Est',1,1300,0,'Est',2,5400,0,'Est',1,1500,0,'Est',1,1500,0,'Est',1,1600,0,'Est',2,5700,0,'Est',1,1720,0,'Est',1,1600,0,'Est',1,5500,0,'Est',2,1500,0,'Est',1,1500,0,'Est',1,1500,0,'Est',1,5600,0,'Est',2,1700,0,'Est',1,1700,0,'Est',1,1700,0,'Est',1,5800,0,'Est',2,2000,0,'Est',1,2000,0,'Est',1,6700,0,'Est',1,2900,0,'Est',1,6900,0,'Est',2,2800,0,'Est',1,6700,0,'Est',1,2580,0,'Est',1,6900,0,'Est',2,3030,0,'Est',1,7100,0,'Est',1,3200,0,'Est',1,6800,0,'Est',1,3000,0,'Est',1,7000,0,'Est',1,2900,0,'Est',1,6800,0,'Est',1,2700,0,'Est',1,6900,0,'Est',1,2900,0,'Est',1,6970,0,'Est',1
'26J-H51J000S-80-S',10301,70020,0,'Est',2,2000,0,'Est',2
'26J-H51JV00S-84-S',10301,70020,0,'Est',2,2000,0,'Est',2
'26J-H56J000S-80-S',10301,74520,0,'Est',1
'26J-H56JV00S-80-S',10301,74520,0,'Est',1
'26J-H59J000S-81-S',10301,62920,0,'Est',1,900,0,'Est',1,12100,0,'Est',2
'26J-H59JV00S-83-S',10301,62920,0,'Est',1,900,0,'Est',1,12100,0,'Est',2
