2602,'H54J000A-80-A',512,,6330,23,0,10,1,34,,6313,23,0,10,1,71,,6331,23,0,10,1,30,,6314,23,0,10,1,71,,6332,23,0,10,1,30,,6315,23,0,10,1,70,,6333,23,0,10,1,30,,6316,23,0,10,1,70,,6334,23,0,10,1,30,,6317,23,0,10,1,71,,6335,23,0,10,1,31,,6318,23,0,10,1,70,,6336,23,0,10,1,30,,6319,23,0,10,1,70,,6337,23,0,10,1,30,,6320,23,0,10,1,70,,6338,23,0,10,1,29,,6321,23,0,10,1,70,,6339,23,0,10,1,30,,6322,23,0,10,1,70,,6340,23,0,10,1,29,,6323,23,0,10,1,69,,6341,23,0,10,1,29,,6324,23,0,10,1,70,,6342,23,0,10,1,30,,6325,23,0,10,1,71,,6343,23,0,10,1,31,,6326,23,0,10,1,70,,6344,23,0,10,1,30,,6327,23,0,10,1,69,,6345,23,0,10,1,31,,6328,23,0,10,1,72,,6346,23,0,10,1,32,,6329,23,0,10,1,72,,6347,23,0,10,1
2602,'H54J000I-80-I',513,,6348,23,0,10,1,29,,6356,23,0,10,2,68,,6349,23,0,10,1,28,,6357,23,0,10,2,68,,6350,23,0,10,1,28,,6358,23,0,10,2,68,,6351,23,0,10,1,29,,6359,23,0,10,2,70,,6352,23,0,10,1,31,,6360,23,0,10,2,70,,6353,23,0,10,1,30,,6361,23,0,10,2,70,,6354,23,0,10,1,30,,6362,23,0,10,2,70,,6355,23,0,10,1,30,,6363,23,0,10,2,70,,6374,23,0,10,1,30,,6364,23,0,10,2,70,,6375,23,0,10,1,30,,6365,23,0,10,2,70,,6376,23,0,10,1,30,,6366,23,0,10,2,70,,6377,23,0,10,1,30,,6367,23,0,10,1,69,,6378,23,0,10,1,29,,6368,23,0,10,1,28,,6379,23,0,10,1,69,,6369,23,0,10,1,29,,6380,23,0,10,1,69,,6370,23,0,10,1,29,,6381,23,0,10,1,70,,6371,23,0,10,1,30,,6382,23,0,10,1,69,,6372,23,0,10,1,30,,6383,23,0,10,1,70,,6373,23,0,10,1
2602,'H54J000S-83-S',515,,6394,23,0,10,1,28,,6404,23,0,10,1,68,,6395,23,0,10,1,6,,6409,8,0,6 58,2,21,,6405,23,0,10,1,9,,6384,8,0,6 58,1,58,,6396,23,0,10,1,7,,6385,8,0,6 58,1,17,,6406,8,0,6 58,1,13,,6407,8,0,6 58,1,10,,6410,8,0,6 58,2,1,,6386,23,0,10,1,54,,6397,23,0,10,1,8,,6411,8,0,6 58,2,20,,6399,23,0,10,1,7,,6412,8,0,6 58,2,63,,6387,23,0,10,1,29,,6400,23,0,10,1,70,,6388,23,0,10,1,30,,6401,23,0,10,1,70,,6389,23,0,10,1,30,,6402,23,0,10,1,70,,6390,23,0,10,1,29,,6398,23,0,10,1,69,,6403,23,0,10,1,28,,6391,23,0,10,1,27,,6408,23,0,10,1,67,,6413,23,0,10,2,27,,6392,23,0,10,1,70,,6414,23,0,10,2,33,,6393,23,0,10,1,72,,6415,23,0,10,2,31,,6416,23,0,10,1,73,,6422,23,0,10,2,72,,6417,23,0,10,1,32,,6423,23,0,10,2,71,,6418,23,0,10,1,30,,6424,23,0,10,2,66,,6419,23,0,10,1,26,,6425,23,0,10,2,27,,6420,23,0,10,1,66,,6426,23,0,10,2,31,,6421,23,0,10,1,72,,6427,23,0,10,1
2602,'H54JV00A-80-A',512,,6460,23,0,10,1,34,,6428,23,0,10,1,71,,6461,23,0,10,1,30,,6429,23,0,10,1,71,,6462,23,0,10,1,30,,6430,23,0,10,1,70,,6445,23,0,10,1,30,,6431,23,0,10,1,70,,6446,23,0,10,1,30,,6432,23,0,10,1,71,,6447,23,0,10,1,31,,6433,23,0,10,1,70,,6448,23,0,10,1,30,,6434,23,0,10,1,70,,6449,23,0,10,1,30,,6435,23,0,10,1,70,,6450,23,0,10,1,29,,6436,23,0,10,1,70,,6451,23,0,10,1,30,,6437,23,0,10,1,70,,6452,23,0,10,1,29,,6438,23,0,10,1,69,,6453,23,0,10,1,29,,6439,23,0,10,1,70,,6454,23,0,10,1,30,,6440,23,0,10,1,71,,6455,23,0,10,1,31,,6441,23,0,10,1,70,,6456,23,0,10,1,30,,6442,23,0,10,1,69,,6457,23,0,10,1,31,,6443,23,0,10,1,72,,6458,23,0,10,1,32,,6444,23,0,10,1,72,,6459,23,0,10,1
2602,'H54JV00I-80-I',513,,6463,23,0,10,1,29,,6471,23,0,10,2,68,,6464,23,0,10,1,28,,6472,23,0,10,2,68,,6465,23,0,10,1,28,,6473,23,0,10,2,68,,6466,23,0,10,1,29,,6474,23,0,10,2,70,,6467,23,0,10,1,31,,6475,23,0,10,2,70,,6468,23,0,10,1,30,,6476,23,0,10,2,70,,6469,23,0,10,1,30,,6477,23,0,10,2,70,,6470,23,0,10,1,30,,6478,23,0,10,2,70,,6482,23,0,10,1,30,,6479,23,0,10,2,70,,6483,23,0,10,1,30,,6480,23,0,10,2,70,,6484,23,0,10,1,30,,6481,23,0,10,2,70,,6485,23,0,10,1,30,,6492,23,0,10,1,69,,6486,23,0,10,1,29,,6493,23,0,10,1,28,,6487,23,0,10,1,69,,6494,23,0,10,1,29,,6488,23,0,10,1,69,,6495,23,0,10,1,29,,6489,23,0,10,1,70,,6496,23,0,10,1,30,,6490,23,0,10,1,69,,6497,23,0,10,1,30,,6491,23,0,10,1,70,,6498,23,0,10,1
2602,'H54JV00S-80-S',515,,6509,23,0,10,1,28,,6514,23,0,10,1,68,,6510,23,0,10,1,6,,6525,8,0,6 58,2,21,,6515,23,0,10,1,9,,6499,8,0,6 58,1,58,,6511,23,0,10,1,7,,6500,8,0,6 58,1,17,,6516,8,0,6 58,1,13,,6517,8,0,6 58,1,10,,6524,8,0,6 58,2,1,,6501,23,0,10,1,54,,6512,23,0,10,1,8,,6529,8,0,6 58,2,20,,6518,23,0,10,1,7,,6527,8,0,6 58,1,63,,6502,23,0,10,1,29,,6519,23,0,10,1,70,,6503,23,0,10,1,30,,6520,23,0,10,1,70,,6504,23,0,10,1,30,,6521,23,0,10,1,70,,6505,23,0,10,1,29,,6513,23,0,10,1,69,,6522,23,0,10,1,28,,6506,23,0,10,1,27,,6526,23,0,10,1,67,,6523,23,0,10,1,27,,6507,23,0,10,1,70,,6530,23,0,10,2,33,,6508,23,0,10,1,72,,6531,23,0,10,2,31,,6532,23,0,10,1,73,,6538,23,0,10,2,72,,6533,23,0,10,1,32,,6539,23,0,10,2,71,,6534,23,0,10,1,30,,6540,23,0,10,2,66,,6535,23,0,10,1,26,,6541,23,0,10,2,27,,6536,23,0,10,1,66,,6542,23,0,10,2,31,,6537,23,0,10,1,72,,6528,23,0,10,1
2602,'H57J000S-81-S',736,,6543,23,0,10,2
2602,'H57JV00S-83-S',736,,6544,23,0,10,2
14101,'H51J000S-80-S',521,,49944,50,0,5,1,21,,49947,50,0,5,1,89,,49949,50,0,5,1,23,,49950,50,0,5,1,50,,49945,50,0,5,1,12,,49951,12,0,5,1,11,,49948,50,0,5,1,16,,49952,50,0,5,1,4,,49953,12,0,5,1,494,,49954,50,0,5,1,490,,49946,50,0,5,1
14101,'H51JV00S-84-S',521,,49955,50,0,5,1,21,,49958,50,0,5,1,89,,49960,50,0,5,1,23,,49961,50,0,5,1,50,,49956,50,0,5,1,12,,49962,12,0,5,1,11,,49959,50,0,5,1,16,,49963,50,0,5,1,4,,49964,12,0,5,1,494,,49965,50,0,5,1,490,,49957,50,0,5,1
14101,'H54J000A-80-A',516,,49980,50,0,5,1,28,,50010,50,0,5,1,71,,49981,50,0,5,1,28,,50000,50,0,5,1,67,,50018,50,0,5,1,28,,50011,50,0,5,1,69,,49987,50,0,5,1,24,,50001,50,0,5,1,21,,50019,50,0,5,1,55,,49982,50,0,5,1,12,,50039,50,0,5,1,12,,50012,50,0,5,1,12,,49966,50,0,5,1,12,,49988,50,0,5,1,55,,50006,50,0,5,1,15,,50002,50,0,5,1,12,,50020,50,0,5,1,12,,49972,50,0,5,1,52,,49983,50,0,5,1,12,,50040,50,0,5,1,11,,50013,50,0,5,1,15,,49967,50,0,5,1,11,,49989,50,0,5,1,51,,50036,50,0,5,1,10,,50007,50,0,5,1,10,,50025,50,0,5,1,8,,50003,50,0,5,1,8,,50021,50,0,5,1,8,,50049,50,0,5,1,9,,49973,50,0,5,1,49,,49984,50,0,5,1,9,,50041,50,0,5,1,9,,50014,50,0,5,1,9,,49993,50,0,5,1,8,,49968,50,0,5,1,7,,50055,50,0,5,1,8,,49990,50,0,5,1,48,,50032,50,0,5,1,8,,50037,50,0,5,1,8,,50008,50,0,5,1,8,,50026,50,0,5,1,8,,50045,50,0,5,2,9,,50004,50,0,5,1,9,,50050,50,0,5,1,49,,49974,50,0,5,1,9,,49985,50,0,5,1,9,,50042,50,0,5,1,8,,50015,50,0,5,1,8,,49994,50,0,5,1,8,,49969,50,0,5,1,7,,50056,50,0,5,1,8,,50022,50,0,5,1,48,,49991,50,0,5,1,8,,50033,50,0,5,1,8,,50009,50,0,5,1,8,,50027,50,0,5,1,7,,50046,50,0,5,2,8,,50005,50,0,5,1,9,,50051,50,0,5,1,49,,49975,50,0,5,1,8,,49986,50,0,5,1,8,,50043,50,0,5,1,7,,50016,50,0,5,1,7,,49995,50,0,5,1,7,,49970,50,0,5,1,7,,50057,50,0,5,1,8,,50058,50,0,5,1,48,,50023,50,0,5,1,8,,49992,50,0,5,1,7,,50034,50,0,5,1,7,,50028,50,0,5,1,10,,50047,50,0,5,2,9,,50054,50,0,5,1,8,,50052,50,0,5,1,8,,49976,50,0,5,1,49,,50044,50,0,5,1,9,,50017,50,0,5,1,9,,49996,50,0,5,1,9,,49971,50,0,5,1,9,,50059,50,0,5,1,10,,50024,50,0,5,1,50,,50035,50,0,5,1,16,,50029,50,0,5,1,16,,50053,50,0,5,1,20,,49977,50,0,5,1,64,,49997,50,0,5,1,25,,50060,50,0,5,1,67,,50030,50,0,5,1,28,,49978,50,0,5,1,65,,49998,50,0,5,1,25,,50061,50,0,5,1,23,,50031,50,0,5,1,64,,49979,50,0,5,1,27,,49999,50,0,5,1,67,,50038,50,0,5,1,27,,50048,50,0,5,1
14101,'H54J000I-80-I',517,,50066,50,0,5,1,33,,50089,50,0,5,2,77,,50081,50,0,5,1,73,,50067,50,0,5,1,32,,50090,50,0,5,2,74,,50082,50,0,5,1,28,,50108,50,0,5,1,18,,50093,50,0,5,1,58,,50068,50,0,5,1,18,,50091,50,0,5,2,20,,50083,50,0,5,1,62,,50112,50,0,5,1,20,,50109,50,0,5,1,14,,50062,50,0,5,1,14,,50069,50,0,5,1,54,,50092,50,0,5,2,15,,50121,50,0,5,1,13,,50084,50,0,5,1,12,,50098,50,0,5,2,51,,50126,50,0,5,1,10,,50113,50,0,5,1,10,,50110,50,0,5,1,10,,50117,50,0,5,1,10,,50063,50,0,5,1,11,,50070,50,0,5,1,51,,50105,50,0,5,2,10,,50131,50,0,5,1,10,,50122,50,0,5,1,10,,50085,50,0,5,1,10,,50099,50,0,5,2,9,,50138,50,0,5,1,49,,50127,50,0,5,1,8,,50114,50,0,5,1,9,,50111,50,0,5,1,9,,50118,50,0,5,1,9,,50064,50,0,5,1,8,,50076,50,0,5,2,9,,50071,50,0,5,1,49,,50106,50,0,5,2,10,,50132,50,0,5,1,10,,50123,50,0,5,1,10,,50086,50,0,5,1,9,,50100,50,0,5,2,10,,50139,50,0,5,1,51,,50128,50,0,5,1,11,,50115,50,0,5,1,11,,50119,50,0,5,1,11,,50065,50,0,5,1,10,,50077,50,0,5,2,10,,50072,50,0,5,1,48,,50107,50,0,5,2,7,,50133,50,0,5,1,9,,50124,50,0,5,1,9,,50087,50,0,5,1,9,,50101,50,0,5,2,10,,50140,50,0,5,1,10,,50129,50,0,5,1,51,,50116,50,0,5,1,11,,50094,50,0,5,1,12,,50120,50,0,5,1,10,,50078,50,0,5,2,12,,50073,50,0,5,1,54,,50134,50,0,5,1,14,,50125,50,0,5,1,16,,50102,50,0,5,2,15,,50130,50,0,5,1,56,,50095,50,0,5,1,20,,50079,50,0,5,2,19,,50074,50,0,5,1,59,,50135,50,0,5,1,26,,50103,50,0,5,2,66,,50096,50,0,5,1,26,,50080,50,0,5,2,26,,50136,50,0,5,1,66,,50104,50,0,5,2,21,,50097,50,0,5,1,68,,50075,50,0,5,1,30,,50088,50,0,5,1,70,,50137,50,0,5,1
14101,'H54J000S-83-S',557,,50165,50,0,5,1,51,,50146,50,0,5,1,11,,50148,50,0,5,1,24,,50161,50,0,5,1,16,,50200,12,0,5,1,52,,50179,50,0,5,1,10,,50155,50,0,5,1,8,,50207,12,0,5,1,9,,50218,12,0,5,1,14,,50166,50,0,5,1,7,,50147,50,0,5,1,44,,50198,12,0,5,2,5,,50149,50,0,5,1,9,,50185,50,0,5,2,9,,50199,50,0,5,1,9,,50162,50,0,5,1,9,,50191,50,0,5,1,10,,50174,50,0,5,1,51,,50180,50,0,5,1,11,,50172,50,0,5,1,11,,50208,50,0,5,1,9,,50219,50,0,5,1,10,,50141,50,0,5,1,9,,50167,50,0,5,1,49,,50150,50,0,5,1,9,,50156,50,0,5,1,9,,50201,50,0,5,1,10,,50217,50,0,5,2,10,,50186,50,0,5,1,10,,50175,50,0,5,1,49,,50181,50,0,5,1,8,,50173,50,0,5,1,8,,50225,50,0,5,1,8,,50209,50,0,5,1,10,,50220,50,0,5,1,10,,50142,50,0,5,1,9,,50168,50,0,5,1,50,,50151,50,0,5,1,11,,50163,50,0,5,1,9,,50157,50,0,5,1,8,,50202,50,0,5,1,18,,50187,50,0,5,1,9,,50176,50,0,5,1,49,,50182,50,0,5,1,8,,50226,50,0,5,1,7,,50210,50,0,5,1,7,,50221,50,0,5,1,10,,50143,50,0,5,1,9,,50169,50,0,5,1,7,,50192,50,0,5,1,47,,50152,50,0,5,1,8,,50164,50,0,5,1,9,,50158,50,0,5,1,9,,50203,50,0,5,1,9,,50206,50,0,5,1,8,,50188,50,0,5,1,10,,50177,50,0,5,1,50,,50183,50,0,5,1,9,,50227,50,0,5,1,8,,50211,50,0,5,1,11,,50222,50,0,5,1,8,,50233,50,0,5,1,9,,50144,50,0,5,1,8,,50170,50,0,5,1,53,,50193,50,0,5,1,6,,50241,50,0,5,2,7,,50153,50,0,5,1,7,,50159,50,0,5,1,8,,50204,50,0,5,1,8,,50237,50,0,5,1,52,,50189,50,0,5,1,15,,50178,50,0,5,1,5,,50184,50,0,5,1,5,,50239,50,0,5,1,11,,50228,50,0,5,1,9,,50212,50,0,5,1,4,,50223,50,0,5,1,6,,50252,50,0,5,2,45,,50234,50,0,5,1,5,,50249,50,0,5,1,6,,50145,50,0,5,1,7,,50171,50,0,5,1,7,,50194,50,0,5,1,7,,50242,50,0,5,2,7,,50154,50,0,5,1,7,,50244,50,0,5,1,7,,50205,50,0,5,1,6,,50238,50,0,5,1,46,,50235,50,0,5,2,7,,50190,50,0,5,1,15,,50240,50,0,5,1,8,,50229,50,0,5,1,10,,50213,50,0,5,1,9,,50224,50,0,5,1,50,,50250,50,0,5,1,11,,50195,50,0,5,1,12,,50243,50,0,5,2,11,,50245,50,0,5,1,11,,50160,50,0,5,1,55,,50236,50,0,5,2,16,,50230,50,0,5,1,16,,50214,50,0,5,1,17,,50251,50,0,5,1,57,,50196,50,0,5,1,24,,50246,50,0,5,1,23,,50231,50,0,5,1,63,,50215,50,0,5,1,25,,50197,50,0,5,1,67,,50247,50,0,5,1,29,,50232,50,0,5,1,65,,50216,50,0,5,1,29,,50248,50,0,5,1
14101,'H54JV00A-80-A',516,,50253,50,0,5,1,28,,50276,50,0,5,1,71,,50264,50,0,5,1,28,,50270,50,0,5,1,67,,50337,50,0,5,1,28,,50277,50,0,5,1,69,,50284,50,0,5,1,24,,50271,50,0,5,1,21,,50338,50,0,5,1,55,,50265,50,0,5,1,12,,50312,50,0,5,1,12,,50278,50,0,5,1,12,,50258,50,0,5,1,12,,50285,50,0,5,1,55,,50290,50,0,5,1,15,,50272,50,0,5,1,12,,50339,50,0,5,1,12,,50329,50,0,5,1,52,,50266,50,0,5,1,12,,50313,50,0,5,1,11,,50279,50,0,5,1,15,,50259,50,0,5,1,11,,50286,50,0,5,1,51,,50341,50,0,5,1,10,,50291,50,0,5,1,10,,50305,50,0,5,1,8,,50273,50,0,5,1,8,,50340,50,0,5,1,8,,50318,50,0,5,1,9,,50330,50,0,5,1,49,,50267,50,0,5,1,9,,50314,50,0,5,1,9,,50280,50,0,5,1,9,,50294,50,0,5,1,8,,50260,50,0,5,1,7,,50326,50,0,5,1,8,,50287,50,0,5,1,48,,50301,50,0,5,1,8,,50342,50,0,5,1,8,,50292,50,0,5,1,8,,50306,50,0,5,1,8,,50323,50,0,5,2,9,,50274,50,0,5,1,9,,50319,50,0,5,1,49,,50331,50,0,5,1,9,,50268,50,0,5,1,9,,50315,50,0,5,1,8,,50281,50,0,5,1,8,,50295,50,0,5,1,8,,50261,50,0,5,1,7,,50327,50,0,5,1,8,,50255,50,0,5,1,48,,50288,50,0,5,1,8,,50302,50,0,5,1,8,,50293,50,0,5,1,8,,50307,50,0,5,1,7,,50324,50,0,5,2,8,,50275,50,0,5,1,9,,50320,50,0,5,1,49,,50332,50,0,5,1,8,,50269,50,0,5,1,8,,50316,50,0,5,1,7,,50282,50,0,5,1,7,,50296,50,0,5,1,7,,50262,50,0,5,1,7,,50328,50,0,5,1,8,,50344,50,0,5,1,48,,50256,50,0,5,1,8,,50289,50,0,5,1,7,,50303,50,0,5,1,7,,50308,50,0,5,1,10,,50325,50,0,5,2,9,,50254,50,0,5,1,8,,50321,50,0,5,1,8,,50333,50,0,5,1,49,,50317,50,0,5,1,9,,50283,50,0,5,1,9,,50297,50,0,5,1,9,,50263,50,0,5,1,9,,50345,50,0,5,1,10,,50257,50,0,5,1,50,,50304,50,0,5,1,16,,50309,50,0,5,1,16,,50322,50,0,5,1,20,,50334,50,0,5,1,64,,50298,50,0,5,1,25,,50346,50,0,5,1,67,,50310,50,0,5,1,28,,50335,50,0,5,1,65,,50299,50,0,5,1,25,,50347,50,0,5,1,23,,50311,50,0,5,1,64,,50336,50,0,5,1,27,,50300,50,0,5,1,67,,50343,50,0,5,1,27,,50348,50,0,5,1
14101,'H54JV00I-80-I',517,,50358,50,0,5,1,33,,50349,50,0,5,2,77,,50379,50,0,5,1,73,,50359,50,0,5,1,32,,50350,50,0,5,2,74,,50380,50,0,5,1,28,,50409,50,0,5,1,18,,50404,50,0,5,1,58,,50360,50,0,5,1,18,,50351,50,0,5,2,20,,50381,50,0,5,1,62,,50386,50,0,5,1,20,,50410,50,0,5,1,14,,50354,50,0,5,1,14,,50361,50,0,5,1,54,,50352,50,0,5,2,15,,50399,50,0,5,1,13,,50382,50,0,5,1,12,,50367,50,0,5,2,51,,50394,50,0,5,1,10,,50387,50,0,5,1,10,,50411,50,0,5,1,10,,50424,50,0,5,1,10,,50355,50,0,5,1,11,,50362,50,0,5,1,51,,50391,50,0,5,2,10,,50413,50,0,5,1,10,,50400,50,0,5,1,10,,50383,50,0,5,1,10,,50368,50,0,5,2,9,,50421,50,0,5,1,49,,50395,50,0,5,1,8,,50388,50,0,5,1,9,,50412,50,0,5,1,9,,50425,50,0,5,1,9,,50356,50,0,5,1,8,,50374,50,0,5,2,9,,50363,50,0,5,1,49,,50392,50,0,5,2,10,,50414,50,0,5,1,10,,50401,50,0,5,1,10,,50384,50,0,5,1,9,,50369,50,0,5,2,10,,50422,50,0,5,1,51,,50396,50,0,5,1,11,,50389,50,0,5,1,11,,50426,50,0,5,1,11,,50357,50,0,5,1,10,,50375,50,0,5,2,10,,50364,50,0,5,1,48,,50393,50,0,5,2,7,,50415,50,0,5,1,9,,50402,50,0,5,1,9,,50385,50,0,5,1,9,,50370,50,0,5,2,10,,50423,50,0,5,1,10,,50397,50,0,5,1,51,,50390,50,0,5,1,11,,50405,50,0,5,1,12,,50427,50,0,5,1,10,,50376,50,0,5,2,12,,50365,50,0,5,1,54,,50416,50,0,5,1,14,,50403,50,0,5,1,16,,50371,50,0,5,2,15,,50398,50,0,5,1,56,,50406,50,0,5,1,20,,50377,50,0,5,2,19,,50366,50,0,5,1,59,,50417,50,0,5,1,26,,50372,50,0,5,2,66,,50407,50,0,5,1,26,,50378,50,0,5,2,26,,50418,50,0,5,1,66,,50373,50,0,5,2,21,,50408,50,0,5,1,68,,50420,50,0,5,1,30,,50353,50,0,5,1,70,,50419,50,0,5,1
14101,'H54JV00S-80-S',557,,50455,50,0,5,1,51,,50428,50,0,5,1,11,,50430,50,0,5,1,24,,50445,50,0,5,1,16,,50509,12,0,5,1,52,,50474,50,0,5,1,10,,50437,50,0,5,1,8,,50488,12,0,5,1,9,,50491,12,0,5,1,14,,50456,50,0,5,1,7,,50429,50,0,5,1,44,,50489,12,0,5,1,5,,50431,50,0,5,1,9,,50469,50,0,5,1,9,,50498,50,0,5,1,9,,50446,50,0,5,1,9,,50490,50,0,5,1,10,,50440,50,0,5,1,51,,50475,50,0,5,1,11,,50438,50,0,5,1,11,,50511,50,0,5,1,9,,50492,50,0,5,1,10,,50457,50,0,5,1,9,,50464,50,0,5,1,49,,50432,50,0,5,1,9,,50470,50,0,5,1,9,,50499,50,0,5,1,10,,50447,50,0,5,1,10,,50482,50,0,5,1,10,,50441,50,0,5,1,49,,50476,50,0,5,1,8,,50439,50,0,5,1,8,,50501,50,0,5,1,8,,50512,50,0,5,1,10,,50493,50,0,5,1,10,,50458,50,0,5,1,9,,50465,50,0,5,1,50,,50433,50,0,5,1,11,,50452,50,0,5,1,9,,50471,50,0,5,1,8,,50448,50,0,5,1,18,,50483,50,0,5,1,9,,50442,50,0,5,1,49,,50477,50,0,5,1,8,,50502,50,0,5,1,7,,50513,50,0,5,1,7,,50494,50,0,5,1,10,,50459,50,0,5,1,9,,50466,50,0,5,1,7,,50520,50,0,5,1,47,,50434,50,0,5,1,8,,50453,50,0,5,1,9,,50472,50,0,5,1,9,,50449,50,0,5,1,9,,50510,50,0,5,1,8,,50484,50,0,5,1,10,,50443,50,0,5,1,50,,50478,50,0,5,1,9,,50503,50,0,5,1,8,,50514,50,0,5,1,11,,50495,50,0,5,1,8,,50526,50,0,5,1,9,,50460,50,0,5,1,8,,50467,50,0,5,1,53,,50521,50,0,5,1,6,,50532,50,0,5,2,7,,50435,50,0,5,1,7,,50473,50,0,5,1,8,,50450,50,0,5,1,8,,50529,50,0,5,1,52,,50485,50,0,5,1,15,,50444,50,0,5,1,5,,50479,50,0,5,1,5,,50531,50,0,5,1,11,,50504,50,0,5,1,9,,50515,50,0,5,1,4,,50496,50,0,5,1,6,,50527,50,0,5,1,45,,50535,50,0,5,1,5,,50461,50,0,5,1,6,,50468,50,0,5,1,7,,50500,50,0,5,1,7,,50522,50,0,5,1,7,,50533,50,0,5,2,7,,50436,50,0,5,1,7,,50536,50,0,5,1,7,,50451,50,0,5,1,6,,50530,50,0,5,1,46,,50528,50,0,5,2,7,,50486,50,0,5,1,15,,50480,50,0,5,1,8,,50505,50,0,5,1,10,,50516,50,0,5,1,9,,50497,50,0,5,1,50,,50462,50,0,5,1,11,,50523,50,0,5,1,12,,50534,50,0,5,2,11,,50537,50,0,5,1,11,,50481,50,0,5,1,55,,50487,50,0,5,1,16,,50506,50,0,5,1,16,,50517,50,0,5,1,17,,50463,50,0,5,1,57,,50524,50,0,5,1,24,,50538,50,0,5,1,23,,50507,50,0,5,1,63,,50518,50,0,5,1,25,,50525,50,0,5,1,67,,50539,50,0,5,1,29,,50508,50,0,5,1,65,,50519,50,0,5,1,29,,50454,50,0,5,1
14101,'H57J000S-81-S',1606,,50541,50,0,5,1,48,,50540,50,0,5,1,86,,50542,50,0,5,1
14101,'H57JV00S-83-S',1606,,50544,50,0,5,1,48,,50543,50,0,5,1,86,,50545,50,0,5,1
14101,'H58J000S-81-S',735,,50546,50,0,5,2
14101,'H58J000S-83-S',735,,50547,50,0,5,2
14101,'H58JV00S-82-S',735,,50548,50,0,5,2
14101,'H59J000S-81-S',1705,,50549,50,0,5,2,5,,50550,50,0,5,1,210,,50551,50,0,5,1
14101,'H59JV00S-83-S',1705,,50552,50,0,5,2,5,,50553,50,0,5,1,210,,50554,50,0,5,1
18502,'H54J000S-83-S',825,,62012,13,0,10,1,201,,62013,13,0,10,1
18502,'H54JV00S-80-S',825,,62014,13,0,10,1,201,,62015,13,0,10,1
18502,'H59J000A-80-A',526,,62020,13,0,10,1,33,,62022,13,0,10,2,73,,62030,13,0,10,1,76,,62034,13,0,10,1,32,,62038,13,0,10,1,71,,62042,13,0,10,1,31,,62035,13,0,10,1,71,,62039,13,0,10,1,31,,62043,13,0,10,1,72,,62036,13,0,10,1,31,,62040,13,0,10,1,73,,62044,13,0,10,1,34,,62037,13,0,10,1,71,,62041,13,0,10,1,29,,62052,13,0,10,2,69,,62045,13,0,10,1,29,,62031,13,0,10,1,68,,62023,13,0,10,1,27,,62053,13,0,10,2,68,,62046,13,0,10,1,29,,62032,13,0,10,1,70,,62024,13,0,10,1,29,,62054,13,0,10,2,69,,62047,13,0,10,1,29,,62033,13,0,10,1,69,,62025,13,0,10,1,29,,62021,13,0,10,1,68,,62048,13,0,10,1,27,,62016,13,0,10,1,71,,62026,13,0,10,1,31,,62049,13,0,10,1,71,,62017,13,0,10,1,31,,62027,13,0,10,1,71,,62050,13,0,10,1,30,,62018,13,0,10,1,71,,62028,13,0,10,1,30,,62051,13,0,10,1,70,,62019,13,0,10,1,29,,62029,13,0,10,1
18502,'H59J000I-80-I',527,,62055,13,0,10,1,31,,62067,13,0,10,1,69,,62074,13,0,10,1,29,,62056,13,0,10,1,70,,62068,13,0,10,1,29,,62075,13,0,10,1,70,,62057,13,0,10,1,31,,62069,13,0,10,1,71,,62076,13,0,10,1,32,,62058,13,0,10,1,74,,62070,13,0,10,1,73,,62077,13,0,10,1,32,,62059,13,0,10,1,73,,62071,13,0,10,1,32,,62078,13,0,10,1,71,,62086,13,0,10,2,30,,62060,13,0,10,1,70,,62072,13,0,10,1,31,,62079,13,0,10,1,70,,62087,13,0,10,2,30,,62061,13,0,10,1,70,,62073,13,0,10,1,30,,62080,13,0,10,1,72,,62088,13,0,10,2,33,,62062,13,0,10,1,73,,62081,13,0,10,1,32,,62089,13,0,10,2,71,,62063,13,0,10,1,29,,62082,13,0,10,1,69,,62090,13,0,10,2,30,,62064,13,0,10,1,69,,62083,13,0,10,1,27,,62091,13,0,10,2,69,,62065,13,0,10,1,29,,62084,13,0,10,1,68,,62092,13,0,10,2,26,,62066,13,0,10,1,67,,62085,13,0,10,1,30,,62093,13,0,10,2
18502,'H59J000S-81-S',524,,62096,13,0,10,1,29,,62108,13,0,10,1,70,,62110,13,0,10,1,30,,62112,13,0,10,1,55,,62102,13,0,10,1,12,,62123,13,0,6 58,2,10,,62109,13,0,10,1,10,,62094,13,0,6 58,1,9,,62124,13,0,10,1,52,,62111,13,0,6 58,1,10,,62117,13,0,10,1,9,,62095,13,0,6 58,1,18,,62122,13,0,10,1,20,,62113,13,0,10,1,68,,62097,13,0,10,1,30,,62125,13,0,10,1,99,,62114,13,0,10,1,69,,62098,13,0,10,1,29,,62126,13,0,10,1,68,,62129,13,0,10,1,28,,62115,13,0,10,1,67,,62099,13,0,10,1,27,,62127,13,0,10,1,67,,62130,13,0,10,1,28,,62116,13,0,10,1,68,,62100,13,0,10,1,30,,62128,13,0,10,1,71,,62131,13,0,10,1,30,,62137,13,0,10,2,69,,62101,13,0,10,1,30,,62103,13,0,10,1,72,,62132,13,0,10,1,28,,62138,13,0,10,2,69,,62118,13,0,10,1,31,,62104,13,0,10,1,72,,62133,13,0,10,1,31,,62119,13,0,10,1,71,,62105,13,0,10,1,30,,62134,13,0,10,1,70,,62120,13,0,10,1,29,,62106,13,0,10,1,70,,62135,13,0,10,1,30,,62121,13,0,10,1,71,,62107,13,0,10,1,32,,62136,13,0,10,1
18502,'H59JV00A-80-A',526,,62141,13,0,10,1,33,,62157,13,0,10,2,73,,62140,13,0,10,1,76,,62149,13,0,10,1,32,,62171,13,0,10,1,71,,62158,13,0,10,1,31,,62150,13,0,10,1,71,,62172,13,0,10,1,31,,62159,13,0,10,1,72,,62151,13,0,10,1,31,,62173,13,0,10,1,73,,62160,13,0,10,1,34,,62152,13,0,10,1,71,,62174,13,0,10,1,29,,62175,13,0,10,2,69,,62161,13,0,10,1,29,,62146,13,0,10,1,68,,62164,13,0,10,1,27,,62176,13,0,10,2,68,,62162,13,0,10,1,29,,62147,13,0,10,1,70,,62165,13,0,10,1,29,,62177,13,0,10,2,69,,62163,13,0,10,1,29,,62148,13,0,10,1,69,,62166,13,0,10,1,29,,62139,13,0,10,1,68,,62153,13,0,10,1,27,,62142,13,0,10,1,71,,62167,13,0,10,1,31,,62154,13,0,10,1,71,,62143,13,0,10,1,31,,62168,13,0,10,1,71,,62155,13,0,10,1,30,,62144,13,0,10,1,71,,62169,13,0,10,1,30,,62156,13,0,10,1,70,,62145,13,0,10,1,29,,62170,13,0,10,1
18502,'H59JV00I-80-I',527,,62183,13,0,10,1,31,,62210,13,0,10,1,69,,62203,13,0,10,1,29,,62184,13,0,10,1,70,,62211,13,0,10,1,29,,62204,13,0,10,1,70,,62185,13,0,10,1,31,,62212,13,0,10,1,71,,62205,13,0,10,1,32,,62186,13,0,10,1,74,,62213,13,0,10,1,73,,62206,13,0,10,1,32,,62187,13,0,10,1,73,,62214,13,0,10,1,32,,62207,13,0,10,1,71,,62195,13,0,10,2,30,,62188,13,0,10,1,70,,62215,13,0,10,1,31,,62208,13,0,10,1,70,,62196,13,0,10,2,30,,62189,13,0,10,1,70,,62216,13,0,10,1,30,,62209,13,0,10,1,72,,62197,13,0,10,2,33,,62190,13,0,10,1,73,,62178,13,0,10,1,32,,62198,13,0,10,2,71,,62191,13,0,10,1,29,,62179,13,0,10,1,69,,62199,13,0,10,2,30,,62192,13,0,10,1,69,,62180,13,0,10,1,27,,62200,13,0,10,2,69,,62193,13,0,10,1,29,,62181,13,0,10,1,68,,62201,13,0,10,2,26,,62194,13,0,10,1,67,,62182,13,0,10,1,30,,62202,13,0,10,2
18502,'H59JV00S-83-S',524,,62248,13,0,10,1,29,,62230,13,0,10,1,70,,62228,13,0,10,1,30,,62256,13,0,10,1,55,,62223,13,0,10,1,12,,62261,13,0,6 58,1,10,,62231,13,0,10,1,10,,62217,13,0,6 58,1,9,,62232,13,0,10,1,52,,62229,13,0,6 58,1,10,,62219,13,0,10,1,9,,62218,13,0,6 58,1,18,,62220,13,0,10,1,20,,62257,13,0,10,1,68,,62249,13,0,10,1,30,,62233,13,0,10,1,99,,62258,13,0,10,1,69,,62250,13,0,10,1,29,,62234,13,0,10,1,68,,62221,13,0,10,1,28,,62259,13,0,10,1,67,,62251,13,0,10,1,27,,62235,13,0,10,1,67,,62222,13,0,10,1,28,,62260,13,0,10,1,68,,62252,13,0,10,1,30,,62236,13,0,10,1,71,,62237,13,0,10,1,30,,62254,13,0,10,2,69,,62253,13,0,10,1,30,,62243,13,0,10,1,72,,62238,13,0,10,1,28,,62255,13,0,10,2,69,,62224,13,0,10,1,31,,62244,13,0,10,1,72,,62239,13,0,10,1,31,,62225,13,0,10,1,71,,62245,13,0,10,1,30,,62240,13,0,10,1,70,,62226,13,0,10,1,29,,62246,13,0,10,1,70,,62241,13,0,10,1,30,,62227,13,0,10,1,71,,62247,13,0,10,1,32,,62242,13,0,10,1
18602,'H54J000A-80-A',500,,62568,42,0,10,1,30,,62574,42,0,10,1,70,,62569,42,0,10,1,32,,62575,42,0,10,1,72,,62570,42,0,10,1,32,,62572,42,0,10,1,76,,62571,42,0,10,1,33,,62573,42,0,10,1,73,,62584,42,0,10,1,33,,62583,42,0,10,2,71,,62585,42,0,10,1,27,,62587,42,0,10,2,63,,62591,42,0,10,1,22,,62576,42,0,10,1,21,,62586,42,0,10,1,60,,62598,42,0,10,2,22,,62592,42,0,10,1,22,,62608,42,0,10,1,61,,62577,42,0,10,1,21,,62599,42,0,10,2,60,,62593,42,0,10,1,20,,62609,42,0,10,1,20,,62578,42,0,10,1,66,,62600,42,0,10,2,26,,62594,42,0,10,1,67,,62579,42,0,10,1,26,,62596,42,0,10,1,26,,62610,42,0,10,1,62,,62595,42,0,10,1,21,,62580,42,0,10,1,23,,62588,42,0,10,2,68,,62603,42,0,10,1,28,,62581,42,0,10,1,69,,62589,42,0,10,2,26,,62604,42,0,10,1,68,,62611,42,0,10,2,27,,62590,42,0,10,2,66,,62601,42,0,10,1,27,,62612,42,0,10,2,68,,62605,42,0,10,1,31,,62602,42,0,10,1,72,,62613,42,0,10,2,31,,62597,42,0,10,1,71,,62606,42,0,10,1,32,,62614,42,0,10,2,72,,62582,42,0,10,1,32,,62607,42,0,10,1
18602,'H54J000I-80-I',458,,62615,42,0,10,1,71,,62629,42,0,10,2,73,,62616,42,0,10,1,31,,62630,42,0,10,2,71,,62617,42,0,10,1,33,,62631,42,0,10,2,72,,62618,42,0,10,1,32,,62632,42,0,10,2,74,,62619,42,0,10,1,32,,62633,42,0,10,2,72,,62640,42,0,10,1,32,,62620,42,0,10,1,70,,62634,42,0,10,2,30,,62638,42,0,10,2,70,,62621,42,0,10,1,29,,62637,42,0,10,2,69,,62639,42,0,10,2,19,,62652,42,0,10,1,19,,62625,42,0,10,1,67,,62653,42,0,10,2,27,,62647,42,0,10,1,67,,62626,42,0,10,1,27,,62654,42,0,10,2,67,,62648,42,0,10,1,27,,62627,42,0,10,1,71,,62655,42,0,10,2,32,,62622,42,0,10,1,70,,62641,42,0,10,1,30,,62649,42,0,10,1,67,,62623,42,0,10,1,27,,62656,42,0,10,2,68,,62650,42,0,10,1,32,,62624,42,0,10,1,73,,62643,42,0,10,1,28,,62651,42,0,10,1,67,,62628,42,0,10,1,31,,62644,42,0,10,1,71,,62635,42,0,10,1,31,,62645,42,0,10,1,71,,62636,42,0,10,1,31,,62646,42,0,10,1,20,,62642,42,0,10,1
18602,'H54J000S-83-S',502,,62657,42,0,10,1,17,,62661,42,0,10,1,18,,62667,42,0,10,1,21,,62668,42,0,10,1,60,,62674,42,0,10,2,21,,62659,42,0,10,1,74,,62669,42,0,10,1,15,,62687,42,0,10,1,7,,62691,7,0,10,2,10,,62658,42,0,10,1,70,,62681,42,0,10,2,30,,62682,42,0,10,2,70,,62688,42,0,10,1,31,,62692,42,0,10,2,70,,62662,42,0,10,1,29,,62689,42,0,10,1,67,,62683,42,0,10,1,20,,62663,42,0,10,1,20,,62670,42,0,10,1,60,,62690,42,0,10,1,20,,62696,42,0,10,2,19,,62684,42,0,10,1,60,,62664,42,0,10,1,23,,62671,42,0,10,1,20,,62697,42,0,10,2,60,,62685,42,0,10,1,20,,62665,42,0,10,1,15,,62700,42,0,10,2,55,,62672,42,0,10,1,16,,62698,42,0,10,2,23,,62686,42,0,10,1,61,,62666,42,0,10,1,22,,62701,42,0,10,2,22,,62699,42,0,10,2,65,,62673,42,0,10,1,25,,62705,42,0,10,2,21,,62702,42,0,10,2,64,,62675,42,0,10,2,26,,62660,42,0,10,1,64,,62676,42,0,10,1,26,,62704,42,0,10,2,70,,62693,42,0,10,1,30,,62677,42,0,10,1,71,,62706,42,0,10,1,31,,62694,42,0,10,1,70,,62678,42,0,10,1,29,,62707,42,0,10,1,67,,62695,42,0,10,1,30,,62679,42,0,10,1,69,,62708,42,0,10,1,26,,62703,42,0,10,1,68,,62680,42,0,10,1
18602,'H54JV00A-80-A',500,,62750,42,0,10,1,30,,62713,42,0,10,1,70,,62751,42,0,10,1,32,,62714,42,0,10,1,72,,62752,42,0,10,1,32,,62721,42,0,10,1,76,,62753,42,0,10,1,33,,62722,42,0,10,1,73,,62716,42,0,10,1,33,,62754,42,0,10,2,71,,62717,42,0,10,1,27,,62720,42,0,10,2,63,,62731,42,0,10,1,22,,62715,42,0,10,1,21,,62718,42,0,10,1,60,,62723,42,0,10,2,22,,62732,42,0,10,1,22,,62710,42,0,10,1,61,,62740,42,0,10,1,21,,62724,42,0,10,2,60,,62733,42,0,10,1,20,,62711,42,0,10,1,20,,62741,42,0,10,1,66,,62725,42,0,10,2,26,,62734,42,0,10,1,67,,62742,42,0,10,1,26,,62709,42,0,10,1,26,,62712,42,0,10,1,62,,62735,42,0,10,1,21,,62743,42,0,10,1,23,,62745,42,0,10,2,68,,62726,42,0,10,1,28,,62744,42,0,10,1,69,,62746,42,0,10,2,26,,62727,42,0,10,1,68,,62736,42,0,10,2,27,,62747,42,0,10,2,66,,62748,42,0,10,1,27,,62737,42,0,10,2,68,,62728,42,0,10,1,31,,62749,42,0,10,1,72,,62738,42,0,10,2,31,,62755,42,0,10,1,71,,62729,42,0,10,1,32,,62739,42,0,10,2,72,,62719,42,0,10,1,32,,62730,42,0,10,1
18602,'H54JV00I-80-I',458,,62767,42,0,10,1,71,,62783,42,0,10,2,73,,62768,42,0,10,1,31,,62784,42,0,10,2,71,,62769,42,0,10,1,33,,62785,42,0,10,2,72,,62770,42,0,10,1,32,,62786,42,0,10,2,74,,62771,42,0,10,1,32,,62787,42,0,10,2,72,,62794,42,0,10,1,32,,62772,42,0,10,1,70,,62788,42,0,10,2,30,,62792,42,0,10,2,70,,62773,42,0,10,1,29,,62759,42,0,10,2,69,,62793,42,0,10,2,19,,62795,42,0,10,1,19,,62774,42,0,10,1,67,,62764,42,0,10,2,27,,62777,42,0,10,1,67,,62775,42,0,10,1,27,,62765,42,0,10,2,67,,62778,42,0,10,1,27,,62776,42,0,10,1,71,,62766,42,0,10,2,32,,62789,42,0,10,1,70,,62756,42,0,10,1,30,,62779,42,0,10,1,67,,62790,42,0,10,1,27,,62782,42,0,10,2,68,,62780,42,0,10,1,32,,62791,42,0,10,1,73,,62760,42,0,10,1,28,,62781,42,0,10,1,67,,62758,42,0,10,1,31,,62761,42,0,10,1,71,,62796,42,0,10,1,31,,62762,42,0,10,1,71,,62797,42,0,10,1,31,,62763,42,0,10,1,20,,62757,42,0,10,1
18602,'H54JV00S-80-S',502,,62798,42,0,10,1,17,,62803,42,0,10,1,18,,62804,42,0,10,1,21,,62807,42,0,10,1,60,,62809,42,0,10,2,21,,62801,42,0,10,1,74,,62808,42,0,10,1,15,,62823,42,0,10,1,7,,62813,7,0,10,2,10,,62800,42,0,10,1,70,,62812,42,0,10,2,30,,62799,42,0,10,1,70,,62824,42,0,10,1,31,,62811,42,0,10,2,70,,62805,42,0,10,1,29,,62825,42,0,10,1,67,,62814,42,0,10,1,20,,62819,42,0,10,1,20,,62806,42,0,10,1,60,,62826,42,0,10,1,20,,62830,42,0,10,2,19,,62815,42,0,10,1,60,,62820,42,0,10,1,23,,62827,42,0,10,1,20,,62831,42,0,10,2,60,,62816,42,0,10,1,20,,62821,42,0,10,1,15,,62834,42,0,10,2,55,,62828,42,0,10,1,16,,62832,42,0,10,2,23,,62817,42,0,10,1,61,,62822,42,0,10,1,22,,62835,42,0,10,2,22,,62833,42,0,10,2,65,,62818,42,0,10,1,25,,62829,42,0,10,1,21,,62836,42,0,10,2,64,,62810,42,0,10,2,26,,62802,42,0,10,1,64,,62838,42,0,10,1,26,,62843,42,0,10,1,70,,62844,42,0,10,1,30,,62839,42,0,10,1,71,,62849,42,0,10,1,31,,62845,42,0,10,1,70,,62840,42,0,10,1,29,,62847,42,0,10,1,67,,62846,42,0,10,1,30,,62841,42,0,10,1,69,,62848,42,0,10,1,26,,62837,42,0,10,1,68,,62842,42,0,10,1
18602,'H59J000S-81-S',659,,62850,42,0,10,2
18602,'H59JV00S-83-S',659,,62851,42,0,10,1
18702,'H51J000S-80-S',631,,63184,43,0,10,1
18702,'H51JV00S-84-S',631,,63185,43,0,10,1
18702,'H54J000A-80-A',514,,63189,43,0,10,1,31,,63198,43,0,10,1,71,,63207,43,0,10,1,30,,63190,43,0,10,1,71,,63199,43,0,10,1,28,,63208,43,0,10,1,65,,63191,43,0,10,1,19,,63200,43,0,10,1,18,,63213,43,0,10,1,58,,63209,43,0,10,1,17,,63211,43,0,10,2,21,,63186,43,0,10,1,61,,63214,43,0,10,1,19,,63196,43,0,10,1,19,,63212,43,0,10,2,59,,63216,43,0,10,1,19,,63192,43,0,10,1,21,,63197,43,0,10,1,61,,63217,43,0,10,1,22,,63215,43,0,10,2,22,,63193,43,0,10,1,63,,63220,43,0,10,1,21,,63201,43,0,10,1,19,,63210,43,0,10,1,59,,63194,43,0,10,1,19,,63224,43,0,10,2,19,,63221,43,0,10,1,58,,63202,43,0,10,1,18,,63222,43,0,10,1,17,,63195,43,0,10,1,64,,63225,43,0,10,2,25,,63203,43,0,10,1,29,,63223,43,0,10,1,69,,63226,43,0,10,2,29,,63204,43,0,10,1,70,,63187,43,0,10,1,30,,63227,43,0,10,2,72,,63205,43,0,10,1,31,,63188,43,0,10,1,72,,63228,43,0,10,2,73,,63206,43,0,10,1,32,,63218,43,0,10,1,70,,63229,43,0,10,2,28,,63232,43,0,10,1,70,,63219,43,0,10,1,30,,63230,43,0,10,2,70,,63233,43,0,10,1,30,,63235,43,0,10,1,71,,63231,43,0,10,2,31,,63234,43,0,10,1
18702,'H54J000I-80-I',509,,63241,43,0,10,1,33,,63254,43,0,10,2,75,,63242,43,0,10,1,31,,63255,43,0,10,2,70,,63256,43,0,10,2,33,,63243,43,0,10,1,65,,63258,43,0,10,2,21,,63257,43,0,10,2,21,,63244,43,0,10,1,64,,63262,43,0,10,2,26,,63259,43,0,10,2,65,,63249,43,0,10,1,24,,63263,43,0,10,2,18,,63273,43,0,10,1,58,,63260,43,0,10,2,28,,63261,43,0,10,1,69,,63274,43,0,10,1,30,,63246,43,0,10,2,19,,63245,43,0,10,1,57,,63275,43,0,10,2,17,,63277,43,0,10,1,17,,63236,43,0,10,1,65,,63239,43,0,10,1,28,,63276,43,0,10,2,69,,63278,43,0,10,1,32,,63237,43,0,10,1,72,,63240,43,0,10,1,32,,63279,43,0,10,1,73,,63238,43,0,10,1,33,,63248,43,0,10,1,72,,63280,43,0,10,1,33,,63250,43,0,10,1,71,,63269,43,0,10,1,29,,63264,43,0,10,1,68,,63251,43,0,10,1,27,,63270,43,0,10,1,66,,63265,43,0,10,1,26,,63252,43,0,10,1,67,,63271,43,0,10,1,27,,63266,43,0,10,1,66,,63253,43,0,10,1,33,,63272,43,0,10,1,71,,63267,43,0,10,1,33,,63247,43,0,10,2,73,,63268,43,0,10,1
18702,'H54J000S-83-S',516,,63281,43,0,10,1,15,,63282,43,0,10,1,16,,63285,43,0,10,1,54,,63297,43,0,10,2,10,,63298,43,0,10,2,10,,63308,43,0,10,1,20,,63310,43,0,10,2,10,,63312,43,0,10,1,49,,63283,43,0,10,1,6,,63315,43,0,10,2,4,,63309,26,0,10,2,2,,63316,43,0,10,1,5,,63319,43,0,10,1,2,,63322,26,0,10,2,4,,63321,43,0,10,2,5,,63323,43,0,10,2,5,,63299,43,0,10,2,4,,63329,26,0,10,2,3,,63326,43,0,10,2,6,,63328,43,0,10,2,5,,63284,26,0,10,1,5,,63330,43,0,10,1,45,,63334,43,0,10,2,7,,63311,26,0,10,2,5,,63335,43,0,10,2,9,,63337,43,0,10,2,9,,63327,26,0,10,2,2,,63342,43,0,10,2,10,,63317,43,0,10,1,10,,63289,43,0,10,2,48,,63336,43,0,10,2,10,,63300,43,0,10,2,10,,63295,43,0,10,1,11,,63320,43,0,10,2,10,,63331,43,0,10,1,11,,63290,43,0,10,2,52,,63318,43,0,10,1,15,,63296,43,0,10,1,15,,63301,43,0,10,2,18,,63313,43,0,10,1,56,,63332,43,0,10,1,15,,63305,43,0,10,1,15,,63338,43,0,10,2,15,,63314,43,0,10,1,55,,63302,43,0,10,2,16,,63306,43,0,10,1,18,,63333,43,0,10,1,58,,63339,43,0,10,2,16,,63291,43,0,10,1,16,,63303,43,0,10,2,16,,63324,43,0,10,1,56,,63307,43,0,10,1,18,,63340,43,0,10,2,20,,63292,43,0,10,1,63,,63304,43,0,10,2,25,,63325,43,0,10,1,28,,63341,43,0,10,2,68,,63343,43,0,10,2,27,,63356,43,0,10,2,68,,63293,43,0,10,1,28,,63352,43,0,10,2,70,,63351,43,0,10,2,27,,63294,43,0,10,1,69,,63353,43,0,10,2,27,,63347,43,0,10,1,70,,63355,43,0,10,1,28,,63354,43,0,10,2,70,,63348,43,0,10,1,31,,63344,43,0,10,2,70,,63286,43,0,10,1,30,,63349,43,0,10,1,71,,63345,43,0,10,2,29,,63287,43,0,10,1,69,,63350,43,0,10,1,31,,63346,43,0,10,2,72,,63288,43,0,10,1
18702,'H54JV00A-80-A',514,,63357,43,0,10,1,31,,63365,43,0,10,1,71,,63361,43,0,10,1,30,,63386,43,0,10,1,71,,63366,43,0,10,1,28,,63362,43,0,10,1,65,,63387,43,0,10,1,19,,63367,43,0,10,1,18,,63372,43,0,10,1,58,,63363,43,0,10,1,17,,63400,43,0,10,2,21,,63402,43,0,10,1,61,,63373,43,0,10,1,19,,63378,43,0,10,1,19,,63401,43,0,10,2,59,,63405,43,0,10,1,19,,63388,43,0,10,1,21,,63379,43,0,10,1,61,,63406,43,0,10,1,22,,63368,43,0,10,2,22,,63389,43,0,10,1,63,,63358,43,0,10,1,21,,63380,43,0,10,1,19,,63364,43,0,10,1,59,,63390,43,0,10,1,19,,63392,43,0,10,2,19,,63359,43,0,10,1,58,,63381,43,0,10,1,18,,63374,43,0,10,1,17,,63391,43,0,10,1,64,,63393,43,0,10,2,25,,63382,43,0,10,1,29,,63375,43,0,10,1,69,,63394,43,0,10,2,29,,63383,43,0,10,1,70,,63403,43,0,10,1,30,,63395,43,0,10,2,72,,63384,43,0,10,1,31,,63404,43,0,10,1,72,,63396,43,0,10,2,73,,63385,43,0,10,1,32,,63376,43,0,10,1,70,,63397,43,0,10,2,28,,63369,43,0,10,1,70,,63377,43,0,10,1,30,,63398,43,0,10,2,70,,63370,43,0,10,1,30,,63360,43,0,10,1,71,,63399,43,0,10,2,31,,63371,43,0,10,1
18702,'H54JV00I-80-I',509,,63424,43,0,10,1,33,,63420,43,0,10,2,75,,63425,43,0,10,1,31,,63421,43,0,10,2,70,,63428,43,0,10,2,33,,63426,43,0,10,1,65,,63431,43,0,10,2,21,,63429,43,0,10,2,21,,63427,43,0,10,1,64,,63422,43,0,10,2,26,,63432,43,0,10,2,65,,63411,43,0,10,1,24,,63423,43,0,10,2,18,,63408,43,0,10,1,58,,63433,43,0,10,2,28,,63451,43,0,10,1,69,,63409,43,0,10,1,30,,63448,43,0,10,2,19,,63407,43,0,10,1,57,,63437,43,0,10,2,17,,63439,43,0,10,1,17,,63434,43,0,10,1,65,,63449,43,0,10,1,28,,63438,43,0,10,2,69,,63440,43,0,10,1,32,,63435,43,0,10,1,72,,63450,43,0,10,1,32,,63441,43,0,10,1,73,,63436,43,0,10,1,33,,63410,43,0,10,1,72,,63442,43,0,10,1,33,,63412,43,0,10,1,71,,63416,43,0,10,1,29,,63443,43,0,10,1,68,,63413,43,0,10,1,27,,63417,43,0,10,1,66,,63444,43,0,10,1,26,,63414,43,0,10,1,67,,63418,43,0,10,1,27,,63445,43,0,10,1,66,,63415,43,0,10,1,33,,63419,43,0,10,1,71,,63446,43,0,10,1,33,,63430,43,0,10,2,73,,63447,43,0,10,1
18702,'H54JV00S-80-S',516,,63452,43,0,10,1,15,,63453,43,0,10,1,16,,63456,43,0,10,1,54,,63471,43,0,10,2,10,,63472,43,0,10,2,10,,63475,43,0,10,1,20,,63481,43,0,10,2,10,,63484,43,0,10,1,49,,63454,43,0,10,1,6,,63487,43,0,10,1,4,,63479,26,0,10,2,2,,63490,43,0,10,1,5,,63494,43,0,10,1,2,,63498,26,0,10,1,4,,63474,43,0,10,2,5,,63496,43,0,10,2,5,,63473,43,0,10,2,4,,63504,26,0,10,2,3,,63501,43,0,10,2,6,,63505,43,0,10,2,5,,63455,26,0,10,1,5,,63506,43,0,10,1,45,,63483,43,0,10,2,7,,63495,26,0,10,1,5,,63482,43,0,10,2,9,,63480,43,0,10,2,9,,63502,26,0,10,2,2,,63497,43,0,10,2,10,,63491,43,0,10,1,10,,63499,43,0,10,2,48,,63507,43,0,10,1,10,,63465,43,0,10,1,10,,63457,43,0,10,1,11,,63503,43,0,10,2,10,,63508,43,0,10,1,11,,63500,43,0,10,2,52,,63492,43,0,10,1,15,,63458,43,0,10,1,15,,63466,43,0,10,1,18,,63485,43,0,10,1,56,,63509,43,0,10,1,15,,63459,43,0,10,1,15,,63511,43,0,10,2,15,,63486,43,0,10,1,55,,63467,43,0,10,1,16,,63460,43,0,10,1,18,,63510,43,0,10,1,58,,63512,43,0,10,2,16,,63463,43,0,10,1,16,,63468,43,0,10,1,16,,63515,43,0,10,1,56,,63461,43,0,10,1,18,,63513,43,0,10,2,20,,63464,43,0,10,1,63,,63469,43,0,10,1,25,,63516,43,0,10,1,28,,63514,43,0,10,2,68,,63517,43,0,10,2,27,,63521,43,0,10,2,68,,63524,43,0,10,1,28,,63493,43,0,10,1,70,,63462,43,0,10,1,27,,63470,43,0,10,1,69,,63522,43,0,10,2,27,,63525,43,0,10,1,70,,63478,43,0,10,1,28,,63523,43,0,10,2,70,,63526,43,0,10,1,31,,63518,43,0,10,2,70,,63476,43,0,10,1,30,,63527,43,0,10,1,71,,63519,43,0,10,2,29,,63488,43,0,10,1,69,,63477,43,0,10,1,31,,63520,43,0,10,2,72,,63489,43,0,10,1
36202,'H54J000A-80-A',2614,,75240,74,0,10,1,88,,75239,74,0,10,1,45,,75237,74,0,10,1,85,,75238,74,0,10,1,82,,75241,74,0,10,1
36202,'H54J000I-80-I',2613,,75244,74,0,10,1,45,,75243,74,0,10,1,85,,75242,74,0,10,1,87,,75246,74,0,10,1,85,,75245,74,0,10,1
36202,'H54J000S-83-S',2613,,75250,74,0,10,2,45,,75251,74,0,10,1,85,,75248,74,0,10,1,88,,75247,74,0,10,1,85,,75249,74,0,10,1
36202,'H54JV00A-80-A',2614,,75256,74,0,10,1,88,,75253,74,0,10,1,45,,75254,74,0,10,1,85,,75252,74,0,10,1,82,,75255,74,0,10,1
36202,'H54JV00I-80-I',2613,,75258,74,0,10,1,45,,75260,74,0,10,1,85,,75257,74,0,10,1,87,,75261,74,0,10,1,85,,75259,74,0,10,1
36202,'H54JV00S-80-S',2613,,75264,74,0,10,2,45,,75265,74,0,10,1,85,,75266,74,0,10,1,88,,75262,74,0,10,1,85,,75263,74,0,10,1
