20903,'H60U000A-85-A',523,,273352,28,0,8,1,31,,273366,28,0,8,2,71,,273367,28,0,8,2,30,,273353,28,0,8,1,70,,273380,28,0,8,2,31,,273368,28,0,8,2,71,,273354,28,0,8,1,29,,273381,28,0,8,2,71,,273369,28,0,8,2,31,,273355,28,0,8,1,69,,273382,28,0,8,2,31,,273370,28,0,8,2,71,,273356,28,0,8,1,73,,273383,28,0,8,2,33,,273371,28,0,8,2,71,,273357,28,0,8,1,33,,273384,28,0,8,2,73,,273372,28,0,8,2,32,,273362,28,0,8,1,72,,273385,28,0,8,2,33,,273373,28,0,8,2,72,,273358,28,0,8,1,32,,273386,28,0,8,2,72,,273374,28,0,8,2,32,,273359,28,0,8,1,72,,273387,28,0,8,2,71,,273375,28,0,8,2,30,,273363,28,0,8,1,72,,273388,28,0,8,2,31,,273376,28,0,8,2,69,,273360,28,0,8,1,28,,273389,28,0,8,2,29,,273377,28,0,8,2,69,,273361,28,0,8,1,30,,273390,28,0,8,2,68,,273378,28,0,8,2,29,,273364,28,0,8,1,69,,273391,28,0,8,2,28,,273379,28,0,8,2,68,,273365,28,0,8,1
20903,'H60U000I-84-I',523,,273392,28,0,8,1,31,,273406,28,0,8,2,71,,273407,28,0,8,2,30,,273393,28,0,8,1,70,,273418,28,0,8,1,31,,273408,28,0,8,2,70,,273394,28,0,8,1,30,,273419,28,0,8,1,71,,273409,28,0,8,2,31,,273395,28,0,8,1,69,,273420,28,0,8,1,31,,273410,28,0,8,2,72,,273396,28,0,8,1,72,,273421,28,0,8,1,32,,273411,28,0,8,2,72,,273397,28,0,8,1,33,,273422,28,0,8,1,73,,273412,28,0,8,2,32,,273398,28,0,8,1,72,,273423,28,0,8,1,33,,273413,28,0,8,2,72,,273399,28,0,8,1,32,,273424,28,0,8,1,72,,273414,28,0,8,2,32,,273400,28,0,8,1,72,,273425,28,0,8,1,73,,273415,28,0,8,2,30,,273401,28,0,8,1,73,,273426,28,0,8,1,32,,273416,28,0,8,2,70,,273402,28,0,8,1,28,,273427,28,0,8,1,69,,273417,28,0,8,2,30,,273403,28,0,8,1,69,,273428,28,0,8,1,27,,273430,28,0,8,1,29,,273404,28,0,8,1,68,,273429,28,0,8,1,27,,273431,28,0,8,1,69,,273405,28,0,8,1
20903,'H60U000S-86-S',524,,273437,28,0,8,1,33,,273445,28,0,8,2,73,,273451,28,0,8,2,29,,273454,28,0,8,2,58,,273438,28,0,8,1,19,,273465,28,0,8,2,15,,273453,28,0,8,2,56,,273432,28,0,8,1,17,,273452,28,0,8,2,25,,273455,28,0,8,2,71,,273439,28,0,8,1,29,,273433,28,0,8,1,70,,273446,28,0,8,2,30,,273456,28,0,8,1,70,,273440,28,0,8,1,30,,273434,28,0,8,1,70,,273447,28,0,8,2,31,,273457,28,0,8,1,70,,273441,28,0,8,1,29,,273435,28,0,8,1,69,,273448,28,0,8,2,27,,273458,28,0,8,1,67,,273442,28,0,8,1,30,,273436,28,0,8,1,68,,273449,28,0,8,2,19,,273473,28,0,8,2,18,,273459,28,0,8,1,56,,273471,28,0,8,2,14,,273443,28,0,8,1,13,,273472,28,0,8,2,15,,273466,28,0,8,1,56,,273450,28,0,8,2,17,,273474,28,0,8,2,21,,273460,28,0,8,1,61,,273444,28,0,8,1,26,,273467,28,0,8,1,31,,273475,28,0,8,2,71,,273461,28,0,8,1,31,,273468,28,0,8,1,71,,273476,28,0,8,2,70,,273462,28,0,8,1,31,,273469,28,0,8,1,28,,273477,28,0,8,2,68,,273463,28,0,8,1,30,,273470,28,0,8,1,67,,273478,28,0,8,2,27,,273464,28,0,8,1
20903,'H60U100F-85-F1',523,,273479,28,0,8,1,31,,273493,28,0,8,1,71,,273505,28,0,8,1,30,,273480,28,0,8,1,70,,273518,28,0,8,2,31,,273506,28,0,8,1,70,,273481,28,0,8,1,30,,273494,28,0,8,1,71,,273507,28,0,8,1,31,,273482,28,0,8,1,69,,273495,28,0,8,1,31,,273508,28,0,8,1,72,,273483,28,0,8,1,72,,273496,28,0,8,1,32,,273509,28,0,8,1,72,,273484,28,0,8,1,33,,273497,28,0,8,1,73,,273510,28,0,8,1,32,,273485,28,0,8,1,72,,273498,28,0,8,1,33,,273511,28,0,8,1,72,,273486,28,0,8,1,32,,273499,28,0,8,1,72,,273512,28,0,8,1,32,,273487,28,0,8,1,72,,273500,28,0,8,1,73,,273513,28,0,8,1,30,,273488,28,0,8,1,73,,273501,28,0,8,1,32,,273514,28,0,8,1,70,,273489,28,0,8,1,28,,273502,28,0,8,1,69,,273515,28,0,8,1,30,,273490,28,0,8,1,69,,273503,28,0,8,1,27,,273516,28,0,8,1,29,,273491,28,0,8,1,68,,273504,28,0,8,1,27,,273517,28,0,8,1,69,,273492,28,0,8,1
20903,'H60U200F-83-F2',523,,273519,28,0,8,1,31,,273533,28,0,8,1,71,,273545,28,0,8,1,30,,273520,28,0,8,1,70,,273558,28,0,8,2,31,,273546,28,0,8,1,70,,273521,28,0,8,1,30,,273534,28,0,8,1,71,,273547,28,0,8,1,31,,273522,28,0,8,1,69,,273535,28,0,8,1,31,,273548,28,0,8,1,72,,273523,28,0,8,1,72,,273536,28,0,8,1,32,,273549,28,0,8,1,72,,273524,28,0,8,1,33,,273537,28,0,8,1,73,,273550,28,0,8,1,32,,273525,28,0,8,1,72,,273538,28,0,8,1,33,,273551,28,0,8,1,72,,273526,28,0,8,1,32,,273539,28,0,8,1,72,,273552,28,0,8,1,32,,273527,28,0,8,1,72,,273540,28,0,8,1,73,,273553,28,0,8,1,30,,273528,28,0,8,1,73,,273541,28,0,8,1,32,,273554,28,0,8,1,70,,273529,28,0,8,1,28,,273542,28,0,8,1,69,,273555,28,0,8,1,30,,273530,28,0,8,1,69,,273543,28,0,8,1,27,,273556,28,0,8,1,29,,273531,28,0,8,1,68,,273544,28,0,8,1,27,,273557,28,0,8,1,69,,273532,28,0,8,1
35602,'H56U000A-80-A',2643,,276884,108,0,10,1,58,,276874,108,0,10,1,13,,276883,108,0,10,1,13,,276881,108,0,10,2,13,,276873,108,0,10,1,13,,276882,108,0,10,2,53,,276876,108,0,10,1,13,,276875,108,0,10,1,13,,276880,108,0,10,2,13,,276878,108,0,10,2,13,,276877,108,0,10,1,53,,276879,108,0,10,1,13,,276886,108,0,10,1,13,,276885,108,0,10,1,13,,276887,108,0,10,1
35602,'H56U000I-80-I',2637,,276888,108,0,10,1,88,,276891,108,0,10,1,85,,276892,108,0,10,2,48,,276889,108,0,10,1,81,,276890,108,0,10,2
35602,'H56U000S-81-S',2634,,276894,108,0,10,1,86,,276899,108,0,10,2,85,,276896,108,0,10,1,27,,276893,108,0,10,1,25,,276895,108,0,10,1,65,,276897,108,0,10,2,25,,276898,108,0,10,1
35602,'H56U100F-80-F1',2637,,276900,108,0,10,1,88,,276903,108,0,10,1,85,,276904,108,0,10,2,48,,276901,108,0,10,1,81,,276902,108,0,10,2
35602,'H56U200F-80-F2',2637,,276905,108,0,10,1,88,,276908,108,0,10,1,85,,276909,108,0,10,2,48,,276906,108,0,10,1,81,,276907,108,0,10,2
