19801,'H56M000A-70-A',545,,147401,53,,,1,72,,147423,53,,,1,32,,147406,53,,,2,71,,147410,53,,,1,33,,147411,53,,,1,71,,147409,53,,,1,34,,147424,53,,,1,75,,147413,53,,,1,75,,147433,53,,,1,33,,147428,53,,,1,73,,147446,53,,,1,33,,147443,53,,,2,68,,147438,53,,,1,27,,147441,53,,,2,68,,147429,53,,,1,26,,147442,53,,,1,65,,147430,53,,,1,25,,147444,53,,,2,22,,147434,53,,,1,60,,147439,53,,,1,19,,147412,53,,,1,19,,147416,53,,,1,58,,147418,53,,,1,18,,147414,53,,,1,19,,147425,53,,,1,18,,147445,53,,,2,60,,147435,53,,,1,20,,147440,53,,,1,20,,147415,53,,,1,61,,147417,53,,,1,24,,147419,53,,,1,69,,147426,53,,,1,30,,147436,53,,,1,70,,147403,53,,,2,30,,147431,53,,,1,69,,147420,53,,,1,29,,147427,53,,,1,69,,147437,53,,,1,30,,147404,53,,,2,71,,147432,53,,,1,30,,147421,53,,,1,66,,147402,53,,,1,29,,147408,53,,,1,72,,147405,53,,,2,30,,147447,53,,,2,73,,147422,53,,,1,32,,147407,53,,,2
19801,'H56M000I-70-I',548,,147464,53,,,1,70,,147454,53,,,1,30,,147457,53,,,2,70,,147448,53,,,1,30,,147475,53,,,2,70,,147465,53,,,1,30,,147455,53,,,1,74,,147458,53,,,2,34,,147449,53,,,1,73,,147488,53,,,1,73,,147476,53,,,2,33,,147482,53,,,1,73,,147470,53,,,1,32,,147466,53,,,1,71,,147459,53,,,2,31,,147477,53,,,2,71,,147483,53,,,1,30,,147471,53,,,1,71,,147467,53,,,1,31,,147460,53,,,2,70,,147478,53,,,2,30,,147484,53,,,1,70,,147472,53,,,1,32,,147468,53,,,1,71,,147461,53,,,2,28,,147479,53,,,2,69,,147485,53,,,1,28,,147473,53,,,1,68,,147469,53,,,1,28,,147462,53,,,2,70,,147480,53,,,2,30,,147486,53,,,1,69,,147474,53,,,1,29,,147451,53,,,1,70,,147463,53,,,2,29,,147481,53,,,2,70,,147487,53,,,1,30,,147456,53,,,2,71,,147452,53,,,1,33,,147450,53,,,2,73,,147453,53,,,1
19801,'H56M000S-70-S',625,,147490,53,,,1,32,,147530,53,,,1,76,,147513,53,,,2,25,,147514,53,,,2,62,,147503,53,,,1,19,,147512,53,,,2,15,,147524,53,,,2,48,,147532,53,,,1,20,,147502,53,,,1,29,,147528,53,,,1,70,,147507,53,,,1,30,,147489,53,,,1,70,,147495,53,,,1,30,,147508,53,,,1,69,,147506,53,,,1,30,,147510,53,,,1,71,,147522,53,,,1,29,,147509,53,,,1,70,,147533,53,,,1,31,,147516,53,,,1,65,,147494,53,,,1,25,,147511,53,,,1,65,,147523,53,,,1,18,,147529,53,,,1,17,,147531,53,,,1,16,,147519,53,,,1,56,,147499,53,,,2,17,,147505,53,,,1,74,,147527,53,,,2,20,,147504,53,,,2,21,,147500,53,,,1,66,,147515,53,,,2,29,,147525,53,,,1,64,,147491,53,,,1,27,,147496,53,,,2,69,,147517,53,,,1,29,,147498,53,,,1,73,,147526,53,,,1,33,,147492,53,,,1,73,,147520,53,,,2,33,,147518,53,,,1,70,,147497,53,,,2,31,,147534,53,,,1,70,,147493,53,,,1,30,,147521,53,,,2,71,,147501,53,,,1
19801,'H56M100F-70-F1',548,,147547,53,,,2,70,,147545,53,,,1,30,,147543,53,,,1,70,,147536,53,,,1,30,,147553,53,,,2,70,,147537,53,,,1,30,,147546,53,,,1,74,,147544,53,,,1,34,,147535,53,,,1,73,,147558,53,,,2,73,,147554,53,,,2,33,,147567,53,,,1,73,,147565,53,,,1,32,,147550,53,,,1,71,,147559,53,,,2,31,,147555,53,,,2,71,,147568,53,,,1,30,,147566,53,,,1,71,,147551,53,,,1,31,,147560,53,,,2,70,,147556,53,,,2,30,,147569,53,,,1,70,,147571,53,,,2,32,,147549,53,,,1,71,,147561,53,,,2,28,,147557,53,,,2,69,,147570,53,,,1,28,,147573,53,,,2,68,,147552,53,,,1,28,,147562,53,,,2,70,,147538,53,,,1,30,,147572,53,,,1,69,,147574,53,,,2,29,,147540,53,,,1,70,,147563,53,,,2,29,,147539,53,,,1,70,,147575,53,,,2,30,,147548,53,,,2,71,,147541,53,,,1,33,,147564,53,,,2,73,,147542,53,,,2
19801,'H56M200F-70-F2',548,,147588,53,,,2,70,,147586,53,,,1,30,,147584,53,,,1,70,,147576,53,,,1,30,,147594,53,,,2,70,,147578,53,,,1,30,,147587,53,,,1,74,,147585,53,,,1,34,,147577,53,,,1,73,,147599,53,,,2,73,,147595,53,,,2,33,,147608,53,,,1,73,,147606,53,,,1,32,,147590,53,,,1,71,,147600,53,,,2,31,,147596,53,,,2,71,,147609,53,,,1,30,,147607,53,,,1,71,,147591,53,,,1,31,,147601,53,,,2,70,,147597,53,,,2,30,,147610,53,,,1,70,,147613,53,,,2,32,,147592,53,,,1,71,,147602,53,,,2,28,,147598,53,,,2,69,,147611,53,,,1,28,,147614,53,,,2,68,,147593,53,,,1,28,,147603,53,,,2,70,,147579,53,,,1,30,,147612,53,,,1,69,,147615,53,,,2,29,,147581,53,,,1,70,,147604,53,,,2,29,,147580,53,,,1,70,,147616,53,,,2,30,,147589,53,,,2,71,,147582,53,,,1,33,,147605,53,,,2,73,,147583,53,,,2
19801,'H56M300F-70-F3',548,,147633,53,,,1,70,,147623,53,,,1,30,,147626,53,,,2,70,,147617,53,,,1,30,,147644,53,,,2,70,,147634,53,,,1,30,,147624,53,,,1,74,,147627,53,,,2,34,,147618,53,,,1,73,,147657,53,,,1,73,,147645,53,,,2,33,,147651,53,,,1,73,,147639,53,,,1,32,,147635,53,,,1,71,,147628,53,,,2,31,,147646,53,,,2,71,,147652,53,,,1,30,,147640,53,,,1,71,,147636,53,,,1,31,,147629,53,,,2,70,,147647,53,,,2,30,,147653,53,,,1,70,,147641,53,,,1,32,,147638,53,,,1,71,,147630,53,,,2,28,,147649,53,,,2,69,,147654,53,,,1,28,,147642,53,,,1,68,,147637,53,,,1,28,,147631,53,,,2,70,,147648,53,,,2,30,,147655,53,,,1,69,,147643,53,,,1,29,,147620,53,,,1,70,,147632,53,,,2,29,,147650,53,,,2,70,,147656,53,,,1,30,,147625,53,,,2,71,,147621,53,,,1,33,,147619,53,,,2,73,,147622,53,,,1
19801,'H60M000S-71-S',1747,,147658,53,,,1
20200,'H50M000S-70-S',1723,,148371,35,,,1
20200,'H56M000S-70-S',609,,148373,35,,,1
20200,'H60M000A-71-A',626,,148386,35,,,1,31,,148393,35,,,2,71,,148379,35,,,1,30,,148378,35,,,2,70,,148403,35,,,1,30,,148387,35,,,1,70,,148390,35,,,1,30,,148381,35,,,1,71,,148394,35,,,2,72,,148400,35,,,1,31,,148391,35,,,1,70,,148388,35,,,1,23,,148382,35,,,1,23,,148395,35,,,2,63,,148406,35,,,1,21,,148401,35,,,1,24,,148392,35,,,1,64,,148389,35,,,1,23,,148383,35,,,1,63,,148396,35,,,2,23,,148407,35,,,1,23,,148399,35,,,1,57,,148413,35,,,1,17,,148377,35,,,1,19,,148415,35,,,1,59,,148384,35,,,1,21,,148397,35,,,2,23,,148408,35,,,1,64,,148402,35,,,1,26,,148414,35,,,1,65,,148416,35,,,1,30,,148385,35,,,1,71,,148404,35,,,1,30,,148380,35,,,1,71,,148411,35,,,1,28,,148375,35,,,1,69,,148409,35,,,1,29,,148405,35,,,1,71,,148398,35,,,1,28,,148412,35,,,1,29,,148376,35,,,1,69,,148410,35,,,1
20200,'H60M000I-71-I',728,,148418,35,,,1,30,,148427,35,,,1,70,,148438,35,,,1,31,,148442,35,,,2,71,,148419,35,,,1,70,,148428,35,,,1,31,,148439,35,,,1,71,,148443,35,,,2,30,,148424,35,,,1,69,,148434,35,,,1,29,,148440,35,,,1,29,,148432,35,,,2,71,,148430,35,,,1,72,,148445,35,,,1,29,,148435,35,,,1,71,,148441,35,,,1,31,,148433,35,,,2,70,,148429,35,,,1,33,,148448,35,,,2,72,,148436,35,,,1,32,,148420,35,,,1,73,,148431,35,,,1,30,,148449,35,,,2,71,,148437,35,,,1,30,,148421,35,,,1,69,,148446,35,,,1,28,,148425,35,,,1,69,,148450,35,,,2,29,,148417,35,,,1,69,,148422,35,,,1,28,,148447,35,,,1,68,,148426,35,,,1,28,,148451,35,,,2,25,,148444,35,,,1,67,,148423,35,,,1
20200,'H60M000S-71-S',635,,148461,35,,,1,69,,148471,35,,,1,24,,148454,35,,,1,23,,148468,35,,,2,67,,148469,35,,,1,27,,148458,35,,,1,68,,148462,35,,,1,27,,148472,35,,,1,63,,148455,35,,,1,24,,148453,35,,,1,24,,148470,35,,,1,65,,148459,35,,,1,25,,148478,35,,,1,70,,148473,35,,,1,32,,148456,35,,,1,72,,148463,35,,,1,26,,148460,35,,,1,65,,148479,35,,,1,24,,148452,35,,,2,27,,148457,35,,,1,68,,148480,35,,,1,29,,148464,35,,,1,69,,148481,35,,,2,27,,148474,35,,,1,106,,148483,35,,,2,70,,148487,35,,,1,29,,148484,35,,,2,69,,148475,35,,,1,29,,148466,35,,,1,67,,148490,35,,,2,26,,148488,35,,,1,67,,148485,35,,,2,27,,148476,35,,,1,66,,148467,35,,,1,27,,148491,35,,,2,67,,148489,35,,,1,27,,148486,35,,,2,26,,148477,35,,,1,76,,148492,35,,,1
20200,'H60M100F-71-F1',728,,148496,35,,,1,30,,148504,35,,,1,70,,148509,35,,,1,31,,148512,35,,,2,71,,148497,35,,,1,70,,148505,35,,,1,31,,148508,35,,,1,71,,148513,35,,,2,30,,148503,35,,,1,69,,148499,35,,,1,29,,148510,35,,,1,29,,148507,35,,,2,71,,148506,35,,,1,72,,148516,35,,,1,29,,148500,35,,,1,71,,148511,35,,,1,31,,148515,35,,,2,70,,148523,35,,,1,33,,148519,35,,,1,72,,148498,35,,,1,32,,148494,35,,,1,73,,148524,35,,,1,30,,148520,35,,,1,71,,148501,35,,,1,30,,148495,35,,,1,69,,148522,35,,,2,28,,148525,35,,,1,69,,148517,35,,,1,29,,148493,35,,,1,69,,148521,35,,,1,28,,148527,35,,,1,68,,148526,35,,,1,28,,148518,35,,,1,25,,148502,35,,,1,67,,148514,35,,,1
20200,'H60M200F-71-F2',728,,148558,35,,,1,30,,148552,35,,,1,70,,148556,35,,,1,31,,148549,35,,,2,71,,148559,35,,,1,70,,148553,35,,,1,31,,148557,35,,,1,71,,148550,35,,,2,30,,148534,35,,,1,69,,148536,35,,,1,29,,148547,35,,,1,29,,148533,35,,,2,71,,148554,35,,,1,72,,148529,35,,,1,29,,148537,35,,,1,71,,148548,35,,,1,31,,148551,35,,,2,70,,148542,35,,,1,33,,148539,35,,,1,72,,148540,35,,,1,32,,148560,35,,,1,73,,148543,35,,,1,30,,148541,35,,,1,71,,148538,35,,,1,30,,148561,35,,,1,69,,148555,35,,,2,28,,148544,35,,,1,69,,148545,35,,,1,29,,148530,35,,,1,69,,148562,35,,,1,28,,148532,35,,,1,68,,148535,35,,,1,28,,148546,35,,,1,25,,148528,35,,,1,67,,148531,35,,,1
20200,'H60M300F-71-F3',728,,148569,35,,,1,30,,148577,35,,,1,70,,148566,35,,,1,31,,148571,35,,,2,71,,148568,35,,,1,70,,148578,35,,,1,31,,148567,35,,,1,71,,148572,35,,,2,30,,148573,35,,,1,69,,148582,35,,,1,29,,148592,35,,,1,29,,148580,35,,,1,71,,148587,35,,,1,72,,148594,35,,,2,29,,148583,35,,,1,71,,148593,35,,,1,31,,148570,35,,,1,70,,148588,35,,,1,33,,148595,35,,,2,72,,148584,35,,,1,32,,148564,35,,,2,73,,148589,35,,,1,30,,148596,35,,,2,71,,148585,35,,,1,30,,148565,35,,,2,69,,148563,35,,,1,28,,148590,35,,,1,69,,148575,35,,,1,29,,148591,35,,,1,69,,148579,35,,,1,28,,148581,35,,,1,68,,148597,35,,,1,28,,148576,35,,,1,25,,148574,35,,,1,67,,148586,35,,,1
20901,'H50M000S-70-S',715,,151529,38,,,1
20901,'H60M000A-71-A',621,,151530,38,,,1,33,,151542,38,,,2,73,,151536,38,,,2,73,,151531,38,,,1,33,,151543,38,,,2,73,,151537,38,,,2,33,,151532,38,,,1,72,,151544,38,,,2,32,,151538,38,,,2,72,,151533,38,,,1,34,,151545,38,,,2,73,,151539,38,,,2,33,,151534,38,,,1,73,,151546,38,,,2,73,,151540,38,,,2,33,,151535,38,,,1,73,,151547,38,,,2,33,,151541,38,,,2,71,,151553,38,,,1,32,,151560,38,,,2,73,,151548,38,,,2,33,,151554,38,,,1,71,,151561,38,,,2,33,,151549,38,,,2,73,,151555,38,,,1,31,,151559,38,,,2,69,,151551,38,,,2,31,,151556,38,,,1,71,,151562,38,,,2,28,,151552,38,,,2,68,,151557,38,,,1,29,,151563,38,,,2,67,,151550,38,,,2,27,,151558,38,,,1,69,,151564,38,,,2
20901,'H60M000I-71-I',620,,151565,38,,,1,32,,151578,38,,,2,73,,151589,38,,,2,33,,151566,38,,,1,72,,151579,38,,,2,73,,151590,38,,,2,33,,151567,38,,,1,72,,151577,38,,,2,33,,151591,38,,,2,73,,151568,38,,,1,33,,151580,38,,,2,73,,151592,38,,,2,33,,151569,38,,,1,73,,151581,38,,,2,33,,151593,38,,,2,72,,151570,38,,,1,73,,151582,38,,,2,33,,151594,38,,,2,72,,151571,38,,,1,33,,151583,38,,,2,73,,151595,38,,,2,33,,151572,38,,,1,72,,151584,38,,,2,33,,151597,38,,,2,72,,151573,38,,,1,31,,151585,38,,,2,72,,151596,38,,,2,27,,151574,38,,,1,71,,151586,38,,,2,32,,151598,38,,,2,64,,151575,38,,,1,29,,151587,38,,,2,71,,151599,38,,,2,24,,151576,38,,,1,68,,151588,38,,,2
20901,'H60M000S-71-S',616,,151617,38,,,1,39,,151607,38,,,1,72,,151629,38,,,1,16,,151633,38,,,2,70,,151622,38,,,1,26,,151635,38,,,2,11,,151608,38,,,1,65,,151630,38,,,1,27,,151634,38,,,2,69,,151618,38,,,2,33,,151609,38,,,1,72,,151631,38,,,1,33,,151619,38,,,2,73,,151610,38,,,1,33,,151632,38,,,1,73,,151620,38,,,2,74,,151600,38,,,1,34,,151611,38,,,1,72,,151623,38,,,1,30,,151621,38,,,2,71,,151601,38,,,1,29,,151612,38,,,1,69,,151624,38,,,1,29,,151636,38,,,2,68,,151602,38,,,1,27,,151613,38,,,1,28,,151625,38,,,1,64,,151637,38,,,2,24,,151603,38,,,1,72,,151614,38,,,1,32,,151626,38,,,1,72,,151604,38,,,1,30,,151615,38,,,1,70,,151627,38,,,1,32,,151605,38,,,1,71,,151616,38,,,1,28,,151628,38,,,1,71,,151606,38,,,1
20901,'H60M100F-71-F1',620,,151638,38,,,1,32,,151650,38,,,2,73,,151662,38,,,1,33,,151639,38,,,1,72,,151651,38,,,2,73,,151663,38,,,1,33,,151640,38,,,1,72,,151652,38,,,2,33,,151664,38,,,1,73,,151641,38,,,1,33,,151653,38,,,2,73,,151665,38,,,1,33,,151642,38,,,1,73,,151654,38,,,2,33,,151666,38,,,1,72,,151643,38,,,1,73,,151655,38,,,2,33,,151667,38,,,1,72,,151644,38,,,1,33,,151656,38,,,2,73,,151668,38,,,1,33,,151646,38,,,1,72,,151657,38,,,2,33,,151669,38,,,1,72,,151645,38,,,1,31,,151658,38,,,2,72,,151670,38,,,1,27,,151647,38,,,1,71,,151659,38,,,2,32,,151671,38,,,1,64,,151648,38,,,1,29,,151660,38,,,2,71,,151672,38,,,1,24,,151649,38,,,1,68,,151661,38,,,2
20901,'H60M200F-71-F2',620,,151673,38,,,1,32,,151685,38,,,2,73,,151699,38,,,1,33,,151674,38,,,1,72,,151686,38,,,2,73,,151697,38,,,1,33,,151675,38,,,1,72,,151687,38,,,2,33,,151700,38,,,1,73,,151676,38,,,1,33,,151688,38,,,2,73,,151698,38,,,1,33,,151677,38,,,1,73,,151689,38,,,2,33,,151701,38,,,1,72,,151678,38,,,1,73,,151690,38,,,2,33,,151702,38,,,1,72,,151679,38,,,1,33,,151691,38,,,2,73,,151703,38,,,1,33,,151680,38,,,1,72,,151692,38,,,2,33,,151704,38,,,1,72,,151681,38,,,1,31,,151693,38,,,2,72,,151705,38,,,1,27,,151682,38,,,1,71,,151694,38,,,2,32,,151706,38,,,1,64,,151683,38,,,1,29,,151695,38,,,2,71,,151707,38,,,1,24,,151684,38,,,1,68,,151696,38,,,2
20901,'H60M300F-71-F3',620,,151708,38,,,1,32,,151720,38,,,2,73,,151732,38,,,1,33,,151709,38,,,1,72,,151721,38,,,2,73,,151733,38,,,1,33,,151710,38,,,1,72,,151722,38,,,2,33,,151734,38,,,1,73,,151711,38,,,1,33,,151723,38,,,2,73,,151735,38,,,1,33,,151712,38,,,1,73,,151724,38,,,2,33,,151736,38,,,1,72,,151713,38,,,1,73,,151725,38,,,2,33,,151737,38,,,1,72,,151714,38,,,1,33,,151726,38,,,2,73,,151738,38,,,1,33,,151715,38,,,1,72,,151728,38,,,2,33,,151739,38,,,1,72,,151716,38,,,1,31,,151727,38,,,2,72,,151740,38,,,1,27,,151717,38,,,1,71,,151729,38,,,2,32,,151741,38,,,1,64,,151718,38,,,1,29,,151730,38,,,2,71,,151742,38,,,1,24,,151719,38,,,1,68,,151731,38,,,2
