20301,'H50J000S-83-S',727,,69148,29,0,5,1
20301,'H50JV00S-82-S',727,,69149,29,0,5,1
20301,'H56J000S-80-S',1820,,69150,29,0,5,1
20301,'H56JV00S-80-S',1820,,69151,29,0,5,1
20301,'H60J000A-80-A',620,,69158,29,0,5,2,30,,69175,29,0,5,1,71,,69170,29,0,5,1,30,,69159,29,0,5,2,71,,69176,29,0,5,1,30,,69171,29,0,5,1,70,,69160,29,0,5,2,32,,69177,29,0,5,1,73,,69172,29,0,5,1,32,,69161,29,0,5,2,73,,69178,29,0,5,1,73,,69173,29,0,5,1,33,,69162,29,0,5,2,73,,69179,29,0,5,1,30,,69186,29,0,5,2,69,,69174,29,0,5,1,29,,69163,29,0,5,2,69,,69180,29,0,5,1,29,,69187,29,0,5,2,69,,69152,29,0,5,1,30,,69164,29,0,5,2,70,,69181,29,0,5,1,30,,69188,29,0,5,2,67,,69153,29,0,5,1,30,,69165,29,0,5,2,71,,69182,29,0,5,1,29,,69154,29,0,5,1,70,,69166,29,0,5,2,29,,69183,29,0,5,1,69,,69155,29,0,5,1,29,,69167,29,0,5,2,29,,69184,29,0,5,1,68,,69156,29,0,5,1,28,,69168,29,0,5,2,68,,69185,29,0,5,1,28,,69157,29,0,5,1,68,,69169,29,0,5,2
20301,'H60J000I-80-I',720,,69189,29,0,5,1,30,,69212,29,0,5,2,70,,69201,29,0,5,1,30,,69190,29,0,5,1,70,,69213,29,0,5,2,30,,69202,29,0,5,1,70,,69191,29,0,5,1,30,,69214,29,0,5,2,70,,69203,29,0,5,1,30,,69192,29,0,5,1,70,,69215,29,0,5,2,30,,69204,29,0,5,1,72,,69193,29,0,5,1,30,,69216,29,0,5,2,70,,69205,29,0,5,1,32,,69194,29,0,5,1,70,,69217,29,0,5,2,31,,69206,29,0,5,1,71,,69195,29,0,5,1,30,,69218,29,0,5,2,70,,69207,29,0,5,1,30,,69196,29,0,5,1,69,,69219,29,0,5,2,29,,69208,29,0,5,1,68,,69197,29,0,5,1,29,,69220,29,0,5,2,69,,69209,29,0,5,1,29,,69198,29,0,5,1,69,,69221,29,0,5,2,30,,69210,29,0,5,1,70,,69199,29,0,5,1,30,,69222,29,0,5,2,69,,69211,29,0,5,1,30,,69200,29,0,5,1,70,,69223,29,0,5,2
20301,'H60J000S-98-S',614,,69235,29,0,5,2,34,,69225,29,0,5,1,67,,69236,29,0,5,1,29,,69224,29,0,5,2,70,,69245,29,0,5,2,26,,69226,29,0,5,1,11,,69246,29,0,5,1,72,,69244,29,0,5,1,32,,69231,29,0,5,1,72,,69227,29,0,5,1,32,,69247,29,0,5,1,72,,69242,29,0,5,1,71,,69232,29,0,5,1,29,,69228,29,0,5,1,70,,69230,29,0,5,1,29,,69233,29,0,5,1,29,,69241,29,0,5,1,69,,69229,29,0,5,1,30,,69253,29,0,5,1,72,,69259,29,0,5,1,74,,69234,29,0,5,1,25,,69248,29,0,5,2,25,,69254,29,0,5,1,63,,69243,29,0,5,1,32,,69258,29,0,5,1,104,,69255,29,0,5,1,71,,69249,29,0,5,1,30,,69237,29,0,5,1,72,,69256,29,0,5,1,31,,69250,29,0,5,1,70,,69238,29,0,5,1,30,,69257,29,0,5,1,71,,69251,29,0,5,1,27,,69239,29,0,5,1,69,,69260,29,0,5,1,28,,69252,29,0,5,1,68,,69240,29,0,5,1
20301,'H60JV00A-80-A',620,,69261,29,0,5,2,30,,69279,29,0,5,1,71,,69293,29,0,5,1,30,,69262,29,0,5,2,71,,69280,29,0,5,1,30,,69294,29,0,5,1,70,,69263,29,0,5,2,32,,69281,29,0,5,1,73,,69295,29,0,5,1,32,,69264,29,0,5,2,73,,69282,29,0,5,1,73,,69296,29,0,5,1,33,,69265,29,0,5,2,73,,69283,29,0,5,1,30,,69290,29,0,5,2,69,,69297,29,0,5,1,29,,69266,29,0,5,2,69,,69284,29,0,5,1,29,,69291,29,0,5,2,69,,69273,29,0,5,1,30,,69267,29,0,5,2,70,,69285,29,0,5,1,30,,69292,29,0,5,2,67,,69274,29,0,5,1,30,,69268,29,0,5,2,71,,69286,29,0,5,1,29,,69275,29,0,5,1,70,,69269,29,0,5,2,29,,69287,29,0,5,1,69,,69276,29,0,5,1,29,,69270,29,0,5,2,29,,69288,29,0,5,1,68,,69277,29,0,5,1,28,,69271,29,0,5,2,68,,69289,29,0,5,1,28,,69278,29,0,5,1,68,,69272,29,0,5,2
20301,'H60JV00I-80-I',720,,69298,29,0,5,1,30,,69321,29,0,5,2,70,,69310,29,0,5,1,30,,69299,29,0,5,1,70,,69322,29,0,5,2,30,,69311,29,0,5,1,70,,69300,29,0,5,1,30,,69323,29,0,5,2,70,,69312,29,0,5,1,30,,69301,29,0,5,1,70,,69324,29,0,5,2,30,,69313,29,0,5,1,72,,69302,29,0,5,1,30,,69325,29,0,5,2,70,,69314,29,0,5,1,32,,69303,29,0,5,1,70,,69326,29,0,5,2,31,,69315,29,0,5,1,71,,69304,29,0,5,1,30,,69327,29,0,5,2,70,,69316,29,0,5,1,30,,69305,29,0,5,1,69,,69328,29,0,5,2,29,,69317,29,0,5,1,68,,69306,29,0,5,1,29,,69329,29,0,5,2,69,,69318,29,0,5,1,29,,69307,29,0,5,1,69,,69330,29,0,5,2,30,,69319,29,0,5,1,70,,69308,29,0,5,1,30,,69331,29,0,5,2,69,,69320,29,0,5,1,30,,69309,29,0,5,1,70,,69332,29,0,5,2
20301,'H60JV00S-98-S',614,,69369,29,0,5,2,34,,69363,29,0,5,1,67,,69343,29,0,5,1,29,,69366,29,0,5,2,70,,69344,29,0,5,2,26,,69364,29,0,5,1,11,,69339,29,0,5,1,72,,69367,29,0,5,1,32,,69352,29,0,5,1,72,,69365,29,0,5,1,32,,69340,29,0,5,1,72,,69341,29,0,5,1,71,,69353,29,0,5,1,29,,69350,29,0,5,1,70,,69334,29,0,5,1,29,,69354,29,0,5,1,29,,69355,29,0,5,1,69,,69351,29,0,5,1,30,,69345,29,0,5,1,72,,69357,29,0,5,1,74,,69333,29,0,5,1,25,,69368,29,0,5,2,25,,69346,29,0,5,1,63,,69342,29,0,5,1,32,,69356,29,0,5,1,104,,69347,29,0,5,1,71,,69335,29,0,5,1,30,,69359,29,0,5,1,72,,69348,29,0,5,1,31,,69336,29,0,5,1,70,,69360,29,0,5,1,30,,69349,29,0,5,1,71,,69337,29,0,5,1,27,,69361,29,0,5,1,69,,69358,29,0,5,1,28,,69338,29,0,5,1,68,,69362,29,0,5,1
