6801,'H60U000A-85-A',556,,238417,35,0,5,1,69,,238418,35,0,5,1,30,,238435,35,0,5,2,72,,238422,35,0,5,2,32,,238419,35,0,5,1,72,,238436,35,0,5,2,70,,238423,35,0,5,2,31,,238420,35,0,5,1,72,,238437,35,0,5,2,30,,238424,35,0,5,2,73,,238448,35,0,5,1,32,,238438,35,0,5,2,71,,238425,35,0,5,2,31,,238449,35,0,5,1,69,,238421,35,0,5,1,32,,238439,35,0,5,2,71,,238426,35,0,5,1,29,,238450,35,0,5,1,72,,238440,35,0,5,2,31,,238427,35,0,5,1,69,,238451,35,0,5,1,32,,238441,35,0,5,2,71,,238428,35,0,5,1,29,,238452,35,0,5,1,72,,238442,35,0,5,2,31,,238429,35,0,5,1,68,,238453,35,0,5,1,30,,238445,35,0,5,2,71,,238430,35,0,5,1,29,,238454,35,0,5,1,70,,238446,35,0,5,2,27,,238431,35,0,5,1,68,,238455,35,0,5,1,29,,238443,35,0,5,2,67,,238432,35,0,5,1,28,,238457,35,0,5,1,70,,238444,35,0,5,2,33,,238433,35,0,5,1,72,,238456,35,0,5,1,31,,238447,35,0,5,2,70,,238434,35,0,5,1
6801,'H60U000I-84-I',622,,238458,35,0,5,1,32,,238480,35,0,5,2,72,,238493,35,0,5,1,33,,238459,35,0,5,1,73,,238481,35,0,5,2,73,,238494,35,0,5,1,33,,238460,35,0,5,1,71,,238482,35,0,5,2,28,,238495,35,0,5,1,69,,238461,35,0,5,1,30,,238483,35,0,5,2,70,,238471,35,0,5,1,31,,238462,35,0,5,1,70,,238484,35,0,5,2,30,,238472,35,0,5,1,70,,238463,35,0,5,1,30,,238485,35,0,5,2,70,,238473,35,0,5,1,30,,238464,35,0,5,1,70,,238486,35,0,5,2,30,,238474,35,0,5,1,70,,238465,35,0,5,1,30,,238487,35,0,5,2,70,,238475,35,0,5,1,30,,238466,35,0,5,1,70,,238488,35,0,5,2,30,,238476,35,0,5,1,67,,238467,35,0,5,1,29,,238489,35,0,5,2,70,,238477,35,0,5,1,27,,238468,35,0,5,1,27,,238490,35,0,5,2,70,,238478,35,0,5,1,27,,238469,35,0,5,1,68,,238491,35,0,5,2,35,,238479,35,0,5,1,75,,238470,35,0,5,1,75,,238492,35,0,5,2,35,,238496,35,0,5,1
6801,'H60U000S-86-S',542,,238504,35,0,5,1,78,,238497,35,0,5,1,37,,238513,35,0,5,2,61,,238505,35,0,5,1,12,,238525,27,0,5,2,19,,238498,35,0,5,2,52,,238522,27,0,5,2,24,,238514,35,0,5,1,25,,238526,35,0,5,1,64,,238523,35,0,5,1,25,,238499,35,0,5,2,65,,238515,35,0,5,1,30,,238527,35,0,5,1,68,,238524,35,0,5,1,27,,238500,35,0,5,2,71,,238516,35,0,5,1,32,,238511,35,0,5,1,72,,238501,35,0,5,2,32,,238517,35,0,5,1,71,,238512,35,0,5,1,32,,238502,35,0,5,2,65,,238532,35,0,5,2,28,,238518,35,0,5,1,68,,238506,35,0,5,1,26,,238503,35,0,5,2,29,,238533,35,0,5,2,72,,238519,35,0,5,1,73,,238539,35,0,5,1,30,,238528,35,0,5,1,27,,238534,35,0,5,2,68,,238520,35,0,5,1,33,,238507,35,0,5,1,73,,238535,35,0,5,2,27,,238521,35,0,5,1,72,,238508,35,0,5,1,73,,238536,35,0,5,2,30,,238529,35,0,5,1,72,,238509,35,0,5,1,31,,238537,35,0,5,2,73,,238530,35,0,5,1,33,,238510,35,0,5,1,73,,238538,35,0,5,2,30,,238531,35,0,5,1
6801,'H60U100F-85-F1',622,,238540,35,0,5,1,32,,238564,35,0,5,1,72,,238565,35,0,5,2,33,,238541,35,0,5,1,73,,238553,35,0,5,1,73,,238566,35,0,5,2,33,,238542,35,0,5,1,71,,238554,35,0,5,1,28,,238567,35,0,5,2,69,,238543,35,0,5,1,30,,238555,35,0,5,1,70,,238570,35,0,5,2,31,,238544,35,0,5,1,70,,238556,35,0,5,1,30,,238568,35,0,5,2,70,,238545,35,0,5,1,30,,238557,35,0,5,1,70,,238569,35,0,5,2,30,,238546,35,0,5,1,70,,238558,35,0,5,1,30,,238571,35,0,5,2,70,,238547,35,0,5,1,30,,238559,35,0,5,1,70,,238572,35,0,5,1,30,,238548,35,0,5,1,70,,238560,35,0,5,1,30,,238573,35,0,5,1,67,,238549,35,0,5,1,29,,238562,35,0,5,1,70,,238574,35,0,5,1,27,,238550,35,0,5,1,27,,238561,35,0,5,1,70,,238575,35,0,5,1,27,,238551,35,0,5,1,68,,238563,35,0,5,1,35,,238576,35,0,5,1,75,,238552,35,0,5,1,75,,238577,35,0,5,2,35,,238578,35,0,5,1
6801,'H60U200F-83-F2',622,,238579,35,0,5,1,32,,238603,35,0,5,1,72,,238604,35,0,5,2,33,,238580,35,0,5,1,73,,238592,35,0,5,1,73,,238605,35,0,5,2,33,,238581,35,0,5,1,71,,238593,35,0,5,1,28,,238606,35,0,5,2,69,,238582,35,0,5,1,30,,238594,35,0,5,1,70,,238609,35,0,5,2,31,,238583,35,0,5,1,70,,238595,35,0,5,1,30,,238607,35,0,5,2,70,,238584,35,0,5,1,30,,238596,35,0,5,1,70,,238608,35,0,5,2,30,,238585,35,0,5,1,70,,238597,35,0,5,1,30,,238610,35,0,5,2,70,,238586,35,0,5,1,30,,238598,35,0,5,1,70,,238611,35,0,5,1,30,,238587,35,0,5,1,70,,238599,35,0,5,1,30,,238612,35,0,5,1,67,,238588,35,0,5,1,29,,238601,35,0,5,1,70,,238613,35,0,5,1,27,,238589,35,0,5,1,27,,238600,35,0,5,1,70,,238614,35,0,5,1,27,,238590,35,0,5,1,68,,238602,35,0,5,1,35,,238615,35,0,5,1,75,,238591,35,0,5,1,75,,238616,35,0,5,2,35,,238617,35,0,5,1
37601,'H60U000A-85-A',2450,,277868,12,0,5,1,85,,277867,12,0,5,2,85,,277866,12,0,5,1,85,,277870,12,0,5,1,45,,277869,12,0,5,1
37601,'H60U000I-84-I',2450,,277874,12,0,5,1,85,,277871,12,0,5,1,85,,277872,12,0,5,2,85,,277873,12,0,5,1,45,,277875,12,0,5,1
37601,'H60U000S-86-S',2449,,277876,12,0,5,1,85,,277878,12,0,5,1,85,,277880,12,0,5,2,85,,277879,12,0,5,1,45,,277877,12,0,5,1
37601,'H60U100F-85-F1',2450,,277883,12,0,5,1,85,,277881,12,0,5,1,85,,277882,12,0,5,1,85,,277885,12,0,5,1,45,,277884,12,0,5,1
37601,'H60U200F-83-F2',2450,,277888,12,0,5,1,85,,277886,12,0,5,1,85,,277887,12,0,5,1,85,,277890,12,0,5,1,45,,277889,12,0,5,1
