19202,'H50M000S-70-S',716,,144719,37,0,10,1
19202,'H51M000S-70-S',821,,144720,25,0,10,1,799,,144721,37,0,10,2,113,,144722,37,0,10,2
19202,'H54M000A-70-A',509,,144723,37,0,10,1,31,,144744,37,0,10,2,70,,144724,37,0,10,1,31,,144732,37,0,10,1,71,,144745,37,0,10,1,30,,144725,37,0,10,1,69,,144733,37,0,10,1,29,,144746,37,0,10,1,69,,144726,37,0,10,1,30,,144734,37,0,10,1,70,,144747,37,0,10,1,31,,144727,37,0,10,1,70,,144735,37,0,10,1,33,,144748,37,0,10,1,76,,144728,37,0,10,1,32,,144736,37,0,10,1,71,,144749,37,0,10,1,31,,144756,37,0,10,1,71,,144729,37,0,10,1,31,,144737,37,0,10,1,71,,144750,37,0,10,1,30,,144757,37,0,10,1,67,,144730,37,0,10,1,27,,144738,37,0,10,1,68,,144751,37,0,10,1,28,,144758,37,0,10,1,68,,144731,37,0,10,1,31,,144739,37,0,10,1,70,,144752,37,0,10,1,29,,144759,37,0,10,1,69,,144740,37,0,10,1,30,,144753,37,0,10,1,69,,144760,37,0,10,1,30,,144741,37,0,10,1,70,,144754,37,0,10,1,30,,144761,37,0,10,1,71,,144742,37,0,10,1,30,,144755,37,0,10,1,72,,144762,37,0,10,1,32,,144743,37,0,10,1,81,,144763,37,0,10,1
19202,'H54M000I-70-I',507,,144764,37,0,10,1,31,,144780,37,0,10,2,71,,144773,37,0,10,1,32,,144765,37,0,10,1,69,,144781,37,0,10,2,29,,144774,37,0,10,1,70,,144766,37,0,10,1,32,,144782,37,0,10,2,71,,144772,37,0,10,1,30,,144767,37,0,10,1,70,,144783,37,0,10,2,30,,144775,37,0,10,1,70,,144768,37,0,10,1,30,,144784,37,0,10,2,71,,144776,37,0,10,1,31,,144769,37,0,10,1,70,,144785,37,0,10,2,30,,144797,37,0,10,1,70,,144777,37,0,10,1,30,,144770,37,0,10,1,69,,144786,37,0,10,2,30,,144798,37,0,10,1,70,,144778,37,0,10,1,30,,144771,37,0,10,1,70,,144787,37,0,10,2,31,,144799,37,0,10,1,69,,144779,37,0,10,1,30,,144788,37,0,10,2,69,,144800,37,0,10,1,30,,144793,37,0,10,1,69,,144789,37,0,10,2,29,,144801,37,0,10,1,69,,144794,37,0,10,1,29,,144790,37,0,10,2,70,,144802,37,0,10,1,30,,144795,37,0,10,1,70,,144791,37,0,10,2,30,,144803,37,0,10,1,70,,144796,37,0,10,1,31,,144792,37,0,10,2,70,,144804,37,0,10,1
19202,'H54M000S-70-S',511,,144805,37,0,10,1,24,,144811,37,0,10,1,24,,144826,37,0,10,1,64,,144827,37,0,10,1,18,,144829,37,0,10,1,16,,144806,37,0,10,1,79,,144812,37,0,10,1,20,,144823,37,0,10,1,50,,144840,25,0,10,1,5,,144828,37,0,10,1,16,,144830,37,0,10,1,29,,144807,37,0,10,1,69,,144813,37,0,10,1,27,,144824,37,0,10,1,70,,144831,37,0,10,1,30,,144808,37,0,10,1,70,,144814,37,0,10,1,30,,144841,37,0,10,2,70,,144832,37,0,10,1,30,,144809,37,0,10,1,69,,144815,37,0,10,1,30,,144842,37,0,10,2,70,,144833,37,0,10,1,29,,144810,37,0,10,1,70,,144816,37,0,10,1,81,,144844,37,0,10,1,38,,144834,37,0,10,1,19,,144825,37,0,10,1,58,,144817,37,0,10,1,35,,144843,37,0,10,1,66,,144845,37,0,10,2,28,,144835,37,0,10,1,69,,144818,37,0,10,1,31,,144846,37,0,10,1,71,,144836,37,0,10,1,28,,144819,37,0,10,1,69,,144847,37,0,10,1,30,,144837,37,0,10,1,70,,144820,37,0,10,1,30,,144848,37,0,10,1,70,,144838,37,0,10,1,30,,144821,37,0,10,1,70,,144849,37,0,10,1,29,,144839,37,0,10,1,67,,144822,37,0,10,1
19202,'H54M100F-70-F1',509,,144858,37,0,10,1,31,,144859,37,0,10,1,70,,144851,37,0,10,1,31,,144860,37,0,10,2,71,,144872,37,0,10,1,30,,144850,37,0,10,1,69,,144861,37,0,10,2,29,,144873,37,0,10,1,69,,144852,37,0,10,1,30,,144862,37,0,10,2,70,,144874,37,0,10,1,31,,144853,37,0,10,1,70,,144863,37,0,10,2,33,,144875,37,0,10,1,76,,144854,37,0,10,1,32,,144864,37,0,10,2,71,,144876,37,0,10,1,31,,144884,37,0,10,1,71,,144855,37,0,10,1,31,,144865,37,0,10,2,71,,144877,37,0,10,1,30,,144885,37,0,10,1,67,,144856,37,0,10,1,27,,144866,37,0,10,2,68,,144878,37,0,10,1,28,,144886,37,0,10,1,68,,144857,37,0,10,1,31,,144867,37,0,10,2,70,,144882,37,0,10,1,29,,144887,37,0,10,1,69,,144868,37,0,10,2,30,,144879,37,0,10,1,69,,144888,37,0,10,1,30,,144869,37,0,10,2,70,,144880,37,0,10,1,30,,144889,37,0,10,1,71,,144870,37,0,10,2,30,,144881,37,0,10,1,72,,144890,37,0,10,1,32,,144871,37,0,10,2,62,,144883,37,0,10,1
19202,'H54M200F-70-F2',507,,144891,37,0,10,1,31,,144908,37,0,10,2,71,,144899,37,0,10,2,32,,144892,37,0,10,1,69,,144909,37,0,10,2,29,,144900,37,0,10,2,70,,144893,37,0,10,1,32,,144910,37,0,10,2,71,,144901,37,0,10,2,30,,144894,37,0,10,1,70,,144911,37,0,10,2,30,,144902,37,0,10,2,70,,144895,37,0,10,1,30,,144912,37,0,10,2,71,,144903,37,0,10,2,31,,144896,37,0,10,1,70,,144913,37,0,10,2,30,,144924,37,0,10,1,70,,144904,37,0,10,2,30,,144897,37,0,10,1,69,,144914,37,0,10,2,30,,144925,37,0,10,1,70,,144905,37,0,10,2,30,,144898,37,0,10,1,70,,144915,37,0,10,2,31,,144926,37,0,10,1,69,,144906,37,0,10,2,30,,144916,37,0,10,2,69,,144927,37,0,10,1,30,,144907,37,0,10,2,69,,144917,37,0,10,2,29,,144928,37,0,10,1,69,,144921,37,0,10,1,29,,144918,37,0,10,2,70,,144929,37,0,10,1,30,,144922,37,0,10,1,70,,144919,37,0,10,2,30,,144930,37,0,10,1,70,,144923,37,0,10,1,31,,144920,37,0,10,2,70,,144931,37,0,10,1
19202,'H54M300F-80-F3',507,,174112,37,0,10,2,31,,174079,37,0,10,1,71,,174100,37,0,10,1,32,,174113,37,0,10,2,69,,174080,37,0,10,1,29,,174101,37,0,10,1,70,,174114,37,0,10,2,32,,174081,37,0,10,1,71,,174102,37,0,10,1,30,,174115,37,0,10,2,70,,174082,37,0,10,1,30,,174103,37,0,10,1,70,,174116,37,0,10,2,30,,174083,37,0,10,1,71,,174104,37,0,10,1,31,,174117,37,0,10,2,70,,174084,37,0,10,1,30,,174092,37,0,10,2,70,,174105,37,0,10,1,30,,174118,37,0,10,2,69,,174085,37,0,10,1,30,,174093,37,0,10,2,70,,174106,37,0,10,1,30,,174119,37,0,10,2,70,,174086,37,0,10,1,31,,174094,37,0,10,2,69,,174107,37,0,10,1,30,,174087,37,0,10,1,69,,174095,37,0,10,2,30,,174108,37,0,10,1,69,,174088,37,0,10,1,29,,174096,37,0,10,2,69,,174109,37,0,10,1,29,,174089,37,0,10,1,70,,174097,37,0,10,2,30,,174110,37,0,10,1,70,,174090,37,0,10,1,30,,174098,37,0,10,2,70,,174111,37,0,10,1,31,,174091,37,0,10,1,70,,174099,37,0,10,2
19202,'H57M000S-70-S',1541,,144973,37,0,10,2
19202,'H58M000S-70-S',754,,144974,25,0,10,1
46002,'H56M000S-70-S',1855,,157789,11,0,10,1
46002,'H57M000S-70-S',523,,157790,12,0,10,1,5,,157791,12,0,10,1,10,,157792,12,0,10,1,12,,157793,12,0,10,1,2,,157796,3,0,10,2,4,,157794,12,0,10,2,44,,157795,12,0,10,1
46002,'H58M000S-70-S',518,,157801,12,0,10,2,12,,157803,12,0,10,1,3,,157805,12,0,10,1,14,,157808,12,0,10,1,6,,157810,12,0,10,2,51,,157814,12,0,10,2,5,,157817,12,0,10,2,3,,157824,3,0,10,2,5,,157820,12,0,10,2,9,,157819,12,0,10,2,4,,157798,12,0,10,2,5,,157799,12,0,10,2,5,,157827,3,0,10,2,4,,157807,12,0,10,2,6,,157804,12,0,10,2,5,,157802,12,0,10,1,3,,157826,12,0,10,2,43,,157797,12,0,10,2,3,,157800,12,0,10,2,6,,157806,12,0,10,2,3,,157812,3,0,10,2,3,,157811,12,0,10,2,3,,157823,3,0,10,2,6,,157821,12,0,10,2,4,,157830,3,0,10,1,3,,157813,12,0,10,2,5,,157822,3,0,10,2,7,,157829,12,0,10,2,10,,157816,12,0,10,2,57,,157831,12,0,10,1,20,,157825,12,0,10,2,27,,157815,12,0,10,2,65,,157833,12,0,10,2,22,,157832,12,0,10,2,581,,157835,11,0,10,2,28,,157809,11,0,10,1,72,,157837,11,0,10,2,32,,157834,11,0,10,1,71,,157838,11,0,10,2,28,,157839,11,0,10,2,67,,157840,11,0,10,1,100,,157836,11,0,10,2
46002,'H58M100F-70-F1',523,,157845,12,0,10,1,15,,157841,12,0,10,2,9,,157844,12,0,10,1,9,,157857,3,0,10,2,49,,157849,12,0,10,1,8,,157842,3,0,10,1,10,,157847,12,0,10,1,12,,157860,12,0,10,2,9,,157863,3,0,10,2,10,,157843,12,0,10,2,48,,157854,3,0,10,1,10,,157855,12,0,10,2,10,,157868,12,0,10,1,10,,157853,12,0,10,2,17,,157856,12,0,10,2,53,,157850,3,0,10,1,16,,157859,12,0,10,2,23,,157846,12,0,10,1,63,,157858,12,0,10,2,21,,157848,12,0,10,1,601,,157862,11,0,10,2,28,,157864,11,0,10,2,72,,157852,11,0,10,1,32,,157861,11,0,10,1,71,,157865,11,0,10,1,30,,157866,11,0,10,2,67,,157869,11,0,10,1,29,,157867,11,0,10,2,69,,157851,11,0,10,1
46002,'H58M200F-70-F2',523,,157874,12,0,10,1,15,,157870,12,0,10,2,9,,157873,12,0,10,1,9,,157886,3,0,10,2,49,,157878,12,0,10,1,8,,157871,3,0,10,1,10,,157876,12,0,10,1,12,,157889,12,0,10,2,9,,157892,3,0,10,2,10,,157872,12,0,10,2,48,,157883,3,0,10,1,10,,157884,12,0,10,2,10,,157897,12,0,10,1,10,,157882,12,0,10,2,17,,157885,12,0,10,2,53,,157879,3,0,10,1,16,,157888,12,0,10,2,23,,157875,12,0,10,1,63,,157887,12,0,10,2,21,,157877,12,0,10,1,601,,157891,11,0,10,2,28,,157893,11,0,10,2,72,,157881,11,0,10,1,32,,157890,11,0,10,1,71,,157894,11,0,10,1,30,,157895,11,0,10,2,67,,157898,11,0,10,1,29,,157896,11,0,10,2,69,,157880,11,0,10,1
46002,'H58M300F-80-F3',523,,176316,12,0,10,1,15,,176321,12,0,10,2,9,,176313,12,0,10,2,9,,176327,3,0,10,2,49,,176320,12,0,10,1,8,,176310,3,0,10,1,10,,176318,12,0,10,1,12,,176323,12,0,10,2,9,,176337,3,0,10,2,10,,176330,12,0,10,2,48,,176324,3,0,10,2,10,,176325,12,0,10,2,10,,176315,12,0,10,1,10,,176314,12,0,10,1,17,,176326,12,0,10,2,53,,176312,3,0,10,2,16,,176329,12,0,10,2,23,,176317,12,0,10,1,63,,176328,12,0,10,2,21,,176319,12,0,10,1,601,,176332,11,0,10,2,28,,176309,11,0,10,2,72,,176322,11,0,10,1,32,,176331,11,0,10,1,71,,176334,11,0,10,2,30,,176335,11,0,10,2,67,,176336,11,0,10,1,29,,176333,11,0,10,2,69,,176311,11,0,10,2
46002,'H59M000S-70-S',543,,157928,12,0,10,1
46002,'H60M000S-71-S',800,,157929,3,0,10,2
