10401,'H56U000A-80-A',623,,247243,2,0,5,2,34,,247252,2,0,5,2,57,,247246,2,0,5,1,35,,247244,2,0,5,2,74,,247253,2,0,5,2,21,,247247,2,0,5,1,76,,247245,2,0,5,2,80,,247254,2,0,5,2,28,,247248,2,0,5,1,72,,247264,2,0,5,2,41,,247255,2,0,5,2,68,,247249,2,0,5,1,37,,247265,2,0,5,2,79,,247256,2,0,5,2,29,,247250,2,0,5,1,77,,247266,2,0,5,2,78,,247257,2,0,5,2,29,,247251,2,0,5,1,77,,247267,2,0,5,2,38,,247258,2,0,5,2,71,,247272,2,0,5,1,32,,247268,2,0,5,2,79,,247259,2,0,5,2,70,,247273,2,0,5,1,31,,247269,2,0,5,2,74,,247260,2,0,5,2,30,,247274,2,0,5,1,70,,247270,2,0,5,2,33,,247261,2,0,5,2,68,,247275,2,0,5,1,29,,247271,2,0,5,2,73,,247262,2,0,5,2,30,,247276,2,0,5,1,68,,247278,2,0,5,1,28,,247263,2,0,5,2,69,,247277,2,0,5,1
10401,'H56U000I-80-I',637,,247310,2,0,5,1,70,,247279,2,0,5,1,40,,247303,2,0,5,1,76,,247306,2,0,5,1,14,,247311,2,0,5,2,79,,247304,2,0,5,1,84,,247307,2,0,5,1,38,,247299,2,0,5,1,15,,247305,2,0,5,1,82,,247308,2,0,5,1,83,,247300,2,0,5,1,40,,247280,2,0,5,1,56,,247309,2,0,5,1,45,,247301,2,0,5,1,81,,247281,2,0,5,1,82,,247293,2,0,5,1,20,,247302,2,0,5,1,81,,247282,2,0,5,1,82,,247294,2,0,5,1,40,,247288,2,0,5,2,56,,247283,2,0,5,1,38,,247295,2,0,5,1,83,,247289,2,0,5,2,33,,247284,2,0,5,1,59,,247296,2,0,5,1,37,,247290,2,0,5,2,73,,247285,2,0,5,1,32,,247297,2,0,5,1,73,,247291,2,0,5,2,72,,247286,2,0,5,1,33,,247298,2,0,5,1,73,,247292,2,0,5,2,33,,247287,2,0,5,1
10401,'H56U000S-81-S',614,,247323,2,0,5,2,25,,247312,2,0,5,1,10,,247352,2,0,5,2,52,,247347,2,0,5,1,5,,247325,2,0,5,2,6,,247351,2,0,5,1,6,,247349,2,0,5,1,6,,247334,2,0,5,1,6,,247348,2,0,5,2,6,,247353,2,0,5,1,6,,247326,2,0,5,2,63,,247350,2,0,5,1,13,,247324,2,0,5,2,30,,247339,2,0,5,1,76,,247335,2,0,5,1,76,,247330,2,0,5,1,35,,247340,2,0,5,1,76,,247336,2,0,5,1,36,,247331,2,0,5,1,76,,247341,2,0,5,1,36,,247337,2,0,5,1,79,,247332,2,0,5,1,76,,247342,2,0,5,1,38,,247338,2,0,5,1,82,,247333,2,0,5,1,77,,247320,2,0,5,1,37,,247343,2,0,5,2,81,,247345,2,0,5,2,80,,247321,2,0,5,1,39,,247344,2,0,5,2,74,,247346,2,0,5,2,35,,247322,2,0,5,1,70,,247313,2,0,5,1,32,,247317,2,0,5,1,73,,247327,2,0,5,2,70,,247314,2,0,5,1,31,,247318,2,0,5,1,71,,247328,2,0,5,2,29,,247315,2,0,5,1,69,,247319,2,0,5,1,28,,247329,2,0,5,2,26,,247316,2,0,5,1
10401,'H56U100F-80-F1',637,,247385,2,0,5,1,70,,247354,2,0,5,1,40,,247378,2,0,5,1,76,,247381,2,0,5,1,14,,247386,2,0,5,2,79,,247379,2,0,5,1,84,,247382,2,0,5,1,38,,247374,2,0,5,1,15,,247380,2,0,5,1,82,,247383,2,0,5,1,83,,247375,2,0,5,1,40,,247355,2,0,5,1,56,,247384,2,0,5,1,45,,247376,2,0,5,1,81,,247356,2,0,5,1,82,,247368,2,0,5,1,20,,247377,2,0,5,1,81,,247357,2,0,5,1,82,,247369,2,0,5,1,40,,247363,2,0,5,2,56,,247358,2,0,5,1,38,,247370,2,0,5,1,83,,247364,2,0,5,2,33,,247359,2,0,5,1,59,,247371,2,0,5,1,37,,247365,2,0,5,2,73,,247360,2,0,5,1,32,,247372,2,0,5,1,73,,247366,2,0,5,2,72,,247361,2,0,5,1,33,,247373,2,0,5,1,73,,247367,2,0,5,2,33,,247362,2,0,5,1
10401,'H56U200F-80-F2',637,,247418,2,0,5,1,70,,247387,2,0,5,1,40,,247411,2,0,5,1,76,,247414,2,0,5,1,14,,247419,2,0,5,2,79,,247412,2,0,5,1,84,,247415,2,0,5,1,38,,247407,2,0,5,1,15,,247413,2,0,5,1,82,,247416,2,0,5,1,83,,247408,2,0,5,1,40,,247388,2,0,5,1,56,,247417,2,0,5,1,45,,247409,2,0,5,1,81,,247389,2,0,5,1,82,,247401,2,0,5,1,20,,247410,2,0,5,1,81,,247390,2,0,5,1,82,,247402,2,0,5,1,40,,247396,2,0,5,2,56,,247391,2,0,5,1,38,,247403,2,0,5,1,83,,247397,2,0,5,2,33,,247392,2,0,5,1,59,,247404,2,0,5,1,37,,247398,2,0,5,2,73,,247393,2,0,5,1,32,,247405,2,0,5,1,73,,247399,2,0,5,2,72,,247394,2,0,5,1,33,,247406,2,0,5,1,73,,247400,2,0,5,2,33,,247395,2,0,5,1
13801,'H56U000A-80-A',602,,256092,2,0,5,1,39,,256083,2,0,5,1,81,,256093,2,0,5,1,84,,256084,2,0,5,1,43,,256094,2,0,5,1,84,,256085,2,0,5,1,87,,256095,2,0,5,1,88,,256086,2,0,5,1,49,,256096,2,0,5,1,88,,256087,2,0,5,1,92,,256097,2,0,5,1,88,,256088,2,0,5,1,90,,256098,2,0,5,1,90,,256089,2,0,5,1,50,,256099,2,0,5,1,89,,256090,2,0,5,1,86,,256100,2,0,5,1,86,,256091,2,0,5,1,86,,256101,2,0,5,1
13801,'H56U000I-80-I',610,,256110,2,0,5,1,38,,256102,2,0,5,1,79,,256111,2,0,5,1,80,,256103,2,0,5,1,44,,256106,2,0,5,1,86,,256104,2,0,5,1,82,,256107,2,0,5,1,88,,256105,2,0,5,1,49,,256108,2,0,5,1,83,,256112,2,0,5,1,90,,256109,2,0,5,1,88,,256113,2,0,5,1,89,,256118,2,0,5,1,47,,256114,2,0,5,1,89,,256119,2,0,5,1,86,,256115,2,0,5,1,89,,256120,2,0,5,1,85,,256116,2,0,5,1,45,,256121,2,0,5,1,85,,256117,2,0,5,1
13801,'H56U000S-81-S',549,,256128,2,0,5,1,80,,256126,2,0,5,1,27,,256127,2,0,5,1,71,,256124,2,0,5,1,25,,256125,2,0,5,1,79,,256122,2,0,5,1,76,,256146,2,0,5,1,35,,256156,2,0,5,1,75,,256123,2,0,5,1,36,,256147,2,0,5,1,76,,256129,2,0,5,1,76,,256138,2,0,5,1,36,,256148,2,0,5,1,76,,256130,2,0,5,1,38,,256139,2,0,5,1,76,,256149,2,0,5,1,76,,256131,2,0,5,1,41,,256140,2,0,5,1,82,,256150,2,0,5,1,79,,256132,2,0,5,1,40,,256141,2,0,5,1,80,,256151,2,0,5,1,75,,256133,2,0,5,1,35,,256142,2,0,5,1,73,,256152,2,0,5,1,31,,256134,2,0,5,1,72,,256143,2,0,5,1,32,,256153,2,0,5,1,70,,256135,2,0,5,1,31,,256144,2,0,5,1,70,,256154,2,0,5,1,30,,256136,2,0,5,1,68,,256145,2,0,5,1,27,,256155,2,0,5,1,65,,256137,2,0,5,1
13801,'H56U100F-80-F1',610,,256165,2,0,5,1,38,,256157,2,0,5,1,79,,256166,2,0,5,1,80,,256158,2,0,5,1,44,,256161,2,0,5,1,86,,256159,2,0,5,1,82,,256162,2,0,5,1,88,,256160,2,0,5,1,49,,256163,2,0,5,1,83,,256167,2,0,5,1,90,,256164,2,0,5,1,88,,256168,2,0,5,1,89,,256173,2,0,5,1,47,,256169,2,0,5,1,89,,256174,2,0,5,1,86,,256170,2,0,5,1,89,,256175,2,0,5,1,85,,256171,2,0,5,1,45,,256176,2,0,5,1,85,,256172,2,0,5,1
13801,'H56U200F-80-F2',610,,256185,2,0,5,1,38,,256177,2,0,5,1,79,,256186,2,0,5,1,80,,256178,2,0,5,1,44,,256181,2,0,5,1,86,,256179,2,0,5,1,82,,256182,2,0,5,1,88,,256180,2,0,5,1,49,,256183,2,0,5,1,83,,256187,2,0,5,1,90,,256184,2,0,5,1,88,,256188,2,0,5,1,89,,256193,2,0,5,1,47,,256189,2,0,5,1,89,,256194,2,0,5,1,86,,256190,2,0,5,1,89,,256195,2,0,5,1,85,,256191,2,0,5,1,45,,256196,2,0,5,1,85,,256192,2,0,5,1
