10800,'H56M000A-70-A',516,,122068,22,,,1,29,,122088,22,,,1,69,,122069,22,,,1,29,,122089,22,,,1,71,,122070,22,,,1,31,,122090,22,,,1,74,,122071,22,,,1,30,,122091,22,,,1,70,,122072,22,,,1,30,,122092,22,,,1,70,,122073,22,,,1,30,,122093,22,,,1,72,,122074,22,,,1,31,,122094,22,,,1,72,,122075,22,,,1,32,,122095,22,,,1,72,,122076,22,,,1,73,,122096,22,,,1,33,,122077,22,,,1,72,,122097,22,,,1,33,,122078,22,,,1,73,,122098,22,,,1,33,,122079,22,,,1,73,,122099,22,,,1,33,,122080,22,,,1,73,,122100,22,,,1,32,,122081,22,,,1,71,,122101,22,,,1,30,,122082,22,,,1,69,,122102,22,,,1,29,,122083,22,,,1,69,,122103,22,,,1,29,,122084,22,,,1,69,,122104,22,,,1,29,,122085,22,,,1,70,,122105,22,,,1,30,,122086,22,,,1,67,,122106,22,,,1,29,,122087,22,,,1,69,,122107,22,,,1
10800,'H56M000I-70-I',516,,122111,22,,,1,30,,122108,22,,,1,70,,122112,22,,,1,30,,122109,22,,,1,70,,122113,22,,,1,30,,122110,22,,,1,71,,122114,22,,,1,30,,122124,22,,,1,71,,122115,22,,,1,30,,122125,22,,,1,70,,122116,22,,,1,30,,122126,22,,,1,70,,122117,22,,,1,32,,122127,22,,,1,71,,122118,22,,,1,32,,122128,22,,,1,72,,122119,22,,,1,32,,122129,22,,,1,71,,122120,22,,,1,72,,122130,22,,,1,31,,122121,22,,,1,72,,122131,22,,,1,31,,122122,22,,,1,72,,122132,22,,,1,32,,122123,22,,,1,73,,122133,22,,,1,33,,122140,22,,,1,72,,122134,22,,,1,32,,122141,22,,,1,73,,122135,22,,,1,33,,122142,22,,,1,72,,122136,22,,,1,29,,122143,22,,,1,69,,122137,22,,,1,29,,122144,22,,,1,69,,122138,22,,,1,28,,122145,22,,,1,68,,122139,22,,,1,28,,122146,22,,,1
10800,'H56M000S-70-S',517,,122160,22,,,1,27,,122150,22,,,1,69,,122162,22,,,1,31,,122164,22,,,2,69,,122153,22,,,1,25,,122187,22,,,1,66,,122165,22,,,2,21,,122163,22,,,1,18,,122151,22,,,1,57,,122152,22,,,1,29,,122166,22,,,2,30,,122175,22,,,1,72,,122167,22,,,2,72,,122176,22,,,1,32,,122168,22,,,2,72,,122177,22,,,1,32,,122169,22,,,2,72,,122178,22,,,1,32,,122170,22,,,2,72,,122179,22,,,1,32,,122171,22,,,2,73,,122180,22,,,1,33,,122172,22,,,2,70,,122173,22,,,1,30,,122186,22,,,1,71,,122181,22,,,1,29,,122174,22,,,1,68,,122161,22,,,1,33,,122182,22,,,1,71,,122154,22,,,1,30,,122183,22,,,1,70,,122155,22,,,1,31,,122184,22,,,1,70,,122156,22,,,1,28,,122185,22,,,1,71,,122157,22,,,1,28,,122147,22,,,1,71,,122158,22,,,1,28,,122148,22,,,1,68,,122159,22,,,1,28,,122149,22,,,1
10800,'H56M100F-70-F1',516,,122189,22,,,1,30,,122225,22,,,1,70,,122190,22,,,1,30,,122226,22,,,1,70,,122191,22,,,1,30,,122188,22,,,1,71,,122192,22,,,1,30,,122216,22,,,1,71,,122193,22,,,1,30,,122217,22,,,1,70,,122194,22,,,1,30,,122218,22,,,1,70,,122195,22,,,1,32,,122219,22,,,1,71,,122196,22,,,1,32,,122220,22,,,1,72,,122197,22,,,1,32,,122221,22,,,1,71,,122198,22,,,1,72,,122222,22,,,1,31,,122199,22,,,1,72,,122223,22,,,1,31,,122200,22,,,1,72,,122224,22,,,1,32,,122202,22,,,1,73,,122209,22,,,2,33,,122201,22,,,1,72,,122210,22,,,2,32,,122203,22,,,1,73,,122211,22,,,2,33,,122204,22,,,1,72,,122212,22,,,2,29,,122205,22,,,1,69,,122213,22,,,2,29,,122206,22,,,1,69,,122214,22,,,2,28,,122207,22,,,1,68,,122215,22,,,2,28,,122208,22,,,1
10800,'H56M200F-70-F2',516,,122228,22,,,1,30,,122264,22,,,1,70,,122229,22,,,1,30,,122265,22,,,1,70,,122230,22,,,1,30,,122227,22,,,1,71,,122231,22,,,1,30,,122255,22,,,1,71,,122232,22,,,1,30,,122256,22,,,1,70,,122233,22,,,1,30,,122257,22,,,1,70,,122234,22,,,1,32,,122258,22,,,1,71,,122235,22,,,1,32,,122259,22,,,1,72,,122237,22,,,1,32,,122260,22,,,1,71,,122236,22,,,1,72,,122261,22,,,1,31,,122238,22,,,1,72,,122262,22,,,1,31,,122239,22,,,1,72,,122263,22,,,1,32,,122240,22,,,1,73,,122248,22,,,2,33,,122241,22,,,1,72,,122249,22,,,2,32,,122242,22,,,1,73,,122250,22,,,2,33,,122243,22,,,1,72,,122251,22,,,2,29,,122244,22,,,1,69,,122252,22,,,2,29,,122245,22,,,1,69,,122253,22,,,2,28,,122246,22,,,1,68,,122254,22,,,2,28,,122247,22,,,1
10800,'H56M300F-70-F3',516,,122269,22,,,1,30,,122266,22,,,1,70,,122270,22,,,1,30,,122267,22,,,1,70,,122271,22,,,1,30,,122268,22,,,1,71,,122272,22,,,1,30,,122282,22,,,1,71,,122274,22,,,1,30,,122283,22,,,1,70,,122273,22,,,1,30,,122284,22,,,1,70,,122275,22,,,1,32,,122285,22,,,1,71,,122276,22,,,1,32,,122286,22,,,1,72,,122277,22,,,1,32,,122287,22,,,1,71,,122278,22,,,1,72,,122288,22,,,1,31,,122279,22,,,1,72,,122289,22,,,1,31,,122280,22,,,1,72,,122290,22,,,1,32,,122281,22,,,1,73,,122291,22,,,1,33,,122298,22,,,1,72,,122292,22,,,1,32,,122299,22,,,1,73,,122293,22,,,1,33,,122300,22,,,1,72,,122294,22,,,1,29,,122301,22,,,1,69,,122295,22,,,1,29,,122302,22,,,1,69,,122296,22,,,1,28,,122303,22,,,1,68,,122297,22,,,1,28,,122304,22,,,1
35000,'H56M000A-70-A',2559,,153862,78,,,1,92,,153863,78,,,1,93,,153864,78,,,1,85,,153865,78,,,1,84,,153866,78,,,2
35000,'H56M000I-70-I',2556,,153870,78,,,1,87,,153868,78,,,1,87,,153867,78,,,1,84,,153869,78,,,1,87,,153871,78,,,2
35000,'H56M000S-70-S',2556,,153875,78,,,1,87,,153874,78,,,2,88,,153873,78,,,1,85,,153872,78,,,1,88,,153876,78,,,1
35000,'H56M100F-70-F1',2556,,153878,78,,,1,87,,153879,78,,,1,87,,153877,78,,,1,84,,153881,78,,,1,87,,153880,78,,,1
35000,'H56M200F-70-F2',2556,,153883,78,,,1,87,,153884,78,,,1,87,,153882,78,,,1,84,,153886,78,,,1,87,,153885,78,,,1
35000,'H56M300F-70-F3',2556,,153890,78,,,1,87,,153888,78,,,1,87,,153887,78,,,1,84,,153889,78,,,1,87,,153891,78,,,2
