8601,'H54J000A-80-A',651,,30183,96,0,5,1,73,,30196,96,0,5,1,33,,30174,96,0,5,2,74,,30169,96,0,5,1,72,,30190,96,0,5,1,34,,30184,96,0,5,1,73,,30199,96,0,5,1,34,,30175,96,0,5,2,72,,30170,96,0,5,1,32,,30191,96,0,5,1,74,,30185,96,0,5,1,33,,30200,96,0,5,1,73,,30176,96,0,5,2,73,,30171,96,0,5,1,33,,30192,96,0,5,1,72,,30186,96,0,5,1,33,,30201,96,0,5,1,73,,30177,96,0,5,2,31,,30172,96,0,5,1,73,,30193,96,0,5,1,32,,30187,96,0,5,1,73,,30202,96,0,5,1,30,,30178,96,0,5,2,71,,30173,96,0,5,1,33,,30194,96,0,5,1,72,,30188,96,0,5,1,73,,30203,96,0,5,1,33,,30206,96,0,5,1,73,,30180,96,0,5,1,31,,30195,96,0,5,1,72,,30189,96,0,5,1,32,,30204,96,0,5,1,71,,30197,96,0,5,1,31,,30181,96,0,5,1,71,,30179,96,0,5,1,33,,30205,96,0,5,1,72,,30198,96,0,5,1,31,,30182,96,0,5,1
8601,'H54J000I-80-I',651,,30207,96,0,5,1,72,,30215,96,0,5,1,31,,30229,96,0,5,2,71,,30230,96,0,5,2,33,,30235,96,0,5,1,73,,30208,96,0,5,1,72,,30219,96,0,5,1,34,,30224,96,0,5,1,73,,30231,96,0,5,2,33,,30236,96,0,5,1,73,,30209,96,0,5,1,32,,30220,96,0,5,1,72,,30225,96,0,5,1,32,,30232,96,0,5,2,72,,30237,96,0,5,1,32,,30210,96,0,5,1,72,,30221,96,0,5,1,73,,30226,96,0,5,1,32,,30233,96,0,5,2,71,,30238,96,0,5,1,33,,30211,96,0,5,1,73,,30222,96,0,5,1,32,,30227,96,0,5,1,73,,30234,96,0,5,2,33,,30239,96,0,5,1,70,,30212,96,0,5,1,32,,30223,96,0,5,1,71,,30228,96,0,5,1,31,,30242,96,0,5,2,70,,30216,96,0,5,1,30,,30213,96,0,5,1,68,,30245,96,0,5,1,30,,30240,96,0,5,1,71,,30243,96,0,5,1,32,,30217,96,0,5,1,72,,30214,96,0,5,1,29,,30241,96,0,5,1,70,,30244,96,0,5,1,30,,30218,96,0,5,1
8601,'H54J000S-83-S',648,,30260,96,0,5,2,67,,30246,96,0,5,1,30,,30253,96,0,5,2,75,,30256,96,0,5,2,35,,30268,96,0,5,1,68,,30261,96,0,5,2,28,,30247,96,0,5,1,70,,30250,96,0,5,1,30,,30257,96,0,5,2,67,,30254,96,0,5,1,30,,30262,96,0,5,1,69,,30269,96,0,5,1,27,,30248,96,0,5,1,70,,30251,96,0,5,1,30,,30258,96,0,5,2,70,,30255,96,0,5,1,31,,30263,96,0,5,1,71,,30270,96,0,5,1,30,,30249,96,0,5,1,72,,30252,96,0,5,1,31,,30259,96,0,5,2,103,,30264,96,0,5,1,71,,30271,96,0,5,1,27,,30278,96,0,5,2,71,,30284,96,0,5,2,31,,30275,96,0,5,1,68,,30265,96,0,5,1,29,,30272,96,0,5,1,69,,30279,96,0,5,2,29,,30285,96,0,5,2,69,,30276,96,0,5,1,29,,30266,96,0,5,1,67,,30273,96,0,5,1,25,,30282,96,0,5,1,68,,30280,96,0,5,1,30,,30277,96,0,5,1,70,,30267,96,0,5,1,32,,30274,96,0,5,1,71,,30283,96,0,5,1,30,,30281,96,0,5,1
8601,'H54JV00A-80-A',651,,30306,96,0,5,1,73,,30289,96,0,5,1,33,,30296,96,0,5,2,74,,30301,96,0,5,1,72,,30313,96,0,5,1,34,,30307,96,0,5,1,73,,30319,96,0,5,1,34,,30297,96,0,5,2,72,,30302,96,0,5,1,32,,30314,96,0,5,1,74,,30308,96,0,5,1,33,,30320,96,0,5,1,73,,30298,96,0,5,2,73,,30303,96,0,5,1,33,,30315,96,0,5,1,72,,30309,96,0,5,1,33,,30321,96,0,5,1,73,,30299,96,0,5,2,31,,30304,96,0,5,1,73,,30316,96,0,5,1,32,,30310,96,0,5,1,73,,30322,96,0,5,1,30,,30300,96,0,5,2,71,,30305,96,0,5,1,33,,30317,96,0,5,1,72,,30311,96,0,5,1,73,,30323,96,0,5,1,33,,30293,96,0,5,1,73,,30290,96,0,5,1,31,,30318,96,0,5,1,72,,30312,96,0,5,1,32,,30286,96,0,5,1,71,,30294,96,0,5,1,31,,30291,96,0,5,1,71,,30288,96,0,5,1,33,,30287,96,0,5,1,72,,30295,96,0,5,1,31,,30292,96,0,5,1
8601,'H54JV00I-80-I',651,,30332,96,0,5,1,72,,30326,96,0,5,1,31,,30330,96,0,5,2,71,,30340,96,0,5,2,33,,30345,96,0,5,1,73,,30333,96,0,5,1,72,,30355,96,0,5,1,34,,30350,96,0,5,1,73,,30341,96,0,5,2,33,,30346,96,0,5,1,73,,30334,96,0,5,1,32,,30356,96,0,5,1,72,,30351,96,0,5,1,32,,30342,96,0,5,2,72,,30347,96,0,5,1,32,,30335,96,0,5,1,72,,30357,96,0,5,1,73,,30352,96,0,5,1,32,,30343,96,0,5,2,71,,30348,96,0,5,1,33,,30336,96,0,5,1,73,,30358,96,0,5,1,32,,30353,96,0,5,1,73,,30344,96,0,5,2,33,,30349,96,0,5,1,70,,30337,96,0,5,1,32,,30359,96,0,5,1,71,,30354,96,0,5,1,31,,30331,96,0,5,2,70,,30327,96,0,5,1,30,,30338,96,0,5,1,68,,30362,96,0,5,1,30,,30360,96,0,5,1,71,,30324,96,0,5,1,32,,30328,96,0,5,1,72,,30339,96,0,5,1,29,,30361,96,0,5,1,70,,30325,96,0,5,1,30,,30329,96,0,5,1
8601,'H54JV00S-80-S',648,,30379,96,0,5,2,67,,30366,96,0,5,1,30,,30370,96,0,5,1,75,,30375,96,0,5,2,35,,30390,96,0,5,1,68,,30380,96,0,5,2,28,,30367,96,0,5,1,70,,30363,96,0,5,1,30,,30376,96,0,5,2,67,,30373,96,0,5,1,30,,30381,96,0,5,1,69,,30391,96,0,5,1,27,,30368,96,0,5,1,70,,30364,96,0,5,1,30,,30377,96,0,5,2,70,,30374,96,0,5,1,31,,30382,96,0,5,1,71,,30392,96,0,5,1,30,,30369,96,0,5,1,72,,30365,96,0,5,1,31,,30378,96,0,5,2,103,,30383,96,0,5,1,71,,30393,96,0,5,1,27,,30371,96,0,5,1,71,,30401,96,0,5,2,31,,30387,96,0,5,1,68,,30384,96,0,5,1,29,,30394,96,0,5,1,69,,30372,96,0,5,1,29,,30402,96,0,5,2,69,,30388,96,0,5,1,29,,30385,96,0,5,1,67,,30395,96,0,5,1,25,,30399,96,0,5,1,68,,30397,96,0,5,1,30,,30389,96,0,5,1,70,,30386,96,0,5,1,32,,30396,96,0,5,1,71,,30400,96,0,5,1,30,,30398,96,0,5,1
8601,'H58J000S-81-S',1720,,30403,96,0,5,1
8601,'H58J000S-83-S',1720,,30404,96,0,5,1
8601,'H58JV00S-82-S',1720,,30405,96,0,5,1
18901,'H54J000A-80-A',549,,63593,61,0,5,1,69,,63596,61,0,5,1,29,,63600,61,0,5,1,69,,63594,61,0,5,1,30,,63597,61,0,5,1,72,,63601,61,0,5,1,35,,63595,61,0,5,1,72,,63598,61,0,5,1,31,,63605,61,0,5,1,71,,63588,61,0,5,1,29,,63599,61,0,5,1,69,,63612,61,0,5,2,29,,63589,61,0,5,1,69,,63606,61,0,5,2,28,,63613,61,0,5,2,68,,63632,61,0,5,1,19,,63590,61,0,5,1,19,,63607,61,0,5,2,58,,63625,61,0,5,1,18,,63614,61,0,5,2,18,,63633,61,0,5,1,58,,63591,61,0,5,1,20,,63608,61,0,5,2,20,,63626,61,0,5,1,56,,63615,61,0,5,2,16,,63634,61,0,5,1,16,,63592,61,0,5,1,15,,63640,61,0,5,2,54,,63631,61,0,5,2,15,,63616,61,0,5,2,16,,63627,61,0,5,1,15,,63635,61,0,5,1,55,,63642,61,0,5,2,14,,63641,61,0,5,2,14,,63638,61,0,5,1,13,,63617,61,0,5,2,56,,63636,61,0,5,1,17,,63628,61,0,5,1,17,,63643,61,0,5,2,18,,63618,61,0,5,1,59,,63639,61,0,5,1,20,,63637,61,0,5,1,65,,63629,61,0,5,1,25,,63619,61,0,5,1,25,,63602,61,0,5,1,65,,63609,61,0,5,1,23,,63630,61,0,5,1,62,,63620,61,0,5,1,22,,63603,61,0,5,1,22,,63623,61,0,5,1,63,,63610,61,0,5,1,23,,63621,61,0,5,1,23,,63604,61,0,5,1,68,,63624,61,0,5,1,29,,63611,61,0,5,1,70,,63622,61,0,5,1
18901,'H54J000I-80-I',546,,63644,61,0,5,1,69,,63659,61,0,5,2,31,,63664,61,0,5,2,70,,63645,61,0,5,1,29,,63660,61,0,5,2,69,,63665,61,0,5,2,30,,63646,61,0,5,1,70,,63661,61,0,5,2,30,,63666,61,0,5,2,71,,63647,61,0,5,1,30,,63662,61,0,5,2,74,,63677,61,0,5,2,32,,63648,61,0,5,1,72,,63667,61,0,5,1,30,,63678,61,0,5,2,69,,63653,61,0,5,2,29,,63668,61,0,5,1,70,,63685,61,0,5,1,29,,63654,61,0,5,2,63,,63650,61,0,5,1,19,,63669,61,0,5,1,19,,63688,61,0,5,2,59,,63686,61,0,5,1,20,,63655,61,0,5,2,19,,63680,61,0,5,2,55,,63670,61,0,5,1,15,,63690,61,0,5,2,15,,63689,61,0,5,2,15,,63691,61,0,5,2,55,,63656,61,0,5,2,15,,63663,61,0,5,1,15,,63671,61,0,5,1,15,,63649,61,0,5,1,60,,63682,61,0,5,1,26,,63657,61,0,5,2,68,,63672,61,0,5,1,29,,63683,61,0,5,1,70,,63658,61,0,5,2,30,,63673,61,0,5,1,70,,63684,61,0,5,1,29,,63681,61,0,5,1,70,,63674,61,0,5,1,28,,63679,61,0,5,1,28,,63651,61,0,5,1,67,,63675,61,0,5,1,27,,63687,61,0,5,1,69,,63652,61,0,5,1,32,,63676,61,0,5,1
18901,'H54J000S-83-S',547,,63692,61,0,5,1,70,,63693,61,0,5,1,33,,63696,61,0,5,2,75,,63711,61,0,5,2,34,,63694,61,0,5,1,71,,63715,61,0,5,1,27,,63725,61,0,5,1,67,,63734,61,0,5,2,29,,63727,61,0,5,2,69,,63716,61,0,5,1,29,,63721,61,0,5,1,69,,63706,61,0,5,2,27,,63728,61,0,5,2,62,,63717,61,0,5,1,20,,63722,61,0,5,1,19,,63712,61,0,5,1,59,,63707,61,0,5,2,18,,63729,61,0,5,2,18,,63718,61,0,5,1,59,,63723,61,0,5,1,20,,63713,61,0,5,1,19,,63708,61,0,5,2,60,,63730,61,0,5,2,17,,63719,61,0,5,1,13,,63695,61,0,5,1,12,,63743,61,0,5,2,11,,63705,61,0,5,2,50,,63714,61,0,5,1,11,,63748,61,0,5,2,10,,63709,61,0,5,2,9,,63703,61,0,5,1,12,,63731,61,0,5,2,10,,63760,61,0,5,2,47,,63720,61,0,5,1,6,,63751,61,0,5,2,5,,63750,61,0,5,2,5,,63733,61,0,5,1,13,,63741,61,0,5,2,7,,63746,61,0,5,2,6,,63710,61,0,5,2,9,,63704,61,0,5,1,47,,63749,61,0,5,2,7,,63735,61,0,5,1,8,,63754,61,0,5,2,7,,63702,61,0,5,1,9,,63755,61,0,5,1,9,,63726,61,0,5,1,11,,63752,61,0,5,2,52,,63739,61,0,5,2,13,,63747,61,0,5,2,15,,63697,61,0,5,1,15,,63732,61,0,5,1,58,,63756,61,0,5,1,19,,63762,61,0,5,1,18,,63740,61,0,5,2,58,,63698,61,0,5,1,17,,63738,61,0,5,2,17,,63757,61,0,5,1,20,,63761,61,0,5,1,60,,63753,61,0,5,2,21,,63699,61,0,5,1,65,,63758,61,0,5,1,25,,63744,61,0,5,1,22,,63736,61,0,5,1,61,,63700,61,0,5,1,23,,63759,61,0,5,1,23,,63745,61,0,5,1,71,,63737,61,0,5,1,29,,63701,61,0,5,1
18901,'H54JV00A-80-A',549,,63769,61,0,5,1,69,,63771,61,0,5,1,29,,63763,61,0,5,1,69,,63770,61,0,5,1,30,,63772,61,0,5,1,72,,63764,61,0,5,1,35,,63790,61,0,5,1,72,,63773,61,0,5,1,31,,63765,61,0,5,1,71,,63805,61,0,5,1,29,,63774,61,0,5,1,69,,63793,61,0,5,2,29,,63806,61,0,5,1,69,,63810,61,0,5,2,28,,63794,61,0,5,2,68,,63799,61,0,5,1,19,,63807,61,0,5,1,19,,63811,61,0,5,2,58,,63813,61,0,5,1,18,,63795,61,0,5,2,18,,63800,61,0,5,1,58,,63808,61,0,5,1,20,,63812,61,0,5,2,20,,63814,61,0,5,1,56,,63796,61,0,5,2,16,,63801,61,0,5,1,16,,63809,61,0,5,1,15,,63791,61,0,5,2,54,,63782,61,0,5,2,15,,63797,61,0,5,2,16,,63815,61,0,5,1,15,,63802,61,0,5,1,55,,63785,61,0,5,2,14,,63792,61,0,5,2,14,,63780,61,0,5,1,13,,63798,61,0,5,2,56,,63803,61,0,5,1,17,,63816,61,0,5,1,17,,63786,61,0,5,2,18,,63775,61,0,5,1,59,,63781,61,0,5,1,20,,63804,61,0,5,1,65,,63817,61,0,5,1,25,,63776,61,0,5,1,25,,63787,61,0,5,1,65,,63766,61,0,5,1,23,,63818,61,0,5,1,62,,63777,61,0,5,1,22,,63788,61,0,5,1,22,,63783,61,0,5,1,63,,63767,61,0,5,1,23,,63778,61,0,5,1,23,,63789,61,0,5,1,68,,63784,61,0,5,1,29,,63768,61,0,5,1,70,,63779,61,0,5,1
18901,'H54JV00I-80-I',546,,63847,61,0,5,1,69,,63826,61,0,5,2,31,,63852,61,0,5,2,70,,63848,61,0,5,1,29,,63827,61,0,5,2,69,,63853,61,0,5,2,30,,63849,61,0,5,1,70,,63828,61,0,5,2,30,,63854,61,0,5,2,71,,63850,61,0,5,1,30,,63829,61,0,5,2,74,,63823,61,0,5,2,32,,63851,61,0,5,1,72,,63855,61,0,5,1,30,,63824,61,0,5,2,69,,63841,61,0,5,2,29,,63856,61,0,5,1,70,,63865,61,0,5,1,29,,63842,61,0,5,2,63,,63819,61,0,5,1,19,,63857,61,0,5,1,19,,63837,61,0,5,2,59,,63866,61,0,5,1,20,,63843,61,0,5,2,19,,63833,61,0,5,2,55,,63858,61,0,5,1,15,,63839,61,0,5,2,15,,63838,61,0,5,2,15,,63840,61,0,5,2,55,,63844,61,0,5,2,15,,63830,61,0,5,1,15,,63859,61,0,5,1,15,,63825,61,0,5,1,60,,63834,61,0,5,1,26,,63845,61,0,5,2,68,,63860,61,0,5,1,29,,63835,61,0,5,1,70,,63846,61,0,5,2,30,,63861,61,0,5,1,70,,63836,61,0,5,1,29,,63832,61,0,5,1,70,,63862,61,0,5,1,28,,63820,61,0,5,1,28,,63821,61,0,5,1,67,,63863,61,0,5,1,27,,63831,61,0,5,1,69,,63822,61,0,5,1,32,,63864,61,0,5,1
18901,'H54JV00S-80-S',547,,63867,61,0,5,1,70,,63868,61,0,5,1,33,,63871,61,0,5,2,75,,63885,61,0,5,2,34,,63869,61,0,5,1,71,,63889,61,0,5,1,27,,63899,61,0,5,1,67,,63908,61,0,5,2,29,,63879,61,0,5,2,69,,63890,61,0,5,1,29,,63895,61,0,5,1,69,,63880,61,0,5,2,27,,63900,61,0,5,2,62,,63891,61,0,5,1,20,,63896,61,0,5,1,19,,63886,61,0,5,1,59,,63881,61,0,5,2,18,,63901,61,0,5,2,18,,63892,61,0,5,1,59,,63897,61,0,5,1,20,,63887,61,0,5,1,19,,63882,61,0,5,2,60,,63902,61,0,5,2,17,,63893,61,0,5,1,13,,63904,61,0,5,1,12,,63912,61,0,5,2,11,,63914,61,0,5,2,50,,63888,61,0,5,1,11,,63916,61,0,5,2,10,,63883,61,0,5,2,9,,63925,61,0,5,1,12,,63903,61,0,5,2,10,,63905,61,0,5,1,47,,63906,61,0,5,1,6,,63935,61,0,5,2,5,,63913,61,0,5,2,5,,63894,61,0,5,1,13,,63919,61,0,5,2,7,,63909,61,0,5,2,6,,63884,61,0,5,2,9,,63918,61,0,5,1,47,,63917,61,0,5,2,7,,63927,61,0,5,1,8,,63915,61,0,5,2,7,,63907,61,0,5,1,9,,63920,61,0,5,1,9,,63898,61,0,5,1,11,,63936,61,0,5,2,52,,63877,61,0,5,1,13,,63910,61,0,5,2,15,,63872,61,0,5,1,15,,63870,61,0,5,1,58,,63921,61,0,5,1,19,,63931,61,0,5,1,18,,63878,61,0,5,1,58,,63873,61,0,5,1,17,,63930,61,0,5,2,17,,63922,61,0,5,1,20,,63932,61,0,5,1,60,,63937,61,0,5,2,21,,63874,61,0,5,1,65,,63923,61,0,5,1,25,,63933,61,0,5,1,22,,63928,61,0,5,1,61,,63875,61,0,5,1,23,,63924,61,0,5,1,23,,63934,61,0,5,1,71,,63929,61,0,5,1,29,,63876,61,0,5,1
18901,'H59J000S-81-S',1725,,63939,61,0,5,2
18901,'H59JV00S-83-S',1725,,63941,61,0,5,2
36201,'H54J000A-80-A',2719,,75210,107,0,5,1,85,,75212,107,0,5,1,45,,75211,107,0,5,1,85,,75209,107,0,5,1
36201,'H54J000I-80-I',2635,,75217,107,0,5,1,84,,75213,107,0,5,1,84,,75215,107,0,5,1,45,,75214,107,0,5,1,85,,75216,107,0,5,1
36201,'H54J000S-83-S',2635,,75219,107,0,5,1,85,,75218,107,0,5,1,85,,75221,107,0,5,2,44,,75222,107,0,5,1,85,,75220,107,0,5,1
36201,'H54JV00A-80-A',2719,,75223,107,0,5,1,85,,75226,107,0,5,1,45,,75224,107,0,5,1,85,,75225,107,0,5,1
36201,'H54JV00I-80-I',2635,,75231,107,0,5,1,84,,75227,107,0,5,1,84,,75228,107,0,5,1,45,,75229,107,0,5,1,85,,75230,107,0,5,1
36201,'H54JV00S-80-S',2635,,75235,107,0,5,1,85,,75232,107,0,5,1,85,,75233,107,0,5,2,44,,75234,107,0,5,1,85,,75236,107,0,5,1
41001,'H57J000S-81-S',1606,,76482,33,0,5,1,23,,76486,33,0,5,2,26,,76488,33,0,5,1,63,,76491,33,0,5,2,19,,76487,33,0,5,1,22,,76489,33,0,5,1,64,,76490,33,0,5,1,27,,76483,33,0,5,1,66,,76484,33,0,5,1,25,,76481,33,0,5,1,68,,76485,33,0,5,1
41001,'H57JV00S-83-S',1606,,76494,33,0,5,1,23,,76497,33,0,5,2,26,,76499,33,0,5,1,63,,76502,33,0,5,2,19,,76498,33,0,5,1,22,,76500,33,0,5,1,64,,76501,33,0,5,1,27,,76493,33,0,5,1,66,,76496,33,0,5,1,25,,76495,33,0,5,1,68,,76492,33,0,5,1
48701,'H54J000S-83-S',703,,81279,15,0,22 31 1 17,1,32,,81283,15,0,22 31 1 17,2,71,,81282,15,0,22 31 1 17,2,30,,81280,15,0,22 31 1 17,1,69,,81284,15,0,22 31 1 17,2,627,,81285,30,0,22 60 61 1 37,1,73,,81287,30,0,22 60 61 1 37,2,32,,81290,30,0,22 60 61 1 37,2,18,,81278,30,0,22 60 61 1 37,1,67,,81286,30,0,22 60 61 1 37,1,17,,81281,30,0,22 60 61 1 37,1,72,,81288,30,0,22 60 61 1 37,2,21,,81276,30,0,22 60 61 1 37,1,70,,81275,30,0,22 60 61 1 37,1,28,,81289,30,0,22 60 61 1 37,2,26,,81277,30,0,22 60 61 1 37,1
48701,'H54JV00S-80-S',703,,81293,15,0,22 31 1 17,1,32,,81296,15,0,22 31 1 17,2,71,,81298,15,0,22 31 1 17,2,30,,81294,15,0,22 31 1 17,1,69,,81297,15,0,22 31 1 17,2,627,,81299,30,0,22 60 61 1 37,1,73,,81291,30,0,22 60 61 1 37,1,32,,81304,30,0,22 60 61 1 37,2,18,,81300,30,0,22 60 61 1 37,1,67,,81301,30,0,22 60 61 1 37,1,17,,81295,30,0,22 60 61 1 37,1,72,,81302,30,0,22 60 61 1 37,2,21,,81305,30,0,22 60 61 1 37,1,70,,81292,30,0,22 60 61 1 37,1,28,,81303,30,0,22 60 61 1 37,2,26,,81306,30,0,22 60 61 1 37,1
48701,'H59J000S-81-S',1708,,81308,30,0,22 60 61 1 37,2,48,,81307,30,0,22 60 61 1 37,2
48701,'H59JV00S-83-S',1708,,81310,30,0,22 60 61 1 37,2,48,,81309,30,0,22 60 61 1 37,2
