35302,'H54M000A-70-A',2508,,153976,15,0,10,1,45,,153978,15,0,10,1,85,,153975,15,0,10,1,85,,153974,15,0,10,1,85,,153977,15,0,10,1
35302,'H54M000I-70-I',2508,,153983,15,0,10,1,45,,153982,15,0,10,1,86,,153981,15,0,10,1,85,,153980,15,0,10,1,85,,153979,15,0,10,1
35302,'H54M000S-70-S',2508,,153987,15,0,10,1,45,,153985,15,0,10,1,85,,153984,15,0,10,1,85,,153986,15,0,10,1,85,,153988,15,0,10,1
35302,'H54M100F-70-F1',2508,,153989,15,0,10,1,45,,153991,15,0,10,1,86,,153992,15,0,10,2,85,,153993,15,0,10,1,85,,153990,15,0,10,1
35302,'H54M200F-70-F2',2508,,153995,15,0,10,1,45,,153994,15,0,10,2,86,,153996,15,0,10,1,85,,153997,15,0,10,1,85,,153998,15,0,10,1
35302,'H54M300F-70-F3',2508,,154003,15,0,10,1,45,,154000,15,0,10,1,86,,154001,15,0,10,1,85,,154002,15,0,10,1,85,,153999,15,0,10,1
43203,'H54M000S-70-S',759,,155986,14,4,,1,70,,155992,14,4,,2,30,,155993,14,4,,1,99,,155987,36,4,,1,71,,155983,36,4,,1,74,,155994,36,4,,1,102,,155988,36,4,,1,31,,155984,36,4,,1,71,,155995,36,4,,1,30,,155998,36,4,,1,69,,155989,36,4,,1,29,,155985,36,4,,1,69,,155996,36,4,,1,29,,155999,36,4,,1,70,,155990,36,4,,1,33,,156003,36,4,,2,21,,156002,36,4,,2
43203,'H54M200F-70-F2',657,,156017,14,4,,1,69,,156016,14,4,,1,33,,156020,14,4,,1,70,,156025,14,4,,1,30,,156018,14,4,,1,99,,156021,36,4,,1,71,,156026,36,4,,1,74,,156019,36,4,,1,31,,156010,36,4,,1,71,,156022,36,4,,1,31,,156027,36,4,,1,71,,156007,36,4,,1,30,,156011,36,4,,1,69,,156023,36,4,,1,29,,156028,36,4,,1,69,,156008,36,4,,1,30,,156012,36,4,,1,71,,156024,36,4,,1,34,,156032,36,4,,1,69,,156030,36,4,,1
43203,'H58M000S-70-S',1134,,156033,36,4,,1
43203,'H59M000S-70-S',657,,156034,14,4,,2,69,,156035,14,4,,2
43204,'H54M000S-70-S',551,,156043,1,0,22 41 42 1 43,1,59,,156044,1,0,22 41 42 1 43,2,19,,156045,1,0,22 41 42 1 43,1,13,,156050,1,0,22 41 42 1 43,2,13,,156051,1,0,22 41 42 1 43,2,59,,156053,1,0,22 41 42 1 43,2,9,,156054,1,0,22 41 42 1 43,1,22,,156059,1,0,22 41 42 1 43,2,11,,156039,1,0,22 41 42 1 43,1,52,,156046,1,0,22 41 42 1 43,1,29,,156052,1,0,22 41 42 1 43,2,70,,156055,1,0,22 41 42 1 43,1,31,,156036,1,0,22 41 42 1 43,1,71,,156047,1,0,22 41 42 1 43,1,31,,156040,1,0,22 41 42 1 43,1,71,,156056,1,0,22 41 42 1 43,1,31,,156060,1,0,22 41 42 1 43,1,71,,156048,1,0,22 41 42 1 43,1,31,,156041,1,0,22 41 42 1 43,1,71,,156057,1,0,22 41 42 1 43,1,30,,156061,1,0,22 41 42 1 43,1,70,,156049,1,0,22 41 42 1 43,1,30,,156042,1,0,22 41 42 1 43,1,69,,156058,1,0,22 41 42 1 43,1
43204,'H54M200F-70-F2',551,,156077,1,0,22 41 42 1 43,1,70,,156081,1,0,22 41 42 1 43,1,28,,156086,1,0,22 41 42 1 43,1,68,,156078,1,0,22 41 42 1 43,1,28,,156076,1,0,22 41 42 1 43,1,68,,156082,1,0,22 41 42 1 43,1,27,,156087,1,0,22 41 42 1 43,1,70,,156080,1,0,22 41 42 1 43,1,30,,156070,1,0,22 41 42 1 43,1,70,,156083,1,0,22 41 42 1 43,1,30,,156088,1,0,22 41 42 1 43,1,71,,156079,1,0,22 41 42 1 43,1,31,,156071,1,0,22 41 42 1 43,1,71,,156084,1,0,22 41 42 1 43,1,31,,156089,1,0,22 41 42 1 43,1,71,,156067,1,0,22 41 42 1 43,1,30,,156072,1,0,22 41 42 1 43,1,70,,156085,1,0,22 41 42 1 43,1,30,,156090,1,0,22 41 42 1 43,1,69,,156068,1,0,22 41 42 1 43,1
43204,'H59M000S-70-S',705,,156095,1,0,22 41 42 1 43,2,29,,156096,1,0,22 41 42 1 43,2
