2401,'H56M000S-80-S',1633,,180060,7,0,5,1
2401,'H57M000S-80-S',1646,,180061,7,0,5,2,408,,180062,7,0,5,1
2401,'H59M000A-80-A',620,,180068,7,0,5,1,29,,180078,7,0,5,1,70,,180086,7,0,5,1,32,,180069,7,0,5,1,71,,180079,7,0,5,1,31,,180087,7,0,5,1,68,,180089,7,0,5,1,24,,180070,7,0,5,1,64,,180097,7,0,5,1,23,,180080,7,0,5,1,23,,180088,7,0,5,1,64,,180107,7,0,5,1,22,,180071,7,0,5,1,61,,180066,7,0,5,1,20,,180098,7,0,5,1,20,,180081,7,0,5,1,59,,180090,7,0,5,1,20,,180063,7,0,5,1,16,,180108,7,0,5,1,15,,180072,7,0,5,1,54,,180115,7,0,5,1,13,,180067,7,0,5,1,12,,180099,7,0,5,1,13,,180105,7,0,5,1,12,,180082,7,0,5,1,52,,180118,7,0,5,2,11,,180091,7,0,5,1,12,,180124,7,0,5,2,12,,180064,7,0,5,1,11,,180109,7,0,5,1,50,,180127,7,0,5,2,9,,180073,7,0,5,1,9,,180119,7,0,5,2,9,,180116,7,0,5,1,9,,180126,7,0,5,2,9,,180100,7,0,5,1,8,,180106,7,0,5,1,49,,180120,7,0,5,2,11,,180083,7,0,5,1,12,,180092,7,0,5,1,13,,180125,7,0,5,2,13,,180065,7,0,5,1,53,,180110,7,0,5,1,13,,180123,7,0,5,2,12,,180074,7,0,5,1,11,,180117,7,0,5,1,13,,180101,7,0,5,1,54,,180121,7,0,5,2,20,,180084,7,0,5,1,21,,180093,7,0,5,1,61,,180111,7,0,5,1,20,,180075,7,0,5,1,21,,180102,7,0,5,1,60,,180122,7,0,5,2,20,,180085,7,0,5,1,20,,180094,7,0,5,1,66,,180112,7,0,5,1,26,,180076,7,0,5,1,67,,180103,7,0,5,1,31,,180095,7,0,5,1,69,,180113,7,0,5,1,26,,180077,7,0,5,1,67,,180104,7,0,5,1,27,,180096,7,0,5,1,67,,180114,7,0,5,1
2401,'H59M000I-80-I',619,,180134,7,0,5,1,31,,180129,7,0,5,1,71,,180176,7,0,5,1,31,,180135,7,0,5,1,73,,180130,7,0,5,1,32,,180177,7,0,5,1,73,,180136,7,0,5,1,73,,180144,7,0,5,1,30,,180131,7,0,5,1,70,,180149,7,0,5,1,28,,180137,7,0,5,1,25,,180175,7,0,5,1,64,,180145,7,0,5,1,19,,180132,7,0,5,1,20,,180157,7,0,5,1,60,,180150,7,0,5,1,19,,180138,7,0,5,1,18,,180160,7,0,5,2,57,,180162,7,0,5,1,15,,180146,7,0,5,1,14,,180133,7,0,5,1,15,,180164,7,0,5,2,55,,180158,7,0,5,1,15,,180151,7,0,5,1,14,,180128,7,0,5,1,13,,180139,7,0,5,1,54,,180161,7,0,5,2,13,,180166,7,0,5,1,14,,180163,7,0,5,1,13,,180147,7,0,5,1,54,,180165,7,0,5,2,13,,180168,7,0,5,1,12,,180159,7,0,5,1,13,,180152,7,0,5,1,12,,180174,7,0,5,2,53,,180140,7,0,5,1,14,,180173,7,0,5,2,15,,180167,7,0,5,1,17,,180148,7,0,5,1,57,,180178,7,0,5,1,21,,180169,7,0,5,1,24,,180153,7,0,5,1,71,,180141,7,0,5,1,32,,180179,7,0,5,1,69,,180170,7,0,5,1,28,,180154,7,0,5,1,68,,180142,7,0,5,1,28,,180180,7,0,5,1,69,,180171,7,0,5,1,30,,180155,7,0,5,1,71,,180143,7,0,5,1,29,,180172,7,0,5,1,73,,180156,7,0,5,1
2401,'H59M000S-80-S',527,,180181,7,0,5,1,76,,180183,7,0,5,1,12,,180193,7,0,5,1,12,,180205,7,0,5,1,11,,180200,7,0,5,1,11,,180228,7,0,5,1,9,,180199,7,0,5,2,52,,180182,7,0,5,1,12,,180247,7,0,5,1,10,,180221,7,0,5,1,11,,180241,7,0,5,1,13,,180184,7,0,5,1,52,,180194,7,0,5,1,12,,180248,7,0,5,1,12,,180252,7,0,5,1,11,,180253,7,0,5,1,12,,180262,7,0,5,1,52,,180207,7,0,5,1,12,,180202,7,0,5,1,12,,180213,7,0,5,1,12,,180230,7,0,5,1,12,,180222,7,0,5,1,52,,180242,7,0,5,1,12,,180185,7,0,5,1,12,,180195,7,0,5,1,12,,180249,7,0,5,1,13,,180254,7,0,5,1,52,,180263,7,0,5,1,12,,180208,7,0,5,1,12,,180203,7,0,5,1,12,,180214,7,0,5,1,12,,180231,7,0,5,1,52,,180223,7,0,5,1,12,,180243,7,0,5,1,12,,180186,7,0,5,1,12,,180196,7,0,5,1,11,,180250,7,0,5,1,52,,180255,7,0,5,1,13,,180264,7,0,5,1,12,,180209,7,0,5,1,12,,180204,7,0,5,1,12,,180215,7,0,5,1,52,,180232,7,0,5,1,12,,180224,7,0,5,1,12,,180244,7,0,5,1,11,,180187,7,0,5,1,11,,180197,7,0,5,1,52,,180251,7,0,5,1,12,,180256,7,0,5,1,11,,180268,7,0,5,2,10,,180265,7,0,5,1,9,,180282,7,0,5,2,8,,180210,7,0,5,1,51,,180271,7,0,5,1,7,,180283,7,0,5,2,7,,180216,7,0,5,1,6,,180233,7,0,5,1,13,,180225,7,0,5,1,11,,180270,7,0,5,1,5,,180236,7,0,5,2,47,,180245,7,0,5,1,7,,180278,7,0,5,2,9,,180198,7,0,5,1,11,,180259,7,0,5,1,10,,180276,7,0,5,2,10,,180257,7,0,5,1,51,,180189,7,0,5,1,12,,180266,7,0,5,1,11,,180280,7,0,5,1,12,,180272,7,0,5,1,12,,180217,7,0,5,1,52,,180212,7,0,5,1,10,,180237,7,0,5,2,11,,180235,7,0,5,1,12,,180227,7,0,5,1,11,,180260,7,0,5,1,12,,180258,7,0,5,1,51,,180190,7,0,5,1,11,,180267,7,0,5,1,11,,180281,7,0,5,1,11,,180273,7,0,5,1,70,,180218,7,0,5,1,18,,180238,7,0,5,2,21,,180261,7,0,5,1,61,,180191,7,0,5,1,27,,180274,7,0,5,1,68,,180219,7,0,5,1,27,,180239,7,0,5,2,27,,180192,7,0,5,1,67,,180275,7,0,5,1,28,,180220,7,0,5,1,67,,180240,7,0,5,2
6304,'H56M000A-80-A',859,,188375,17,0,9,2,65,,188357,17,0,9,1,31,,188376,17,0,9,2,71,,188358,17,0,9,1,31,,188367,17,0,9,2,71,,188359,17,0,9,1,31,,188368,17,0,9,2,70,,188360,17,0,9,1,71,,188369,17,0,9,2,30,,188361,17,0,9,1,71,,188370,17,0,9,2,31,,188362,17,0,9,1,71,,188371,17,0,9,2,30,,188363,17,0,9,1,70,,188372,17,0,9,2,30,,188364,17,0,9,1,69,,188373,17,0,9,2,29,,188365,17,0,9,1,69,,188374,17,0,9,2,28,,188366,17,0,9,1
6304,'H56M000S-80-S',626,,188384,17,0,9,1,27,,188402,17,0,9,2,69,,188385,17,0,9,1,35,,188377,17,0,9,1,75,,188386,17,0,9,2,74,,188378,17,0,9,1,32,,188387,17,0,9,2,71,,188379,17,0,9,1,30,,188388,17,0,9,2,70,,188380,17,0,9,1,32,,188389,17,0,9,2,72,,188381,17,0,9,1,32,,188390,17,0,9,2,72,,188382,17,0,9,1,32,,188391,17,0,9,2,72,,188383,17,0,9,1,33,,188392,17,0,9,2,76,,188397,17,0,9,1,74,,188393,17,0,9,2,34,,188398,17,0,9,1,73,,188394,17,0,9,2,33,,188399,17,0,9,1,73,,188395,17,0,9,2,32,,188400,17,0,9,1,70,,188396,17,0,9,2,29,,188401,17,0,9,1
35601,'H56M000A-80-A',2631,,214260,89,0,5,1,83,,214259,89,0,5,1,92,,214263,89,0,5,1,51,,214261,89,0,5,2,83,,214262,89,0,5,1
35601,'H56M000I-80-I',2631,,214265,89,0,5,1,81,,214267,89,0,5,2,40,,214264,89,0,5,1,80,,214266,89,0,5,1,84,,214269,89,0,5,2,84,,214268,89,0,5,1
35601,'H56M000S-80-S',2644,,214272,89,0,5,2,73,,214275,89,0,5,1,34,,214270,89,0,5,1,74,,214271,89,0,5,1,86,,214273,89,0,5,1,89,,214274,89,0,5,1
