3402,'H59J000A-80-A',526,,10835,10,0,10,1,31,,10837,10,0,10,1,70,,10836,10,0,10,1,30,,10838,10,0,10,1,69,,10821,10,0,10,1,32,,10839,10,0,10,1,70,,10822,10,0,10,1,30,,10840,10,0,10,1,70,,10823,10,0,10,1,30,,10841,10,0,10,1,70,,10824,10,0,10,1,28,,10842,10,0,10,1,70,,10825,10,0,10,1,32,,10843,10,0,10,1,69,,10826,10,0,10,1,32,,10844,10,0,10,1,69,,10827,10,0,10,1,72,,10845,10,0,10,1,29,,10828,10,0,10,1,72,,10846,10,0,10,1,29,,10829,10,0,10,1,72,,10847,10,0,10,1,31,,10830,10,0,10,1,72,,10848,10,0,10,1,30,,10831,10,0,10,1,72,,10849,10,0,10,1,31,,10832,10,0,10,1,70,,10850,10,0,10,1,28,,10833,10,0,10,1,66,,10851,10,0,10,1,28,,10834,10,0,10,1,28,,10852,10,0,10,1,65,,10853,10,0,10,2,26,,10816,10,0,10,1,63,,10854,10,0,10,2,25,,10817,10,0,10,1,64,,10855,10,0,10,2,24,,10818,10,0,10,1,24,,10856,10,0,10,2,62,,10819,10,0,10,1,25,,10857,10,0,10,2,67,,10820,10,0,10,1,23,,10858,10,0,10,2
3402,'H59J000I-80-I',526,,10859,10,0,10,1,26,,10880,10,0,10,1,71,,10860,10,0,10,1,29,,10881,10,0,10,1,70,,10861,10,0,10,1,30,,10882,10,0,10,1,71,,10862,10,0,10,1,31,,10883,10,0,10,1,70,,10863,10,0,10,1,30,,10884,10,0,10,1,70,,10864,10,0,10,1,29,,10885,10,0,10,1,70,,10865,10,0,10,1,30,,10886,10,0,10,1,71,,10866,10,0,10,1,29,,10887,10,0,10,1,71,,10867,10,0,10,1,29,,10888,10,0,10,1,71,,10868,10,0,10,1,30,,10889,10,0,10,1,70,,10869,10,0,10,1,31,,10890,10,0,10,1,70,,10870,10,0,10,1,30,,10891,10,0,10,1,70,,10871,10,0,10,1,29,,10892,10,0,10,1,71,,10872,10,0,10,1,30,,10893,10,0,10,1,70,,10873,10,0,10,1,30,,10894,10,0,10,1,70,,10874,10,0,10,1,30,,10895,10,0,10,1,70,,10875,10,0,10,1,30,,10896,10,0,10,1,70,,10876,10,0,10,1,30,,10897,10,0,10,2,70,,10877,10,0,10,1,30,,10898,10,0,10,2,70,,10878,10,0,10,1,30,,10899,10,0,10,2,71,,10879,10,0,10,1
3402,'H59J000S-81-S',527,,10906,10,0,10,1,73,,10918,10,0,10,1,33,,10907,10,0,10,1,25,,10919,10,0,10,1,59,,10924,10,0,10,1,20,,10900,10,0,10,1,15,,10931,10,0,10,2,54,,10920,10,0,10,1,13,,10933,10,0,10,1,13,,10925,10,0,10,1,16,,10901,10,0,10,1,62,,10932,10,0,10,2,31,,10926,10,0,10,1,70,,10902,10,0,10,1,31,,10927,10,0,10,1,70,,10903,10,0,10,1,30,,10928,10,0,10,1,70,,10904,10,0,10,1,31,,10929,10,0,10,1,70,,10905,10,0,10,1,31,,10930,10,0,10,1,70,,10921,10,0,10,2,28,,10934,10,0,10,1,72,,10908,10,0,10,1,24,,10922,10,0,10,2,66,,10935,10,0,10,1,26,,10909,10,0,10,1,25,,10923,10,0,10,2,69,,10944,10,0,10,2,29,,10910,10,0,10,1,70,,10936,10,0,10,1,30,,10937,10,0,10,2,69,,10911,10,0,10,1,31,,10938,10,0,10,2,69,,10912,10,0,10,1,31,,10939,10,0,10,2,70,,10913,10,0,10,1,30,,10940,10,0,10,2,70,,10914,10,0,10,1,30,,10941,10,0,10,2,70,,10915,10,0,10,1,29,,10942,10,0,10,2,68,,10916,10,0,10,1,29,,10943,10,0,10,2,73,,10917,10,0,10,1
3402,'H59JV00A-80-A',526,,10975,10,0,10,1,31,,10945,10,0,10,1,70,,10976,10,0,10,1,30,,10946,10,0,10,1,69,,10961,10,0,10,1,32,,10947,10,0,10,1,70,,10962,10,0,10,1,30,,10948,10,0,10,1,70,,10963,10,0,10,1,30,,10949,10,0,10,1,70,,10964,10,0,10,1,28,,10950,10,0,10,1,70,,10965,10,0,10,1,32,,10951,10,0,10,1,69,,10966,10,0,10,1,32,,10952,10,0,10,1,69,,10967,10,0,10,1,72,,10953,10,0,10,1,29,,10968,10,0,10,1,72,,10954,10,0,10,1,29,,10969,10,0,10,1,72,,10955,10,0,10,1,31,,10970,10,0,10,1,72,,10956,10,0,10,1,30,,10971,10,0,10,1,72,,10957,10,0,10,1,31,,10972,10,0,10,1,70,,10958,10,0,10,1,28,,10973,10,0,10,1,66,,10959,10,0,10,1,28,,10974,10,0,10,1,28,,10960,10,0,10,1,65,,10982,10,0,10,2,26,,10977,10,0,10,1,63,,10983,10,0,10,2,25,,10978,10,0,10,1,64,,10984,10,0,10,2,24,,10979,10,0,10,1,24,,10985,10,0,10,2,62,,10980,10,0,10,1,25,,10986,10,0,10,2,67,,10981,10,0,10,1,23,,10987,10,0,10,2
3402,'H59JV00I-80-I',526,,10988,10,0,10,1,26,,11009,10,0,10,1,71,,10989,10,0,10,1,29,,11010,10,0,10,1,70,,10990,10,0,10,1,30,,11011,10,0,10,1,71,,10991,10,0,10,1,31,,11012,10,0,10,1,70,,10992,10,0,10,1,30,,11013,10,0,10,1,70,,10993,10,0,10,1,29,,11014,10,0,10,1,70,,10994,10,0,10,1,30,,11015,10,0,10,1,71,,10995,10,0,10,1,29,,11016,10,0,10,1,71,,10996,10,0,10,1,29,,11017,10,0,10,1,71,,10997,10,0,10,1,30,,11018,10,0,10,1,70,,10998,10,0,10,1,31,,11019,10,0,10,1,70,,10999,10,0,10,1,30,,11020,10,0,10,1,70,,11000,10,0,10,1,29,,11021,10,0,10,1,71,,11001,10,0,10,1,30,,11022,10,0,10,1,70,,11002,10,0,10,1,30,,11023,10,0,10,1,70,,11003,10,0,10,1,30,,11024,10,0,10,1,70,,11004,10,0,10,1,30,,11025,10,0,10,1,70,,11005,10,0,10,1,30,,11026,10,0,10,2,70,,11006,10,0,10,1,30,,11027,10,0,10,2,70,,11007,10,0,10,1,30,,11028,10,0,10,2,71,,11008,10,0,10,1
3402,'H59JV00S-83-S',527,,11056,10,0,10,1,73,,11029,10,0,10,1,33,,11057,10,0,10,1,25,,11072,10,0,10,1,59,,11062,10,0,10,1,20,,11033,10,0,10,1,15,,11030,10,0,10,2,54,,11073,10,0,10,1,13,,11069,10,0,10,1,13,,11063,10,0,10,1,16,,11034,10,0,10,1,62,,11031,10,0,10,2,31,,11064,10,0,10,1,70,,11035,10,0,10,1,31,,11065,10,0,10,1,70,,11036,10,0,10,1,30,,11066,10,0,10,1,70,,11037,10,0,10,1,31,,11067,10,0,10,1,70,,11038,10,0,10,1,31,,11068,10,0,10,1,70,,11058,10,0,10,2,28,,11070,10,0,10,1,72,,11039,10,0,10,1,24,,11059,10,0,10,2,66,,11071,10,0,10,1,26,,11040,10,0,10,1,25,,11060,10,0,10,2,69,,11032,10,0,10,2,29,,11041,10,0,10,1,70,,11061,10,0,10,1,30,,11049,10,0,10,2,69,,11042,10,0,10,1,31,,11050,10,0,10,2,69,,11043,10,0,10,1,31,,11051,10,0,10,2,70,,11044,10,0,10,1,30,,11052,10,0,10,2,70,,11045,10,0,10,1,30,,11053,10,0,10,2,70,,11046,10,0,10,1,29,,11054,10,0,10,2,68,,11047,10,0,10,1,29,,11055,10,0,10,2,73,,11048,10,0,10,1
35302,'H54J000A-80-A',2545,,74415,74,0,10,1,85,,74417,74,0,10,1,85,,74414,74,0,10,1,87,,74413,74,0,10,1,45,,74416,74,0,10,1
35302,'H54J000I-80-I',2546,,74422,74,0,10,1,85,,74421,74,0,10,1,86,,74420,74,0,10,1,85,,74419,74,0,10,1,45,,74418,74,0,10,1
35302,'H54J000S-83-S',2546,,74426,74,0,10,1,85,,74424,74,0,10,1,85,,74423,74,0,10,1,86,,74425,74,0,10,1,45,,74427,74,0,10,1
35302,'H54JV00A-80-A',2545,,74431,74,0,10,1,85,,74428,74,0,10,1,85,,74430,74,0,10,1,87,,74429,74,0,10,1,45,,74432,74,0,10,1
35302,'H54JV00I-80-I',2546,,74437,74,0,10,1,85,,74434,74,0,10,1,86,,74435,74,0,10,1,85,,74436,74,0,10,1,45,,74433,74,0,10,1
35302,'H54JV00S-80-S',2546,,74441,74,0,10,1,85,,74439,74,0,10,1,85,,74438,74,0,10,1,86,,74440,74,0,10,1,45,,74442,74,0,10,1
