4302,'H54M000S-70-S',1611,,98886,15,0,10,2
4302,'H58M000A-70-A',526,,98893,15,0,10,2,32,,98902,15,0,10,2,72,,98892,15,0,10,1,74,,98887,15,0,10,1,33,,98894,15,0,10,2,73,,98895,15,0,10,1,33,,98903,15,0,10,2,72,,98888,15,0,10,1,32,,98910,15,0,10,1,73,,98896,15,0,10,1,32,,98904,15,0,10,2,72,,98889,15,0,10,1,32,,98911,15,0,10,1,72,,98897,15,0,10,1,72,,98905,15,0,10,2,32,,98890,15,0,10,1,72,,98912,15,0,10,1,32,,98898,15,0,10,1,72,,98906,15,0,10,2,25,,98918,15,0,10,2,25,,98891,15,0,10,1,65,,98913,15,0,10,1,29,,98899,15,0,10,1,69,,98907,15,0,10,2,30,,98919,15,0,10,2,70,,98914,15,0,10,1,29,,98900,15,0,10,1,69,,98908,15,0,10,2,28,,98920,15,0,10,2,69,,98915,15,0,10,1,29,,98901,15,0,10,1,69,,98909,15,0,10,2,31,,98921,15,0,10,2,71,,98916,15,0,10,1,94,,98922,15,0,10,2,97,,98917,15,0,10,1,97,,98923,15,0,10,2
4302,'H58M000I-70-I',600,,98941,15,0,10,2,35,,98930,15,0,10,2,75,,98932,15,0,10,1,34,,98942,15,0,10,2,75,,98931,15,0,10,2,34,,98933,15,0,10,1,74,,98952,15,0,10,2,74,,98943,15,0,10,2,32,,98954,15,0,10,1,73,,98934,15,0,10,1,26,,98960,15,0,10,2,26,,98924,15,0,10,1,69,,98944,15,0,10,2,29,,98955,15,0,10,1,70,,98935,15,0,10,1,29,,98925,15,0,10,1,69,,98945,15,0,10,2,30,,98956,15,0,10,1,70,,98936,15,0,10,1,29,,98926,15,0,10,1,69,,98946,15,0,10,2,29,,98957,15,0,10,1,69,,98937,15,0,10,1,29,,98927,15,0,10,1,68,,98947,15,0,10,2,29,,98958,15,0,10,1,68,,98938,15,0,10,1,28,,98928,15,0,10,1,70,,98948,15,0,10,2,30,,98959,15,0,10,1,69,,98939,15,0,10,1,28,,98929,15,0,10,1,71,,98949,15,0,10,2,91,,98940,15,0,10,1,53,,98950,15,0,10,2,94,,98953,15,0,10,1,94,,98951,15,0,10,2
4302,'H58M000S-70-S',453,,98961,15,0,10,2,59,,98962,15,0,10,1,26,,98977,15,0,10,1,65,,98979,15,0,10,2,29,,98981,15,0,10,2,72,,98963,15,0,10,1,35,,98978,15,0,10,1,74,,98980,15,0,10,2,33,,98987,15,0,10,2,72,,98964,15,0,10,1,33,,98991,15,0,10,2,72,,98970,15,0,10,1,33,,98988,15,0,10,2,72,,98965,15,0,10,1,72,,98995,15,0,10,2,31,,98982,15,0,10,2,71,,98971,15,0,10,1,30,,98989,15,0,10,2,70,,98966,15,0,10,1,32,,98996,15,0,10,2,71,,98983,15,0,10,2,33,,98972,15,0,10,1,96,,98967,15,0,10,1,25,,98997,15,0,10,2,71,,98984,15,0,10,2,72,,98973,15,0,10,1,28,,98990,15,0,10,2,26,,98968,15,0,10,1,69,,98998,15,0,10,2,30,,98985,15,0,10,2,71,,98974,15,0,10,1,31,,98969,15,0,10,1,71,,98999,15,0,10,2,31,,98992,15,0,10,1,71,,98975,15,0,10,1,76,,98986,15,0,10,2,45,,98993,15,0,10,1,84,,98976,15,0,10,1,97,,98994,15,0,10,1
4302,'H58M100F-70-F1',452,,99030,15,0,10,2,59,,99000,15,0,10,1,26,,99015,15,0,10,1,65,,99031,15,0,10,2,28,,99034,15,0,10,1,72,,99001,15,0,10,1,34,,99016,15,0,10,1,75,,99032,15,0,10,2,33,,99009,15,0,10,2,72,,99002,15,0,10,1,33,,99017,15,0,10,1,72,,99033,15,0,10,2,33,,99010,15,0,10,2,72,,99003,15,0,10,1,32,,99021,15,0,10,1,71,,99024,15,0,10,1,71,,99018,15,0,10,2,31,,99011,15,0,10,2,70,,99004,15,0,10,1,30,,99022,15,0,10,1,71,,99025,15,0,10,1,33,,99019,15,0,10,2,73,,99012,15,0,10,2,23,,99005,15,0,10,1,25,,99023,15,0,10,1,71,,99039,15,0,10,1,32,,99020,15,0,10,2,70,,99013,15,0,10,2,26,,99006,15,0,10,1,69,,99037,15,0,10,1,30,,99026,15,0,10,1,71,,99014,15,0,10,2,31,,99007,15,0,10,1,71,,99038,15,0,10,1,30,,99027,15,0,10,1,71,,99035,15,0,10,1,77,,99008,15,0,10,1,50,,99028,15,0,10,1,93,,99036,15,0,10,1,94,,99029,15,0,10,1
4302,'H58M200F-70-F2',452,,99070,15,0,10,2,59,,99040,15,0,10,1,26,,99055,15,0,10,1,65,,99071,15,0,10,2,28,,99074,15,0,10,1,72,,99041,15,0,10,1,34,,99056,15,0,10,1,75,,99072,15,0,10,2,33,,99049,15,0,10,2,72,,99042,15,0,10,1,33,,99057,15,0,10,1,72,,99073,15,0,10,2,33,,99050,15,0,10,2,72,,99043,15,0,10,1,32,,99061,15,0,10,1,71,,99064,15,0,10,1,71,,99058,15,0,10,2,31,,99051,15,0,10,2,70,,99044,15,0,10,1,30,,99062,15,0,10,1,71,,99065,15,0,10,1,33,,99059,15,0,10,2,73,,99052,15,0,10,2,23,,99045,15,0,10,1,25,,99063,15,0,10,1,71,,99079,15,0,10,1,32,,99060,15,0,10,2,70,,99053,15,0,10,2,26,,99046,15,0,10,1,69,,99077,15,0,10,1,30,,99066,15,0,10,1,71,,99054,15,0,10,2,31,,99047,15,0,10,1,71,,99078,15,0,10,1,30,,99067,15,0,10,1,71,,99075,15,0,10,1,77,,99048,15,0,10,1,50,,99068,15,0,10,1,93,,99076,15,0,10,1,94,,99069,15,0,10,1
4302,'H58M300F-80-F3',453,,166943,15,0,10,1,57,,166947,15,0,10,2,25,,166948,15,0,10,1,66,,166954,15,0,10,1,30,,166946,15,0,10,1,73,,166944,15,0,10,1,33,,166949,15,0,10,1,73,,166955,15,0,10,1,33,,166917,15,0,10,2,73,,166945,15,0,10,1,35,,166950,15,0,10,1,72,,166922,15,0,10,1,32,,166918,15,0,10,2,72,,166926,15,0,10,1,31,,166930,15,0,10,2,71,,166936,15,0,10,2,71,,166923,15,0,10,1,30,,166919,15,0,10,2,70,,166927,15,0,10,1,30,,166931,15,0,10,2,71,,166937,15,0,10,2,33,,166924,15,0,10,1,72,,166920,15,0,10,2,25,,166928,15,0,10,1,25,,166932,15,0,10,2,71,,166938,15,0,10,2,32,,166925,15,0,10,1,71,,166921,15,0,10,2,28,,166929,15,0,10,1,67,,166939,15,0,10,2,30,,166951,15,0,10,1,71,,166933,15,0,10,1,30,,166916,15,0,10,1,71,,166953,15,0,10,1,29,,166940,15,0,10,2,73,,166934,15,0,10,1,76,,166952,15,0,10,1,46,,166941,15,0,10,2,94,,166935,15,0,10,1,97,,166942,15,0,10,2
4902,'H50M000S-70-S',1008,,102205,21,0,10,2
4902,'H51M000S-70-S',858,,102207,21,0,10,1,57,,102206,21,0,10,1
4902,'H54M000S-70-S',932,,102208,21,0,10,1,627,,102209,21,0,10,2,61,,102211,21,0,10,2
4902,'H57M000S-70-S',832,,102212,21,0,10,1
4902,'H58M000A-70-A',506,,102214,21,0,10,1,15,,102216,21,0,10,1,15,,102218,21,0,10,2,16,,102225,21,0,10,1,57,,102227,21,0,10,2,17,,102232,21,0,10,1,16,,102237,21,0,10,2,15,,102238,21,0,10,1,54,,102242,21,0,10,2,14,,102230,21,0,10,1,14,,102248,21,0,10,1,16,,102226,21,0,10,1,56,,102228,21,0,10,2,16,,102251,21,0,10,1,13,,102233,21,0,10,1,12,,102220,21,0,10,1,53,,102239,21,0,10,1,13,,102240,21,0,10,1,13,,102231,21,0,10,1,11,,102243,21,0,10,2,14,,102250,21,0,10,1,56,,102252,21,0,10,2,16,,102229,21,0,10,2,16,,102254,21,0,10,2,56,,102234,21,0,10,1,16,,102256,21,0,10,2,17,,102241,21,0,10,1,19,,102258,21,0,10,2,60,,102244,21,0,10,2,19,,102253,21,0,10,2,17,,102261,21,0,10,2,57,,102255,21,0,10,2,17,,102235,21,0,10,1,14,,102265,21,0,10,2,14,,102257,21,0,10,2,54,,102269,21,0,10,2,17,,102259,21,0,10,2,18,,102245,21,0,10,2,19,,102213,21,0,10,1,61,,102262,21,0,10,2,20,,102236,21,0,10,1,61,,102266,21,0,10,2,21,,102270,21,0,10,2,21,,102260,21,0,10,2,61,,102246,21,0,10,2,21,,102221,21,0,10,1,22,,102263,21,0,10,2,61,,102217,21,0,10,2,21,,102215,21,0,10,1,21,,102223,21,0,10,1,61,,102271,21,0,10,2,28,,102222,21,0,10,1,68,,102219,21,0,10,2,30,,102273,21,0,10,2,70,,102224,21,0,10,1,30,,102267,21,0,10,1,70,,102264,21,0,10,1,30,,102247,21,0,10,1,68,,102274,21,0,10,2,25,,102272,21,0,10,2,72,,102268,21,0,10,1,32,,102249,21,0,10,2,71,,102275,21,0,10,2
4902,'H58M000I-70-I',506,,102278,21,0,10,2,25,,102281,21,0,10,2,26,,102284,21,0,10,1,67,,102287,21,0,10,1,28,,102276,21,0,10,1,68,,102280,21,0,10,2,28,,102285,21,0,10,1,57,,102286,21,0,10,2,17,,102288,21,0,10,1,17,,102300,21,0,10,1,16,,102277,21,0,10,1,56,,102304,21,0,10,2,21,,102282,21,0,10,2,20,,102307,21,0,10,1,61,,102293,21,0,10,1,22,,102289,21,0,10,1,21,,102283,21,0,10,1,62,,102305,21,0,10,2,21,,102291,21,0,10,1,61,,102308,21,0,10,1,20,,102316,21,0,10,1,20,,102294,21,0,10,1,60,,102298,21,0,10,2,20,,102303,21,0,10,2,16,,102306,21,0,10,2,16,,102319,21,0,10,2,60,,102292,21,0,10,1,20,,102317,21,0,10,1,22,,102322,21,0,10,2,62,,102295,21,0,10,1,26,,102299,21,0,10,2,70,,102320,21,0,10,2,32,,102318,21,0,10,1,70,,102323,21,0,10,2,30,,102296,21,0,10,1,70,,102321,21,0,10,2,29,,102297,21,0,10,1,68,,102314,21,0,10,1,29,,102279,21,0,10,2,69,,102311,21,0,10,1,29,,102290,21,0,10,2,70,,102309,21,0,10,1,30,,102315,21,0,10,1,70,,102301,21,0,10,1,30,,102312,21,0,10,1,72,,102310,21,0,10,1,31,,102324,21,0,10,1,63,,102302,21,0,10,1,24,,102313,21,0,10,1
4902,'H58M000S-70-S',450,,102325,33,0,10,2,54,,102328,21,0,10,2,6,,102330,33,0,10,2,2,,102331,21,0,10,2,7,,102333,21,0,10,2,7,,102334,21,0,10,2,6,,102335,21,0,10,1,8,,102336,33,0,10,1,6,,102337,21,0,10,2,10,,102345,33,0,10,2,50,,102346,21,0,10,2,8,,102350,21,0,10,1,8,,102352,21,0,10,2,8,,102354,21,0,10,1,9,,102355,21,0,10,1,7,,102359,21,0,10,2,6,,102326,21,0,10,2,6,,102360,21,0,10,2,45,,102327,21,0,10,2,5,,102329,21,0,10,2,9,,102368,21,0,10,2,9,,102375,21,0,10,2,8,,102332,21,0,10,2,9,,102383,21,0,10,1,9,,102384,21,0,10,1,49,,102338,21,0,10,2,10,,102386,21,0,10,1,11,,102347,21,0,10,2,18,,102353,21,0,10,2,8,,102372,21,0,10,2,59,,102356,21,0,10,1,16,,102361,21,0,10,2,18,,102369,21,0,10,2,12,,102363,21,0,10,2,72,,102366,21,0,10,1,18,,102349,21,0,10,1,58,,102377,21,0,10,1,19,,102373,21,0,10,2,18,,102357,21,0,10,1,19,,102370,21,0,10,2,55,,102387,21,0,10,1,15,,102364,21,0,10,2,14,,102389,21,0,10,2,12,,102367,21,0,10,1,53,,102390,21,0,10,2,13,,102378,21,0,10,1,15,,102376,21,0,10,2,17,,102374,21,0,10,2,57,,102358,21,0,10,1,16,,102371,21,0,10,2,16,,102388,21,0,10,1,18,,102365,21,0,10,2,56,,102362,21,0,10,2,15,,102391,21,0,10,2,15,,102379,21,0,10,1,100,,102351,21,0,10,1,60,,102385,27,0,10,2,22,,102393,21,0,10,1,24,,102397,27,0,10,2,61,,102380,21,0,10,1,16,,102344,21,0,10,1,16,,102348,21,0,10,1,58,,102401,27,0,10,2,21,,102340,21,0,10,1,21,,102394,21,0,10,1,62,,102398,21,0,10,2,30,,102381,21,0,10,1,71,,102396,21,0,10,2,31,,102341,21,0,10,1,71,,102399,21,0,10,2,31,,102382,21,0,10,1,69,,102392,21,0,10,1,30,,102342,21,0,10,1,66,,102395,21,0,10,1,25,,102400,21,0,10,2
4902,'H58M100F-70-F1',506,,102419,21,0,10,1,15,,102405,21,0,10,2,15,,102461,21,0,10,1,17,,102424,21,0,10,2,57,,102407,21,0,10,1,17,,102438,21,0,10,1,16,,102402,21,0,10,2,15,,102416,21,0,10,2,54,,102420,21,0,10,1,13,,102458,21,0,10,1,14,,102455,21,0,10,1,16,,102425,21,0,10,2,56,,102408,21,0,10,1,13,,102439,21,0,10,1,14,,102409,21,0,10,1,12,,102429,21,0,10,2,53,,102417,21,0,10,2,13,,102436,21,0,10,1,14,,102459,21,0,10,1,11,,102411,21,0,10,1,14,,102456,21,0,10,1,56,,102410,21,0,10,2,16,,102406,21,0,10,2,16,,102421,21,0,10,1,16,,102430,21,0,10,2,56,,102403,21,0,10,1,17,,102437,21,0,10,1,19,,102426,21,0,10,2,60,,102443,21,0,10,1,19,,102446,21,0,10,2,17,,102415,21,0,10,1,57,,102422,21,0,10,1,17,,102431,21,0,10,2,14,,102434,21,0,10,2,14,,102404,21,0,10,1,54,,102448,21,0,10,2,17,,102427,21,0,10,2,18,,102444,21,0,10,1,19,,102447,21,0,10,2,61,,102423,21,0,10,1,20,,102432,21,0,10,2,21,,102435,21,0,10,2,61,,102418,21,0,10,2,21,,102428,21,0,10,2,61,,102445,21,0,10,1,21,,102449,21,0,10,2,22,,102433,21,0,10,2,62,,102412,21,0,10,2,21,,102440,21,0,10,1,21,,102413,21,0,10,1,60,,102451,21,0,10,1,28,,102457,21,0,10,1,68,,102452,21,0,10,1,30,,102441,21,0,10,1,70,,102414,21,0,10,1,30,,102454,21,0,10,1,70,,102450,21,0,10,2,30,,102463,21,0,10,1,67,,102442,21,0,10,1,28,,102462,21,0,10,1,71,,102460,21,0,10,1,27,,102453,21,0,10,1
4902,'H58M200F-70-F2',506,,102481,21,0,10,1,15,,102467,21,0,10,2,15,,102523,21,0,10,1,17,,102486,21,0,10,2,57,,102469,21,0,10,1,17,,102500,21,0,10,1,16,,102464,21,0,10,2,15,,102478,21,0,10,2,54,,102482,21,0,10,1,13,,102520,21,0,10,1,14,,102517,21,0,10,1,16,,102487,21,0,10,2,56,,102470,21,0,10,1,13,,102501,21,0,10,1,14,,102471,21,0,10,1,12,,102491,21,0,10,2,53,,102479,21,0,10,2,13,,102498,21,0,10,1,14,,102521,21,0,10,1,11,,102473,21,0,10,1,14,,102518,21,0,10,1,56,,102472,21,0,10,2,16,,102468,21,0,10,2,16,,102483,21,0,10,1,16,,102492,21,0,10,2,56,,102465,21,0,10,1,17,,102499,21,0,10,1,19,,102488,21,0,10,2,60,,102505,21,0,10,1,19,,102508,21,0,10,2,17,,102477,21,0,10,1,57,,102484,21,0,10,1,17,,102493,21,0,10,2,14,,102496,21,0,10,2,14,,102466,21,0,10,1,54,,102510,21,0,10,2,17,,102489,21,0,10,2,18,,102506,21,0,10,1,19,,102509,21,0,10,2,61,,102485,21,0,10,1,20,,102494,21,0,10,2,21,,102497,21,0,10,2,61,,102480,21,0,10,2,21,,102490,21,0,10,2,61,,102507,21,0,10,1,21,,102511,21,0,10,2,22,,102495,21,0,10,2,62,,102474,21,0,10,2,21,,102502,21,0,10,1,21,,102475,21,0,10,1,60,,102513,21,0,10,1,28,,102519,21,0,10,1,68,,102514,21,0,10,1,30,,102503,21,0,10,1,70,,102476,21,0,10,1,30,,102516,21,0,10,1,70,,102512,21,0,10,2,30,,102525,21,0,10,1,67,,102504,21,0,10,1,28,,102524,21,0,10,1,71,,102522,21,0,10,1,27,,102515,21,0,10,1
4902,'H58M300F-80-F3',506,,167424,21,0,10,2,17,,167411,21,0,10,1,16,,167471,21,0,10,2,16,,167470,21,0,10,2,55,,167458,21,0,10,1,15,,167431,21,0,10,2,16,,167460,21,0,10,1,15,,167425,21,0,10,2,55,,167418,21,0,10,2,14,,167412,21,0,10,1,14,,167413,21,0,10,2,16,,167426,21,0,10,2,56,,167433,21,0,10,2,14,,167432,21,0,10,2,13,,167422,21,0,10,2,12,,167461,21,0,10,1,53,,167468,21,0,10,1,13,,167437,21,0,10,1,14,,167419,21,0,10,2,11,,167441,21,0,10,2,14,,167414,21,0,10,2,56,,167434,21,0,10,2,16,,167415,21,0,10,2,16,,167416,21,0,10,1,16,,167423,21,0,10,1,56,,167462,21,0,10,1,17,,167427,21,0,10,1,19,,167438,21,0,10,1,60,,167442,21,0,10,2,19,,167435,21,0,10,2,17,,167445,21,0,10,2,57,,167417,21,0,10,1,17,,167469,21,0,10,1,14,,167448,21,0,10,2,14,,167463,21,0,10,1,55,,167472,21,0,10,1,17,,167439,21,0,10,1,17,,167443,21,0,10,2,18,,167450,21,0,10,2,62,,167436,21,0,10,2,21,,167446,21,0,10,2,20,,167449,21,0,10,2,61,,167466,21,0,10,1,21,,167440,21,0,10,1,61,,167444,21,0,10,2,21,,167420,21,0,10,2,22,,167455,21,0,10,2,62,,167447,21,0,10,2,21,,167459,21,0,10,1,21,,167428,21,0,10,1,61,,167464,21,0,10,1,27,,167421,21,0,10,2,68,,167456,21,0,10,2,30,,167453,21,0,10,2,70,,167429,21,0,10,1,30,,167451,21,0,10,1,69,,167457,21,0,10,1,30,,167467,21,0,10,2,68,,167454,21,0,10,2,30,,167430,21,0,10,1,69,,167452,21,0,10,1,27,,167465,21,0,10,1
35302,'H54M000A-70-A',2506,,153976,12,0,10,1,45,,153978,12,0,10,1,85,,153975,12,0,10,1,85,,153974,12,0,10,1,85,,153977,12,0,10,1
35302,'H54M000I-70-I',2507,,153983,12,0,10,1,45,,153982,12,0,10,1,85,,153981,12,0,10,1,85,,153980,12,0,10,1,85,,153979,12,0,10,1
35302,'H54M000S-70-S',2506,,153987,12,0,10,1,45,,153985,12,0,10,1,85,,153984,12,0,10,1,85,,153986,12,0,10,1,85,,153988,12,0,10,1
35302,'H54M100F-70-F1',2507,,153989,12,0,10,1,45,,153991,12,0,10,1,85,,153992,12,0,10,2,85,,153993,12,0,10,1,85,,153990,12,0,10,1
35302,'H54M200F-70-F2',2507,,153995,12,0,10,1,45,,153994,12,0,10,2,85,,153996,12,0,10,1,85,,153997,12,0,10,1,85,,153998,12,0,10,1
35302,'H54M300F-80-F3',2507,,175771,12,0,10,2,45,,175775,12,0,10,1,85,,175774,12,0,10,1,85,,175773,12,0,10,1,85,,175772,12,0,10,2
44802,'H54M000S-70-S',552,,157472,14,0,22 47,1,58,,157474,14,0,22 47,2,19,,157475,14,0,22 47,2,16,,157478,14,0,22 47,2,14,,157473,14,0,22 47,1,53,,157479,14,0,22 47,2,13,,157470,14,0,22 47,1,13,,157480,14,0,22 47,2,19,,157482,14,0,22 47,2,60,,157477,14,0,22 47,2,19,,157481,14,0,22 47,1,22,,157471,14,0,22 47,1,62,,157483,14,0,22 47,2,22,,157476,14,0,22 47,1
44802,'H54M200F-70-F2',552,,157497,14,0,22 47,2,72,,157499,14,0,22 47,2,30,,157501,14,0,22 47,1,70,,157492,14,0,22 47,1,30,,157500,14,0,22 47,2,69,,157502,14,0,22 47,1,29,,157493,14,0,22 47,1,65,,157498,14,0,22 47,2,25,,157491,14,0,22 47,1
