'25N-H58N300F-80-F3',14601,64500,,'',1,7000,,'',2,3000,,'',1,6900,,'',2,3000,,'',1,7000,,'',2,3000,,'',1,7000,,'',2,3000,,'',1,7100,,'',2,3000,,'',1,7200,,'',2,3000,,'',1,7100,,'',2,3100,,'',1,7100,,'',2,3100,,'',1,7100,,'',1,3100,,'',2,7100,,'',1,3100,,'',2,7000,,'',2,3100,,'',1,7100,,'',2,2900,,'',1,7100,,'',2,3000,,'',1,7100,,'',2,3000,,'',1,6900,,'',2,2700,,'',1,6700,,'',2,2700,,'',1,6800,,'',2,2900,,'',1,7000,,'',2,3000,,'',1,7000,,'',2
'25N-H58N300F-80-F3',14602,74000,4,'',1,7000,4,'',2,3000,4,'',1,7000,4,'',2,3100,4,'',1,7000,4,'',2,3000,4,'',1,7000,4,'',2,3100,4,'',1,7200,4,'',2,3000,4,'',1,7100,4,'',2,3100,4,'',1,7100,4,'',2,3100,4,'',1,7100,4,'',1,3100,4,'',2,7100,4,'',1,3100,4,'',2,7000,4,'',2,3000,4,'',1,7200,4,'',2,2900,4,'',1,7100,4,'',2,3000,4,'',1,7100,4,'',2,3000,4,'',1,6800,4,'',2,2800,4,'',1,6700,4,'',2,2700,4,'',1,6700,4,'',2,2900,4,'',1,7000,4,'',2,2800,4,'',1,7000,4,'',2,3000,4,'',1
'25N-H58N400F-80-F4',14601,64500,,'',2,7000,,'',1,3000,,'',2,6900,,'',1,3000,,'',2,7000,,'',1,3000,,'',2,7000,,'',1,3000,,'',2,7100,,'',1,3000,,'',2,7200,,'',1,3000,,'',2,7100,,'',1,3100,,'',2,7100,,'',1,3100,,'',2,7100,,'',2,3100,,'',1,7100,,'',2,3100,,'',2,7000,,'',1,3100,,'',2,7100,,'',1,2900,,'',2,7100,,'',1,3000,,'',2,7100,,'',1,3000,,'',2,6900,,'',1,2700,,'',2,6700,,'',1,2700,,'',2,6800,,'',1,2900,,'',2,7000,,'',1,3000,,'',2,7000,,'',1
'25N-H58N400F-80-F4',14602,74000,4,'',2,7000,4,'',1,3000,4,'',2,7000,4,'',1,3100,4,'',2,7000,4,'',1,3000,4,'',2,7000,4,'',1,3100,4,'',2,7200,4,'',1,3000,4,'',2,7100,4,'',1,3100,4,'',2,7100,4,'',1,3100,4,'',2,7100,4,'',2,3100,4,'',1,7100,4,'',2,3100,4,'',2,7000,4,'',1,3000,4,'',2,7200,4,'',1,2900,4,'',2,7100,4,'',1,3000,4,'',2,7100,4,'',1,3000,4,'',2,6800,4,'',1,2800,4,'',2,6700,4,'',1,2700,4,'',2,6700,4,'',1,2900,4,'',2,7000,4,'',1,2800,4,'',2,7000,4,'',1,3000,4,'',2
'25N-H58NV20A-80-A',14601,54500,,'',1,7000,,'',1,2900,,'',1,6900,,'',1,3000,,'',1,7000,,'',1,3000,,'',1,7000,,'',1,3000,,'',1,7200,,'',1,3100,,'',1,6900,,'',2,2800,,'',1,7300,,'',2,3200,,'',1,7200,,'',2,3200,,'',1,7300,,'',2,3200,,'',1,7300,,'',2,7100,,'',1,3300,,'',2,7100,,'',1,3300,,'',2,7100,,'',1,2800,,'',2,6900,,'',2,2900,,'',1,6900,,'',2,2900,,'',1,2500,,'',2,6500,,'',2,2500,,'',1,6800,,'',2,2900,,'',1,7000,,'',2,3000,,'',1,7000,,'',2,3000,,'',1,7000,,'',2,3000,,'',1
'25N-H58NV20A-80-A',14602,64000,4,'',1,7000,4,'',1,3000,4,'',1,6900,4,'',1,3100,4,'',1,7000,4,'',1,3000,4,'',1,7100,4,'',1,3200,4,'',1,6900,4,'',2,2800,4,'',1,7300,4,'',2,3200,4,'',1,7200,4,'',2,3200,4,'',1,7300,4,'',2,3200,4,'',1,7300,4,'',2,3100,4,'',1,7300,4,'',2,7100,4,'',1,3300,4,'',2,7100,4,'',1,2800,4,'',2,6900,4,'',2,2900,4,'',1,6900,4,'',2,2900,4,'',1,2500,4,'',2,6400,4,'',2,2600,4,'',1,6700,4,'',2,2900,4,'',1,6900,4,'',2,3000,4,'',1,7000,4,'',2,2900,4,'',1,7000,4,'',2,3000,4,'',1,6900,4,'',2
'25N-H58NV20I-80-I',14601,64500,,'',1,7000,,'',2,3000,,'',1,6900,,'',2,3000,,'',1,7000,,'',2,3000,,'',1,7000,,'',2,3000,,'',1,7100,,'',2,3000,,'',1,7200,,'',2,3000,,'',1,7100,,'',2,3100,,'',1,7100,,'',2,3100,,'',1,7100,,'',1,3100,,'',2,7100,,'',1,3100,,'',2,7000,,'',2,3100,,'',1,7100,,'',2,2900,,'',1,7100,,'',2,3000,,'',1,7100,,'',2,3000,,'',1,6900,,'',2,2700,,'',1,6700,,'',2,2700,,'',1,6800,,'',2,2900,,'',1,7000,,'',2,3000,,'',1,7000,,'',2
'25N-H58NV20I-80-I',14602,74000,4,'',1,7000,4,'',2,3000,4,'',1,7000,4,'',2,3100,4,'',1,7000,4,'',2,3000,4,'',1,7000,4,'',2,3100,4,'',1,7200,4,'',2,3000,4,'',1,7100,4,'',2,3100,4,'',1,7100,4,'',2,3100,4,'',1,7100,4,'',1,3100,4,'',2,7100,4,'',1,3100,4,'',2,7000,4,'',2,3000,4,'',1,7200,4,'',2,2900,4,'',1,7100,4,'',2,3000,4,'',1,7100,4,'',2,3000,4,'',1,6800,4,'',2,2800,4,'',1,6700,4,'',2,2700,4,'',1,6700,4,'',2,2900,4,'',1,7000,4,'',2,2800,4,'',1,7000,4,'',2,3000,4,'',1
'25N-H58NV20S-80-S',14601,54500,,'',1,7100,,'',2,3100,,'',2,6900,,'',1,2500,,'',2,6100,,'',2,2300,,'',1,2200,,'',1,7300,,'',2,3300,,'',1,7100,,'',1,3100,,'',2,7200,,'',1,3200,,'',1,7200,,'',2,7200,,'',1,3200,,'',1,7200,,'',2,3100,,'',1,7100,,'',1,2700,,'',2,1900,,'',1,5900,,'',1,2100,,'',1,7000,,'',2,3100,,'',1,7200,,'',1,2900,,'',2,6800,,'',1,3200,,'',1,7200,,'',1,3100,,'',1,7100,,'',1,3100,,'',1,7000,,'',1,3000,,'',1,6900,,'',1,3000,,'',1,7000,,'',2,3000,,'',1,6500,,'',1
'25N-H58NV20S-80-S',14602,54000,4,'',1,7000,4,'',2,3300,4,'',2,6600,4,'',1,2600,4,'',2,1000,4,'',2,1300,4,'',2,5600,4,'',1,1400,4,'',1,1500,4,'',1,1400,4,'',2,5400,4,'',2,1200,4,'',2,2700,4,'',1,7100,4,'',1,3100,4,'',2,7200,4,'',1,3200,4,'',1,7200,4,'',2,7200,4,'',1,3100,4,'',1,7000,4,'',2,3100,4,'',1,7000,4,'',1,3000,4,'',2,6900,4,'',1,3000,4,'',1,7000,4,'',2,3100,4,'',1,7200,4,'',1,3000,4,'',2,6800,4,'',1,3200,4,'',1,7200,4,'',1,3100,4,'',1,7100,4,'',1,3100,4,'',1,7000,4,'',1,3000,4,'',1,6900,4,'',1,2900,4,'',1,7000,4,'',1,3100,4,'',1,7100,4,'',2,3300,4,'',1
