18501,'H59U000A-80-A',610,,265807,24,0,5,1,27,,265815,24,0,5,1,71,,265808,24,0,5,1,29,,265809,24,0,5,1,71,,265816,24,0,5,1,30,,265817,24,0,5,2,71,,265810,24,0,5,1,33,,265821,24,0,5,1,71,,265818,24,0,5,2,31,,265811,24,0,5,1,73,,265822,24,0,5,1,31,,265819,24,0,5,2,73,,265812,24,0,5,1,34,,265833,24,0,5,2,73,,265823,24,0,5,1,72,,265831,24,0,5,1,31,,265813,24,0,5,1,71,,265834,24,0,5,2,30,,265824,24,0,5,1,70,,265832,24,0,5,1,30,,265814,24,0,5,1,70,,265835,24,0,5,2,27,,265825,24,0,5,1,30,,265820,24,0,5,2,70,,265836,24,0,5,1,30,,265802,24,0,5,2,72,,265826,24,0,5,1,70,,265837,24,0,5,1,31,,265803,24,0,5,2,71,,265827,24,0,5,1,30,,265838,24,0,5,1,71,,265804,24,0,5,2,30,,265828,24,0,5,1,70,,265839,24,0,5,1,29,,265805,24,0,5,2,69,,265829,24,0,5,1,29,,265840,24,0,5,1,69,,265806,24,0,5,2,25,,265830,24,0,5,1
18501,'H59U000I-80-I',610,,265841,24,0,5,1,31,,265853,24,0,5,2,70,,265865,24,0,5,1,33,,265842,24,0,5,1,74,,265854,24,0,5,2,31,,265866,24,0,5,1,73,,265843,24,0,5,1,31,,265855,24,0,5,2,73,,265867,24,0,5,1,74,,265844,24,0,5,1,33,,265856,24,0,5,2,71,,265868,24,0,5,1,35,,265845,24,0,5,1,73,,265857,24,0,5,2,33,,265869,24,0,5,1,73,,265872,24,0,5,1,33,,265846,24,0,5,1,71,,265858,24,0,5,2,29,,265870,24,0,5,1,71,,265873,24,0,5,1,31,,265847,24,0,5,1,70,,265859,24,0,5,2,29,,265871,24,0,5,1,68,,265874,24,0,5,1,28,,265848,24,0,5,1,70,,265860,24,0,5,2,30,,265875,24,0,5,1,69,,265849,24,0,5,1,30,,265861,24,0,5,2,69,,265876,24,0,5,1,30,,265850,24,0,5,1,69,,265862,24,0,5,2,28,,265877,24,0,5,1,67,,265851,24,0,5,1,28,,265863,24,0,5,2,68,,265878,24,0,5,1,26,,265852,24,0,5,1,68,,265864,24,0,5,2,27,,265879,24,0,5,1
18501,'H59U000S-80-S',618,,265880,24,0,5,1,32,,265885,24,0,5,2,75,,265882,24,0,5,1,34,,265881,24,0,5,1,72,,265883,24,0,5,1,72,,265906,24,0,5,1,33,,265886,24,0,5,1,71,,265916,24,0,5,1,32,,265884,24,0,5,1,70,,265907,24,0,5,1,30,,265887,24,0,5,1,69,,265917,24,0,5,1,28,,265895,24,0,5,2,66,,265908,24,0,5,1,27,,265888,24,0,5,1,28,,265918,24,0,5,1,69,,265896,24,0,5,2,30,,265909,24,0,5,1,69,,265889,24,0,5,1,31,,265919,24,0,5,1,69,,265897,24,0,5,2,30,,265910,24,0,5,1,71,,265890,24,0,5,1,30,,265904,24,0,5,1,67,,265898,24,0,5,2,24,,265911,24,0,5,1,67,,265891,24,0,5,1,26,,265905,24,0,5,1,65,,265899,24,0,5,2,30,,265912,24,0,5,1,70,,265892,24,0,5,1,31,,265900,24,0,5,2,70,,265913,24,0,5,1,30,,265893,24,0,5,1,67,,265901,24,0,5,2,28,,265914,24,0,5,1,69,,265894,24,0,5,1,28,,265902,24,0,5,2,29,,265915,24,0,5,1,70,,265903,24,0,5,2
18501,'H59U100F-80-F1',610,,265920,24,0,5,1,31,,265932,24,0,5,2,70,,265944,24,0,5,1,33,,265921,24,0,5,1,74,,265933,24,0,5,2,31,,265945,24,0,5,1,73,,265922,24,0,5,1,31,,265934,24,0,5,2,73,,265946,24,0,5,1,74,,265923,24,0,5,1,33,,265935,24,0,5,2,71,,265947,24,0,5,1,35,,265924,24,0,5,1,73,,265936,24,0,5,2,33,,265948,24,0,5,1,73,,265951,24,0,5,1,33,,265925,24,0,5,1,71,,265937,24,0,5,2,29,,265949,24,0,5,1,71,,265952,24,0,5,1,31,,265926,24,0,5,1,70,,265938,24,0,5,2,29,,265950,24,0,5,1,68,,265953,24,0,5,1,28,,265927,24,0,5,1,70,,265939,24,0,5,2,30,,265954,24,0,5,1,69,,265928,24,0,5,1,30,,265940,24,0,5,2,69,,265955,24,0,5,1,30,,265929,24,0,5,1,69,,265941,24,0,5,2,28,,265956,24,0,5,1,67,,265930,24,0,5,1,28,,265942,24,0,5,2,68,,265957,24,0,5,1,26,,265931,24,0,5,1,68,,265943,24,0,5,2,27,,265958,24,0,5,1
18501,'H59U200F-80-F2',610,,265959,24,0,5,1,31,,265960,24,0,5,2,70,,265961,24,0,5,1,33,,265962,24,0,5,1,74,,265963,24,0,5,2,31,,265964,24,0,5,1,73,,265965,24,0,5,1,31,,265966,24,0,5,2,73,,265967,24,0,5,1,74,,265968,24,0,5,1,33,,265969,24,0,5,2,71,,265970,24,0,5,1,35,,265971,24,0,5,1,73,,265972,24,0,5,2,33,,265973,24,0,5,1,73,,265974,24,0,5,1,33,,265975,24,0,5,1,71,,265976,24,0,5,2,29,,265977,24,0,5,1,71,,265978,24,0,5,1,31,,265979,24,0,5,1,70,,265980,24,0,5,2,29,,265981,24,0,5,1,68,,265982,24,0,5,1,28,,265983,24,0,5,1,70,,265984,24,0,5,2,30,,265985,24,0,5,1,69,,265986,24,0,5,1,30,,265987,24,0,5,2,69,,265988,24,0,5,1,30,,265989,24,0,5,1,69,,265990,24,0,5,2,28,,265991,24,0,5,1,67,,265992,24,0,5,1,28,,265993,24,0,5,2,68,,265994,24,0,5,1,26,,265995,24,0,5,1,68,,265996,24,0,5,2,27,,265997,24,0,5,1
36401,'H54U000A-80-A',2617,,277444,45,0,5,2,87,,277443,45,0,5,1,31,,277447,45,0,5,1,10,,277446,45,0,5,1,85,,277445,45,0,5,1,84,,277448,45,0,5,2
36401,'H54U000I-80-I',2611,,277450,45,0,5,2,46,,277453,45,0,5,1,71,,277454,45,0,5,1,31,,277451,45,0,5,1,72,,277449,45,0,5,1,81,,277452,45,0,5,1
36401,'H54U000S-81-S',2614,,277456,45,0,5,1,44,,277455,45,0,5,1,84,,277459,45,0,5,2,84,,277458,45,0,5,1,85,,277457,45,0,5,1
36401,'H54U100F-80-F1',2611,,277461,45,0,5,2,46,,277464,45,0,5,1,71,,277465,45,0,5,1,31,,277462,45,0,5,1,72,,277460,45,0,5,1,81,,277463,45,0,5,1
36401,'H54U200F-82-F2',2611,,277471,45,0,5,1,46,,277469,45,0,5,1,71,,277468,45,0,5,2,31,,277470,45,0,5,2,72,,277467,45,0,5,1,81,,277466,45,0,5,2
