10001,'H50J000A-84-A',512,,34560,13,0,5,1,30,,34559,13,0,5,1,71,,34601,13,0,5,2,33,,34561,13,0,5,1,73,,34571,13,0,5,1,27,,34602,13,0,5,2,67,,34562,13,0,5,1,27,,34568,13,0,5,1,68,,34572,13,0,5,1,27,,34563,13,0,5,1,71,,34557,13,0,5,2,30,,34573,13,0,5,1,72,,34564,13,0,5,1,33,,34558,13,0,5,2,69,,34574,13,0,5,1,28,,34592,13,0,5,1,68,,34585,13,0,5,2,28,,34565,13,0,5,2,67,,34575,13,0,5,1,24,,34593,13,0,5,1,22,,34586,13,0,5,2,61,,34577,13,0,5,1,12,,34576,13,0,5,1,2,,34566,13,0,5,2,19,,34569,13,0,5,1,60,,34594,13,0,5,1,18,,34578,13,0,5,1,16,,34587,13,0,5,2,13,,34604,13,0,5,1,53,,34567,13,0,5,2,10,,34595,13,0,5,1,18,,34570,13,0,5,1,24,,34579,13,0,5,1,66,,34588,13,0,5,2,28,,34596,13,0,5,1,70,,34580,13,0,5,1,30,,34589,13,0,5,2,68,,34597,13,0,5,1,28,,34581,13,0,5,1,68,,34590,13,0,5,2,27,,34598,13,0,5,1,72,,34582,13,0,5,1,33,,34591,13,0,5,2,74,,34599,13,0,5,1,24,,34583,13,0,5,1,69,,34603,13,0,5,1,34,,34600,13,0,5,1,78,,34584,13,0,5,1
10001,'H50J000I-84-I',623,,34618,13,0,5,1,28,,34605,13,0,5,1,68,,34636,13,0,5,1,33,,34619,13,0,5,1,73,,34606,13,0,5,1,33,,34637,13,0,5,1,69,,34620,13,0,5,1,29,,34607,13,0,5,1,69,,34638,13,0,5,1,29,,34621,13,0,5,1,70,,34608,13,0,5,1,30,,34624,13,0,5,1,73,,34622,13,0,5,1,32,,34609,13,0,5,1,71,,34625,13,0,5,1,71,,34623,13,0,5,1,30,,34610,13,0,5,1,28,,34627,13,0,5,1,59,,34647,13,0,5,1,3,,34626,13,0,5,1,10,,34629,13,0,5,2,14,,34646,13,0,5,1,55,,34611,13,0,5,1,16,,34640,13,0,5,1,19,,34628,13,0,5,1,20,,34630,13,0,5,2,60,,34648,13,0,5,2,20,,34612,13,0,5,1,24,,34641,13,0,5,1,70,,34631,13,0,5,2,30,,34613,13,0,5,1,70,,34642,13,0,5,1,30,,34632,13,0,5,2,70,,34614,13,0,5,1,30,,34643,13,0,5,1,70,,34633,13,0,5,2,30,,34615,13,0,5,1,70,,34644,13,0,5,1,30,,34634,13,0,5,2,60,,34616,13,0,5,1,25,,34639,13,0,5,1,70,,34645,13,0,5,1,33,,34635,13,0,5,2,75,,34617,13,0,5,1
10001,'H50J000S-83-S',514,,34649,13,0,5,2,33,,34691,13,0,5,2,73,,34655,13,0,5,1,20,,34650,13,0,5,2,19,,34698,13,0,5,2,60,,34666,13,0,5,1,28,,34665,13,0,5,1,69,,34651,13,0,5,2,30,,34675,13,0,5,1,69,,34656,13,0,5,1,27,,34667,13,0,5,1,73,,34652,13,0,5,2,33,,34657,13,0,5,1,66,,34668,13,0,5,1,30,,34676,13,0,5,2,70,,34653,13,0,5,2,31,,34658,13,0,5,1,67,,34669,13,0,5,1,24,,34677,13,0,5,2,19,,34682,13,0,5,2,58,,34654,13,0,5,2,11,,34659,13,0,5,1,16,,34694,13,0,5,1,14,,34670,13,0,5,1,66,,34678,13,0,5,2,10,,34689,13,0,5,1,10,,34683,13,0,5,2,62,,34688,13,0,5,1,12,,34660,13,0,5,1,25,,34671,13,0,5,1,13,,34690,13,0,5,1,54,,34679,13,0,5,2,14,,34702,13,0,5,1,14,,34684,13,0,5,2,15,,34696,13,0,5,2,55,,34661,13,0,5,1,23,,34672,13,0,5,1,26,,34680,13,0,5,2,69,,34685,13,0,5,2,29,,34662,13,0,5,1,69,,34681,13,0,5,2,29,,34686,13,0,5,2,69,,34663,13,0,5,1,28,,34699,13,0,5,1,68,,34687,13,0,5,2,22,,34673,13,0,5,1,17,,34697,13,0,5,1,55,,34664,13,0,5,1,5,,34700,13,0,5,1,10,,34695,13,0,5,1,21,,34692,13,0,5,2,71,,34674,13,0,5,1,33,,34701,13,0,5,1,72,,34693,13,0,5,2
10001,'H50JV00A-81-A',512,,34706,13,0,5,1,30,,34705,13,0,5,1,71,,34747,13,0,5,2,33,,34707,13,0,5,1,73,,34717,13,0,5,1,27,,34748,13,0,5,2,67,,34708,13,0,5,1,27,,34714,13,0,5,1,68,,34718,13,0,5,1,27,,34709,13,0,5,1,71,,34703,13,0,5,2,30,,34719,13,0,5,1,72,,34710,13,0,5,1,33,,34704,13,0,5,2,69,,34720,13,0,5,1,28,,34738,13,0,5,1,68,,34731,13,0,5,2,28,,34711,13,0,5,2,67,,34721,13,0,5,1,24,,34739,13,0,5,1,22,,34732,13,0,5,2,61,,34723,13,0,5,1,12,,34722,13,0,5,1,2,,34712,13,0,5,2,19,,34715,13,0,5,1,60,,34740,13,0,5,1,18,,34724,13,0,5,1,16,,34733,13,0,5,2,13,,34750,13,0,5,1,53,,34713,13,0,5,2,10,,34741,13,0,5,1,18,,34716,13,0,5,1,24,,34725,13,0,5,1,66,,34734,13,0,5,2,28,,34742,13,0,5,1,70,,34726,13,0,5,1,30,,34735,13,0,5,2,68,,34743,13,0,5,1,28,,34727,13,0,5,1,68,,34736,13,0,5,2,27,,34744,13,0,5,1,72,,34728,13,0,5,1,33,,34737,13,0,5,2,74,,34745,13,0,5,1,24,,34729,13,0,5,1,69,,34749,13,0,5,1,34,,34746,13,0,5,1,78,,34730,13,0,5,1
10001,'H50JV00I-81-I',623,,34764,13,0,5,1,28,,34751,13,0,5,1,68,,34782,13,0,5,1,33,,34765,13,0,5,1,73,,34752,13,0,5,1,33,,34783,13,0,5,1,69,,34766,13,0,5,1,29,,34753,13,0,5,1,69,,34784,13,0,5,1,29,,34767,13,0,5,1,70,,34754,13,0,5,1,30,,34770,13,0,5,1,73,,34768,13,0,5,1,32,,34755,13,0,5,1,71,,34771,13,0,5,1,71,,34769,13,0,5,1,30,,34756,13,0,5,1,28,,34773,13,0,5,1,59,,34793,13,0,5,1,3,,34772,13,0,5,1,10,,34775,13,0,5,2,14,,34792,13,0,5,1,55,,34757,13,0,5,1,16,,34786,13,0,5,1,19,,34774,13,0,5,1,20,,34776,13,0,5,2,60,,34794,13,0,5,2,20,,34758,13,0,5,1,24,,34787,13,0,5,1,70,,34777,13,0,5,2,30,,34759,13,0,5,1,70,,34788,13,0,5,1,30,,34778,13,0,5,2,70,,34760,13,0,5,1,30,,34789,13,0,5,1,70,,34779,13,0,5,2,30,,34761,13,0,5,1,70,,34790,13,0,5,1,30,,34780,13,0,5,2,60,,34762,13,0,5,1,25,,34785,13,0,5,1,70,,34791,13,0,5,1,33,,34781,13,0,5,2,75,,34763,13,0,5,1
10001,'H50JV00S-82-S',514,,34795,13,0,5,1,33,,34837,13,0,5,1,73,,34801,13,0,5,1,20,,34796,13,0,5,1,19,,34844,13,0,5,2,60,,34812,13,0,5,1,28,,34811,13,0,5,1,69,,34797,13,0,5,1,30,,34821,13,0,5,1,69,,34802,13,0,5,1,27,,34813,13,0,5,1,73,,34798,13,0,5,1,33,,34803,13,0,5,1,66,,34814,13,0,5,1,30,,34822,13,0,5,2,70,,34799,13,0,5,1,31,,34804,13,0,5,1,67,,34815,13,0,5,1,24,,34823,13,0,5,2,19,,34828,13,0,5,2,58,,34800,13,0,5,1,11,,34805,13,0,5,1,16,,34840,13,0,5,1,14,,34816,13,0,5,1,66,,34824,13,0,5,2,10,,34835,13,0,5,1,10,,34829,13,0,5,2,62,,34834,13,0,5,1,12,,34806,13,0,5,1,25,,34817,13,0,5,1,13,,34836,13,0,5,1,54,,34825,13,0,5,2,14,,34848,13,0,5,1,14,,34830,13,0,5,2,15,,34842,13,0,5,2,55,,34807,13,0,5,1,23,,34818,13,0,5,1,26,,34826,13,0,5,2,69,,34831,13,0,5,2,29,,34808,13,0,5,1,69,,34827,13,0,5,2,29,,34832,13,0,5,2,69,,34809,13,0,5,1,28,,34845,13,0,5,1,68,,34833,13,0,5,2,22,,34819,13,0,5,1,17,,34843,13,0,5,1,55,,34810,13,0,5,1,5,,34846,13,0,5,1,10,,34841,13,0,5,1,21,,34838,13,0,5,1,71,,34820,13,0,5,1,33,,34847,13,0,5,1,72,,34839,13,0,5,1
10001,'H51J000S-80-S',1551,,34849,13,0,5,2
10001,'H51JV00S-84-S',1551,,34850,13,0,5,2
10001,'H58J000S-81-S',1509,,34851,13,0,5,2,5,,34852,13,0,5,2
10001,'H58J000S-83-S',1509,,34853,13,0,5,2,5,,34854,13,0,5,2
10001,'H58JV00S-82-S',1509,,34855,13,0,5,2,5,,34856,13,0,5,2
10001,'H60J000S-98-S',1627,,34857,13,0,5,2
10001,'H60JV00S-98-S',1627,,34858,13,0,5,2
