'26J-H54J000A-80-A',8103,74730,0,'Nord',1,6600,0,'Nord',1,2500,0,'Nord',1,6600,0,'Nord',1,2600,0,'Nord',1,2500,0,'Nord',1,6500,0,'Nord',1,2500,0,'Nord',1,6500,0,'Nord',1,2500,0,'Nord',1,6500,0,'Nord',1,2500,0,'Nord',1,2500,0,'Nord',1,6500,0,'Nord',1,2500,0,'Nord',1,6500,0,'Nord',1,2500,0,'Nord',1,2600,0,'Nord',1,6600,0,'Nord',1,2600,0,'Nord',1,6600,0,'Nord',1,2500,0,'Nord',1,6500,0,'Nord',1,2500,0,'Nord',1,2500,0,'Nord',1,6500,0,'Nord',1,2500,0,'Nord',1,6500,0,'Nord',1,2500,0,'Nord',1,2500,0,'Nord',1,6600,0,'Nord',1,2700,0,'Nord',1
'26J-H54J000I-80-I',8103,74730,0,'Nord',1,6400,0,'Nord',1,2500,0,'Nord',1,6500,0,'Nord',1,2500,0,'Nord',1,2600,0,'Nord',2,6600,0,'Nord',2,2500,0,'Nord',1,6500,0,'Nord',2,2500,0,'Nord',2,2500,0,'Nord',1,6510,0,'Nord',2,2500,0,'Nord',2,6600,0,'Nord',1,2600,0,'Nord',2,6590,0,'Nord',2,2600,0,'Nord',1,2500,0,'Nord',2,6500,0,'Nord',2,2500,0,'Nord',1,6500,0,'Nord',2,2500,0,'Nord',2,6500,0,'Nord',1,2500,0,'Nord',2,2600,0,'Nord',2,6600,0,'Nord',1,2600,0,'Nord',2,6500,0,'Nord',2,2500,0,'Nord',1,6500,0,'Nord',2,2500,0,'Nord',2,2700,0,'Nord',1
'26J-H54J000S-83-S',8103,63540,0,'Nord',1,6900,0,'Nord',2,2700,0,'Nord',2,6900,0,'Nord',1,2990,0,'Nord',1,7000,0,'Nord',2,2700,0,'Nord',2,2600,0,'Nord',1,6500,0,'Nord',2,2500,0,'Nord',2,6500,0,'Nord',1,2500,0,'Nord',2,2500,0,'Nord',2,6500,0,'Nord',1,2500,0,'Nord',2,6500,0,'Nord',2,2600,0,'Nord',1,6600,0,'Nord',2,2500,0,'Nord',2,2500,0,'Nord',1,6400,0,'Nord',2,2400,0,'Nord',2,6500,0,'Nord',1,2500,0,'Nord',2,2500,0,'Nord',2,6500,0,'Nord',1,2500,0,'Nord',2,6500,0,'Nord',2,2500,0,'Nord',1,6500,0,'Nord',2,2500,0,'Nord',2,2400,0,'Nord',1,6400,0,'Nord',2,2500,0,'Nord',2,7000,0,'Nord',1,3100,0,'Nord',2
'26J-H54JV00A-80-A',8103,74730,0,'Nord',1,6600,0,'Nord',1,2500,0,'Nord',1,6600,0,'Nord',1,2600,0,'Nord',1,2500,0,'Nord',1,6500,0,'Nord',1,2500,0,'Nord',1,6500,0,'Nord',1,2500,0,'Nord',1,6500,0,'Nord',1,2500,0,'Nord',1,2500,0,'Nord',1,6500,0,'Nord',1,2500,0,'Nord',1,6500,0,'Nord',1,2500,0,'Nord',1,2600,0,'Nord',1,6600,0,'Nord',1,2600,0,'Nord',1,6600,0,'Nord',1,2500,0,'Nord',1,6500,0,'Nord',1,2500,0,'Nord',1,2500,0,'Nord',1,6500,0,'Nord',1,2500,0,'Nord',1,6500,0,'Nord',1,2500,0,'Nord',1,2500,0,'Nord',1,6600,0,'Nord',1,2700,0,'Nord',1
'26J-H54JV00I-80-I',8103,74730,0,'Nord',1,6400,0,'Nord',1,2500,0,'Nord',1,6500,0,'Nord',1,2500,0,'Nord',1,2600,0,'Nord',2,6600,0,'Nord',2,2500,0,'Nord',1,6500,0,'Nord',2,2500,0,'Nord',2,2500,0,'Nord',1,6510,0,'Nord',2,2500,0,'Nord',2,6600,0,'Nord',1,2600,0,'Nord',2,6590,0,'Nord',2,2600,0,'Nord',1,2500,0,'Nord',2,6500,0,'Nord',2,2500,0,'Nord',1,6500,0,'Nord',2,2500,0,'Nord',2,6500,0,'Nord',1,2500,0,'Nord',2,2600,0,'Nord',2,6600,0,'Nord',1,2600,0,'Nord',2,6500,0,'Nord',2,2500,0,'Nord',1,6500,0,'Nord',2,2500,0,'Nord',2,2700,0,'Nord',1
'26J-H54JV00S-80-S',8103,63540,0,'Nord',1,6900,0,'Nord',1,2700,0,'Nord',2,6900,0,'Nord',1,2990,0,'Nord',1,7000,0,'Nord',2,2700,0,'Nord',1,2600,0,'Nord',1,6500,0,'Nord',2,2500,0,'Nord',1,6500,0,'Nord',1,2500,0,'Nord',2,2500,0,'Nord',1,6500,0,'Nord',1,2500,0,'Nord',2,6500,0,'Nord',1,2600,0,'Nord',1,6600,0,'Nord',2,2500,0,'Nord',1,2500,0,'Nord',1,6400,0,'Nord',2,2400,0,'Nord',1,6500,0,'Nord',1,2500,0,'Nord',2,2500,0,'Nord',1,6500,0,'Nord',1,2500,0,'Nord',2,6500,0,'Nord',1,2500,0,'Nord',1,6500,0,'Nord',2,2500,0,'Nord',1,2400,0,'Nord',1,6400,0,'Nord',2,2500,0,'Nord',1,7000,0,'Nord',1,3100,0,'Nord',2
'26J-H54J000A-80-A',8601,61720,0,'Est',1,3300,0,'Est',1,7300,0,'Est',2,3300,0,'Est',1,7200,0,'Est',1,7220,0,'Est',1,3300,0,'Est',1,7200,0,'Est',2,3200,0,'Est',1,7200,0,'Est',1,3200,0,'Est',1,7300,0,'Est',1,3300,0,'Est',2,7300,0,'Est',1,3300,0,'Est',1,7200,0,'Est',1,3300,0,'Est',1,7300,0,'Est',2,7190,0,'Est',1,3300,0,'Est',1,7200,0,'Est',1,3300,0,'Est',1,7300,0,'Est',2,3290,0,'Est',1,7300,0,'Est',1,3200,0,'Est',1,7300,0,'Est',1,3300,0,'Est',1,7300,0,'Est',1,7100,0,'Est',1,3200,0,'Est',1,7200,0,'Est',1,3300,0,'Est',1,7300,0,'Est',1,3100,0,'Est',1,7300,0,'Est',1,3200,0,'Est',1,7100,0,'Est',1
'26J-H54J000I-80-I',8601,61820,0,'Est',1,3200,0,'Est',1,7100,0,'Est',2,3100,0,'Est',2,7200,0,'Est',1,3200,0,'Est',1,7200,0,'Est',1,7210,0,'Est',1,3200,0,'Est',2,7200,0,'Est',1,3300,0,'Est',1,7200,0,'Est',1,3200,0,'Est',1,7200,0,'Est',2,3200,0,'Est',1,7200,0,'Est',1,3200,0,'Est',1,7300,0,'Est',1,3300,0,'Est',2,7100,0,'Est',1,3300,0,'Est',1,7300,0,'Est',1,7300,0,'Est',1,3300,0,'Est',2,7300,0,'Est',1,3290,0,'Est',1,7200,0,'Est',1,3100,0,'Est',1,7100,0,'Est',2,3000,0,'Est',1,7000,0,'Est',1,2900,0,'Est',1,7000,0,'Est',1,3100,0,'Est',1,7200,0,'Est',1,3200,0,'Est',1,7200,0,'Est',1,3100,0,'Est',1,7000,0,'Est',1
'26J-H54J000S-83-S',8601,60840,0,'Est',2,2700,0,'Est',1,6800,0,'Est',2,3400,0,'Est',2,7300,0,'Est',1,3200,0,'Est',2,7090,0,'Est',1,3000,0,'Est',1,7000,0,'Est',2,2700,0,'Est',1,6700,0,'Est',1,2800,0,'Est',1,6700,0,'Est',1,3000,0,'Est',1,7000,0,'Est',2,3000,0,'Est',1,7100,0,'Est',1,3100,0,'Est',1,7000,0,'Est',1,3000,0,'Est',1,7010,0,'Est',2,10300,0,'Est',1,3300,0,'Est',1,7290,0,'Est',2,3100,0,'Est',2,7200,0,'Est',1,2800,0,'Est',1,6900,0,'Est',1,2900,0,'Est',2,6900,0,'Est',2,2900,0,'Est',1,6900,0,'Est',1,2900,0,'Est',1,6790,0,'Est',1,2800,0,'Est',1,7000,0,'Est',1,3000,0,'Est',1,7200,0,'Est',1,3100,0,'Est',1,7000,0,'Est',1
'26J-H54JV00A-80-A',8601,61720,0,'Est',1,3300,0,'Est',1,7300,0,'Est',2,3300,0,'Est',1,7200,0,'Est',1,7220,0,'Est',1,3300,0,'Est',1,7200,0,'Est',2,3200,0,'Est',1,7200,0,'Est',1,3200,0,'Est',1,7300,0,'Est',1,3300,0,'Est',2,7300,0,'Est',1,3300,0,'Est',1,7200,0,'Est',1,3300,0,'Est',1,7300,0,'Est',2,7190,0,'Est',1,3300,0,'Est',1,7200,0,'Est',1,3300,0,'Est',1,7300,0,'Est',2,3290,0,'Est',1,7300,0,'Est',1,3200,0,'Est',1,7300,0,'Est',1,3300,0,'Est',1,7300,0,'Est',1,7100,0,'Est',1,3200,0,'Est',1,7200,0,'Est',1,3300,0,'Est',1,7300,0,'Est',1,3100,0,'Est',1,7300,0,'Est',1,3200,0,'Est',1,7100,0,'Est',1
'26J-H54JV00I-80-I',8601,61820,0,'Est',1,3200,0,'Est',1,7100,0,'Est',2,3100,0,'Est',2,7200,0,'Est',1,3200,0,'Est',1,7200,0,'Est',1,7210,0,'Est',1,3200,0,'Est',2,7200,0,'Est',1,3300,0,'Est',1,7200,0,'Est',1,3200,0,'Est',1,7200,0,'Est',2,3200,0,'Est',1,7200,0,'Est',1,3200,0,'Est',1,7300,0,'Est',1,3300,0,'Est',2,7100,0,'Est',1,3300,0,'Est',1,7300,0,'Est',1,7300,0,'Est',1,3300,0,'Est',2,7300,0,'Est',1,3290,0,'Est',1,7200,0,'Est',1,3100,0,'Est',1,7100,0,'Est',2,3000,0,'Est',1,7000,0,'Est',1,2900,0,'Est',1,7000,0,'Est',1,3100,0,'Est',1,7200,0,'Est',1,3200,0,'Est',1,7200,0,'Est',1,3100,0,'Est',1,7000,0,'Est',1
'26J-H54JV00S-80-S',8601,60840,0,'Est',2,2700,0,'Est',1,6800,0,'Est',1,3400,0,'Est',2,7300,0,'Est',1,3200,0,'Est',2,7090,0,'Est',1,3000,0,'Est',1,7000,0,'Est',2,2700,0,'Est',1,6700,0,'Est',1,2800,0,'Est',1,6700,0,'Est',1,3000,0,'Est',1,7000,0,'Est',2,3000,0,'Est',1,7100,0,'Est',1,3100,0,'Est',1,7000,0,'Est',1,3000,0,'Est',1,7010,0,'Est',2,10300,0,'Est',1,3300,0,'Est',1,7290,0,'Est',1,3100,0,'Est',2,7200,0,'Est',1,2800,0,'Est',1,6900,0,'Est',1,2900,0,'Est',1,6900,0,'Est',2,2900,0,'Est',1,6900,0,'Est',1,2900,0,'Est',1,6790,0,'Est',1,2800,0,'Est',1,7000,0,'Est',1,3000,0,'Est',1,7200,0,'Est',1,3100,0,'Est',1,7000,0,'Est',1
'26J-H58J000S-81-S',8601,163540,0,'Est',1
'26J-H58JV00S-82-S',8601,163540,0,'Est',1
