2801,'H50M000S-70-S',837,,92929,9,,,2
2801,'H54M000A-70-A',508,,92945,9,,,1,35,,92958,9,,,1,75,,92930,9,,,1,35,,92942,9,,,1,75,,92959,9,,,1,74,,92931,9,,,1,34,,92943,9,,,1,73,,92956,9,,,1,33,,92934,9,,,1,73,,92944,9,,,1,34,,92957,9,,,1,74,,92932,9,,,1,34,,92946,9,,,1,74,,92965,9,,,2,74,,92933,9,,,1,33,,92947,9,,,1,72,,92966,9,,,2,32,,92935,9,,,1,71,,92948,9,,,1,31,,92967,9,,,2,72,,92936,9,,,1,32,,92949,9,,,1,72,,92968,9,,,2,33,,92937,9,,,1,73,,92950,9,,,1,33,,92960,9,,,1,73,,92938,9,,,1,73,,92951,9,,,1,33,,92961,9,,,1,73,,92939,9,,,1,33,,92952,9,,,1,72,,92962,9,,,1,32,,92940,9,,,1,71,,92953,9,,,1,32,,92963,9,,,1,73,,92941,9,,,1,33,,92954,9,,,1,73,,92964,9,,,1,23,,92955,9,,,1
2801,'H54M000I-70-I',504,,92970,9,,,1,34,,92980,9,,,2,74,,92971,9,,,1,34,,92984,9,,,1,74,,92981,9,,,2,34,,92985,9,,,1,74,,92996,9,,,1,74,,92982,9,,,2,34,,92986,9,,,1,74,,92997,9,,,1,34,,92983,9,,,2,74,,92987,9,,,1,34,,92998,9,,,1,74,,92972,9,,,2,32,,92988,9,,,1,72,,92999,9,,,1,72,,92973,9,,,2,31,,92989,9,,,1,71,,93000,9,,,1,31,,92974,9,,,2,72,,92990,9,,,1,34,,93001,9,,,1,74,,92975,9,,,2,34,,92991,9,,,1,74,,93002,9,,,1,34,,92976,9,,,2,74,,92992,9,,,1,73,,93003,9,,,1,33,,92977,9,,,2,73,,92993,9,,,1,33,,93004,9,,,1,73,,92978,9,,,2,32,,93006,9,,,1,72,,92994,9,,,1,31,,92979,9,,,2,71,,92969,9,,,1,31,,92995,9,,,1,64,,93005,9,,,1
2801,'H54M000S-70-S',504,,93011,9,,,1,29,,93016,9,,,1,70,,93018,9,,,2,32,,93015,9,,,1,71,,93017,9,,,1,32,,93019,9,,,2,69,,93007,9,,,1,96,,93025,9,,,1,31,,93020,9,,,2,71,,93008,9,,,1,30,,93026,9,,,1,71,,93021,9,,,2,31,,93009,9,,,1,71,,93027,9,,,1,32,,93022,9,,,2,71,,93010,9,,,1,29,,93034,9,,,1,69,,93037,9,,,1,28,,93023,9,,,2,17,,93045,9,,,2,56,,93038,9,,,2,17,,93052,9,,,1,18,,93035,9,,,1,59,,93044,9,,,2,41,,93046,9,,,2,58,,93055,9,,,1,21,,93039,9,,,1,24,,93036,9,,,1,63,,93053,9,,,2,24,,93047,9,,,2,71,,93040,9,,,1,31,,93012,9,,,1,70,,93048,9,,,2,31,,93041,9,,,1,70,,93013,9,,,1,31,,93049,9,,,2,70,,93042,9,,,1,29,,93014,9,,,1,71,,93050,9,,,2,30,,93043,9,,,1,69,,93056,9,,,2,32,,93051,9,,,2,73,,93054,9,,,1
2801,'H54M100F-70-F1',504,,93057,9,,,1,34,,93070,9,,,2,74,,93066,9,,,1,34,,93058,9,,,1,74,,93069,9,,,2,34,,93067,9,,,1,74,,93059,9,,,1,74,,93071,9,,,2,34,,93068,9,,,1,74,,93060,9,,,1,34,,93072,9,,,2,74,,93083,9,,,2,34,,93061,9,,,1,74,,93073,9,,,2,32,,93084,9,,,2,72,,93062,9,,,1,72,,93074,9,,,2,31,,93085,9,,,2,71,,93063,9,,,1,31,,93075,9,,,2,72,,93086,9,,,2,34,,93064,9,,,1,74,,93076,9,,,2,34,,93087,9,,,2,74,,93065,9,,,1,34,,93077,9,,,2,74,,93088,9,,,2,73,,93091,9,,,1,33,,93078,9,,,2,73,,93089,9,,,1,33,,93090,9,,,1,73,,93079,9,,,2,32,,93094,9,,,1,72,,93092,9,,,1,31,,93080,9,,,2,71,,93081,9,,,2,31,,93093,9,,,1,64,,93082,9,,,1
2801,'H54M200F-70-F2',504,,93095,9,,,1,34,,93119,9,,,1,74,,93104,9,,,2,34,,93096,9,,,1,74,,93107,9,,,2,34,,93105,9,,,2,74,,93097,9,,,1,74,,93108,9,,,2,34,,93106,9,,,2,74,,93098,9,,,1,34,,93109,9,,,2,74,,93124,9,,,1,34,,93099,9,,,1,74,,93110,9,,,2,32,,93125,9,,,1,72,,93100,9,,,1,72,,93111,9,,,2,31,,93126,9,,,1,71,,93101,9,,,1,31,,93112,9,,,2,72,,93127,9,,,1,34,,93102,9,,,1,74,,93113,9,,,2,34,,93128,9,,,1,74,,93103,9,,,1,34,,93115,9,,,2,74,,93129,9,,,1,73,,93120,9,,,1,33,,93114,9,,,2,73,,93130,9,,,1,33,,93121,9,,,1,73,,93116,9,,,2,32,,93131,9,,,1,72,,93123,9,,,1,31,,93117,9,,,2,71,,93118,9,,,1,31,,93122,9,,,1,64,,93132,9,,,1
2801,'H54M300F-70-F3',504,,93167,9,,,1,34,,93161,9,,,2,74,,93168,9,,,1,34,,93170,9,,,1,74,,93162,9,,,2,34,,93141,9,,,1,74,,93152,9,,,1,74,,93163,9,,,2,34,,93142,9,,,1,74,,93153,9,,,1,34,,93164,9,,,2,74,,93143,9,,,1,34,,93154,9,,,1,74,,93133,9,,,2,32,,93144,9,,,1,72,,93155,9,,,1,72,,93134,9,,,2,31,,93145,9,,,1,71,,93156,9,,,1,31,,93135,9,,,2,72,,93146,9,,,1,34,,93157,9,,,1,74,,93136,9,,,2,34,,93147,9,,,1,74,,93158,9,,,1,34,,93137,9,,,2,74,,93148,9,,,1,73,,93159,9,,,1,33,,93138,9,,,2,73,,93149,9,,,1,33,,93160,9,,,1,73,,93139,9,,,2,32,,93169,9,,,1,72,,93150,9,,,1,31,,93140,9,,,2,71,,93166,9,,,1,31,,93151,9,,,1,64,,93165,9,,,1
2801,'H57M000S-70-S',1626,,93171,9,,,2
42801,'H54M000S-70-S',1521,,155937,25,,,1,29,,155936,25,,,1,71,,155934,25,,,2,30,,155940,25,,,1,69,,155938,25,,,2,29,,155941,25,,,1,72,,155935,25,,,2,30,,155939,25,,,1
42801,'H54M200F-70-F2',1521,,155949,25,,,1,29,,155946,25,,,1,70,,155943,25,,,2,31,,155945,25,,,2,70,,155948,25,,,1,29,,155950,25,,,2,71,,155947,25,,,2,30,,155942,25,,,1,66,,155944,25,,,1
42801,'H59M000S-70-S',1917,,155951,25,,,1
44901,'H54M000S-70-S',551,,157594,35,,,2,50,,157595,35,,,2,10,,157597,35,,,1,20,,157601,35,,,2,9,,157603,35,,,2,10,,157606,35,,,2,9,,157607,35,,,2,49,,157587,35,,,1,23,,157612,35,,,2,7,,157596,35,,,2,8,,157602,35,,,2,8,,157613,35,,,2,49,,157618,35,,,2,9,,157605,35,,,2,12,,157604,35,,,2,12,,157598,35,,,1,22,,157588,35,,,1,62,,157617,35,,,2,21,,157586,35,,,1,63,,157619,35,,,1,22,,157599,35,,,1,23,,157589,35,,,1,64,,157608,35,,,2,28,,157614,35,,,2,69,,157620,35,,,1,30,,157600,35,,,1,68,,157609,35,,,2,28,,157615,35,,,2,68,,157621,35,,,1,27,,157593,35,,,2,26,,157610,35,,,2,67,,157616,35,,,2,26,,157622,35,,,1,63,,157624,35,,,2,88,,157630,35,,,1,28,,157627,35,,,1,28,,157623,35,,,1,67,,157611,35,,,1,30,,157590,35,,,1,70,,157628,35,,,1,29,,157625,35,,,1,69,,157631,35,,,1,30,,157591,35,,,1,70,,157629,35,,,1,31,,157626,35,,,1,70,,157592,35,,,1
44901,'H54M200F-70-F2',551,,157639,35,,,1,70,,157642,35,,,1,31,,157654,35,,,1,72,,157632,35,,,1,30,,157640,35,,,2,70,,157649,35,,,1,27,,157655,35,,,1,69,,157641,35,,,2,31,,157633,35,,,1,68,,157650,35,,,1,27,,157656,35,,,1,67,,157643,35,,,2,28,,157659,35,,,1,69,,157636,35,,,1,30,,157651,35,,,1,68,,157644,35,,,2,28,,157660,35,,,1,68,,157637,35,,,1,27,,157652,35,,,1,27,,157645,35,,,2,69,,157661,35,,,1,31,,157638,35,,,1,71,,157653,35,,,1,30,,157666,35,,,1,70,,157658,35,,,2,29,,157657,35,,,1,67,,157635,35,,,2,29,,157646,35,,,2,69,,157664,35,,,1,30,,157662,35,,,1,69,,157634,35,,,1,30,,157647,35,,,2,70,,157665,35,,,1,31,,157663,35,,,1,70,,157648,35,,,2
44901,'H57M000S-70-S',715,,157667,35,,,1,9,,157668,35,,,2,912,,157669,35,,,2
44901,'H58M000S-70-S',621,,157670,35,,,2
