20002,'H56M000S-70-S',704,,147813,6,0,10,1
20002,'H60M000A-71-A',606,,147830,6,0,10,1,26,,147834,6,0,10,1,26,,147832,6,0,10,1,66,,147831,6,0,10,1,28,,147835,6,0,10,1,68,,147833,6,0,10,1,29,,147836,6,0,10,2,70,,147822,6,0,10,1,29,,147814,6,0,10,2,66,,147837,6,0,10,1,27,,147823,6,0,10,1,67,,147815,6,0,10,2,27,,147838,6,0,10,1,67,,147824,6,0,10,1,28,,147816,6,0,10,2,27,,147839,6,0,10,1,67,,147825,6,0,10,1,28,,147817,6,0,10,2,67,,147840,6,0,10,1,27,,147826,6,0,10,1,68,,147818,6,0,10,2,28,,147841,6,0,10,1,67,,147827,6,0,10,1,28,,147819,6,0,10,2,68,,147842,6,0,10,1,27,,147828,6,0,10,1,25,,147820,6,0,10,2,68,,147843,6,0,10,1,27,,147829,6,0,10,1,67,,147821,6,0,10,2
20002,'H60M000I-71-I',706,,147846,6,0,10,1,30,,147853,6,0,10,2,71,,147861,6,0,10,1,30,,147847,6,0,10,1,70,,147854,6,0,10,2,30,,147862,6,0,10,1,70,,147848,6,0,10,1,30,,147855,6,0,10,2,70,,147867,6,0,10,1,31,,147849,6,0,10,1,70,,147856,6,0,10,2,30,,147863,6,0,10,1,70,,147850,6,0,10,1,30,,147857,6,0,10,2,70,,147864,6,0,10,1,30,,147851,6,0,10,1,70,,147858,6,0,10,2,30,,147865,6,0,10,1,70,,147852,6,0,10,1,30,,147859,6,0,10,2,70,,147866,6,0,10,1,31,,147844,6,0,10,1,71,,147860,6,0,10,2,30,,147868,6,0,10,1,69,,147845,6,0,10,1
20002,'H60M000S-71-S',555,,147883,6,0,10,1,77,,147882,6,0,10,1,21,,147884,6,0,10,1,68,,147869,6,0,10,1,16,,147892,6,0,10,2,15,,147876,6,0,10,2,66,,147887,6,0,10,2,11,,147885,6,0,10,1,72,,147870,6,0,10,1,32,,147877,6,0,10,2,73,,147886,6,0,10,1,33,,147871,6,0,10,1,73,,147878,6,0,10,2,32,,147888,6,0,10,1,70,,147872,6,0,10,1,30,,147879,6,0,10,2,70,,147889,6,0,10,1,30,,147873,6,0,10,1,70,,147880,6,0,10,2,30,,147890,6,0,10,1,72,,147874,6,0,10,1,32,,147881,6,0,10,2,71,,147891,6,0,10,1,26,,147896,6,0,10,2,67,,147875,6,0,10,1,33,,147893,6,0,10,1,72,,147897,6,0,10,2,29,,147895,6,0,10,1,68,,147894,6,0,10,2
20002,'H60M100F-71-F1',706,,147912,6,0,10,2,30,,147914,6,0,10,1,71,,147922,6,0,10,2,30,,147913,6,0,10,2,70,,147915,6,0,10,1,30,,147899,6,0,10,2,70,,147906,6,0,10,1,30,,147916,6,0,10,1,70,,147900,6,0,10,2,31,,147908,6,0,10,1,70,,147917,6,0,10,1,30,,147901,6,0,10,2,70,,147907,6,0,10,1,30,,147918,6,0,10,1,70,,147902,6,0,10,2,30,,147909,6,0,10,1,70,,147919,6,0,10,1,30,,147903,6,0,10,2,70,,147910,6,0,10,1,30,,147920,6,0,10,1,70,,147904,6,0,10,2,31,,147911,6,0,10,2,71,,147921,6,0,10,1,30,,147905,6,0,10,2,69,,147898,6,0,10,1
20002,'H60M200F-71-F2',706,,147924,6,0,10,2,30,,147947,6,0,10,1,71,,147933,6,0,10,2,30,,147925,6,0,10,2,70,,147939,6,0,10,1,30,,147926,6,0,10,2,70,,147934,6,0,10,1,30,,147940,6,0,10,1,70,,147927,6,0,10,2,31,,147935,6,0,10,1,70,,147941,6,0,10,1,30,,147929,6,0,10,2,70,,147936,6,0,10,1,30,,147942,6,0,10,1,70,,147930,6,0,10,2,30,,147937,6,0,10,1,70,,147943,6,0,10,1,30,,147928,6,0,10,2,70,,147938,6,0,10,1,30,,147944,6,0,10,1,70,,147931,6,0,10,2,31,,147946,6,0,10,2,71,,147945,6,0,10,1,30,,147932,6,0,10,2,69,,147923,6,0,10,1
20002,'H60M300F-80-F3',706,,174589,6,0,10,1,29,,174579,6,0,10,1,66,,174570,6,0,10,2,30,,174590,6,0,10,1,70,,174580,6,0,10,1,28,,174571,6,0,10,2,29,,174591,6,0,10,1,71,,174581,6,0,10,1,30,,174572,6,0,10,2,70,,174592,6,0,10,1,71,,174582,6,0,10,1,32,,174573,6,0,10,2,72,,174593,6,0,10,1,31,,174583,6,0,10,1,70,,174574,6,0,10,2,30,,174594,6,0,10,1,70,,174584,6,0,10,1,30,,174575,6,0,10,2,69,,174595,6,0,10,1,31,,174585,6,0,10,1,70,,174576,6,0,10,2,30,,174596,6,0,10,1,69,,174586,6,0,10,1,28,,174577,6,0,10,2,69,,174597,6,0,10,1,30,,174587,6,0,10,1,73,,174578,6,0,10,2,30,,174598,6,0,10,1,70,,174588,6,0,10,1
20301,'H50M000S-70-S',710,,148836,6,0,5,1
20301,'H56M000S-70-S',1805,,148837,6,0,5,1
20301,'H60M000A-71-A',606,,148844,6,0,5,2,30,,148861,6,0,5,1,71,,148856,6,0,5,1,30,,148845,6,0,5,2,71,,148862,6,0,5,1,30,,148857,6,0,5,1,70,,148846,6,0,5,2,32,,148863,6,0,5,1,73,,148858,6,0,5,1,32,,148848,6,0,5,2,73,,148864,6,0,5,1,33,,148859,6,0,5,1,73,,148849,6,0,5,2,32,,148865,6,0,5,1,70,,148872,6,0,5,2,29,,148860,6,0,5,1,69,,148847,6,0,5,2,29,,148866,6,0,5,1,69,,148873,6,0,5,2,29,,148838,6,0,5,1,70,,148850,6,0,5,2,30,,148867,6,0,5,1,70,,148874,6,0,5,2,28,,148839,6,0,5,1,71,,148851,6,0,5,2,31,,148868,6,0,5,1,70,,148840,6,0,5,1,30,,148852,6,0,5,2,69,,148869,6,0,5,1,29,,148841,6,0,5,1,69,,148853,6,0,5,2,29,,148870,6,0,5,1,68,,148842,6,0,5,1,28,,148854,6,0,5,2,68,,148871,6,0,5,1,28,,148843,6,0,5,1,68,,148855,6,0,5,2
20301,'H60M000I-71-I',707,,148875,6,0,5,1,30,,148898,6,0,5,2,70,,148887,6,0,5,1,30,,148876,6,0,5,1,70,,148899,6,0,5,2,30,,148888,6,0,5,1,70,,148877,6,0,5,1,30,,148900,6,0,5,2,70,,148889,6,0,5,1,30,,148878,6,0,5,1,70,,148901,6,0,5,2,30,,148890,6,0,5,1,71,,148879,6,0,5,1,30,,148902,6,0,5,2,70,,148891,6,0,5,1,32,,148880,6,0,5,1,70,,148903,6,0,5,2,31,,148892,6,0,5,1,71,,148881,6,0,5,1,30,,148904,6,0,5,2,70,,148893,6,0,5,1,31,,148882,6,0,5,1,69,,148905,6,0,5,2,29,,148897,6,0,5,1,68,,148883,6,0,5,1,29,,148906,6,0,5,2,69,,148894,6,0,5,1,29,,148884,6,0,5,1,70,,148907,6,0,5,2,30,,148895,6,0,5,1,70,,148885,6,0,5,1,30,,148908,6,0,5,2,69,,148896,6,0,5,1,30,,148886,6,0,5,1,70,,148909,6,0,5,2
20301,'H60M000S-71-S',601,,148921,6,0,5,2,34,,148911,6,0,5,1,65,,148922,6,0,5,1,27,,148910,6,0,5,2,29,,148931,6,0,5,2,66,,148912,6,0,5,1,12,,148932,6,0,5,1,73,,148930,6,0,5,1,32,,148917,6,0,5,1,72,,148913,6,0,5,1,32,,148933,6,0,5,1,72,,148928,6,0,5,1,31,,148918,6,0,5,1,69,,148914,6,0,5,1,30,,148916,6,0,5,1,69,,148919,6,0,5,1,29,,148927,6,0,5,1,69,,148915,6,0,5,1,29,,148939,6,0,5,1,72,,148945,6,0,5,1,33,,148920,6,0,5,1,65,,148934,6,0,5,2,27,,148940,6,0,5,1,63,,148929,6,0,5,1,32,,148944,6,0,5,1,105,,148941,6,0,5,1,71,,148935,6,0,5,1,30,,148923,6,0,5,1,72,,148942,6,0,5,1,31,,148936,6,0,5,1,70,,148924,6,0,5,1,30,,148943,6,0,5,1,71,,148937,6,0,5,1,29,,148925,6,0,5,1,69,,148946,6,0,5,1,28,,148938,6,0,5,1,68,,148926,6,0,5,1
20301,'H60M100F-71-F1',707,,148958,6,0,5,1,30,,148970,6,0,5,2,70,,148947,6,0,5,1,30,,148959,6,0,5,1,70,,148971,6,0,5,2,30,,148948,6,0,5,1,70,,148960,6,0,5,1,30,,148972,6,0,5,2,70,,148949,6,0,5,1,30,,148961,6,0,5,1,70,,148973,6,0,5,2,30,,148950,6,0,5,1,71,,148962,6,0,5,1,30,,148974,6,0,5,2,70,,148951,6,0,5,1,32,,148963,6,0,5,1,70,,148975,6,0,5,2,31,,148952,6,0,5,1,71,,148964,6,0,5,1,30,,148976,6,0,5,2,70,,148953,6,0,5,1,31,,148965,6,0,5,1,69,,148977,6,0,5,2,29,,148954,6,0,5,1,68,,148966,6,0,5,1,29,,148978,6,0,5,2,69,,148955,6,0,5,1,29,,148967,6,0,5,1,70,,148979,6,0,5,2,30,,148956,6,0,5,1,70,,148968,6,0,5,1,30,,148980,6,0,5,2,69,,148957,6,0,5,1,30,,148969,6,0,5,1,70,,148981,6,0,5,2
20301,'H60M200F-71-F2',707,,148982,6,0,5,1,30,,148994,6,0,5,2,70,,149006,6,0,5,1,30,,148983,6,0,5,1,70,,148995,6,0,5,2,30,,149007,6,0,5,1,70,,148984,6,0,5,1,30,,148996,6,0,5,2,70,,149008,6,0,5,1,30,,148985,6,0,5,1,70,,148997,6,0,5,2,30,,149009,6,0,5,1,71,,148986,6,0,5,1,30,,148998,6,0,5,2,70,,149010,6,0,5,1,32,,148987,6,0,5,1,70,,148999,6,0,5,2,31,,149011,6,0,5,1,71,,148988,6,0,5,1,30,,149000,6,0,5,2,70,,149012,6,0,5,1,31,,148989,6,0,5,1,69,,149001,6,0,5,2,29,,149013,6,0,5,1,68,,148990,6,0,5,1,29,,149002,6,0,5,2,69,,149014,6,0,5,1,29,,148991,6,0,5,1,70,,149003,6,0,5,2,30,,149015,6,0,5,1,70,,148992,6,0,5,1,30,,149004,6,0,5,2,69,,149016,6,0,5,1,30,,148993,6,0,5,1,70,,149005,6,0,5,2
23001,'H60M300F-80-F3',539,,175688,22,0,5,1,72,,175675,22,0,5,1,31,,175701,22,0,5,2,71,,175689,22,0,5,1,31,,175676,22,0,5,1,71,,175702,22,0,5,2,31,,175690,22,0,5,1,71,,175677,22,0,5,1,31,,175703,22,0,5,2,70,,175691,22,0,5,1,30,,175678,22,0,5,1,72,,175704,22,0,5,2,30,,175692,22,0,5,1,70,,175679,22,0,5,1,32,,175705,22,0,5,2,70,,175693,22,0,5,1,30,,175680,22,0,5,1,72,,175706,22,0,5,2,30,,175694,22,0,5,1,70,,175681,22,0,5,1,33,,175707,22,0,5,2,72,,175695,22,0,5,1,30,,175682,22,0,5,1,73,,175708,22,0,5,2,72,,175696,22,0,5,1,30,,175683,22,0,5,1,71,,175709,22,0,5,2,31,,175697,22,0,5,1,69,,175684,22,0,5,1,30,,175710,22,0,5,2,71,,175698,22,0,5,1,30,,175685,22,0,5,1,70,,175711,22,0,5,2,30,,175699,22,0,5,1,70,,175686,22,0,5,1,33,,175712,22,0,5,2,73,,175700,22,0,5,1,33,,175687,22,0,5,1,73,,175713,22,0,5,2
38202,'H60M000A-71-A',2639,,155543,87,0,10,1,85,,155546,87,0,10,1,85,,155545,87,0,10,1,45,,155544,87,0,10,2
38202,'H60M000I-71-I',2640,,155547,87,0,10,1,84,,155550,87,0,10,1,84,,155548,87,0,10,1,45,,155549,87,0,10,1
38202,'H60M000S-71-S',2640,,155551,87,0,10,1,85,,155553,87,0,10,1,84,,155554,87,0,10,1,45,,155552,87,0,10,1
38202,'H60M100F-71-F1',2640,,155555,87,0,10,1,84,,155556,87,0,10,1,84,,155557,87,0,10,2,45,,155558,87,0,10,1
38202,'H60M200F-71-F2',2640,,155561,87,0,10,1,84,,155562,87,0,10,1,84,,155559,87,0,10,2,45,,155560,87,0,10,1
38202,'H60M300F-80-F3',2640,,176014,87,0,10,1,84,,176016,87,0,10,1,84,,176017,87,0,10,2,45,,176015,87,0,10,1
