'26J-H56J000A-80-A',11403,62200,4,'',2,2900,4,'',1,6900,4,'',1,2900,4,'',2,6900,4,'',1,2900,4,'',1,7400,4,'',2,3000,4,'',1,7000,4,'',1,3100,4,'',2,7100,4,'',1,3200,4,'',1,7400,4,'',2,7300,4,'',1,3200,4,'',1,7200,4,'',2,3300,4,'',1,7300,4,'',1,3300,4,'',2,7200,4,'',1,3300,4,'',1,6900,4,'',2,2900,4,'',2,7000,4,'',1,3100,4,'',1,7200,4,'',2,2900,4,'',1,6900,4,'',1,3000,4,'',2,7000,4,'',1,3000,4,'',1,7000,4,'',2,2800,4,'',1,7000,4,'',1,3000,4,'',2,7000,4,'',1,3100,4,'',1,7100,4,'',2,3000,4,'',1,7100,4,'',1,3100,4,'',2
'26J-H56J000A-80-A',11404,50000,,'',2,2900,,'',1,2900,,'',1,6900,,'',2,2900,,'',1,6900,,'',1,3000,,'',2,7000,,'',1,3000,,'',1,7000,,'',2,3000,,'',1,7100,,'',1,3200,,'',2,7200,,'',1,7200,,'',1,3200,,'',2,7300,,'',1,3200,,'',1,7200,,'',2,3300,,'',1,7300,,'',1,3300,,'',2,7300,,'',1,3200,,'',1,6900,,'',2,2900,,'',2,7000,,'',1,3000,,'',1,7200,,'',2,3000,,'',1,7000,,'',1,3000,,'',2,7000,,'',1,3000,,'',1,7000,,'',2,3000,,'',1,7000,,'',1,3000,,'',2,7100,,'',1,3100,,'',1,7100,,'',2
'26J-H56J000I-80-I',11403,62100,4,'',1,3000,4,'',1,6900,4,'',1,3000,4,'',1,7100,4,'',1,3000,4,'',1,7000,4,'',1,3000,4,'',1,7000,4,'',1,3100,4,'',1,7300,4,'',1,3200,4,'',1,7100,4,'',1,7500,4,'',1,3200,4,'',1,7200,4,'',1,3300,4,'',1,7300,4,'',1,3200,4,'',1,7300,4,'',1,3300,4,'',1,7200,4,'',1,2800,4,'',1,6900,4,'',2,3100,4,'',1,7200,4,'',1,3000,4,'',2,6900,4,'',1,2800,4,'',1,7000,4,'',2,3000,4,'',1,7000,4,'',1,3000,4,'',2,6900,4,'',1,2900,4,'',1,7000,4,'',2,3000,4,'',1,7000,4,'',1,3000,4,'',2,7000,4,'',1
'26J-H56J000I-80-I',11404,50000,,'',1,3000,,'',1,2900,,'',1,6900,,'',1,2900,,'',1,6900,,'',1,2900,,'',1,7000,,'',1,3100,,'',1,7100,,'',1,3100,,'',1,7100,,'',1,7100,,'',1,3100,,'',1,7200,,'',1,3200,,'',1,7300,,'',1,3200,,'',1,7200,,'',1,3300,,'',1,7300,,'',1,3200,,'',1,7300,,'',1,3300,,'',1,7200,,'',1,2800,,'',1,6900,,'',2,3100,,'',1,7100,,'',1,3100,,'',2,7000,,'',1,3000,,'',1,7000,,'',2,3000,,'',1,7000,,'',1,3000,,'',2,7000,,'',1,3000,,'',1,7000,,'',2,3000,,'',1
'26J-H56J000S-80-S',11403,54600,4,'',1,7300,4,'',1,3900,4,'',2,7200,4,'',1,7200,4,'',1,3100,4,'',2,7100,4,'',1,2800,4,'',2,7000,4,'',1,3200,4,'',2,7200,4,'',1,3200,4,'',1,7200,4,'',1,3300,4,'',2,7200,4,'',1,3200,4,'',1,7400,4,'',1,3200,4,'',1,7200,4,'',2,3400,4,'',2,7400,4,'',1,7000,4,'',1,3000,4,'',2,6800,4,'',2,3000,4,'',1,2400,4,'',1,6600,4,'',2,2900,4,'',2,7100,4,'',1,3100,4,'',1,7000,4,'',2,3100,4,'',2,7100,4,'',1,3100,4,'',2,7000,4,'',2,3100,4,'',1,7100,4,'',2,3100,4,'',2,7100,4,'',1,2900,4,'',2,7000,4,'',2
'26J-H56J000S-80-S',11404,44900,,'',1,7200,,'',2,3200,,'',1,7100,,'',1,3000,,'',2,7000,,'',1,3000,,'',2,7000,,'',1,3000,,'',2,7000,,'',1,3000,,'',1,7000,,'',1,3000,,'',2,7000,,'',1,3000,,'',1,7000,,'',1,3000,,'',2,7200,,'',1,3200,,'',1,7300,,'',1,7200,,'',1,3300,,'',2,7300,,'',2,3200,,'',1,7200,,'',1,3200,,'',2,7200,,'',2,3300,,'',1,7300,,'',1,3200,,'',2,7100,,'',2,3100,,'',1,7100,,'',2,3100,,'',2,7100,,'',1,7100,,'',2,3100,,'',2,7100,,'',1,3100,,'',2,7000,,'',2
'26J-H56JV00A-80-A',11403,62200,4,'',2,2900,4,'',1,6900,4,'',1,2900,4,'',2,6900,4,'',1,2900,4,'',1,7400,4,'',2,3000,4,'',1,7000,4,'',1,3100,4,'',2,7100,4,'',1,3200,4,'',1,7400,4,'',2,7300,4,'',1,3200,4,'',1,7200,4,'',2,3300,4,'',1,7300,4,'',1,3300,4,'',2,7200,4,'',1,3300,4,'',1,6900,4,'',2,2900,4,'',2,7000,4,'',1,3100,4,'',1,7200,4,'',2,2900,4,'',1,6900,4,'',1,3000,4,'',2,7000,4,'',1,3000,4,'',1,7000,4,'',2,2800,4,'',1,7000,4,'',1,3000,4,'',2,7000,4,'',1,3100,4,'',1,7100,4,'',2,3000,4,'',1,7100,4,'',1,3100,4,'',2
'26J-H56JV00A-80-A',11404,50000,,'',2,2900,,'',1,2900,,'',1,6900,,'',2,2900,,'',1,6900,,'',1,3000,,'',2,7000,,'',1,3000,,'',1,7000,,'',2,3000,,'',1,7100,,'',1,3200,,'',2,7200,,'',1,7200,,'',1,3200,,'',2,7300,,'',1,3200,,'',1,7200,,'',2,3300,,'',1,7300,,'',1,3300,,'',2,7300,,'',1,3200,,'',1,6900,,'',2,2900,,'',2,7000,,'',1,3000,,'',1,7200,,'',2,3000,,'',1,7000,,'',1,3000,,'',2,7000,,'',1,3000,,'',1,7000,,'',2,3000,,'',1,7000,,'',1,3000,,'',2,7100,,'',1,3100,,'',1,7100,,'',2
'26J-H56JV00I-80-I',11403,62100,4,'',1,3000,4,'',1,6900,4,'',1,3000,4,'',1,7100,4,'',1,3000,4,'',1,7000,4,'',1,3000,4,'',1,7000,4,'',1,3100,4,'',1,7300,4,'',1,3200,4,'',1,7100,4,'',1,7500,4,'',1,3200,4,'',1,7200,4,'',1,3300,4,'',1,7300,4,'',1,3200,4,'',1,7300,4,'',1,3300,4,'',1,7200,4,'',1,2800,4,'',1,6900,4,'',2,3100,4,'',1,7200,4,'',1,3000,4,'',2,6900,4,'',1,2800,4,'',1,7000,4,'',2,3000,4,'',1,7000,4,'',1,3000,4,'',2,6900,4,'',1,2900,4,'',1,7000,4,'',2,3000,4,'',1,7000,4,'',1,3000,4,'',2,7000,4,'',1
'26J-H56JV00I-80-I',11404,50000,,'',1,3000,,'',1,2900,,'',1,6900,,'',1,2900,,'',1,6900,,'',1,2900,,'',1,7000,,'',1,3100,,'',1,7100,,'',1,3100,,'',1,7100,,'',1,7100,,'',1,3100,,'',1,7200,,'',1,3200,,'',1,7300,,'',1,3200,,'',1,7200,,'',1,3300,,'',1,7300,,'',1,3200,,'',1,7300,,'',1,3300,,'',1,7200,,'',1,2800,,'',1,6900,,'',2,3100,,'',1,7100,,'',1,3100,,'',2,7000,,'',1,3000,,'',1,7000,,'',2,3000,,'',1,7000,,'',1,3000,,'',2,7000,,'',1,3000,,'',1,7000,,'',2,3000,,'',1
'26J-H56JV00S-80-S',11403,54600,4,'',1,7300,4,'',1,3900,4,'',2,7200,4,'',1,7200,4,'',1,3100,4,'',2,7100,4,'',1,2800,4,'',1,7000,4,'',1,3200,4,'',2,7200,4,'',1,3200,4,'',1,7200,4,'',1,3300,4,'',2,7200,4,'',1,3200,4,'',1,7400,4,'',1,3200,4,'',1,7200,4,'',2,3400,4,'',2,7400,4,'',1,7000,4,'',1,3000,4,'',2,6800,4,'',2,3000,4,'',1,2400,4,'',1,6600,4,'',2,2900,4,'',2,7100,4,'',1,3100,4,'',1,7000,4,'',2,3100,4,'',1,7100,4,'',1,3100,4,'',2,7000,4,'',2,3100,4,'',1,7100,4,'',2,3100,4,'',2,7100,4,'',1,2900,4,'',2,7000,4,'',2
'26J-H56JV00S-80-S',11404,44900,,'',1,7200,,'',2,3200,,'',1,7100,,'',1,3000,,'',2,7000,,'',1,3000,,'',1,7000,,'',1,3000,,'',2,7000,,'',1,3000,,'',1,7000,,'',1,3000,,'',2,7000,,'',1,3000,,'',1,7000,,'',1,3000,,'',2,7200,,'',1,3200,,'',1,7300,,'',1,7200,,'',1,3300,,'',2,7300,,'',2,3200,,'',1,7200,,'',1,3200,,'',2,7200,,'',2,3300,,'',1,7300,,'',1,3200,,'',2,7100,,'',1,3100,,'',1,7100,,'',2,3100,,'',2,7100,,'',1,7100,,'',2,3100,,'',2,7100,,'',1,3100,,'',2,7000,,'',2
