2803,'H54J000A-80-A',535,,7131,41,0,8,1,69,,7119,41,0,8,1,32,,7133,41,0,8,1,72,,7149,41,0,8,1,32,,7120,41,0,8,1,73,,7134,41,0,8,1,33,,7146,41,0,8,1,73,,7121,41,0,8,1,33,,7135,41,0,8,1,72,,7147,41,0,8,1,33,,7122,41,0,8,1,71,,7136,41,0,8,1,27,,7155,41,0,8,2,68,,7148,41,0,8,1,27,,7123,41,0,8,1,71,,7137,41,0,8,1,32,,7156,41,0,8,2,72,,7124,41,0,8,1,32,,7138,41,0,8,1,71,,7157,41,0,8,2,31,,7125,41,0,8,1,71,,7139,41,0,8,1,71,,7158,41,0,8,2,32,,7126,41,0,8,1,71,,7140,41,0,8,1,32,,7159,41,0,8,2,73,,7127,41,0,8,1,33,,7141,41,0,8,1,74,,7150,41,0,8,1,34,,7128,41,0,8,1,74,,7142,41,0,8,1,34,,7151,41,0,8,1,73,,7129,41,0,8,1,73,,7143,41,0,8,1,33,,7152,41,0,8,1,72,,7130,41,0,8,1,33,,7144,41,0,8,1,73,,7153,41,0,8,1,33,,7132,41,0,8,1,73,,7145,41,0,8,1,33,,7154,41,0,8,1
2803,'H54J000I-80-I',534,,7163,41,0,8,1,23,,7165,41,0,8,1,74,,7164,41,0,8,1,72,,7176,41,0,8,2,33,,7166,41,0,8,1,72,,7179,41,0,8,1,32,,7177,41,0,8,2,72,,7180,41,0,8,1,33,,7191,41,0,8,1,72,,7178,41,0,8,2,33,,7181,41,0,8,1,64,,7162,41,0,8,1,24,,7192,41,0,8,1,71,,7167,41,0,8,2,31,,7182,41,0,8,1,72,,7193,41,0,8,1,32,,7168,41,0,8,2,72,,7183,41,0,8,1,32,,7194,41,0,8,1,72,,7169,41,0,8,2,33,,7184,41,0,8,1,73,,7195,41,0,8,1,33,,7170,41,0,8,2,73,,7185,41,0,8,1,73,,7196,41,0,8,1,33,,7171,41,0,8,2,73,,7186,41,0,8,1,33,,7197,41,0,8,1,73,,7172,41,0,8,2,33,,7187,41,0,8,1,73,,7198,41,0,8,1,31,,7173,41,0,8,2,73,,7188,41,0,8,1,32,,7199,41,0,8,1,73,,7174,41,0,8,2,73,,7160,41,0,8,1,33,,7189,41,0,8,1,73,,7175,41,0,8,2,31,,7161,41,0,8,1,74,,7190,41,0,8,1
2803,'H54J000S-83-S',538,,7205,41,0,8,1,73,,7212,41,0,8,1,15,,7206,41,0,8,1,23,,7215,41,0,8,1,10,,7211,41,0,8,2,51,,7214,41,0,8,1,12,,7218,41,0,8,2,10,,7207,41,0,8,1,18,,7200,41,0,8,1,8,,7213,41,0,8,1,49,,7224,41,0,8,2,10,,7223,41,0,8,2,11,,7228,41,0,8,2,13,,7225,41,0,8,1,13,,7229,41,0,8,2,64,,7219,41,0,8,2,30,,7201,41,0,8,1,71,,7226,41,0,8,1,30,,7220,41,0,8,2,71,,7202,41,0,8,1,31,,7227,41,0,8,1,73,,7221,41,0,8,2,31,,7203,41,0,8,1,68,,7230,41,0,8,1,30,,7233,41,0,8,1,68,,7222,41,0,8,2,31,,7234,41,0,8,2,71,,7231,41,0,8,1,102,,7240,41,0,8,2,30,,7248,41,0,8,1,70,,7232,41,0,8,1,28,,7249,41,0,8,2,65,,7241,41,0,8,2,31,,7235,41,0,8,1,71,,7208,41,0,8,1,30,,7242,41,0,8,2,71,,7236,41,0,8,1,31,,7209,41,0,8,1,71,,7243,41,0,8,2,30,,7237,41,0,8,1,69,,7210,41,0,8,1,31,,7244,41,0,8,2,70,,7238,41,0,8,1,29,,7253,41,0,8,2,69,,7245,41,0,8,2,30,,7239,41,0,8,1,70,,7254,41,0,8,2,29,,7246,41,0,8,2,69,,7250,41,0,8,1
2803,'H54JV00A-80-A',535,,7295,41,0,8,1,69,,7255,41,0,8,1,32,,7267,41,0,8,1,72,,7284,41,0,8,1,32,,7256,41,0,8,1,73,,7268,41,0,8,1,33,,7292,41,0,8,1,73,,7257,41,0,8,1,33,,7269,41,0,8,1,72,,7293,41,0,8,1,33,,7258,41,0,8,1,71,,7270,41,0,8,1,27,,7291,41,0,8,2,68,,7294,41,0,8,1,27,,7259,41,0,8,1,71,,7271,41,0,8,1,32,,7280,41,0,8,2,72,,7260,41,0,8,1,32,,7272,41,0,8,1,71,,7281,41,0,8,2,31,,7261,41,0,8,1,71,,7273,41,0,8,1,71,,7282,41,0,8,2,32,,7262,41,0,8,1,71,,7274,41,0,8,1,32,,7283,41,0,8,2,73,,7263,41,0,8,1,33,,7275,41,0,8,1,74,,7285,41,0,8,1,34,,7264,41,0,8,1,74,,7276,41,0,8,1,34,,7286,41,0,8,1,73,,7265,41,0,8,1,73,,7277,41,0,8,1,33,,7287,41,0,8,1,72,,7266,41,0,8,1,33,,7278,41,0,8,1,73,,7288,41,0,8,1,33,,7290,41,0,8,1,73,,7279,41,0,8,1,33,,7289,41,0,8,1
2803,'H54JV00I-80-I',534,,7335,41,0,8,1,23,,7331,41,0,8,1,74,,7325,41,0,8,1,72,,7326,41,0,8,2,33,,7332,41,0,8,1,72,,7334,41,0,8,1,32,,7327,41,0,8,2,72,,7305,41,0,8,1,33,,7316,41,0,8,1,72,,7328,41,0,8,2,33,,7306,41,0,8,1,64,,7333,41,0,8,1,24,,7317,41,0,8,1,71,,7296,41,0,8,2,31,,7307,41,0,8,1,72,,7318,41,0,8,1,32,,7297,41,0,8,2,72,,7308,41,0,8,1,32,,7319,41,0,8,1,72,,7298,41,0,8,2,33,,7309,41,0,8,1,73,,7320,41,0,8,1,33,,7299,41,0,8,2,73,,7310,41,0,8,1,73,,7321,41,0,8,1,33,,7300,41,0,8,2,73,,7311,41,0,8,1,33,,7322,41,0,8,1,73,,7301,41,0,8,2,33,,7312,41,0,8,1,73,,7323,41,0,8,1,31,,7302,41,0,8,2,73,,7313,41,0,8,1,32,,7324,41,0,8,1,73,,7303,41,0,8,2,73,,7329,41,0,8,1,33,,7314,41,0,8,1,73,,7304,41,0,8,2,31,,7330,41,0,8,1,74,,7315,41,0,8,1
2803,'H54JV00S-80-S',538,,7337,41,0,8,1,73,,7350,41,0,8,1,15,,7346,41,0,8,1,23,,7353,41,0,8,1,10,,7349,41,0,8,2,51,,7352,41,0,8,1,12,,7360,41,0,8,2,10,,7347,41,0,8,1,18,,7356,41,0,8,1,8,,7351,41,0,8,1,49,,7361,41,0,8,2,10,,7355,41,0,8,2,11,,7362,41,0,8,1,13,,7367,41,0,8,1,13,,7370,41,0,8,2,64,,7343,41,0,8,1,30,,7357,41,0,8,1,71,,7368,41,0,8,1,30,,7344,41,0,8,1,71,,7358,41,0,8,1,31,,7369,41,0,8,1,73,,7345,41,0,8,1,31,,7359,41,0,8,1,68,,7371,41,0,8,1,30,,7374,41,0,8,1,68,,7375,41,0,8,2,31,,7377,41,0,8,2,71,,7372,41,0,8,1,102,,7378,41,0,8,2,30,,7380,41,0,8,1,70,,7373,41,0,8,1,28,,7381,41,0,8,2,65,,7385,41,0,8,2,31,,7338,41,0,8,1,71,,7363,41,0,8,1,30,,7386,41,0,8,2,71,,7339,41,0,8,1,31,,7364,41,0,8,1,71,,7387,41,0,8,2,30,,7340,41,0,8,1,69,,7365,41,0,8,1,31,,7388,41,0,8,2,70,,7341,41,0,8,1,29,,7366,41,0,8,1,69,,7389,41,0,8,2,30,,7342,41,0,8,1,70,,7383,41,0,8,1,29,,7390,41,0,8,2,69,,7348,41,0,8,1
2803,'H57J000S-81-S',638,,7391,41,0,8,2,917,,7393,41,0,8,2
2803,'H57JV00S-83-S',638,,7394,41,0,8,2,917,,7396,41,0,8,2
2803,'H58J000S-81-S',741,,7397,41,0,8,2
2803,'H58J000S-83-S',741,,7398,41,0,8,2
2803,'H58JV00S-82-S',741,,7399,41,0,8,2
3902,'H54J000S-83-S',656,,13054,12,0,10,1,71,,13057,12,0,10,1,31,,13055,12,0,10,1,70,,13056,12,0,10,2,30,,13058,12,0,10,1,756,,13060,12,0,10,1,35,,13063,12,0,10,2,65,,13062,12,0,10,2,30,,13059,12,0,10,1,69,,13061,12,0,10,1
3902,'H54JV00S-80-S',656,,13065,12,0,10,1,71,,13068,12,0,10,1,31,,13066,12,0,10,1,70,,13067,12,0,10,2,30,,13069,12,0,10,1,756,,13070,12,0,10,1,35,,13071,12,0,10,2,65,,13072,12,0,10,2,30,,13073,12,0,10,1,69,,13064,12,0,10,1
