19801,'H56J000A-80-A',512,,67397,54,0,5,1,32,,67380,54,0,5,2,72,,67384,54,0,5,1,35,,67375,54,0,5,1,72,,67398,54,0,5,1,32,,67381,54,0,5,2,73,,67385,54,0,5,1,72,,67387,54,0,5,1,31,,67383,54,0,5,1,73,,67399,54,0,5,1,27,,67416,54,0,5,2,27,,67411,54,0,5,1,67,,67414,54,0,5,2,27,,67404,54,0,5,1,65,,67415,54,0,5,1,24,,67374,54,0,5,1,66,,67417,54,0,5,2,25,,67412,54,0,5,1,24,,67386,54,0,5,1,63,,67405,54,0,5,1,22,,67392,54,0,5,1,62,,67389,54,0,5,1,19,,67400,54,0,5,1,18,,67418,54,0,5,2,60,,67408,54,0,5,1,20,,67413,54,0,5,1,20,,67388,54,0,5,1,63,,67390,54,0,5,1,26,,67393,54,0,5,1,30,,67401,54,0,5,1,71,,67409,54,0,5,1,70,,67377,54,0,5,2,27,,67391,54,0,5,1,30,,67394,54,0,5,1,69,,67402,54,0,5,1,29,,67410,54,0,5,1,69,,67378,54,0,5,2,29,,67406,54,0,5,1,69,,67395,54,0,5,1,30,,67403,54,0,5,1,67,,67382,54,0,5,1,28,,67379,54,0,5,2,70,,67407,54,0,5,1,30,,67396,54,0,5,1,70,,67376,54,0,5,1
19801,'H56J000I-80-I',511,,67425,54,0,5,1,33,,67421,54,0,5,1,75,,67424,54,0,5,1,35,,67436,54,0,5,1,73,,67426,54,0,5,1,31,,67428,54,0,5,2,71,,67419,54,0,5,1,71,,67446,54,0,5,2,34,,67437,54,0,5,1,73,,67453,54,0,5,1,30,,67429,54,0,5,2,70,,67420,54,0,5,1,25,,67423,54,0,5,1,24,,67430,54,0,5,2,69,,67447,54,0,5,2,30,,67454,54,0,5,1,70,,67442,54,0,5,1,31,,67438,54,0,5,1,72,,67431,54,0,5,2,30,,67448,54,0,5,2,68,,67455,54,0,5,1,29,,67443,54,0,5,1,71,,67439,54,0,5,1,32,,67432,54,0,5,2,71,,67449,54,0,5,2,30,,67456,54,0,5,1,70,,67444,54,0,5,1,28,,67440,54,0,5,1,68,,67433,54,0,5,2,29,,67450,54,0,5,2,69,,67457,54,0,5,1,29,,67445,54,0,5,1,70,,67441,54,0,5,1,30,,67434,54,0,5,2,70,,67451,54,0,5,2,29,,67458,54,0,5,1,66,,67427,54,0,5,2,29,,67422,54,0,5,1,70,,67435,54,0,5,2,30,,67452,54,0,5,2,70,,67459,54,0,5,1
19801,'H56J000S-80-S',550,,67460,54,0,5,1,70,,67473,54,0,5,2,31,,67494,54,0,5,2,60,,67482,54,0,5,2,19,,67462,54,0,5,1,20,,67497,54,0,5,2,75,,67485,54,0,5,2,14,,67487,54,0,5,2,11,,67483,54,0,5,2,50,,67481,54,0,5,1,11,,67484,54,0,5,2,13,,67486,54,0,5,2,22,,67501,54,0,5,2,64,,67498,54,0,5,2,28,,67502,54,0,5,1,99,,67475,54,0,5,1,69,,67461,54,0,5,1,29,,67467,54,0,5,1,70,,67476,54,0,5,1,31,,67474,54,0,5,1,70,,67478,54,0,5,1,32,,67495,54,0,5,1,70,,67477,54,0,5,1,35,,67479,54,0,5,2,100,,67466,54,0,5,1,64,,67480,54,0,5,1,25,,67496,54,0,5,1,3,,67500,56,0,5,2,9,,67488,54,0,5,2,67,,67506,54,0,5,2,25,,67471,54,0,5,2,66,,67505,54,0,5,1,27,,67489,54,0,5,1,29,,67472,54,0,5,1,66,,67463,54,0,5,1,26,,67499,54,0,5,1,66,,67464,54,0,5,1,26,,67492,54,0,5,2,67,,67490,54,0,5,1,27,,67470,54,0,5,1,23,,67468,54,0,5,2,65,,67503,54,0,5,1,28,,67465,54,0,5,1,69,,67493,54,0,5,2,26,,67491,54,0,5,1,70,,67469,54,0,5,2,30,,67504,54,0,5,1
19801,'H56JV00A-80-A',512,,67530,54,0,5,1,32,,67513,54,0,5,2,72,,67517,54,0,5,1,35,,67508,54,0,5,1,72,,67531,54,0,5,1,32,,67514,54,0,5,2,73,,67518,54,0,5,1,72,,67520,54,0,5,1,31,,67516,54,0,5,1,73,,67532,54,0,5,1,27,,67549,54,0,5,2,27,,67544,54,0,5,1,67,,67547,54,0,5,2,27,,67537,54,0,5,1,65,,67548,54,0,5,1,24,,67507,54,0,5,1,66,,67550,54,0,5,2,25,,67545,54,0,5,1,24,,67519,54,0,5,1,63,,67538,54,0,5,1,22,,67525,54,0,5,1,62,,67522,54,0,5,1,19,,67533,54,0,5,1,18,,67551,54,0,5,2,60,,67541,54,0,5,1,20,,67546,54,0,5,1,20,,67521,54,0,5,1,63,,67523,54,0,5,1,26,,67526,54,0,5,1,30,,67534,54,0,5,1,71,,67542,54,0,5,1,70,,67510,54,0,5,2,27,,67524,54,0,5,1,30,,67527,54,0,5,1,69,,67535,54,0,5,1,29,,67543,54,0,5,1,69,,67511,54,0,5,2,29,,67539,54,0,5,1,69,,67528,54,0,5,1,30,,67536,54,0,5,1,67,,67515,54,0,5,1,28,,67512,54,0,5,2,70,,67540,54,0,5,1,30,,67529,54,0,5,1,70,,67509,54,0,5,1
19801,'H56JV00I-80-I',511,,67558,54,0,5,1,33,,67554,54,0,5,1,75,,67557,54,0,5,1,35,,67569,54,0,5,1,73,,67559,54,0,5,1,31,,67561,54,0,5,2,71,,67552,54,0,5,1,71,,67579,54,0,5,2,34,,67570,54,0,5,1,73,,67586,54,0,5,1,30,,67562,54,0,5,2,70,,67553,54,0,5,1,25,,67556,54,0,5,1,24,,67563,54,0,5,2,69,,67580,54,0,5,2,30,,67587,54,0,5,1,70,,67575,54,0,5,1,31,,67571,54,0,5,1,72,,67564,54,0,5,2,30,,67581,54,0,5,2,68,,67588,54,0,5,1,29,,67576,54,0,5,1,71,,67572,54,0,5,1,32,,67565,54,0,5,2,71,,67582,54,0,5,2,30,,67589,54,0,5,1,70,,67577,54,0,5,1,28,,67573,54,0,5,1,68,,67566,54,0,5,2,29,,67583,54,0,5,2,69,,67590,54,0,5,1,29,,67578,54,0,5,1,70,,67574,54,0,5,1,30,,67567,54,0,5,2,70,,67584,54,0,5,2,29,,67591,54,0,5,1,66,,67560,54,0,5,2,29,,67555,54,0,5,1,70,,67568,54,0,5,2,30,,67585,54,0,5,2,70,,67592,54,0,5,1
19801,'H56JV00S-80-S',550,,67593,54,0,5,1,70,,67606,54,0,5,2,31,,67627,54,0,5,1,60,,67615,54,0,5,2,19,,67595,54,0,5,1,20,,67630,54,0,5,1,75,,67618,54,0,5,1,14,,67620,54,0,5,2,11,,67616,54,0,5,2,50,,67614,54,0,5,1,11,,67617,54,0,5,2,13,,67619,54,0,5,2,22,,67634,54,0,5,2,64,,67631,54,0,5,2,28,,67635,54,0,5,1,99,,67608,54,0,5,1,69,,67594,54,0,5,1,29,,67600,54,0,5,1,70,,67609,54,0,5,1,31,,67607,54,0,5,1,70,,67611,54,0,5,1,32,,67628,54,0,5,1,70,,67610,54,0,5,1,35,,67612,54,0,5,2,100,,67599,54,0,5,1,64,,67613,54,0,5,1,25,,67629,54,0,5,1,3,,67633,56,0,5,2,9,,67621,54,0,5,1,67,,67639,54,0,5,2,25,,67604,54,0,5,2,66,,67638,54,0,5,1,27,,67622,54,0,5,1,29,,67605,54,0,5,1,66,,67596,54,0,5,1,26,,67632,54,0,5,1,66,,67597,54,0,5,1,26,,67625,54,0,5,2,67,,67623,54,0,5,1,27,,67603,54,0,5,1,23,,67601,54,0,5,2,65,,67636,54,0,5,1,28,,67598,54,0,5,1,69,,67626,54,0,5,2,26,,67624,54,0,5,1,70,,67602,54,0,5,2,30,,67637,54,0,5,1
19801,'H58J000S-81-S',1107,,67640,54,0,5,2
19801,'H58J000S-83-S',1107,,67641,54,0,5,2
19801,'H58JV00S-82-S',1107,,67642,54,0,5,2
19801,'H60J000S-98-S',1616,,67643,54,0,5,1
19801,'H60JV00S-98-S',1616,,67644,54,0,5,1
