16402,'H50J000S-83-S',721,,55179,15,0,10,1
16402,'H50JV00S-82-S',721,,55180,15,0,10,1
16402,'H51J000S-80-S',1434,,55181,15,0,10,1
16402,'H51JV00S-84-S',1434,,55182,15,0,10,1
16402,'H58J000S-81-S',758,,55183,15,0,10,2,699,,55184,15,0,10,2
16402,'H58J000S-83-S',758,,55185,15,0,10,2,699,,55186,15,0,10,2
16402,'H58JV00S-82-S',758,,55187,15,0,10,2,699,,55188,15,0,10,2
16402,'H60J000A-80-A',546,,55190,15,0,10,2,75,,55203,15,0,10,1,36,,55191,15,0,10,1,77,,55189,15,0,10,2,77,,55204,15,0,10,1,37,,55215,15,0,10,1,74,,55193,15,0,10,1,31,,55205,15,0,10,1,70,,55216,15,0,10,1,29,,55194,15,0,10,1,69,,55206,15,0,10,1,30,,55217,15,0,10,1,69,,55195,15,0,10,1,29,,55207,15,0,10,1,71,,55218,15,0,10,1,32,,55196,15,0,10,1,73,,55208,15,0,10,1,33,,55219,15,0,10,1,73,,55197,15,0,10,1,73,,55209,15,0,10,1,31,,55220,15,0,10,1,70,,55198,15,0,10,1,30,,55210,15,0,10,1,68,,55221,15,0,10,1,18,,55227,15,0,10,1,19,,55199,15,0,10,1,64,,55211,15,0,10,1,29,,55222,15,0,10,1,70,,55200,15,0,10,1,30,,55212,15,0,10,1,69,,55223,15,0,10,1,30,,55201,15,0,10,1,70,,55213,15,0,10,1,30,,55224,15,0,10,1,70,,55202,15,0,10,1,31,,55214,15,0,10,1,70,,55225,15,0,10,1,30,,55228,15,0,10,1,70,,55229,15,0,10,1,30,,55192,15,0,10,1,71,,55226,15,0,10,1
16402,'H60J000I-80-I',542,,55230,15,0,10,1,76,,55244,15,0,10,2,36,,55231,15,0,10,1,77,,55245,15,0,10,2,80,,55232,15,0,10,1,39,,55246,15,0,10,2,78,,55233,15,0,10,1,30,,55259,15,0,10,1,69,,55247,15,0,10,2,29,,55234,15,0,10,1,69,,55260,15,0,10,1,28,,55248,15,0,10,2,68,,55235,15,0,10,1,28,,55261,15,0,10,1,69,,55249,15,0,10,2,29,,55236,15,0,10,1,69,,55262,15,0,10,1,29,,55250,15,0,10,2,69,,55237,15,0,10,1,29,,55263,15,0,10,1,69,,55251,15,0,10,2,29,,55238,15,0,10,1,69,,55264,15,0,10,1,29,,55252,15,0,10,2,68,,55239,15,0,10,1,28,,55265,15,0,10,1,69,,55253,15,0,10,2,29,,55240,15,0,10,1,69,,55266,15,0,10,1,29,,55254,15,0,10,2,69,,55241,15,0,10,1,28,,55267,15,0,10,1,28,,55255,15,0,10,2,67,,55242,15,0,10,1,29,,55268,15,0,10,1,72,,55256,15,0,10,2,32,,55243,15,0,10,1,72,,55257,15,0,10,2,72,,55258,15,0,10,1,30,,55269,15,0,10,2
16402,'H60J000S-98-S',547,,55271,15,0,10,1,73,,55272,15,0,10,1,28,,55275,15,0,10,1,94,,55278,15,0,10,1,77,,55283,15,0,10,1,28,,55288,15,0,10,1,69,,55279,15,0,10,1,25,,55293,15,0,10,1,66,,55284,15,0,10,1,27,,55289,15,0,10,1,23,,55280,15,0,10,1,64,,55294,15,0,10,1,27,,55285,15,0,10,1,66,,55290,15,0,10,1,22,,55281,15,0,10,1,19,,55295,15,0,10,1,59,,55297,15,0,10,1,18,,55286,15,0,10,1,21,,55291,15,0,10,1,59,,55282,15,0,10,1,102,,55298,15,0,10,1,21,,55306,15,0,10,1,15,,55292,15,0,10,1,54,,55310,15,0,10,2,13,,55311,15,0,10,1,14,,55313,15,0,10,2,11,,55273,15,0,10,1,10,,55301,15,0,10,1,52,,55312,15,0,10,1,11,,55299,15,0,10,1,10,,55309,15,0,10,2,11,,55316,15,0,10,1,11,,55315,15,0,10,2,11,,55296,15,0,10,1,53,,55287,15,0,10,1,14,,55314,15,0,10,2,14,,55302,15,0,10,1,14,,55300,15,0,10,1,63,,55317,15,0,10,1,26,,55307,15,0,10,1,69,,55303,15,0,10,1,29,,55318,15,0,10,1,70,,55308,15,0,10,1,31,,55304,15,0,10,1,71,,55319,15,0,10,1,32,,55274,15,0,10,1,72,,55305,15,0,10,1,33,,55320,15,0,10,1,73,,55276,15,0,10,1,79,,55270,15,0,10,1,39,,55277,15,0,10,1
16402,'H60JV00A-80-A',546,,55361,15,0,10,2,75,,55346,15,0,10,1,36,,55322,15,0,10,1,77,,55358,15,0,10,2,77,,55347,15,0,10,1,37,,55334,15,0,10,1,74,,55324,15,0,10,1,31,,55348,15,0,10,1,70,,55335,15,0,10,1,29,,55325,15,0,10,1,69,,55349,15,0,10,1,30,,55336,15,0,10,1,69,,55326,15,0,10,1,29,,55350,15,0,10,1,71,,55337,15,0,10,1,32,,55327,15,0,10,1,73,,55351,15,0,10,1,33,,55338,15,0,10,1,73,,55328,15,0,10,1,73,,55352,15,0,10,1,31,,55339,15,0,10,1,70,,55329,15,0,10,1,30,,55353,15,0,10,1,68,,55340,15,0,10,1,18,,55321,15,0,10,1,19,,55330,15,0,10,1,64,,55354,15,0,10,1,29,,55341,15,0,10,1,70,,55331,15,0,10,1,30,,55355,15,0,10,1,69,,55342,15,0,10,1,30,,55332,15,0,10,1,70,,55356,15,0,10,1,30,,55343,15,0,10,1,70,,55333,15,0,10,1,31,,55357,15,0,10,1,70,,55344,15,0,10,1,30,,55323,15,0,10,1,70,,55360,15,0,10,1,30,,55359,15,0,10,1,71,,55345,15,0,10,1
16402,'H60JV00I-80-I',542,,55362,15,0,10,1,76,,55376,15,0,10,2,36,,55363,15,0,10,1,77,,55377,15,0,10,2,80,,55364,15,0,10,1,39,,55378,15,0,10,2,78,,55365,15,0,10,1,30,,55389,15,0,10,1,69,,55379,15,0,10,2,29,,55366,15,0,10,1,69,,55390,15,0,10,1,28,,55380,15,0,10,2,68,,55367,15,0,10,1,28,,55391,15,0,10,1,69,,55381,15,0,10,2,29,,55368,15,0,10,1,69,,55392,15,0,10,1,29,,55382,15,0,10,2,69,,55369,15,0,10,1,29,,55393,15,0,10,1,69,,55383,15,0,10,2,29,,55370,15,0,10,1,69,,55394,15,0,10,1,29,,55384,15,0,10,2,68,,55371,15,0,10,1,28,,55395,15,0,10,1,69,,55385,15,0,10,2,29,,55372,15,0,10,1,69,,55396,15,0,10,1,29,,55386,15,0,10,2,69,,55373,15,0,10,1,28,,55397,15,0,10,1,28,,55387,15,0,10,2,67,,55374,15,0,10,1,29,,55398,15,0,10,1,72,,55388,15,0,10,2,32,,55375,15,0,10,1,72,,55401,15,0,10,2,72,,55399,15,0,10,1,30,,55400,15,0,10,2
16402,'H60JV00S-98-S',547,,55408,15,0,10,1,73,,55446,15,0,10,1,28,,55410,15,0,10,1,94,,55409,15,0,10,1,77,,55403,15,0,10,1,28,,55415,15,0,10,1,69,,55411,15,0,10,1,25,,55420,15,0,10,1,66,,55404,15,0,10,1,27,,55416,15,0,10,1,23,,55412,15,0,10,1,64,,55421,15,0,10,1,27,,55405,15,0,10,1,66,,55417,15,0,10,1,22,,55413,15,0,10,1,19,,55422,15,0,10,1,59,,55424,15,0,10,1,18,,55406,15,0,10,1,21,,55418,15,0,10,1,59,,55414,15,0,10,1,102,,55425,15,0,10,1,21,,55443,15,0,10,1,15,,55419,15,0,10,1,54,,55433,15,0,10,1,13,,55444,15,0,10,1,14,,55434,15,0,10,2,11,,55447,15,0,10,1,10,,55428,15,0,10,1,52,,55449,15,0,10,1,11,,55426,15,0,10,1,10,,55402,15,0,10,2,11,,55438,15,0,10,1,11,,55407,15,0,10,2,11,,55423,15,0,10,1,53,,55448,15,0,10,1,14,,55435,15,0,10,2,14,,55429,15,0,10,1,14,,55427,15,0,10,1,63,,55439,15,0,10,1,26,,55436,15,0,10,1,69,,55430,15,0,10,1,29,,55440,15,0,10,1,70,,55437,15,0,10,1,31,,55431,15,0,10,1,71,,55441,15,0,10,1,32,,55450,15,0,10,1,72,,55432,15,0,10,1,33,,55442,15,0,10,1,73,,55451,15,0,10,1,79,,55445,15,0,10,1,39,,55452,15,0,10,1
