18501,'H54J000S-83-S',919,,61772,5,0,5,1
18501,'H54JV00S-80-S',919,,61773,5,0,5,1
18501,'H59J000A-80-A',559,,61779,5,0,5,1,66,,61792,5,0,5,1,31,,61796,5,0,5,1,69,,61800,5,0,5,1,29,,61793,5,0,5,1,70,,61797,5,0,5,1,31,,61801,5,0,5,1,71,,61794,5,0,5,1,30,,61798,5,0,5,1,71,,61802,5,0,5,1,32,,61795,5,0,5,1,71,,61799,5,0,5,1,73,,61803,5,0,5,1,34,,61789,5,0,5,1,73,,61781,5,0,5,1,32,,61811,5,0,5,2,71,,61804,5,0,5,1,31,,61790,5,0,5,1,70,,61782,5,0,5,1,30,,61812,5,0,5,2,70,,61805,5,0,5,1,30,,61791,5,0,5,1,70,,61783,5,0,5,1,30,,61780,5,0,5,1,70,,61806,5,0,5,1,31,,61774,5,0,5,1,72,,61784,5,0,5,1,31,,61807,5,0,5,1,71,,61775,5,0,5,1,31,,61785,5,0,5,1,71,,61808,5,0,5,1,31,,61776,5,0,5,1,70,,61786,5,0,5,1,30,,61809,5,0,5,1,69,,61777,5,0,5,1,29,,61787,5,0,5,1,69,,61810,5,0,5,1,29,,61778,5,0,5,1,65,,61788,5,0,5,1
18501,'H59J000I-80-I',558,,61813,5,0,5,1,71,,61825,5,0,5,1,30,,61831,5,0,5,1,73,,61814,5,0,5,1,74,,61826,5,0,5,1,31,,61832,5,0,5,1,71,,61815,5,0,5,1,30,,61827,5,0,5,1,73,,61833,5,0,5,1,33,,61816,5,0,5,1,73,,61828,5,0,5,1,31,,61834,5,0,5,1,74,,61817,5,0,5,1,33,,61829,5,0,5,1,73,,61835,5,0,5,1,73,,61844,5,0,5,2,32,,61818,5,0,5,1,73,,61830,5,0,5,1,32,,61836,5,0,5,1,71,,61845,5,0,5,2,29,,61819,5,0,5,1,69,,61838,5,0,5,1,29,,61837,5,0,5,1,69,,61846,5,0,5,2,29,,61820,5,0,5,1,71,,61839,5,0,5,1,30,,61847,5,0,5,2,69,,61821,5,0,5,1,30,,61840,5,0,5,1,70,,61848,5,0,5,2,30,,61822,5,0,5,1,69,,61841,5,0,5,1,28,,61849,5,0,5,2,27,,61823,5,0,5,1,68,,61842,5,0,5,1,28,,61850,5,0,5,2,66,,61824,5,0,5,1,28,,61843,5,0,5,1,67,,61851,5,0,5,2
18501,'H59J000S-81-S',604,,61865,5,0,5,1,31,,61863,5,0,5,1,73,,61864,5,0,5,1,34,,61866,5,0,5,1,72,,61852,5,0,5,1,32,,61877,5,0,5,1,104,,61867,5,0,5,1,70,,61853,5,0,5,1,30,,61878,5,0,5,1,70,,61881,5,0,5,1,29,,61868,5,0,5,1,68,,61854,5,0,5,1,27,,61879,5,0,5,1,67,,61882,5,0,5,1,28,,61869,5,0,5,1,68,,61855,5,0,5,1,27,,61880,5,0,5,1,23,,61883,5,0,5,1,59,,61891,5,0,5,2,24,,61870,5,0,5,1,64,,61856,5,0,5,1,22,,61857,5,0,5,1,20,,61892,5,0,5,2,61,,61884,5,0,5,1,28,,61889,5,0,5,2,68,,61871,5,0,5,1,28,,61858,5,0,5,1,27,,61885,5,0,5,1,66,,61890,5,0,5,2,26,,61872,5,0,5,1,70,,61859,5,0,5,1,30,,61886,5,0,5,1,71,,61873,5,0,5,1,30,,61860,5,0,5,1,70,,61887,5,0,5,1,29,,61874,5,0,5,1,68,,61861,5,0,5,1,29,,61888,5,0,5,1,68,,61875,5,0,5,1,29,,61862,5,0,5,1,70,,61876,5,0,5,1
18501,'H59JV00A-80-A',559,,61894,5,0,5,1,66,,61903,5,0,5,1,31,,61926,5,0,5,1,69,,61912,5,0,5,1,29,,61904,5,0,5,1,70,,61927,5,0,5,1,31,,61913,5,0,5,1,71,,61905,5,0,5,1,30,,61928,5,0,5,1,71,,61914,5,0,5,1,32,,61906,5,0,5,1,71,,61929,5,0,5,1,73,,61915,5,0,5,1,34,,61900,5,0,5,1,73,,61918,5,0,5,1,32,,61930,5,0,5,2,71,,61916,5,0,5,1,31,,61901,5,0,5,1,70,,61919,5,0,5,1,30,,61931,5,0,5,2,70,,61917,5,0,5,1,30,,61902,5,0,5,1,70,,61920,5,0,5,1,30,,61893,5,0,5,1,70,,61907,5,0,5,1,31,,61895,5,0,5,1,72,,61921,5,0,5,1,31,,61908,5,0,5,1,71,,61896,5,0,5,1,31,,61922,5,0,5,1,71,,61909,5,0,5,1,31,,61897,5,0,5,1,70,,61923,5,0,5,1,30,,61910,5,0,5,1,69,,61898,5,0,5,1,29,,61924,5,0,5,1,69,,61911,5,0,5,1,29,,61899,5,0,5,1,65,,61925,5,0,5,1
18501,'H59JV00I-80-I',558,,61938,5,0,5,1,71,,61965,5,0,5,1,30,,61958,5,0,5,1,73,,61939,5,0,5,1,74,,61966,5,0,5,1,31,,61959,5,0,5,1,71,,61940,5,0,5,1,30,,61967,5,0,5,1,73,,61960,5,0,5,1,33,,61941,5,0,5,1,73,,61968,5,0,5,1,31,,61961,5,0,5,1,74,,61942,5,0,5,1,33,,61969,5,0,5,1,73,,61962,5,0,5,1,73,,61950,5,0,5,2,32,,61943,5,0,5,1,73,,61970,5,0,5,1,32,,61963,5,0,5,1,71,,61951,5,0,5,2,29,,61944,5,0,5,1,69,,61932,5,0,5,1,29,,61964,5,0,5,1,69,,61952,5,0,5,2,29,,61945,5,0,5,1,71,,61933,5,0,5,1,30,,61953,5,0,5,2,69,,61946,5,0,5,1,30,,61934,5,0,5,1,70,,61954,5,0,5,2,30,,61947,5,0,5,1,69,,61935,5,0,5,1,28,,61955,5,0,5,2,27,,61948,5,0,5,1,68,,61936,5,0,5,1,28,,61956,5,0,5,2,66,,61949,5,0,5,1,28,,61937,5,0,5,1,67,,61957,5,0,5,2
18501,'H59JV00S-83-S',604,,62006,5,0,5,1,31,,61982,5,0,5,1,73,,61981,5,0,5,1,34,,62007,5,0,5,1,72,,61999,5,0,5,1,32,,61983,5,0,5,1,104,,62008,5,0,5,1,70,,62000,5,0,5,1,30,,61984,5,0,5,1,70,,61971,5,0,5,1,29,,62009,5,0,5,1,68,,62001,5,0,5,1,27,,61985,5,0,5,1,67,,61972,5,0,5,1,28,,62010,5,0,5,1,68,,62002,5,0,5,1,27,,61986,5,0,5,1,23,,61987,5,0,5,1,59,,61979,5,0,5,2,24,,62011,5,0,5,1,64,,62003,5,0,5,1,22,,61993,5,0,5,1,20,,61980,5,0,5,2,61,,61988,5,0,5,1,28,,62004,5,0,5,2,68,,61973,5,0,5,1,28,,61994,5,0,5,1,27,,61989,5,0,5,1,66,,62005,5,0,5,2,26,,61974,5,0,5,1,70,,61995,5,0,5,1,30,,61990,5,0,5,1,71,,61975,5,0,5,1,30,,61996,5,0,5,1,70,,61991,5,0,5,1,29,,61976,5,0,5,1,68,,61997,5,0,5,1,29,,61992,5,0,5,1,68,,61977,5,0,5,1,29,,61998,5,0,5,1,70,,61978,5,0,5,1
36401,'H54J000A-80-A',2605,,75375,26,0,5,1,47,,75378,26,0,5,1,71,,75377,26,0,5,1,10,,75376,26,0,5,1,85,,75380,26,0,5,1,84,,75379,26,0,5,1
36401,'H54J000I-80-I',2559,,75382,26,0,5,1,86,,75384,26,0,5,1,71,,75386,26,0,5,1,31,,75381,26,0,5,1,71,,75385,26,0,5,1,41,,75383,26,0,5,1
36401,'H54J000S-83-S',2602,,75389,26,0,5,2,44,,75388,26,0,5,1,84,,75391,26,0,5,2,84,,75387,26,0,5,1,45,,75390,26,0,5,2
36401,'H54JV00A-80-A',2605,,75392,26,0,5,1,47,,75395,26,0,5,1,71,,75393,26,0,5,1,10,,75396,26,0,5,1,85,,75397,26,0,5,1,84,,75394,26,0,5,1
36401,'H54JV00I-80-I',2559,,75401,26,0,5,1,86,,75400,26,0,5,1,71,,75402,26,0,5,1,31,,75399,26,0,5,1,71,,75403,26,0,5,1,41,,75398,26,0,5,1
36401,'H54JV00S-80-S',2602,,75406,26,0,5,2,44,,75405,26,0,5,1,84,,75408,26,0,5,1,84,,75404,26,0,5,1,45,,75407,26,0,5,2
