'26J-H60J000A-80-A',20401,62300,4,'',1,3300,4,'',1,7300,4,'',1,7300,4,'',1,3400,4,'',1,7200,4,'',1,3200,4,'',1,7300,4,'',1,3400,4,'',1,7200,4,'',1,3300,4,'',1,7200,4,'',1,3400,4,'',1,7400,4,'',1,7400,4,'',1,3300,4,'',1,7200,4,'',1,3200,4,'',1,7200,4,'',1,3200,4,'',1,7200,4,'',1,3200,4,'',1,6900,4,'',1,3100,4,'',1,7200,4,'',1,2900,4,'',1,7000,4,'',1,3000,4,'',1,7000,4,'',1,3000,4,'',1,7000,4,'',1,3000,4,'',1,6900,4,'',1,3300,4,'',1,6900,4,'',1,2500,4,'',1
'26J-H60J000A-80-A',20402,63600,0,'Ouest',1,7100,0,'Ouest',1,3200,0,'Ouest',1,7200,0,'Ouest',1,3200,0,'Ouest',1,7200,0,'Ouest',1,3200,0,'Ouest',1,7200,0,'Ouest',1,3200,0,'Ouest',1,7200,0,'Ouest',1,3300,0,'Ouest',1,7300,0,'Ouest',1,7300,0,'Ouest',1,3300,0,'Ouest',1,7000,0,'Ouest',1,3000,0,'Ouest',1,6900,0,'Ouest',1,2900,0,'Ouest',1,6900,0,'Ouest',1,3000,0,'Ouest',1,7000,0,'Ouest',1,3000,0,'Ouest',1,7000,0,'Ouest',1,3000,0,'Ouest',1,7000,0,'Ouest',1,3000,0,'Ouest',1,7000,0,'Ouest',1,3000,0,'Ouest',1,7000,0,'Ouest',1,2900,0,'Ouest',1,6900,0,'Ouest',1,2900,0,'Ouest',1,2900,0,'Ouest',1,6700,0,'Ouest',1
'26J-H60J000I-80-I',20401,73900,4,'',1,7100,4,'',1,3100,4,'',1,7300,4,'',1,3200,4,'',1,7100,4,'',1,3100,4,'',1,7100,4,'',1,3100,4,'',1,7100,4,'',1,3500,4,'',1,7100,4,'',1,3100,4,'',1,7000,4,'',1,3100,4,'',1,7000,4,'',1,3000,4,'',1,6900,4,'',1,3000,4,'',1,7000,4,'',1,3000,4,'',1,7000,4,'',1,7200,4,'',1,3200,4,'',1,7300,4,'',1,3200,4,'',1,7200,4,'',1,3200,4,'',1,7200,4,'',1,3200,4,'',1,7200,4,'',1,3100,4,'',1,7100,4,'',1,3100,4,'',1
'26J-H60J000I-80-I',20402,74500,0,'Ouest',1,7200,0,'Ouest',1,3200,0,'Ouest',1,7200,0,'Ouest',1,3200,0,'Ouest',1,7000,0,'Ouest',1,3000,0,'Ouest',1,7000,0,'Ouest',1,3100,0,'Ouest',1,7100,0,'Ouest',1,3000,0,'Ouest',1,7000,0,'Ouest',1,3000,0,'Ouest',1,6900,0,'Ouest',1,3000,0,'Ouest',1,7000,0,'Ouest',1,3000,0,'Ouest',1,7000,0,'Ouest',1,3000,0,'Ouest',1,7200,0,'Ouest',1,3300,0,'Ouest',1,7300,0,'Ouest',1,7200,0,'Ouest',1,3300,0,'Ouest',1,7300,0,'Ouest',1,3100,0,'Ouest',1,7200,0,'Ouest',1,3300,0,'Ouest',1,7300,0,'Ouest',1,3300,0,'Ouest',1,7300,0,'Ouest',1
'26J-H60J000S-98-S',20401,63100,4,'',1,7700,4,'',1,3700,4,'',1,5700,4,'',1,3000,4,'',1,2600,4,'',1,7300,4,'',1,7300,4,'',1,3300,4,'',1,7500,4,'',1,3300,4,'',1,7500,4,'',1,3200,4,'',1,7400,4,'',1,7400,4,'',1,3700,4,'',1,7600,4,'',1,3500,4,'',1,7500,4,'',1,2800,4,'',1,6900,4,'',1,2800,4,'',1,6400,4,'',1,2800,4,'',1,7000,4,'',1,3000,4,'',1,7100,4,'',1,3200,4,'',1,7100,4,'',1,2900,4,'',1,7100,4,'',1,3100,4,'',1,7000,4,'',1,3100,4,'',1,6900,4,'',1,3000,4,'',1
'26J-H60J000S-98-S',20402,55200,0,'Ouest',1,6700,0,'Ouest',1,3200,0,'Ouest',1,7300,0,'Ouest',1,3300,0,'Ouest',1,7300,0,'Ouest',1,7300,0,'Ouest',1,3300,0,'Ouest',1,7300,0,'Ouest',1,3300,0,'Ouest',1,7400,0,'Ouest',1,3400,0,'Ouest',1,7500,0,'Ouest',1,7500,0,'Ouest',1,3500,0,'Ouest',1,7600,0,'Ouest',1,3500,0,'Ouest',1,7900,0,'Ouest',1,3400,0,'Ouest',1,7600,0,'Ouest',1,2100,0,'Ouest',1,5800,0,'Ouest',1,2100,0,'Ouest',1,1900,0,'Ouest',1,6500,0,'Ouest',1,2500,0,'Ouest',1,7100,0,'Ouest',1,3200,0,'Ouest',1,7200,0,'Ouest',1,3100,0,'Ouest',1,7100,0,'Ouest',1,3100,0,'Ouest',1,7100,0,'Ouest',1,3100,0,'Ouest',1,7100,0,'Ouest',1
'26J-H60JV00A-80-A',20401,62300,4,'',1,3300,4,'',1,7300,4,'',1,7300,4,'',1,3400,4,'',1,7200,4,'',1,3200,4,'',1,7300,4,'',1,3400,4,'',1,7200,4,'',1,3300,4,'',1,7200,4,'',1,3400,4,'',1,7400,4,'',1,7400,4,'',1,3300,4,'',1,7200,4,'',1,3200,4,'',1,7200,4,'',1,3200,4,'',1,7200,4,'',1,3200,4,'',1,6900,4,'',1,3100,4,'',1,7200,4,'',1,2900,4,'',1,7000,4,'',1,3000,4,'',1,7000,4,'',1,3000,4,'',1,7000,4,'',1,3000,4,'',1,6900,4,'',1,3300,4,'',1,6900,4,'',1,2500,4,'',1
'26J-H60JV00A-80-A',20402,63600,0,'Ouest',1,7100,0,'Ouest',1,3200,0,'Ouest',1,7200,0,'Ouest',1,3200,0,'Ouest',1,7200,0,'Ouest',1,3200,0,'Ouest',1,7200,0,'Ouest',1,3200,0,'Ouest',1,7200,0,'Ouest',1,3300,0,'Ouest',1,7300,0,'Ouest',1,7300,0,'Ouest',1,3300,0,'Ouest',1,7000,0,'Ouest',1,3000,0,'Ouest',1,6900,0,'Ouest',1,2900,0,'Ouest',1,6900,0,'Ouest',1,3000,0,'Ouest',1,7000,0,'Ouest',1,3000,0,'Ouest',1,7000,0,'Ouest',1,3000,0,'Ouest',1,7000,0,'Ouest',1,3000,0,'Ouest',1,7000,0,'Ouest',1,3000,0,'Ouest',1,7000,0,'Ouest',1,2900,0,'Ouest',1,6900,0,'Ouest',1,2900,0,'Ouest',1,2900,0,'Ouest',1,6700,0,'Ouest',1
'26J-H60JV00I-80-I',20401,73900,4,'',1,7100,4,'',1,3100,4,'',1,7300,4,'',1,3200,4,'',1,7100,4,'',1,3100,4,'',1,7100,4,'',1,3100,4,'',1,7100,4,'',1,3500,4,'',1,7100,4,'',1,3100,4,'',1,7000,4,'',1,3100,4,'',1,7000,4,'',1,3000,4,'',1,6900,4,'',1,3000,4,'',1,7000,4,'',1,3000,4,'',1,7000,4,'',1,7200,4,'',1,3200,4,'',1,7300,4,'',1,3200,4,'',1,7200,4,'',1,3200,4,'',1,7200,4,'',1,3200,4,'',1,7200,4,'',1,3100,4,'',1,7100,4,'',1,3100,4,'',1
'26J-H60JV00I-80-I',20402,74500,0,'Ouest',1,7200,0,'Ouest',1,3200,0,'Ouest',1,7200,0,'Ouest',1,3200,0,'Ouest',1,7000,0,'Ouest',1,3000,0,'Ouest',1,7000,0,'Ouest',1,3100,0,'Ouest',1,7100,0,'Ouest',1,3000,0,'Ouest',1,7000,0,'Ouest',1,3000,0,'Ouest',1,6900,0,'Ouest',1,3000,0,'Ouest',1,7000,0,'Ouest',1,3000,0,'Ouest',1,7000,0,'Ouest',1,3000,0,'Ouest',1,7200,0,'Ouest',1,3300,0,'Ouest',1,7300,0,'Ouest',1,7200,0,'Ouest',1,3300,0,'Ouest',1,7300,0,'Ouest',1,3100,0,'Ouest',1,7200,0,'Ouest',1,3300,0,'Ouest',1,7300,0,'Ouest',1,3300,0,'Ouest',1,7300,0,'Ouest',1
'26J-H60JV00S-98-S',20401,63100,4,'',1,7700,4,'',1,3700,4,'',1,5700,4,'',1,3000,4,'',1,2600,4,'',1,7300,4,'',1,7300,4,'',1,3300,4,'',1,7500,4,'',1,3300,4,'',1,7500,4,'',1,3200,4,'',1,7400,4,'',1,7400,4,'',1,3700,4,'',1,7600,4,'',1,3500,4,'',1,7500,4,'',1,2800,4,'',1,6900,4,'',1,2800,4,'',1,6400,4,'',1,2800,4,'',1,7000,4,'',1,3000,4,'',1,7100,4,'',1,3200,4,'',1,7100,4,'',1,2900,4,'',1,7100,4,'',1,3100,4,'',1,7000,4,'',1,3100,4,'',1,6900,4,'',1,3000,4,'',1
'26J-H60JV00S-98-S',20402,55200,0,'Ouest',1,6700,0,'Ouest',1,3200,0,'Ouest',1,7300,0,'Ouest',1,3300,0,'Ouest',1,7300,0,'Ouest',1,7300,0,'Ouest',1,3300,0,'Ouest',1,7300,0,'Ouest',1,3300,0,'Ouest',1,7400,0,'Ouest',1,3400,0,'Ouest',1,7500,0,'Ouest',1,7500,0,'Ouest',1,3500,0,'Ouest',1,7600,0,'Ouest',1,3500,0,'Ouest',1,7900,0,'Ouest',1,3400,0,'Ouest',1,7600,0,'Ouest',1,2100,0,'Ouest',1,5800,0,'Ouest',1,2100,0,'Ouest',1,1900,0,'Ouest',1,6500,0,'Ouest',1,2500,0,'Ouest',1,7100,0,'Ouest',1,3200,0,'Ouest',1,7200,0,'Ouest',1,3100,0,'Ouest',1,7100,0,'Ouest',1,3100,0,'Ouest',1,7100,0,'Ouest',1,3100,0,'Ouest',1,7100,0,'Ouest',1
