'26J-H57J000S-81-S',5504,92430,0,'Sud',1,58600,0,'Sud',2
'26J-H57JV00S-83-S',5504,92430,0,'Sud',1,58600,0,'Sud',2
'26J-H58J000A-83-A',5504,53420,0,'Sud',1,7100,0,'Sud',1,3300,0,'Sud',1,7100,0,'Sud',1,3180,0,'Sud',1,7300,0,'Sud',1,3300,0,'Sud',1,7200,0,'Sud',1,3100,0,'Sud',1,6800,0,'Sud',1,2600,0,'Sud',1,5900,0,'Sud',1,2100,0,'Sud',1,2100,0,'Sud',1,6000,0,'Sud',1,1700,0,'Sud',1,1350,0,'Sud',1,1500,0,'Sud',1,5300,0,'Sud',1,1300,0,'Sud',1,1100,0,'Sud',1,1000,0,'Sud',2,1100,0,'Sud',1,1000,0,'Sud',1,5000,0,'Sud',2,1100,0,'Sud',1,1000,0,'Sud',1,900,0,'Sud',1,1000,0,'Sud',2,1100,0,'Sud',1,5000,0,'Sud',1,1000,0,'Sud',1,1000,0,'Sud',1,1000,0,'Sud',1,1000,0,'Sud',1,900,0,'Sud',2,4900,0,'Sud',1,900,0,'Sud',1,1000,0,'Sud',1,1000,0,'Sud',2,1100,0,'Sud',1,1000,0,'Sud',1,4900,0,'Sud',2,1300,0,'Sud',1,1500,0,'Sud',1,1400,0,'Sud',1,5400,0,'Sud',1,1500,0,'Sud',1,1500,0,'Sud',1,1500,0,'Sud',1,5500,0,'Sud',1,1100,0,'Sud',2,1500,0,'Sud',1,1500,0,'Sud',1,1600,0,'Sud',1,5600,0,'Sud',1,1600,0,'Sud',1,1750,0,'Sud',1,6400,0,'Sud',2,2300,0,'Sud',1,6700,0,'Sud',1,3000,0,'Sud',1,7000,0,'Sud',1,2700,0,'Sud',1,2600,0,'Sud',1,7100,0,'Sud',2,2500,0,'Sud',1,7000,0,'Sud',1
'26J-H58J000I-81-I',5504,53320,0,'Sud',2,6700,0,'Sud',1,3000,0,'Sud',1,7200,0,'Sud',1,3200,0,'Sud',1,7300,0,'Sud',1,3100,0,'Sud',1,7100,0,'Sud',1,3400,0,'Sud',1,7280,0,'Sud',1,3200,0,'Sud',1,6700,0,'Sud',1,2100,0,'Sud',1,2100,0,'Sud',1,5830,0,'Sud',1,1700,0,'Sud',1,1600,0,'Sud',1,5600,0,'Sud',1,1500,0,'Sud',1,1200,0,'Sud',1,1200,0,'Sud',1,1300,0,'Sud',1,5300,0,'Sud',1,1300,0,'Sud',1,1200,0,'Sud',1,1400,0,'Sud',1,5500,0,'Sud',1,1400,0,'Sud',1,1300,0,'Sud',1,1500,0,'Sud',1,5600,0,'Sud',1,1600,0,'Sud',1,1500,0,'Sud',1,1500,0,'Sud',1,5700,0,'Sud',2,1900,0,'Sud',1,2700,0,'Sud',1,6500,0,'Sud',1,2500,0,'Sud',1,6700,0,'Sud',1,2700,0,'Sud',1,2320,0,'Sud',1,7000,0,'Sud',2,3000,0,'Sud',1,7100,0,'Sud',1,2800,0,'Sud',1,7100,0,'Sud',2,3100,0,'Sud',1,7100,0,'Sud',1,7100,0,'Sud',1,2800,0,'Sud',1,2700,0,'Sud',1
'26J-H58J000S-81-S',5504,53720,0,'Sud',1,7300,0,'Sud',1,3780,0,'Sud',1,9130,0,'Sud',1,1200,0,'Sud',1,5300,0,'Sud',2,1200,0,'Sud',1,1200,0,'Sud',1,1200,0,'Sud',2,1100,0,'Sud',1,5000,0,'Sud',1,1100,0,'Sud',1,4300,0,'Sud',1,5000,0,'Sud',1,1200,0,'Sud',2,2100,0,'Sud',1,6200,0,'Sud',1,1900,0,'Sud',1,2000,0,'Sud',1,2000,0,'Sud',1,6100,0,'Sud',1,2000,0,'Sud',2,6200,0,'Sud',1,2100,0,'Sud',1,2100,0,'Sud',1,6100,0,'Sud',1,2100,0,'Sud',1,2200,0,'Sud',1,8200,0,'Sud',1,2500,0,'Sud',1,6000,0,'Sud',2,2100,0,'Sud',1,1900,0,'Sud',1,5600,0,'Sud',1,1200,0,'Sud',1,1200,0,'Sud',1,1700,0,'Sud',1,6300,0,'Sud',1,2600,0,'Sud',1,6500,0,'Sud',1,2700,0,'Sud',1,2500,0,'Sud',1,7000,0,'Sud',1,3000,0,'Sud',1,6900,0,'Sud',1,3000,0,'Sud',1,7000,0,'Sud',1,2900,0,'Sud',2,7000,0,'Sud',1,3200,0,'Sud',1,6920,0,'Sud',1,2700,0,'Sud',2
'26J-H58JV00A-80-A',5504,53420,0,'Sud',1,7100,0,'Sud',1,3300,0,'Sud',1,7100,0,'Sud',1,3180,0,'Sud',1,7300,0,'Sud',1,3300,0,'Sud',1,7200,0,'Sud',1,3100,0,'Sud',1,6800,0,'Sud',1,2600,0,'Sud',1,5900,0,'Sud',1,2100,0,'Sud',1,2100,0,'Sud',1,6000,0,'Sud',1,1700,0,'Sud',1,1350,0,'Sud',1,1500,0,'Sud',1,5300,0,'Sud',1,1300,0,'Sud',1,1100,0,'Sud',1,1000,0,'Sud',2,1100,0,'Sud',1,1000,0,'Sud',1,5000,0,'Sud',2,1100,0,'Sud',1,1000,0,'Sud',1,900,0,'Sud',1,1000,0,'Sud',2,1100,0,'Sud',1,5000,0,'Sud',1,1000,0,'Sud',1,1000,0,'Sud',1,1000,0,'Sud',1,1000,0,'Sud',1,900,0,'Sud',2,4900,0,'Sud',1,900,0,'Sud',1,1000,0,'Sud',1,1000,0,'Sud',2,1100,0,'Sud',1,1000,0,'Sud',1,4900,0,'Sud',2,1300,0,'Sud',1,1500,0,'Sud',1,1400,0,'Sud',1,5400,0,'Sud',1,1500,0,'Sud',1,1500,0,'Sud',1,1500,0,'Sud',1,5500,0,'Sud',1,1100,0,'Sud',2,1500,0,'Sud',1,1500,0,'Sud',1,1600,0,'Sud',1,5600,0,'Sud',1,1600,0,'Sud',1,1750,0,'Sud',1,6400,0,'Sud',2,2300,0,'Sud',1,6700,0,'Sud',1,3000,0,'Sud',1,7000,0,'Sud',1,2700,0,'Sud',1,2600,0,'Sud',1,7100,0,'Sud',2,2500,0,'Sud',1,7000,0,'Sud',1
'26J-H58JV00I-80-I',5504,53320,0,'Sud',2,6700,0,'Sud',1,3000,0,'Sud',1,7200,0,'Sud',1,3200,0,'Sud',1,7300,0,'Sud',1,3100,0,'Sud',1,7100,0,'Sud',1,3400,0,'Sud',1,7280,0,'Sud',1,3200,0,'Sud',1,6700,0,'Sud',1,2100,0,'Sud',1,2100,0,'Sud',1,5830,0,'Sud',1,1700,0,'Sud',1,1600,0,'Sud',1,5600,0,'Sud',1,1500,0,'Sud',1,1200,0,'Sud',1,1200,0,'Sud',1,1300,0,'Sud',1,5300,0,'Sud',1,1300,0,'Sud',1,1200,0,'Sud',1,1400,0,'Sud',1,5500,0,'Sud',1,1400,0,'Sud',1,1300,0,'Sud',1,1500,0,'Sud',1,5600,0,'Sud',1,1600,0,'Sud',1,1500,0,'Sud',1,1500,0,'Sud',1,5700,0,'Sud',2,1900,0,'Sud',1,2700,0,'Sud',1,6500,0,'Sud',1,2500,0,'Sud',1,6700,0,'Sud',1,2700,0,'Sud',1,2320,0,'Sud',1,7000,0,'Sud',2,3000,0,'Sud',1,7100,0,'Sud',1,2800,0,'Sud',1,7100,0,'Sud',2,3100,0,'Sud',1,7100,0,'Sud',1,7100,0,'Sud',1,2800,0,'Sud',1,2700,0,'Sud',1
'26J-H58JV00S-82-S',5504,53720,0,'Sud',1,7300,0,'Sud',1,3780,0,'Sud',1,9130,0,'Sud',1,1200,0,'Sud',1,5300,0,'Sud',1,1200,0,'Sud',1,1200,0,'Sud',1,1200,0,'Sud',2,1100,0,'Sud',1,5000,0,'Sud',1,1100,0,'Sud',1,4300,0,'Sud',1,5000,0,'Sud',1,1200,0,'Sud',1,2100,0,'Sud',1,6200,0,'Sud',1,1900,0,'Sud',1,2000,0,'Sud',1,2000,0,'Sud',1,6100,0,'Sud',1,2000,0,'Sud',1,6200,0,'Sud',1,2100,0,'Sud',1,2100,0,'Sud',1,6100,0,'Sud',1,2100,0,'Sud',1,2200,0,'Sud',1,8200,0,'Sud',1,2500,0,'Sud',1,6000,0,'Sud',1,2100,0,'Sud',1,1900,0,'Sud',1,5600,0,'Sud',1,1200,0,'Sud',1,1200,0,'Sud',1,1700,0,'Sud',1,6300,0,'Sud',1,2600,0,'Sud',1,6500,0,'Sud',1,2700,0,'Sud',1,2500,0,'Sud',1,7000,0,'Sud',1,3000,0,'Sud',1,6900,0,'Sud',1,3000,0,'Sud',1,7000,0,'Sud',1,2900,0,'Sud',2,7000,0,'Sud',1,3200,0,'Sud',1,6920,0,'Sud',1,2700,0,'Sud',2
'26J-H59J000S-81-S',5504,72430,0,'Sud',1,21100,0,'Sud',1,1100,0,'Sud',2
'26J-H59JV00S-83-S',5504,72430,0,'Sud',1,21100,0,'Sud',1,1100,0,'Sud',1
'26J-H51J000A-82-A',36304,261940,0,'Sud',2,8300,0,'Sud',1,4200,0,'Sud',2,8360,0,'Sud',1,8500,0,'Sud',1
'26J-H51J000I-82-I',36304,252600,0,'Sud',1,8910,0,'Sud',2,8500,0,'Sud',1,4600,0,'Sud',2,7900,0,'Sud',1,8630,0,'Sud',2
'26J-H51J000S-80-S',36304,253400,0,'Sud',1,8410,0,'Sud',1,8600,0,'Sud',1,4300,0,'Sud',1,8400,0,'Sud',2,8000,0,'Sud',1
'26J-H51JV00A-80-A',36304,261940,0,'Sud',2,8300,0,'Sud',1,4200,0,'Sud',2,8360,0,'Sud',1,8500,0,'Sud',1
'26J-H51JV00I-80-I',36304,252600,0,'Sud',1,8910,0,'Sud',2,8500,0,'Sud',1,4600,0,'Sud',2,7900,0,'Sud',1,8630,0,'Sud',2
'26J-H51JV00S-84-S',36304,253400,0,'Sud',1,8410,0,'Sud',1,8600,0,'Sud',1,4300,0,'Sud',1,8400,0,'Sud',2,8000,0,'Sud',1
