12900,'H51M000A-70-A',632,,127951,14,,,1,82,,127972,14,,,1,34,,127962,14,,,1,72,,127952,14,,,1,32,,127973,14,,,1,72,,127963,14,,,1,32,,127953,14,,,1,72,,127974,14,,,1,72,,127964,14,,,1,32,,127954,14,,,1,72,,127975,14,,,1,34,,127965,14,,,1,69,,127955,14,,,1,26,,127977,14,,,2,26,,127976,14,,,1,71,,127966,14,,,1,71,,127956,14,,,1,30,,127978,14,,,2,70,,127983,14,,,2,31,,127967,14,,,1,68,,127957,14,,,1,28,,127979,14,,,2,28,,127984,14,,,2,68,,127968,14,,,1,28,,127958,14,,,1,67,,127980,14,,,2,29,,127985,14,,,2,66,,127969,13,0,12 1 13,1,29,,127959,13,0,12 1 13,1,70,,127981,13,0,12 1 13,2,29,,127970,13,0,12 1 13,1,70,,127960,13,0,12 1 13,1,30,,127982,13,0,12 1 13,2,69,,127971,13,0,12 1 13,1,40,,127961,13,0,12 1 13,1,81,,127987,13,0,12 1 13,2,80,,127986,13,0,12 1 13,1
12900,'H51M000I-70-I',624,,128004,14,,,1,82,,127996,14,,,2,42,,128005,14,,,1,83,,127997,14,,,2,86,,128006,14,,,1,34,,128009,14,,,2,74,,127998,14,,,2,33,,128007,14,,,1,73,,128010,14,,,2,75,,127999,14,,,2,33,,128008,14,,,1,73,,128011,14,,,2,33,,127988,14,,,1,73,,128000,14,,,2,26,,128014,14,,,2,65,,128012,14,,,2,25,,127989,14,,,1,24,,128001,14,,,2,64,,128015,14,,,2,25,,128013,14,,,2,65,,127990,14,,,1,30,,128002,14,,,2,70,,128016,14,,,2,30,,127991,14,,,1,62,,128021,14,,,2,21,,128003,14,,,2,20,,128017,14,,,2,65,,127992,13,0,12 1 13,1,33,,128022,13,0,12 1 13,2,77,,128018,13,0,12 1 13,2,37,,127993,13,0,12 1 13,1,77,,128023,13,0,12 1 13,2,76,,128019,13,0,12 1 13,2,40,,127994,13,0,12 1 13,1,81,,128020,13,0,12 1 13,2,82,,127995,13,0,12 1 13,1
12900,'H51M000S-70-S',719,,128024,14,,,1,31,,128025,14,,,2,6,,128028,14,,,1,72,,128037,14,,,1,73,,128054,14,,,2,32,,128060,14,,,1,71,,128029,14,,,1,32,,128038,14,,,1,74,,128055,14,,,2,32,,128051,14,,,2,72,,128030,14,,,1,30,,128039,14,,,1,70,,128056,14,,,2,25,,128045,14,,,1,20,,128052,14,,,2,61,,128031,14,,,1,18,,128040,14,,,1,14,,128026,14,,,1,54,,128061,14,,,1,18,,128057,14,,,2,9,,128069,14,,,1,9,,128046,14,,,1,59,,128053,14,,,2,11,,128063,14,,,2,12,,128032,14,,,1,12,,128070,14,,,2,12,,128041,14,,,1,54,,128027,14,,,1,15,,128062,14,,,1,15,,128058,14,,,2,21,,128047,14,,,1,63,,128064,14,,,2,24,,128033,14,,,1,65,,128042,14,,,1,24,,128059,14,,,2,16,,128048,14,0,12 1 13,1,68,,128065,13,0,12 1 13,2,31,,128034,13,0,12 1 13,1,71,,128043,13,0,12 1 13,1,30,,128049,13,0,12 1 13,1,69,,128066,13,0,12 1 13,2,30,,128035,13,0,12 1 13,1,70,,128044,13,0,12 1 13,1,30,,128050,13,0,12 1 13,1,69,,128067,13,0,12 1 13,2,30,,128036,13,0,12 1 13,1,71,,128068,13,0,12 1 13,2
12900,'H51M100F-70-F1',624,,128087,14,,,1,82,,128079,14,,,2,42,,128088,14,,,1,83,,128080,14,,,2,86,,128089,14,,,1,34,,128092,14,,,2,74,,128081,14,,,2,33,,128090,14,,,1,73,,128093,14,,,2,75,,128082,14,,,2,33,,128091,14,,,1,73,,128094,14,,,2,33,,128071,14,,,1,73,,128083,14,,,2,26,,128097,14,,,2,65,,128095,14,,,2,25,,128072,14,,,1,24,,128084,14,,,2,64,,128098,14,,,2,25,,128096,14,,,2,65,,128073,14,,,1,30,,128085,14,,,2,70,,128099,14,,,2,30,,128074,14,,,1,62,,128104,14,,,2,21,,128086,14,,,2,20,,128101,14,,,2,65,,128075,13,0,12 1 13,1,33,,128105,13,0,12 1 13,2,77,,128100,13,0,12 1 13,2,37,,128076,13,0,12 1 13,1,77,,128106,13,0,12 1 13,2,76,,128102,13,0,12 1 13,2,40,,128077,13,0,12 1 13,1,81,,128103,13,0,12 1 13,2,82,,128078,13,0,12 1 13,1
12900,'H51M200F-70-F2',624,,128123,14,,,1,82,,128115,14,,,2,42,,128124,14,,,1,83,,128116,14,,,2,86,,128125,14,,,1,34,,128128,14,,,2,74,,128117,14,,,2,33,,128126,14,,,1,73,,128129,14,,,2,75,,128118,14,,,2,33,,128127,14,,,1,73,,128130,14,,,2,33,,128107,14,,,1,73,,128119,14,,,2,26,,128133,14,,,2,65,,128131,14,,,2,25,,128108,14,,,1,24,,128120,14,,,2,64,,128134,14,,,2,25,,128132,14,,,2,65,,128109,14,,,1,30,,128121,14,,,2,70,,128135,14,,,2,30,,128111,14,,,1,62,,128140,14,,,2,21,,128122,14,,,2,20,,128136,14,,,2,65,,128110,13,0,12 1 13,1,33,,128141,13,0,12 1 13,2,77,,128137,13,0,12 1 13,2,37,,128112,13,0,12 1 13,1,77,,128142,13,0,12 1 13,2,76,,128138,13,0,12 1 13,2,40,,128113,13,0,12 1 13,1,81,,128139,13,0,12 1 13,2,82,,128114,13,0,12 1 13,1
12900,'H51M300F-70-F3',624,,128160,14,,,1,82,,128151,14,,,2,42,,128159,14,,,1,83,,128152,14,,,2,86,,128161,14,,,1,34,,128164,14,,,2,74,,128153,14,,,2,33,,128162,14,,,1,73,,128165,14,,,2,75,,128154,14,,,2,33,,128163,14,,,1,73,,128166,14,,,2,33,,128143,14,,,1,73,,128155,14,,,2,26,,128169,14,,,2,65,,128167,14,,,2,25,,128144,14,,,1,24,,128156,14,,,2,64,,128170,14,,,2,25,,128168,14,,,2,65,,128145,14,,,1,30,,128157,14,,,2,70,,128171,14,,,2,30,,128146,14,,,1,62,,128176,14,,,2,21,,128158,14,,,2,20,,128172,14,,,2,65,,128147,13,0,12 1 13,1,33,,128177,13,0,12 1 13,2,77,,128173,13,0,12 1 13,2,37,,128148,13,0,12 1 13,1,77,,128178,13,0,12 1 13,2,76,,128174,13,0,12 1 13,2,40,,128149,13,0,12 1 13,1,81,,128175,13,0,12 1 13,2,82,,128150,13,0,12 1 13,1
12900,'H57M000S-70-S',1515,,128179,14,,,2,36,,128180,14,,,2
12900,'H59M000S-70-S',617,,128181,14,,,1,30,,128182,14,,,2
71100,'H50M000A-70-A',828,,160111,18,,,1,30,,160103,18,,,1,71,,160120,18,,,1,73,,160112,18,,,1,34,,160104,18,,,1,67,,160121,18,,,1,30,,160113,18,,,1,72,,160105,18,,,1,28,,160122,18,,,1,72,,160114,18,,,1,34,,160106,18,,,1,71,,160123,18,,,1,33,,160115,18,,,1,67,,160107,18,,,1,32,,160124,18,,,1,68,,160116,18,,,1,29,,160108,18,,,1,68,,160125,18,,,1,31,,160117,18,,,1,73,,160109,18,,,1,27,,160126,18,,,1,67,,160118,18,,,1,27,,160110,18,,,1,72,,160127,18,,,1,30,,160119,18,,,1
71100,'H50M000I-70-I',826,,160136,18,,,1,32,,160128,18,,,1,68,,160145,18,,,1,33,,160137,18,,,1,74,,160129,18,,,1,71,,160146,18,,,1,31,,160138,18,,,1,67,,160130,18,,,1,28,,160147,18,,,1,73,,160139,18,,,1,34,,160131,18,,,1,66,,160148,18,,,1,33,,160140,18,,,1,74,,160132,18,,,1,25,,160149,18,,,1,69,,160141,18,,,1,30,,160133,18,,,1,70,,160150,18,,,1,28,,160142,18,,,1,73,,160134,18,,,1,33,,160151,18,,,1,73,,160143,18,,,1,29,,160135,18,,,1,67,,160152,18,,,1,31,,160144,18,,,1
71100,'H50M100F-70-F1',826,,160160,18,,,1,32,,160153,18,,,1,68,,160168,18,,,1,33,,160161,18,,,1,74,,160154,18,,,1,71,,160171,18,,,1,31,,160162,18,,,1,67,,160155,18,,,1,28,,160172,18,,,1,73,,160163,18,,,1,34,,160156,18,,,1,66,,160173,18,,,1,33,,160164,18,,,1,74,,160157,18,,,1,25,,160174,18,,,1,69,,160165,18,,,1,30,,160158,18,,,1,70,,160175,18,,,1,28,,160170,18,,,1,73,,160169,18,,,1,33,,160176,18,,,1,73,,160166,18,,,1,29,,160159,18,,,1,67,,160177,18,,,1,31,,160167,18,,,1
71100,'H50M200F-70-F2',826,,160186,18,,,1,32,,160178,18,,,1,68,,160195,18,,,1,33,,160187,18,,,1,74,,160179,18,,,1,71,,160200,18,,,1,31,,160188,18,,,1,67,,160180,18,,,1,28,,160196,18,,,1,73,,160189,18,,,1,34,,160181,18,,,1,66,,160197,18,,,1,33,,160190,18,,,1,74,,160184,18,,,1,25,,160201,18,,,1,69,,160191,18,,,1,30,,160182,18,,,1,70,,160198,18,,,1,28,,160192,18,,,1,73,,160183,18,,,1,33,,160199,18,,,1,73,,160193,18,,,1,29,,160185,18,,,1,67,,160202,18,,,1,31,,160194,18,,,1
71100,'H50M300F-70-F3',826,,160211,18,,,1,32,,160203,18,,,1,68,,160220,18,,,1,33,,160212,18,,,1,74,,160204,18,,,1,71,,160221,18,,,1,31,,160213,18,,,1,67,,160205,18,,,1,28,,160222,18,,,1,73,,160214,18,,,1,34,,160206,18,,,1,66,,160223,18,,,1,33,,160215,18,,,1,74,,160207,18,,,1,25,,160224,18,,,1,69,,160216,18,,,1,30,,160208,18,,,1,70,,160225,18,,,1,28,,160217,18,,,1,73,,160209,18,,,1,33,,160226,18,,,1,73,,160218,18,,,1,29,,160210,18,,,1,67,,160227,18,,,1,31,,160219,18,,,1
