'26J-H54J000A-80-A',8103,74830,0,'Nord',1,6600,0,'Nord',1,2500,0,'Nord',1,6600,0,'Nord',1,2600,0,'Nord',1,2500,0,'Nord',1,6500,0,'Nord',1,2500,0,'Nord',1,6500,0,'Nord',1,2500,0,'Nord',1,6500,0,'Nord',1,2500,0,'Nord',1,2500,0,'Nord',1,6500,0,'Nord',1,2500,0,'Nord',1,6500,0,'Nord',1,2500,0,'Nord',1,2600,0,'Nord',1,6600,0,'Nord',1,2600,0,'Nord',1,6600,0,'Nord',1,2500,0,'Nord',1,6500,0,'Nord',1,2500,0,'Nord',1,2500,0,'Nord',1,6500,0,'Nord',1,2500,0,'Nord',1,6500,0,'Nord',1,2500,0,'Nord',1,6500,0,'Nord',1,2600,0,'Nord',1,2700,0,'Nord',1
'26J-H54J000I-80-I',8103,74830,0,'Nord',1,6400,0,'Nord',1,2500,0,'Nord',1,6500,0,'Nord',1,2500,0,'Nord',1,2600,0,'Nord',2,6600,0,'Nord',2,2500,0,'Nord',1,6500,0,'Nord',2,2500,0,'Nord',2,2500,0,'Nord',1,6580,0,'Nord',2,2500,0,'Nord',2,6600,0,'Nord',1,2600,0,'Nord',2,6520,0,'Nord',2,2600,0,'Nord',1,2500,0,'Nord',2,6500,0,'Nord',2,2500,0,'Nord',1,6500,0,'Nord',2,2500,0,'Nord',2,6500,0,'Nord',1,2500,0,'Nord',2,2600,0,'Nord',2,6600,0,'Nord',1,2600,0,'Nord',2,6500,0,'Nord',2,2500,0,'Nord',1,6500,0,'Nord',2,2500,0,'Nord',2,2700,0,'Nord',1
'26J-H54J000S-83-S',8103,63710,0,'Nord',1,6900,0,'Nord',2,2700,0,'Nord',2,6900,0,'Nord',1,2920,0,'Nord',1,7000,0,'Nord',2,2700,0,'Nord',2,2600,0,'Nord',1,6500,0,'Nord',2,2500,0,'Nord',2,6500,0,'Nord',1,2500,0,'Nord',2,2500,0,'Nord',2,6500,0,'Nord',1,2500,0,'Nord',2,6500,0,'Nord',2,2600,0,'Nord',1,6600,0,'Nord',2,2500,0,'Nord',2,2500,0,'Nord',1,6400,0,'Nord',2,2400,0,'Nord',2,6500,0,'Nord',1,2500,0,'Nord',2,2500,0,'Nord',2,6500,0,'Nord',1,2500,0,'Nord',2,6500,0,'Nord',2,2500,0,'Nord',1,6500,0,'Nord',2,2500,0,'Nord',2,2400,0,'Nord',1,6400,0,'Nord',2,2500,0,'Nord',2,7000,0,'Nord',1,3100,0,'Nord',2
'26J-H54JV00A-80-A',8103,74830,0,'Nord',1,6600,0,'Nord',1,2500,0,'Nord',1,6600,0,'Nord',1,2600,0,'Nord',1,2500,0,'Nord',1,6500,0,'Nord',1,2500,0,'Nord',1,6500,0,'Nord',1,2500,0,'Nord',1,6500,0,'Nord',1,2500,0,'Nord',1,2500,0,'Nord',1,6500,0,'Nord',1,2500,0,'Nord',1,6500,0,'Nord',1,2500,0,'Nord',1,2600,0,'Nord',1,6600,0,'Nord',1,2600,0,'Nord',1,6600,0,'Nord',1,2500,0,'Nord',1,6500,0,'Nord',1,2500,0,'Nord',1,2500,0,'Nord',1,6500,0,'Nord',1,2500,0,'Nord',1,6500,0,'Nord',1,2500,0,'Nord',1,6500,0,'Nord',1,2600,0,'Nord',1,2700,0,'Nord',1
'26J-H54JV00I-80-I',8103,74830,0,'Nord',1,6400,0,'Nord',1,2500,0,'Nord',1,6500,0,'Nord',1,2500,0,'Nord',1,2600,0,'Nord',2,6600,0,'Nord',2,2500,0,'Nord',1,6500,0,'Nord',2,2500,0,'Nord',2,2500,0,'Nord',1,6580,0,'Nord',2,2500,0,'Nord',2,6600,0,'Nord',1,2600,0,'Nord',2,6520,0,'Nord',2,2600,0,'Nord',1,2500,0,'Nord',2,6500,0,'Nord',2,2500,0,'Nord',1,6500,0,'Nord',2,2500,0,'Nord',2,6500,0,'Nord',1,2500,0,'Nord',2,2600,0,'Nord',2,6600,0,'Nord',1,2600,0,'Nord',2,6500,0,'Nord',2,2500,0,'Nord',1,6500,0,'Nord',2,2500,0,'Nord',2,2700,0,'Nord',1
'26J-H54JV00S-80-S',8103,63710,0,'Nord',1,6900,0,'Nord',1,2700,0,'Nord',2,6900,0,'Nord',1,2920,0,'Nord',1,7000,0,'Nord',2,2700,0,'Nord',1,2600,0,'Nord',1,6500,0,'Nord',2,2500,0,'Nord',1,6500,0,'Nord',1,2500,0,'Nord',2,2500,0,'Nord',1,6500,0,'Nord',1,2500,0,'Nord',2,6500,0,'Nord',1,2600,0,'Nord',1,6600,0,'Nord',2,2500,0,'Nord',1,2500,0,'Nord',1,6400,0,'Nord',2,2400,0,'Nord',1,6500,0,'Nord',1,2500,0,'Nord',2,2500,0,'Nord',1,6500,0,'Nord',1,2500,0,'Nord',2,6500,0,'Nord',1,2500,0,'Nord',1,6500,0,'Nord',2,2500,0,'Nord',1,2400,0,'Nord',1,6400,0,'Nord',2,2500,0,'Nord',1,7000,0,'Nord',1,3100,0,'Nord',2
'26J-H54J000A-80-A',8601,61810,0,'Est',1,3300,0,'Est',1,7300,0,'Est',2,3300,0,'Est',1,7200,0,'Est',1,7240,0,'Est',1,3300,0,'Est',1,7200,0,'Est',2,3200,0,'Est',1,7200,0,'Est',1,3200,0,'Est',1,7300,0,'Est',1,3300,0,'Est',2,7300,0,'Est',1,3300,0,'Est',1,7200,0,'Est',1,3300,0,'Est',1,7300,0,'Est',2,7180,0,'Est',1,3300,0,'Est',1,7200,0,'Est',1,3300,0,'Est',1,7300,0,'Est',2,3280,0,'Est',1,7300,0,'Est',1,3200,0,'Est',1,7300,0,'Est',1,3300,0,'Est',1,7300,0,'Est',1,7100,0,'Est',1,3200,0,'Est',1,7200,0,'Est',1,3300,0,'Est',1,7300,0,'Est',1,3100,0,'Est',1,7300,0,'Est',1,3200,0,'Est',1,7100,0,'Est',1
'26J-H54J000I-80-I',8601,61910,0,'Est',1,3200,0,'Est',1,7100,0,'Est',2,3100,0,'Est',2,7200,0,'Est',1,3200,0,'Est',1,7200,0,'Est',1,7220,0,'Est',1,3200,0,'Est',2,7200,0,'Est',1,3300,0,'Est',1,7200,0,'Est',1,3200,0,'Est',1,7200,0,'Est',2,3200,0,'Est',1,7200,0,'Est',1,3200,0,'Est',1,7300,0,'Est',1,3300,0,'Est',2,7100,0,'Est',1,7300,0,'Est',1,3300,0,'Est',1,7300,0,'Est',1,3300,0,'Est',2,7300,0,'Est',1,3280,0,'Est',1,7200,0,'Est',1,3100,0,'Est',1,7100,0,'Est',2,3000,0,'Est',1,7000,0,'Est',1,2900,0,'Est',1,7000,0,'Est',1,3100,0,'Est',1,7200,0,'Est',1,3200,0,'Est',1,7200,0,'Est',1,3090,0,'Est',1,7000,0,'Est',1
'26J-H54J000S-83-S',8601,60950,0,'Est',2,2700,0,'Est',1,6800,0,'Est',2,3400,0,'Est',2,7300,0,'Est',1,3200,0,'Est',2,7080,0,'Est',1,3000,0,'Est',1,7000,0,'Est',2,2700,0,'Est',1,6700,0,'Est',1,2800,0,'Est',1,6700,0,'Est',1,3000,0,'Est',1,7000,0,'Est',2,3000,0,'Est',1,7100,0,'Est',1,3100,0,'Est',1,7000,0,'Est',1,3000,0,'Est',1,7020,0,'Est',2,10300,0,'Est',1,3300,0,'Est',1,7280,0,'Est',2,3100,0,'Est',2,7200,0,'Est',1,2800,0,'Est',1,6900,0,'Est',1,2900,0,'Est',2,6900,0,'Est',2,2900,0,'Est',1,6900,0,'Est',1,2900,0,'Est',1,6780,0,'Est',1,2800,0,'Est',1,7000,0,'Est',1,3000,0,'Est',1,7200,0,'Est',1,3100,0,'Est',1,7000,0,'Est',1
'26J-H54JV00A-80-A',8601,61810,0,'Est',1,3300,0,'Est',1,7300,0,'Est',2,3300,0,'Est',1,7200,0,'Est',1,7240,0,'Est',1,3300,0,'Est',1,7200,0,'Est',2,3200,0,'Est',1,7200,0,'Est',1,3200,0,'Est',1,7300,0,'Est',1,3300,0,'Est',2,7300,0,'Est',1,3300,0,'Est',1,7200,0,'Est',1,3300,0,'Est',1,7300,0,'Est',2,7180,0,'Est',1,3300,0,'Est',1,7200,0,'Est',1,3300,0,'Est',1,7300,0,'Est',2,3280,0,'Est',1,7300,0,'Est',1,3200,0,'Est',1,7300,0,'Est',1,3300,0,'Est',1,7300,0,'Est',1,7100,0,'Est',1,3200,0,'Est',1,7200,0,'Est',1,3300,0,'Est',1,7300,0,'Est',1,3100,0,'Est',1,7300,0,'Est',1,3200,0,'Est',1,7100,0,'Est',1
'26J-H54JV00I-80-I',8601,61910,0,'Est',1,3200,0,'Est',1,7100,0,'Est',2,3100,0,'Est',2,7200,0,'Est',1,3200,0,'Est',1,7200,0,'Est',1,7220,0,'Est',1,3200,0,'Est',2,7200,0,'Est',1,3300,0,'Est',1,7200,0,'Est',1,3200,0,'Est',1,7200,0,'Est',2,3200,0,'Est',1,7200,0,'Est',1,3200,0,'Est',1,7300,0,'Est',1,3300,0,'Est',2,7100,0,'Est',1,7300,0,'Est',1,3300,0,'Est',1,7300,0,'Est',1,3300,0,'Est',2,7300,0,'Est',1,3280,0,'Est',1,7200,0,'Est',1,3100,0,'Est',1,7100,0,'Est',2,3000,0,'Est',1,7000,0,'Est',1,2900,0,'Est',1,7000,0,'Est',1,3100,0,'Est',1,7200,0,'Est',1,3200,0,'Est',1,7200,0,'Est',1,3090,0,'Est',1,7000,0,'Est',1
'26J-H54JV00S-80-S',8601,60950,0,'Est',2,2700,0,'Est',1,6800,0,'Est',1,3400,0,'Est',2,7300,0,'Est',1,3200,0,'Est',2,7080,0,'Est',1,3000,0,'Est',1,7000,0,'Est',2,2700,0,'Est',1,6700,0,'Est',1,2800,0,'Est',1,6700,0,'Est',1,3000,0,'Est',1,7000,0,'Est',2,3000,0,'Est',1,7100,0,'Est',1,3100,0,'Est',1,7000,0,'Est',1,3000,0,'Est',1,7020,0,'Est',2,10300,0,'Est',1,3300,0,'Est',1,7280,0,'Est',1,3100,0,'Est',2,7200,0,'Est',1,2800,0,'Est',1,6900,0,'Est',1,2900,0,'Est',1,6900,0,'Est',2,2900,0,'Est',1,6900,0,'Est',1,2900,0,'Est',1,6780,0,'Est',1,2800,0,'Est',1,7000,0,'Est',1,3000,0,'Est',1,7200,0,'Est',1,3100,0,'Est',1,7000,0,'Est',1
'26J-H58J000S-81-S',8601,163650,0,'Est',1
'26J-H58JV00S-82-S',8601,163650,0,'Est',1
