17702,'H60J000A-80-A',613,,60112,11,0,10,1,31,,60131,11,0,10,2,70,,60113,11,0,10,1,30,,60132,11,0,10,2,70,,60114,11,0,10,1,30,,60096,11,0,10,2,70,,60115,11,0,10,1,30,,60097,11,0,10,2,70,,60116,11,0,10,1,30,,60098,11,0,10,2,70,,60117,11,0,10,1,30,,60099,11,0,10,2,70,,60118,11,0,10,1,30,,60100,11,0,10,2,70,,60119,11,0,10,1,30,,60101,11,0,10,2,71,,60133,11,0,10,1,28,,60120,11,0,10,1,68,,60102,11,0,10,2,32,,60121,11,0,10,1,72,,60103,11,0,10,2,30,,60122,11,0,10,1,71,,60104,11,0,10,2,31,,60123,11,0,10,1,70,,60105,11,0,10,2,30,,60124,11,0,10,1,70,,60106,11,0,10,2,30,,60125,11,0,10,1,69,,60107,11,0,10,2,28,,60126,11,0,10,1,69,,60108,11,0,10,2,30,,60127,11,0,10,1,70,,60109,11,0,10,2,29,,60128,11,0,10,1,69,,60110,11,0,10,2,28,,60129,11,0,10,1,69,,60111,11,0,10,2,30,,60130,11,0,10,1
17702,'H60J000I-80-I',610,,60134,11,0,10,1,31,,60154,11,0,10,1,70,,60135,11,0,10,1,30,,60155,11,0,10,1,70,,60136,11,0,10,1,30,,60156,11,0,10,1,70,,60137,11,0,10,1,30,,60157,11,0,10,1,71,,60138,11,0,10,1,31,,60158,11,0,10,1,71,,60139,11,0,10,1,31,,60159,11,0,10,1,71,,60140,11,0,10,1,31,,60160,11,0,10,1,70,,60141,11,0,10,1,31,,60161,11,0,10,1,70,,60142,11,0,10,1,30,,60162,11,0,10,1,70,,60143,11,0,10,1,29,,60163,11,0,10,1,69,,60144,11,0,10,1,30,,60164,11,0,10,1,71,,60145,11,0,10,1,30,,60170,11,0,10,2,70,,60146,11,0,10,1,30,,60171,11,0,10,2,70,,60147,11,0,10,1,29,,60166,11,0,10,1,69,,60148,11,0,10,1,29,,60167,11,0,10,1,69,,60149,11,0,10,1,30,,60168,11,0,10,1,70,,60150,11,0,10,1,30,,60169,11,0,10,1,70,,60151,11,0,10,1,29,,60165,11,0,10,2,68,,60152,11,0,10,1,29,,60153,11,0,10,2
17702,'H60J000S-98-S',603,,60172,11,0,10,1,29,,60189,11,0,10,1,70,,60198,11,0,10,2,31,,60190,11,0,10,1,71,,60199,11,0,10,2,31,,60191,11,0,10,1,71,,60200,11,0,10,2,29,,60192,11,0,10,1,69,,60201,11,0,10,2,30,,60193,11,0,10,1,69,,60202,11,0,10,2,30,,60194,11,0,10,1,70,,60203,11,0,10,2,31,,60195,11,0,10,1,72,,60173,11,0,10,1,32,,60196,11,0,10,1,73,,60174,11,0,10,1,33,,60197,11,0,10,1,73,,60175,11,0,10,1,32,,60204,11,0,10,1,73,,60207,11,0,10,2,33,,60176,11,0,10,1,74,,60208,11,0,10,2,71,,60177,11,0,10,1,31,,60209,11,0,10,2,71,,60178,11,0,10,1,31,,60205,11,0,10,1,67,,60179,11,0,10,1,29,,60206,11,0,10,1,29,,60180,11,0,10,1,69,,60185,11,0,10,1,28,,60181,11,0,10,1,68,,60186,11,0,10,1,27,,60182,11,0,10,1,67,,60187,11,0,10,1,29,,60183,11,0,10,1,69,,60188,11,0,10,1,30,,60184,11,0,10,1
17702,'H60JV00A-80-A',613,,60211,11,0,10,1,31,,60217,11,0,10,2,70,,60212,11,0,10,1,30,,60218,11,0,10,2,70,,60213,11,0,10,1,30,,60219,11,0,10,2,70,,60214,11,0,10,1,30,,60220,11,0,10,2,70,,60215,11,0,10,1,30,,60221,11,0,10,2,70,,60235,11,0,10,1,30,,60222,11,0,10,2,70,,60236,11,0,10,1,30,,60223,11,0,10,2,70,,60237,11,0,10,1,30,,60224,11,0,10,2,71,,60216,11,0,10,1,28,,60238,11,0,10,1,68,,60225,11,0,10,2,32,,60239,11,0,10,1,72,,60226,11,0,10,2,30,,60240,11,0,10,1,71,,60227,11,0,10,2,31,,60241,11,0,10,1,70,,60228,11,0,10,2,30,,60242,11,0,10,1,70,,60229,11,0,10,2,30,,60243,11,0,10,1,69,,60230,11,0,10,2,28,,60244,11,0,10,1,69,,60231,11,0,10,2,30,,60245,11,0,10,1,70,,60232,11,0,10,2,29,,60246,11,0,10,1,69,,60233,11,0,10,2,28,,60247,11,0,10,1,69,,60234,11,0,10,2,30,,60210,11,0,10,1
17702,'H60JV00I-80-I',610,,60253,11,0,10,1,31,,60272,11,0,10,1,70,,60254,11,0,10,1,30,,60273,11,0,10,1,70,,60255,11,0,10,1,30,,60274,11,0,10,1,70,,60256,11,0,10,1,30,,60275,11,0,10,1,71,,60257,11,0,10,1,31,,60276,11,0,10,1,71,,60258,11,0,10,1,31,,60277,11,0,10,1,71,,60259,11,0,10,1,31,,60278,11,0,10,1,70,,60260,11,0,10,1,31,,60279,11,0,10,1,70,,60261,11,0,10,1,30,,60280,11,0,10,1,70,,60262,11,0,10,1,29,,60281,11,0,10,1,69,,60263,11,0,10,1,30,,60282,11,0,10,1,71,,60264,11,0,10,1,30,,60283,11,0,10,2,70,,60265,11,0,10,1,30,,60284,11,0,10,2,70,,60266,11,0,10,1,29,,60248,11,0,10,1,69,,60267,11,0,10,1,29,,60249,11,0,10,1,69,,60268,11,0,10,1,30,,60250,11,0,10,1,70,,60269,11,0,10,1,30,,60251,11,0,10,1,70,,60270,11,0,10,1,29,,60285,11,0,10,2,68,,60271,11,0,10,1,29,,60252,11,0,10,2
17702,'H60JV00S-98-S',603,,60314,11,0,10,1,29,,60296,11,0,10,1,70,,60305,11,0,10,2,31,,60297,11,0,10,1,71,,60306,11,0,10,2,31,,60298,11,0,10,1,71,,60307,11,0,10,2,29,,60299,11,0,10,1,69,,60308,11,0,10,2,30,,60300,11,0,10,1,69,,60309,11,0,10,2,30,,60301,11,0,10,1,70,,60310,11,0,10,2,31,,60302,11,0,10,1,72,,60321,11,0,10,1,32,,60303,11,0,10,1,73,,60322,11,0,10,1,33,,60304,11,0,10,1,73,,60323,11,0,10,1,32,,60286,11,0,10,1,73,,60311,11,0,10,2,33,,60287,11,0,10,1,74,,60312,11,0,10,2,71,,60288,11,0,10,1,31,,60313,11,0,10,2,71,,60289,11,0,10,1,31,,60319,11,0,10,1,67,,60290,11,0,10,1,29,,60320,11,0,10,1,29,,60291,11,0,10,1,69,,60315,11,0,10,1,28,,60292,11,0,10,1,68,,60316,11,0,10,1,27,,60293,11,0,10,1,67,,60317,11,0,10,1,29,,60294,11,0,10,1,69,,60318,11,0,10,1,30,,60295,11,0,10,1
21302,'H50J000S-83-S',605,,73031,9,0,10,1,33,,73030,9,0,76 1 60 77,1,10,,73033,9,0,10,1,64,,73038,9,0,10,1,26,,73025,9,0,10,1,62,,73035,9,0,10,1,8,,73032,9,0,76 1 60 77,1,24,,73029,9,0,10,1,11,,73034,9,0,10,1,91,,73026,9,0,10,1,578,,73040,9,0,10,1,27,,73036,9,0,10,1,69,,73039,9,0,10,1,30,,73037,9,0,10,1,73,,73041,9,0,10,1,33,,73027,9,0,10,1,104,,73028,9,0,10,1
21302,'H50JV00S-82-S',605,,73048,9,0,10,1,33,,73047,9,0,76 1 60 77,1,10,,73050,9,0,10,1,64,,73055,9,0,10,1,26,,73042,9,0,10,1,62,,73052,9,0,10,1,8,,73049,9,0,76 1 60 77,1,24,,73046,9,0,10,1,11,,73051,9,0,10,1,91,,73043,9,0,10,1,578,,73057,9,0,10,1,27,,73053,9,0,10,1,69,,73056,9,0,10,1,30,,73054,9,0,10,1,73,,73058,9,0,10,1,33,,73044,9,0,10,1,104,,73045,9,0,10,1
21302,'H60J000S-98-S',623,,73060,9,0,10,1,10,,73064,9,0,76 1 60 77,2,26,,73066,9,0,76 1 60 77,2,65,,73067,9,0,76 1 60 77,1,25,,73063,9,0,76 1 60 77,1,69,,73068,9,0,10,2,7,,73065,9,0,76 1 60 77,2,32,,73061,9,0,10,2,57,,73062,9,0,10,1,902,,73059,9,0,10,1
21302,'H60JV00S-98-S',623,,73070,9,0,10,1,10,,73075,9,0,76 1 60 77,2,26,,73077,9,0,76 1 60 77,2,65,,73071,9,0,76 1 60 77,1,25,,73072,9,0,76 1 60 77,1,69,,73076,9,0,10,2,7,,73073,9,0,76 1 60 77,2,32,,73069,9,0,10,2,57,,73078,9,0,10,1,902,,73074,9,0,10,1
22502,'H60J000S-98-S',607,,74252,11,0,10,2,13,,74244,11,0,10,1,9,,74254,11,0,10,1,8,,74256,11,0,10,2,8,,74258,11,0,10,2,10,,74262,11,0,10,2,54,,74260,11,0,10,1,13,,74245,11,0,10,1,14,,74246,11,0,10,1,12,,74253,11,0,10,2,53,,74263,11,0,10,1,29,,74257,11,0,10,2,29,,74261,11,0,10,1,67,,74247,11,0,10,1,27,,74249,11,0,10,1,67,,74248,11,0,10,1,438,,74243,11,0,10,1,69,,74259,11,0,10,1,30,,74264,11,0,10,2,71,,74255,11,0,10,1,72,,74265,11,0,10,1,32,,74250,11,0,10,1,71,,74266,11,0,10,2,32,,74269,11,0,10,2,71,,74267,11,0,10,1,24,,74251,11,0,10,1,300,,74268,11,0,10,1
22502,'H60JV00S-98-S',607,,74289,11,0,10,2,13,,74276,11,0,10,1,9,,74285,11,0,10,1,8,,74291,11,0,10,2,8,,74293,11,0,10,2,10,,74286,11,0,10,2,54,,74294,11,0,10,1,13,,74287,11,0,10,1,14,,74282,11,0,10,1,12,,74290,11,0,10,2,53,,74271,11,0,10,1,29,,74292,11,0,10,2,29,,74295,11,0,10,1,67,,74283,11,0,10,1,27,,74278,11,0,10,1,67,,74270,11,0,10,1,438,,74272,11,0,10,1,69,,74277,11,0,10,1,30,,74274,11,0,10,2,71,,74281,11,0,10,1,72,,74288,11,0,10,1,32,,74279,11,0,10,1,71,,74296,11,0,10,2,32,,74275,11,0,10,2,71,,74273,11,0,10,1,24,,74280,11,0,10,1,300,,74284,11,0,10,1
37103,'H50J000A-84-A',2615,,75768,58,0,8,1,31,,75770,58,0,8,2,67,,75772,58,0,8,1,31,,75767,58,0,8,1,70,,75769,58,0,8,1,30,,75771,58,0,8,2,69,,75773,58,0,8,1
37103,'H50J000I-84-I',2612,,75774,58,0,8,1,29,,75777,58,0,8,2,72,,75775,58,0,8,1,30,,75780,58,0,8,1,71,,75779,58,0,8,1,31,,75778,58,0,8,2,71,,75776,58,0,8,1
37103,'H50J000S-83-S',2614,,75783,58,0,8,1,30,,75784,58,0,8,2,70,,75781,58,0,8,1,28,,75787,58,0,8,2,71,,75782,58,0,8,2,32,,75785,58,0,8,2,70,,75786,58,0,8,1
37103,'H50JV00A-81-A',2615,,75789,58,0,8,1,31,,75791,58,0,8,2,67,,75793,58,0,8,1,31,,75788,58,0,8,1,70,,75790,58,0,8,1,30,,75792,58,0,8,2,69,,75794,58,0,8,1
37103,'H50JV00I-81-I',2612,,75795,58,0,8,1,29,,75798,58,0,8,2,72,,75796,58,0,8,1,30,,75801,58,0,8,1,71,,75800,58,0,8,1,31,,75799,58,0,8,2,71,,75797,58,0,8,1
37103,'H50JV00S-82-S',2614,,75804,58,0,8,1,30,,75805,58,0,8,2,70,,75802,58,0,8,1,28,,75808,58,0,8,2,71,,75803,58,0,8,2,32,,75806,58,0,8,2,70,,75807,58,0,8,1
