16600,'H50M000A-70-A',828,,137447,1,,,1,72,,137433,1,,,1,31,,137424,1,,,2,71,,137448,1,,,1,31,,137434,1,,,1,71,,137425,1,,,2,31,,137449,1,,,1,71,,137435,1,,,1,31,,137426,1,,,2,70,,137450,1,,,1,30,,137436,1,,,1,70,,137441,1,,,2,30,,137451,1,,,1,70,,137437,1,,,1,30,,137442,1,,,2,70,,137452,1,,,1,30,,137438,1,,,1,70,,137443,1,,,2,30,,137453,1,,,1,69,,137439,1,,,1,30,,137444,1,,,2,70,,137454,1,,,1,31,,137440,1,,,1,72,,137445,1,,,2,32,,137455,1,,,1,74,,137446,1,0,22 34,2,31,,137427,1,0,22 34,1,80,,137430,1,0,22 34,2,79,,137428,1,0,22 34,1,40,,137431,1,0,22 34,2,80,,137429,1,0,22 34,1,82,,137432,1,0,22 34,2
16600,'H50M000I-70-I',900,,137475,1,,,1,31,,137456,1,,,1,69,,137468,1,,,2,30,,137476,1,,,1,70,,137457,1,,,1,30,,137469,1,,,2,70,,137477,1,,,1,30,,137458,1,,,1,70,,137470,1,,,2,30,,137478,1,,,1,70,,137459,1,,,1,30,,137471,1,,,2,70,,137479,1,,,1,30,,137460,1,,,1,70,,137472,1,,,2,30,,137480,1,,,1,70,,137461,1,,,1,30,,137473,1,,,2,70,,137481,1,,,1,30,,137462,1,,,1,29,,137474,1,,,2,69,,137482,1,,,1,31,,137463,1,,,1,73,,137483,1,,,1,71,,137464,1,0,22 34,1,39,,137484,1,0,22 34,1,78,,137465,1,0,22 34,1,39,,137485,1,0,22 34,1,78,,137466,1,0,22 34,1,78,,137486,1,0,22 34,1,43,,137467,1,0,22 34,1
16600,'H50M000S-70-S',644,,137487,1,,,1,63,,137523,1,,,1,21,,137519,1,,,1,25,,137489,1,,,1,69,,137514,1,,,2,29,,137520,1,,,1,69,,137490,1,,,1,30,,137515,1,,,2,70,,137521,1,,,1,30,,137491,1,,,1,69,,137516,1,,,2,29,,137522,1,,,1,69,,137492,1,,,1,30,,137517,1,,,2,70,,137508,1,,,1,30,,137493,1,,,1,70,,137518,1,,,2,30,,137509,1,,,1,70,,137494,1,,,1,32,,137501,3,,,1,69,,137510,3,,,1,30,,137495,3,,,1,70,,137502,3,,,1,30,,137511,3,,,1,70,,137496,3,,,1,30,,137503,1,,,1,70,,137512,1,,,1,30,,137497,1,,,1,71,,137504,1,,,1,31,,137513,1,,,1,72,,137498,1,0,22 34,1,33,,137505,1,0,22 34,1,73,,137488,1,0,22 34,1,74,,137499,1,0,22 34,1,38,,137506,1,0,22 34,1,78,,137500,1,0,22 34,1,36,,137507,1,0,22 34,1
16600,'H50M100F-70-F1',900,,137543,1,,,1,31,,137524,1,,,1,69,,137536,1,,,2,30,,137544,1,,,1,70,,137525,1,,,1,30,,137537,1,,,2,70,,137545,1,,,1,30,,137526,1,,,1,70,,137538,1,,,2,30,,137550,1,,,1,70,,137527,1,,,1,30,,137539,1,,,2,70,,137551,1,,,1,30,,137528,1,,,1,70,,137540,1,,,2,30,,137546,1,,,1,70,,137529,1,,,1,30,,137541,1,,,2,70,,137547,1,,,1,30,,137530,1,,,1,29,,137542,1,,,2,69,,137548,1,,,1,31,,137531,1,,,1,73,,137549,1,,,1,71,,137532,1,0,22 34,1,39,,137552,1,0,22 34,1,78,,137533,1,0,22 34,1,39,,137553,1,0,22 34,1,78,,137534,1,0,22 34,1,78,,137554,1,0,22 34,1,43,,137535,1,0,22 34,1
16600,'H50M200F-70-F2',900,,137574,1,,,1,31,,137555,1,,,1,69,,137567,1,,,2,30,,137575,1,,,1,70,,137557,1,,,1,30,,137568,1,,,2,70,,137576,1,,,1,30,,137556,1,,,1,70,,137569,1,,,2,30,,137578,1,,,1,70,,137558,1,,,1,30,,137570,1,,,2,70,,137577,1,,,1,30,,137559,1,,,1,70,,137571,1,,,2,30,,137579,1,,,1,70,,137560,1,,,1,30,,137572,1,,,2,70,,137580,1,,,1,30,,137561,1,,,1,29,,137573,1,,,2,69,,137581,1,,,1,31,,137562,1,,,1,73,,137582,1,,,1,71,,137563,1,0,22 34,1,39,,137583,1,0,22 34,1,78,,137564,1,0,22 34,1,39,,137584,1,0,22 34,1,78,,137565,1,0,22 34,1,78,,137585,1,0,22 34,1,43,,137566,1,0,22 34,1
16600,'H50M300F-70-F3',900,,137605,1,,,1,31,,137586,1,,,1,69,,137598,1,,,2,30,,137606,1,,,1,70,,137587,1,,,1,30,,137600,1,,,2,70,,137607,1,,,1,30,,137588,1,,,1,70,,137599,1,,,2,30,,137608,1,,,1,70,,137589,1,,,1,30,,137601,1,,,2,70,,137609,1,,,1,30,,137590,1,,,1,70,,137602,1,,,2,30,,137610,1,,,1,70,,137591,1,,,1,30,,137603,1,,,2,70,,137611,1,,,1,30,,137592,1,,,1,29,,137604,1,,,2,69,,137612,1,,,1,31,,137593,1,,,1,73,,137613,1,,,1,71,,137594,1,0,22 34,1,39,,137614,1,0,22 34,1,78,,137595,1,0,22 34,1,39,,137615,1,0,22 34,1,78,,137596,1,0,22 34,1,78,,137616,1,0,22 34,1,43,,137597,1,0,22 34,1
16600,'H51M000S-70-S',620,,137617,1,,,2
16601,'H50M000A-70-A',857,,137626,38,4,,1,70,,137618,38,4,,2,29,,137640,38,4,,1,69,,137627,38,4,,1,30,,137619,38,4,,2,70,,137641,38,4,,1,30,,137628,38,4,,1,71,,137620,38,4,,2,31,,137642,38,4,,1,71,,137629,38,4,,1,72,,137634,38,4,,2,31,,137643,38,4,,1,70,,137630,38,4,,1,29,,137635,38,4,,2,29,,137644,38,4,,1,69,,137631,38,4,,1,30,,137636,38,4,,2,70,,137645,38,4,,1,31,,137632,38,4,,1,70,,137637,38,4,,2,73,,137646,38,4,,1,32,,137633,38,4,,1,72,,137638,38,4,,2,32,,137647,38,4,,1,74,,137639,38,4,,2,38,,137648,49,4,,1,72,,137623,49,4,,2,79,,137621,49,4,,1,40,,137624,49,4,,2,80,,137622,49,4,,1,82,,137625,49,4,,2
16601,'H50M000I-70-I',933,,137660,38,4,,2,71,,137668,38,4,,1,32,,137649,38,4,,1,73,,137661,38,4,,2,32,,137669,38,4,,1,71,,137650,38,4,,1,31,,137662,38,4,,2,70,,137670,38,4,,1,30,,137651,38,4,,1,70,,137663,38,4,,2,30,,137671,38,4,,1,69,,137652,38,4,,1,28,,137664,38,4,,2,70,,137672,38,4,,1,30,,137653,38,4,,1,70,,137665,38,4,,2,29,,137673,38,4,,1,70,,137654,38,4,,1,30,,137666,38,4,,2,69,,137674,38,4,,1,28,,137655,38,4,,1,67,,137667,38,4,,2,26,,137675,38,4,,1,71,,137656,38,4,,1,38,,137676,49,4,,1,78,,137657,49,4,,1,38,,137677,49,4,,1,78,,137658,49,4,,1,79,,137678,49,4,,1,40,,137659,49,4,,1
16601,'H50M000S-70-S',632,,137679,38,4,,1,72,,137714,38,4,,1,41,,137681,38,4,,1,71,,137705,38,4,,2,29,,137711,38,4,,1,70,,137682,38,4,,1,31,,137706,38,4,,2,70,,137712,38,4,,1,30,,137683,38,4,,1,69,,137707,38,4,,2,29,,137713,38,4,,1,69,,137684,38,4,,1,29,,137708,38,4,,2,70,,137699,38,4,,1,29,,137685,38,4,,1,69,,137709,38,4,,2,29,,137700,38,4,,1,72,,137686,38,4,,1,36,,137710,38,4,,2,391,,137689,38,4,,1,70,,137695,38,4,,1,32,,137704,38,4,,1,72,,137690,38,4,,1,38,,137696,49,4,,1,74,,137680,49,4,,1,34,,137691,49,4,,1,76,,137697,49,4,,1,80,,137692,49,4,,1,36,,137698,49,4,,1
16601,'H50M100F-70-F1',933,,137726,38,4,,2,71,,137734,38,4,,1,32,,137715,38,4,,1,73,,137727,38,4,,2,32,,137735,38,4,,1,71,,137716,38,4,,1,31,,137728,38,4,,2,70,,137736,38,4,,1,30,,137717,38,4,,1,70,,137729,38,4,,2,30,,137741,38,4,,1,69,,137718,38,4,,1,28,,137730,38,4,,2,70,,137737,38,4,,1,30,,137719,38,4,,1,70,,137731,38,4,,2,29,,137738,38,4,,1,70,,137720,38,4,,1,30,,137732,38,4,,2,69,,137739,38,4,,1,28,,137721,38,4,,1,67,,137733,38,4,,2,26,,137740,38,4,,1,71,,137722,38,4,,1,38,,137742,49,4,,1,78,,137723,49,4,,1,38,,137743,49,4,,1,78,,137724,49,4,,1,79,,137744,49,4,,1,40,,137725,49,4,,1
16601,'H50M200F-70-F2',933,,137757,38,4,,2,71,,137764,38,4,,1,32,,137746,38,4,,1,73,,137756,38,4,,2,32,,137765,38,4,,1,71,,137747,38,4,,1,31,,137758,38,4,,2,70,,137767,38,4,,1,30,,137745,38,4,,1,70,,137759,38,4,,2,30,,137768,38,4,,1,69,,137748,38,4,,1,28,,137760,38,4,,2,70,,137766,38,4,,1,30,,137749,38,4,,1,70,,137761,38,4,,2,29,,137769,38,4,,1,70,,137750,38,4,,1,30,,137762,38,4,,2,69,,137770,38,4,,1,28,,137751,38,4,,1,67,,137763,38,4,,2,26,,137771,38,4,,1,71,,137752,38,4,,1,38,,137772,49,4,,1,78,,137753,49,4,,1,38,,137773,49,4,,1,78,,137754,49,4,,1,79,,137774,49,4,,1,40,,137755,49,4,,1
16601,'H50M300F-70-F3',933,,137786,38,4,,2,71,,137794,38,4,,1,32,,137775,38,4,,1,73,,137787,38,4,,2,32,,137795,38,4,,1,71,,137776,38,4,,1,31,,137788,38,4,,2,70,,137796,38,4,,1,30,,137777,38,4,,1,70,,137789,38,4,,2,30,,137797,38,4,,1,69,,137778,38,4,,1,28,,137790,38,4,,2,70,,137798,38,4,,1,30,,137779,38,4,,1,70,,137791,38,4,,2,29,,137799,38,4,,1,70,,137780,38,4,,1,30,,137792,38,4,,2,69,,137800,38,4,,1,28,,137781,38,4,,1,67,,137793,38,4,,2,26,,137801,38,4,,1,71,,137782,38,4,,1,38,,137802,49,4,,1,78,,137783,49,4,,1,38,,137803,49,4,,1,78,,137784,49,4,,1,79,,137804,49,4,,1,40,,137785,49,4,,1
