16401,'H50J000S-83-S',822,,54912,30,0,5,1
16401,'H50JV00S-82-S',822,,54913,30,0,5,1
16401,'H51J000S-80-S',1534,,54914,30,0,5,1
16401,'H51JV00S-84-S',1534,,54915,30,0,5,1
16401,'H58J000S-81-S',715,,54916,30,0,5,2,126,,54917,30,0,5,2,677,,54919,30,0,5,1,36,,54918,30,0,5,2,80,,54920,30,0,5,2
16401,'H58J000S-83-S',715,,54921,30,0,5,2,126,,54922,30,0,5,2,677,,54924,30,0,5,1,36,,54923,30,0,5,2,80,,54925,30,0,5,2
16401,'H58JV00S-82-S',715,,54926,30,0,5,2,126,,54927,30,0,5,2,677,,54929,30,0,5,1,36,,54928,30,0,5,2,80,,54930,30,0,5,2
16401,'H60J000A-80-A',553,,54932,30,0,5,1,77,,54931,30,0,5,2,76,,54945,30,0,5,1,36,,54933,30,0,5,1,71,,54956,30,0,5,1,31,,54935,30,0,5,1,71,,54946,30,0,5,1,30,,54957,30,0,5,1,70,,54936,30,0,5,1,30,,54947,30,0,5,1,69,,54958,30,0,5,1,29,,54937,30,0,5,1,69,,54948,30,0,5,1,29,,54959,30,0,5,1,69,,54938,30,0,5,1,30,,54949,30,0,5,1,70,,54960,30,0,5,1,22,,54969,30,0,5,1,22,,54939,30,0,5,1,70,,54950,30,0,5,1,30,,54961,30,0,5,1,70,,54940,30,0,5,1,31,,54951,30,0,5,1,71,,54962,30,0,5,1,32,,54941,30,0,5,1,72,,54952,30,0,5,1,71,,54963,30,0,5,1,30,,54942,30,0,5,1,70,,54953,30,0,5,1,30,,54964,30,0,5,1,70,,54943,30,0,5,1,30,,54954,30,0,5,1,70,,54965,30,0,5,1,30,,54944,30,0,5,1,71,,54955,30,0,5,1,31,,54966,30,0,5,1,70,,54968,30,0,5,1,32,,54970,30,0,5,1,72,,54934,30,0,5,1,31,,54967,30,0,5,1
16401,'H60J000I-80-I',547,,54984,30,0,5,2,77,,54971,30,0,5,1,78,,54985,30,0,5,2,37,,54972,30,0,5,1,78,,54986,30,0,5,2,38,,54973,30,0,5,1,79,,54987,30,0,5,2,79,,54974,30,0,5,1,31,,54999,30,0,5,1,70,,54988,30,0,5,2,29,,54975,30,0,5,1,69,,55000,30,0,5,1,29,,54989,30,0,5,2,69,,54976,30,0,5,1,29,,55001,30,0,5,1,69,,54990,30,0,5,2,29,,54977,30,0,5,1,70,,55002,30,0,5,1,29,,54991,30,0,5,2,69,,54978,30,0,5,1,29,,55003,30,0,5,1,69,,54992,30,0,5,2,29,,54979,30,0,5,1,68,,55004,30,0,5,1,29,,54993,30,0,5,2,29,,54980,30,0,5,1,68,,55005,30,0,5,1,29,,54994,30,0,5,2,68,,54981,30,0,5,1,29,,55006,30,0,5,1,70,,54995,30,0,5,2,30,,54982,30,0,5,1,70,,55007,30,0,5,1,31,,54996,30,0,5,2,70,,54983,30,0,5,1,32,,54997,30,0,5,2,71,,54998,30,0,5,1,30,,55008,30,0,5,2
16401,'H60J000S-98-S',544,,55011,30,0,5,1,69,,55013,30,0,5,1,27,,55010,30,0,5,1,12,,55016,30,0,5,2,51,,55017,30,0,5,1,25,,55026,30,0,5,1,13,,55027,30,0,5,2,11,,55028,30,0,5,1,51,,55029,30,0,5,1,9,,55025,30,0,5,1,20,,55018,30,0,5,1,27,,55034,30,0,5,1,61,,55022,30,0,5,1,25,,55030,30,0,5,1,66,,55019,30,0,5,1,28,,55035,30,0,5,1,68,,55023,30,0,5,1,28,,55031,30,0,5,1,20,,55020,30,0,5,1,60,,55036,30,0,5,1,27,,55024,30,0,5,1,66,,55032,30,0,5,1,24,,55021,30,0,5,1,24,,55037,30,0,5,1,64,,55039,30,0,5,1,22,,55046,30,0,5,1,59,,55033,30,0,5,1,113,,55040,30,0,5,1,38,,55050,30,0,5,1,60,,55038,30,0,5,1,19,,55049,30,0,5,2,20,,55042,30,0,5,1,60,,55041,30,0,5,1,22,,55051,30,0,5,1,69,,55047,30,0,5,1,29,,55043,30,0,5,1,71,,55052,30,0,5,1,32,,55048,30,0,5,1,72,,55044,30,0,5,1,32,,55053,30,0,5,1,73,,55012,30,0,5,1,32,,55045,30,0,5,1,73,,55054,30,0,5,1,34,,55014,30,0,5,1,79,,55009,30,0,5,1,79,,55015,30,0,5,1
16401,'H60JV00A-80-A',553,,55055,30,0,5,1,77,,55094,30,0,5,2,76,,55080,30,0,5,1,36,,55056,30,0,5,1,71,,55068,30,0,5,1,31,,55058,30,0,5,1,71,,55081,30,0,5,1,30,,55069,30,0,5,1,70,,55059,30,0,5,1,30,,55082,30,0,5,1,69,,55070,30,0,5,1,29,,55060,30,0,5,1,69,,55083,30,0,5,1,29,,55071,30,0,5,1,69,,55061,30,0,5,1,30,,55084,30,0,5,1,70,,55072,30,0,5,1,22,,55092,30,0,5,1,22,,55062,30,0,5,1,70,,55085,30,0,5,1,30,,55073,30,0,5,1,70,,55063,30,0,5,1,31,,55086,30,0,5,1,71,,55074,30,0,5,1,32,,55064,30,0,5,1,72,,55087,30,0,5,1,71,,55075,30,0,5,1,30,,55065,30,0,5,1,70,,55088,30,0,5,1,30,,55076,30,0,5,1,70,,55066,30,0,5,1,30,,55089,30,0,5,1,70,,55077,30,0,5,1,30,,55067,30,0,5,1,71,,55090,30,0,5,1,31,,55078,30,0,5,1,70,,55057,30,0,5,1,32,,55093,30,0,5,1,72,,55091,30,0,5,1,31,,55079,30,0,5,1
16401,'H60JV00I-80-I',547,,55108,30,0,5,2,77,,55095,30,0,5,1,78,,55109,30,0,5,2,37,,55096,30,0,5,1,78,,55110,30,0,5,2,38,,55097,30,0,5,1,79,,55111,30,0,5,2,79,,55098,30,0,5,1,31,,55121,30,0,5,1,70,,55112,30,0,5,2,29,,55099,30,0,5,1,69,,55122,30,0,5,1,29,,55113,30,0,5,2,69,,55100,30,0,5,1,29,,55123,30,0,5,1,69,,55114,30,0,5,2,29,,55101,30,0,5,1,70,,55124,30,0,5,1,29,,55115,30,0,5,2,69,,55102,30,0,5,1,29,,55125,30,0,5,1,69,,55116,30,0,5,2,29,,55103,30,0,5,1,68,,55126,30,0,5,1,29,,55117,30,0,5,2,29,,55104,30,0,5,1,68,,55127,30,0,5,1,29,,55118,30,0,5,2,68,,55105,30,0,5,1,29,,55128,30,0,5,1,70,,55119,30,0,5,2,30,,55106,30,0,5,1,70,,55129,30,0,5,1,31,,55120,30,0,5,2,70,,55107,30,0,5,1,32,,55132,30,0,5,2,71,,55130,30,0,5,1,30,,55131,30,0,5,2
16401,'H60JV00S-98-S',544,,55175,30,0,5,1,69,,55138,30,0,5,1,27,,55136,30,0,5,1,12,,55173,30,0,5,2,51,,55137,30,0,5,1,25,,55149,30,0,5,1,13,,55150,30,0,5,2,11,,55151,30,0,5,1,51,,55144,30,0,5,1,9,,55143,30,0,5,1,20,,55139,30,0,5,1,27,,55152,30,0,5,1,61,,55133,30,0,5,1,25,,55145,30,0,5,1,66,,55140,30,0,5,1,28,,55153,30,0,5,1,68,,55134,30,0,5,1,28,,55146,30,0,5,1,20,,55141,30,0,5,1,60,,55154,30,0,5,1,27,,55135,30,0,5,1,66,,55147,30,0,5,1,24,,55142,30,0,5,1,24,,55155,30,0,5,1,64,,55157,30,0,5,1,22,,55172,30,0,5,1,59,,55148,30,0,5,1,113,,55158,30,0,5,1,38,,55167,30,0,5,1,60,,55156,30,0,5,1,19,,55164,30,0,5,2,20,,55160,30,0,5,1,60,,55159,30,0,5,1,22,,55168,30,0,5,1,69,,55165,30,0,5,1,29,,55161,30,0,5,1,71,,55169,30,0,5,1,32,,55166,30,0,5,1,72,,55162,30,0,5,1,32,,55170,30,0,5,1,73,,55176,30,0,5,1,32,,55163,30,0,5,1,73,,55171,30,0,5,1,34,,55177,30,0,5,1,79,,55174,30,0,5,1,79,,55178,30,0,5,1
