10001,'H50J000A-84-A',534,,34560,32,0,5,1,70,,34559,32,0,5,1,31,,34601,32,0,5,2,73,,34561,32,0,5,1,34,,34571,32,0,5,1,67,,34602,32,0,5,2,27,,34562,32,0,5,1,67,,34568,32,0,5,1,28,,34572,32,0,5,1,27,,34563,32,0,5,1,71,,34557,32,0,5,2,30,,34573,32,0,5,1,72,,34564,32,0,5,1,73,,34558,32,0,5,2,29,,34574,32,0,5,1,68,,34592,32,0,5,1,28,,34585,32,0,5,2,28,,34565,32,0,5,2,67,,34575,32,0,5,1,24,,34593,32,0,5,1,62,,34586,32,0,5,2,21,,34577,32,0,5,1,12,,34576,32,0,5,1,2,,34566,32,0,5,2,59,,34569,32,0,5,1,20,,34594,32,0,5,1,18,,34578,32,0,5,1,16,,34587,32,0,5,2,53,,34604,32,0,5,1,13,,34567,32,0,5,2,10,,34595,32,0,5,1,18,,34570,32,0,5,1,64,,34579,32,0,5,1,24,,34588,32,0,5,2,68,,34596,32,0,5,1,30,,34580,32,0,5,1,70,,34589,32,0,5,2,28,,34597,32,0,5,1,68,,34581,32,0,5,1,28,,34590,32,0,5,2,27,,34598,32,0,5,1,72,,34582,32,0,5,1,73,,34591,32,0,5,2,33,,34599,32,0,5,1,64,,34583,32,0,5,1,29,,34603,32,0,5,1,74,,34600,32,0,5,1,38,,34584,32,0,5,1
10001,'H50J000I-84-I',643,,34618,32,0,5,1,69,,34605,32,0,5,1,28,,34636,32,0,5,1,73,,34619,32,0,5,1,33,,34606,32,0,5,1,73,,34637,32,0,5,1,29,,34620,32,0,5,1,70,,34607,32,0,5,1,29,,34638,32,0,5,1,69,,34621,32,0,5,1,30,,34608,32,0,5,1,70,,34624,32,0,5,1,34,,34622,32,0,5,1,72,,34609,32,0,5,1,31,,34625,32,0,5,1,71,,34623,32,0,5,1,30,,34610,32,0,5,1,68,,34627,32,0,5,1,19,,34647,32,0,5,1,3,,34626,32,0,5,1,10,,34629,32,0,5,2,54,,34646,32,0,5,1,15,,34611,32,0,5,1,16,,34640,32,0,5,1,19,,34628,32,0,5,1,60,,34630,32,0,5,2,20,,34648,32,0,5,2,19,,34612,32,0,5,1,64,,34641,32,0,5,1,30,,34631,32,0,5,2,70,,34613,32,0,5,1,30,,34642,32,0,5,1,70,,34632,32,0,5,2,30,,34614,32,0,5,1,70,,34643,32,0,5,1,30,,34633,32,0,5,2,70,,34615,32,0,5,1,29,,34644,32,0,5,1,70,,34634,32,0,5,2,20,,34616,32,0,5,1,64,,34639,32,0,5,1,30,,34645,32,0,5,1,73,,34635,32,0,5,2,35,,34617,32,0,5,1
10001,'H50J000S-83-S',533,,34649,32,0,5,2,73,,34691,32,0,5,2,34,,34655,32,0,5,1,62,,34650,32,0,5,2,21,,34698,32,0,5,2,21,,34666,32,0,5,1,68,,34665,32,0,5,1,29,,34651,32,0,5,2,70,,34675,32,0,5,1,29,,34656,32,0,5,1,66,,34667,32,0,5,1,33,,34652,32,0,5,2,73,,34657,32,0,5,1,26,,34668,32,0,5,1,71,,34676,32,0,5,2,30,,34653,32,0,5,2,71,,34658,32,0,5,1,27,,34669,32,0,5,1,64,,34677,32,0,5,2,20,,34682,32,0,5,2,18,,34654,32,0,5,2,11,,34659,32,0,5,1,56,,34694,32,0,5,1,15,,34670,32,0,5,1,26,,34678,32,0,5,2,11,,34689,32,0,5,1,50,,34683,32,0,5,2,22,,34688,32,0,5,1,12,,34660,32,0,5,1,66,,34671,32,0,5,1,13,,34690,32,0,5,1,13,,34679,32,0,5,2,13,,34702,32,0,5,1,53,,34684,32,0,5,2,14,,34696,32,0,5,2,15,,34661,32,0,5,1,23,,34672,32,0,5,1,63,,34680,32,0,5,2,28,,34685,32,0,5,2,69,,34662,32,0,5,1,29,,34681,32,0,5,2,69,,34686,32,0,5,2,29,,34663,32,0,5,1,68,,34699,32,0,5,1,28,,34687,32,0,5,2,21,,34673,32,0,5,1,57,,34697,32,0,5,1,15,,34664,32,0,5,1,5,,34700,32,0,5,1,10,,34695,32,0,5,1,61,,34692,32,0,5,2,31,,34674,32,0,5,1,73,,34701,32,0,5,1,32,,34693,32,0,5,2
10001,'H50JV00A-81-A',534,,34706,32,0,5,1,70,,34705,32,0,5,1,31,,34747,32,0,5,2,73,,34707,32,0,5,1,34,,34717,32,0,5,1,67,,34748,32,0,5,2,27,,34708,32,0,5,1,67,,34714,32,0,5,1,28,,34718,32,0,5,1,27,,34709,32,0,5,1,71,,34703,32,0,5,2,30,,34719,32,0,5,1,72,,34710,32,0,5,1,73,,34704,32,0,5,2,29,,34720,32,0,5,1,68,,34738,32,0,5,1,28,,34731,32,0,5,2,28,,34711,32,0,5,2,67,,34721,32,0,5,1,24,,34739,32,0,5,1,62,,34732,32,0,5,2,21,,34723,32,0,5,1,12,,34722,32,0,5,1,2,,34712,32,0,5,2,59,,34715,32,0,5,1,20,,34740,32,0,5,1,18,,34724,32,0,5,1,16,,34733,32,0,5,2,53,,34750,32,0,5,1,13,,34713,32,0,5,2,10,,34741,32,0,5,1,18,,34716,32,0,5,1,64,,34725,32,0,5,1,24,,34734,32,0,5,2,68,,34742,32,0,5,1,30,,34726,32,0,5,1,70,,34735,32,0,5,2,28,,34743,32,0,5,1,68,,34727,32,0,5,1,28,,34736,32,0,5,2,27,,34744,32,0,5,1,72,,34728,32,0,5,1,73,,34737,32,0,5,2,33,,34745,32,0,5,1,64,,34729,32,0,5,1,29,,34749,32,0,5,1,74,,34746,32,0,5,1,38,,34730,32,0,5,1
10001,'H50JV00I-81-I',643,,34764,32,0,5,1,69,,34751,32,0,5,1,28,,34782,32,0,5,1,73,,34765,32,0,5,1,33,,34752,32,0,5,1,73,,34783,32,0,5,1,29,,34766,32,0,5,1,70,,34753,32,0,5,1,29,,34784,32,0,5,1,69,,34767,32,0,5,1,30,,34754,32,0,5,1,70,,34770,32,0,5,1,34,,34768,32,0,5,1,72,,34755,32,0,5,1,31,,34771,32,0,5,1,71,,34769,32,0,5,1,30,,34756,32,0,5,1,68,,34773,32,0,5,1,19,,34793,32,0,5,1,3,,34772,32,0,5,1,10,,34775,32,0,5,2,54,,34792,32,0,5,1,15,,34757,32,0,5,1,16,,34786,32,0,5,1,19,,34774,32,0,5,1,60,,34776,32,0,5,2,20,,34794,32,0,5,2,19,,34758,32,0,5,1,64,,34787,32,0,5,1,30,,34777,32,0,5,2,70,,34759,32,0,5,1,30,,34788,32,0,5,1,70,,34778,32,0,5,2,30,,34760,32,0,5,1,70,,34789,32,0,5,1,30,,34779,32,0,5,2,70,,34761,32,0,5,1,29,,34790,32,0,5,1,70,,34780,32,0,5,2,20,,34762,32,0,5,1,64,,34785,32,0,5,1,30,,34791,32,0,5,1,73,,34781,32,0,5,2,35,,34763,32,0,5,1
10001,'H50JV00S-82-S',533,,34795,32,0,5,1,73,,34837,32,0,5,1,34,,34801,32,0,5,1,62,,34796,32,0,5,1,21,,34844,32,0,5,2,21,,34812,32,0,5,1,68,,34811,32,0,5,1,29,,34797,32,0,5,1,70,,34821,32,0,5,1,29,,34802,32,0,5,1,66,,34813,32,0,5,1,33,,34798,32,0,5,1,73,,34803,32,0,5,1,26,,34814,32,0,5,1,71,,34822,32,0,5,2,30,,34799,32,0,5,1,71,,34804,32,0,5,1,27,,34815,32,0,5,1,64,,34823,32,0,5,2,20,,34828,32,0,5,2,18,,34800,32,0,5,1,11,,34805,32,0,5,1,56,,34840,32,0,5,1,15,,34816,32,0,5,1,26,,34824,32,0,5,2,11,,34835,32,0,5,1,50,,34829,32,0,5,2,22,,34834,32,0,5,1,12,,34806,32,0,5,1,66,,34817,32,0,5,1,13,,34836,32,0,5,1,13,,34825,32,0,5,2,13,,34848,32,0,5,1,53,,34830,32,0,5,2,14,,34842,32,0,5,2,15,,34807,32,0,5,1,23,,34818,32,0,5,1,63,,34826,32,0,5,2,28,,34831,32,0,5,2,69,,34808,32,0,5,1,29,,34827,32,0,5,2,69,,34832,32,0,5,2,29,,34809,32,0,5,1,68,,34845,32,0,5,1,28,,34833,32,0,5,2,21,,34819,32,0,5,1,57,,34843,32,0,5,1,15,,34810,32,0,5,1,5,,34846,32,0,5,1,10,,34841,32,0,5,1,61,,34838,32,0,5,1,31,,34820,32,0,5,1,73,,34847,32,0,5,1,32,,34839,32,0,5,1
10001,'H51J000S-80-S',1619,,34849,32,0,5,2
10001,'H51JV00S-84-S',1619,,34850,32,0,5,2
10001,'H58J000S-81-S',1536,,34851,32,0,5,2,5,,34852,32,0,5,2
10001,'H58J000S-83-S',1536,,34853,32,0,5,2,5,,34854,32,0,5,2
10001,'H58JV00S-82-S',1536,,34855,32,0,5,2,5,,34856,32,0,5,2
10001,'H60J000S-98-S',1656,,34857,32,0,5,2
10001,'H60JV00S-98-S',1656,,34858,32,0,5,2
