1102,'H57J000A-80-A',757,,757,22,0,10,1,65,,762,22,0,10,1,28,,758,22,0,10,1,66,,763,22,0,10,1,18,,771,22,0,10,1,18,,759,22,0,10,1,61,,764,22,0,10,1,20,,772,22,0,10,1,21,,760,22,0,10,1,64,,765,22,0,10,1,22,,773,22,0,10,1,65,,761,22,0,10,1,23,,766,22,0,10,1,22,,774,22,0,10,1,63,,785,22,0,10,1,26,,767,22,0,10,1,62,,775,22,0,10,1,16,,792,22,0,10,1,18,,786,22,0,10,1,22,,768,22,0,10,1,58,,776,22,0,10,1,20,,793,22,0,10,1,18,,787,22,0,10,1,60,,769,22,0,10,1,17,,777,22,0,10,1,21,,794,22,0,10,1,57,,788,22,0,10,1,19,,770,22,0,10,1,19,,778,22,0,10,1,64,,795,22,0,10,1,22,,789,22,0,10,1,24,,779,22,0,10,1,62,,796,22,0,10,1,21,,790,22,0,10,1,65,,780,22,0,10,1,16,,797,22,0,10,1,16,,798,22,0,10,1,16,,791,22,0,10,1,55,,781,22,0,10,1
1102,'H57J000I-80-I',756,,802,22,0,10,1,62,,812,22,0,10,1,18,,827,22,0,10,1,17,,803,22,0,10,1,60,,813,22,0,10,1,15,,828,22,0,10,1,21,,804,22,0,10,1,60,,814,22,0,10,1,19,,829,22,0,10,1,22,,805,22,0,10,1,61,,815,22,0,10,1,20,,830,22,0,10,1,24,,806,22,0,10,1,61,,816,22,0,10,1,20,,831,22,0,10,1,17,,838,22,0,10,1,58,,807,22,0,10,1,18,,817,22,0,10,1,18,,832,22,0,10,1,58,,839,22,0,10,1,19,,808,22,0,10,1,19,,818,22,0,10,1,59,,833,22,0,10,1,16,,849,22,0,10,1,15,,840,22,0,10,1,14,,809,22,0,10,1,55,,819,22,0,10,1,16,,834,22,0,10,1,14,,850,22,0,10,1,16,,841,22,0,10,1,56,,810,22,0,10,1,14,,820,22,0,10,1,16,,835,22,0,10,1,14,,851,22,0,10,1,53,,842,22,0,10,1,14,,811,22,0,10,1,14,,821,22,0,10,1,17,,836,22,0,10,1,61,,843,22,0,10,1,26,,822,22,0,10,1,20,,837,22,0,10,1,60,,844,22,0,10,1,30,,823,22,0,10,1,70,,845,22,0,10,1
1102,'H57J000S-81-S',702,,852,22,0,10,1,31,,868,22,0,10,1,71,,853,22,0,10,1,31,,869,22,0,10,1,71,,854,22,0,10,1,31,,870,22,0,10,1,71,,855,22,0,10,1,32,,871,22,0,10,1,71,,856,22,0,10,1,32,,872,22,0,10,1,72,,857,22,0,10,1,25,,879,22,0,10,1,63,,873,22,0,10,1,23,,858,22,0,10,1,23,,880,22,0,10,1,64,,874,22,0,10,1,24,,859,22,0,10,1,64,,881,22,0,10,1,24,,875,22,0,10,1,24,,860,22,0,10,1,65,,882,22,0,10,1,25,,876,22,0,10,1,64,,861,22,0,10,1,25,,883,22,0,10,1,25,,877,22,0,10,1,66,,862,22,0,10,1,27,,884,22,0,10,1,71,,878,22,0,10,1,31,,863,22,0,10,1,73,,885,22,0,10,1,33,,864,22,0,10,1,72,,886,22,0,10,1
1102,'H57JV00A-80-A',757,,890,22,0,10,1,65,,895,22,0,10,1,28,,891,22,0,10,1,66,,896,22,0,10,1,18,,904,22,0,10,1,18,,892,22,0,10,1,61,,897,22,0,10,1,20,,905,22,0,10,1,21,,893,22,0,10,1,64,,898,22,0,10,1,22,,906,22,0,10,1,65,,894,22,0,10,1,23,,899,22,0,10,1,22,,907,22,0,10,1,63,,918,22,0,10,1,26,,900,22,0,10,1,62,,908,22,0,10,1,16,,925,22,0,10,1,18,,919,22,0,10,1,22,,901,22,0,10,1,58,,909,22,0,10,1,20,,926,22,0,10,1,18,,920,22,0,10,1,60,,902,22,0,10,1,17,,910,22,0,10,1,21,,927,22,0,10,1,57,,921,22,0,10,1,19,,903,22,0,10,1,19,,911,22,0,10,1,64,,928,22,0,10,1,22,,922,22,0,10,1,24,,912,22,0,10,1,62,,929,22,0,10,1,21,,923,22,0,10,1,65,,913,22,0,10,1,16,,930,22,0,10,1,16,,931,22,0,10,1,16,,924,22,0,10,1,55,,914,22,0,10,1
1102,'H57JV00I-80-I',756,,935,22,0,10,1,62,,945,22,0,10,1,18,,960,22,0,10,1,17,,936,22,0,10,1,60,,946,22,0,10,1,15,,961,22,0,10,1,21,,937,22,0,10,1,60,,947,22,0,10,1,19,,962,22,0,10,1,22,,938,22,0,10,1,61,,948,22,0,10,1,20,,963,22,0,10,1,24,,939,22,0,10,1,61,,949,22,0,10,1,20,,964,22,0,10,1,17,,971,22,0,10,1,58,,940,22,0,10,1,18,,950,22,0,10,1,18,,965,22,0,10,1,58,,972,22,0,10,1,19,,941,22,0,10,1,19,,951,22,0,10,1,59,,966,22,0,10,1,16,,982,22,0,10,1,15,,973,22,0,10,1,14,,942,22,0,10,1,55,,952,22,0,10,1,16,,967,22,0,10,1,14,,983,22,0,10,1,16,,974,22,0,10,1,56,,943,22,0,10,1,14,,953,22,0,10,1,16,,968,22,0,10,1,14,,984,22,0,10,1,53,,975,22,0,10,1,14,,944,22,0,10,1,14,,954,22,0,10,1,17,,969,22,0,10,1,61,,976,22,0,10,1,26,,955,22,0,10,1,20,,970,22,0,10,1,60,,977,22,0,10,1,30,,956,22,0,10,1,70,,978,22,0,10,1
1102,'H57JV00S-83-S',702,,985,22,0,10,1,31,,1001,22,0,10,1,71,,986,22,0,10,1,31,,1002,22,0,10,1,71,,987,22,0,10,1,31,,1003,22,0,10,1,71,,988,22,0,10,1,32,,1004,22,0,10,1,71,,989,22,0,10,1,32,,1005,22,0,10,1,72,,990,22,0,10,1,25,,1012,22,0,10,1,63,,1006,22,0,10,1,23,,991,22,0,10,1,23,,1013,22,0,10,1,64,,1007,22,0,10,1,24,,992,22,0,10,1,64,,1014,22,0,10,1,24,,1008,22,0,10,1,24,,993,22,0,10,1,65,,1015,22,0,10,1,25,,1009,22,0,10,1,64,,994,22,0,10,1,25,,1016,22,0,10,1,25,,1010,22,0,10,1,66,,995,22,0,10,1,27,,1017,22,0,10,1,71,,1011,22,0,10,1,31,,996,22,0,10,1,73,,1018,22,0,10,1,33,,997,22,0,10,1,72,,1019,22,0,10,1
16603,'H50J000A-84-A',2125,,56777,17,0,22 34,2,31,,56758,17,0,22 34,1,80,,56761,17,0,22 34,2,79,,56759,17,0,22 34,1,40,,56762,17,0,22 34,2,80,,56760,17,0,22 34,1,82,,56763,17,0,22 34,2
16603,'H50J000I-84-I',2112,,56795,17,0,22 34,1,39,,56815,17,0,22 34,1,78,,56796,17,0,22 34,1,79,,56816,17,0,22 34,1,38,,56797,17,0,22 34,1,78,,56817,17,0,22 34,1,83,,56798,17,0,22 34,1
16603,'H50J000S-83-S',2132,,56829,17,0,22 34,1,72,,56836,17,0,22 34,1,33,,56819,17,0,22 34,1,74,,56830,17,0,22 34,1,38,,56837,17,0,22 34,1,78,,56831,17,0,22 34,1,76,,56838,17,0,22 34,1
16603,'H50JV00A-81-A',2125,,56877,17,0,22 34,2,31,,56858,17,0,22 34,1,80,,56861,17,0,22 34,2,79,,56859,17,0,22 34,1,40,,56862,17,0,22 34,2,80,,56860,17,0,22 34,1,82,,56863,17,0,22 34,2
16603,'H50JV00I-81-I',2112,,56895,17,0,22 34,1,39,,56915,17,0,22 34,1,78,,56896,17,0,22 34,1,79,,56916,17,0,22 34,1,38,,56897,17,0,22 34,1,78,,56917,17,0,22 34,1,83,,56898,17,0,22 34,1
16603,'H50JV00S-82-S',2132,,56929,17,0,22 34,1,72,,56936,17,0,22 34,1,33,,56919,17,0,22 34,1,74,,56930,17,0,22 34,1,38,,56937,17,0,22 34,1,78,,56931,17,0,22 34,1,76,,56938,17,0,22 34,1
16604,'H50J000A-84-A',2131,,56987,22,0,22 34,1,72,,56962,22,0,22 34,2,39,,56960,22,0,22 34,1,80,,56963,22,0,22 34,2,80,,56961,22,0,22 34,1,42,,56964,22,0,22 34,2
16604,'H50J000I-84-I',2121,,57015,22,0,22 34,1,38,,56996,22,0,22 34,1,78,,57016,22,0,22 34,1,78,,56997,22,0,22 34,1,39,,57017,22,0,22 34,1,80,,56998,22,0,22 34,1
16604,'H50J000S-83-S',2131,,57035,22,0,22 34,1,74,,57019,22,0,22 34,1,34,,57030,22,0,22 34,1,76,,57036,22,0,22 34,1,41,,57031,22,0,22 34,1,76,,57037,22,0,22 34,1
16604,'H50JV00A-81-A',2131,,57084,22,0,22 34,1,72,,57059,22,0,22 34,2,39,,57057,22,0,22 34,1,80,,57060,22,0,22 34,2,80,,57058,22,0,22 34,1,42,,57061,22,0,22 34,2
16604,'H50JV00I-81-I',2121,,57112,22,0,22 34,1,38,,57093,22,0,22 34,1,78,,57113,22,0,22 34,1,78,,57094,22,0,22 34,1,39,,57114,22,0,22 34,1,80,,57095,22,0,22 34,1
16604,'H50JV00S-82-S',2131,,57132,22,0,22 34,1,74,,57116,22,0,22 34,1,34,,57127,22,0,22 34,1,76,,57133,22,0,22 34,1,41,,57128,22,0,22 34,1,76,,57134,22,0,22 34,1
