21102,'H56U000A-80-A',620,,274140,10,0,10,2,28,,274146,10,0,10,1,68,,274131,10,0,10,1,28,,274137,10,0,10,2,69,,274152,10,0,10,1,29,,274141,10,0,10,2,69,,274147,10,0,10,1,29,,274132,10,0,10,1,71,,274138,10,0,10,2,31,,274153,10,0,10,1,69,,274142,10,0,10,2,29,,274148,10,0,10,1,70,,274133,10,0,10,1,32,,274139,10,0,10,2,71,,274154,10,0,10,1,31,,274143,10,0,10,2,70,,274149,10,0,10,1,32,,274134,10,0,10,1,68,,274130,10,0,10,2,33,,274150,10,0,10,1,71,,274144,10,0,10,2,30,,274155,10,0,10,1,70,,274135,10,0,10,1,30,,274157,10,0,10,1,68,,274151,10,0,10,1,30,,274145,10,0,10,2,67,,274156,10,0,10,1,29,,274136,10,0,10,1,70,,274158,10,0,10,1,29,,274129,10,0,10,1,69,,274126,10,0,10,1,30,,274160,10,0,10,2,71,,274159,10,0,10,1,31,,274125,10,0,10,2,71,,274127,10,0,10,1,30,,274124,10,0,10,1,69,,274128,10,0,10,1
21102,'H56U000I-80-I',620,,274161,10,0,10,1,28,,274169,10,0,10,2,69,,274168,10,0,10,1,26,,274182,10,0,10,1,68,,274165,10,0,10,1,30,,274162,10,0,10,1,69,,274170,10,0,10,2,30,,274183,10,0,10,1,69,,274178,10,0,10,2,30,,274188,10,0,10,1,69,,274171,10,0,10,2,33,,274184,10,0,10,1,72,,274179,10,0,10,2,31,,274189,10,0,10,1,72,,274172,10,0,10,2,30,,274175,10,0,10,1,70,,274185,10,0,10,1,30,,274180,10,0,10,2,70,,274190,10,0,10,1,30,,274173,10,0,10,2,70,,274176,10,0,10,1,30,,274186,10,0,10,1,70,,274181,10,0,10,2,29,,274191,10,0,10,1,68,,274174,10,0,10,2,27,,274177,10,0,10,1,68,,274187,10,0,10,1,30,,274195,10,0,10,2,71,,274166,10,0,10,1,30,,274196,10,0,10,1,70,,274163,10,0,10,1,32,,274193,10,0,10,2,69,,274167,10,0,10,1,30,,274197,10,0,10,1,70,,274164,10,0,10,1,30,,274194,10,0,10,2,70,,274192,10,0,10,2
21102,'H56U000S-81-S',611,,274215,10,0,10,2,17,,274205,10,0,10,1,15,,274221,10,0,99 137,2,58,,274265,10,0,10,2,16,,274224,10,0,99 137,1,16,,274263,10,0,10,2,16,,274228,10,0,99 137,2,54,,274220,10,0,10,2,14,,274223,10,0,99 137,2,15,,274216,10,0,10,2,15,,274206,10,0,99 137,1,60,,274261,10,0,10,2,16,,274222,10,0,99 137,2,9,,274246,10,0,10,1,17,,274225,10,0,10,1,57,,274264,10,0,10,2,17,,274203,10,0,10,1,10,,274242,10,0,10,2,21,,274217,10,0,10,2,64,,274258,10,0,10,2,22,,274229,10,0,10,1,60,,274247,10,0,10,1,20,,274255,10,0,10,1,19,,274250,10,0,10,1,19,,274243,10,0,10,2,63,,274218,10,0,10,2,20,,274233,10,0,10,2,59,,274230,10,0,10,1,19,,274226,10,0,10,1,18,,274256,10,0,10,2,17,,274251,10,0,10,1,64,,274244,10,0,10,2,18,,274235,10,0,10,2,14,,274198,10,0,10,2,51,,274234,10,0,10,2,12,,274211,10,0,10,2,12,,274231,10,0,10,1,10,,274248,10,0,99 137,1,12,,274227,10,0,10,1,12,,274257,10,0,10,2,52,,274260,10,0,99 137,2,11,,274252,10,0,10,1,11,,274238,10,0,99 137,2,11,,274239,10,0,10,2,11,,274245,10,0,99 137,2,51,,274214,10,0,10,2,12,,274236,10,0,10,2,10,,274219,10,0,99 137,2,8,,274266,10,0,10,1,8,,274208,10,0,10,1,11,,274232,10,0,99 137,1,48,,274200,10,0,10,2,8,,274249,10,0,10,1,14,,274210,10,0,10,1,14,,274213,10,0,10,2,16,,274199,10,0,10,1,56,,274240,10,0,10,2,15,,274237,10,0,10,2,15,,274241,10,0,10,1,59,,274259,10,0,10,2,20,,274204,10,0,10,1,21,,274202,10,0,10,1,65,,274212,10,0,10,1,29,,274262,10,0,10,1,70,,274209,10,0,10,1,30,,274201,10,0,10,2,69,,274253,10,0,10,1,30,,274207,10,0,10,1,70,,274254,10,0,10,1
21102,'H56U100F-80-F1',620,,274267,10,0,10,1,28,,274275,10,0,10,2,69,,274274,10,0,10,1,26,,274288,10,0,10,1,68,,274271,10,0,10,1,30,,274268,10,0,10,1,69,,274276,10,0,10,2,30,,274289,10,0,10,1,69,,274284,10,0,10,2,30,,274294,10,0,10,1,69,,274277,10,0,10,2,33,,274290,10,0,10,1,72,,274285,10,0,10,2,31,,274295,10,0,10,1,72,,274278,10,0,10,2,30,,274281,10,0,10,1,70,,274291,10,0,10,1,30,,274286,10,0,10,2,70,,274296,10,0,10,1,30,,274279,10,0,10,2,70,,274282,10,0,10,1,30,,274292,10,0,10,1,70,,274287,10,0,10,2,29,,274297,10,0,10,1,68,,274280,10,0,10,2,27,,274283,10,0,10,1,68,,274293,10,0,10,1,30,,274301,10,0,10,2,71,,274272,10,0,10,1,30,,274302,10,0,10,1,70,,274269,10,0,10,1,32,,274299,10,0,10,2,69,,274273,10,0,10,1,30,,274303,10,0,10,1,70,,274270,10,0,10,1,30,,274300,10,0,10,2,70,,274298,10,0,10,2
21102,'H56U200F-80-F2',620,,274304,10,0,10,1,28,,274312,10,0,10,2,69,,274311,10,0,10,1,26,,274325,10,0,10,1,68,,274308,10,0,10,1,30,,274305,10,0,10,1,69,,274313,10,0,10,2,30,,274326,10,0,10,1,69,,274321,10,0,10,2,30,,274331,10,0,10,1,69,,274314,10,0,10,2,33,,274327,10,0,10,1,72,,274322,10,0,10,2,31,,274332,10,0,10,1,72,,274315,10,0,10,2,30,,274318,10,0,10,1,70,,274328,10,0,10,1,30,,274323,10,0,10,2,70,,274333,10,0,10,1,30,,274316,10,0,10,2,70,,274319,10,0,10,1,30,,274329,10,0,10,1,70,,274324,10,0,10,2,29,,274334,10,0,10,1,68,,274317,10,0,10,2,27,,274320,10,0,10,1,68,,274330,10,0,10,1,30,,274338,10,0,10,2,71,,274309,10,0,10,1,30,,274339,10,0,10,1,70,,274306,10,0,10,1,32,,274336,10,0,10,2,69,,274310,10,0,10,1,30,,274340,10,0,10,1,70,,274307,10,0,10,1,30,,274337,10,0,10,2,70,,274335,10,0,10,2
35402,'H56U000A-80-A',2618,,276756,9,0,10,1,33,,276761,9,0,10,1,66,,276759,9,0,10,1,30,,276760,9,0,10,1,85,,276757,9,0,10,1,85,,276758,9,0,10,1
35402,'H56U000I-80-I',2617,,276763,9,0,10,1,87,,276764,9,0,10,2,43,,276766,9,0,10,1,84,,276762,9,0,10,1,85,,276765,9,0,10,2
35402,'H56U000S-81-S',2622,,276768,9,0,10,1,86,,276770,9,0,10,1,44,,276767,9,0,10,2,86,,276769,9,0,10,1,86,,276771,9,0,10,1
35402,'H56U100F-80-F1',2617,,276773,9,0,10,1,87,,276774,9,0,10,2,43,,276776,9,0,10,1,84,,276772,9,0,10,1,85,,276775,9,0,10,2
35402,'H56U200F-80-F2',2617,,276778,9,0,10,1,87,,276779,9,0,10,2,43,,276781,9,0,10,1,84,,276777,9,0,10,1,85,,276780,9,0,10,2
41102,'H56U000A-80-A',527,,278302,5,0,10,1,30,,278290,5,0,10,1,73,,278306,5,0,10,2,28,,278280,5,0,10,1,68,,278299,5,0,10,2,28,,278291,5,0,10,1,69,,278307,5,0,10,2,29,,278281,5,0,10,1,69,,278300,5,0,10,2,28,,278292,5,0,10,1,72,,278308,5,0,10,2,30,,278282,5,0,10,1,68,,278301,5,0,10,2,30,,278293,5,0,10,1,71,,278309,5,0,10,2,32,,278283,5,0,10,1,70,,278313,5,0,10,2,30,,278294,5,0,10,1,71,,278310,5,0,10,2,30,,278303,5,0,10,1,72,,278314,5,0,10,2,31,,278295,5,0,10,1,70,,278311,5,0,10,2,30,,278304,5,0,10,1,70,,278315,5,0,10,2,30,,278296,5,0,10,1,69,,278312,5,0,10,2,28,,278305,5,0,10,1,68,,278316,5,0,10,2,31,,278297,5,0,10,1,70,,278285,5,0,10,1,29,,278284,5,0,10,2,69,,278287,5,0,10,1,30,,278298,5,0,10,1,71,,278286,5,0,10,1,31,,278317,5,0,10,1,71,,278288,5,0,10,1,30,,278277,5,0,10,2,68,,278289,5,0,10,2,29,,278318,5,0,10,1,69,,278276,5,0,10,1,29,,278278,5,0,10,2,69,,278279,5,0,10,2
41102,'H56U000I-80-I',557,,278332,5,0,10,1,73,,278350,5,0,10,2,28,,278343,5,0,10,1,68,,278339,5,0,10,2,26,,278333,5,0,10,1,69,,278351,5,0,10,2,30,,278344,5,0,10,1,69,,278340,5,0,10,2,28,,278334,5,0,10,1,71,,278352,5,0,10,2,30,,278345,5,0,10,1,69,,278341,5,0,10,2,33,,278335,5,0,10,1,72,,278353,5,0,10,2,31,,278346,5,0,10,1,71,,278342,5,0,10,2,30,,278336,5,0,10,1,70,,278357,5,0,10,1,30,,278347,5,0,10,1,70,,278354,5,0,10,2,30,,278337,5,0,10,1,70,,278358,5,0,10,1,30,,278348,5,0,10,1,69,,278355,5,0,10,2,28,,278338,5,0,10,1,69,,278359,5,0,10,1,29,,278349,5,0,10,1,70,,278356,5,0,10,2,32,,278331,5,0,10,1,68,,278328,5,0,10,2,30,,278329,5,0,10,1,69,,278319,5,0,10,1,32,,278324,5,0,10,1,70,,278322,5,0,10,1,30,,278330,5,0,10,1,70,,278320,5,0,10,1,30,,278325,5,0,10,1,70,,278323,5,0,10,1,26,,278327,5,0,10,1,69,,278321,5,0,10,1,30,,278326,5,0,10,1
41102,'H56U000S-81-S',556,,278364,5,0,10,1,63,,278389,5,0,10,2,28,,278370,5,0,10,1,56,,278382,5,0,10,2,16,,278385,5,0,10,1,13,,278381,5,0,10,2,12,,278403,5,0,10,1,8,,278366,5,0,10,2,53,,278365,5,0,10,1,14,,278377,5,0,10,2,12,,278390,5,0,10,2,19,,278369,5,0,10,1,59,,278398,5,0,10,2,24,,278367,5,0,10,2,20,,278404,5,0,10,1,57,,278386,5,0,10,1,25,,278391,5,0,10,2,65,,278409,5,0,10,1,24,,278405,5,0,10,2,20,,278414,5,0,10,2,60,,278372,5,0,10,1,22,,278392,5,0,10,2,20,,278393,5,0,10,2,59,,278410,5,0,10,1,20,,278406,5,0,10,2,19,,278383,5,0,10,1,59,,278378,5,0,10,1,19,,278387,5,0,10,1,18,,278401,5,0,10,2,18,,278394,5,0,10,2,58,,278411,5,0,10,1,22,,278407,5,0,10,2,18,,278373,5,0,10,2,56,,278384,5,0,10,1,21,,278399,5,0,10,2,22,,278402,5,0,10,1,59,,278395,5,0,10,2,19,,278371,5,0,10,2,21,,278408,5,0,10,2,66,,278388,5,0,10,1,29,,278400,5,0,10,2,67,,278396,5,0,10,2,32,,278379,5,0,10,1,70,,278412,5,0,10,1,31,,278368,5,0,10,1,68,,278397,5,0,10,2,32,,278380,5,0,10,1,68,,278374,5,0,10,2,29,,278376,5,0,10,1,70,,278360,5,0,10,1,30,,278362,5,0,10,1,70,,278375,5,0,10,2,30,,278413,5,0,10,1,70,,278361,5,0,10,1,31,,278363,5,0,10,1
41102,'H56U100F-80-F1',557,,278428,5,0,10,1,73,,278446,5,0,10,2,28,,278439,5,0,10,1,68,,278435,5,0,10,2,26,,278429,5,0,10,1,69,,278447,5,0,10,2,30,,278440,5,0,10,1,69,,278436,5,0,10,2,28,,278430,5,0,10,1,71,,278448,5,0,10,2,30,,278441,5,0,10,1,69,,278437,5,0,10,2,33,,278431,5,0,10,1,72,,278449,5,0,10,2,31,,278442,5,0,10,1,71,,278438,5,0,10,2,30,,278432,5,0,10,1,70,,278453,5,0,10,1,30,,278443,5,0,10,1,70,,278450,5,0,10,2,30,,278433,5,0,10,1,70,,278454,5,0,10,1,30,,278444,5,0,10,1,69,,278451,5,0,10,2,28,,278434,5,0,10,1,69,,278455,5,0,10,1,29,,278445,5,0,10,1,70,,278452,5,0,10,2,32,,278427,5,0,10,1,68,,278424,5,0,10,2,30,,278425,5,0,10,1,69,,278415,5,0,10,1,32,,278420,5,0,10,1,70,,278418,5,0,10,1,30,,278426,5,0,10,1,70,,278416,5,0,10,1,30,,278421,5,0,10,1,70,,278419,5,0,10,1,26,,278423,5,0,10,1,69,,278417,5,0,10,1,30,,278422,5,0,10,1
41102,'H56U200F-80-F2',557,,278469,5,0,10,1,73,,278487,5,0,10,2,28,,278480,5,0,10,1,68,,278476,5,0,10,2,26,,278470,5,0,10,1,69,,278488,5,0,10,2,30,,278481,5,0,10,1,69,,278477,5,0,10,2,28,,278471,5,0,10,1,71,,278489,5,0,10,2,30,,278482,5,0,10,1,69,,278478,5,0,10,2,33,,278472,5,0,10,1,72,,278490,5,0,10,2,31,,278483,5,0,10,1,71,,278479,5,0,10,2,30,,278473,5,0,10,1,70,,278494,5,0,10,1,30,,278484,5,0,10,1,70,,278491,5,0,10,2,30,,278474,5,0,10,1,70,,278495,5,0,10,1,30,,278485,5,0,10,1,69,,278492,5,0,10,2,28,,278475,5,0,10,1,69,,278496,5,0,10,1,29,,278486,5,0,10,1,70,,278493,5,0,10,2,32,,278468,5,0,10,1,68,,278465,5,0,10,2,30,,278466,5,0,10,1,69,,278456,5,0,10,1,32,,278461,5,0,10,1,70,,278459,5,0,10,1,30,,278467,5,0,10,1,70,,278457,5,0,10,1,30,,278462,5,0,10,1,70,,278460,5,0,10,1,26,,278464,5,0,10,1,69,,278458,5,0,10,1,30,,278463,5,0,10,1
