12502,'H59U000A-80-A',530,,253684,14,0,10,1,73,,253690,14,0,10,1,33,,253661,14,0,10,1,73,,253666,14,0,10,1,31,,253691,14,0,10,1,72,,253662,14,0,10,1,32,,253667,14,0,10,1,73,,253692,14,0,10,1,31,,253663,14,0,10,1,70,,253675,14,0,10,1,26,,253668,14,0,10,1,68,,253693,14,0,10,1,29,,253664,14,0,10,1,71,,253676,14,0,10,1,27,,253669,14,0,10,1,64,,253701,14,0,10,2,21,,253694,14,0,10,1,21,,253665,14,0,10,1,58,,253688,14,0,10,1,26,,253677,14,0,10,1,27,,253670,14,0,10,1,67,,253695,14,0,10,1,21,,253685,14,0,10,1,60,,253689,14,0,10,1,22,,253678,14,0,10,1,31,,253671,14,0,10,1,71,,253696,14,0,10,1,28,,253686,14,0,10,1,70,,253679,14,0,10,1,29,,253672,14,0,10,1,67,,253697,14,0,10,1,30,,253687,14,0,10,1,69,,253680,14,0,10,1,32,,253673,14,0,10,1,71,,253698,14,0,10,1,33,,253681,14,0,10,1,69,,253674,14,0,10,1,32,,253699,14,0,10,1,81,,253682,14,0,10,1,86,,253700,14,0,10,1,31,,253660,14,0,10,1,77,,253683,14,0,10,1
12502,'H59U000I-80-I',529,,253719,14,0,10,2,75,,253708,14,0,10,1,35,,253720,14,0,10,2,76,,253709,14,0,10,1,33,,253721,14,0,10,2,69,,253740,14,0,10,1,30,,253710,14,0,10,1,68,,253722,14,0,10,2,29,,253741,14,0,10,1,73,,253711,14,0,10,1,32,,253723,14,0,10,2,69,,253702,14,0,10,1,27,,253737,14,0,10,2,69,,253712,14,0,10,1,28,,253724,14,0,10,2,69,,253703,14,0,10,1,29,,253738,14,0,10,2,71,,253713,14,0,10,1,29,,253725,14,0,10,2,69,,253704,14,0,10,1,24,,253739,14,0,10,2,18,,253728,14,0,10,1,62,,253714,14,0,10,1,28,,253726,14,0,10,2,69,,253705,14,0,10,1,21,,253734,14,0,10,1,25,,253729,14,0,10,1,66,,253715,14,0,10,1,27,,253727,14,0,10,2,67,,253735,14,0,10,1,27,,253730,14,0,10,1,70,,253716,14,0,10,1,30,,253736,14,0,10,1,70,,253731,14,0,10,1,39,,253717,14,0,10,1,83,,253706,14,0,10,1,81,,253718,14,0,10,1,36,,253732,14,0,10,1,81,,253707,14,0,10,1,77,,253733,14,0,10,1
12502,'H59U000S-80-S',531,,253746,14,0,10,2,69,,253742,14,0,10,1,30,,253745,14,0,10,2,27,,253748,14,0,10,1,71,,253747,14,0,10,2,31,,253776,14,0,10,1,70,,253761,14,0,10,1,30,,253749,14,0,10,1,69,,253769,14,0,10,1,31,,253777,14,0,10,1,71,,253762,14,0,10,1,70,,253750,14,0,10,1,31,,253770,14,0,10,1,72,,253778,14,0,10,1,29,,253763,14,0,10,1,70,,253751,14,0,10,1,30,,253771,14,0,10,1,69,,253779,14,0,10,1,31,,253764,14,0,10,1,71,,253752,14,0,10,1,31,,253772,14,0,10,1,70,,253780,14,0,10,1,14,,253758,14,0,6 74,2,17,,253765,14,0,10,1,15,,253743,14,0,6 74,2,56,,253753,14,0,10,1,14,,253759,14,0,6 74,2,17,,253773,14,0,10,1,16,,253744,14,0,6 74,2,56,,253781,14,0,10,1,15,,253760,14,0,6 74,2,17,,253766,14,0,10,1,70,,253754,14,0,10,1,29,,253774,14,0,10,1,69,,253782,14,0,10,1,31,,253767,14,0,10,1,71,,253755,14,0,10,1,30,,253775,14,0,10,1,70,,253783,14,0,10,1,30,,253768,14,0,10,1,70,,253756,14,0,10,1,31,,253785,14,0,10,2,69,,253784,14,0,10,1,30,,253786,14,0,10,1,70,,253757,14,0,10,1
12502,'H59U100F-80-F1',529,,253804,14,0,10,2,75,,253793,14,0,10,1,35,,253805,14,0,10,2,76,,253794,14,0,10,1,33,,253806,14,0,10,2,69,,253825,14,0,10,1,30,,253795,14,0,10,1,68,,253807,14,0,10,2,29,,253826,14,0,10,1,73,,253796,14,0,10,1,32,,253808,14,0,10,2,69,,253787,14,0,10,1,27,,253822,14,0,10,2,69,,253797,14,0,10,1,28,,253809,14,0,10,2,69,,253788,14,0,10,1,29,,253823,14,0,10,2,71,,253798,14,0,10,1,29,,253810,14,0,10,2,69,,253789,14,0,10,1,24,,253824,14,0,10,2,18,,253813,14,0,10,1,62,,253799,14,0,10,1,28,,253811,14,0,10,2,69,,253790,14,0,10,1,21,,253819,14,0,10,1,25,,253814,14,0,10,1,66,,253800,14,0,10,1,27,,253812,14,0,10,2,67,,253820,14,0,10,1,27,,253815,14,0,10,1,70,,253801,14,0,10,1,30,,253821,14,0,10,1,70,,253816,14,0,10,1,39,,253802,14,0,10,1,83,,253791,14,0,10,1,81,,253803,14,0,10,1,36,,253817,14,0,10,1,81,,253792,14,0,10,1,77,,253818,14,0,10,1
12502,'H59U200F-80-F2',529,,253827,14,0,10,2,75,,253828,14,0,10,1,35,,253829,14,0,10,2,76,,253830,14,0,10,1,33,,253831,14,0,10,2,69,,253832,14,0,10,1,30,,253833,14,0,10,1,68,,253834,14,0,10,2,29,,253835,14,0,10,1,73,,253836,14,0,10,1,32,,253837,14,0,10,2,69,,253838,14,0,10,1,27,,253839,14,0,10,2,69,,253840,14,0,10,1,28,,253841,14,0,10,2,69,,253842,14,0,10,1,29,,253843,14,0,10,2,71,,253844,14,0,10,1,29,,253845,14,0,10,2,69,,253846,14,0,10,1,24,,253847,14,0,10,2,18,,253848,14,0,10,1,62,,253849,14,0,10,1,28,,253850,14,0,10,2,69,,253851,14,0,10,1,21,,253852,14,0,10,1,25,,253853,14,0,10,1,66,,253854,14,0,10,1,27,,253855,14,0,10,2,67,,253856,14,0,10,1,27,,253857,14,0,10,1,70,,253858,14,0,10,1,30,,253859,14,0,10,1,70,,253860,14,0,10,1,39,,253861,14,0,10,1,83,,253862,14,0,10,1,81,,253863,14,0,10,1,36,,253864,14,0,10,1,81,,253865,14,0,10,1,77,,253866,14,0,10,1
35504,'H54U000A-80-A',2549,,276815,44,0,9,1,84,,276817,44,0,9,1,85,,276819,44,0,9,2,85,,276814,44,0,9,1,45,,276816,44,0,9,1,65,,276818,44,0,9,1
35504,'H54U000I-80-I',2545,,276825,44,0,9,2,85,,276823,44,0,9,1,86,,276820,44,0,9,1,86,,276821,44,0,9,2,48,,276824,44,0,9,1,69,,276822,44,0,9,1
35504,'H54U000S-81-S',2548,,276828,44,0,9,1,84,,276830,44,0,9,2,85,,276826,44,0,9,1,85,,276827,44,0,9,1,44,,276829,44,0,9,1,72,,276831,44,0,9,2
35504,'H54U100F-80-F1',2545,,276837,44,0,9,2,85,,276835,44,0,9,1,86,,276832,44,0,9,1,86,,276833,44,0,9,2,48,,276836,44,0,9,1,69,,276834,44,0,9,1
35504,'H54U200F-82-F2',2545,,276838,44,0,9,1,85,,276840,44,0,9,1,86,,276839,44,0,9,1,86,,276842,44,0,9,1,48,,276843,44,0,9,1,69,,276841,44,0,9,1
