12804,'H50M000A-70-A',644,,127744,64,0,9,1,77,,127742,64,0,9,2,38,,127753,64,0,9,1,68,,127773,64,0,9,2,73,,127745,64,0,9,1,38,,127743,64,0,9,2,81,,127754,64,0,9,1,28,,127774,64,0,9,2,66,,127746,64,0,9,1,29,,127761,64,0,9,2,67,,127767,64,0,9,2,27,,127755,64,0,9,1,67,,127775,64,0,9,2,26,,127747,64,0,9,1,30,,127762,64,0,9,2,68,,127768,64,0,9,2,28,,127756,64,0,9,1,67,,127776,64,0,9,2,27,,127748,64,0,9,1,72,,127763,64,0,9,2,29,,127769,64,0,9,2,68,,127757,64,0,9,1,24,,127777,64,0,9,2,65,,127749,64,0,9,1,31,,127764,64,0,9,2,69,,127770,64,0,9,2,32,,127758,64,0,9,1,78,,127750,64,0,9,1,29,,127765,64,0,9,2,68,,127771,64,0,9,2,31,,127759,64,0,9,1,74,,127751,64,0,9,1,34,,127766,64,0,9,2,77,,127772,64,0,9,2,27,,127760,64,0,9,1,56,,127752,64,0,9,1
12804,'H50M000I-70-I',645,,127778,64,0,9,2,77,,127794,64,0,9,1,33,,127802,64,0,9,2,74,,127786,64,0,9,1,76,,127779,64,0,9,2,36,,127795,64,0,9,1,75,,127803,64,0,9,2,34,,127787,64,0,9,1,76,,127780,64,0,9,2,26,,127796,64,0,9,1,75,,127804,64,0,9,2,25,,127810,64,0,9,2,72,,127788,64,0,9,1,29,,127781,64,0,9,2,69,,127797,64,0,9,1,28,,127805,64,0,9,2,69,,127811,64,0,9,2,22,,127789,64,0,9,1,73,,127782,64,0,9,2,31,,127798,64,0,9,1,75,,127806,64,0,9,2,37,,127790,64,0,9,1,74,,127783,64,0,9,2,72,,127799,64,0,9,1,32,,127807,64,0,9,2,71,,127791,64,0,9,1,32,,127784,64,0,9,2,70,,127800,64,0,9,1,35,,127808,64,0,9,2,74,,127792,64,0,9,1,29,,127785,64,0,9,2,78,,127801,64,0,9,1,30,,127809,64,0,9,2,54,,127793,64,0,9,1
12804,'H50M000S-70-S',618,,127812,64,0,9,1,24,,127833,64,0,9,1,69,,127847,64,0,9,2,32,,127820,64,0,9,1,72,,127827,64,0,9,2,40,,127813,64,0,9,1,63,,127834,64,0,9,1,30,,127848,64,0,9,2,68,,127821,64,0,9,1,29,,127828,64,0,9,2,72,,127814,64,0,9,1,28,,127835,64,0,9,1,70,,127841,64,0,9,2,30,,127822,64,0,9,1,68,,127829,64,0,9,2,28,,127815,64,0,9,1,68,,127836,64,0,9,1,35,,127842,64,0,9,2,67,,127823,64,0,9,1,35,,127830,64,0,9,2,76,,127816,64,0,9,1,37,,127837,64,0,9,1,74,,127843,64,0,9,2,70,,127824,64,0,9,1,33,,127831,64,0,9,2,68,,127817,64,0,9,1,29,,127838,64,0,9,1,68,,127844,64,0,9,2,29,,127825,64,0,9,1,26,,127832,64,0,9,2,63,,127818,64,0,9,1,23,,127839,64,0,9,1,68,,127845,64,0,9,2,32,,127826,64,0,9,1,78,,127819,64,0,9,1,27,,127840,64,0,9,1,66,,127846,64,0,9,2
12804,'H50M100F-70-F1',645,,127849,64,0,9,2,77,,127865,64,0,9,1,33,,127873,64,0,9,2,74,,127857,64,0,9,1,76,,127850,64,0,9,2,36,,127866,64,0,9,1,75,,127874,64,0,9,2,34,,127858,64,0,9,1,76,,127851,64,0,9,2,26,,127867,64,0,9,1,75,,127875,64,0,9,2,25,,127881,64,0,9,2,72,,127859,64,0,9,1,29,,127852,64,0,9,2,69,,127868,64,0,9,1,28,,127876,64,0,9,2,69,,127882,64,0,9,2,22,,127860,64,0,9,1,73,,127853,64,0,9,2,31,,127869,64,0,9,1,75,,127877,64,0,9,2,37,,127861,64,0,9,1,74,,127854,64,0,9,2,72,,127870,64,0,9,1,32,,127878,64,0,9,2,71,,127862,64,0,9,1,32,,127855,64,0,9,2,70,,127871,64,0,9,1,35,,127879,64,0,9,2,74,,127863,64,0,9,1,29,,127856,64,0,9,2,78,,127872,64,0,9,1,30,,127880,64,0,9,2,54,,127864,64,0,9,1
12804,'H50M200F-70-F2',645,,127883,64,0,9,2,77,,127898,64,0,9,1,33,,127906,64,0,9,2,74,,127891,64,0,9,1,76,,127884,64,0,9,2,36,,127899,64,0,9,1,75,,127907,64,0,9,2,34,,127892,64,0,9,1,76,,127885,64,0,9,2,26,,127900,64,0,9,1,75,,127908,64,0,9,2,25,,127915,64,0,9,2,72,,127893,64,0,9,1,29,,127886,64,0,9,2,69,,127901,64,0,9,1,28,,127909,64,0,9,2,69,,127916,64,0,9,2,22,,127894,64,0,9,1,73,,127887,64,0,9,2,31,,127902,64,0,9,1,75,,127911,64,0,9,2,37,,127895,64,0,9,1,74,,127888,64,0,9,2,72,,127903,64,0,9,1,32,,127912,64,0,9,2,71,,127896,64,0,9,1,32,,127889,64,0,9,2,70,,127904,64,0,9,1,35,,127913,64,0,9,2,74,,127910,64,0,9,1,29,,127890,64,0,9,2,78,,127905,64,0,9,1,30,,127914,64,0,9,2,54,,127897,64,0,9,1
12804,'H50M300F-80-F3',645,,171586,64,0,9,1,67,,171587,64,0,9,2,30,,171611,64,0,9,2,70,,171595,64,0,9,1,30,,171602,64,0,9,1,72,,171588,64,0,9,2,32,,171612,64,0,9,2,74,,171596,64,0,9,1,33,,171603,64,0,9,1,72,,171589,64,0,9,2,28,,171607,64,0,9,1,68,,171613,64,0,9,2,29,,171597,64,0,9,1,70,,171604,64,0,9,1,29,,171590,64,0,9,2,71,,171608,64,0,9,1,30,,171614,64,0,9,2,73,,171598,64,0,9,1,33,,171605,64,0,9,1,71,,171591,64,0,9,2,31,,171609,64,0,9,1,73,,171582,64,0,9,1,70,,171599,64,0,9,1,29,,171606,64,0,9,1,29,,171592,64,0,9,2,71,,171610,64,0,9,1,74,,171583,64,0,9,1,32,,171600,64,0,9,1,70,,171593,64,0,9,2,30,,171615,64,0,9,2,72,,171584,64,0,9,1,38,,171601,64,0,9,1,71,,171594,64,0,9,2,29,,171616,64,0,9,2,63,,171585,64,0,9,1
20201,'H60M300F-80-F3',756,,174659,73,0,5,2,71,,174666,73,0,5,1,32,,174669,73,0,5,2,71,,174648,73,0,5,1,73,,174655,73,0,5,1,33,,174644,73,0,5,1,73,,174643,73,0,5,2,29,,174660,73,0,5,1,70,,174649,73,0,5,2,30,,174656,73,0,5,1,71,,174645,73,0,5,1,30,,174670,73,0,5,1,72,,174661,73,0,5,1,30,,174650,73,0,5,2,73,,174657,73,0,5,1,31,,174646,73,0,5,1,71,,174671,73,0,5,1,32,,174662,73,0,5,1,70,,174651,73,0,5,2,30,,174658,73,0,5,1,73,,174647,73,0,5,1,31,,174672,73,0,5,1,73,,174663,73,0,5,1,27,,174652,73,0,5,2,71,,174675,73,0,5,1,29,,174667,73,0,5,2,68,,174673,73,0,5,1,30,,174664,73,0,5,1,65,,174653,73,0,5,2,26,,174676,73,0,5,1,62,,174668,73,0,5,2,28,,174674,73,0,5,1,69,,174665,73,0,5,1,32,,174654,73,0,5,2,72,,174677,73,0,5,1
38002,'H50M000A-70-A',2655,,155475,72,0,10,2,86,,155476,72,0,10,1,83,,155478,72,0,10,2,85,,155477,72,0,10,1
38002,'H50M000I-70-I',2634,,155481,72,0,10,1,82,,155483,72,0,10,1,91,,155479,72,0,10,1,49,,155484,72,0,10,1,59,,155486,72,0,10,2,15,,155485,72,0,10,2,6,,155482,72,0,10,1,6,,155480,72,0,10,1
38002,'H50M000S-70-S',2636,,155487,72,0,10,2,82,,155490,72,0,10,1,89,,155489,72,0,10,2,100,,155488,72,0,10,1,15,,155492,72,0,10,1,8,,155491,72,0,10,1,21,,155493,72,0,10,1
38002,'H50M100F-70-F1',2634,,155496,72,0,10,1,82,,155498,72,0,10,1,91,,155494,72,0,10,2,49,,155499,72,0,10,1,59,,155501,72,0,10,2,15,,155500,72,0,10,2,6,,155497,72,0,10,1,6,,155495,72,0,10,2
38002,'H50M200F-70-F2',2634,,155504,72,0,10,1,82,,155506,72,0,10,1,91,,155502,72,0,10,2,49,,155507,72,0,10,1,59,,155509,72,0,10,2,15,,155508,72,0,10,2,6,,155505,72,0,10,1,6,,155503,72,0,10,2
38002,'H50M300F-80-F3',2634,,176002,72,0,10,1,82,,176007,72,0,10,2,91,,176004,72,0,10,1,49,,176008,72,0,10,2,59,,176006,72,0,10,1,15,,176003,72,0,10,1,12,,176005,72,0,10,1
38002,'H54M000S-70-S',2937,,155518,72,0,10,2
38002,'H54M300F-80-F3',2936,,176009,72,0,10,1
