19702,'H51U000A-83-A',535,,269657,9,0,10,2,70,,269664,9,0,10,1,31,,269658,9,0,10,2,70,,269672,9,0,10,1,29,,269665,9,0,10,1,68,,269659,9,0,10,2,28,,269673,9,0,10,1,28,,269666,9,0,10,1,68,,269660,9,0,10,2,28,,269674,9,0,10,1,68,,269667,9,0,10,1,28,,269661,9,0,10,2,68,,269675,9,0,10,1,20,,269684,9,0,10,2,20,,269668,9,0,10,1,62,,269662,9,0,10,2,19,,269685,9,0,10,2,19,,269676,9,0,10,1,59,,269686,9,0,10,2,22,,269669,9,0,10,1,62,,269663,9,0,10,2,22,,269677,9,0,10,1,20,,269688,9,0,10,2,60,,269687,9,0,10,2,20,,269670,9,0,10,1,20,,269690,9,0,10,1,62,,269678,9,0,10,1,22,,269689,9,0,10,2,22,,269671,9,0,10,1,62,,269691,9,0,10,1,26,,269679,9,0,10,1,67,,269652,9,0,10,1,27,,269692,9,0,10,1,27,,269680,9,0,10,1,67,,269653,9,0,10,1,27,,269693,9,0,10,1,67,,269681,9,0,10,1,27,,269654,9,0,10,1,67,,269694,9,0,10,1,27,,269682,9,0,10,1,68,,269655,9,0,10,1,28,,269695,9,0,10,1,69,,269683,9,0,10,1,33,,269656,9,0,10,1,69,,269696,9,0,10,2,36,,269651,9,0,10,1,76,,269650,9,0,10,1
19702,'H51U000I-83-I',534,,269710,9,0,10,1,71,,269697,9,0,10,2,32,,269711,9,0,10,1,72,,269698,9,0,10,2,32,,269712,9,0,10,1,72,,269699,9,0,10,2,33,,269713,9,0,10,1,72,,269730,9,0,10,2,22,,269734,9,0,10,1,62,,269700,9,0,10,2,27,,269714,9,0,10,1,28,,269731,9,0,10,2,67,,269701,9,0,10,2,27,,269715,9,0,10,1,67,,269732,9,0,10,2,25,,269735,9,0,10,2,65,,269702,9,0,10,2,25,,269716,9,0,10,1,68,,269733,9,0,10,2,28,,269703,9,0,10,2,28,,269717,9,0,10,1,68,,269724,9,0,10,1,27,,269704,9,0,10,2,68,,269718,9,0,10,1,28,,269725,9,0,10,1,69,,269705,9,0,10,2,29,,269719,9,0,10,1,69,,269726,9,0,10,1,29,,269706,9,0,10,2,68,,269720,9,0,10,1,29,,269727,9,0,10,1,69,,269707,9,0,10,2,29,,269721,9,0,10,1,69,,269728,9,0,10,1,32,,269708,9,0,10,2,72,,269722,9,0,10,1,33,,269736,9,0,10,2,73,,269723,9,0,10,1,32,,269737,9,0,10,2,71,,269709,9,0,10,1,30,,269729,9,0,10,1
19702,'H51U000S-83-S',502,,269738,9,0,10,1,23,,269744,9,0,10,2,18,,269743,9,0,10,2,16,,269751,9,0,10,1,54,,269739,9,0,10,1,10,,269753,9,0,10,1,10,,269754,9,0,10,2,11,,269745,9,0,10,2,12,,269758,9,0,10,1,52,,269759,9,0,10,2,12,,269752,9,0,10,1,12,,269762,9,0,10,2,12,,269764,9,0,10,2,12,,269740,9,0,10,1,51,,269766,9,0,10,2,10,,269742,9,0,10,2,12,,269746,9,0,10,2,12,,269761,9,0,10,1,12,,269760,9,0,10,2,52,,269755,9,0,10,2,12,,269763,9,0,10,2,12,,269767,9,0,10,1,22,,269741,9,0,10,1,63,,269747,9,0,10,2,23,,269756,9,0,10,2,22,,269769,9,0,10,1,60,,269768,9,0,10,1,20,,269748,9,0,10,2,20,,269773,9,0,10,2,60,,269757,9,0,10,2,21,,269770,9,0,10,1,62,,269776,9,0,10,2,22,,269749,9,0,10,2,24,,269774,9,0,10,2,64,,269771,9,0,10,1,24,,269779,9,0,10,2,22,,269777,9,0,10,2,60,,269750,9,0,10,2,20,,269775,9,0,10,2,20,,269772,9,0,10,1,73,,269780,9,0,10,2,73,,269784,9,0,10,2,27,,269785,9,0,10,2,26,,269790,9,0,10,1,70,,269781,9,0,10,2,30,,269786,9,0,10,2,71,,269791,9,0,10,1,30,,269782,9,0,10,2,69,,269787,9,0,10,2,30,,269792,9,0,10,1,70,,269783,9,0,10,2,32,,269788,9,0,10,2,72,,269793,9,0,10,1,73,,269794,9,0,10,2,33,,269789,9,0,10,2,76,,269778,9,0,10,1,37,,269795,9,0,10,2
19702,'H51U100F-80-F1',534,,269815,9,0,10,1,71,,269803,9,0,10,2,32,,269816,9,0,10,1,72,,269804,9,0,10,2,32,,269817,9,0,10,1,72,,269805,9,0,10,2,33,,269818,9,0,10,1,72,,269797,9,0,10,2,22,,269796,9,0,10,1,62,,269806,9,0,10,2,27,,269819,9,0,10,1,28,,269798,9,0,10,2,67,,269807,9,0,10,2,27,,269820,9,0,10,1,67,,269799,9,0,10,2,25,,269802,9,0,10,2,65,,269808,9,0,10,2,25,,269821,9,0,10,1,68,,269800,9,0,10,2,28,,269809,9,0,10,2,28,,269822,9,0,10,1,68,,269829,9,0,10,1,27,,269810,9,0,10,2,68,,269823,9,0,10,1,28,,269830,9,0,10,1,69,,269811,9,0,10,2,29,,269824,9,0,10,1,69,,269831,9,0,10,1,29,,269812,9,0,10,2,68,,269825,9,0,10,1,29,,269832,9,0,10,1,69,,269813,9,0,10,2,29,,269826,9,0,10,1,69,,269833,9,0,10,1,32,,269814,9,0,10,2,72,,269827,9,0,10,1,33,,269835,9,0,10,2,73,,269828,9,0,10,1,32,,269836,9,0,10,2,71,,269801,9,0,10,1,30,,269834,9,0,10,1
19702,'H51U200F-80-F2',534,,269856,9,0,10,1,71,,269844,9,0,10,2,32,,269857,9,0,10,1,72,,269845,9,0,10,2,32,,269858,9,0,10,1,72,,269846,9,0,10,2,33,,269859,9,0,10,1,72,,269838,9,0,10,2,22,,269837,9,0,10,1,62,,269847,9,0,10,2,27,,269860,9,0,10,1,28,,269839,9,0,10,2,67,,269848,9,0,10,2,27,,269861,9,0,10,1,67,,269840,9,0,10,2,25,,269843,9,0,10,2,65,,269849,9,0,10,2,25,,269862,9,0,10,1,68,,269841,9,0,10,2,28,,269850,9,0,10,2,28,,269863,9,0,10,1,68,,269870,9,0,10,1,27,,269851,9,0,10,2,68,,269864,9,0,10,1,28,,269871,9,0,10,1,69,,269852,9,0,10,2,29,,269865,9,0,10,1,69,,269872,9,0,10,1,29,,269853,9,0,10,2,68,,269866,9,0,10,1,29,,269873,9,0,10,1,69,,269854,9,0,10,2,29,,269867,9,0,10,1,69,,269874,9,0,10,1,32,,269855,9,0,10,2,72,,269868,9,0,10,1,33,,269876,9,0,10,2,73,,269869,9,0,10,1,32,,269877,9,0,10,2,71,,269842,9,0,10,1,30,,269875,9,0,10,1
37002,'H51U000A-83-A',2557,,277710,16,0,10,1,82,,277711,16,0,10,1,85,,277713,16,0,10,1,85,,277712,16,0,10,1,45,,277714,16,0,10,2
37002,'H51U000I-83-I',2509,,277719,16,0,10,1,45,,277715,16,0,10,2,85,,277717,16,0,10,1,85,,277720,16,0,10,1,85,,277716,16,0,10,2,46,,277718,16,0,10,1
37002,'H51U000S-83-S',2509,,277723,16,0,10,2,45,,277721,16,0,10,1,85,,277725,16,0,10,1,85,,277724,16,0,10,2,85,,277722,16,0,10,1,46,,277726,16,0,10,1
37002,'H51U100F-80-F1',2509,,277729,16,0,10,1,45,,277727,16,0,10,2,85,,277731,16,0,10,1,85,,277730,16,0,10,1,85,,277728,16,0,10,2,46,,277732,16,0,10,1
37002,'H51U200F-80-F2',2509,,277735,16,0,10,1,45,,277733,16,0,10,2,85,,277737,16,0,10,1,85,,277736,16,0,10,1,85,,277734,16,0,10,2,46,,277738,16,0,10,1
81102,'H59U000S-80-S',555,,286697,15,0,10,1,71,,286701,15,0,10,1,20,,286698,15,0,10,1,60,,286705,15,0,10,1,24,,286702,15,0,10,1,21,,286699,15,0,10,1,62,,286706,15,0,10,1,21,,286703,15,0,10,1,18,,286700,15,0,10,1,60,,286707,15,0,10,1,19,,286710,15,0,10,1,20,,286704,15,0,10,1,60,,286708,15,0,10,1,30,,286711,15,0,10,1,70,,286709,15,0,10,1,30,,286712,15,0,10,1,70,,286716,15,0,10,1,30,,286713,15,0,10,1,70,,286717,15,0,10,1,30,,286714,15,0,10,1,70,,286718,15,0,10,1,30,,286715,15,0,10,1,71,,286719,15,0,10,1,31,,286722,15,0,10,1,62,,286727,15,0,10,1,24,,286720,15,0,10,1,20,,286723,15,0,10,1,57,,286728,15,0,10,1,18,,286730,15,0,10,1,17,,286721,15,0,10,1,15,,286724,15,0,10,1,55,,286729,15,0,10,1,19,,286731,15,0,10,1,25,,286725,15,0,10,1,70,,286732,15,0,10,1,30,,286726,15,0,10,1,70,,286733,15,0,10,1
