'26J-H50J000S-83-S',20202,161740,0,'Ouest',1
'26J-H50JV00S-82-S',20202,161740,0,'Ouest',1
'26J-H60J000A-80-A',20202,64630,0,'Ouest',1,6200,0,'Ouest',2,1900,0,'Ouest',1,1900,0,'Ouest',1,5900,0,'Ouest',1,2000,0,'Ouest',2,2800,0,'Ouest',1,7100,0,'Ouest',2,3000,0,'Ouest',1,7090,0,'Ouest',1,3100,0,'Ouest',1,7100,0,'Ouest',1,3100,0,'Ouest',2,7200,0,'Ouest',1,7200,0,'Ouest',1,3200,0,'Ouest',1,2300,0,'Ouest',1,6300,0,'Ouest',2,2300,0,'Ouest',1,6300,0,'Ouest',1,2300,0,'Ouest',1,2400,0,'Ouest',1,6300,0,'Ouest',1,2300,0,'Ouest',2,6410,0,'Ouest',1,2400,0,'Ouest',1,2500,0,'Ouest',1,6300,0,'Ouest',1,2100,0,'Ouest',1,2300,0,'Ouest',2,6300,0,'Ouest',1,3100,0,'Ouest',1,7200,0,'Ouest',1,2800,0,'Ouest',1,6800,0,'Ouest',1,2800,0,'Ouest',1,6900,0,'Ouest',1,3000,0,'Ouest',1,6900,0,'Ouest',1,3070,0,'Ouest',1,7100,0,'Ouest',1,2700,0,'Ouest',1
'26J-H60J000I-80-I',20202,64550,0,'Ouest',1,7000,0,'Ouest',1,3000,0,'Ouest',1,7100,0,'Ouest',2,3100,0,'Ouest',1,7000,0,'Ouest',1,3000,0,'Ouest',1,7200,0,'Ouest',2,3400,0,'Ouest',1,7100,0,'Ouest',1,3100,0,'Ouest',1,7000,0,'Ouest',2,3000,0,'Ouest',1,7070,0,'Ouest',1,3200,0,'Ouest',1,7200,0,'Ouest',2,7100,0,'Ouest',1,3100,0,'Ouest',1,2000,0,'Ouest',2,6100,0,'Ouest',1,1900,0,'Ouest',1,6800,0,'Ouest',2,2930,0,'Ouest',1,7180,0,'Ouest',2,3100,0,'Ouest',1,7100,0,'Ouest',1,2900,0,'Ouest',1,6800,0,'Ouest',1,2900,0,'Ouest',2,2900,0,'Ouest',1,6900,0,'Ouest',1,2900,0,'Ouest',1,6800,0,'Ouest',1,2800,0,'Ouest',2,6770,0,'Ouest',1,2700,0,'Ouest',1,6800,0,'Ouest',2,2800,0,'Ouest',1
'26J-H60J000S-98-S',20202,63250,0,'Ouest',1,8070,0,'Ouest',1,3300,0,'Ouest',1,7400,0,'Ouest',1,2900,0,'Ouest',1,6400,0,'Ouest',1,2400,0,'Ouest',2,6330,0,'Ouest',1,2500,0,'Ouest',1,2500,0,'Ouest',1,6500,0,'Ouest',1,2300,0,'Ouest',1,6200,0,'Ouest',1,2390,0,'Ouest',1,2500,0,'Ouest',1,6600,0,'Ouest',1,1900,0,'Ouest',2,1800,0,'Ouest',1,5800,0,'Ouest',1,1800,0,'Ouest',1,1600,0,'Ouest',1,5600,0,'Ouest',1,2100,0,'Ouest',1,2500,0,'Ouest',1,9500,0,'Ouest',1,5900,0,'Ouest',2,1900,0,'Ouest',1,1680,0,'Ouest',1,7000,0,'Ouest',1,2800,0,'Ouest',1,7000,0,'Ouest',1,2900,0,'Ouest',2,6810,0,'Ouest',1,2500,0,'Ouest',2,2600,0,'Ouest',1,6800,0,'Ouest',1,2800,0,'Ouest',2,6700,0,'Ouest',1,2700,0,'Ouest',2,6700,0,'Ouest',1,3300,0,'Ouest',1,7400,0,'Ouest',1,3300,0,'Ouest',1
'26J-H60JV00A-80-A',20202,64630,0,'Ouest',1,6200,0,'Ouest',2,1900,0,'Ouest',1,1900,0,'Ouest',1,5900,0,'Ouest',1,2000,0,'Ouest',2,2800,0,'Ouest',1,7100,0,'Ouest',2,3000,0,'Ouest',1,7090,0,'Ouest',1,3100,0,'Ouest',1,7100,0,'Ouest',1,3100,0,'Ouest',2,7200,0,'Ouest',1,7200,0,'Ouest',1,3200,0,'Ouest',1,2300,0,'Ouest',1,6300,0,'Ouest',2,2300,0,'Ouest',1,6300,0,'Ouest',1,2300,0,'Ouest',1,2400,0,'Ouest',1,6300,0,'Ouest',1,2300,0,'Ouest',2,6410,0,'Ouest',1,2400,0,'Ouest',1,2500,0,'Ouest',1,6300,0,'Ouest',1,2100,0,'Ouest',1,2300,0,'Ouest',2,6300,0,'Ouest',1,3100,0,'Ouest',1,7200,0,'Ouest',1,2800,0,'Ouest',1,6800,0,'Ouest',1,2800,0,'Ouest',1,6900,0,'Ouest',1,3000,0,'Ouest',1,6900,0,'Ouest',1,3070,0,'Ouest',1,7100,0,'Ouest',1,2700,0,'Ouest',1
'26J-H60JV00I-80-I',20202,64550,0,'Ouest',1,7000,0,'Ouest',1,3000,0,'Ouest',1,7100,0,'Ouest',2,3100,0,'Ouest',1,7000,0,'Ouest',1,3000,0,'Ouest',1,7200,0,'Ouest',2,3400,0,'Ouest',1,7100,0,'Ouest',1,3100,0,'Ouest',1,7000,0,'Ouest',2,3000,0,'Ouest',1,7070,0,'Ouest',1,3200,0,'Ouest',1,7200,0,'Ouest',2,7100,0,'Ouest',1,3100,0,'Ouest',1,2000,0,'Ouest',2,6100,0,'Ouest',1,1900,0,'Ouest',1,6800,0,'Ouest',2,2930,0,'Ouest',1,7180,0,'Ouest',2,3100,0,'Ouest',1,7100,0,'Ouest',1,2900,0,'Ouest',1,6800,0,'Ouest',1,2900,0,'Ouest',2,2900,0,'Ouest',1,6900,0,'Ouest',1,2900,0,'Ouest',1,6800,0,'Ouest',1,2800,0,'Ouest',2,6770,0,'Ouest',1,2700,0,'Ouest',1,6800,0,'Ouest',2,2800,0,'Ouest',1
'26J-H60JV00S-98-S',20202,63250,0,'Ouest',1,8070,0,'Ouest',1,3300,0,'Ouest',1,7400,0,'Ouest',1,2900,0,'Ouest',1,6400,0,'Ouest',1,2400,0,'Ouest',2,6330,0,'Ouest',1,2500,0,'Ouest',1,2500,0,'Ouest',1,6500,0,'Ouest',1,2300,0,'Ouest',1,6200,0,'Ouest',1,2390,0,'Ouest',1,2500,0,'Ouest',1,6600,0,'Ouest',1,1900,0,'Ouest',2,1800,0,'Ouest',1,5800,0,'Ouest',1,1800,0,'Ouest',1,1600,0,'Ouest',1,5600,0,'Ouest',1,2100,0,'Ouest',1,2500,0,'Ouest',1,9500,0,'Ouest',1,5900,0,'Ouest',1,1900,0,'Ouest',1,1680,0,'Ouest',1,7000,0,'Ouest',1,2800,0,'Ouest',1,7000,0,'Ouest',1,2900,0,'Ouest',2,6810,0,'Ouest',1,2500,0,'Ouest',2,2600,0,'Ouest',1,6800,0,'Ouest',1,2800,0,'Ouest',2,6700,0,'Ouest',1,2700,0,'Ouest',2,6700,0,'Ouest',1,3300,0,'Ouest',1,7400,0,'Ouest',1,3300,0,'Ouest',1
'26J-H50J000S-83-S',48502,61710,0,'Ouest',1,3920,0,'Ouest',1,7000,0,'Ouest',1,3300,0,'Ouest',1,7000,0,'Ouest',1,7180,0,'Ouest',1,3200,0,'Ouest',2,7200,0,'Ouest',1,3000,0,'Ouest',2,6900,0,'Ouest',1,2800,0,'Ouest',1,6800,0,'Ouest',2,2900,0,'Ouest',1,2940,0,'Ouest',2,7000,0,'Ouest',1,3100,0,'Ouest',1,7360,0,'Ouest',2,8020,0,'Ouest',1,3320,0,'Ouest',1,400,0,'Ouest',1,500,0,'Ouest',2,5100,0,'Ouest',1,1500,0,'Ouest',1,1600,0,'Ouest',1,1600,0,'Ouest',1,5600,0,'Ouest',1,1500,0,'Ouest',1,1400,0,'Ouest',2,1400,0,'Ouest',1,5400,0,'Ouest',1,1400,0,'Ouest',1,1300,0,'Ouest',1,1380,0,'Ouest',1,5400,0,'Ouest',1,1400,0,'Ouest',1,1500,0,'Ouest',1
'26J-H50JV00S-82-S',48502,61710,0,'Ouest',1,3920,0,'Ouest',1,7000,0,'Ouest',1,3300,0,'Ouest',1,7000,0,'Ouest',1,7180,0,'Ouest',1,3200,0,'Ouest',2,7200,0,'Ouest',1,3000,0,'Ouest',2,6900,0,'Ouest',1,2800,0,'Ouest',1,6800,0,'Ouest',2,2900,0,'Ouest',1,2940,0,'Ouest',2,7000,0,'Ouest',1,3100,0,'Ouest',1,7360,0,'Ouest',2,8020,0,'Ouest',1,3320,0,'Ouest',1,400,0,'Ouest',1,500,0,'Ouest',2,5100,0,'Ouest',1,1500,0,'Ouest',1,1600,0,'Ouest',1,1600,0,'Ouest',1,5600,0,'Ouest',1,1500,0,'Ouest',1,1400,0,'Ouest',2,1400,0,'Ouest',1,5400,0,'Ouest',1,1400,0,'Ouest',1,1300,0,'Ouest',1,1380,0,'Ouest',1,5400,0,'Ouest',1,1400,0,'Ouest',1,1500,0,'Ouest',1
