2803,'H54J000A-80-A',533,,7131,37,0,8,1,69,,7119,37,0,8,1,32,,7133,37,0,8,1,72,,7149,37,0,8,1,32,,7120,37,0,8,1,73,,7134,37,0,8,1,33,,7146,37,0,8,1,73,,7121,37,0,8,1,33,,7135,37,0,8,1,72,,7147,37,0,8,1,33,,7122,37,0,8,1,71,,7136,37,0,8,1,27,,7155,37,0,8,2,68,,7148,37,0,8,1,27,,7123,37,0,8,1,71,,7137,37,0,8,1,32,,7156,37,0,8,2,72,,7124,37,0,8,1,32,,7138,37,0,8,1,71,,7157,37,0,8,2,31,,7125,37,0,8,1,71,,7139,37,0,8,1,31,,7158,37,0,8,2,72,,7126,37,0,8,1,71,,7140,37,0,8,1,32,,7159,37,0,8,2,73,,7127,37,0,8,1,33,,7141,37,0,8,1,74,,7150,37,0,8,1,34,,7128,37,0,8,1,74,,7142,37,0,8,1,34,,7151,37,0,8,1,73,,7129,37,0,8,1,73,,7143,37,0,8,1,33,,7152,37,0,8,1,72,,7130,37,0,8,1,33,,7144,37,0,8,1,73,,7153,37,0,8,1,33,,7132,37,0,8,1,73,,7145,37,0,8,1,33,,7154,37,0,8,1
2803,'H54J000I-80-I',532,,7163,37,0,8,1,23,,7165,37,0,8,1,74,,7164,37,0,8,1,72,,7176,37,0,8,2,33,,7166,37,0,8,1,72,,7179,37,0,8,1,32,,7177,37,0,8,2,72,,7180,37,0,8,1,33,,7191,37,0,8,1,72,,7178,37,0,8,2,33,,7181,37,0,8,1,64,,7162,37,0,8,1,24,,7192,37,0,8,1,71,,7167,37,0,8,2,31,,7182,37,0,8,1,72,,7193,37,0,8,1,32,,7168,37,0,8,2,72,,7183,37,0,8,1,32,,7194,37,0,8,1,72,,7169,37,0,8,2,33,,7184,37,0,8,1,73,,7195,37,0,8,1,33,,7170,37,0,8,2,73,,7185,37,0,8,1,73,,7196,37,0,8,1,33,,7171,37,0,8,2,73,,7186,37,0,8,1,33,,7197,37,0,8,1,73,,7172,37,0,8,2,33,,7187,37,0,8,1,73,,7198,37,0,8,1,31,,7173,37,0,8,2,73,,7188,37,0,8,1,32,,7199,37,0,8,1,73,,7174,37,0,8,2,73,,7160,37,0,8,1,33,,7189,37,0,8,1,73,,7175,37,0,8,2,31,,7161,37,0,8,1,74,,7190,37,0,8,1
2803,'H54J000S-83-S',536,,7205,37,0,8,1,73,,7212,37,0,8,1,15,,7206,37,0,8,1,23,,7215,37,0,8,1,10,,7211,37,0,8,2,51,,7214,37,0,8,1,12,,7218,37,0,8,2,10,,7207,37,0,8,1,18,,7200,37,0,8,1,8,,7213,37,0,8,1,49,,7224,37,0,8,2,10,,7223,37,0,8,2,11,,7228,37,0,8,2,13,,7225,37,0,8,1,13,,7229,37,0,8,2,64,,7219,37,0,8,2,30,,7201,37,0,8,1,71,,7226,37,0,8,1,30,,7220,37,0,8,2,71,,7202,37,0,8,1,31,,7227,37,0,8,1,73,,7221,37,0,8,2,31,,7203,37,0,8,1,68,,7230,37,0,8,1,30,,7233,37,0,8,1,68,,7222,37,0,8,2,31,,7234,37,0,8,2,71,,7231,37,0,8,1,102,,7240,37,0,8,2,30,,7248,37,0,8,1,70,,7232,37,0,8,1,28,,7249,37,0,8,2,65,,7241,37,0,8,2,31,,7235,37,0,8,1,71,,7208,37,0,8,1,30,,7242,37,0,8,2,71,,7236,37,0,8,1,31,,7209,37,0,8,1,71,,7243,37,0,8,2,30,,7237,37,0,8,1,69,,7210,37,0,8,1,31,,7244,37,0,8,2,70,,7238,37,0,8,1,29,,7253,37,0,8,2,69,,7245,37,0,8,2,30,,7239,37,0,8,1,70,,7254,37,0,8,2,29,,7246,37,0,8,2,69,,7250,37,0,8,1
2803,'H54JV00A-80-A',533,,7295,37,0,8,1,69,,7255,37,0,8,1,32,,7267,37,0,8,1,72,,7284,37,0,8,1,32,,7256,37,0,8,1,73,,7268,37,0,8,1,33,,7292,37,0,8,1,73,,7257,37,0,8,1,33,,7269,37,0,8,1,72,,7293,37,0,8,1,33,,7258,37,0,8,1,71,,7270,37,0,8,1,27,,7291,37,0,8,2,68,,7294,37,0,8,1,27,,7259,37,0,8,1,71,,7271,37,0,8,1,32,,7280,37,0,8,2,72,,7260,37,0,8,1,32,,7272,37,0,8,1,71,,7281,37,0,8,2,31,,7261,37,0,8,1,71,,7273,37,0,8,1,31,,7282,37,0,8,2,72,,7262,37,0,8,1,71,,7274,37,0,8,1,32,,7283,37,0,8,2,73,,7263,37,0,8,1,33,,7275,37,0,8,1,74,,7285,37,0,8,1,34,,7264,37,0,8,1,74,,7276,37,0,8,1,34,,7286,37,0,8,1,73,,7265,37,0,8,1,73,,7277,37,0,8,1,33,,7287,37,0,8,1,72,,7266,37,0,8,1,33,,7278,37,0,8,1,73,,7288,37,0,8,1,33,,7290,37,0,8,1,73,,7279,37,0,8,1,33,,7289,37,0,8,1
2803,'H54JV00I-80-I',532,,7335,37,0,8,1,23,,7331,37,0,8,1,74,,7325,37,0,8,1,72,,7326,37,0,8,2,33,,7332,37,0,8,1,72,,7334,37,0,8,1,32,,7327,37,0,8,2,72,,7305,37,0,8,1,33,,7316,37,0,8,1,72,,7328,37,0,8,2,33,,7306,37,0,8,1,64,,7333,37,0,8,1,24,,7317,37,0,8,1,71,,7296,37,0,8,2,31,,7307,37,0,8,1,72,,7318,37,0,8,1,32,,7297,37,0,8,2,72,,7308,37,0,8,1,32,,7319,37,0,8,1,72,,7298,37,0,8,2,33,,7309,37,0,8,1,73,,7320,37,0,8,1,33,,7299,37,0,8,2,73,,7310,37,0,8,1,73,,7321,37,0,8,1,33,,7300,37,0,8,2,73,,7311,37,0,8,1,33,,7322,37,0,8,1,73,,7301,37,0,8,2,33,,7312,37,0,8,1,73,,7323,37,0,8,1,31,,7302,37,0,8,2,73,,7313,37,0,8,1,32,,7324,37,0,8,1,73,,7303,37,0,8,2,73,,7329,37,0,8,1,33,,7314,37,0,8,1,73,,7304,37,0,8,2,31,,7330,37,0,8,1,74,,7315,37,0,8,1
2803,'H54JV00S-80-S',536,,7337,37,0,8,1,73,,7350,37,0,8,1,15,,7346,37,0,8,1,23,,7353,37,0,8,1,10,,7349,37,0,8,2,51,,7352,37,0,8,1,12,,7360,37,0,8,2,10,,7347,37,0,8,1,18,,7356,37,0,8,1,8,,7351,37,0,8,1,49,,7361,37,0,8,2,10,,7355,37,0,8,2,11,,7362,37,0,8,1,13,,7367,37,0,8,1,13,,7370,37,0,8,2,64,,7343,37,0,8,1,30,,7357,37,0,8,1,71,,7368,37,0,8,1,30,,7344,37,0,8,1,71,,7358,37,0,8,1,31,,7369,37,0,8,1,73,,7345,37,0,8,1,31,,7359,37,0,8,1,68,,7371,37,0,8,1,30,,7374,37,0,8,1,68,,7375,37,0,8,2,31,,7377,37,0,8,2,71,,7372,37,0,8,1,102,,7378,37,0,8,2,30,,7380,37,0,8,1,70,,7373,37,0,8,1,28,,7381,37,0,8,2,65,,7385,37,0,8,2,31,,7338,37,0,8,1,71,,7363,37,0,8,1,30,,7386,37,0,8,2,71,,7339,37,0,8,1,31,,7364,37,0,8,1,71,,7387,37,0,8,2,30,,7340,37,0,8,1,69,,7365,37,0,8,1,31,,7388,37,0,8,2,70,,7341,37,0,8,1,29,,7366,37,0,8,1,69,,7389,37,0,8,2,30,,7342,37,0,8,1,70,,7383,37,0,8,1,29,,7390,37,0,8,2,69,,7348,37,0,8,1
2803,'H57J000S-81-S',636,,7391,37,0,8,2,917,,7393,37,0,8,2
2803,'H57JV00S-83-S',636,,7394,37,0,8,2,917,,7396,37,0,8,2
2803,'H58J000S-81-S',739,,7397,37,0,8,2
2803,'H58J000S-83-S',739,,7398,37,0,8,2
2803,'H58JV00S-82-S',739,,7399,37,0,8,2
