'26J-H57J000S-81-S',5504,92900,0,'Sud',1,58600,0,'Sud',2
'26J-H57JV00S-83-S',5504,92900,0,'Sud',1,58600,0,'Sud',2
'26J-H58J000A-83-A',5504,53800,0,'Sud',1,7100,0,'Sud',1,3300,0,'Sud',1,7100,0,'Sud',1,3200,0,'Sud',1,7300,0,'Sud',1,3300,0,'Sud',1,7200,0,'Sud',1,3100,0,'Sud',1,6800,0,'Sud',1,2600,0,'Sud',1,5900,0,'Sud',1,2100,0,'Sud',1,2100,0,'Sud',1,6000,0,'Sud',1,1700,0,'Sud',1,1500,0,'Sud',1,1500,0,'Sud',1,5300,0,'Sud',1,1300,0,'Sud',1,1100,0,'Sud',1,1000,0,'Sud',2,1100,0,'Sud',1,5000,0,'Sud',1,1000,0,'Sud',2,1100,0,'Sud',1,1000,0,'Sud',1,900,0,'Sud',1,1000,0,'Sud',2,5100,0,'Sud',1,1000,0,'Sud',1,1000,0,'Sud',1,1000,0,'Sud',1,1000,0,'Sud',1,1000,0,'Sud',1,4900,0,'Sud',2,900,0,'Sud',1,900,0,'Sud',1,1000,0,'Sud',1,1000,0,'Sud',2,1100,0,'Sud',1,5000,0,'Sud',1,900,0,'Sud',2,1300,0,'Sud',1,1500,0,'Sud',1,1400,0,'Sud',1,5400,0,'Sud',1,1500,0,'Sud',1,1400,0,'Sud',1,1500,0,'Sud',1,5500,0,'Sud',1,1100,0,'Sud',2,1500,0,'Sud',1,1500,0,'Sud',1,5600,0,'Sud',1,1600,0,'Sud',1,1600,0,'Sud',1,1700,0,'Sud',1,6400,0,'Sud',2,2300,0,'Sud',1,6700,0,'Sud',1,3000,0,'Sud',1,7000,0,'Sud',1,2700,0,'Sud',1,6600,0,'Sud',1,3100,0,'Sud',2,2500,0,'Sud',1,7000,0,'Sud',1
'26J-H58J000I-81-I',5504,53600,0,'Sud',2,6700,0,'Sud',1,3000,0,'Sud',1,7200,0,'Sud',1,3200,0,'Sud',1,7300,0,'Sud',1,3100,0,'Sud',1,7200,0,'Sud',1,3400,0,'Sud',1,7300,0,'Sud',1,3200,0,'Sud',1,6700,0,'Sud',1,2100,0,'Sud',1,6100,0,'Sud',1,1900,0,'Sud',1,1700,0,'Sud',1,1600,0,'Sud',1,5600,0,'Sud',1,1500,0,'Sud',1,1200,0,'Sud',1,1200,0,'Sud',1,5300,0,'Sud',1,1300,0,'Sud',1,1300,0,'Sud',1,1200,0,'Sud',1,1400,0,'Sud',1,5500,0,'Sud',1,1400,0,'Sud',1,1300,0,'Sud',1,1500,0,'Sud',1,5600,0,'Sud',1,1600,0,'Sud',1,1500,0,'Sud',1,1500,0,'Sud',1,5700,0,'Sud',2,1900,0,'Sud',1,2700,0,'Sud',1,6500,0,'Sud',1,2500,0,'Sud',1,6700,0,'Sud',1,2700,0,'Sud',1,6300,0,'Sud',1,3000,0,'Sud',2,7000,0,'Sud',1,3000,0,'Sud',1,6800,0,'Sud',1,3100,0,'Sud',2,7100,0,'Sud',1,3100,0,'Sud',1,7100,0,'Sud',1,2800,0,'Sud',1,2700,0,'Sud',1
'26J-H58J000S-81-S',5504,54100,0,'Sud',1,7300,0,'Sud',1,3800,0,'Sud',1,9200,0,'Sud',1,1200,0,'Sud',1,5300,0,'Sud',2,1200,0,'Sud',1,1200,0,'Sud',1,1200,0,'Sud',2,1100,0,'Sud',1,5000,0,'Sud',1,1100,0,'Sud',1,8300,0,'Sud',1,1000,0,'Sud',1,1200,0,'Sud',2,2100,0,'Sud',1,6200,0,'Sud',1,1900,0,'Sud',1,2000,0,'Sud',1,6000,0,'Sud',1,2100,0,'Sud',1,2000,0,'Sud',2,6200,0,'Sud',1,2100,0,'Sud',1,2100,0,'Sud',1,6100,0,'Sud',1,2100,0,'Sud',1,2200,0,'Sud',1,8200,0,'Sud',1,6500,0,'Sud',1,2000,0,'Sud',2,2100,0,'Sud',1,5900,0,'Sud',1,1600,0,'Sud',1,1200,0,'Sud',1,1200,0,'Sud',1,1700,0,'Sud',1,6300,0,'Sud',1,2600,0,'Sud',1,6500,0,'Sud',1,2700,0,'Sud',1,6500,0,'Sud',1,3000,0,'Sud',1,7000,0,'Sud',1,2900,0,'Sud',1,7000,0,'Sud',1,3000,0,'Sud',1,6900,0,'Sud',2,3000,0,'Sud',1,7200,0,'Sud',1,2900,0,'Sud',1,2700,0,'Sud',2
'26J-H58JV00A-80-A',5504,53800,0,'Sud',1,7100,0,'Sud',1,3300,0,'Sud',1,7100,0,'Sud',1,3200,0,'Sud',1,7300,0,'Sud',1,3300,0,'Sud',1,7200,0,'Sud',1,3100,0,'Sud',1,6800,0,'Sud',1,2600,0,'Sud',1,5900,0,'Sud',1,2100,0,'Sud',1,2100,0,'Sud',1,6000,0,'Sud',1,1700,0,'Sud',1,1500,0,'Sud',1,1500,0,'Sud',1,5300,0,'Sud',1,1300,0,'Sud',1,1100,0,'Sud',1,1000,0,'Sud',2,1100,0,'Sud',1,5000,0,'Sud',1,1000,0,'Sud',2,1100,0,'Sud',1,1000,0,'Sud',1,900,0,'Sud',1,1000,0,'Sud',2,5100,0,'Sud',1,1000,0,'Sud',1,1000,0,'Sud',1,1000,0,'Sud',1,1000,0,'Sud',1,1000,0,'Sud',1,4900,0,'Sud',2,900,0,'Sud',1,900,0,'Sud',1,1000,0,'Sud',1,1000,0,'Sud',2,1100,0,'Sud',1,5000,0,'Sud',1,900,0,'Sud',2,1300,0,'Sud',1,1500,0,'Sud',1,1400,0,'Sud',1,5400,0,'Sud',1,1500,0,'Sud',1,1400,0,'Sud',1,1500,0,'Sud',1,5500,0,'Sud',1,1100,0,'Sud',2,1500,0,'Sud',1,1500,0,'Sud',1,5600,0,'Sud',1,1600,0,'Sud',1,1600,0,'Sud',1,1700,0,'Sud',1,6400,0,'Sud',2,2300,0,'Sud',1,6700,0,'Sud',1,3000,0,'Sud',1,7000,0,'Sud',1,2700,0,'Sud',1,6600,0,'Sud',1,3100,0,'Sud',2,2500,0,'Sud',1,7000,0,'Sud',1
'26J-H58JV00I-80-I',5504,53600,0,'Sud',2,6700,0,'Sud',1,3000,0,'Sud',1,7200,0,'Sud',1,3200,0,'Sud',1,7300,0,'Sud',1,3100,0,'Sud',1,7200,0,'Sud',1,3400,0,'Sud',1,7300,0,'Sud',1,3200,0,'Sud',1,6700,0,'Sud',1,2100,0,'Sud',1,6100,0,'Sud',1,1900,0,'Sud',1,1700,0,'Sud',1,1600,0,'Sud',1,5600,0,'Sud',1,1500,0,'Sud',1,1200,0,'Sud',1,1200,0,'Sud',1,5300,0,'Sud',1,1300,0,'Sud',1,1300,0,'Sud',1,1200,0,'Sud',1,1400,0,'Sud',1,5500,0,'Sud',1,1400,0,'Sud',1,1300,0,'Sud',1,1500,0,'Sud',1,5600,0,'Sud',1,1600,0,'Sud',1,1500,0,'Sud',1,1500,0,'Sud',1,5700,0,'Sud',2,1900,0,'Sud',1,2700,0,'Sud',1,6500,0,'Sud',1,2500,0,'Sud',1,6700,0,'Sud',1,2700,0,'Sud',1,6300,0,'Sud',1,3000,0,'Sud',2,7000,0,'Sud',1,3000,0,'Sud',1,6800,0,'Sud',1,3100,0,'Sud',2,7100,0,'Sud',1,3100,0,'Sud',1,7100,0,'Sud',1,2800,0,'Sud',1,2700,0,'Sud',1
'26J-H58JV00S-82-S',5504,54100,0,'Sud',1,7300,0,'Sud',1,3800,0,'Sud',1,9200,0,'Sud',1,1200,0,'Sud',1,5300,0,'Sud',1,1200,0,'Sud',1,1200,0,'Sud',1,1200,0,'Sud',2,1100,0,'Sud',1,5000,0,'Sud',1,1100,0,'Sud',1,8300,0,'Sud',1,1000,0,'Sud',1,1200,0,'Sud',1,2100,0,'Sud',1,6200,0,'Sud',1,1900,0,'Sud',1,2000,0,'Sud',1,6000,0,'Sud',1,2100,0,'Sud',1,2000,0,'Sud',1,6200,0,'Sud',1,2100,0,'Sud',1,2100,0,'Sud',1,6100,0,'Sud',1,2100,0,'Sud',1,2200,0,'Sud',1,8200,0,'Sud',1,6500,0,'Sud',1,2000,0,'Sud',1,2100,0,'Sud',1,5900,0,'Sud',1,1600,0,'Sud',1,1200,0,'Sud',1,1200,0,'Sud',1,1700,0,'Sud',1,6300,0,'Sud',1,2600,0,'Sud',1,6500,0,'Sud',1,2700,0,'Sud',1,6500,0,'Sud',1,3000,0,'Sud',1,7000,0,'Sud',1,2900,0,'Sud',1,7000,0,'Sud',1,3000,0,'Sud',1,6900,0,'Sud',2,3000,0,'Sud',1,7200,0,'Sud',1,2900,0,'Sud',1,2700,0,'Sud',2
'26J-H59J000S-81-S',5504,72900,0,'Sud',1,21100,0,'Sud',1,1100,0,'Sud',2
'26J-H59JV00S-83-S',5504,72900,0,'Sud',1,21100,0,'Sud',1,1100,0,'Sud',1
