8601,'H54J000A-80-A',632,,30183,59,0,5,1,73,,30196,59,0,5,1,33,,30174,59,0,5,2,73,,30169,59,0,5,1,32,,30190,59,0,5,1,74,,30184,59,0,5,1,33,,30199,59,0,5,1,72,,30175,59,0,5,2,32,,30170,59,0,5,1,72,,30191,59,0,5,1,33,,30185,59,0,5,1,73,,30200,59,0,5,1,73,,30176,59,0,5,2,33,,30171,59,0,5,1,73,,30192,59,0,5,1,32,,30186,59,0,5,1,73,,30201,59,0,5,1,33,,30177,59,0,5,2,71,,30172,59,0,5,1,33,,30193,59,0,5,1,72,,30187,59,0,5,1,33,,30202,59,0,5,1,73,,30178,59,0,5,2,71,,30173,59,0,5,1,33,,30194,59,0,5,1,72,,30188,59,0,5,1,33,,30203,59,0,5,1,73,,30206,59,0,5,1,33,,30180,59,0,5,1,71,,30195,59,0,5,1,32,,30189,59,0,5,1,72,,30204,59,0,5,1,31,,30197,59,0,5,1,72,,30181,59,0,5,1,31,,30179,59,0,5,1,73,,30205,59,0,5,1,72,,30198,59,0,5,1,31,,30182,59,0,5,1
8601,'H54J000I-80-I',633,,30207,59,0,5,1,72,,30215,59,0,5,1,31,,30229,59,0,5,2,71,,30230,59,0,5,2,32,,30235,59,0,5,1,73,,30208,59,0,5,1,32,,30219,59,0,5,1,73,,30224,59,0,5,1,33,,30231,59,0,5,2,72,,30236,59,0,5,1,33,,30209,59,0,5,1,72,,30220,59,0,5,1,32,,30225,59,0,5,1,72,,30232,59,0,5,2,72,,30237,59,0,5,1,32,,30210,59,0,5,1,72,,30221,59,0,5,1,33,,30226,59,0,5,1,72,,30233,59,0,5,2,31,,30238,59,0,5,1,73,,30211,59,0,5,1,33,,30222,59,0,5,1,72,,30227,59,0,5,1,33,,30234,59,0,5,2,73,,30239,59,0,5,1,31,,30212,59,0,5,1,72,,30223,59,0,5,1,71,,30228,59,0,5,1,31,,30242,59,0,5,2,70,,30216,59,0,5,1,30,,30213,59,0,5,1,69,,30245,59,0,5,1,30,,30240,59,0,5,1,71,,30243,59,0,5,1,32,,30217,59,0,5,1,72,,30214,59,0,5,1,31,,30241,59,0,5,1,70,,30244,59,0,5,1,30,,30218,59,0,5,1
8601,'H54J000S-83-S',626,,30260,59,0,5,2,27,,30246,59,0,5,1,69,,30253,59,0,5,2,34,,30256,59,0,5,2,73,,30268,59,0,5,1,72,,30261,59,0,5,2,28,,30247,59,0,5,1,30,,30250,59,0,5,1,70,,30257,59,0,5,2,27,,30254,59,0,5,1,68,,30262,59,0,5,1,29,,30269,59,0,5,1,67,,30248,59,0,5,1,30,,30251,59,0,5,1,70,,30258,59,0,5,2,30,,30255,59,0,5,1,71,,30263,59,0,5,1,31,,30270,59,0,5,1,70,,30249,59,0,5,1,31,,30252,59,0,5,1,71,,30259,59,0,5,2,103,,30264,59,0,5,1,73,,30271,59,0,5,1,29,,30278,59,0,5,2,71,,30284,59,0,5,2,32,,30275,59,0,5,1,68,,30265,59,0,5,1,29,,30272,59,0,5,1,29,,30279,59,0,5,2,69,,30285,59,0,5,2,29,,30276,59,0,5,1,69,,30266,59,0,5,1,29,,30273,59,0,5,1,65,,30282,59,0,5,1,28,,30280,59,0,5,1,70,,30277,59,0,5,1,30,,30267,59,0,5,1,72,,30274,59,0,5,1,31,,30283,59,0,5,1,70,,30281,59,0,5,1
8601,'H54JV00A-80-A',632,,30306,59,0,5,1,73,,30289,59,0,5,1,33,,30296,59,0,5,2,73,,30301,59,0,5,1,32,,30313,59,0,5,1,74,,30307,59,0,5,1,33,,30319,59,0,5,1,72,,30297,59,0,5,2,32,,30302,59,0,5,1,72,,30314,59,0,5,1,33,,30308,59,0,5,1,73,,30320,59,0,5,1,73,,30298,59,0,5,2,33,,30303,59,0,5,1,73,,30315,59,0,5,1,32,,30309,59,0,5,1,73,,30321,59,0,5,1,33,,30299,59,0,5,2,71,,30304,59,0,5,1,33,,30316,59,0,5,1,72,,30310,59,0,5,1,33,,30322,59,0,5,1,73,,30300,59,0,5,2,71,,30305,59,0,5,1,33,,30317,59,0,5,1,72,,30311,59,0,5,1,33,,30323,59,0,5,1,73,,30293,59,0,5,1,33,,30290,59,0,5,1,71,,30318,59,0,5,1,32,,30312,59,0,5,1,72,,30286,59,0,5,1,31,,30294,59,0,5,1,72,,30291,59,0,5,1,31,,30288,59,0,5,1,73,,30287,59,0,5,1,72,,30295,59,0,5,1,31,,30292,59,0,5,1
8601,'H54JV00I-80-I',633,,30332,59,0,5,1,72,,30326,59,0,5,1,31,,30330,59,0,5,2,71,,30340,59,0,5,2,32,,30345,59,0,5,1,73,,30333,59,0,5,1,32,,30355,59,0,5,1,73,,30350,59,0,5,1,33,,30341,59,0,5,2,72,,30346,59,0,5,1,33,,30334,59,0,5,1,72,,30356,59,0,5,1,32,,30351,59,0,5,1,72,,30342,59,0,5,2,72,,30347,59,0,5,1,32,,30335,59,0,5,1,72,,30357,59,0,5,1,33,,30352,59,0,5,1,72,,30343,59,0,5,2,31,,30348,59,0,5,1,73,,30336,59,0,5,1,33,,30358,59,0,5,1,72,,30353,59,0,5,1,33,,30344,59,0,5,2,73,,30349,59,0,5,1,31,,30337,59,0,5,1,72,,30359,59,0,5,1,71,,30354,59,0,5,1,31,,30331,59,0,5,2,70,,30327,59,0,5,1,30,,30338,59,0,5,1,69,,30362,59,0,5,1,30,,30360,59,0,5,1,71,,30324,59,0,5,1,32,,30328,59,0,5,1,72,,30339,59,0,5,1,31,,30361,59,0,5,1,70,,30325,59,0,5,1,30,,30329,59,0,5,1
8601,'H54JV00S-80-S',626,,30379,59,0,5,2,27,,30366,59,0,5,1,69,,30370,59,0,5,1,34,,30375,59,0,5,2,73,,30390,59,0,5,1,72,,30380,59,0,5,2,28,,30367,59,0,5,1,30,,30363,59,0,5,1,70,,30376,59,0,5,2,27,,30373,59,0,5,1,68,,30381,59,0,5,1,29,,30391,59,0,5,1,67,,30368,59,0,5,1,30,,30364,59,0,5,1,70,,30377,59,0,5,2,30,,30374,59,0,5,1,71,,30382,59,0,5,1,31,,30392,59,0,5,1,70,,30369,59,0,5,1,31,,30365,59,0,5,1,71,,30378,59,0,5,2,103,,30383,59,0,5,1,73,,30393,59,0,5,1,29,,30371,59,0,5,1,71,,30401,59,0,5,2,32,,30387,59,0,5,1,68,,30384,59,0,5,1,29,,30394,59,0,5,1,29,,30372,59,0,5,1,69,,30402,59,0,5,2,29,,30388,59,0,5,1,69,,30385,59,0,5,1,29,,30395,59,0,5,1,65,,30399,59,0,5,1,28,,30397,59,0,5,1,70,,30389,59,0,5,1,30,,30386,59,0,5,1,72,,30396,59,0,5,1,31,,30400,59,0,5,1,70,,30398,59,0,5,1
8601,'H58J000S-81-S',1655,,30403,59,0,5,1
8601,'H58J000S-83-S',1655,,30404,59,0,5,1
8601,'H58JV00S-82-S',1655,,30405,59,0,5,1
18702,'H51J000S-80-S',609,,63184,18,0,10,1
18702,'H51JV00S-84-S',609,,63185,18,0,10,1
18702,'H54J000A-80-A',456,,63189,18,0,10,1,71,,63198,18,0,10,1,31,,63207,18,0,10,1,70,,63190,18,0,10,1,30,,63199,18,0,10,1,68,,63208,18,0,10,1,25,,63191,18,0,10,1,59,,63200,18,0,10,1,18,,63213,18,0,10,1,17,,63209,18,0,10,1,57,,63211,18,0,10,2,21,,63186,18,0,10,1,21,,63214,18,0,10,1,59,,63196,18,0,10,1,19,,63212,18,0,10,2,19,,63216,18,0,10,1,59,,63192,18,0,10,1,21,,63197,18,0,10,1,21,,63217,18,0,10,1,61,,63215,18,0,10,2,22,,63193,18,0,10,1,23,,63220,18,0,10,1,61,,63201,18,0,10,1,19,,63210,18,0,10,1,19,,63194,18,0,10,1,59,,63224,18,0,10,2,19,,63221,18,0,10,1,18,,63202,18,0,10,1,58,,63222,18,0,10,1,18,,63195,18,0,10,1,24,,63225,18,0,10,2,65,,63203,18,0,10,1,29,,63223,18,0,10,1,69,,63226,18,0,10,2,29,,63204,18,0,10,1,70,,63187,18,0,10,1,30,,63227,18,0,10,2,72,,63205,18,0,10,1,32,,63188,18,0,10,1,73,,63228,18,0,10,2,33,,63206,18,0,10,1,72,,63218,18,0,10,1,30,,63229,18,0,10,2,69,,63232,18,0,10,1,30,,63219,18,0,10,1,70,,63230,18,0,10,2,31,,63233,18,0,10,1,71,,63235,18,0,10,1,31,,63231,18,0,10,2,71,,63234,18,0,10,1
18702,'H54J000I-80-I',452,,63241,18,0,10,1,73,,63254,18,0,10,2,34,,63242,18,0,10,1,71,,63255,18,0,10,2,70,,63256,18,0,10,2,33,,63243,18,0,10,1,24,,63258,18,0,10,2,61,,63257,18,0,10,2,21,,63244,18,0,10,1,64,,63262,18,0,10,2,25,,63259,18,0,10,2,25,,63249,18,0,10,1,64,,63263,18,0,10,2,18,,63273,18,0,10,1,18,,63260,18,0,10,2,68,,63261,18,0,10,1,29,,63274,18,0,10,1,70,,63246,18,0,10,2,19,,63245,18,0,10,1,17,,63275,18,0,10,2,57,,63277,18,0,10,1,17,,63236,18,0,10,1,25,,63239,18,0,10,1,68,,63276,18,0,10,2,29,,63278,18,0,10,1,72,,63237,18,0,10,1,32,,63240,18,0,10,1,72,,63279,18,0,10,1,73,,63238,18,0,10,1,33,,63248,18,0,10,1,72,,63280,18,0,10,1,33,,63250,18,0,10,1,72,,63269,18,0,10,1,29,,63264,18,0,10,1,68,,63251,18,0,10,1,27,,63270,18,0,10,1,67,,63265,18,0,10,1,27,,63252,18,0,10,1,27,,63271,18,0,10,1,67,,63266,18,0,10,1,27,,63253,18,0,10,1,73,,63272,18,0,10,1,32,,63267,18,0,10,1,73,,63247,18,0,10,2,73,,63268,18,0,10,1
18702,'H54J000S-83-S',454,,63281,18,0,10,1,55,,63282,18,0,10,1,16,,63285,18,0,10,1,14,,63297,18,0,10,2,10,,63298,18,0,10,2,10,,63308,18,0,10,1,60,,63310,18,0,10,2,10,,63312,18,0,10,1,9,,63283,18,0,10,1,6,,63315,18,0,10,2,4,,63309,1,0,10,2,2,,63316,18,0,10,1,5,,63319,18,0,10,1,2,,63322,1,0,10,2,44,,63321,18,0,10,2,5,,63323,18,0,10,2,5,,63299,18,0,10,2,4,,63329,1,0,10,2,3,,63326,18,0,10,2,6,,63328,18,0,10,2,5,,63284,1,0,10,1,5,,63330,18,0,10,1,5,,63334,18,0,10,2,6,,63311,1,0,10,2,5,,63335,18,0,10,2,9,,63337,18,0,10,2,49,,63327,1,0,10,2,2,,63342,18,0,10,2,11,,63317,18,0,10,1,11,,63289,18,0,10,2,8,,63336,18,0,10,2,10,,63300,18,0,10,2,50,,63295,18,0,10,1,11,,63320,18,0,10,2,11,,63331,18,0,10,1,12,,63290,18,0,10,2,12,,63318,18,0,10,1,55,,63296,18,0,10,1,15,,63301,18,0,10,2,15,,63313,18,0,10,1,16,,63332,18,0,10,1,55,,63305,18,0,10,1,15,,63338,18,0,10,2,15,,63314,18,0,10,1,15,,63302,18,0,10,2,56,,63306,18,0,10,1,18,,63333,18,0,10,1,18,,63339,18,0,10,2,16,,63291,18,0,10,1,56,,63303,18,0,10,2,16,,63324,18,0,10,1,16,,63307,18,0,10,1,58,,63340,18,0,10,2,19,,63292,18,0,10,1,23,,63304,18,0,10,2,64,,63325,18,0,10,1,28,,63341,18,0,10,2,68,,63343,18,0,10,2,27,,63356,18,0,10,2,28,,63293,18,0,10,1,68,,63352,18,0,10,2,30,,63351,18,0,10,2,70,,63294,18,0,10,1,29,,63353,18,0,10,2,69,,63347,18,0,10,1,30,,63355,18,0,10,1,69,,63354,18,0,10,2,30,,63348,18,0,10,1,71,,63344,18,0,10,2,30,,63286,18,0,10,1,70,,63349,18,0,10,1,31,,63345,18,0,10,2,71,,63287,18,0,10,1,30,,63350,18,0,10,1,71,,63346,18,0,10,2,32,,63288,18,0,10,1
18702,'H54JV00A-80-A',456,,63357,18,0,10,1,71,,63365,18,0,10,1,31,,63361,18,0,10,1,70,,63386,18,0,10,1,30,,63366,18,0,10,1,68,,63362,18,0,10,1,25,,63387,18,0,10,1,59,,63367,18,0,10,1,18,,63372,18,0,10,1,17,,63363,18,0,10,1,57,,63400,18,0,10,2,21,,63402,18,0,10,1,21,,63373,18,0,10,1,59,,63378,18,0,10,1,19,,63401,18,0,10,2,19,,63405,18,0,10,1,59,,63388,18,0,10,1,21,,63379,18,0,10,1,21,,63406,18,0,10,1,61,,63368,18,0,10,2,22,,63389,18,0,10,1,23,,63358,18,0,10,1,61,,63380,18,0,10,1,19,,63364,18,0,10,1,19,,63390,18,0,10,1,59,,63392,18,0,10,2,19,,63359,18,0,10,1,18,,63381,18,0,10,1,58,,63374,18,0,10,1,18,,63391,18,0,10,1,24,,63393,18,0,10,2,65,,63382,18,0,10,1,29,,63375,18,0,10,1,69,,63394,18,0,10,2,29,,63383,18,0,10,1,70,,63403,18,0,10,1,30,,63395,18,0,10,2,72,,63384,18,0,10,1,32,,63404,18,0,10,1,73,,63396,18,0,10,2,33,,63385,18,0,10,1,72,,63376,18,0,10,1,30,,63397,18,0,10,2,69,,63369,18,0,10,1,30,,63377,18,0,10,1,70,,63398,18,0,10,2,31,,63370,18,0,10,1,71,,63360,18,0,10,1,31,,63399,18,0,10,2,71,,63371,18,0,10,1
18702,'H54JV00I-80-I',452,,63424,18,0,10,1,73,,63420,18,0,10,2,34,,63425,18,0,10,1,71,,63421,18,0,10,2,70,,63428,18,0,10,2,33,,63426,18,0,10,1,24,,63431,18,0,10,2,61,,63429,18,0,10,2,21,,63427,18,0,10,1,64,,63422,18,0,10,2,25,,63432,18,0,10,2,25,,63411,18,0,10,1,64,,63423,18,0,10,2,18,,63408,18,0,10,1,18,,63433,18,0,10,2,68,,63451,18,0,10,1,29,,63409,18,0,10,1,70,,63448,18,0,10,2,19,,63407,18,0,10,1,17,,63437,18,0,10,2,57,,63439,18,0,10,1,17,,63434,18,0,10,1,25,,63449,18,0,10,1,68,,63438,18,0,10,2,29,,63440,18,0,10,1,72,,63435,18,0,10,1,32,,63450,18,0,10,1,72,,63441,18,0,10,1,73,,63436,18,0,10,1,33,,63410,18,0,10,1,72,,63442,18,0,10,1,33,,63412,18,0,10,1,72,,63416,18,0,10,1,29,,63443,18,0,10,1,68,,63413,18,0,10,1,27,,63417,18,0,10,1,67,,63444,18,0,10,1,27,,63414,18,0,10,1,27,,63418,18,0,10,1,67,,63445,18,0,10,1,27,,63415,18,0,10,1,73,,63419,18,0,10,1,32,,63446,18,0,10,1,73,,63430,18,0,10,2,73,,63447,18,0,10,1
18702,'H54JV00S-80-S',454,,63452,18,0,10,1,55,,63453,18,0,10,1,16,,63456,18,0,10,1,14,,63471,18,0,10,2,10,,63472,18,0,10,2,10,,63475,18,0,10,1,60,,63481,18,0,10,2,10,,63484,18,0,10,1,9,,63454,18,0,10,1,6,,63487,18,0,10,1,4,,63479,1,0,10,2,2,,63490,18,0,10,1,5,,63494,18,0,10,1,2,,63498,1,0,10,1,44,,63474,18,0,10,2,5,,63496,18,0,10,2,5,,63473,18,0,10,2,4,,63504,1,0,10,2,3,,63501,18,0,10,2,6,,63505,18,0,10,2,5,,63455,1,0,10,1,5,,63506,18,0,10,1,5,,63483,18,0,10,2,6,,63495,1,0,10,1,5,,63482,18,0,10,2,9,,63480,18,0,10,2,49,,63502,1,0,10,2,2,,63497,18,0,10,2,11,,63491,18,0,10,1,11,,63499,18,0,10,2,8,,63507,18,0,10,1,10,,63465,18,0,10,1,50,,63457,18,0,10,1,11,,63503,18,0,10,2,11,,63508,18,0,10,1,12,,63500,18,0,10,2,12,,63492,18,0,10,1,55,,63458,18,0,10,1,15,,63466,18,0,10,1,15,,63485,18,0,10,1,16,,63509,18,0,10,1,55,,63459,18,0,10,1,15,,63511,18,0,10,2,15,,63486,18,0,10,1,15,,63467,18,0,10,1,56,,63460,18,0,10,1,18,,63510,18,0,10,1,18,,63512,18,0,10,2,16,,63463,18,0,10,1,56,,63468,18,0,10,1,16,,63515,18,0,10,1,16,,63461,18,0,10,1,58,,63513,18,0,10,2,19,,63464,18,0,10,1,23,,63469,18,0,10,1,64,,63516,18,0,10,1,28,,63514,18,0,10,2,68,,63517,18,0,10,2,27,,63521,18,0,10,2,28,,63524,18,0,10,1,68,,63493,18,0,10,1,30,,63462,18,0,10,1,70,,63470,18,0,10,1,29,,63522,18,0,10,2,69,,63525,18,0,10,1,30,,63478,18,0,10,1,69,,63523,18,0,10,2,30,,63526,18,0,10,1,71,,63518,18,0,10,2,30,,63476,18,0,10,1,70,,63527,18,0,10,1,31,,63519,18,0,10,2,71,,63488,18,0,10,1,30,,63477,18,0,10,1,71,,63520,18,0,10,2,32,,63489,18,0,10,1
36202,'H54J000A-80-A',2552,,75240,33,0,10,1,88,,75239,33,0,10,1,85,,75237,33,0,10,1,85,,75238,33,0,10,1,42,,75241,33,0,10,1
36202,'H54J000I-80-I',2553,,75244,33,0,10,1,85,,75243,33,0,10,1,85,,75242,33,0,10,1,85,,75246,33,0,10,1,45,,75245,33,0,10,1
36202,'H54J000S-83-S',2552,,75250,33,0,10,2,85,,75251,33,0,10,1,85,,75248,33,0,10,1,86,,75247,33,0,10,1,45,,75249,33,0,10,1
36202,'H54JV00A-80-A',2552,,75256,33,0,10,1,88,,75253,33,0,10,1,85,,75254,33,0,10,1,85,,75252,33,0,10,1,42,,75255,33,0,10,1
36202,'H54JV00I-80-I',2553,,75258,33,0,10,1,85,,75260,33,0,10,1,85,,75257,33,0,10,1,85,,75261,33,0,10,1,45,,75259,33,0,10,1
36202,'H54JV00S-80-S',2552,,75264,33,0,10,2,85,,75265,33,0,10,1,85,,75266,33,0,10,1,86,,75262,33,0,10,1,45,,75263,33,0,10,1
