'26J-H60J000A-80-A',20001,64440,0,'Est',1,6400,0,'Est',1,2400,0,'Est',1,2500,0,'Est',1,6900,0,'Est',1,2900,0,'Est',1,6900,0,'Est',2,2900,0,'Est',1,6900,0,'Est',2,2900,0,'Est',1,6700,0,'Est',1,2700,0,'Est',2,6700,0,'Est',1,2700,0,'Est',1,6800,0,'Est',2,2700,0,'Est',1,6700,0,'Est',1,2800,0,'Est',2,2800,0,'Est',1,6700,0,'Est',1,2800,0,'Est',2,6800,0,'Est',1,2700,0,'Est',1,6800,0,'Est',2,2800,0,'Est',1,6700,0,'Est',1,2500,0,'Est',2,6700,0,'Est',1,2700,0,'Est',1
'26J-H60J000I-80-I',20001,74440,0,'Est',1,7000,0,'Est',2,3000,0,'Est',1,7000,0,'Est',1,3000,0,'Est',2,7000,0,'Est',1,3000,0,'Est',1,7000,0,'Est',2,3000,0,'Est',1,7000,0,'Est',1,3000,0,'Est',2,7100,0,'Est',1,3100,0,'Est',1,7100,0,'Est',2,3000,0,'Est',1,6900,0,'Est',1,3000,0,'Est',2,7000,0,'Est',1,3000,0,'Est',1,7000,0,'Est',2,3000,0,'Est',1,7000,0,'Est',1,3100,0,'Est',2,7100,0,'Est',1
'26J-H60J000S-98-S',20001,60940,0,'Est',2,3000,0,'Est',1,7100,0,'Est',1,2600,0,'Est',1,7000,0,'Est',1,3200,0,'Est',2,7200,0,'Est',1,3200,0,'Est',1,7200,0,'Est',2,3200,0,'Est',1,7300,0,'Est',1,3200,0,'Est',2,7200,0,'Est',1,3200,0,'Est',1,7100,0,'Est',2,3100,0,'Est',1,7000,0,'Est',1,2900,0,'Est',2,6800,0,'Est',1,1300,0,'Est',1,7600,0,'Est',1,3600,0,'Est',2,6200,0,'Est',1,1900,0,'Est',2,2200,0,'Est',1,5800,0,'Est',1,2500,0,'Est',1,6500,0,'Est',2,2400,0,'Est',1
'26J-H60JV00A-80-A',20001,64440,0,'Est',1,6400,0,'Est',1,2400,0,'Est',1,2500,0,'Est',1,6900,0,'Est',1,2900,0,'Est',1,6900,0,'Est',2,2900,0,'Est',1,6900,0,'Est',2,2900,0,'Est',1,6700,0,'Est',1,2700,0,'Est',2,6700,0,'Est',1,2700,0,'Est',1,6800,0,'Est',2,2700,0,'Est',1,6700,0,'Est',1,2800,0,'Est',2,2800,0,'Est',1,6700,0,'Est',1,2800,0,'Est',2,6800,0,'Est',1,2700,0,'Est',1,6800,0,'Est',2,2800,0,'Est',1,6700,0,'Est',1,2500,0,'Est',2,6700,0,'Est',1,2700,0,'Est',1
'26J-H60JV00I-80-I',20001,74440,0,'Est',1,7000,0,'Est',2,3000,0,'Est',1,7000,0,'Est',1,3000,0,'Est',2,7000,0,'Est',1,3000,0,'Est',1,7000,0,'Est',2,3000,0,'Est',1,7000,0,'Est',1,3000,0,'Est',2,7100,0,'Est',1,3100,0,'Est',1,7100,0,'Est',2,3000,0,'Est',1,6900,0,'Est',1,3000,0,'Est',2,7000,0,'Est',1,3000,0,'Est',1,7000,0,'Est',2,3000,0,'Est',1,7000,0,'Est',1,3100,0,'Est',2,7100,0,'Est',1
'26J-H60JV00S-98-S',20001,60940,0,'Est',2,3000,0,'Est',1,7100,0,'Est',1,2600,0,'Est',1,7000,0,'Est',1,3200,0,'Est',2,7200,0,'Est',1,3200,0,'Est',1,7200,0,'Est',2,3200,0,'Est',1,7300,0,'Est',1,3200,0,'Est',2,7200,0,'Est',1,3200,0,'Est',1,7100,0,'Est',2,3100,0,'Est',1,7000,0,'Est',1,2900,0,'Est',2,6800,0,'Est',1,1300,0,'Est',1,7600,0,'Est',1,3600,0,'Est',2,6200,0,'Est',1,1900,0,'Est',2,2200,0,'Est',1,5800,0,'Est',1,2500,0,'Est',1,6500,0,'Est',2,2400,0,'Est',1
'26J-H56J000A-80-A',21101,61020,0,'Est',1,3000,0,'Est',2,6800,0,'Est',1,2800,0,'Est',1,6800,0,'Est',2,2700,0,'Est',1,2700,0,'Est',2,6400,0,'Est',1,2100,0,'Est',1,6000,0,'Est',2,2100,0,'Est',2,2100,0,'Est',1,5900,0,'Est',1,2000,0,'Est',2,2020,0,'Est',1,6000,0,'Est',1,2000,0,'Est',2,2000,0,'Est',2,5900,0,'Est',1,1800,0,'Est',1,1500,0,'Est',2,1500,0,'Est',2,5500,0,'Est',1,1500,0,'Est',2,1500,0,'Est',1,1700,0,'Est',2,6000,0,'Est',2,2000,0,'Est',1,1800,0,'Est',1,5700,0,'Est',2,1700,0,'Est',2,1700,0,'Est',2,5800,0,'Est',1,1800,0,'Est',2,1800,0,'Est',2,2200,0,'Est',1,6480,0,'Est',1,2800,0,'Est',2,6900,0,'Est',1,2900,0,'Est',2,7000,0,'Est',1,3000,0,'Est',1,7000,0,'Est',1,2900,0,'Est',1,7000,0,'Est',2,3000,0,'Est',1,7000,0,'Est',1,3200,0,'Est',2,7200,0,'Est',1,2700,0,'Est',1
'26J-H56J000I-80-I',21101,60520,0,'Est',1,3100,0,'Est',2,7000,0,'Est',1,3000,0,'Est',2,7020,0,'Est',1,3100,0,'Est',2,7000,0,'Est',1,1900,0,'Est',1,1900,0,'Est',2,6000,0,'Est',2,2300,0,'Est',1,2300,0,'Est',2,6400,0,'Est',1,2200,0,'Est',2,2200,0,'Est',1,6300,0,'Est',2,2400,0,'Est',1,6600,0,'Est',2,2700,0,'Est',1,6400,0,'Est',2,2200,0,'Est',1,2000,0,'Est',2,6200,0,'Est',1,2300,0,'Est',2,2300,0,'Est',1,6300,0,'Est',2,2200,0,'Est',1,6200,0,'Est',2,2500,0,'Est',1,2800,0,'Est',2,6700,0,'Est',1,3100,0,'Est',1,6800,0,'Est',2,2800,0,'Est',1,6800,0,'Est',2,3000,0,'Est',1,7200,0,'Est',1,3100,0,'Est',2,7200,0,'Est',1,3200,0,'Est',1,7200,0,'Est',1,2680,0,'Est',2,7300,0,'Est',2
'26J-H56J000S-80-S',21101,50020,0,'Est',1,2800,0,'Est',2,3000,0,'Est',2,7120,0,'Est',1,7300,0,'Est',2,3200,0,'Est',1,7200,0,'Est',2,3200,0,'Est',1,7000,0,'Est',2,3300,0,'Est',2,7100,0,'Est',1,2900,0,'Est',2,6900,0,'Est',1,3000,0,'Est',1,7000,0,'Est',2,3000,0,'Est',1,7000,0,'Est',1,2800,0,'Est',1,6600,0,'Est',1,2800,0,'Est',1,6800,0,'Est',1,2600,0,'Est',1,7900,0,'Est',1,2000,0,'Est',2,2000,0,'Est',1,5900,0,'Est',2,2000,0,'Est',1,3000,0,'Est',2,6080,0,'Est',1,3100,0,'Est',1,7100,0,'Est',1,3100,0,'Est',1,7000,0,'Est',2,3000,0,'Est',2,6900,0,'Est',1,2900,0,'Est',1,6900,0,'Est',1,3200,0,'Est',2,7000,0,'Est',1,2800,0,'Est',1,6300,0,'Est',2,1700,0,'Est',1
'26J-H56JV00A-80-A',21101,61020,0,'Est',1,3000,0,'Est',2,6800,0,'Est',1,2800,0,'Est',1,6800,0,'Est',2,2700,0,'Est',1,2700,0,'Est',2,6400,0,'Est',1,2100,0,'Est',1,6000,0,'Est',2,2100,0,'Est',2,2100,0,'Est',1,5900,0,'Est',1,2000,0,'Est',2,2020,0,'Est',1,6000,0,'Est',1,2000,0,'Est',2,2000,0,'Est',2,5900,0,'Est',1,1800,0,'Est',1,1500,0,'Est',2,1500,0,'Est',2,5500,0,'Est',1,1500,0,'Est',2,1500,0,'Est',1,1700,0,'Est',2,6000,0,'Est',2,2000,0,'Est',1,1800,0,'Est',1,5700,0,'Est',2,1700,0,'Est',2,1700,0,'Est',2,5800,0,'Est',1,1800,0,'Est',2,1800,0,'Est',2,2200,0,'Est',1,6480,0,'Est',1,2800,0,'Est',2,6900,0,'Est',1,2900,0,'Est',2,7000,0,'Est',1,3000,0,'Est',1,7000,0,'Est',1,2900,0,'Est',1,7000,0,'Est',2,3000,0,'Est',1,7000,0,'Est',1,3200,0,'Est',2,7200,0,'Est',1,2700,0,'Est',1
'26J-H56JV00I-80-I',21101,60520,0,'Est',1,3100,0,'Est',2,7000,0,'Est',1,3000,0,'Est',2,7020,0,'Est',1,3100,0,'Est',2,7000,0,'Est',1,1900,0,'Est',1,1900,0,'Est',2,6000,0,'Est',2,2300,0,'Est',1,2300,0,'Est',2,6400,0,'Est',1,2200,0,'Est',2,2200,0,'Est',1,6300,0,'Est',2,2400,0,'Est',1,6600,0,'Est',2,2700,0,'Est',1,6400,0,'Est',2,2200,0,'Est',1,2000,0,'Est',2,6200,0,'Est',1,2300,0,'Est',2,2300,0,'Est',1,6300,0,'Est',2,2200,0,'Est',1,6200,0,'Est',2,2500,0,'Est',1,2800,0,'Est',2,6700,0,'Est',1,3100,0,'Est',1,6800,0,'Est',2,2800,0,'Est',1,6800,0,'Est',2,3000,0,'Est',1,7200,0,'Est',1,3100,0,'Est',2,7200,0,'Est',1,3200,0,'Est',1,7200,0,'Est',1,2680,0,'Est',2,7300,0,'Est',2
'26J-H56JV00S-80-S',21101,50020,0,'Est',1,2800,0,'Est',1,3000,0,'Est',2,7120,0,'Est',1,7300,0,'Est',2,3200,0,'Est',1,7200,0,'Est',2,3200,0,'Est',1,7000,0,'Est',2,3300,0,'Est',1,7100,0,'Est',1,2900,0,'Est',2,6900,0,'Est',1,3000,0,'Est',1,7000,0,'Est',2,3000,0,'Est',1,7000,0,'Est',1,2800,0,'Est',1,6600,0,'Est',1,2800,0,'Est',1,6800,0,'Est',1,2600,0,'Est',1,7900,0,'Est',1,2000,0,'Est',1,2000,0,'Est',1,5900,0,'Est',1,2000,0,'Est',1,3000,0,'Est',2,6080,0,'Est',1,3100,0,'Est',1,7100,0,'Est',1,3100,0,'Est',1,7000,0,'Est',1,3000,0,'Est',1,6900,0,'Est',1,2900,0,'Est',1,6900,0,'Est',1,3200,0,'Est',2,7000,0,'Est',1,2800,0,'Est',1,6300,0,'Est',1,1700,0,'Est',1
'26J-H60J000S-98-S',21101,154640,0,'Est',2
'26J-H60JV00S-98-S',21101,154640,0,'Est',2
'26J-H56J000S-80-S',40501,55340,0,'Est',2,5800,0,'Est',1,2000,0,'Est',1,2100,0,'Est',1,6100,0,'Est',2,2000,0,'Est',2,2310,0,'Est',2,5990,0,'Est',1,2500,0,'Est',1,1800,0,'Est',1,5800,0,'Est',1,1900,0,'Est',2,1900,0,'Est',1,6000,0,'Est',2,2100,0,'Est',1,2300,0,'Est',1,6300,0,'Est',1,2100,0,'Est',2,6400,0,'Est',1,2000,0,'Est',2,1700,0,'Est',2,5900,0,'Est',1,2000,0,'Est',1,2000,0,'Est',2,6300,0,'Est',1,1900,0,'Est',2,1800,0,'Est',2,6500,0,'Est',1,800,0,'Est',1,2000,0,'Est',2,1900,0,'Est',1,6100,0,'Est',1,1900,0,'Est',1,1900,0,'Est',2,6100,0,'Est',1,1900,0,'Est',1,1000,0,'Est',1,6200,0,'Est',1,1800,0,'Est',1,1700,0,'Est',2,1600,0,'Est',2,5700,0,'Est',1
'26J-H56JV00S-80-S',40501,55340,0,'Est',2,5800,0,'Est',1,2000,0,'Est',1,2100,0,'Est',1,6100,0,'Est',2,2000,0,'Est',2,2310,0,'Est',1,5990,0,'Est',1,2500,0,'Est',1,1800,0,'Est',1,5800,0,'Est',1,1900,0,'Est',2,1900,0,'Est',1,6000,0,'Est',1,2100,0,'Est',1,2300,0,'Est',1,6300,0,'Est',1,2100,0,'Est',2,6400,0,'Est',1,2000,0,'Est',1,1700,0,'Est',2,5900,0,'Est',1,2000,0,'Est',1,2000,0,'Est',2,6300,0,'Est',1,1900,0,'Est',1,1800,0,'Est',2,6500,0,'Est',1,800,0,'Est',1,2000,0,'Est',2,1900,0,'Est',1,6100,0,'Est',1,1900,0,'Est',1,1900,0,'Est',2,6100,0,'Est',1,1900,0,'Est',1,1000,0,'Est',1,6200,0,'Est',1,1800,0,'Est',1,1700,0,'Est',1,1600,0,'Est',1,5700,0,'Est',1
