3204,'H54U000A-80-A',523,,226657,29,0,9,1,30,,226666,29,0,9,1,72,,226659,29,0,9,2,12,,226668,29,0,9,2,67,,226663,29,0,9,1,29,,226667,29,0,9,1,67,,226660,29,0,9,2,28,,226669,29,0,9,2,28,,226680,29,0,9,1,63,,226664,29,0,9,1,23,,226678,29,0,9,2,64,,226661,29,0,9,2,21,,226689,29,0,9,1,20,,226670,29,0,9,2,61,,226665,29,0,9,1,20,,226681,29,0,9,1,18,,226679,29,0,9,2,59,,226662,29,0,9,2,18,,226698,29,0,9,2,18,,226690,29,0,9,1,59,,226671,29,0,9,2,19,,226705,29,0,9,2,18,,226682,29,0,9,1,17,,226658,29,0,9,1,58,,226693,29,0,9,1,19,,226699,29,0,9,2,19,,226691,29,0,9,1,59,,226672,29,0,9,2,19,,226706,29,0,9,2,20,,226683,29,0,9,1,60,,226694,29,0,9,1,20,,226700,29,0,9,2,20,,226692,29,0,9,1,60,,226673,29,0,9,2,21,,226707,29,0,9,2,22,,226684,29,0,9,1,66,,226695,29,0,9,1,29,,226701,29,0,9,2,69,,226674,29,0,9,2,25,,226685,29,0,9,1,70,,226696,29,0,9,1,30,,226702,29,0,9,2,70,,226675,29,0,9,2,29,,226686,29,0,9,1,71,,226697,29,0,9,1,32,,226703,29,0,9,2,72,,226676,29,0,9,2,30,,226687,29,0,9,1,69,,226704,29,0,9,2,29,,226677,29,0,9,2,68,,226688,29,0,9,1,30,,226708,29,0,9,1
3204,'H54U000I-80-I',519,,226709,29,0,9,1,30,,226718,29,0,9,1,71,,226715,29,0,9,1,16,,226732,29,0,9,1,17,,226710,29,0,9,1,69,,226719,29,0,9,1,31,,226716,29,0,9,1,74,,226711,29,0,9,1,32,,226720,29,0,9,1,71,,226717,29,0,9,1,71,,226734,29,0,9,1,23,,226733,29,0,9,1,21,,226712,29,0,9,1,64,,226721,29,0,9,1,26,,226743,29,0,9,2,19,,226747,29,0,9,1,59,,226735,29,0,9,1,19,,226713,29,0,9,1,19,,226729,29,0,9,2,59,,226722,29,0,9,1,20,,226744,29,0,9,2,20,,226748,29,0,9,1,60,,226736,29,0,9,1,20,,226714,29,0,9,1,20,,226730,29,0,9,2,61,,226723,29,0,9,1,24,,226745,29,0,9,2,24,,226749,29,0,9,1,64,,226737,29,0,9,1,25,,226731,29,0,9,2,66,,226724,29,0,9,1,26,,226746,29,0,9,2,63,,226750,29,0,9,1,23,,226738,29,0,9,1,24,,226756,29,0,9,2,63,,226725,29,0,9,1,30,,226751,29,0,9,1,73,,226739,29,0,9,1,33,,226726,29,0,9,1,71,,226752,29,0,9,1,31,,226740,29,0,9,1,73,,226727,29,0,9,1,29,,226753,29,0,9,1,67,,226741,29,0,9,1,28,,226755,29,0,9,2,66,,226728,29,0,9,1,27,,226754,29,0,9,1,67,,226742,29,0,9,1
3204,'H54U000S-81-S',524,,226761,29,0,9,1,22,,226767,29,0,9,2,63,,226772,29,0,9,2,25,,226763,29,0,9,2,14,,226775,29,0,9,1,52,,226762,29,0,9,1,16,,226782,29,0,9,1,13,,226785,29,0,9,2,13,,226768,29,0,9,2,12,,226787,29,0,9,2,52,,226773,29,0,9,2,11,,226795,29,0,9,1,11,,226803,29,0,9,2,10,,226764,29,0,9,2,9,,226774,29,0,9,2,11,,226776,29,0,9,1,52,,226794,29,0,9,2,12,,226783,29,0,9,1,11,,226786,29,0,9,2,11,,226757,29,0,9,1,12,,226788,29,0,9,2,59,,226796,29,0,9,1,19,,226765,29,0,9,2,20,,226777,29,0,9,1,60,,226784,29,0,9,1,20,,226758,29,0,9,1,23,,226789,29,0,9,2,60,,226797,29,0,9,1,16,,226769,29,0,9,1,15,,226766,29,0,9,2,56,,226778,29,0,9,1,17,,226804,29,0,9,2,18,,226759,29,0,9,1,19,,226790,29,0,9,2,59,,226798,29,0,9,1,21,,226770,29,0,9,1,21,,226779,29,0,9,1,60,,226805,29,0,9,2,19,,226760,29,0,9,1,17,,226807,29,0,9,2,55,,226791,29,0,9,2,17,,226799,29,0,9,1,6,,226812,29,0,9,2,18,,226771,29,0,9,1,59,,226780,29,0,9,1,22,,226808,29,0,9,2,23,,226813,29,0,9,1,66,,226792,29,0,9,2,26,,226800,29,0,9,1,62,,226781,29,0,9,1,24,,226809,29,0,9,2,25,,226814,29,0,9,1,65,,226793,29,0,9,2,29,,226801,29,0,9,1,68,,226810,29,0,9,2,29,,226815,29,0,9,1,70,,226818,29,0,9,2,28,,226802,29,0,9,1,66,,226806,29,0,9,1,30,,226816,29,0,9,1,67,,226819,29,0,9,2,29,,226811,29,0,9,2,69,,226817,29,0,9,1
3204,'H54U100F-80-F1',519,,226820,29,0,9,1,30,,226829,29,0,9,1,71,,226826,29,0,9,1,16,,226843,29,0,9,1,17,,226821,29,0,9,1,69,,226830,29,0,9,1,31,,226827,29,0,9,1,74,,226822,29,0,9,1,32,,226831,29,0,9,1,71,,226828,29,0,9,1,71,,226845,29,0,9,1,23,,226844,29,0,9,1,21,,226823,29,0,9,1,64,,226832,29,0,9,1,26,,226854,29,0,9,2,19,,226858,29,0,9,1,59,,226846,29,0,9,1,19,,226824,29,0,9,1,19,,226840,29,0,9,2,59,,226833,29,0,9,1,20,,226855,29,0,9,2,20,,226859,29,0,9,1,60,,226847,29,0,9,1,20,,226825,29,0,9,1,20,,226841,29,0,9,2,61,,226834,29,0,9,1,24,,226856,29,0,9,2,24,,226860,29,0,9,1,64,,226848,29,0,9,1,25,,226842,29,0,9,2,66,,226835,29,0,9,1,26,,226857,29,0,9,2,63,,226861,29,0,9,1,23,,226849,29,0,9,1,24,,226867,29,0,9,2,63,,226836,29,0,9,1,30,,226862,29,0,9,1,73,,226850,29,0,9,1,33,,226837,29,0,9,1,71,,226863,29,0,9,1,31,,226851,29,0,9,1,73,,226838,29,0,9,1,29,,226864,29,0,9,1,67,,226852,29,0,9,1,28,,226866,29,0,9,2,66,,226839,29,0,9,1,27,,226865,29,0,9,1,67,,226853,29,0,9,1
3204,'H54U200F-82-F2',519,,226878,29,0,9,1,30,,226886,29,0,9,2,71,,226868,29,0,9,2,16,,226899,29,0,9,1,17,,226879,29,0,9,1,69,,226887,29,0,9,2,31,,226869,29,0,9,2,74,,226880,29,0,9,1,32,,226888,29,0,9,2,71,,226870,29,0,9,2,71,,226900,29,0,9,1,23,,226896,29,0,9,1,21,,226881,29,0,9,1,64,,226889,29,0,9,2,26,,226871,29,0,9,2,19,,226908,29,0,9,1,59,,226901,29,0,9,1,19,,226897,29,0,9,1,19,,226882,29,0,9,1,59,,226890,29,0,9,2,20,,226872,29,0,9,2,20,,226909,29,0,9,1,60,,226902,29,0,9,1,20,,226898,29,0,9,1,20,,226883,29,0,9,1,61,,226891,29,0,9,2,24,,226873,29,0,9,2,24,,226910,29,0,9,1,64,,226903,29,0,9,1,25,,226884,29,0,9,1,66,,226892,29,0,9,2,26,,226874,29,0,9,2,63,,226911,29,0,9,1,23,,226904,29,0,9,1,24,,226885,29,0,9,2,63,,226893,29,0,9,2,30,,226912,29,0,9,1,73,,226905,29,0,9,1,33,,226894,29,0,9,2,71,,226913,29,0,9,1,31,,226906,29,0,9,1,73,,226895,29,0,9,2,29,,226914,29,0,9,1,67,,226907,29,0,9,1,28,,226876,29,0,9,1,66,,226875,29,0,9,1,27,,226915,29,0,9,1,67,,226877,29,0,9,1
35302,'H54U000A-80-A',2533,,276708,53,0,10,1,85,,276707,53,0,10,1,85,,276710,53,0,10,2,45,,276709,53,0,10,1,85,,276706,53,0,10,1
35302,'H54U000I-80-I',2533,,276711,53,0,10,1,85,,276714,53,0,10,1,86,,276715,53,0,10,1,45,,276712,53,0,10,2,85,,276713,53,0,10,1
35302,'H54U000S-81-S',2530,,276719,53,0,10,1,85,,276717,53,0,10,1,85,,276716,53,0,10,1,46,,276718,53,0,10,1,85,,276720,53,0,10,1
35302,'H54U100F-80-F1',2533,,276721,53,0,10,1,85,,276724,53,0,10,1,86,,276725,53,0,10,1,45,,276722,53,0,10,2,85,,276723,53,0,10,1
35302,'H54U200F-82-F2',2533,,276727,53,0,10,1,85,,276730,53,0,10,1,86,,276729,53,0,10,1,45,,276726,53,0,10,2,85,,276728,53,0,10,1
81102,'H59U000S-80-S',552,,286697,14,0,10,1,71,,286701,14,0,10,1,20,,286698,14,0,10,1,59,,286705,14,0,10,1,24,,286702,14,0,10,1,21,,286699,14,0,10,1,62,,286706,14,0,10,1,21,,286703,14,0,10,1,18,,286700,14,0,10,1,60,,286707,14,0,10,1,19,,286710,14,0,10,1,20,,286704,14,0,10,1,60,,286708,14,0,10,1,30,,286711,14,0,10,1,70,,286709,14,0,10,1,30,,286712,14,0,10,1,70,,286716,14,0,10,1,30,,286713,14,0,10,1,70,,286717,14,0,10,1,30,,286714,14,0,10,1,70,,286718,14,0,10,1,30,,286715,14,0,10,1,71,,286719,14,0,10,1,30,,286722,14,0,10,1,62,,286727,14,0,10,1,24,,286720,14,0,10,1,21,,286723,14,0,10,1,57,,286728,14,0,10,1,18,,286730,14,0,10,1,17,,286721,14,0,10,1,15,,286724,14,0,10,1,56,,286729,14,0,10,1,19,,286731,14,0,10,1,25,,286725,14,0,10,1,70,,286732,14,0,10,1,30,,286726,14,0,10,1,70,,286733,14,0,10,1
