19501,'H56J000A-80-A',508,,65993,35,0,5,1,30,,65960,35,0,5,2,70,,65969,35,0,5,1,30,,65995,35,0,5,1,69,,65994,35,0,5,1,30,,65961,35,0,5,2,72,,65970,35,0,5,1,31,,65996,35,0,5,1,70,,65987,35,0,5,1,30,,65962,35,0,5,2,71,,65971,35,0,5,1,32,,65979,35,0,5,2,71,,65988,35,0,5,1,30,,65963,35,0,5,2,70,,65972,35,0,5,1,31,,65980,35,0,5,2,71,,65989,35,0,5,1,30,,65964,35,0,5,2,70,,65973,35,0,5,1,34,,65981,35,0,5,2,70,,65990,35,0,5,1,31,,65965,35,0,5,2,72,,65974,35,0,5,1,31,,65982,35,0,5,2,70,,65991,35,0,5,1,29,,65966,35,0,5,2,70,,65975,35,0,5,1,28,,65983,35,0,5,2,69,,65992,35,0,5,1,29,,65967,35,0,5,2,69,,65976,35,0,5,1,29,,65984,35,0,5,2,69,,65997,35,0,5,1,29,,65968,35,0,5,2,69,,65977,35,0,5,1,29,,65985,35,0,5,2,70,,65998,35,0,5,1,30,,66000,35,0,5,2,69,,65978,35,0,5,1,29,,65986,35,0,5,2,69,,66001,35,0,5,2,28,,65999,35,0,5,1
19501,'H56J000I-80-I',509,,66011,35,0,5,2,30,,66007,35,0,5,1,70,,66004,35,0,5,2,30,,66002,35,0,5,1,70,,66012,35,0,5,2,30,,66008,35,0,5,1,70,,66005,35,0,5,2,29,,66003,35,0,5,1,69,,66013,35,0,5,2,30,,66010,35,0,5,1,69,,66006,35,0,5,2,32,,66009,35,0,5,1,72,,66014,35,0,5,2,32,,66026,35,0,5,1,71,,66019,35,0,5,1,31,,66033,35,0,5,2,70,,66015,35,0,5,2,30,,66027,35,0,5,1,70,,66020,35,0,5,1,30,,66034,35,0,5,2,71,,66016,35,0,5,2,31,,66028,35,0,5,1,70,,66021,35,0,5,1,30,,66035,35,0,5,2,70,,66017,35,0,5,2,31,,66029,35,0,5,1,70,,66022,35,0,5,1,30,,66036,35,0,5,2,67,,66018,35,0,5,2,29,,66030,35,0,5,1,68,,66023,35,0,5,1,30,,66037,35,0,5,2,70,,66040,35,0,5,2,31,,66031,35,0,5,1,71,,66024,35,0,5,1,30,,66038,35,0,5,1,70,,66041,35,0,5,2,29,,66032,35,0,5,1,70,,66025,35,0,5,1,30,,66039,35,0,5,1,70,,66042,35,0,5,2
19501,'H56J000S-80-S',458,,66045,35,0,5,1,72,,66076,35,0,5,1,74,,66052,35,0,5,2,33,,66075,35,0,5,1,73,,66080,35,0,5,1,104,,66053,35,0,5,2,24,,66059,35,0,5,2,70,,66062,35,0,5,1,30,,66069,35,0,5,1,71,,66078,35,0,5,1,31,,66060,35,0,5,2,71,,66063,35,0,5,1,30,,66070,35,0,5,1,71,,66079,35,0,5,1,30,,66061,35,0,5,2,72,,66064,35,0,5,1,33,,66071,35,0,5,1,171,,66054,35,0,5,1,26,,66046,35,0,5,2,66,,66050,35,0,5,1,27,,66055,35,0,5,1,70,,66066,35,0,5,2,25,,66077,35,0,5,1,27,,66081,35,0,5,1,68,,66051,35,0,5,1,25,,66056,35,0,5,1,69,,66067,35,0,5,2,29,,66072,35,0,5,1,69,,66047,35,0,5,1,27,,66057,35,0,5,1,69,,66068,35,0,5,2,28,,66073,35,0,5,1,70,,66048,35,0,5,1,29,,66058,35,0,5,1,67,,66065,35,0,5,1,28,,66074,35,0,5,1,68,,66049,35,0,5,1,33,,66044,35,0,5,2,74,,66043,35,0,5,1
19501,'H56JV00A-80-A',508,,66115,35,0,5,1,30,,66082,35,0,5,2,70,,66091,35,0,5,1,30,,66117,35,0,5,1,69,,66116,35,0,5,1,30,,66083,35,0,5,2,72,,66092,35,0,5,1,31,,66118,35,0,5,1,70,,66109,35,0,5,1,30,,66084,35,0,5,2,71,,66093,35,0,5,1,32,,66101,35,0,5,2,71,,66110,35,0,5,1,30,,66085,35,0,5,2,70,,66094,35,0,5,1,31,,66102,35,0,5,2,71,,66111,35,0,5,1,30,,66086,35,0,5,2,70,,66095,35,0,5,1,34,,66103,35,0,5,2,70,,66112,35,0,5,1,31,,66087,35,0,5,2,72,,66096,35,0,5,1,31,,66104,35,0,5,2,70,,66113,35,0,5,1,29,,66088,35,0,5,2,70,,66097,35,0,5,1,28,,66105,35,0,5,2,69,,66114,35,0,5,1,29,,66089,35,0,5,2,69,,66098,35,0,5,1,29,,66106,35,0,5,2,69,,66119,35,0,5,1,29,,66090,35,0,5,2,69,,66099,35,0,5,1,29,,66107,35,0,5,2,70,,66120,35,0,5,1,30,,66122,35,0,5,2,69,,66100,35,0,5,1,29,,66108,35,0,5,2,69,,66123,35,0,5,2,28,,66121,35,0,5,1
19501,'H56JV00I-80-I',509,,66133,35,0,5,2,30,,66129,35,0,5,1,70,,66126,35,0,5,2,30,,66124,35,0,5,1,70,,66134,35,0,5,2,30,,66130,35,0,5,1,70,,66127,35,0,5,2,29,,66125,35,0,5,1,69,,66135,35,0,5,2,30,,66132,35,0,5,1,69,,66128,35,0,5,2,32,,66131,35,0,5,1,72,,66136,35,0,5,2,32,,66148,35,0,5,1,71,,66141,35,0,5,1,31,,66155,35,0,5,2,70,,66137,35,0,5,2,30,,66149,35,0,5,1,70,,66142,35,0,5,1,30,,66156,35,0,5,2,71,,66138,35,0,5,2,31,,66150,35,0,5,1,70,,66143,35,0,5,1,30,,66157,35,0,5,2,70,,66139,35,0,5,2,31,,66151,35,0,5,1,70,,66144,35,0,5,1,30,,66158,35,0,5,2,67,,66140,35,0,5,2,29,,66152,35,0,5,1,68,,66145,35,0,5,1,30,,66159,35,0,5,2,70,,66162,35,0,5,2,31,,66153,35,0,5,1,71,,66146,35,0,5,1,30,,66160,35,0,5,1,70,,66163,35,0,5,2,29,,66154,35,0,5,1,70,,66147,35,0,5,1,30,,66161,35,0,5,1,70,,66164,35,0,5,2
19501,'H56JV00S-80-S',458,,66167,35,0,5,1,72,,66198,35,0,5,1,74,,66174,35,0,5,2,33,,66197,35,0,5,1,73,,66202,35,0,5,1,104,,66175,35,0,5,2,24,,66181,35,0,5,2,70,,66184,35,0,5,1,30,,66191,35,0,5,1,71,,66200,35,0,5,1,31,,66182,35,0,5,2,71,,66185,35,0,5,1,30,,66192,35,0,5,1,71,,66201,35,0,5,1,30,,66183,35,0,5,2,72,,66186,35,0,5,1,33,,66193,35,0,5,1,171,,66176,35,0,5,1,26,,66168,35,0,5,2,66,,66172,35,0,5,1,27,,66177,35,0,5,1,70,,66188,35,0,5,2,25,,66199,35,0,5,1,27,,66203,35,0,5,1,68,,66173,35,0,5,1,25,,66178,35,0,5,1,69,,66189,35,0,5,2,29,,66194,35,0,5,1,69,,66169,35,0,5,1,27,,66179,35,0,5,1,69,,66190,35,0,5,2,28,,66195,35,0,5,1,70,,66170,35,0,5,1,29,,66180,35,0,5,1,67,,66187,35,0,5,1,28,,66196,35,0,5,1,68,,66171,35,0,5,1,33,,66166,35,0,5,1,74,,66165,35,0,5,1
19501,'H58J000S-81-S',744,,66204,35,0,5,2,674,,66205,35,0,5,2
19501,'H58J000S-83-S',744,,66206,35,0,5,2,674,,66207,35,0,5,2
19501,'H58JV00S-82-S',744,,66208,35,0,5,2,674,,66209,35,0,5,2
19501,'H60J000S-98-S',1449,,66210,35,0,5,1
19501,'H60JV00S-98-S',1449,,66211,35,0,5,1
