3104,'H51M000A-70-A',519,,94171,18,0,9,1,32,,94185,18,0,9,2,72,,94172,18,0,9,1,30,,94186,18,0,9,2,70,,94173,18,0,9,1,30,,94187,18,0,9,2,72,,94174,18,0,9,1,31,,94188,18,0,9,2,70,,94175,18,0,9,1,30,,94189,18,0,9,2,70,,94176,18,0,9,1,32,,94190,18,0,9,2,72,,94177,18,0,9,1,73,,94191,18,0,9,2,32,,94178,18,0,9,1,73,,94192,18,0,9,2,32,,94179,18,0,9,1,73,,94193,18,0,9,2,31,,94180,18,0,9,1,73,,94194,18,0,9,2,33,,94181,18,0,9,1,73,,94195,18,0,9,2,33,,94182,18,0,9,1,72,,94196,18,0,9,2,72,,94183,18,0,9,1,31,,94197,18,0,9,2,69,,94184,18,0,9,1,28,,94198,18,0,9,2
3104,'H51M000I-70-I',516,,94199,18,0,9,2,33,,94208,18,0,9,1,73,,94200,18,0,9,2,33,,94209,18,0,9,1,70,,94201,18,0,9,2,30,,94210,18,0,9,1,71,,94202,18,0,9,2,33,,94211,18,0,9,1,70,,94203,18,0,9,2,30,,94212,18,0,9,1,70,,94204,18,0,9,2,30,,94213,18,0,9,1,70,,94205,18,0,9,2,30,,94214,18,0,9,1,70,,94206,18,0,9,2,30,,94215,18,0,9,1,70,,94207,18,0,9,2,30,,94216,18,0,9,1,70,,94221,18,0,9,1,30,,94217,18,0,9,1,70,,94222,18,0,9,1,30,,94218,18,0,9,1,70,,94223,18,0,9,1,30,,94219,18,0,9,1,70,,94224,18,0,9,1,30,,94220,18,0,9,1,70,,94225,18,0,9,1,30,,94227,18,0,9,2,70,,94226,18,0,9,1
3104,'H51M000S-70-S',518,,94234,18,0,9,1,28,,94243,18,0,9,1,70,,94235,18,0,9,1,32,,94249,18,0,9,2,78,,94236,18,0,9,1,74,,94250,18,0,9,2,35,,94237,18,0,9,1,72,,94228,18,0,9,1,31,,94238,18,0,9,1,71,,94229,18,0,9,1,31,,94239,18,0,9,1,71,,94230,18,0,9,1,31,,94240,18,0,9,1,73,,94231,18,0,9,1,27,,94241,18,0,9,1,67,,94257,18,0,9,1,27,,94232,18,0,9,1,67,,94242,18,0,9,1,28,,94258,18,0,9,1,74,,94233,18,0,9,1,33,,94259,18,0,9,1,66,,94265,18,0,9,2,34,,94263,18,0,9,2,72,,94260,18,0,9,1,33,,94266,18,0,9,2,102,,94267,18,0,9,1,73,,94264,18,0,9,2,33,,94244,18,0,9,1,73,,94251,18,0,9,1,30,,94245,18,0,9,1,67,,94252,18,0,9,1,28,,94246,18,0,9,1,67,,94253,18,0,9,1,28,,94247,18,0,9,1,68,,94254,18,0,9,1,28,,94248,18,0,9,1,67,,94255,18,0,9,1,27,,94261,18,0,9,2,67,,94256,18,0,9,1,32,,94262,18,0,9,2
3104,'H51M100F-70-F1',516,,94268,18,0,9,2,33,,94277,18,0,9,1,73,,94269,18,0,9,2,33,,94278,18,0,9,1,70,,94270,18,0,9,2,30,,94279,18,0,9,1,71,,94271,18,0,9,2,33,,94280,18,0,9,1,70,,94272,18,0,9,2,30,,94281,18,0,9,1,70,,94273,18,0,9,2,30,,94282,18,0,9,1,70,,94274,18,0,9,2,30,,94283,18,0,9,1,70,,94275,18,0,9,2,30,,94284,18,0,9,1,70,,94276,18,0,9,2,30,,94285,18,0,9,1,70,,94290,18,0,9,1,30,,94287,18,0,9,1,70,,94291,18,0,9,1,30,,94286,18,0,9,1,70,,94292,18,0,9,1,30,,94288,18,0,9,1,70,,94293,18,0,9,1,30,,94289,18,0,9,1,70,,94294,18,0,9,1,30,,94296,18,0,9,2,70,,94295,18,0,9,1
3104,'H51M200F-70-F2',516,,94297,18,0,9,2,33,,94306,18,0,9,1,73,,94298,18,0,9,2,33,,94307,18,0,9,1,70,,94299,18,0,9,2,30,,94308,18,0,9,1,71,,94300,18,0,9,2,33,,94309,18,0,9,1,70,,94301,18,0,9,2,30,,94310,18,0,9,1,70,,94302,18,0,9,2,30,,94311,18,0,9,1,70,,94303,18,0,9,2,30,,94312,18,0,9,1,70,,94304,18,0,9,2,30,,94313,18,0,9,1,70,,94305,18,0,9,2,30,,94314,18,0,9,1,70,,94319,18,0,9,1,30,,94315,18,0,9,1,70,,94320,18,0,9,1,30,,94316,18,0,9,1,70,,94321,18,0,9,1,30,,94317,18,0,9,1,70,,94322,18,0,9,1,30,,94318,18,0,9,1,70,,94323,18,0,9,1,30,,94325,18,0,9,2,70,,94324,18,0,9,1
3104,'H51M300F-80-F3',501,,166189,19,0,9,2,38,,166203,19,0,9,1,78,,166190,19,0,9,2,38,,166204,19,0,9,1,77,,166191,19,0,9,2,78,,166205,19,0,9,1,40,,166192,19,0,9,2,77,,166206,19,0,9,1,78,,166193,19,0,9,2,39,,166207,19,0,9,1,78,,166194,19,0,9,2,33,,166216,19,0,9,1,73,,166208,19,0,9,1,73,,166195,19,0,9,2,33,,166217,19,0,9,1,73,,166209,19,0,9,1,33,,166196,19,0,9,2,73,,166218,19,0,9,1,33,,166210,19,0,9,1,73,,166197,19,0,9,2,33,,166219,19,0,9,1,73,,166211,19,0,9,1,33,,166198,19,0,9,2,73,,166220,19,0,9,1,73,,166212,19,0,9,1,33,,166199,19,0,9,2,73,,166221,19,0,9,1,33,,166213,19,0,9,1,72,,166200,19,0,9,2,30,,166222,19,0,9,1,70,,166214,19,0,9,1,30,,166201,19,0,9,2,70,,166223,19,0,9,1,30,,166215,19,0,9,1,70,,166202,19,0,9,2
3104,'H54M000S-70-S',1816,,94355,18,0,9,1
36104,'H51M000A-70-A',2426,,154649,17,0,9,2,85,,154642,17,0,9,1,46,,154645,17,0,9,1,70,,154644,17,0,9,1,29,,154643,17,0,9,1,70,,154648,17,0,9,1,30,,154647,17,0,9,1,68,,154646,17,0,9,1
36104,'H51M000I-70-I',2440,,154654,17,0,9,2,71,,154650,17,0,9,1,30,,154651,17,0,9,1,82,,154655,17,0,9,2,85,,154652,17,0,9,1,45,,154656,17,0,9,2,85,,154653,17,0,9,1
36104,'H51M000S-70-S',2433,,154661,17,0,9,2,78,,154657,17,0,9,1,35,,154660,17,0,9,1,60,,154658,17,0,9,1,20,,154662,17,0,9,2,21,,154663,17,0,9,2,72,,154665,17,0,9,2,33,,154659,17,0,9,1,85,,154664,17,0,9,2
36104,'H51M100F-70-F1',2440,,154670,17,0,9,2,71,,154666,17,0,9,1,30,,154667,17,0,9,1,82,,154671,17,0,9,2,85,,154668,17,0,9,1,45,,154672,17,0,9,2,85,,154669,17,0,9,1
36104,'H51M200F-70-F2',2440,,154677,17,0,9,2,71,,154673,17,0,9,1,30,,154674,17,0,9,1,82,,154678,17,0,9,2,85,,154675,17,0,9,1,45,,154679,17,0,9,2,85,,154676,17,0,9,1
36104,'H51M300F-80-F3',2440,,175870,17,0,9,1,71,,175869,17,0,9,1,30,,175873,17,0,9,2,82,,175871,17,0,9,1,85,,175874,17,0,9,2,45,,175872,17,0,9,1,85,,175875,17,0,9,2
