8502,'H59J000A-80-A',521,,29965,38,0,10,2,80,,29966,38,0,10,1,42,,29975,38,0,10,1,80,,29969,38,0,10,1,81,,29967,38,0,10,1,42,,29976,38,0,10,1,82,,29970,38,0,10,1,82,,29968,38,0,10,1,42,,29988,38,0,10,1,82,,29971,38,0,10,1,82,,29992,38,0,10,2,42,,29989,38,0,10,1,81,,29972,38,0,10,1,75,,29980,38,0,10,1,34,,29986,38,0,10,1,74,,29990,38,0,10,1,34,,29973,38,0,10,1,74,,29981,38,0,10,1,73,,29987,38,0,10,1,33,,29991,38,0,10,1,74,,29974,38,0,10,1,34,,29982,38,0,10,1,80,,29993,38,0,10,2,82,,29977,38,0,10,1,43,,29983,38,0,10,1,85,,29994,38,0,10,2,85,,29978,38,0,10,1,85,,29984,38,0,10,1,44,,29995,38,0,10,2,83,,29979,38,0,10,1,85,,29985,38,0,10,1
8502,'H59J000I-80-I',534,,29996,38,0,10,1,83,,30000,38,0,10,2,85,,30006,38,0,10,1,46,,30015,38,0,10,1,83,,30017,38,0,10,2,83,,30007,38,0,10,1,43,,30016,38,0,10,1,82,,30018,38,0,10,2,81,,30008,38,0,10,1,80,,30002,38,0,10,1,40,,30019,38,0,10,2,81,,30009,38,0,10,1,33,,29997,38,0,10,2,72,,30003,38,0,10,1,33,,30020,38,0,10,2,72,,30010,38,0,10,1,72,,29998,38,0,10,2,32,,30004,38,0,10,1,69,,30021,38,0,10,2,32,,30011,38,0,10,1,72,,29999,38,0,10,2,32,,30005,38,0,10,1,73,,30014,38,0,10,1,33,,30026,38,0,10,1,78,,30022,38,0,10,2,79,,30012,38,0,10,1,40,,30027,38,0,10,1,82,,30023,38,0,10,2,83,,30013,38,0,10,1,43,,30001,38,0,10,1,83,,30024,38,0,10,2,83,,30025,38,0,10,1
8502,'H59J000S-81-S',524,,30028,38,0,10,2,33,,30029,38,0,10,1,75,,30041,38,0,10,2,72,,30048,38,0,10,2,33,,30034,38,0,10,1,19,,30043,38,0,10,1,60,,30030,38,0,10,1,18,,30050,38,0,10,1,19,,30042,38,0,10,2,63,,30049,38,0,10,2,25,,30035,38,0,10,1,71,,30044,38,0,10,1,32,,30052,38,0,10,1,72,,30031,38,0,10,1,31,,30036,38,0,10,1,65,,30057,38,0,10,2,24,,30045,38,0,10,1,66,,30053,38,0,10,1,27,,30032,38,0,10,1,29,,30037,38,0,10,1,71,,30058,38,0,10,2,29,,30046,38,0,10,1,69,,30054,38,0,10,1,74,,30033,38,0,10,1,33,,30051,38,0,10,1,73,,30059,38,0,10,2,32,,30047,38,0,10,1,71,,30061,38,0,10,1,33,,30055,38,0,10,1,73,,30038,38,0,10,1,33,,30060,38,0,10,2,73,,30062,38,0,10,1,33,,30056,38,0,10,1,77,,30039,38,0,10,1,83,,30065,38,0,10,1,44,,30063,38,0,10,1,84,,30040,38,0,10,1,72,,30066,38,0,10,1,89,,30064,38,0,10,1
8502,'H59JV00A-80-A',521,,30095,38,0,10,2,80,,30067,38,0,10,1,42,,30070,38,0,10,1,80,,30072,38,0,10,1,81,,30068,38,0,10,1,42,,30071,38,0,10,1,82,,30073,38,0,10,1,82,,30069,38,0,10,1,42,,30087,38,0,10,1,82,,30074,38,0,10,1,82,,30094,38,0,10,2,42,,30088,38,0,10,1,81,,30075,38,0,10,1,75,,30081,38,0,10,1,34,,30096,38,0,10,1,74,,30089,38,0,10,1,34,,30076,38,0,10,1,74,,30082,38,0,10,1,73,,30097,38,0,10,1,33,,30090,38,0,10,1,74,,30077,38,0,10,1,34,,30083,38,0,10,1,80,,30091,38,0,10,2,82,,30078,38,0,10,1,43,,30084,38,0,10,1,85,,30092,38,0,10,2,85,,30079,38,0,10,1,85,,30085,38,0,10,1,44,,30093,38,0,10,2,83,,30080,38,0,10,1,85,,30086,38,0,10,1
8502,'H59JV00I-80-I',534,,30098,38,0,10,1,83,,30127,38,0,10,2,85,,30105,38,0,10,1,46,,30099,38,0,10,1,83,,30101,38,0,10,2,83,,30106,38,0,10,1,43,,30100,38,0,10,1,82,,30111,38,0,10,2,81,,30107,38,0,10,1,80,,30120,38,0,10,1,40,,30112,38,0,10,2,81,,30108,38,0,10,1,33,,30124,38,0,10,2,72,,30121,38,0,10,1,33,,30113,38,0,10,2,72,,30109,38,0,10,1,72,,30125,38,0,10,2,32,,30122,38,0,10,1,69,,30114,38,0,10,2,32,,30110,38,0,10,1,72,,30126,38,0,10,2,32,,30123,38,0,10,1,73,,30103,38,0,10,1,33,,30118,38,0,10,1,78,,30115,38,0,10,2,79,,30128,38,0,10,1,40,,30119,38,0,10,1,82,,30116,38,0,10,2,83,,30129,38,0,10,1,43,,30104,38,0,10,1,83,,30117,38,0,10,2,83,,30102,38,0,10,1
8502,'H59JV00S-83-S',524,,30132,38,0,10,1,33,,30135,38,0,10,1,75,,30146,38,0,10,2,72,,30130,38,0,10,2,33,,30168,38,0,10,1,19,,30148,38,0,10,1,60,,30136,38,0,10,1,18,,30164,38,0,10,1,19,,30147,38,0,10,2,63,,30131,38,0,10,2,25,,30137,38,0,10,1,71,,30149,38,0,10,1,32,,30159,38,0,10,1,72,,30143,38,0,10,1,31,,30138,38,0,10,1,65,,30153,38,0,10,2,24,,30150,38,0,10,1,66,,30160,38,0,10,1,27,,30144,38,0,10,1,29,,30139,38,0,10,1,71,,30154,38,0,10,2,29,,30151,38,0,10,1,69,,30161,38,0,10,1,74,,30145,38,0,10,1,33,,30165,38,0,10,1,73,,30155,38,0,10,2,32,,30152,38,0,10,1,71,,30157,38,0,10,1,33,,30162,38,0,10,1,73,,30140,38,0,10,1,33,,30156,38,0,10,2,73,,30158,38,0,10,1,33,,30163,38,0,10,1,77,,30141,38,0,10,1,83,,30133,38,0,10,1,44,,30166,38,0,10,1,84,,30142,38,0,10,1,72,,30134,38,0,10,1,89,,30167,38,0,10,1
36202,'H54J000A-80-A',2623,,75240,90,0,10,1,88,,75239,90,0,10,1,45,,75237,90,0,10,1,85,,75238,90,0,10,1,82,,75241,90,0,10,1
36202,'H54J000I-80-I',2623,,75244,90,0,10,1,85,,75243,90,0,10,1,45,,75242,90,0,10,1,88,,75246,90,0,10,1,85,,75245,90,0,10,1
36202,'H54J000S-83-S',2623,,75250,90,0,10,2,85,,75251,90,0,10,1,45,,75248,90,0,10,1,88,,75247,90,0,10,1,85,,75249,90,0,10,1
36202,'H54JV00A-80-A',2623,,75256,90,0,10,1,88,,75253,90,0,10,1,45,,75254,90,0,10,1,85,,75252,90,0,10,1,82,,75255,90,0,10,1
36202,'H54JV00I-80-I',2623,,75258,90,0,10,1,85,,75260,90,0,10,1,45,,75257,90,0,10,1,88,,75261,90,0,10,1,85,,75259,90,0,10,1
36202,'H54JV00S-80-S',2623,,75264,90,0,10,2,85,,75265,90,0,10,1,45,,75266,90,0,10,1,88,,75262,90,0,10,1,85,,75263,90,0,10,1
