12803,'H50J000A-84-A',629,,45824,19,0,8,1,80,,45816,19,0,8,1,37,,45815,19,0,8,2,78,,45825,19,0,8,1,29,,45846,19,0,8,2,73,,45817,19,0,8,1,28,,45832,19,0,8,2,65,,45839,19,0,8,2,27,,45826,19,0,8,1,67,,45847,19,0,8,2,26,,45818,19,0,8,1,69,,45833,19,0,8,2,27,,45840,19,0,8,2,68,,45827,19,0,8,1,27,,45848,19,0,8,2,26,,45819,19,0,8,1,70,,45834,19,0,8,2,28,,45841,19,0,8,2,68,,45828,19,0,8,1,27,,45849,19,0,8,2,68,,45820,19,0,8,1,32,,45835,19,0,8,2,69,,45842,19,0,8,2,28,,45829,19,0,8,1,63,,45850,19,0,8,2,25,,45821,19,0,8,1,71,,45836,19,0,8,2,29,,45843,19,0,8,2,73,,45830,19,0,8,1,36,,45822,19,0,8,1,69,,45837,19,0,8,2,28,,45844,19,0,8,2,69,,45831,19,0,8,1,34,,45823,19,0,8,1,75,,45838,19,0,8,2,38,,45845,19,0,8,2,77,,45851,19,0,8,1
12803,'H50J000I-84-I',630,,45860,19,0,8,1,78,,45852,19,0,8,2,37,,45869,19,0,8,1,74,,45877,19,0,8,2,34,,45861,19,0,8,1,77,,45853,19,0,8,2,76,,45870,19,0,8,1,35,,45878,19,0,8,2,74,,45862,19,0,8,1,37,,45854,19,0,8,2,72,,45871,19,0,8,1,32,,45879,19,0,8,2,68,,45885,19,0,8,2,28,,45863,19,0,8,1,70,,45855,19,0,8,2,29,,45872,19,0,8,1,68,,45880,19,0,8,2,29,,45886,19,0,8,2,62,,45864,19,0,8,1,33,,45856,19,0,8,2,72,,45873,19,0,8,1,38,,45881,19,0,8,2,72,,45865,19,0,8,1,34,,45857,19,0,8,2,70,,45874,19,0,8,1,72,,45882,19,0,8,2,30,,45866,19,0,8,1,71,,45858,19,0,8,2,31,,45875,19,0,8,1,73,,45883,19,0,8,2,34,,45867,19,0,8,1,70,,45859,19,0,8,2,36,,45876,19,0,8,1,70,,45884,19,0,8,2,15,,45868,19,0,8,1
12803,'H50J000S-83-S',540,,45895,19,0,8,1,73,,45903,19,0,8,2,32,,45887,19,0,8,1,67,,45910,19,0,8,1,33,,45924,19,0,8,2,72,,45896,19,0,8,1,32,,45904,19,0,8,2,77,,45888,19,0,8,1,22,,45911,19,0,8,1,69,,45925,19,0,8,2,28,,45897,19,0,8,1,69,,45905,19,0,8,2,32,,45889,19,0,8,1,68,,45912,19,0,8,1,30,,45918,19,0,8,2,70,,45898,19,0,8,1,28,,45906,19,0,8,2,68,,45890,19,0,8,1,29,,45913,19,0,8,1,76,,45919,19,0,8,2,30,,45899,19,0,8,1,76,,45907,19,0,8,2,36,,45891,19,0,8,1,76,,45914,19,0,8,1,73,,45920,19,0,8,2,30,,45900,19,0,8,1,71,,45908,19,0,8,2,27,,45892,19,0,8,1,66,,45915,19,0,8,1,28,,45921,19,0,8,2,28,,45901,19,0,8,1,71,,45909,19,0,8,2,17,,45893,19,0,8,1,62,,45916,19,0,8,1,30,,45922,19,0,8,2,70,,45902,19,0,8,1,38,,45894,19,0,8,1,67,,45917,19,0,8,1,27,,45923,19,0,8,2
12803,'H50JV00A-81-A',629,,45935,19,0,8,1,80,,45927,19,0,8,1,37,,45926,19,0,8,2,78,,45936,19,0,8,1,29,,45957,19,0,8,2,73,,45928,19,0,8,1,28,,45943,19,0,8,2,65,,45950,19,0,8,2,27,,45937,19,0,8,1,67,,45958,19,0,8,2,26,,45929,19,0,8,1,69,,45944,19,0,8,2,27,,45951,19,0,8,2,68,,45938,19,0,8,1,27,,45959,19,0,8,2,26,,45930,19,0,8,1,70,,45945,19,0,8,2,28,,45952,19,0,8,2,68,,45939,19,0,8,1,27,,45960,19,0,8,2,68,,45931,19,0,8,1,32,,45946,19,0,8,2,69,,45953,19,0,8,2,28,,45940,19,0,8,1,63,,45961,19,0,8,2,25,,45932,19,0,8,1,71,,45947,19,0,8,2,29,,45954,19,0,8,2,73,,45941,19,0,8,1,36,,45933,19,0,8,1,69,,45948,19,0,8,2,28,,45955,19,0,8,2,69,,45942,19,0,8,1,34,,45934,19,0,8,1,75,,45949,19,0,8,2,38,,45956,19,0,8,2,77,,45962,19,0,8,1
12803,'H50JV00I-81-I',630,,45971,19,0,8,1,78,,45963,19,0,8,2,37,,45980,19,0,8,1,74,,45988,19,0,8,2,34,,45972,19,0,8,1,77,,45964,19,0,8,2,76,,45981,19,0,8,1,35,,45989,19,0,8,2,74,,45973,19,0,8,1,37,,45965,19,0,8,2,72,,45982,19,0,8,1,32,,45990,19,0,8,2,68,,45996,19,0,8,2,28,,45974,19,0,8,1,70,,45966,19,0,8,2,29,,45983,19,0,8,1,68,,45991,19,0,8,2,29,,45997,19,0,8,2,62,,45975,19,0,8,1,33,,45967,19,0,8,2,72,,45984,19,0,8,1,38,,45992,19,0,8,2,72,,45976,19,0,8,1,34,,45968,19,0,8,2,70,,45985,19,0,8,1,72,,45993,19,0,8,2,30,,45977,19,0,8,1,71,,45969,19,0,8,2,31,,45986,19,0,8,1,73,,45994,19,0,8,2,34,,45978,19,0,8,1,70,,45970,19,0,8,2,36,,45987,19,0,8,1,70,,45995,19,0,8,2,15,,45979,19,0,8,1
12803,'H50JV00S-82-S',540,,46006,19,0,8,1,73,,46014,19,0,8,2,32,,45998,19,0,8,1,67,,46021,19,0,8,1,33,,46035,19,0,8,2,72,,46007,19,0,8,1,32,,46015,19,0,8,2,77,,45999,19,0,8,1,22,,46022,19,0,8,1,69,,46036,19,0,8,2,28,,46008,19,0,8,1,69,,46016,19,0,8,2,32,,46000,19,0,8,1,68,,46023,19,0,8,1,30,,46029,19,0,8,2,70,,46009,19,0,8,1,28,,46017,19,0,8,2,68,,46001,19,0,8,1,29,,46024,19,0,8,1,76,,46030,19,0,8,2,30,,46010,19,0,8,1,76,,46018,19,0,8,2,36,,46002,19,0,8,1,76,,46025,19,0,8,1,73,,46031,19,0,8,2,30,,46011,19,0,8,1,71,,46019,19,0,8,2,27,,46003,19,0,8,1,66,,46026,19,0,8,1,28,,46032,19,0,8,2,28,,46012,19,0,8,1,71,,46020,19,0,8,2,17,,46004,19,0,8,1,62,,46027,19,0,8,1,30,,46033,19,0,8,2,70,,46013,19,0,8,1,38,,46005,19,0,8,1,67,,46028,19,0,8,1,27,,46034,19,0,8,2
17502,'H50J000S-83-S',538,,59412,5,0,10,1,62,,59426,5,0,10,2,20,,59425,5,0,10,1,20,,59420,5,0,10,1,14,,59413,5,0,10,1,65,,59414,5,0,10,2,16,,59427,5,0,10,2,88,,59421,5,0,10,1,26,,59415,5,0,10,2,68,,59428,5,0,10,2,28,,59422,5,0,10,1,69,,59416,5,0,10,2,30,,59429,5,0,10,2,76,,59423,5,0,10,1,38,,59430,5,0,10,2,78,,59424,5,0,10,1,78,,59431,5,0,10,2,34,,59434,5,0,10,1,72,,59417,5,0,10,1,27,,59432,5,0,10,2,67,,59435,5,0,10,1,31,,59418,5,0,10,1,69,,59433,5,0,10,2,28,,59436,5,0,10,1,94,,59419,5,0,10,1
17502,'H50JV00S-82-S',538,,59437,5,0,10,1,62,,59451,5,0,10,2,20,,59450,5,0,10,1,20,,59445,5,0,10,1,14,,59438,5,0,10,1,65,,59439,5,0,10,2,16,,59452,5,0,10,2,88,,59446,5,0,10,1,26,,59440,5,0,10,2,68,,59453,5,0,10,2,28,,59447,5,0,10,1,69,,59441,5,0,10,2,30,,59454,5,0,10,2,76,,59448,5,0,10,1,38,,59455,5,0,10,2,78,,59449,5,0,10,1,78,,59456,5,0,10,2,34,,59459,5,0,10,1,72,,59442,5,0,10,1,27,,59457,5,0,10,2,67,,59460,5,0,10,1,31,,59443,5,0,10,1,69,,59458,5,0,10,2,28,,59461,5,0,10,1,94,,59444,5,0,10,1
17502,'H60J000S-98-S',708,,59463,5,0,10,1,51,,59462,5,0,10,1,950,,59465,5,0,10,2,95,,59464,5,0,10,2
17502,'H60JV00S-98-S',708,,59467,5,0,10,1,51,,59469,5,0,10,1,950,,59468,5,0,10,2,95,,59466,5,0,10,2
20202,'H50J000S-83-S',1520,,68900,5,0,10,1
20202,'H50JV00S-82-S',1520,,68901,5,0,10,1
20202,'H60J000A-80-A',603,,68904,5,0,10,1,21,,68915,5,0,10,2,19,,68926,5,0,10,1,59,,68931,5,0,10,1,19,,68911,5,0,10,1,19,,68920,5,0,10,2,66,,68905,5,0,10,1,30,,68903,5,0,10,2,70,,68932,5,0,10,1,30,,68912,5,0,10,1,71,,68917,5,0,10,1,31,,68906,5,0,10,1,71,,68921,5,0,10,2,32,,68927,5,0,10,1,72,,68918,5,0,10,1,32,,68913,5,0,10,1,63,,68907,5,0,10,1,23,,68922,5,0,10,2,23,,68936,5,0,10,1,63,,68928,5,0,10,1,23,,68919,5,0,10,1,64,,68914,5,0,10,1,23,,68908,5,0,10,1,23,,68923,5,0,10,2,66,,68937,5,0,10,1,25,,68929,5,0,10,1,65,,68941,5,0,10,1,23,,68942,5,0,10,1,21,,68909,5,0,10,1,64,,68924,5,0,10,2,25,,68938,5,0,10,1,71,,68930,5,0,10,1,32,,68933,5,0,10,1,68,,68943,5,0,10,1,28,,68910,5,0,10,1,68,,68935,5,0,10,1,29,,68925,5,0,10,1,70,,68940,5,0,10,1,29,,68902,5,0,10,1,71,,68939,5,0,10,1,31,,68916,5,0,10,1,67,,68934,5,0,10,1
20202,'H60J000I-80-I',603,,68946,5,0,10,1,30,,68956,5,0,10,1,70,,68966,5,0,10,1,31,,68971,5,0,10,2,71,,68947,5,0,10,1,30,,68957,5,0,10,1,70,,68967,5,0,10,1,31,,68972,5,0,10,2,72,,68948,5,0,10,1,31,,68958,5,0,10,1,71,,68968,5,0,10,1,30,,68973,5,0,10,2,70,,68953,5,0,10,1,30,,68963,5,0,10,1,71,,68969,5,0,10,1,31,,68961,5,0,10,2,71,,68959,5,0,10,1,31,,68975,5,0,10,1,60,,68978,5,0,10,2,21,,68964,5,0,10,1,21,,68970,5,0,10,1,69,,68962,5,0,10,2,30,,68960,5,0,10,1,72,,68979,5,0,10,2,31,,68965,5,0,10,1,71,,68949,5,0,10,1,29,,68976,5,0,10,1,68,,68954,5,0,10,1,29,,68980,5,0,10,2,69,,68944,5,0,10,1,30,,68950,5,0,10,1,70,,68977,5,0,10,1,28,,68955,5,0,10,1,68,,68981,5,0,10,2,28,,68945,5,0,10,1,69,,68951,5,0,10,1,28,,68952,5,0,10,2,68,,68974,5,0,10,1
20202,'H60J000S-98-S',543,,68985,5,0,10,1,73,,68984,5,0,10,1,33,,68988,5,0,10,1,74,,68992,5,0,10,1,29,,69000,5,0,10,1,66,,68986,5,0,10,1,25,,68998,5,0,10,2,65,,68999,5,0,10,1,26,,68989,5,0,10,1,66,,68993,5,0,10,1,25,,69001,5,0,10,1,23,,68987,5,0,10,1,62,,68983,5,0,10,1,23,,68994,5,0,10,1,25,,68990,5,0,10,1,66,,69007,5,0,10,1,19,,68982,5,0,10,2,58,,69002,5,0,10,1,18,,69011,5,0,10,1,17,,69009,5,0,10,1,15,,69012,5,0,10,1,56,,68995,5,0,10,1,21,,68991,5,0,10,1,24,,69008,5,0,10,1,92,,69015,5,0,10,1,59,,69014,5,0,10,2,19,,69010,5,0,10,1,17,,69019,5,0,10,1,71,,69013,5,0,10,1,31,,69003,5,0,10,1,70,,68996,5,0,10,1,29,,69022,5,0,10,2,70,,69020,5,0,10,1,29,,69017,5,0,10,2,67,,69004,5,0,10,1,28,,68997,5,0,10,1,68,,69023,5,0,10,2,27,,69021,5,0,10,1,27,,69018,5,0,10,2,67,,69005,5,0,10,1,33,,69024,5,0,10,1,74,,69016,5,0,10,1,73,,69006,5,0,10,1
20202,'H60JV00A-80-A',603,,69031,5,0,10,1,21,,69028,5,0,10,2,19,,69034,5,0,10,1,59,,69060,5,0,10,1,19,,69058,5,0,10,1,19,,69045,5,0,10,2,66,,69032,5,0,10,1,30,,69030,5,0,10,2,70,,69061,5,0,10,1,30,,69059,5,0,10,1,71,,69062,5,0,10,1,31,,69036,5,0,10,1,71,,69046,5,0,10,2,32,,69041,5,0,10,1,72,,69065,5,0,10,1,32,,69063,5,0,10,1,63,,69037,5,0,10,1,23,,69047,5,0,10,2,23,,69052,5,0,10,1,63,,69042,5,0,10,1,23,,69066,5,0,10,1,64,,69064,5,0,10,1,23,,69038,5,0,10,1,23,,69048,5,0,10,2,66,,69053,5,0,10,1,25,,69043,5,0,10,1,65,,69056,5,0,10,1,23,,69050,5,0,10,1,21,,69039,5,0,10,1,64,,69049,5,0,10,2,25,,69054,5,0,10,1,71,,69044,5,0,10,1,32,,69027,5,0,10,1,68,,69051,5,0,10,1,28,,69040,5,0,10,1,68,,69033,5,0,10,1,29,,69026,5,0,10,1,70,,69057,5,0,10,1,29,,69035,5,0,10,1,71,,69055,5,0,10,1,31,,69029,5,0,10,1,67,,69025,5,0,10,1
20202,'H60JV00I-80-I',603,,69083,5,0,10,1,30,,69089,5,0,10,1,70,,69080,5,0,10,1,31,,69097,5,0,10,2,71,,69084,5,0,10,1,30,,69090,5,0,10,1,70,,69081,5,0,10,1,31,,69098,5,0,10,2,72,,69085,5,0,10,1,31,,69091,5,0,10,1,71,,69082,5,0,10,1,30,,69099,5,0,10,2,70,,69075,5,0,10,1,30,,69094,5,0,10,1,71,,69073,5,0,10,1,31,,69103,5,0,10,2,71,,69092,5,0,10,1,31,,69100,5,0,10,1,60,,69076,5,0,10,2,21,,69095,5,0,10,1,21,,69074,5,0,10,1,69,,69104,5,0,10,2,30,,69093,5,0,10,1,72,,69077,5,0,10,2,31,,69096,5,0,10,1,71,,69086,5,0,10,1,29,,69101,5,0,10,1,68,,69071,5,0,10,1,29,,69078,5,0,10,2,69,,69069,5,0,10,1,30,,69087,5,0,10,1,70,,69102,5,0,10,1,28,,69072,5,0,10,1,68,,69079,5,0,10,2,28,,69070,5,0,10,1,69,,69088,5,0,10,1,28,,69067,5,0,10,2,68,,69068,5,0,10,1
20202,'H60JV00S-98-S',543,,69124,5,0,10,1,73,,69105,5,0,10,1,33,,69110,5,0,10,1,74,,69134,5,0,10,1,29,,69137,5,0,10,1,66,,69125,5,0,10,1,25,,69123,5,0,10,2,65,,69136,5,0,10,1,26,,69111,5,0,10,1,66,,69135,5,0,10,1,25,,69138,5,0,10,1,23,,69126,5,0,10,1,62,,69145,5,0,10,1,23,,69130,5,0,10,1,25,,69112,5,0,10,1,66,,69140,5,0,10,1,19,,69106,5,0,10,2,58,,69139,5,0,10,1,18,,69143,5,0,10,1,17,,69116,5,0,10,1,15,,69108,5,0,10,1,56,,69131,5,0,10,1,21,,69113,5,0,10,1,24,,69141,5,0,10,1,92,,69107,5,0,10,1,59,,69109,5,0,10,1,19,,69117,5,0,10,1,17,,69118,5,0,10,1,71,,69142,5,0,10,1,31,,69127,5,0,10,1,70,,69132,5,0,10,1,29,,69121,5,0,10,2,70,,69119,5,0,10,1,29,,69114,5,0,10,2,67,,69128,5,0,10,1,28,,69133,5,0,10,1,68,,69122,5,0,10,2,27,,69120,5,0,10,1,27,,69115,5,0,10,2,67,,69129,5,0,10,1,33,,69147,5,0,10,1,74,,69144,5,0,10,1,73,,69146,5,0,10,1
