3401,'H59J000A-80-A',526,,10565,10,0,5,1,77,,10564,10,0,5,1,29,,10566,10,0,5,1,69,,10549,10,0,5,1,29,,10567,10,0,5,1,29,,10550,10,0,5,1,69,,10568,10,0,5,1,29,,10551,10,0,5,1,69,,10569,10,0,5,1,30,,10552,10,0,5,1,70,,10570,10,0,5,1,30,,10553,10,0,5,1,69,,10571,10,0,5,1,29,,10554,10,0,5,1,72,,10572,10,0,5,1,29,,10555,10,0,5,1,72,,10573,10,0,5,1,29,,10556,10,0,5,1,72,,10574,10,0,5,1,29,,10557,10,0,5,1,72,,10575,10,0,5,1,71,,10558,10,0,5,1,32,,10576,10,0,5,1,71,,10559,10,0,5,1,32,,10577,10,0,5,1,71,,10560,10,0,5,1,31,,10578,10,0,5,1,70,,10561,10,0,5,1,27,,10579,10,0,5,1,25,,10562,10,0,5,1,65,,10580,10,0,5,1,28,,10563,10,0,5,1,68,,10581,10,0,5,1,25,,10582,10,0,5,2,66,,10544,10,0,5,1,25,,10583,10,0,5,2,64,,10545,10,0,5,1,24,,10584,10,0,5,2,24,,10546,10,0,5,1,64,,10585,10,0,5,2,23,,10547,10,0,5,1,24,,10586,10,0,5,2,64,,10548,10,0,5,1,24,,10587,10,0,5,2
3401,'H59J000I-80-I',525,,10608,10,0,5,1,77,,10588,10,0,5,1,29,,10609,10,0,5,1,69,,10589,10,0,5,1,29,,10610,10,0,5,1,29,,10590,10,0,5,1,70,,10611,10,0,5,1,29,,10591,10,0,5,1,69,,10612,10,0,5,1,29,,10592,10,0,5,1,69,,10613,10,0,5,1,28,,10593,10,0,5,1,70,,10614,10,0,5,1,31,,10594,10,0,5,1,69,,10615,10,0,5,1,31,,10595,10,0,5,1,69,,10616,10,0,5,1,31,,10596,10,0,5,1,70,,10617,10,0,5,1,30,,10597,10,0,5,1,70,,10618,10,0,5,1,30,,10598,10,0,5,1,71,,10619,10,0,5,1,30,,10599,10,0,5,1,70,,10620,10,0,5,1,30,,10600,10,0,5,1,71,,10621,10,0,5,1,30,,10601,10,0,5,1,70,,10622,10,0,5,1,30,,10602,10,0,5,1,70,,10623,10,0,5,1,30,,10603,10,0,5,1,70,,10624,10,0,5,1,30,,10604,10,0,5,1,69,,10625,10,0,5,2,30,,10605,10,0,5,1,69,,10626,10,0,5,2,29,,10606,10,0,5,1,68,,10627,10,0,5,2,29,,10607,10,0,5,1,69,,10628,10,0,5,2
3401,'H59J000S-81-S',501,,10636,10,0,5,1,30,,10649,10,0,5,1,72,,10637,10,0,5,1,26,,10650,10,0,5,1,15,,10655,10,0,5,1,11,,10629,10,0,5,1,50,,10638,10,0,5,1,11,,10662,10,0,5,2,12,,10651,10,0,5,1,13,,10664,10,0,5,1,14,,10656,10,0,5,1,56,,10630,10,0,5,1,24,,10663,10,0,5,2,71,,10657,10,0,5,1,31,,10631,10,0,5,1,72,,10658,10,0,5,1,31,,10632,10,0,5,1,70,,10659,10,0,5,1,30,,10633,10,0,5,1,71,,10660,10,0,5,1,30,,10634,10,0,5,1,71,,10661,10,0,5,1,31,,10635,10,0,5,1,65,,10665,10,0,5,1,23,,10639,10,0,5,1,26,,10652,10,0,5,2,66,,10666,10,0,5,1,27,,10640,10,0,5,1,63,,10653,10,0,5,2,19,,10678,10,0,5,2,19,,10667,10,0,5,1,60,,10641,10,0,5,1,20,,10654,10,0,5,2,17,,10668,10,0,5,1,55,,10679,10,0,5,2,16,,10670,10,0,5,2,19,,10642,10,0,5,1,62,,10669,10,0,5,1,25,,10671,10,0,5,2,28,,10643,10,0,5,1,70,,10672,10,0,5,2,30,,10644,10,0,5,1,70,,10673,10,0,5,2,30,,10645,10,0,5,1,70,,10674,10,0,5,2,30,,10646,10,0,5,1,70,,10675,10,0,5,2,28,,10647,10,0,5,1,68,,10676,10,0,5,2,28,,10648,10,0,5,1,64,,10677,10,0,5,2
3401,'H59JV00A-80-A',526,,10680,10,0,5,1,77,,10712,10,0,5,1,29,,10681,10,0,5,1,69,,10697,10,0,5,1,29,,10682,10,0,5,1,29,,10698,10,0,5,1,69,,10683,10,0,5,1,29,,10699,10,0,5,1,69,,10684,10,0,5,1,30,,10700,10,0,5,1,70,,10685,10,0,5,1,30,,10701,10,0,5,1,69,,10686,10,0,5,1,29,,10702,10,0,5,1,72,,10687,10,0,5,1,29,,10703,10,0,5,1,72,,10688,10,0,5,1,29,,10704,10,0,5,1,72,,10689,10,0,5,1,29,,10705,10,0,5,1,72,,10690,10,0,5,1,71,,10706,10,0,5,1,32,,10691,10,0,5,1,71,,10707,10,0,5,1,32,,10692,10,0,5,1,71,,10708,10,0,5,1,31,,10693,10,0,5,1,70,,10709,10,0,5,1,27,,10694,10,0,5,1,25,,10710,10,0,5,1,65,,10695,10,0,5,1,28,,10711,10,0,5,1,68,,10696,10,0,5,1,25,,10718,10,0,5,2,66,,10713,10,0,5,1,25,,10719,10,0,5,2,64,,10714,10,0,5,1,24,,10720,10,0,5,2,24,,10715,10,0,5,1,64,,10721,10,0,5,2,23,,10716,10,0,5,1,24,,10722,10,0,5,2,64,,10717,10,0,5,1,24,,10723,10,0,5,2
3401,'H59JV00I-80-I',525,,10744,10,0,5,1,77,,10724,10,0,5,1,29,,10745,10,0,5,1,69,,10725,10,0,5,1,29,,10746,10,0,5,1,29,,10726,10,0,5,1,70,,10747,10,0,5,1,29,,10727,10,0,5,1,69,,10748,10,0,5,1,29,,10728,10,0,5,1,69,,10749,10,0,5,1,28,,10729,10,0,5,1,70,,10750,10,0,5,1,31,,10730,10,0,5,1,69,,10751,10,0,5,1,31,,10731,10,0,5,1,69,,10752,10,0,5,1,31,,10732,10,0,5,1,70,,10753,10,0,5,1,30,,10733,10,0,5,1,70,,10754,10,0,5,1,30,,10734,10,0,5,1,71,,10755,10,0,5,1,30,,10735,10,0,5,1,70,,10756,10,0,5,1,30,,10736,10,0,5,1,71,,10757,10,0,5,1,30,,10737,10,0,5,1,70,,10758,10,0,5,1,30,,10738,10,0,5,1,70,,10759,10,0,5,1,30,,10739,10,0,5,1,70,,10760,10,0,5,1,30,,10740,10,0,5,1,69,,10761,10,0,5,2,30,,10741,10,0,5,1,69,,10762,10,0,5,2,29,,10742,10,0,5,1,68,,10763,10,0,5,2,29,,10743,10,0,5,1,69,,10764,10,0,5,2
3401,'H59JV00S-83-S',501,,10796,10,0,5,1,30,,10765,10,0,5,1,72,,10797,10,0,5,1,26,,10766,10,0,5,1,15,,10804,10,0,5,1,11,,10771,10,0,5,1,50,,10798,10,0,5,1,11,,10767,10,0,5,2,12,,10815,10,0,5,1,13,,10811,10,0,5,1,14,,10805,10,0,5,1,56,,10772,10,0,5,1,24,,10768,10,0,5,2,71,,10806,10,0,5,1,31,,10773,10,0,5,1,72,,10807,10,0,5,1,31,,10774,10,0,5,1,70,,10808,10,0,5,1,30,,10775,10,0,5,1,71,,10809,10,0,5,1,30,,10776,10,0,5,1,71,,10810,10,0,5,1,31,,10777,10,0,5,1,65,,10812,10,0,5,1,23,,10778,10,0,5,1,26,,10799,10,0,5,2,66,,10813,10,0,5,1,27,,10779,10,0,5,1,63,,10800,10,0,5,2,19,,10769,10,0,5,2,19,,10814,10,0,5,1,60,,10780,10,0,5,1,20,,10801,10,0,5,2,17,,10802,10,0,5,1,55,,10770,10,0,5,2,16,,10788,10,0,5,2,19,,10781,10,0,5,1,62,,10803,10,0,5,1,25,,10789,10,0,5,2,28,,10782,10,0,5,1,70,,10790,10,0,5,2,30,,10783,10,0,5,1,70,,10791,10,0,5,2,30,,10784,10,0,5,1,70,,10792,10,0,5,2,30,,10785,10,0,5,1,70,,10793,10,0,5,2,28,,10786,10,0,5,1,68,,10794,10,0,5,2,28,,10787,10,0,5,1,64,,10795,10,0,5,2
35301,'H54J000A-80-A',2623,,74387,6,0,5,1,86,,74388,6,0,5,1,45,,74386,6,0,5,1,80,,74385,6,0,5,1
35301,'H54J000I-80-I',2539,,74389,6,0,5,1,85,,74393,6,0,5,1,85,,74392,6,0,5,1,45,,74391,6,0,5,1,80,,74390,6,0,5,1
35301,'H54J000S-83-S',2539,,74395,6,0,5,1,85,,74398,6,0,5,1,85,,74396,6,0,5,1,45,,74394,6,0,5,1,80,,74397,6,0,5,1
35301,'H54JV00A-80-A',2623,,74402,6,0,5,1,86,,74399,6,0,5,1,45,,74400,6,0,5,1,80,,74401,6,0,5,1
35301,'H54JV00I-80-I',2539,,74405,6,0,5,1,85,,74407,6,0,5,1,85,,74403,6,0,5,1,45,,74404,6,0,5,1,80,,74406,6,0,5,1
35301,'H54JV00S-80-S',2539,,74411,6,0,5,1,85,,74412,6,0,5,1,85,,74409,6,0,5,1,45,,74408,6,0,5,1,80,,74410,6,0,5,1
