1404,'H57U000A-80-A',845,,221693,13,0,9,1,89,,221694,13,0,9,1,90,,221695,13,0,9,1,91,,221696,13,0,9,1,93,,221697,13,0,9,1,95,,221698,13,0,9,1,56,,221699,13,0,9,1,97,,221700,13,0,9,1,97,,221701,13,0,9,1,97,,221702,13,0,9,1,97,,221703,13,0,9,1,96,,221704,13,0,9,1,94,,221705,13,0,9,1
1404,'H57U000I-80-I',937,,221706,13,0,9,1,91,,221707,13,0,9,1,95,,221708,13,0,9,1,95,,221709,13,0,9,1,97,,221710,13,0,9,1,97,,221711,13,0,9,1,95,,221712,13,0,9,1,94,,221713,13,0,9,1,53,,221714,13,0,9,1,92,,221715,13,0,9,1,91,,221716,13,0,9,1,90,,221717,13,0,9,1
1404,'H57U000S-81-S',606,,221722,13,0,9,1,34,,221726,13,0,9,1,67,,221723,13,0,9,1,24,,221732,13,0,9,2,23,,221727,13,0,9,1,64,,221724,13,0,9,1,26,,221733,13,0,9,2,64,,221728,13,0,9,1,25,,221725,13,0,9,1,26,,221734,13,0,9,2,70,,221729,13,0,9,1,71,,221735,13,0,9,2,29,,221730,13,0,9,1,29,,221736,13,0,9,2,70,,221731,13,0,9,1,29,,221737,13,0,9,2,65,,221744,13,0,9,1,24,,221743,13,0,9,1,65,,221738,13,0,9,2,33,,221739,13,0,9,2,72,,221718,13,0,9,1,26,,221745,13,0,9,2,65,,221740,13,0,9,2,25,,221719,13,0,9,1,25,,221746,13,0,9,2,65,,221741,13,0,9,2,25,,221720,13,0,9,1,67,,221747,13,0,9,2,27,,221742,13,0,9,2,68,,221721,13,0,9,1
1404,'H57U100F-80-F1',937,,221748,13,0,9,1,91,,221749,13,0,9,1,95,,221750,13,0,9,1,95,,221751,13,0,9,1,97,,221752,13,0,9,1,97,,221753,13,0,9,1,95,,221754,13,0,9,1,94,,221755,13,0,9,1,53,,221756,13,0,9,1,92,,221757,13,0,9,1,91,,221758,13,0,9,1,90,,221759,13,0,9,1
1404,'H57U200F-80-F2',937,,221760,13,0,9,1,91,,221761,13,0,9,1,95,,221762,13,0,9,1,95,,221763,13,0,9,1,97,,221764,13,0,9,1,97,,221765,13,0,9,1,95,,221766,13,0,9,1,94,,221767,13,0,9,1,53,,221768,13,0,9,1,92,,221769,13,0,9,1,91,,221770,13,0,9,1,90,,221771,13,0,9,1
36104,'H51U000A-83-A',2443,,277277,38,0,9,1,85,,277279,38,0,9,1,88,,277281,38,0,9,2,30,,277278,38,0,9,1,68,,277276,38,0,9,2,30,,277283,38,0,9,1,68,,277282,38,0,9,2,28,,277280,38,0,9,1
36104,'H51U000I-83-I',2455,,277286,38,0,9,1,72,,277284,38,0,9,1,30,,277288,38,0,9,2,82,,277287,38,0,9,1,84,,277289,38,0,9,2,85,,277285,38,0,9,1,45,,277290,38,0,9,2
36104,'H51U000S-83-S',2449,,277297,38,0,9,1,80,,277296,38,0,9,2,73,,277299,38,0,9,1,20,,277291,38,0,9,1,20,,277298,38,0,9,1,61,,277293,38,0,9,1,32,,277292,38,0,9,1,73,,277295,38,0,9,1,45,,277294,38,0,9,1
36104,'H51U100F-80-F1',2455,,277301,38,0,9,1,72,,277300,38,0,9,1,30,,277304,38,0,9,2,82,,277302,38,0,9,1,84,,277305,38,0,9,2,85,,277303,38,0,9,1,45,,277306,38,0,9,2
36104,'H51U200F-80-F2',2455,,277308,38,0,9,1,72,,277307,38,0,9,1,30,,277311,38,0,9,2,82,,277309,38,0,9,1,84,,277312,38,0,9,2,85,,277310,38,0,9,1,45,,277313,38,0,9,2
