16603,'H50M000A-70-A',856,,137447,33,4,,1,72,,137433,33,4,,1,31,,137424,33,4,,2,71,,137448,33,4,,1,73,,137434,33,4,,1,31,,137425,33,4,,2,71,,137449,33,4,,1,31,,137435,33,4,,1,71,,137426,33,4,,2,30,,137450,33,4,,1,71,,137436,33,4,,1,30,,137441,33,4,,2,70,,137451,33,4,,1,30,,137437,33,4,,1,70,,137442,33,4,,2,30,,137452,33,4,,1,70,,137438,33,4,,1,29,,137443,33,4,,2,70,,137453,33,4,,1,29,,137439,33,4,,1,70,,137444,33,4,,2,29,,137454,33,4,,1,70,,137440,33,4,,1,32,,137445,33,4,,2,72,,137455,33,4,,1,42,,137446,45,4,,2,69,,137427,45,4,,1,80,,137430,45,4,,2,39,,137428,45,4,,1,80,,137431,45,4,,2,40,,137429,45,4,,1,82,,137432,45,4,,2
16603,'H50M000I-70-I',927,,137475,33,4,,1,32,,137456,33,4,,1,69,,137468,33,4,,2,30,,137476,33,4,,1,70,,137457,33,4,,1,72,,137469,33,4,,2,30,,137477,33,4,,1,70,,137458,33,4,,1,30,,137470,33,4,,2,70,,137478,33,4,,1,30,,137459,33,4,,1,70,,137471,33,4,,2,30,,137479,33,4,,1,70,,137460,33,4,,1,31,,137472,33,4,,2,69,,137480,33,4,,1,28,,137461,33,4,,1,30,,137473,33,4,,2,70,,137481,33,4,,1,30,,137462,33,4,,1,69,,137474,33,4,,2,29,,137482,33,4,,1,71,,137463,33,4,,1,31,,137483,33,4,,1,78,,137464,45,4,,1,79,,137484,45,4,,1,38,,137465,45,4,,1,79,,137485,45,4,,1,78,,137466,45,4,,1,38,,137486,45,4,,1,83,,137467,45,4,,1
16603,'H50M000S-70-S',715,,137487,33,4,,1,24,,137523,33,4,,1,63,,137519,33,4,,1,26,,137489,33,4,,1,28,,137514,33,4,,2,68,,137520,33,4,,1,28,,137490,33,4,,1,70,,137515,33,4,,2,30,,137521,33,4,,1,70,,137491,33,4,,1,29,,137516,33,4,,2,69,,137522,33,4,,1,31,,137492,33,4,,1,70,,137517,33,4,,2,30,,137508,33,4,,1,70,,137493,33,4,,1,31,,137518,33,4,,2,71,,137509,33,4,,1,30,,137494,33,4,,1,72,,137501,35,4,,1,29,,137510,35,4,,1,70,,137495,35,4,,1,29,,137502,35,4,,1,68,,137511,35,4,,1,30,,137496,35,4,,1,68,,137503,33,4,,1,30,,137512,33,4,,1,70,,137497,33,4,,1,31,,137504,33,4,,1,71,,137513,33,4,,1,38,,137498,45,4,,1,69,,137505,45,4,,1,73,,137488,45,4,,1,34,,137499,45,4,,1,78,,137506,45,4,,1,38,,137500,45,4,,1,76,,137507,45,4,,1
16603,'H50M100F-70-F1',927,,137543,33,4,,1,32,,137524,33,4,,1,69,,137536,33,4,,2,30,,137544,33,4,,1,70,,137525,33,4,,1,72,,137537,33,4,,2,30,,137545,33,4,,1,70,,137526,33,4,,1,30,,137538,33,4,,2,70,,137550,33,4,,1,30,,137527,33,4,,1,70,,137539,33,4,,2,30,,137551,33,4,,1,70,,137528,33,4,,1,31,,137540,33,4,,2,69,,137546,33,4,,1,28,,137529,33,4,,1,30,,137541,33,4,,2,70,,137547,33,4,,1,30,,137530,33,4,,1,69,,137542,33,4,,2,29,,137548,33,4,,1,71,,137531,33,4,,1,31,,137549,33,4,,1,78,,137532,45,4,,1,79,,137552,45,4,,1,38,,137533,45,4,,1,79,,137553,45,4,,1,78,,137534,45,4,,1,38,,137554,45,4,,1,83,,137535,45,4,,1
16603,'H50M200F-70-F2',927,,137574,33,4,,1,32,,137555,33,4,,1,69,,137567,33,4,,2,30,,137575,33,4,,1,70,,137557,33,4,,1,72,,137568,33,4,,2,30,,137576,33,4,,1,70,,137556,33,4,,1,30,,137569,33,4,,2,70,,137578,33,4,,1,30,,137558,33,4,,1,70,,137570,33,4,,2,30,,137577,33,4,,1,70,,137559,33,4,,1,31,,137571,33,4,,2,69,,137579,33,4,,1,28,,137560,33,4,,1,30,,137572,33,4,,2,70,,137580,33,4,,1,30,,137561,33,4,,1,69,,137573,33,4,,2,29,,137581,33,4,,1,71,,137562,33,4,,1,31,,137582,33,4,,1,78,,137563,45,4,,1,79,,137583,45,4,,1,38,,137564,45,4,,1,79,,137584,45,4,,1,78,,137565,45,4,,1,38,,137585,45,4,,1,83,,137566,45,4,,1
16603,'H50M300F-80-F3',925,,173022,33,4,,1,33,,173036,33,4,,1,71,,173023,33,4,,1,71,,173037,33,4,,1,31,,173024,33,4,,1,74,,173038,33,4,,1,33,,173025,33,4,,1,73,,173039,33,4,,1,33,,173026,33,4,,1,70,,173012,33,4,,1,28,,173040,33,4,,1,68,,173027,33,4,,1,28,,173013,33,4,,1,68,,173041,33,4,,1,28,,173028,33,4,,1,68,,173014,33,4,,1,28,,173042,33,4,,1,28,,173029,33,4,,1,69,,173015,33,4,,1,29,,173016,33,4,,1,72,,173030,33,4,,1,72,,173017,33,4,,1,31,,173031,33,4,,1,73,,173018,33,4,,1,35,,173032,33,4,,1,76,,173019,33,4,,1,37,,173033,33,4,,1,77,,173020,33,4,,1,77,,173034,33,4,,1,37,,173021,33,4,,1,84,,173035,33,4,,1
16603,'H51M000S-70-S',647,,137617,33,4,,2
16604,'H50M000A-70-A',824,,137626,1,0,9,1,29,,137618,1,0,9,2,69,,137640,1,0,9,1,29,,137627,1,0,9,1,70,,137619,1,0,9,2,30,,137641,1,0,9,1,70,,137628,1,0,9,1,30,,137620,1,0,9,2,70,,137642,1,0,9,1,31,,137629,1,0,9,1,71,,137634,1,0,9,2,31,,137643,1,0,9,1,70,,137630,1,0,9,1,29,,137635,1,0,9,2,69,,137644,1,0,9,1,29,,137631,1,0,9,1,69,,137636,1,0,9,2,30,,137645,1,0,9,1,72,,137632,1,0,9,1,33,,137637,1,0,9,2,73,,137646,1,0,9,1,72,,137633,1,0,9,1,33,,137638,1,0,9,2,73,,137647,1,0,9,1,34,,137639,1,0,9,2,72,,137648,1,0,22 34,1,32,,137623,1,0,22 34,2,79,,137621,1,0,22 34,1,81,,137624,1,0,22 34,2,40,,137622,1,0,22 34,1,82,,137625,1,0,22 34,2
16604,'H50M000I-70-I',900,,137660,1,0,9,2,31,,137668,1,0,9,1,71,,137649,1,0,9,1,31,,137661,1,0,9,2,71,,137669,1,0,9,1,31,,137650,1,0,9,1,71,,137662,1,0,9,2,30,,137670,1,0,9,1,70,,137651,1,0,9,1,30,,137663,1,0,9,2,70,,137671,1,0,9,1,30,,137652,1,0,9,1,70,,137664,1,0,9,2,30,,137672,1,0,9,1,70,,137653,1,0,9,1,30,,137665,1,0,9,2,70,,137673,1,0,9,1,30,,137654,1,0,9,1,70,,137666,1,0,9,2,29,,137674,1,0,9,1,68,,137655,1,0,9,1,28,,137667,1,0,9,2,28,,137675,1,0,9,1,71,,137656,1,0,9,1,73,,137676,1,0,22 34,1,38,,137657,1,0,22 34,1,78,,137677,1,0,22 34,1,39,,137658,1,0,22 34,1,79,,137678,1,0,22 34,1,80,,137659,1,0,22 34,1
16604,'H50M000S-70-S',600,,137679,1,0,9,1,32,,137714,1,0,9,1,71,,137681,1,0,9,1,31,,137705,1,0,9,2,71,,137711,1,0,9,1,31,,137682,1,0,9,1,71,,137706,1,0,9,2,30,,137712,1,0,9,1,70,,137683,1,0,9,1,29,,137707,1,0,9,2,69,,137713,1,0,9,1,29,,137684,1,0,9,1,69,,137708,1,0,9,2,30,,137699,1,0,9,1,69,,137685,1,0,9,1,29,,137709,1,0,9,2,69,,137700,1,0,9,1,30,,137686,1,0,9,1,70,,137710,1,0,9,2,30,,137701,1,0,35 1 36,1,70,,137687,1,0,35 1 36,1,30,,137693,1,0,35 1 36,1,70,,137702,1,0,35 1 36,1,30,,137688,1,0,35 1 36,1,70,,137694,1,0,35 1 36,1,30,,137703,1,0,35 1 36,1,71,,137689,1,0,9,1,31,,137695,1,0,9,1,72,,137704,1,0,9,1,32,,137690,1,0,9,1,73,,137696,1,0,22 34,1,34,,137680,1,0,22 34,1,74,,137691,1,0,22 34,1,40,,137697,1,0,22 34,1,81,,137692,1,0,22 34,1,79,,137698,1,0,22 34,1
16604,'H50M100F-70-F1',900,,137726,1,0,9,2,31,,137734,1,0,9,1,71,,137715,1,0,9,1,31,,137727,1,0,9,2,71,,137735,1,0,9,1,31,,137716,1,0,9,1,71,,137728,1,0,9,2,30,,137736,1,0,9,1,70,,137717,1,0,9,1,30,,137729,1,0,9,2,70,,137741,1,0,9,1,30,,137718,1,0,9,1,70,,137730,1,0,9,2,30,,137737,1,0,9,1,70,,137719,1,0,9,1,30,,137731,1,0,9,2,70,,137738,1,0,9,1,30,,137720,1,0,9,1,70,,137732,1,0,9,2,29,,137739,1,0,9,1,68,,137721,1,0,9,1,28,,137733,1,0,9,2,28,,137740,1,0,9,1,71,,137722,1,0,9,1,73,,137742,1,0,22 34,1,38,,137723,1,0,22 34,1,78,,137743,1,0,22 34,1,39,,137724,1,0,22 34,1,79,,137744,1,0,22 34,1,80,,137725,1,0,22 34,1
16604,'H50M200F-70-F2',900,,137757,1,0,9,2,31,,137764,1,0,9,1,71,,137746,1,0,9,1,31,,137756,1,0,9,2,71,,137765,1,0,9,1,31,,137747,1,0,9,1,71,,137758,1,0,9,2,30,,137767,1,0,9,1,70,,137745,1,0,9,1,30,,137759,1,0,9,2,70,,137768,1,0,9,1,30,,137748,1,0,9,1,70,,137760,1,0,9,2,30,,137766,1,0,9,1,70,,137749,1,0,9,1,30,,137761,1,0,9,2,70,,137769,1,0,9,1,30,,137750,1,0,9,1,70,,137762,1,0,9,2,29,,137770,1,0,9,1,68,,137751,1,0,9,1,28,,137763,1,0,9,2,28,,137771,1,0,9,1,71,,137752,1,0,9,1,73,,137772,1,0,22 34,1,38,,137753,1,0,22 34,1,78,,137773,1,0,22 34,1,39,,137754,1,0,22 34,1,79,,137774,1,0,22 34,1,80,,137755,1,0,22 34,1
16604,'H50M300F-80-F3',900,,173066,1,0,9,1,31,,173053,1,0,9,1,71,,173067,1,0,9,1,31,,173054,1,0,9,1,71,,173068,1,0,9,1,32,,173055,1,0,9,1,72,,173069,1,0,9,1,33,,173056,1,0,9,1,73,,173070,1,0,9,1,33,,173057,1,0,9,1,70,,173043,1,0,9,1,29,,173071,1,0,9,1,69,,173058,1,0,9,1,28,,173044,1,0,9,1,68,,173072,1,0,9,1,28,,173059,1,0,9,1,68,,173045,1,0,9,1,27,,173047,1,0,9,1,68,,173060,1,0,9,1,28,,173046,1,0,9,1,29,,173048,1,0,9,1,72,,173061,1,0,9,1,72,,173049,1,0,9,1,32,,173062,1,0,9,1,74,,173050,1,0,9,1,36,,173063,1,0,9,1,77,,173051,1,0,9,1,78,,173064,1,0,9,1,38,,173052,1,0,9,1,79,,173065,1,0,9,1
