12904,'H51J000A-82-A',638,,46520,27,0,9,1,70,,46510,27,0,9,1,30,,46499,27,0,9,1,71,,46521,27,0,9,1,32,,46511,27,0,9,1,70,,46500,27,0,9,1,30,,46522,27,0,9,1,72,,46512,27,0,9,1,32,,46501,27,0,9,1,72,,46523,27,0,9,1,34,,46513,27,0,9,1,72,,46502,27,0,9,1,32,,46524,27,0,9,1,68,,46526,27,0,9,2,23,,46514,27,0,9,1,63,,46503,27,0,9,1,25,,46527,27,0,9,2,22,,46525,27,0,9,1,60,,46533,27,0,9,2,23,,46515,27,0,9,1,68,,46504,27,0,9,1,28,,46528,27,0,9,2,68,,46534,27,0,9,2,28,,46516,27,0,9,1,28,,46505,27,0,9,1,68,,46529,27,0,9,2,28,,46535,27,0,9,2,64,,46517,27,0,9,1,27,,46506,27,0,9,1,65,,46530,23,0,37 1 38,2,24,,46536,23,0,37 1 38,2,65,,46518,23,0,37 1 38,1,29,,46507,23,0,37 1 38,1,30,,46531,23,0,37 1 38,2,72,,46519,23,0,37 1 38,1,76,,46508,23,0,37 1 38,1,44,,46532,23,0,37 1 38,2,82,,46509,23,0,37 1 38,1,80,,46538,23,0,37 1 38,2,40,,46537,23,0,37 1 38,1
12904,'H51J000I-82-I',626,,46547,27,0,9,2,85,,46555,27,0,9,1,42,,46548,27,0,9,2,79,,46556,27,0,9,1,75,,46560,27,0,9,2,34,,46549,27,0,9,2,73,,46557,27,0,9,1,33,,46561,27,0,9,2,73,,46550,27,0,9,2,33,,46558,27,0,9,1,70,,46562,27,0,9,2,25,,46539,27,0,9,1,63,,46551,27,0,9,2,22,,46559,27,0,9,1,22,,46565,27,0,9,2,66,,46563,27,0,9,2,26,,46540,27,0,9,1,64,,46552,27,0,9,2,25,,46566,27,0,9,2,66,,46564,27,0,9,2,27,,46541,27,0,9,1,27,,46553,27,0,9,2,72,,46567,27,0,9,2,73,,46542,27,0,9,1,30,,46554,27,0,9,2,70,,46568,27,0,9,2,27,,46543,27,0,9,1,28,,46573,23,0,37 1 38,2,80,,46569,23,0,37 1 38,2,80,,46544,23,0,37 1 38,1,40,,46574,23,0,37 1 38,2,79,,46570,23,0,37 1 38,2,78,,46545,23,0,37 1 38,1,39,,46571,23,0,37 1 38,2,80,,46546,23,0,37 1 38,1,80,,46572,23,0,37 1 38,2
12904,'H51J000S-80-S',624,,46575,27,0,9,1,30,,46578,27,0,9,2,78,,46594,27,0,9,1,12,,46580,27,0,9,2,15,,46582,27,0,9,2,46,,46591,27,0,9,2,4,,46613,27,0,9,2,4,,46619,27,0,9,2,4,,46620,27,0,9,2,4,,46592,27,0,9,2,4,,46602,27,0,9,2,5,,46593,27,0,9,2,5,,46576,27,0,9,1,5,,46621,27,0,9,1,62,,46579,27,0,9,2,10,,46583,27,0,9,1,28,,46595,27,0,9,1,16,,46577,27,0,9,1,58,,46614,27,0,9,2,18,,46622,27,0,9,1,20,,46610,27,0,9,2,66,,46584,27,0,9,1,26,,46596,27,0,9,1,66,,46615,27,0,9,2,26,,46603,27,0,9,1,66,,46611,27,0,9,2,23,,46585,27,0,9,1,20,,46597,27,0,9,1,61,,46623,27,0,9,1,20,,46616,27,0,9,2,20,,46604,27,0,9,1,60,,46612,27,0,9,2,23,,46586,27,0,9,1,17,,46598,27,0,9,1,61,,46581,27,0,9,1,16,,46624,27,0,9,1,14,,46617,27,0,9,2,22,,46605,27,0,9,1,65,,46625,27,0,9,2,26,,46587,27,0,9,1,64,,46599,27,0,9,1,25,,46618,27,0,9,2,64,,46606,27,0,9,1,23,,46626,27,0,37 1 38,2,29,,46588,27,0,37 1 38,1,66,,46600,23,0,37 1 38,1,28,,46607,23,0,37 1 38,1,70,,46627,23,0,37 1 38,2,30,,46589,23,0,37 1 38,1,68,,46601,23,0,37 1 38,1,30,,46608,23,0,37 1 38,1,69,,46628,23,0,37 1 38,2,36,,46590,23,0,37 1 38,1,81,,46609,23,0,37 1 38,1,85,,46629,23,0,37 1 38,2
12904,'H51JV00A-80-A',638,,46662,27,0,9,1,70,,46641,27,0,9,1,30,,46651,27,0,9,1,71,,46663,27,0,9,1,32,,46642,27,0,9,1,70,,46652,27,0,9,1,30,,46664,27,0,9,1,72,,46643,27,0,9,1,32,,46653,27,0,9,1,72,,46665,27,0,9,1,34,,46644,27,0,9,1,72,,46654,27,0,9,1,32,,46666,27,0,9,1,68,,46669,27,0,9,2,23,,46645,27,0,9,1,63,,46655,27,0,9,1,25,,46635,27,0,9,2,22,,46667,27,0,9,1,60,,46631,27,0,9,2,23,,46646,27,0,9,1,68,,46656,27,0,9,1,28,,46636,27,0,9,2,68,,46632,27,0,9,2,28,,46647,27,0,9,1,28,,46657,27,0,9,1,68,,46637,27,0,9,2,28,,46633,27,0,9,2,64,,46648,27,0,9,1,27,,46658,27,0,9,1,65,,46638,23,0,37 1 38,2,24,,46634,23,0,37 1 38,2,65,,46649,23,0,37 1 38,1,29,,46659,23,0,37 1 38,1,30,,46639,23,0,37 1 38,2,72,,46650,23,0,37 1 38,1,76,,46660,23,0,37 1 38,1,44,,46640,23,0,37 1 38,2,82,,46661,23,0,37 1 38,1,80,,46668,23,0,37 1 38,2,40,,46630,23,0,37 1 38,1
12904,'H51JV00I-80-I',626,,46678,27,0,9,2,85,,46694,27,0,9,1,42,,46679,27,0,9,2,79,,46695,27,0,9,1,75,,46699,27,0,9,2,34,,46680,27,0,9,2,73,,46696,27,0,9,1,33,,46700,27,0,9,2,73,,46681,27,0,9,2,33,,46697,27,0,9,1,70,,46701,27,0,9,2,25,,46670,27,0,9,1,63,,46682,27,0,9,2,22,,46698,27,0,9,1,22,,46686,27,0,9,2,66,,46702,27,0,9,2,26,,46671,27,0,9,1,64,,46683,27,0,9,2,25,,46687,27,0,9,2,66,,46703,27,0,9,2,27,,46672,27,0,9,1,27,,46684,27,0,9,2,72,,46688,27,0,9,2,73,,46673,27,0,9,1,30,,46685,27,0,9,2,70,,46689,27,0,9,2,27,,46674,27,0,9,1,28,,46704,23,0,37 1 38,2,80,,46690,23,0,37 1 38,2,80,,46675,23,0,37 1 38,1,40,,46705,23,0,37 1 38,2,79,,46691,23,0,37 1 38,2,78,,46676,23,0,37 1 38,1,39,,46692,23,0,37 1 38,2,80,,46677,23,0,37 1 38,1,80,,46693,23,0,37 1 38,2
12904,'H51JV00S-84-S',624,,46706,27,0,9,1,30,,46709,27,0,9,2,78,,46726,27,0,9,1,12,,46711,27,0,9,1,15,,46713,27,0,9,2,46,,46722,27,0,9,2,4,,46744,27,0,9,2,4,,46750,27,0,9,2,4,,46751,27,0,9,1,4,,46723,27,0,9,2,4,,46725,27,0,9,2,5,,46724,27,0,9,2,5,,46707,27,0,9,1,5,,46752,27,0,9,1,62,,46710,27,0,9,2,10,,46714,27,0,9,1,28,,46727,27,0,9,1,16,,46708,27,0,9,1,58,,46745,27,0,9,2,18,,46753,27,0,9,1,20,,46741,27,0,9,2,66,,46715,27,0,9,1,26,,46728,27,0,9,1,66,,46746,27,0,9,2,26,,46734,27,0,9,1,66,,46742,27,0,9,2,23,,46716,27,0,9,1,20,,46729,27,0,9,1,61,,46755,27,0,9,1,20,,46747,27,0,9,2,20,,46735,27,0,9,1,60,,46743,27,0,9,2,23,,46717,27,0,9,1,17,,46730,27,0,9,1,61,,46712,27,0,9,1,16,,46756,27,0,9,1,14,,46748,27,0,9,2,22,,46736,27,0,9,1,65,,46757,27,0,9,2,26,,46718,27,0,9,1,64,,46731,27,0,9,1,25,,46749,27,0,9,2,64,,46737,27,0,9,1,23,,46758,27,0,37 1 38,2,29,,46719,27,0,37 1 38,1,66,,46732,23,0,37 1 38,1,28,,46738,23,0,37 1 38,1,70,,46759,23,0,37 1 38,2,30,,46720,23,0,37 1 38,1,68,,46733,23,0,37 1 38,1,30,,46739,23,0,37 1 38,1,69,,46760,23,0,37 1 38,2,36,,46721,23,0,37 1 38,1,81,,46740,23,0,37 1 38,1,85,,46754,23,0,37 1 38,1
12904,'H57J000S-81-S',849,,46761,27,0,9,2,74,,46762,27,0,9,1
12904,'H57JV00S-83-S',849,,46764,27,0,9,2,74,,46763,27,0,9,1
12904,'H59J000S-81-S',714,,46765,27,0,9,1,39,,46766,27,0,9,2
12904,'H59JV00S-83-S',714,,46768,27,0,9,1,39,,46767,27,0,9,2
