7001,'H50J000S-83-S',1456,,27038,12,0,5,1
7001,'H50JV00S-82-S',1456,,27039,12,0,5,1
7001,'H60J000A-80-A',1512,,27049,12,0,5,1,35,,27064,12,0,5,2,75,,27050,12,0,5,1,35,,27065,12,0,5,2,65,,27051,12,0,5,1,24,,27058,12,0,5,1
7001,'H60J000I-80-I',1511,,27093,12,0,5,1,35,,27079,12,0,5,1,75,,27095,12,0,5,1,35,,27094,12,0,5,1,75,,27096,12,0,5,1
7001,'H60J000S-98-S',538,,27118,12,0,5,1,16,,27121,12,0,5,2,57,,27109,12,0,5,2,16,,27126,12,0,5,2,14,,27119,12,0,5,1,10,,27131,12,0,5,1,50,,27122,12,0,5,2,12,,27099,12,0,5,1,10,,27139,12,0,5,2,11,,27127,12,0,5,2,13,,27120,12,0,5,1,11,,27107,12,0,5,1,52,,27123,12,0,5,2,12,,27100,12,0,5,1,22,,27140,12,0,5,2,65,,27108,12,0,5,1,31,,27101,12,0,5,1,71,,27141,12,0,5,2,32,,27102,12,0,5,1,72,,27142,12,0,5,2,31,,27103,12,0,5,1,72,,27143,12,0,5,2,31,,27104,12,0,5,1,73,,27144,12,0,5,2,32,,27105,12,0,5,1,69,,27129,12,0,5,2,16,,27145,12,0,5,2,74,,27124,12,0,5,1,14,,27147,12,0,5,2,13,,27130,12,0,5,2,17,,27106,12,0,5,1,58,,27117,12,0,5,1,30,,27125,12,0,5,1,71,,27146,12,0,5,2,31,,27116,12,0,5,1,69,,27132,12,0,5,1,28,,27128,12,0,5,1,68,,27110,12,0,5,2,29,,27133,12,0,5,1,70,,27111,12,0,5,2,30,,27134,12,0,5,1,70,,27112,12,0,5,2,30,,27135,12,0,5,1,70,,27113,12,0,5,2,29,,27136,12,0,5,1,71,,27114,12,0,5,2,29,,27137,12,0,5,1,69,,27115,12,0,5,2,29,,27138,12,0,5,1
7001,'H60JV00A-80-A',1512,,27160,12,0,5,1,35,,27153,12,0,5,2,75,,27161,12,0,5,1,35,,27154,12,0,5,2,65,,27162,12,0,5,1,24,,27165,12,0,5,1
7001,'H60JV00I-80-I',1511,,27184,12,0,5,1,35,,27206,12,0,5,1,75,,27191,12,0,5,1,35,,27185,12,0,5,1,75,,27192,12,0,5,1
7001,'H60JV00S-98-S',538,,27253,12,0,5,1,16,,27207,12,0,5,2,57,,27240,12,0,5,2,16,,27210,12,0,5,2,14,,27254,12,0,5,1,10,,27250,12,0,5,1,50,,27208,12,0,5,2,12,,27227,12,0,5,1,10,,27220,12,0,5,2,11,,27211,12,0,5,2,13,,27255,12,0,5,1,11,,27235,12,0,5,1,52,,27209,12,0,5,2,12,,27228,12,0,5,1,22,,27221,12,0,5,2,65,,27236,12,0,5,1,31,,27229,12,0,5,1,71,,27222,12,0,5,2,32,,27230,12,0,5,1,72,,27223,12,0,5,2,31,,27231,12,0,5,1,72,,27224,12,0,5,2,31,,27232,12,0,5,1,73,,27225,12,0,5,2,32,,27233,12,0,5,1,69,,27238,12,0,5,2,16,,27226,12,0,5,2,74,,27247,12,0,5,1,14,,27237,12,0,5,2,13,,27239,12,0,5,2,17,,27252,12,0,5,1,58,,27251,12,0,5,1,30,,27248,12,0,5,1,71,,27212,12,0,5,2,31,,27249,12,0,5,1,69,,27213,12,0,5,1,28,,27234,12,0,5,1,68,,27241,12,0,5,2,29,,27214,12,0,5,1,70,,27242,12,0,5,2,30,,27215,12,0,5,1,70,,27243,12,0,5,2,30,,27216,12,0,5,1,70,,27244,12,0,5,2,29,,27217,12,0,5,1,71,,27245,12,0,5,2,29,,27218,12,0,5,1,69,,27246,12,0,5,2,29,,27219,12,0,5,1
7002,'H60J000A-80-A',1112,,27266,17,0,80 1 81,1,34,,27260,17,0,80 1 81,1,74,,27267,17,0,80 1 81,1,35,,27277,17,0,80 1 81,1,75,,27278,17,0,80 1 81,1,75,,27284,17,0,80 1 81,2,35,,27268,17,0,80 1 81,1,76,,27285,17,0,80 1 81,2,35,,27269,17,0,80 1 81,1,75,,27286,17,0,80 1 81,2,75,,27270,17,0,80 1 81,1,35,,27287,17,0,80 1 81,2,75,,27258,17,0,80 1 81,1,35,,27293,17,0,80 1 81,2,71,,27259,17,0,80 1 81,1,28,,27288,17,0,80 1 81,1,70,,27279,17,0,80 1 81,1,31,,27289,17,0,80 1 81,1,71,,27280,17,0,80 1 81,1,31,,27290,17,0,80 1 81,1,71,,27281,17,0,80 1 81,1,32,,27291,17,0,80 1 81,1,75,,27282,17,0,80 1 81,1,75,,27292,17,0,80 1 81,1,35,,27262,17,0,80 1 81,1,73,,27274,17,0,80 1 81,1,34,,27283,17,0,80 1 81,1
7002,'H60J000I-80-I',1109,,27318,17,0,80 1 81,1,35,,27300,17,0,80 1 81,1,75,,27319,17,0,80 1 81,1,36,,27301,17,0,80 1 81,1,76,,27320,17,0,80 1 81,1,75,,27302,17,0,80 1 81,1,35,,27321,17,0,80 1 81,1,75,,27303,17,0,80 1 81,1,35,,27322,17,0,80 1 81,1,75,,27323,17,0,80 1 81,1,75,,27326,17,0,80 1 81,1,35,,27324,17,0,80 1 81,1,74,,27325,17,0,80 1 81,1,35,,27314,17,0,80 1 81,2,74,,27310,17,0,80 1 81,1,26,,27327,17,0,80 1 81,2,65,,27315,17,0,80 1 81,1,28,,27328,17,0,80 1 81,2,72,,27316,17,0,80 1 81,1,32,,27329,17,0,80 1 81,2,72,,27317,17,0,80 1 81,1,33,,27311,17,0,80 1 81,2,75,,27295,17,0,80 1 81,2,35,,27304,17,0,80 1 81,1,75,,27294,17,0,80 1 81,2,75,,27305,17,0,80 1 81,1,35,,27308,17,0,80 1 81,1
7002,'H60JV00A-80-A',1112,,27396,17,0,80 1 81,1,34,,27410,17,0,80 1 81,1,74,,27397,17,0,80 1 81,1,35,,27411,17,0,80 1 81,1,75,,27403,17,0,80 1 81,1,75,,27389,17,0,80 1 81,2,35,,27398,17,0,80 1 81,1,76,,27390,17,0,80 1 81,2,35,,27399,17,0,80 1 81,1,75,,27391,17,0,80 1 81,2,75,,27400,17,0,80 1 81,1,35,,27392,17,0,80 1 81,2,75,,27384,17,0,80 1 81,1,35,,27408,17,0,80 1 81,2,71,,27385,17,0,80 1 81,1,28,,27415,17,0,80 1 81,1,70,,27404,17,0,80 1 81,1,31,,27416,17,0,80 1 81,1,71,,27405,17,0,80 1 81,1,31,,27417,17,0,80 1 81,1,71,,27406,17,0,80 1 81,1,32,,27418,17,0,80 1 81,1,75,,27407,17,0,80 1 81,1,75,,27419,17,0,80 1 81,1,35,,27413,17,0,80 1 81,1,73,,27409,17,0,80 1 81,1,34,,27414,17,0,80 1 81,1
7002,'H60JV00I-80-I',1109,,27441,17,0,80 1 81,1,35,,27452,17,0,80 1 81,1,75,,27442,17,0,80 1 81,1,36,,27453,17,0,80 1 81,1,76,,27425,17,0,80 1 81,1,75,,27454,17,0,80 1 81,1,35,,27426,17,0,80 1 81,1,75,,27455,17,0,80 1 81,1,35,,27427,17,0,80 1 81,1,75,,27428,17,0,80 1 81,1,75,,27440,17,0,80 1 81,1,35,,27429,17,0,80 1 81,1,74,,27430,17,0,80 1 81,1,35,,27422,17,0,80 1 81,2,74,,27421,17,0,80 1 81,1,26,,27435,17,0,80 1 81,2,65,,27443,17,0,80 1 81,1,28,,27436,17,0,80 1 81,2,72,,27444,17,0,80 1 81,1,32,,27437,17,0,80 1 81,2,72,,27445,17,0,80 1 81,1,33,,27446,17,0,80 1 81,2,75,,27447,17,0,80 1 81,2,35,,27434,17,0,80 1 81,1,75,,27431,17,0,80 1 81,2,75,,27439,17,0,80 1 81,1,35,,27438,17,0,80 1 81,1
