1703,'H56M000S-70-S',531,,88421,24,0,8,1
1703,'H60M000A-71-A',510,,88422,24,0,8,1,45,,88432,24,0,8,1,77,,88423,24,0,8,1,81,,88433,24,0,8,1,38,,88424,24,0,8,1,85,,88434,24,0,8,1,87,,88425,24,0,8,1,85,,88435,24,0,8,1,39,,88443,24,0,8,1,85,,88426,24,0,8,1,84,,88436,24,0,8,1,43,,88444,24,0,8,1,81,,88427,24,0,8,1,82,,88439,24,0,8,1,81,,88448,24,0,8,1,41,,88428,24,0,8,1,80,,88440,24,0,8,1,80,,88445,24,0,8,1,39,,88429,24,0,8,1,76,,88441,24,0,8,1,38,,88446,24,0,8,1,78,,88430,24,0,8,1,75,,88442,24,0,8,1,33,,88447,24,0,8,1,85,,88437,24,0,8,1,81,,88449,24,0,8,1,44,,88438,24,0,8,1,81,,88450,24,0,8,1,82,,88431,24,0,8,1,41,,88451,24,0,8,1
1703,'H60M000I-71-I',516,,88481,24,0,8,1,32,,88461,24,0,8,1,74,,88452,24,0,8,1,84,,88460,24,0,8,1,35,,88453,24,0,8,1,84,,88462,24,0,8,1,79,,88454,24,0,8,1,45,,88463,24,0,8,1,83,,88455,24,0,8,1,85,,88464,24,0,8,1,83,,88456,24,0,8,1,38,,88473,24,0,8,1,78,,88465,24,0,8,1,40,,88457,24,0,8,1,80,,88474,24,0,8,1,80,,88466,24,0,8,1,42,,88458,24,0,8,1,81,,88475,24,0,8,1,81,,88467,24,0,8,1,81,,88459,24,0,8,1,40,,88476,24,0,8,1,84,,88468,24,0,8,1,83,,88477,24,0,8,1,44,,88469,24,0,8,1,81,,88478,24,0,8,1,83,,88470,24,0,8,1,43,,88479,24,0,8,1,83,,88471,24,0,8,1,80,,88480,24,0,8,1,79,,88472,24,0,8,1
1703,'H60M000S-71-S',510,,88487,24,0,8,1,10,,88482,7,0,8,1,21,,88483,24,0,8,1,14,,88486,24,0,8,1,58,,88497,24,0,8,1,34,,88488,24,0,8,1,79,,88484,24,0,8,1,75,,88498,24,0,8,1,33,,88508,24,0,8,1,73,,88489,24,0,8,1,33,,88485,24,0,8,1,70,,88499,24,0,8,1,35,,88509,24,0,8,1,75,,88490,24,0,8,1,35,,88500,24,0,8,1,78,,88510,24,0,8,1,77,,88491,24,0,8,1,37,,88501,24,0,8,1,78,,88511,24,0,8,1,29,,88518,24,0,8,1,70,,88492,24,0,8,1,33,,88502,24,0,8,1,73,,88512,24,0,8,1,71,,88519,24,0,8,1,29,,88493,24,0,8,1,70,,88503,24,0,8,1,32,,88513,24,0,8,1,68,,88520,24,0,8,1,24,,88494,24,0,8,1,29,,88504,24,0,8,1,71,,88514,24,0,8,1,30,,88495,24,0,8,1,71,,88505,24,0,8,1,30,,88515,24,0,8,1,70,,88496,24,0,8,1,32,,88506,24,0,8,1,78,,88516,24,0,8,1,84,,88507,24,0,8,1,36,,88517,24,0,8,1
1703,'H60M100F-71-F1',516,,88549,24,0,8,1,32,,88529,24,0,8,1,74,,88521,24,0,8,1,84,,88530,24,0,8,1,35,,88522,24,0,8,1,84,,88531,24,0,8,1,79,,88523,24,0,8,1,45,,88532,24,0,8,1,83,,88524,24,0,8,1,85,,88533,24,0,8,1,83,,88525,24,0,8,1,38,,88542,24,0,8,1,78,,88534,24,0,8,1,40,,88526,24,0,8,1,80,,88544,24,0,8,1,80,,88535,24,0,8,1,42,,88527,24,0,8,1,81,,88543,24,0,8,1,81,,88536,24,0,8,1,81,,88528,24,0,8,1,40,,88550,24,0,8,1,84,,88537,24,0,8,1,83,,88545,24,0,8,1,44,,88538,24,0,8,1,81,,88546,24,0,8,1,83,,88540,24,0,8,1,43,,88547,24,0,8,1,83,,88539,24,0,8,1,80,,88548,24,0,8,1,79,,88541,24,0,8,1
1703,'H60M200F-71-F2',516,,88580,24,0,8,1,32,,88559,24,0,8,1,74,,88551,24,0,8,1,84,,88560,24,0,8,1,35,,88552,24,0,8,1,84,,88561,24,0,8,1,79,,88553,24,0,8,1,45,,88562,24,0,8,1,83,,88554,24,0,8,1,85,,88564,24,0,8,1,83,,88555,24,0,8,1,38,,88572,24,0,8,1,78,,88563,24,0,8,1,40,,88556,24,0,8,1,80,,88573,24,0,8,1,80,,88565,24,0,8,1,42,,88557,24,0,8,1,81,,88574,24,0,8,1,81,,88566,24,0,8,1,81,,88558,24,0,8,1,40,,88575,24,0,8,1,84,,88567,24,0,8,1,83,,88576,24,0,8,1,44,,88568,24,0,8,1,81,,88577,24,0,8,1,83,,88569,24,0,8,1,43,,88578,24,0,8,1,83,,88570,24,0,8,1,80,,88579,24,0,8,1,79,,88571,24,0,8,1
1703,'H60M300F-80-F3',516,,165445,24,0,8,1,30,,165424,24,0,8,1,74,,165416,24,0,8,1,84,,165425,24,0,8,1,35,,165417,24,0,8,1,84,,165426,24,0,8,1,79,,165418,24,0,8,1,45,,165427,24,0,8,1,83,,165419,24,0,8,1,85,,165428,24,0,8,1,85,,165420,24,0,8,1,36,,165437,24,0,8,1,80,,165429,24,0,8,1,40,,165421,24,0,8,1,80,,165438,24,0,8,1,80,,165430,24,0,8,1,40,,165422,24,0,8,1,81,,165439,24,0,8,1,82,,165431,24,0,8,1,82,,165423,24,0,8,1,38,,165440,24,0,8,1,84,,165432,24,0,8,1,83,,165441,24,0,8,1,44,,165433,24,0,8,1,81,,165442,24,0,8,1,83,,165434,24,0,8,1,42,,165443,24,0,8,1,82,,165435,24,0,8,1,81,,165444,24,0,8,1,82,,165436,24,0,8,1
37103,'H50M000A-70-A',2554,,155192,30,0,8,1,71,,155194,30,0,8,2,27,,155196,30,0,8,1,71,,155191,30,0,8,1,30,,155193,30,0,8,1,70,,155195,30,0,8,2,29,,155197,30,0,8,1
37103,'H50M000I-70-I',2553,,155198,30,0,8,1,69,,155201,30,0,8,2,31,,155199,30,0,8,1,70,,155204,30,0,8,1,30,,155203,30,0,8,1,70,,155202,30,0,8,2,31,,155200,30,0,8,1
37103,'H50M000S-70-S',2552,,155207,30,0,8,1,70,,155208,30,0,8,2,30,,155205,30,0,8,1,68,,155211,30,0,8,2,31,,155206,30,0,8,2,72,,155209,30,0,8,2,30,,155210,30,0,8,1
37103,'H50M100F-70-F1',2553,,155212,30,0,8,1,69,,155215,30,0,8,2,31,,155213,30,0,8,1,70,,155218,30,0,8,1,30,,155217,30,0,8,1,70,,155216,30,0,8,2,31,,155214,30,0,8,1
37103,'H50M200F-70-F2',2553,,155219,30,0,8,1,69,,155222,30,0,8,2,31,,155220,30,0,8,1,70,,155225,30,0,8,1,30,,155224,30,0,8,1,70,,155223,30,0,8,2,31,,155221,30,0,8,1
37103,'H50M300F-80-F3',2553,,175955,30,0,8,1,69,,175957,30,0,8,1,31,,175960,30,0,8,1,70,,175959,30,0,8,1,30,,175956,30,0,8,1,70,,175958,30,0,8,1,31,,175961,30,0,8,1
