4001,'H54M000S-70-S',552,,98438,20,,,2,77,,98437,20,,,1,85,,98444,20,,,1,20,,98439,20,,,2,20,,98445,20,,,1,71,,98446,20,,,1,79,,98450,20,,,1,40,,98440,20,,,2,78,,98447,20,,,1,79,,98451,20,,,1,39,,98441,20,,,2,81,,98448,20,,,1,38,,98452,20,,,1,78,,98442,20,,,2,79,,98449,20,,,1,39,,98453,20,,,1,77,,98443,20,,,2,75,,98458,21,,,1,35,,98457,20,,,2,66,,98454,20,,,1,42,,98456,20,,,1,76,,98459,20,,,1,76,,98455,20,,,1
4001,'H54M200F-70-F2',552,,98471,20,,,1,77,,98479,20,,,1,85,,98477,20,,,1,20,,98472,20,,,1,20,,98470,20,,,1,71,,98467,20,,,1,79,,98460,20,,,1,40,,98473,20,,,1,78,,98466,20,,,1,79,,98461,20,,,1,39,,98474,20,,,1,81,,98468,20,,,1,38,,98462,20,,,1,78,,98475,20,,,1,79,,98469,20,,,1,39,,98463,20,,,1,77,,98476,20,,,1,75,,98464,21,,,2,35,,98465,20,,,1,66,,98480,20,,,1,42,,98482,20,,,2,76,,98478,20,,,1,76,,98481,20,,,1
8601,'H54M000A-70-A',546,,113278,91,,,1,74,,113279,91,,,1,36,,113280,91,,,1,72,,113301,91,,,1,72,,113294,91,,,1,32,,113308,91,,,1,72,,113286,91,,,2,37,,113281,91,,,1,73,,113302,91,,,1,33,,113295,91,,,1,73,,113310,91,,,1,33,,113287,91,,,2,73,,113282,91,,,1,33,,113303,91,,,1,75,,113296,91,,,1,74,,113311,91,,,1,33,,113288,91,,,2,72,,113283,91,,,1,32,,113304,91,,,1,73,,113297,91,,,1,33,,113312,91,,,1,73,,113289,91,,,2,31,,113284,91,,,1,73,,113306,91,,,1,73,,113298,91,,,1,33,,113313,91,,,1,72,,113290,91,,,2,32,,113285,91,,,1,72,,113307,91,,,1,32,,113299,91,,,1,71,,113314,91,,,1,29,,113316,91,,,1,67,,113293,91,,,1,30,,113305,91,,,1,70,,113300,91,,,1,32,,113315,91,,,1,72,,113309,91,,,1,31,,113292,91,,,1,69,,113291,91,,,1
8601,'H54M000I-70-I',542,,113317,91,,,1,71,,113325,91,,,1,33,,113334,91,,,1,73,,113340,91,,,2,35,,113318,91,,,1,73,,113326,91,,,1,31,,113341,91,,,2,72,,113342,91,,,2,74,,113347,91,,,1,34,,113319,91,,,1,73,,113329,91,,,1,33,,113335,91,,,1,75,,113343,91,,,2,33,,113348,91,,,1,73,,113320,91,,,1,32,,113330,91,,,1,72,,113336,91,,,1,72,,113344,91,,,2,32,,113349,91,,,1,72,,113321,91,,,1,32,,113331,91,,,1,72,,113337,91,,,1,32,,113345,91,,,2,72,,113350,91,,,1,33,,113322,91,,,1,71,,113332,91,,,1,31,,113338,91,,,1,72,,113346,91,,,2,31,,113351,91,,,1,71,,113323,91,,,1,30,,113333,91,,,1,71,,113339,91,,,1,31,,113353,91,,,2,69,,113327,91,,,1,29,,113324,91,,,1,68,,113355,91,,,1,28,,113352,91,,,1,70,,113354,91,,,1,32,,113328,91,,,1
8601,'H54M000S-70-S',554,,113357,91,,,1,69,,113365,91,,,2,29,,113368,91,,,2,77,,113380,91,,,1,73,,113373,91,,,2,29,,113358,91,,,1,70,,113356,91,,,1,30,,113369,91,,,2,71,,113374,91,,,1,30,,113381,91,,,1,70,,113359,91,,,1,29,,113362,91,,,1,72,,113370,91,,,2,32,,113366,91,,,1,69,,113375,91,,,1,29,,113382,91,,,1,69,,113360,91,,,1,32,,113363,91,,,1,70,,113371,91,,,2,31,,113367,91,,,1,73,,113376,91,,,1,32,,113383,91,,,1,72,,113361,91,,,1,26,,113364,91,,,1,68,,113372,91,,,2,31,,113387,91,,,1,68,,113377,91,,,1,29,,113384,91,,,1,69,,113391,91,,,2,27,,113395,91,,,2,29,,113388,91,,,1,69,,113378,91,,,1,29,,113385,91,,,1,69,,113392,91,,,2,28,,113396,91,,,2,66,,113389,91,,,1,30,,113379,91,,,1,67,,113386,91,,,1,29,,113394,91,,,1,70,,113393,91,,,1,30,,113390,91,,,1
8601,'H54M100F-70-F1',542,,113397,91,,,2,71,,113405,91,,,1,33,,113407,91,,,1,73,,113415,91,,,1,35,,113399,91,,,2,73,,113406,91,,,1,31,,113420,91,,,1,72,,113421,91,,,2,74,,113416,91,,,1,34,,113400,91,,,2,73,,113427,91,,,2,33,,113408,91,,,1,75,,113422,91,,,2,33,,113417,91,,,1,73,,113401,91,,,2,32,,113430,91,,,2,72,,113409,91,,,1,72,,113423,91,,,2,32,,113414,91,,,1,72,,113398,91,,,2,32,,113428,91,,,2,72,,113410,91,,,1,32,,113424,91,,,2,72,,113418,91,,,1,33,,113402,91,,,2,71,,113429,91,,,2,31,,113411,91,,,1,72,,113425,91,,,2,31,,113426,91,,,1,71,,113403,91,,,2,30,,113431,91,,,2,71,,113412,91,,,1,31,,113432,91,,,2,69,,113433,91,,,1,29,,113404,91,,,2,68,,113419,91,,,1,28,,113413,91,,,1,70,,113435,91,,,2,32,,113434,91,,,1
8601,'H54M200F-70-F2',542,,113436,91,,,1,71,,113442,91,,,2,33,,113446,91,,,1,73,,113459,91,,,2,35,,113437,91,,,1,73,,113443,91,,,2,31,,113457,91,,,1,72,,113447,91,,,1,74,,113460,91,,,2,34,,113438,91,,,1,73,,113467,91,,,2,33,,113452,91,,,1,75,,113448,91,,,1,33,,113461,91,,,2,73,,113439,91,,,1,32,,113468,91,,,2,72,,113453,91,,,1,72,,113449,91,,,1,32,,113462,91,,,2,72,,113440,91,,,1,32,,113469,91,,,2,72,,113454,91,,,1,32,,113450,91,,,1,72,,113463,91,,,2,33,,113441,91,,,1,71,,113444,91,,,1,31,,113455,91,,,1,72,,113451,91,,,1,31,,113464,91,,,2,71,,113473,91,,,2,30,,113445,91,,,1,71,,113471,91,,,1,31,,113466,91,,,1,69,,113456,91,,,1,29,,113474,91,,,2,68,,113465,91,,,1,28,,113472,91,,,1,70,,113470,91,,,1,32,,113458,91,,,1
8601,'H54M300F-70-F3',542,,113482,91,,,1,71,,113476,91,,,1,33,,113500,91,,,1,73,,113511,91,,,2,35,,113483,91,,,1,73,,113477,91,,,1,31,,113480,91,,,2,72,,113490,91,,,2,74,,113495,91,,,1,34,,113484,91,,,1,73,,113506,91,,,1,33,,113501,91,,,1,75,,113491,91,,,2,33,,113496,91,,,1,73,,113485,91,,,1,32,,113507,91,,,1,72,,113502,91,,,1,72,,113492,91,,,2,32,,113497,91,,,1,72,,113486,91,,,1,32,,113508,91,,,1,72,,113503,91,,,1,32,,113493,91,,,2,72,,113498,91,,,1,33,,113488,91,,,1,71,,113509,91,,,1,31,,113504,91,,,1,72,,113494,91,,,2,31,,113499,91,,,1,71,,113487,91,,,1,30,,113510,91,,,1,71,,113505,91,,,1,31,,113481,91,,,2,69,,113479,91,,,1,29,,113489,91,,,1,68,,113513,91,,,1,28,,113512,91,,,1,70,,113475,91,,,1,32,,113478,91,,,1
42801,'H54M000S-70-S',1510,,155937,11,,,1,29,,155936,11,,,1,71,,155934,11,,,2,30,,155940,11,,,1,69,,155938,11,,,2,30,,155941,11,,,1,72,,155935,11,,,2,30,,155939,11,,,1
42801,'H54M200F-70-F2',1510,,155949,11,,,1,29,,155946,11,,,1,70,,155943,11,,,2,31,,155945,11,,,2,70,,155948,11,,,1,30,,155950,11,,,2,71,,155947,11,,,2,30,,155942,11,,,1,66,,155944,11,,,1
42801,'H59M000S-70-S',1907,,155951,11,,,1
