9701,'H51J000S-80-S',1721,,31441,4,,2
9701,'H51JV00S-84-S',1721,,31442,4,,2
9701,'H57J000A-80-A',526,,31443,4,,1,33,,31446,4,,1,75,,31462,4,,1,73,,31454,4,,1,33,,31447,4,,1,78,,31463,4,,1,31,,31455,4,,1,70,,31448,4,,1,33,,31464,4,,1,71,,31456,4,,1,35,,31449,4,,1,71,,31468,4,,1,72,,31457,4,,1,28,,31473,4,,1,24,,31450,4,,1,61,,31469,4,,1,21,,31477,4,,1,22,,31458,4,,1,58,,31480,4,,1,17,,31474,4,,1,16,,31451,4,,1,56,,31488,4,,1,15,,31470,4,,1,16,,31478,4,,1,16,,31459,4,,1,56,,31481,4,,1,16,,31475,4,,1,15,,31452,4,,1,16,,31489,4,,1,55,,31471,4,,1,13,,31482,4,,1,11,,31479,4,,1,10,,31493,4,,2,10,,31460,4,,1,50,,31499,4,,2,10,,31476,4,,1,9,,31466,4,,1,11,,31453,4,,1,12,,31490,4,,1,10,,31472,4,,1,51,,31483,4,,1,12,,31465,4,,1,15,,31494,4,,2,20,,31461,4,,1,69,,31491,4,,1,32,,31484,4,,1,73,,31495,4,,2,73,,31492,4,,1,33,,31485,4,,1,72,,31496,4,,2,30,,31444,4,,1,68,,31486,4,,1,30,,31497,4,,2,68,,31445,4,,1,32,,31487,4,,1,69,,31498,4,,2,23,,31467,4,,1
9701,'H57J000I-80-I',528,,31507,4,,1,29,,31500,4,,1,72,,31517,4,,1,73,,31508,4,,1,33,,31516,4,,1,75,,31518,4,,1,31,,31509,4,,1,70,,31530,4,,1,30,,31519,4,,1,79,,31510,4,,1,31,,31501,4,,1,73,,31520,4,,1,35,,31511,4,,1,70,,31502,4,,1,24,,31539,4,,1,65,,31521,4,,1,25,,31512,4,,1,58,,31536,4,,2,18,,31503,4,,1,17,,31540,4,,1,17,,31543,4,,1,57,,31522,4,,1,18,,31513,4,,1,18,,31537,4,,2,59,,31504,4,,1,18,,31541,4,,1,18,,31544,4,,1,18,,31523,4,,1,54,,31514,4,,1,13,,31538,4,,2,10,,31524,4,,1,9,,31505,4,,1,9,,31551,4,,2,49,,31542,4,,1,10,,31531,4,,1,14,,31545,4,,1,15,,31546,4,,1,16,,31515,4,,1,59,,31525,4,,1,31,,31532,4,,1,68,,31547,4,,1,32,,31526,4,,1,71,,31533,4,,1,30,,31548,4,,1,70,,31527,4,,1,32,,31534,4,,1,70,,31549,4,,1,28,,31528,4,,1,67,,31535,4,,1,31,,31550,4,,1,73,,31529,4,,1,33,,31506,4,,1
9701,'H57J000S-81-S',535,,31557,4,,1,23,,31563,4,,1,69,,31560,4,,1,32,,31558,4,,1,72,,31564,4,,1,74,,31561,4,,1,27,,31584,4,,1,15,,31578,4,,1,66,,31586,4,,1,33,,31577,4,,1,73,,31585,4,,1,31,,31579,4,,1,70,,31587,4,,1,30,,31565,4,,1,69,,31580,4,,1,23,,31573,4,,1,60,,31554,4,,1,23,,31588,4,,1,23,,31566,4,,1,62,,31581,4,,1,23,,31574,4,,1,19,,31555,4,,1,59,,31569,4,,1,18,,31589,4,,1,18,,31567,4,,1,10,,31599,4,,1,50,,31582,4,,1,11,,31602,4,,2,10,,31575,4,,1,9,,31608,4,,1,10,,31556,4,,1,11,,31616,4,,1,49,,31609,4,,1,8,,31570,4,,1,12,,31590,4,,1,6,,31583,4,,1,17,,31600,4,,2,5,,31568,4,,1,46,,31562,4,,1,5,,31559,4,,1,6,,31604,4,,1,6,,31610,4,,1,5,,31611,4,,1,7,,31576,4,,1,7,,31603,4,,2,5,,31592,4,,1,9,,31617,4,,1,8,,31591,4,,1,50,,31571,4,,1,9,,31598,4,,2,10,,31552,4,,1,14,,31601,4,,2,16,,31593,4,,1,59,,31612,4,,1,20,,31618,4,,1,20,,31605,4,,1,59,,31553,4,,1,19,,31594,4,,1,71,,31613,4,,1,32,,31606,4,,1,69,,31595,4,,1,30,,31614,4,,1,71,,31607,4,,1,27,,31596,4,,1,68,,31615,4,,1,27,,31572,4,,1,26,,31597,4,,1
9701,'H57JV00A-80-A',526,,31621,4,,1,33,,31651,4,,1,75,,31624,4,,1,73,,31659,4,,1,33,,31652,4,,1,78,,31625,4,,1,31,,31660,4,,1,70,,31653,4,,1,33,,31626,4,,1,71,,31661,4,,1,35,,31654,4,,1,71,,31667,4,,1,72,,31662,4,,1,28,,31633,4,,1,24,,31655,4,,1,61,,31668,4,,1,21,,31630,4,,1,22,,31663,4,,1,58,,31637,4,,1,17,,31634,4,,1,16,,31656,4,,1,56,,31671,4,,1,15,,31669,4,,1,16,,31631,4,,1,16,,31664,4,,1,56,,31638,4,,1,16,,31635,4,,1,15,,31657,4,,1,16,,31672,4,,1,55,,31670,4,,1,13,,31639,4,,1,11,,31632,4,,1,10,,31645,4,,2,10,,31665,4,,1,50,,31620,4,,2,10,,31636,4,,1,9,,31628,4,,1,11,,31658,4,,1,12,,31673,4,,1,10,,31629,4,,1,51,,31640,4,,1,12,,31627,4,,1,15,,31646,4,,2,20,,31666,4,,1,69,,31674,4,,1,32,,31641,4,,1,73,,31647,4,,2,73,,31675,4,,1,33,,31642,4,,1,72,,31648,4,,2,30,,31622,4,,1,68,,31643,4,,1,30,,31649,4,,2,68,,31623,4,,1,32,,31644,4,,1,69,,31650,4,,2,23,,31619,4,,1
9701,'H57JV00I-80-I',528,,31703,4,,1,29,,31696,4,,1,72,,31712,4,,1,73,,31704,4,,1,33,,31676,4,,1,75,,31713,4,,1,31,,31705,4,,1,70,,31683,4,,1,30,,31714,4,,1,79,,31706,4,,1,31,,31697,4,,1,73,,31715,4,,1,35,,31707,4,,1,70,,31698,4,,1,24,,31692,4,,1,65,,31716,4,,1,25,,31708,4,,1,58,,31719,4,,2,18,,31699,4,,1,17,,31693,4,,1,17,,31722,4,,1,57,,31717,4,,1,18,,31709,4,,1,18,,31720,4,,2,59,,31700,4,,1,18,,31694,4,,1,18,,31723,4,,1,18,,31718,4,,1,54,,31710,4,,1,13,,31721,4,,2,10,,31677,4,,1,9,,31701,4,,1,9,,31691,4,,2,49,,31695,4,,1,10,,31684,4,,1,14,,31724,4,,1,15,,31725,4,,1,16,,31711,4,,1,59,,31678,4,,1,31,,31685,4,,1,68,,31726,4,,1,32,,31679,4,,1,71,,31686,4,,1,30,,31727,4,,1,70,,31680,4,,1,32,,31687,4,,1,70,,31689,4,,1,28,,31681,4,,1,67,,31688,4,,1,31,,31690,4,,1,73,,31682,4,,1,33,,31702,4,,1
9701,'H57JV00S-83-S',535,,31740,4,,1,23,,31746,4,,1,69,,31743,4,,1,32,,31741,4,,1,72,,31747,4,,1,74,,31744,4,,1,27,,31759,4,,1,15,,31761,4,,1,66,,31774,4,,1,33,,31758,4,,1,73,,31760,4,,1,31,,31762,4,,1,70,,31775,4,,1,30,,31754,4,,1,69,,31767,4,,1,23,,31763,4,,1,60,,31730,4,,1,23,,31776,4,,1,23,,31755,4,,1,62,,31768,4,,1,23,,31764,4,,1,19,,31731,4,,1,59,,31772,4,,1,18,,31777,4,,1,18,,31756,4,,1,10,,31780,4,,1,50,,31769,4,,1,11,,31783,4,,2,10,,31765,4,,1,9,,31785,4,,1,10,,31732,4,,1,11,,31786,4,,1,49,,31773,4,,1,8,,31789,4,,1,12,,31778,4,,1,6,,31794,4,,1,17,,31781,4,,2,5,,31757,4,,1,46,,31745,4,,1,5,,31742,4,,1,6,,31733,4,,1,6,,31770,4,,1,5,,31748,4,,1,7,,31766,4,,1,7,,31784,4,,2,5,,31734,4,,1,9,,31787,4,,1,8,,31779,4,,1,50,,31790,4,,1,9,,31771,4,,1,10,,31728,4,,1,14,,31782,4,,2,16,,31735,4,,1,59,,31749,4,,1,20,,31788,4,,1,20,,31791,4,,1,59,,31729,4,,1,19,,31736,4,,1,71,,31750,4,,1,32,,31792,4,,1,69,,31737,4,,1,30,,31751,4,,1,71,,31793,4,,1,27,,31738,4,,1,68,,31752,4,,1,27,,31753,4,,1,26,,31739,4,,1
9701,'H59J000S-81-S',1739,,31796,4,,2,5,,31795,4,,1
9701,'H59JV00S-83-S',1739,,31798,4,,2,5,,31797,4,,1
13904,'H58J000A-83-A',526,,46457,0,9,1,26,,46485,0,9,1,65,,46490,0,9,1,22,,46475,0,9,2,15,,46458,0,9,1,53,,46493,0,9,2,12,,46495,0,9,1,11,,46486,0,9,1,10,,46477,0,9,1,11,,46491,0,9,1,51,,46496,0,9,2,11,,46489,0,9,1,11,,46476,0,9,2,11,,46459,0,9,1,10,,46467,0,9,1,12,,46494,0,9,2,68,,46478,0,9,1,30,,46497,0,9,2,72,,46460,0,9,1,31,,46468,0,9,1,70,,46479,0,9,1,30,,46498,0,9,2,71,,46461,0,9,1,71,,46469,0,9,1,31,,46480,0,9,1,70,,46499,0,9,2,30,,46462,0,9,1,70,,46470,0,9,1,29,,46481,0,9,1,70,,46500,0,9,2,30,,46463,0,9,1,70,,46471,0,9,1,28,,46482,0,9,1,30,,46501,0,9,2,61,,46464,0,9,1,29,,46472,0,9,1,70,,46483,0,9,1,29,,46502,0,9,2,69,,46465,0,9,1,30,,46473,0,9,1,70,,46484,0,9,1,30,,46503,0,9,2,62,,46466,0,9,1,20,,46474,0,9,1,19,,46504,0,9,2,63,,46487,0,9,1,31,,46505,0,9,2,71,,46488,0,9,1,31,,46492,0,9,2,73,,46506,0,9,2
13904,'H58J000I-81-I',525,,46507,0,9,1,30,,46526,0,9,1,61,,46529,0,9,1,21,,46511,0,9,2,20,,46508,0,9,1,57,,46517,0,9,1,15,,46527,0,9,1,17,,46538,0,9,2,56,,46530,0,9,1,16,,46512,0,9,2,16,,46509,0,9,1,13,,46547,0,9,2,63,,46518,0,9,1,22,,46539,0,9,2,27,,46531,0,9,1,66,,46513,0,9,2,31,,46519,0,9,1,68,,46540,0,9,2,33,,46532,0,9,1,72,,46514,0,9,2,28,,46520,0,9,1,70,,46541,0,9,2,31,,46533,0,9,1,69,,46515,0,9,2,30,,46521,0,9,1,70,,46542,0,9,2,31,,46534,0,9,1,66,,46516,0,9,2,29,,46522,0,9,1,69,,46543,0,9,2,31,,46548,0,9,2,69,,46535,0,9,1,29,,46523,0,9,1,68,,46544,0,9,2,28,,46549,0,9,2,69,,46536,0,9,1,29,,46524,0,9,1,68,,46545,0,9,2,24,,46550,0,9,2,64,,46537,0,9,1,26,,46528,0,9,2,25,,46525,0,9,1,64,,46551,0,9,2,27,,46510,0,9,1,68,,46546,0,9,1,30,,46552,0,9,2,72,,46553,0,9,2
13904,'H58J000S-81-S',528,,46564,0,9,2,73,,46571,0,9,1,35,,46554,0,9,1,71,,46565,0,9,2,34,,46574,0,9,1,70,,46572,0,9,1,30,,46555,0,9,1,67,,46566,0,9,2,30,,46575,0,9,1,70,,46573,0,9,1,30,,46556,0,9,1,69,,46567,0,9,2,30,,46576,0,9,1,71,,46588,0,9,2,30,,46557,0,9,1,71,,46568,0,9,2,32,,46577,0,9,1,70,,46589,0,9,2,32,,46558,0,9,1,70,,46569,0,9,2,31,,46578,0,9,1,75,,46590,0,9,2,32,,46559,0,9,1,71,,46570,0,9,2,30,,46579,0,9,1,68,,46584,0,9,1,28,,46591,0,9,2,66,,46560,0,9,1,28,,46580,0,9,1,68,,46585,0,9,1,29,,46592,0,9,2,69,,46561,0,9,1,30,,46581,0,9,1,70,,46586,0,9,1,30,,46593,0,9,2,69,,46562,0,9,1,26,,46582,0,9,1,70,,46587,0,9,1,29,,46594,0,9,2,26,,46563,0,9,1,60,,46583,0,9,1
13904,'H58JV00A-80-A',526,,46605,0,9,1,26,,46641,0,9,1,65,,46600,0,9,1,22,,46598,0,9,2,15,,46606,0,9,1,53,,46602,0,9,2,12,,46597,0,9,1,11,,46642,0,9,1,10,,46633,0,9,1,11,,46601,0,9,1,51,,46617,0,9,2,11,,46644,0,9,1,11,,46599,0,9,2,11,,46607,0,9,1,10,,46625,0,9,1,12,,46603,0,9,2,68,,46634,0,9,1,30,,46618,0,9,2,72,,46608,0,9,1,31,,46626,0,9,1,70,,46635,0,9,1,30,,46619,0,9,2,71,,46609,0,9,1,71,,46627,0,9,1,31,,46636,0,9,1,70,,46620,0,9,2,30,,46610,0,9,1,70,,46628,0,9,1,29,,46637,0,9,1,70,,46621,0,9,2,30,,46611,0,9,1,70,,46629,0,9,1,28,,46638,0,9,1,30,,46622,0,9,2,61,,46612,0,9,1,29,,46630,0,9,1,70,,46639,0,9,1,29,,46623,0,9,2,69,,46613,0,9,1,30,,46631,0,9,1,70,,46640,0,9,1,30,,46624,0,9,2,62,,46614,0,9,1,20,,46632,0,9,1,19,,46604,0,9,2,63,,46643,0,9,1,31,,46615,0,9,2,71,,46595,0,9,1,31,,46596,0,9,2,73,,46616,0,9,2
13904,'H58JV00I-80-I',525,,46688,0,9,1,30,,46646,0,9,1,61,,46679,0,9,1,21,,46673,0,9,2,20,,46689,0,9,1,57,,46664,0,9,1,15,,46647,0,9,1,17,,46656,0,9,2,56,,46680,0,9,1,16,,46674,0,9,2,16,,46690,0,9,1,13,,46654,0,9,2,63,,46665,0,9,1,22,,46657,0,9,2,27,,46681,0,9,1,66,,46675,0,9,2,31,,46666,0,9,1,68,,46658,0,9,2,33,,46682,0,9,1,72,,46676,0,9,2,28,,46667,0,9,1,70,,46659,0,9,2,31,,46683,0,9,1,69,,46677,0,9,2,30,,46668,0,9,1,70,,46660,0,9,2,31,,46684,0,9,1,66,,46678,0,9,2,29,,46669,0,9,1,69,,46661,0,9,2,31,,46651,0,9,2,69,,46685,0,9,1,29,,46670,0,9,1,68,,46662,0,9,2,28,,46652,0,9,2,69,,46686,0,9,1,29,,46671,0,9,1,68,,46663,0,9,2,24,,46653,0,9,2,64,,46687,0,9,1,26,,46648,0,9,2,25,,46672,0,9,1,64,,46649,0,9,2,27,,46655,0,9,1,68,,46645,0,9,1,30,,46650,0,9,2,72,,46691,0,9,2
13904,'H58JV00S-82-S',528,,46702,0,9,2,73,,46709,0,9,1,35,,46692,0,9,1,71,,46703,0,9,2,34,,46712,0,9,1,70,,46710,0,9,1,30,,46693,0,9,1,67,,46704,0,9,2,30,,46713,0,9,1,70,,46711,0,9,1,30,,46694,0,9,1,69,,46705,0,9,2,30,,46714,0,9,1,71,,46726,0,9,2,30,,46695,0,9,1,71,,46706,0,9,2,32,,46715,0,9,1,70,,46727,0,9,2,32,,46696,0,9,1,70,,46707,0,9,2,31,,46716,0,9,1,75,,46728,0,9,2,32,,46697,0,9,1,71,,46708,0,9,2,30,,46717,0,9,1,68,,46722,0,9,1,28,,46729,0,9,2,66,,46698,0,9,1,28,,46718,0,9,1,68,,46723,0,9,1,29,,46730,0,9,2,69,,46699,0,9,1,30,,46719,0,9,1,70,,46724,0,9,1,30,,46731,0,9,2,69,,46700,0,9,1,26,,46720,0,9,1,70,,46725,0,9,1,29,,46732,0,9,2,26,,46701,0,9,1,60,,46721,0,9,1
35504,'H54J000A-80-A',2545,,71221,0,9,1,84,,71226,0,9,2,85,,71223,0,9,1,45,,71225,0,9,1,85,,71222,0,9,1,65,,71224,0,9,1
35504,'H54J000I-80-I',2541,,71227,0,9,1,85,,71230,0,9,1,85,,71231,0,9,1,46,,71232,0,9,1,88,,71228,0,9,1,69,,71229,0,9,1
35504,'H54J000S-83-S',2544,,71237,0,9,1,84,,71235,0,9,1,85,,71233,0,9,1,45,,71234,0,9,1,84,,71238,0,9,1,72,,71236,0,9,1
35504,'H54JV00A-80-A',2545,,71239,0,9,1,84,,71243,0,9,2,85,,71241,0,9,1,45,,71242,0,9,1,85,,71240,0,9,1,65,,71244,0,9,1
35504,'H54JV00I-80-I',2541,,71246,0,9,1,85,,71250,0,9,1,85,,71248,0,9,1,46,,71249,0,9,1,88,,71247,0,9,1,69,,71245,0,9,1
35504,'H54JV00S-80-S',2544,,71255,0,9,1,84,,71253,0,9,1,85,,71252,0,9,1,45,,71251,0,9,1,84,,71256,0,9,1,72,,71254,0,9,1
43904,'H58J000A-83-A',830,,74359,0,74 1 37,1,20,,74365,0,74 1 37,1,51,,74383,0,74 1 37,1,8,,74377,0,74 1 37,1,12,,74395,0,74 1 37,1,6,,74412,0,74 1 37,1,9,,74406,0,74 1 37,1,11,,74418,0,74 1 37,1,7,,74389,0,74 1 37,1,49,,74372,0,74 1 37,1,6,,74429,0,74 1 37,1,10,,74399,0,74 1 37,1,7,,74438,4,,1,9,,74404,0,74 1 37,1,6,,74360,0,74 1 37,1,9,,74424,0,74 1 37,1,6,,74396,4,,1,50,,74366,0,74 1 37,1,6,,74384,0,74 1 37,1,9,,74378,0,74 1 37,1,6,,74413,4,,1,9,,74435,0,74 1 37,1,6,,74419,0,74 1 37,1,7,,74439,0,74 1 37,1,6,,74447,4,,1,47,,74407,0,74 1 37,1,6,,74442,0,74 1 37,1,8,,74391,0,74 1 37,1,9,,74373,0,74 1 37,1,6,,74367,4,,1,7,,74400,0,74 1 37,1,5,,74430,0,74 1 37,1,7,,74414,0,74 1 37,1,7,,74361,4,,1,45,,74405,0,74 1 37,1,7,,74397,0,74 1 37,1,6,,74436,0,74 1 37,1,10,,74425,0,74 1 37,1,6,,74379,4,,1,7,,74385,0,74 1 37,1,5,,74440,0,74 1 37,1,10,,74420,0,74 1 37,1,48,,74452,4,,1,7,,74368,0,74 1 37,1,7,,74443,0,74 1 37,1,8,,74448,0,74 1 37,1,7,,74408,4,,1,8,,74390,0,74 1 37,1,7,,74401,0,74 1 37,1,8,,74374,0,74 1 37,1,6,,74362,4,,1,49,,74431,0,74 1 37,1,5,,74398,0,74 1 37,1,10,,74415,0,74 1 37,1,7,,74454,4,,1,7,,74437,0,74 1 37,1,5,,74386,0,74 1 37,1,5,,74380,0,74 1 37,1,8,,74441,0,74 1 37,1,50,,74421,0,74 1 37,1,5,,74426,0,74 1 37,1,8,,74409,4,,1,8,,74369,0,74 1 37,1,8,,74392,0,74 1 37,1,6,,74444,0,74 1 37,1,9,,74363,4,,1,7,,74449,0,74 1 37,1,49,,74432,0,74 1 37,1,8,,74375,0,74 1 37,1,10,,74402,0,74 1 37,1,11,,74387,0,74 1 37,1,7,,74453,0,74 1 37,1,12,,74416,0,74 1 37,1,50,,74410,0,74 1 37,1,5,,74381,0,74 1 37,1,11,,74393,0,74 1 37,1,6,,74422,0,74 1 37,1,12,,74427,0,74 1 37,1,7,,74445,0,74 1 37,1,9,,74370,0,74 1 37,1,55,,74450,0,74 1 37,1,6,,74433,0,74 1 37,1,8,,74364,0,74 1 37,1,14,,74376,0,74 1 37,1,7,,74388,0,74 1 37,1,7,,74403,0,74 1 37,1,54,,74417,0,74 1 37,1,7,,74382,0,74 1 37,1,8,,74411,0,74 1 37,1,15,,74394,0,74 1 37,1,8,,74428,0,74 1 37,1,9,,74423,0,74 1 37,1,55,,74446,0,74 1 37,1,7,,74451,0,74 1 37,1,8,,74371,0,74 1 37,1,15,,74434,0,74 1 37,1
43904,'H58J000I-81-I',830,,74455,0,74 1 37,1,20,,74461,0,74 1 37,1,52,,74467,0,74 1 37,1,3,,74482,0,74 1 37,1,14,,74488,0,74 1 37,1,7,,74500,0,74 1 37,1,12,,74506,0,74 1 37,1,8,,74512,0,74 1 37,1,7,,74473,0,74 1 37,1,53,,74522,0,74 1 37,1,3,,74463,0,74 1 37,1,10,,74478,0,74 1 37,1,6,,74468,4,,1,10,,74494,0,74 1 37,1,4,,74456,0,74 1 37,1,10,,74510,0,74 1 37,1,6,,74516,4,,1,50,,74462,0,74 1 37,1,5,,74526,0,74 1 37,1,10,,74483,0,74 1 37,1,6,,74501,4,,1,9,,74489,0,74 1 37,1,4,,74513,0,74 1 37,1,11,,74507,0,74 1 37,1,4,,74531,4,,1,51,,74469,0,74 1 37,1,4,,74495,0,74 1 37,1,11,,74464,0,74 1 37,1,5,,74474,4,,1,10,,74523,0,74 1 37,1,5,,74479,0,74 1 37,1,10,,74457,0,74 1 37,1,5,,74517,4,,1,50,,74511,0,74 1 37,1,8,,74532,0,74 1 37,1,7,,74527,0,74 1 37,1,6,,74502,4,,1,9,,74484,0,74 1 37,1,8,,74508,0,74 1 37,1,7,,74514,0,74 1 37,1,6,,74537,4,,1,48,,74536,0,74 1 37,1,8,,74496,0,74 1 37,1,8,,74490,0,74 1 37,1,7,,74475,4,,1,9,,74465,0,74 1 37,1,7,,74524,0,74 1 37,1,8,,74470,0,74 1 37,1,5,,74518,4,,1,50,,74458,0,74 1 37,1,7,,74533,0,74 1 37,1,8,,74480,0,74 1 37,1,5,,74503,4,,1,9,,74528,0,74 1 37,1,6,,74485,0,74 1 37,1,4,,74544,0,74 1 37,1,8,,74509,0,74 1 37,1,48,,74515,0,74 1 37,1,7,,74497,0,74 1 37,1,9,,74538,0,74 1 37,1,7,,74541,4,,1,8,,74476,0,74 1 37,1,6,,74525,0,74 1 37,1,11,,74491,0,74 1 37,1,5,,74519,4,,1,51,,74466,0,74 1 37,1,3,,74459,0,74 1 37,1,15,,74471,0,74 1 37,1,10,,74481,0,74 1 37,1,6,,74486,0,74 1 37,1,14,,74504,0,74 1 37,1,49,,74534,0,74 1 37,1,3,,74542,0,74 1 37,1,13,,74498,0,74 1 37,1,4,,74547,0,74 1 37,1,15,,74539,0,74 1 37,1,4,,74520,0,74 1 37,1,10,,74477,0,74 1 37,1,53,,74492,0,74 1 37,1,5,,74529,0,74 1 37,1,10,,74545,0,74 1 37,1,15,,74460,0,74 1 37,1,5,,74487,0,74 1 37,1,10,,74472,0,74 1 37,1,55,,74505,0,74 1 37,1,4,,74543,0,74 1 37,1,10,,74535,0,74 1 37,1,15,,74548,0,74 1 37,1,6,,74521,0,74 1 37,1,10,,74499,0,74 1 37,1,56,,74540,0,74 1 37,1,5,,74530,0,74 1 37,1,10,,74493,0,74 1 37,1,15,,74546,0,74 1 37,1
43904,'H58J000S-81-S',548,,74549,0,74 1 37,1,10,,74555,0,74 1 37,1,50,,74563,0,74 1 37,1,10,,74565,0,74 1 37,1,10,,74567,0,74 1 37,1,7,,74576,0,74 1 37,1,4,,74580,0,74 1 37,1,8,,74578,0,74 1 37,1,6,,74605,4,,1,3,,74588,0,74 1 37,1,2,,74586,0,74 1 37,1,46,,74620,4,,1,6,,74594,0,74 1 37,1,4,,74626,4,,1,3,,74600,0,74 1 37,1,4,,74611,0,74 1 37,1,4,,74646,4,,1,2,,74607,0,74 1 37,1,8,,74655,4,,1,3,,74625,0,74 1 37,1,3,,74638,0,74 1 37,1,3,,74657,4,,1,3,,74631,0,74 1 37,1,3,,74666,4,,1,3,,74654,0,74 1 37,1,4,,74675,4,,1,43,,74550,0,74 1 37,1,4,,74677,4,,1,4,,74564,0,74 1 37,1,2,,74556,0,74 1 37,1,3,,74679,4,,1,3,,74667,0,74 1 37,1,4,,74579,4,,1,3,,74606,0,74 1 37,1,5,,74621,0,74 1 37,1,3,,74627,4,,1,4,,74566,0,74 1 37,1,2,,74647,4,,1,3,,74581,0,74 1 37,1,5,,74568,0,74 1 37,1,3,,74680,4,,1,5,,74577,0,74 1 37,1,3,,74658,4,,1,3,,74601,0,74 1 37,1,45,,74656,0,74 1 37,1,8,,74589,0,74 1 37,1,3,,74678,4,,1,3,,74595,0,74 1 37,1,5,,74587,0,74 1 37,1,9,,74676,0,74 1 37,1,3,,74639,0,74 1 37,1,6,,74612,0,74 1 37,1,8,,74608,0,74 1 37,1,7,,74648,0,74 1 37,1,44,,74628,0,74 1 37,1,10,,74632,0,74 1 37,1,10,,74551,0,74 1 37,1,7,,74557,0,74 1 37,1,5,,74659,0,74 1 37,1,11,,74668,0,74 1 37,1,10,,74622,0,74 1 37,1,47,,74582,0,74 1 37,1,8,,74569,0,74 1 37,1,11,,74602,0,74 1 37,1,6,,74590,0,74 1 37,1,9,,74649,0,74 1 37,1,11,,74640,0,74 1 37,1,9,,74613,0,74 1 37,1,3,,74596,0,74 1 37,1,50,,74609,0,74 1 37,1,10,,74629,0,74 1 37,1,7,,74633,0,74 1 37,1,7,,74669,0,74 1 37,1,10,,74552,0,74 1 37,1,10,,74558,0,74 1 37,1,3,,74660,0,74 1 37,1,52,,74623,0,74 1 37,1,12,,74583,0,74 1 37,1,3,,74570,0,74 1 37,1,10,,74597,0,74 1 37,1,11,,74591,0,74 1 37,1,9,,74603,0,74 1 37,1,4,,74650,0,74 1 37,1,52,,74614,0,74 1 37,1,11,,74641,0,74 1 37,1,3,,74610,0,74 1 37,1,8,,74559,0,74 1 37,1,10,,74634,0,74 1 37,1,7,,74553,0,74 1 37,1,3,,74670,0,74 1 37,1,10,,74571,0,74 1 37,1,50,,74661,0,74 1 37,1,6,,74624,0,74 1 37,1,7,,74630,0,74 1 37,1,10,,74681,0,74 1 37,1,10,,74584,0,74 1 37,1,6,,74592,0,74 1 37,1,5,,74598,0,74 1 37,1,50,,74651,0,74 1 37,1,10,,74604,0,74 1 37,1,4,,74615,0,74 1 37,1,8,,74689,0,74 1 37,1,11,,74682,0,74 1 37,1,10,,74642,0,74 1 37,1,3,,74671,0,74 1 37,1,51,,74560,0,74 1 37,1,12,,74554,0,74 1 37,1,5,,74687,0,74 1 37,1,7,,74635,0,74 1 37,1,11,,74662,0,74 1 37,1,11,,74593,0,74 1 37,1,5,,74572,0,74 1 37,1,50,,74690,0,74 1 37,1,12,,74585,0,74 1 37,1,4,,74652,0,74 1 37,1,12,,74683,0,74 1 37,1,12,,74616,0,74 1 37,1,5,,74643,0,74 1 37,1,10,,74694,0,74 1 37,1,52,,74672,0,74 1 37,1,7,,74691,0,74 1 37,1,12,,74561,0,74 1 37,1,12,,74636,0,74 1 37,1,6,,74663,0,74 1 37,1,12,,74688,0,74 1 37,1,51,,74573,0,74 1 37,1,12,,74684,0,74 1 37,1,16,,74653,0,74 1 37,1,8,,74617,0,74 1 37,1,62,,74644,0,74 1 37,1,8,,74673,0,74 1 37,1,22,,74692,0,74 1 37,1,8,,74664,0,74 1 37,1,61,,74637,0,74 1 37,1,9,,74574,0,74 1 37,1,20,,74685,0,74 1 37,1,10,,74618,0,74 1 37,1,60,,74599,0,74 1 37,1,10,,74562,0,74 1 37,1,20,,74674,0,74 1 37,1,9,,74665,0,74 1 37,1,60,,74693,0,74 1 37,1,10,,74575,0,74 1 37,1,20,,74645,0,74 1 37,1,10,,74686,0,74 1 37,1,16,,74619,0,74 1 37,1
43904,'H58JV00A-80-A',830,,74695,0,74 1 37,1,20,,74701,0,74 1 37,1,51,,74719,0,74 1 37,1,8,,74713,0,74 1 37,1,12,,74731,0,74 1 37,1,6,,74748,0,74 1 37,1,9,,74742,0,74 1 37,1,11,,74754,0,74 1 37,1,7,,74725,0,74 1 37,1,49,,74708,0,74 1 37,1,6,,74765,0,74 1 37,1,10,,74735,0,74 1 37,1,7,,74774,4,,1,9,,74740,0,74 1 37,1,6,,74696,0,74 1 37,1,9,,74760,0,74 1 37,1,6,,74732,4,,1,50,,74702,0,74 1 37,1,6,,74720,0,74 1 37,1,9,,74714,0,74 1 37,1,6,,74749,4,,1,9,,74771,0,74 1 37,1,6,,74755,0,74 1 37,1,7,,74775,0,74 1 37,1,6,,74783,4,,1,47,,74743,0,74 1 37,1,6,,74778,0,74 1 37,1,8,,74726,0,74 1 37,1,9,,74709,0,74 1 37,1,6,,74703,4,,1,7,,74736,0,74 1 37,1,5,,74766,0,74 1 37,1,7,,74750,0,74 1 37,1,7,,74697,4,,1,45,,74741,0,74 1 37,1,7,,74733,0,74 1 37,1,6,,74772,0,74 1 37,1,10,,74761,0,74 1 37,1,6,,74715,4,,1,7,,74721,0,74 1 37,1,5,,74776,0,74 1 37,1,10,,74756,0,74 1 37,1,48,,74788,4,,1,7,,74704,0,74 1 37,1,7,,74779,0,74 1 37,1,8,,74784,0,74 1 37,1,7,,74744,4,,1,8,,74727,0,74 1 37,1,7,,74737,0,74 1 37,1,8,,74710,0,74 1 37,1,6,,74698,4,,1,49,,74767,0,74 1 37,1,5,,74734,0,74 1 37,1,10,,74751,0,74 1 37,1,7,,74790,4,,1,7,,74773,0,74 1 37,1,5,,74722,0,74 1 37,1,5,,74716,0,74 1 37,1,8,,74777,0,74 1 37,1,50,,74757,0,74 1 37,1,5,,74762,0,74 1 37,1,8,,74745,4,,1,8,,74705,0,74 1 37,1,8,,74728,0,74 1 37,1,6,,74780,0,74 1 37,1,9,,74699,4,,1,7,,74785,0,74 1 37,1,49,,74768,0,74 1 37,1,8,,74711,0,74 1 37,1,10,,74738,0,74 1 37,1,11,,74723,0,74 1 37,1,7,,74789,0,74 1 37,1,12,,74752,0,74 1 37,1,50,,74746,0,74 1 37,1,5,,74717,0,74 1 37,1,11,,74729,0,74 1 37,1,6,,74758,0,74 1 37,1,12,,74763,0,74 1 37,1,7,,74781,0,74 1 37,1,9,,74706,0,74 1 37,1,55,,74786,0,74 1 37,1,6,,74769,0,74 1 37,1,8,,74700,0,74 1 37,1,14,,74712,0,74 1 37,1,7,,74724,0,74 1 37,1,7,,74739,0,74 1 37,1,54,,74753,0,74 1 37,1,7,,74718,0,74 1 37,1,8,,74747,0,74 1 37,1,15,,74730,0,74 1 37,1,8,,74764,0,74 1 37,1,9,,74759,0,74 1 37,1,55,,74782,0,74 1 37,1,7,,74787,0,74 1 37,1,8,,74707,0,74 1 37,1,15,,74770,0,74 1 37,1
43904,'H58JV00I-80-I',830,,74791,0,74 1 37,1,20,,74797,0,74 1 37,1,52,,74799,0,74 1 37,1,3,,74814,0,74 1 37,1,14,,74820,0,74 1 37,1,7,,74836,0,74 1 37,1,12,,74842,0,74 1 37,1,8,,74846,0,74 1 37,1,7,,74809,0,74 1 37,1,53,,74858,0,74 1 37,1,3,,74805,0,74 1 37,1,10,,74826,0,74 1 37,1,6,,74800,4,,1,10,,74830,0,74 1 37,1,4,,74792,0,74 1 37,1,10,,74850,0,74 1 37,1,6,,74852,4,,1,50,,74798,0,74 1 37,1,5,,74862,0,74 1 37,1,10,,74815,0,74 1 37,1,6,,74837,4,,1,9,,74821,0,74 1 37,1,4,,74847,0,74 1 37,1,11,,74843,0,74 1 37,1,4,,74867,4,,1,51,,74801,0,74 1 37,1,4,,74831,0,74 1 37,1,11,,74806,0,74 1 37,1,5,,74810,4,,1,10,,74859,0,74 1 37,1,5,,74827,0,74 1 37,1,10,,74793,0,74 1 37,1,5,,74853,4,,1,50,,74851,0,74 1 37,1,8,,74868,0,74 1 37,1,7,,74863,0,74 1 37,1,6,,74838,4,,1,9,,74816,0,74 1 37,1,8,,74844,0,74 1 37,1,7,,74848,0,74 1 37,1,6,,74873,4,,1,48,,74872,0,74 1 37,1,8,,74832,0,74 1 37,1,8,,74822,0,74 1 37,1,7,,74811,4,,1,9,,74807,0,74 1 37,1,7,,74860,0,74 1 37,1,8,,74802,0,74 1 37,1,5,,74854,4,,1,50,,74794,0,74 1 37,1,7,,74869,0,74 1 37,1,8,,74828,0,74 1 37,1,5,,74839,4,,1,9,,74864,0,74 1 37,1,6,,74817,0,74 1 37,1,4,,74877,0,74 1 37,1,8,,74845,0,74 1 37,1,48,,74849,0,74 1 37,1,7,,74833,0,74 1 37,1,9,,74874,0,74 1 37,1,7,,74880,4,,1,8,,74812,0,74 1 37,1,6,,74861,0,74 1 37,1,11,,74823,0,74 1 37,1,5,,74855,4,,1,51,,74808,0,74 1 37,1,3,,74795,0,74 1 37,1,15,,74803,0,74 1 37,1,10,,74829,0,74 1 37,1,6,,74818,0,74 1 37,1,14,,74840,0,74 1 37,1,49,,74870,0,74 1 37,1,3,,74881,0,74 1 37,1,13,,74834,0,74 1 37,1,4,,74883,0,74 1 37,1,15,,74875,0,74 1 37,1,4,,74856,0,74 1 37,1,10,,74813,0,74 1 37,1,53,,74824,0,74 1 37,1,5,,74865,0,74 1 37,1,10,,74878,0,74 1 37,1,15,,74796,0,74 1 37,1,5,,74819,0,74 1 37,1,10,,74804,0,74 1 37,1,55,,74841,0,74 1 37,1,4,,74882,0,74 1 37,1,10,,74871,0,74 1 37,1,15,,74884,0,74 1 37,1,6,,74857,0,74 1 37,1,10,,74835,0,74 1 37,1,56,,74876,0,74 1 37,1,5,,74866,0,74 1 37,1,10,,74825,0,74 1 37,1,15,,74879,0,74 1 37,1
43904,'H58JV00S-82-S',548,,74885,0,74 1 37,1,10,,74891,0,74 1 37,1,50,,74899,0,74 1 37,1,10,,74901,0,74 1 37,1,10,,74903,0,74 1 37,1,7,,74912,0,74 1 37,1,4,,74916,0,74 1 37,1,8,,74914,0,74 1 37,1,6,,74941,4,,1,3,,74924,0,74 1 37,1,2,,74922,0,74 1 37,1,46,,74956,4,,1,6,,74930,0,74 1 37,1,4,,74962,4,,1,3,,74936,0,74 1 37,1,4,,74947,0,74 1 37,1,4,,74982,4,,1,2,,74943,0,74 1 37,1,8,,74991,4,,1,3,,74961,0,74 1 37,1,3,,74974,0,74 1 37,1,3,,74993,4,,1,3,,74967,0,74 1 37,1,3,,75002,4,,1,3,,74990,0,74 1 37,1,4,,75011,4,,1,43,,74886,0,74 1 37,1,4,,75013,4,,1,4,,74900,0,74 1 37,1,2,,74892,0,74 1 37,1,3,,75015,4,,1,3,,75003,0,74 1 37,1,4,,74915,4,,1,3,,74942,0,74 1 37,1,5,,74957,0,74 1 37,1,3,,74963,4,,1,4,,74902,0,74 1 37,1,2,,74983,4,,1,3,,74917,0,74 1 37,1,5,,74904,0,74 1 37,1,3,,75016,4,,1,5,,74913,0,74 1 37,1,3,,74994,4,,1,3,,74937,0,74 1 37,1,45,,74992,0,74 1 37,1,8,,74925,0,74 1 37,1,3,,75014,4,,1,3,,74931,0,74 1 37,1,5,,74923,0,74 1 37,1,9,,75012,0,74 1 37,1,3,,74975,0,74 1 37,1,6,,74948,0,74 1 37,1,8,,74944,0,74 1 37,1,7,,74984,0,74 1 37,1,44,,74964,0,74 1 37,1,10,,74968,0,74 1 37,1,10,,74887,0,74 1 37,1,7,,74893,0,74 1 37,1,5,,74995,0,74 1 37,1,11,,75004,0,74 1 37,1,10,,74958,0,74 1 37,1,47,,74918,0,74 1 37,1,8,,74905,0,74 1 37,1,11,,74938,0,74 1 37,1,6,,74926,0,74 1 37,1,9,,74985,0,74 1 37,1,11,,74976,0,74 1 37,1,9,,74949,0,74 1 37,1,3,,74932,0,74 1 37,1,50,,74945,0,74 1 37,1,10,,74965,0,74 1 37,1,7,,74969,0,74 1 37,1,7,,75005,0,74 1 37,1,10,,74888,0,74 1 37,1,10,,74894,0,74 1 37,1,3,,74996,0,74 1 37,1,52,,74959,0,74 1 37,1,12,,74919,0,74 1 37,1,3,,74906,0,74 1 37,1,10,,74933,0,74 1 37,1,11,,74927,0,74 1 37,1,9,,74939,0,74 1 37,1,4,,74986,0,74 1 37,1,52,,74950,0,74 1 37,1,11,,74977,0,74 1 37,1,3,,74946,0,74 1 37,1,8,,74895,0,74 1 37,1,10,,74970,0,74 1 37,1,7,,74889,0,74 1 37,1,3,,75006,0,74 1 37,1,10,,74907,0,74 1 37,1,50,,74997,0,74 1 37,1,6,,74960,0,74 1 37,1,7,,74966,0,74 1 37,1,10,,75017,0,74 1 37,1,10,,74920,0,74 1 37,1,6,,74928,0,74 1 37,1,5,,74934,0,74 1 37,1,50,,74987,0,74 1 37,1,10,,74940,0,74 1 37,1,4,,74951,0,74 1 37,1,8,,75025,0,74 1 37,1,11,,75018,0,74 1 37,1,10,,74978,0,74 1 37,1,3,,75007,0,74 1 37,1,51,,74896,0,74 1 37,1,12,,74890,0,74 1 37,1,5,,75023,0,74 1 37,1,7,,74971,0,74 1 37,1,11,,74998,0,74 1 37,1,11,,74929,0,74 1 37,1,5,,74908,0,74 1 37,1,50,,75026,0,74 1 37,1,12,,74921,0,74 1 37,1,4,,74988,0,74 1 37,1,12,,75019,0,74 1 37,1,12,,74952,0,74 1 37,1,5,,74979,0,74 1 37,1,10,,75030,0,74 1 37,1,52,,75008,0,74 1 37,1,7,,75027,0,74 1 37,1,12,,74897,0,74 1 37,1,12,,74972,0,74 1 37,1,6,,74999,0,74 1 37,1,12,,75024,0,74 1 37,1,51,,74909,0,74 1 37,1,12,,75020,0,74 1 37,1,16,,74989,0,74 1 37,1,8,,74953,0,74 1 37,1,62,,74980,0,74 1 37,1,8,,75009,0,74 1 37,1,22,,75028,0,74 1 37,1,8,,75000,0,74 1 37,1,61,,74973,0,74 1 37,1,9,,74910,0,74 1 37,1,20,,75021,0,74 1 37,1,10,,74954,0,74 1 37,1,60,,74935,0,74 1 37,1,10,,74898,0,74 1 37,1,20,,75010,0,74 1 37,1,9,,75001,0,74 1 37,1,60,,75029,0,74 1 37,1,10,,74911,0,74 1 37,1,20,,74981,0,74 1 37,1,10,,75022,0,74 1 37,1,16,,74955,0,74 1 37,1
