2202,'H57J000S-81-S',831,,4593,0,10,2
2202,'H57JV00S-83-S',831,,4594,0,10,2
2202,'H59J000A-80-A',513,,4595,0,10,2,29,,4610,0,10,1,69,,4596,0,10,2,28,,4611,0,10,1,69,,4597,0,10,2,31,,4612,0,10,1,71,,4598,0,10,2,30,,4613,0,10,1,70,,4599,0,10,2,30,,4614,0,10,1,71,,4600,0,10,2,30,,4615,0,10,1,70,,4601,0,10,2,30,,4616,0,10,1,70,,4602,0,10,2,31,,4617,0,10,1,71,,4603,0,10,2,31,,4618,0,10,1,70,,4604,0,10,2,32,,4619,0,10,1,72,,4605,0,10,2,31,,4620,0,10,1,71,,4606,0,10,2,31,,4621,0,10,1,71,,4607,0,10,2,30,,4622,0,10,1,70,,4608,0,10,2,29,,4623,0,10,1,69,,4609,0,10,2,29,,4624,0,10,1,98,,4625,0,10,1,98,,4626,0,10,1,99,,4627,0,10,1,100,,4628,0,10,1,100,,4629,0,10,1,100,,4630,0,10,1
2202,'H59J000I-80-I',514,,4631,0,10,2,30,,4646,0,10,1,70,,4632,0,10,2,29,,4647,0,10,1,69,,4633,0,10,2,29,,4648,0,10,1,70,,4634,0,10,2,30,,4649,0,10,1,70,,4635,0,10,2,30,,4650,0,10,1,70,,4636,0,10,2,30,,4651,0,10,1,70,,4637,0,10,2,30,,4652,0,10,1,70,,4638,0,10,2,30,,4653,0,10,1,70,,4639,0,10,2,30,,4654,0,10,1,70,,4640,0,10,2,31,,4655,0,10,1,71,,4641,0,10,2,30,,4656,0,10,1,70,,4642,0,10,2,31,,4657,0,10,1,72,,4643,0,10,2,32,,4658,0,10,1,72,,4644,0,10,2,32,,4659,0,10,1,73,,4645,0,10,2,33,,4660,0,10,1,99,,4661,0,10,1,100,,4662,0,10,1,100,,4663,0,10,1,100,,4664,0,10,1,99,,4665,0,10,1
2202,'H59J000S-81-S',514,,4666,0,10,1,32,,4673,0,10,1,73,,4667,0,10,1,33,,4680,0,10,1,73,,4681,0,10,1,33,,4682,0,10,2,145,,4668,0,10,1,33,,4674,0,10,1,73,,4669,0,10,1,33,,4675,0,10,1,73,,4670,0,10,1,33,,4676,0,10,1,73,,4671,0,10,1,33,,4677,0,10,1,73,,4672,0,10,1,32,,4678,0,10,1,72,,4687,0,10,2,72,,4689,0,10,2,31,,4688,0,10,1,71,,4690,0,10,1,32,,4699,0,10,2,71,,4679,0,10,1,30,,4691,0,10,1,73,,4683,0,10,1,32,,4692,0,10,1,71,,4684,0,10,1,30,,4693,0,10,1,70,,4685,0,10,1,30,,4694,0,10,1,70,,4686,0,10,1,30,,4695,0,10,1,100,,4696,0,10,1,91,,4700,0,10,2,89,,4697,0,10,1,98,,4698,0,10,1
2202,'H59JV00A-80-A',513,,4701,0,10,2,29,,4716,0,10,1,69,,4702,0,10,2,28,,4717,0,10,1,69,,4703,0,10,2,31,,4718,0,10,1,71,,4704,0,10,2,30,,4719,0,10,1,70,,4705,0,10,2,30,,4720,0,10,1,71,,4706,0,10,2,30,,4721,0,10,1,70,,4707,0,10,2,30,,4722,0,10,1,70,,4708,0,10,2,31,,4723,0,10,1,71,,4709,0,10,2,31,,4724,0,10,1,70,,4710,0,10,2,32,,4725,0,10,1,72,,4711,0,10,2,31,,4726,0,10,1,71,,4712,0,10,2,31,,4727,0,10,1,71,,4713,0,10,2,30,,4728,0,10,1,70,,4714,0,10,2,29,,4729,0,10,1,69,,4715,0,10,2,29,,4730,0,10,1,98,,4731,0,10,1,98,,4732,0,10,1,99,,4733,0,10,1,100,,4734,0,10,1,100,,4735,0,10,1,100,,4736,0,10,1
2202,'H59JV00I-80-I',514,,4737,0,10,2,30,,4752,0,10,1,70,,4738,0,10,2,29,,4753,0,10,1,69,,4739,0,10,2,29,,4754,0,10,1,70,,4740,0,10,2,30,,4755,0,10,1,70,,4741,0,10,2,30,,4756,0,10,1,70,,4742,0,10,2,30,,4757,0,10,1,70,,4743,0,10,2,30,,4758,0,10,1,70,,4744,0,10,2,30,,4759,0,10,1,70,,4745,0,10,2,30,,4760,0,10,1,70,,4746,0,10,2,31,,4761,0,10,1,71,,4747,0,10,2,30,,4762,0,10,1,70,,4748,0,10,2,31,,4763,0,10,1,72,,4749,0,10,2,32,,4764,0,10,1,72,,4750,0,10,2,32,,4765,0,10,1,73,,4751,0,10,2,33,,4766,0,10,1,99,,4767,0,10,1,100,,4768,0,10,1,100,,4769,0,10,1,100,,4770,0,10,1,99,,4771,0,10,1
2202,'H59JV00S-83-S',514,,4772,0,10,1,32,,4799,0,10,1,73,,4773,0,10,1,33,,4779,0,10,1,73,,4780,0,10,1,33,,4781,0,10,1,145,,4774,0,10,1,33,,4801,0,10,1,73,,4775,0,10,1,33,,4802,0,10,1,73,,4776,0,10,1,33,,4803,0,10,1,73,,4777,0,10,1,33,,4804,0,10,1,73,,4778,0,10,1,32,,4805,0,10,1,72,,4786,0,10,1,72,,4788,0,10,2,31,,4787,0,10,1,71,,4789,0,10,1,32,,4798,0,10,2,71,,4806,0,10,1,30,,4790,0,10,1,73,,4782,0,10,1,32,,4791,0,10,1,71,,4783,0,10,1,30,,4792,0,10,1,70,,4784,0,10,1,30,,4793,0,10,1,70,,4785,0,10,1,30,,4794,0,10,1,100,,4795,0,10,1,91,,4800,0,10,2,89,,4796,0,10,1,98,,4797,0,10,1
3303,'H54J000A-80-A',529,,9387,0,8,1,29,,9399,0,8,1,69,,9413,0,8,1,28,,9388,0,8,1,68,,9398,0,8,1,28,,9400,0,8,1,64,,9421,0,8,1,22,,9414,0,8,1,20,,9389,0,8,1,60,,9429,0,8,1,19,,9405,0,8,1,17,,9401,0,8,1,57,,9434,0,8,1,14,,9422,0,8,1,13,,9440,0,8,1,13,,9409,0,8,1,53,,9415,0,8,1,14,,9390,0,8,1,15,,9430,0,8,1,15,,9442,0,8,1,55,,9406,0,8,1,15,,9402,0,8,1,15,,9435,0,8,1,14,,9423,0,8,1,13,,9448,0,8,2,53,,9410,0,8,1,13,,9416,0,8,1,13,,9391,0,8,1,11,,9454,0,8,1,51,,9431,0,8,1,11,,9443,0,8,1,11,,9459,0,8,1,10,,9407,0,8,1,10,,9403,0,8,1,10,,9461,0,8,2,49,,9436,0,8,1,10,,9424,0,8,1,10,,9449,0,8,2,9,,9418,0,8,1,9,,9411,0,8,1,10,,9417,0,8,1,10,,9392,0,8,1,50,,9455,0,8,1,10,,9432,0,8,1,8,,9464,0,8,2,8,,9444,0,8,1,8,,9460,0,8,1,8,,9408,0,8,1,8,,9393,0,8,1,48,,9404,0,8,1,9,,9462,0,8,2,8,,9447,0,8,1,8,,9437,0,8,1,9,,9450,0,8,2,10,,9445,0,8,1,51,,9412,0,8,1,14,,9397,0,8,1,14,,9456,0,8,1,14,,9457,0,8,1,14,,9419,0,8,1,60,,9451,0,8,1,23,,9438,0,8,1,63,,9446,0,8,1,23,,9427,0,8,1,23,,9458,0,8,1,56,,9441,0,8,2,16,,9452,0,8,1,20,,9439,0,8,1,61,,9420,0,8,1,22,,9428,0,8,1,23,,9394,0,8,1,62,,9395,0,8,1,22,,9453,0,8,1,22,,9425,0,8,1,66,,9433,0,8,1,29,,9463,0,8,1,69,,9396,0,8,1,29,,9426,0,8,1
3303,'H54J000I-80-I',536,,9476,0,8,1,69,,9487,0,8,1,28,,9501,0,8,1,68,,9468,0,8,1,29,,9477,0,8,1,71,,9488,0,8,1,31,,9480,0,8,1,26,,9469,0,8,1,62,,9506,0,8,1,22,,9511,0,8,1,61,,9502,0,8,1,18,,9489,0,8,1,18,,9481,0,8,1,17,,9516,0,8,1,58,,9470,0,8,1,18,,9507,0,8,1,18,,9484,0,8,1,57,,9512,0,8,1,17,,9503,0,8,1,17,,9490,0,8,1,15,,9482,0,8,1,55,,9519,0,8,1,14,,9517,0,8,1,14,,9471,0,8,1,15,,9508,0,8,1,55,,9485,0,8,1,15,,9524,0,8,1,11,,9513,0,8,1,10,,9504,0,8,1,11,,9500,0,8,2,51,,9491,0,8,1,12,,9483,0,8,1,12,,9520,0,8,1,12,,9518,0,8,1,11,,9472,0,8,1,51,,9478,0,8,1,10,,9509,0,8,1,11,,9486,0,8,1,11,,9525,0,8,1,11,,9521,0,8,1,52,,9514,0,8,1,12,,9505,0,8,1,13,,9492,0,8,1,14,,9479,0,8,1,13,,9498,0,8,1,53,,9497,0,8,2,14,,9473,0,8,1,16,,9510,0,8,1,17,,9526,0,8,1,56,,9530,0,8,1,16,,9522,0,8,1,19,,9493,0,8,1,60,,9499,0,8,1,23,,9474,0,8,1,25,,9527,0,8,1,61,,9465,0,8,1,21,,9523,0,8,1,21,,9494,0,8,1,66,,9475,0,8,1,28,,9528,0,8,1,69,,9466,0,8,1,29,,9495,0,8,1,70,,9515,0,8,1,30,,9529,0,8,1,70,,9467,0,8,1,30,,9496,0,8,1
3303,'H54J000S-83-S',516,,9546,0,8,1,27,,9564,0,8,1,15,,9537,0,8,1,55,,9542,0,8,1,15,,9581,0,8,1,4,,9556,0,8,2,10,,9558,0,8,1,10,,9571,0,8,2,51,,9573,0,8,1,11,,9582,0,8,2,13,,9547,0,8,1,13,,9586,0,8,2,13,,9538,0,8,1,53,,9565,0,8,1,19,,9587,0,8,2,19,,9531,0,8,1,58,,9551,0,8,1,19,,9577,0,8,1,19,,9539,0,8,1,19,,9548,0,8,1,58,,9588,0,8,1,18,,9574,0,8,1,19,,9566,0,8,1,59,,9532,0,8,1,19,,9552,0,8,1,15,,9578,0,8,1,54,,9535,0,8,1,13,,9540,0,8,1,13,,9549,0,8,1,12,,9589,0,8,1,12,,9562,0,8,1,50,,9584,0,8,1,10,,9575,0,8,1,9,,9567,0,8,1,10,,9544,0,8,1,9,,9560,0,8,1,10,,9533,0,8,1,52,,9553,0,8,1,11,,9593,0,8,2,11,,9579,0,8,1,11,,9536,0,8,1,10,,9592,0,8,2,9,,9550,0,8,1,49,,9598,0,8,1,9,,9590,0,8,1,8,,9563,0,8,1,8,,9585,0,8,1,7,,9602,0,8,2,6,,9576,0,8,1,13,,9568,0,8,1,47,,9545,0,8,1,7,,9561,0,8,1,8,,9599,0,8,2,7,,9534,0,8,1,6,,9621,0,8,2,6,,9612,0,8,1,6,,9569,0,8,1,6,,9554,0,8,1,7,,9594,0,8,2,6,,9580,0,8,1,47,,9600,0,8,2,7,,9595,0,8,1,7,,9625,0,8,2,7,,9620,0,8,1,7,,9570,0,8,1,9,,9616,0,8,2,9,,9601,0,8,1,48,,9543,0,8,1,8,,9606,0,8,1,7,,9572,0,8,1,8,,9605,0,8,2,8,,9555,0,8,1,9,,9597,0,8,1,10,,9617,0,8,1,54,,9557,0,8,2,10,,9613,0,8,1,14,,9596,0,8,2,17,,9608,0,8,1,60,,9622,0,8,1,20,,9607,0,8,2,19,,9541,0,8,1,57,,9583,0,8,1,17,,9614,0,8,1,15,,9591,0,8,2,15,,9609,0,8,1,54,,9559,0,8,1,16,,9623,0,8,1,16,,9603,0,8,2,19,,9618,0,8,1,64,,9615,0,8,1,29,,9610,0,8,1,69,,9624,0,8,1,30,,9604,0,8,2,70,,9619,0,8,1,31,,9611,0,8,1
3303,'H54JV00A-80-A',529,,9696,0,8,1,29,,9630,0,8,1,69,,9640,0,8,1,28,,9649,0,8,1,68,,9701,0,8,1,28,,9631,0,8,1,64,,9645,0,8,1,22,,9641,0,8,1,20,,9650,0,8,1,60,,9658,0,8,1,19,,9654,0,8,1,17,,9632,0,8,1,57,,9662,0,8,1,14,,9646,0,8,1,13,,9668,0,8,1,13,,9636,0,8,1,53,,9642,0,8,1,14,,9651,0,8,1,15,,9659,0,8,1,15,,9669,0,8,1,55,,9655,0,8,1,15,,9633,0,8,1,15,,9663,0,8,1,14,,9647,0,8,1,13,,9674,0,8,2,53,,9637,0,8,1,13,,9643,0,8,1,13,,9652,0,8,1,11,,9680,0,8,1,51,,9660,0,8,1,11,,9670,0,8,1,11,,9685,0,8,1,10,,9656,0,8,1,10,,9634,0,8,1,10,,9687,0,8,2,49,,9664,0,8,1,10,,9648,0,8,1,10,,9675,0,8,2,9,,9697,0,8,1,9,,9638,0,8,1,10,,9644,0,8,1,10,,9653,0,8,1,50,,9681,0,8,1,10,,9661,0,8,1,8,,9689,0,8,2,8,,9671,0,8,1,8,,9686,0,8,1,8,,9657,0,8,1,8,,9703,0,8,1,48,,9635,0,8,1,9,,9688,0,8,2,8,,9629,0,8,1,8,,9665,0,8,1,9,,9676,0,8,2,10,,9672,0,8,1,51,,9639,0,8,1,14,,9692,0,8,1,14,,9682,0,8,1,14,,9683,0,8,1,14,,9628,0,8,1,60,,9677,0,8,1,23,,9666,0,8,1,63,,9673,0,8,1,23,,9698,0,8,1,23,,9684,0,8,1,56,,9702,0,8,2,16,,9678,0,8,1,20,,9667,0,8,1,61,,9693,0,8,1,22,,9699,0,8,1,23,,9626,0,8,1,62,,9690,0,8,1,22,,9679,0,8,1,22,,9694,0,8,1,66,,9627,0,8,1,29,,9700,0,8,1,69,,9691,0,8,1,29,,9695,0,8,1
3303,'H54JV00I-80-I',536,,9762,0,8,1,69,,9721,0,8,1,28,,9711,0,8,1,68,,9734,0,8,1,29,,9763,0,8,1,71,,9722,0,8,1,31,,9742,0,8,1,26,,9735,0,8,1,62,,9716,0,8,1,22,,9730,0,8,1,61,,9712,0,8,1,18,,9723,0,8,1,18,,9743,0,8,1,17,,9749,0,8,1,58,,9736,0,8,1,18,,9717,0,8,1,18,,9746,0,8,1,57,,9731,0,8,1,17,,9713,0,8,1,17,,9724,0,8,1,15,,9744,0,8,1,55,,9709,0,8,1,14,,9750,0,8,1,14,,9737,0,8,1,15,,9718,0,8,1,55,,9747,0,8,1,15,,9752,0,8,1,11,,9732,0,8,1,10,,9714,0,8,1,11,,9767,0,8,2,51,,9725,0,8,1,12,,9745,0,8,1,12,,9710,0,8,1,12,,9751,0,8,1,11,,9738,0,8,1,51,,9704,0,8,1,10,,9719,0,8,1,11,,9748,0,8,1,11,,9753,0,8,1,11,,9768,0,8,1,52,,9733,0,8,1,12,,9715,0,8,1,13,,9726,0,8,1,14,,9769,0,8,1,13,,9705,0,8,1,53,,9707,0,8,2,14,,9739,0,8,1,16,,9720,0,8,1,17,,9754,0,8,1,56,,9758,0,8,1,16,,9760,0,8,1,19,,9727,0,8,1,60,,9706,0,8,1,23,,9740,0,8,1,25,,9755,0,8,1,61,,9764,0,8,1,21,,9761,0,8,1,21,,9728,0,8,1,66,,9741,0,8,1,28,,9756,0,8,1,69,,9765,0,8,1,29,,9729,0,8,1,70,,9708,0,8,1,30,,9757,0,8,1,70,,9766,0,8,1,30,,9759,0,8,1
3303,'H54JV00S-80-S',516,,9798,0,8,1,27,,9809,0,8,1,15,,9778,0,8,1,55,,9792,0,8,1,15,,9817,0,8,1,4,,9805,0,8,1,10,,9807,0,8,1,10,,9814,0,8,2,51,,9815,0,8,1,11,,9829,0,8,2,13,,9799,0,8,1,13,,9834,0,8,2,13,,9782,0,8,1,53,,9810,0,8,1,19,,9825,0,8,2,19,,9773,0,8,1,58,,9791,0,8,1,19,,9818,0,8,1,19,,9787,0,8,1,19,,9800,0,8,1,58,,9783,0,8,1,18,,9811,0,8,1,19,,9835,0,8,1,59,,9774,0,8,1,19,,9779,0,8,1,15,,9819,0,8,1,54,,9770,0,8,1,13,,9788,0,8,1,13,,9801,0,8,1,12,,9784,0,8,1,12,,9796,0,8,1,50,,9830,0,8,1,10,,9812,0,8,1,9,,9836,0,8,1,10,,9793,0,8,1,9,,9826,0,8,1,10,,9775,0,8,1,52,,9780,0,8,1,11,,9842,0,8,2,11,,9845,0,8,1,11,,9771,0,8,1,10,,9789,0,8,1,9,,9802,0,8,1,49,,9844,0,8,1,9,,9785,0,8,1,8,,9797,0,8,1,8,,9831,0,8,1,7,,9850,0,8,2,6,,9813,0,8,1,13,,9848,0,8,1,47,,9794,0,8,1,7,,9827,0,8,1,8,,9849,0,8,2,7,,9776,0,8,1,6,,9832,0,8,1,6,,9820,0,8,1,6,,9781,0,8,1,6,,9855,0,8,1,7,,9843,0,8,2,6,,9846,0,8,1,47,,9859,0,8,2,7,,9772,0,8,1,7,,9861,0,8,2,7,,9790,0,8,1,7,,9803,0,8,1,9,,9777,0,8,1,9,,9795,0,8,1,48,,9786,0,8,1,8,,9858,0,8,1,7,,9852,0,8,1,8,,9851,0,8,2,8,,9833,0,8,1,9,,9841,0,8,1,10,,9854,0,8,1,54,,9806,0,8,2,10,,9821,0,8,1,14,,9853,0,8,2,17,,9837,0,8,1,60,,9862,0,8,1,20,,9860,0,8,2,19,,9856,0,8,1,57,,9847,0,8,1,17,,9822,0,8,1,15,,9828,0,8,1,15,,9838,0,8,1,54,,9808,0,8,1,16,,9863,0,8,1,16,,9816,0,8,1,19,,9804,0,8,1,64,,9823,0,8,1,29,,9839,0,8,1,69,,9864,0,8,1,30,,9857,0,8,2,70,,9824,0,8,1,31,,9840,0,8,1
3303,'H57J000S-81-S',1546,,9865,0,8,2
3303,'H57JV00S-83-S',1546,,9866,0,8,2
82204,'H54J000S-83-S',556,,81715,0,9,1,67,,81720,0,9,1,23,,81716,0,9,1,60,,81721,0,9,1,13,,81717,0,9,1,20,,81722,0,9,1,61,,81718,0,9,1,25,,81723,0,9,1,18,,81719,0,9,1,60,,81724,0,9,1,243,,81725,0,9,1,60,,81728,0,9,1,25,,81726,0,9,1,20,,81729,0,9,1,60,,81727,0,9,1,20,,81730,0,9,1,171,,81731,0,9,1,15,,81736,0,9,1,20,,81732,0,9,1,21,,81737,0,9,1,59,,81733,0,9,1,20,,81738,0,9,1,20,,81734,0,9,1,59,,81739,0,9,1,19,,81735,0,9,1,20,,81740,0,9,1
82204,'H54JV00S-80-S',556,,81741,0,9,1,67,,81746,0,9,1,23,,81742,0,9,1,60,,81747,0,9,1,13,,81743,0,9,1,20,,81748,0,9,1,61,,81744,0,9,1,25,,81749,0,9,1,18,,81745,0,9,1,60,,81750,0,9,1,243,,81751,0,9,1,60,,81754,0,9,1,25,,81752,0,9,1,20,,81755,0,9,1,60,,81753,0,9,1,20,,81756,0,9,1,171,,81757,0,9,1,15,,81762,0,9,1,20,,81758,0,9,1,21,,81763,0,9,1,59,,81759,0,9,1,20,,81764,0,9,1,20,,81760,0,9,1,59,,81765,0,9,1,19,,81761,0,9,1,20,,81766,0,9,1
