3003,'H51J000A-82-A',538,,8050,10,0,8,1,76,,8063,10,0,8,2,36,,8051,10,0,8,1,76,,8064,10,0,8,2,76,,8052,10,0,8,1,38,,8065,10,0,8,2,77,,8053,10,0,8,1,35,,8075,10,0,8,1,75,,8066,10,0,8,2,76,,8054,10,0,8,1,37,,8076,10,0,8,1,74,,8067,10,0,8,2,34,,8055,10,0,8,1,76,,8077,10,0,8,1,76,,8068,10,0,8,2,35,,8056,10,0,8,1,76,,8078,10,0,8,1,37,,8069,10,0,8,2,77,,8057,10,0,8,1,76,,8079,10,0,8,1,35,,8070,10,0,8,2,73,,8058,10,0,8,1,31,,8080,10,0,8,1,73,,8071,10,0,8,2,32,,8059,10,0,8,1,72,,8081,10,0,8,1,32,,8072,10,0,8,1,72,,8060,10,0,8,1,30,,8082,10,0,8,1,70,,8073,10,0,8,1,30,,8061,10,0,8,1,70,,8083,10,0,8,1,30,,8074,10,0,8,1,70,,8062,10,0,8,1,30,,8084,10,0,8,1
3003,'H51J000I-82-I',538,,8085,10,0,8,1,78,,8098,10,0,8,1,38,,8086,10,0,8,1,77,,8099,10,0,8,1,77,,8087,10,0,8,1,36,,8100,10,0,8,1,76,,8088,10,0,8,1,80,,8101,10,0,8,1,39,,8089,10,0,8,1,80,,8102,10,0,8,1,39,,8090,10,0,8,1,75,,8111,10,0,8,1,77,,8103,10,0,8,1,34,,8091,10,0,8,1,73,,8112,10,0,8,1,33,,8104,10,0,8,1,73,,8092,10,0,8,1,33,,8113,10,0,8,1,74,,8105,10,0,8,1,73,,8093,10,0,8,1,33,,8114,10,0,8,1,72,,8106,10,0,8,1,33,,8094,10,0,8,1,73,,8115,10,0,8,1,33,,8107,10,0,8,1,71,,8095,10,0,8,1,32,,8116,10,0,8,1,72,,8108,10,0,8,1,30,,8096,10,0,8,1,70,,8117,10,0,8,1,30,,8109,10,0,8,1,70,,8097,10,0,8,1,30,,8118,10,0,8,2,69,,8110,10,0,8,1
3003,'H51J000S-80-S',523,,8143,10,0,8,1,26,,8119,10,0,8,1,68,,8135,10,0,8,2,28,,8144,10,0,8,1,68,,8120,10,0,8,1,33,,8136,10,0,8,2,73,,8145,10,0,8,1,32,,8121,10,0,8,1,72,,8137,10,0,8,2,30,,8146,10,0,8,1,70,,8122,10,0,8,1,32,,8138,10,0,8,2,70,,8147,10,0,8,1,33,,8123,10,0,8,1,73,,8139,10,0,8,2,73,,8148,10,0,8,1,32,,8134,10,0,8,1,70,,8124,10,0,8,1,30,,8140,10,0,8,2,70,,8149,10,0,8,1,30,,8152,10,0,8,2,69,,8125,10,0,8,1,29,,8141,10,0,8,2,69,,8150,10,0,8,1,29,,8153,10,0,8,2,69,,8126,10,0,8,1,28,,8142,10,0,8,2,27,,8151,10,0,8,1,68,,8154,10,0,8,2,29,,8127,10,0,8,1,69,,8131,10,0,8,1,31,,8155,10,0,8,2,70,,8128,10,0,8,1,30,,8132,10,0,8,1,70,,8156,10,0,8,2,30,,8129,10,0,8,1,70,,8133,10,0,8,1,29,,8157,10,0,8,2,71,,8130,10,0,8,1
3003,'H51JV00A-80-A',538,,8158,10,0,8,1,76,,8171,10,0,8,2,36,,8159,10,0,8,1,76,,8172,10,0,8,2,76,,8160,10,0,8,1,38,,8173,10,0,8,2,77,,8161,10,0,8,1,35,,8180,10,0,8,1,75,,8174,10,0,8,2,76,,8162,10,0,8,1,37,,8181,10,0,8,1,74,,8175,10,0,8,2,34,,8163,10,0,8,1,76,,8182,10,0,8,1,76,,8176,10,0,8,2,35,,8164,10,0,8,1,76,,8183,10,0,8,1,37,,8177,10,0,8,2,77,,8165,10,0,8,1,76,,8184,10,0,8,1,35,,8178,10,0,8,2,73,,8166,10,0,8,1,31,,8185,10,0,8,1,73,,8179,10,0,8,2,32,,8167,10,0,8,1,72,,8186,10,0,8,1,32,,8190,10,0,8,1,72,,8168,10,0,8,1,30,,8187,10,0,8,1,70,,8191,10,0,8,1,30,,8169,10,0,8,1,70,,8188,10,0,8,1,30,,8192,10,0,8,1,70,,8170,10,0,8,1,30,,8189,10,0,8,1
3003,'H51JV00I-80-I',538,,8193,10,0,8,1,78,,8206,10,0,8,1,38,,8194,10,0,8,1,77,,8207,10,0,8,1,77,,8195,10,0,8,1,36,,8208,10,0,8,1,76,,8196,10,0,8,1,80,,8209,10,0,8,1,39,,8197,10,0,8,1,80,,8210,10,0,8,1,39,,8198,10,0,8,1,75,,8219,10,0,8,1,77,,8211,10,0,8,1,34,,8199,10,0,8,1,73,,8220,10,0,8,1,33,,8212,10,0,8,1,73,,8200,10,0,8,1,33,,8221,10,0,8,1,74,,8213,10,0,8,1,73,,8201,10,0,8,1,33,,8222,10,0,8,1,72,,8214,10,0,8,1,33,,8202,10,0,8,1,73,,8223,10,0,8,1,33,,8215,10,0,8,1,71,,8203,10,0,8,1,32,,8224,10,0,8,1,72,,8216,10,0,8,1,30,,8204,10,0,8,1,70,,8225,10,0,8,1,30,,8217,10,0,8,1,70,,8205,10,0,8,1,30,,8226,10,0,8,2,69,,8218,10,0,8,1
3003,'H51JV00S-84-S',523,,8250,10,0,8,1,26,,8230,10,0,8,1,68,,8242,10,0,8,2,28,,8251,10,0,8,1,68,,8231,10,0,8,1,33,,8243,10,0,8,2,73,,8252,10,0,8,1,32,,8232,10,0,8,1,72,,8244,10,0,8,2,30,,8253,10,0,8,1,70,,8233,10,0,8,1,32,,8245,10,0,8,2,70,,8254,10,0,8,1,33,,8234,10,0,8,1,73,,8246,10,0,8,2,73,,8255,10,0,8,1,32,,8259,10,0,8,1,70,,8235,10,0,8,1,30,,8247,10,0,8,2,70,,8256,10,0,8,1,30,,8260,10,0,8,2,69,,8236,10,0,8,1,29,,8248,10,0,8,2,69,,8257,10,0,8,1,29,,8261,10,0,8,2,69,,8237,10,0,8,1,28,,8249,10,0,8,2,27,,8258,10,0,8,1,68,,8262,10,0,8,2,29,,8238,10,0,8,1,69,,8227,10,0,8,1,31,,8263,10,0,8,2,70,,8239,10,0,8,1,30,,8228,10,0,8,1,70,,8264,10,0,8,2,30,,8240,10,0,8,1,70,,8229,10,0,8,1,29,,8265,10,0,8,2,71,,8241,10,0,8,1
36103,'H51J000A-82-A',2523,,75014,24,0,8,1,9,,75042,24,0,8,2,10,,75019,24,0,8,1,10,,75028,24,0,8,1,5,,75015,24,0,8,2,46,,75023,24,0,8,1,5,,75033,24,0,8,1,5,,75017,24,0,8,1,4,,75011,24,0,8,1,6,,75031,24,0,8,1,7,,75043,24,0,8,2,9,,75038,24,0,8,1,5,,75041,24,0,8,1,5,,75036,24,0,8,1,6,,75022,24,0,8,1,45,,75035,24,0,8,1,5,,75021,24,0,8,1,3,,75026,24,0,8,1,3,,75040,24,0,8,1,3,,75044,24,0,8,1,4,,75029,24,0,8,1,4,,75016,24,0,8,2,4,,75024,24,0,8,1,4,,75020,24,0,8,1,5,,75034,24,0,8,1,6,,75012,24,0,8,1,6,,75032,24,0,8,1,6,,75013,24,0,8,1,4,,75018,24,0,8,1,49,,75039,24,0,8,1,10,,75037,24,0,8,1,10,,75030,24,0,8,2,11,,75027,24,0,8,1,14,,75025,24,0,8,1
36103,'H51J000I-82-I',2504,,75046,24,0,8,1,28,,75049,24,0,8,2,22,,75045,24,0,8,1,79,,75047,24,0,8,1,85,,75050,24,0,8,2,85,,75048,24,0,8,1,45,,75051,24,0,8,2
36103,'H51J000S-80-S',2504,,75057,24,0,8,1,23,,75056,24,0,8,1,16,,75067,18,0,8,2,1,,75062,24,0,8,2,57,,75064,24,0,8,2,11,,75052,24,0,8,1,15,,75066,24,0,8,2,13,,75058,24,0,8,1,14,,75053,24,0,8,1,51,,75060,24,0,8,1,8,,75054,24,0,8,1,7,,75061,24,0,8,1,13,,75063,24,0,8,2,8,,75065,24,0,8,2,63,,75059,24,0,8,1,45,,75055,24,0,8,1
36103,'H51J000S-80-SV',2510,,75068,24,0,8,2,5,,75071,24,0,8,2,7,,75072,24,0,8,2,11,,75074,24,0,8,2,6,,75076,24,0,8,2,11,,75077,24,0,8,2,5,,75078,24,0,8,2,49,,75079,24,0,8,2,4,,75081,24,0,8,2,8,,75082,24,0,8,2,6,,75084,24,0,8,2,12,,75069,24,0,8,2,10,,75073,24,0,8,2,14,,75075,24,0,8,2,68,,75080,24,0,8,2,19,,75085,24,0,8,2,4,,75083,24,0,8,2,9,,75070,24,0,8,2
36103,'H51JV00A-80-A',2523,,75102,24,0,8,1,9,,75118,24,0,8,2,10,,75104,24,0,8,1,10,,75115,24,0,8,1,5,,75106,24,0,8,2,46,,75110,24,0,8,1,5,,75086,24,0,8,1,5,,75108,24,0,8,1,4,,75092,24,0,8,1,6,,75098,24,0,8,1,7,,75119,24,0,8,2,9,,75089,24,0,8,1,5,,75100,24,0,8,1,5,,75113,24,0,8,1,6,,75103,24,0,8,1,45,,75088,24,0,8,1,5,,75096,24,0,8,1,3,,75094,24,0,8,1,3,,75091,24,0,8,1,3,,75117,24,0,8,1,4,,75116,24,0,8,1,4,,75107,24,0,8,2,4,,75111,24,0,8,1,4,,75105,24,0,8,1,5,,75087,24,0,8,1,6,,75093,24,0,8,1,6,,75099,24,0,8,1,6,,75101,24,0,8,1,4,,75109,24,0,8,1,49,,75090,24,0,8,1,10,,75114,24,0,8,1,10,,75097,24,0,8,2,11,,75095,24,0,8,1,14,,75112,24,0,8,1
36103,'H51JV00I-80-I',2504,,75124,24,0,8,1,28,,75121,24,0,8,2,22,,75120,24,0,8,1,79,,75125,24,0,8,1,85,,75122,24,0,8,2,85,,75126,24,0,8,1,45,,75123,24,0,8,2
36103,'H51JV00S-84-S',2504,,75134,24,0,8,1,23,,75133,24,0,8,1,16,,75142,18,0,8,2,1,,75138,24,0,8,2,57,,75140,24,0,8,2,11,,75127,24,0,8,1,15,,75136,24,0,8,1,13,,75135,24,0,8,1,14,,75129,24,0,8,1,51,,75137,24,0,8,1,8,,75130,24,0,8,1,7,,75128,24,0,8,1,13,,75139,24,0,8,2,8,,75141,24,0,8,2,63,,75132,24,0,8,1,45,,75131,24,0,8,1
36103,'H51JV00S-84-SV',2510,,75143,24,0,8,2,5,,75146,24,0,8,2,7,,75147,24,0,8,2,11,,75149,24,0,8,2,6,,75151,24,0,8,2,11,,75152,24,0,8,2,5,,75153,24,0,8,2,49,,75154,24,0,8,2,4,,75156,24,0,8,2,8,,75157,24,0,8,2,6,,75159,24,0,8,2,12,,75144,24,0,8,2,10,,75148,24,0,8,2,14,,75150,24,0,8,2,68,,75155,24,0,8,2,19,,75160,24,0,8,2,4,,75158,24,0,8,2,9,,75145,24,0,8,2
