12403,'H50J000A-84-A',613,,44837,19,0,8,2,34,,44821,19,0,8,1,76,,44838,19,0,8,2,34,,44822,19,0,8,1,76,,44839,19,0,8,2,76,,44823,19,0,8,1,38,,44840,19,0,8,2,76,,44824,19,0,8,1,23,,44848,19,0,8,2,67,,44841,19,0,8,2,29,,44825,19,0,8,1,66,,44849,19,0,8,2,27,,44842,19,0,8,2,69,,44826,19,0,8,1,27,,44850,19,0,8,2,27,,44843,19,0,8,2,69,,44827,19,0,8,1,27,,44851,19,0,8,2,68,,44844,19,0,8,2,28,,44828,19,0,8,1,69,,44852,19,0,8,2,27,,44845,19,0,8,2,67,,44829,19,0,8,1,28,,44853,19,0,8,2,69,,44846,19,0,8,2,27,,44830,19,0,8,1,71,,44854,19,0,8,2,35,,44847,19,0,8,2,58,,44831,19,0,8,1,38,,44855,19,0,8,2,78,,44832,19,0,8,1,36,,44856,19,0,8,2,76,,44833,19,0,8,1,74,,44857,19,0,8,2,34,,44834,19,0,8,1,73,,44858,19,0,8,2,29,,44835,19,0,8,1,73,,44859,19,0,8,2,29,,44836,19,0,8,1
12403,'H50J000I-84-I',655,,44866,19,0,8,1,71,,44893,19,0,8,2,77,,44878,19,0,8,1,34,,44894,19,0,8,2,76,,44879,19,0,8,1,34,,44895,19,0,8,2,78,,44880,19,0,8,1,77,,44896,19,0,8,2,39,,44867,19,0,8,1,78,,44881,19,0,8,1,33,,44886,19,0,8,2,71,,44868,19,0,8,1,30,,44882,19,0,8,1,68,,44887,19,0,8,2,28,,44869,19,0,8,1,70,,44883,19,0,8,1,28,,44888,19,0,8,2,67,,44870,19,0,8,1,30,,44884,19,0,8,1,63,,44889,19,0,8,2,27,,44871,19,0,8,1,68,,44885,19,0,8,1,30,,44890,19,0,8,2,72,,44872,19,0,8,1,32,,44860,19,0,8,2,72,,44891,19,0,8,1,31,,44873,19,0,8,1,71,,44861,19,0,8,2,12,,44892,19,0,8,1,30,,44874,19,0,8,1,72,,44862,19,0,8,2,33,,44875,19,0,8,1,70,,44863,19,0,8,2,77,,44876,19,0,8,1,28,,44864,19,0,8,2,74,,44877,19,0,8,1,33,,44865,19,0,8,2
12403,'H50J000S-83-S',549,,44900,19,0,8,1,66,,44899,19,0,8,2,25,,44908,19,0,8,1,73,,44901,19,0,8,1,28,,44913,19,0,8,1,70,,44914,19,0,8,1,30,,44909,19,0,8,1,74,,44930,19,0,8,1,31,,44915,19,0,8,1,69,,44910,19,0,8,1,29,,44931,19,0,8,1,71,,44916,19,0,8,1,30,,44911,19,0,8,1,70,,44932,19,0,8,1,31,,44917,19,0,8,1,70,,44912,19,0,8,1,30,,44933,19,0,8,1,71,,44918,19,0,8,1,26,,44903,19,0,8,2,70,,44936,19,0,8,1,29,,44897,19,0,8,1,77,,44919,19,0,8,1,34,,44926,19,0,8,1,77,,44898,19,0,8,1,77,,44920,19,0,8,1,28,,44927,19,0,8,1,69,,44934,19,0,8,1,30,,44921,19,0,8,1,68,,44928,19,0,8,1,27,,44935,19,0,8,1,27,,44922,19,0,8,1,65,,44929,19,0,8,1,21,,44907,19,0,8,2,71,,44902,19,0,8,1,31,,44923,19,0,8,1,73,,44904,19,0,8,2,37,,44924,19,0,8,1,72,,44905,19,0,8,2,76,,44925,19,0,8,1,29,,44906,19,0,8,2
12403,'H50JV00A-81-A',613,,44953,19,0,8,2,34,,44937,19,0,8,1,76,,44954,19,0,8,2,34,,44938,19,0,8,1,76,,44955,19,0,8,2,76,,44939,19,0,8,1,38,,44956,19,0,8,2,76,,44940,19,0,8,1,23,,44964,19,0,8,2,67,,44957,19,0,8,2,29,,44941,19,0,8,1,66,,44965,19,0,8,2,27,,44958,19,0,8,2,69,,44942,19,0,8,1,27,,44966,19,0,8,2,27,,44959,19,0,8,2,69,,44943,19,0,8,1,27,,44967,19,0,8,2,68,,44960,19,0,8,2,28,,44944,19,0,8,1,69,,44968,19,0,8,2,27,,44961,19,0,8,2,67,,44945,19,0,8,1,28,,44969,19,0,8,2,69,,44962,19,0,8,2,27,,44946,19,0,8,1,71,,44970,19,0,8,2,35,,44963,19,0,8,2,58,,44947,19,0,8,1,38,,44971,19,0,8,2,78,,44948,19,0,8,1,36,,44972,19,0,8,2,76,,44949,19,0,8,1,74,,44973,19,0,8,2,34,,44950,19,0,8,1,73,,44974,19,0,8,2,29,,44951,19,0,8,1,73,,44975,19,0,8,2,29,,44952,19,0,8,1
12403,'H50JV00I-81-I',655,,44982,19,0,8,1,71,,45009,19,0,8,2,77,,44994,19,0,8,1,34,,45010,19,0,8,2,76,,44995,19,0,8,1,34,,45011,19,0,8,2,78,,44996,19,0,8,1,77,,45012,19,0,8,2,39,,44983,19,0,8,1,78,,44997,19,0,8,1,33,,45002,19,0,8,2,71,,44984,19,0,8,1,30,,44998,19,0,8,1,68,,45003,19,0,8,2,28,,44985,19,0,8,1,70,,44999,19,0,8,1,28,,45004,19,0,8,2,67,,44986,19,0,8,1,30,,45000,19,0,8,1,63,,45005,19,0,8,2,27,,44987,19,0,8,1,68,,45001,19,0,8,1,30,,45006,19,0,8,2,72,,44988,19,0,8,1,32,,44976,19,0,8,2,72,,45007,19,0,8,1,31,,44989,19,0,8,1,71,,44977,19,0,8,2,12,,45008,19,0,8,1,30,,44990,19,0,8,1,72,,44978,19,0,8,2,33,,44991,19,0,8,1,70,,44979,19,0,8,2,77,,44992,19,0,8,1,28,,44980,19,0,8,2,74,,44993,19,0,8,1,33,,44981,19,0,8,2
12403,'H50JV00S-82-S',549,,45016,19,0,8,1,66,,45015,19,0,8,2,25,,45024,19,0,8,1,73,,45017,19,0,8,1,28,,45029,19,0,8,1,70,,45030,19,0,8,1,30,,45025,19,0,8,1,74,,45046,19,0,8,1,31,,45031,19,0,8,1,69,,45026,19,0,8,1,29,,45047,19,0,8,1,71,,45032,19,0,8,1,30,,45027,19,0,8,1,70,,45048,19,0,8,1,31,,45033,19,0,8,1,70,,45028,19,0,8,1,30,,45049,19,0,8,1,71,,45034,19,0,8,1,26,,45019,19,0,8,1,70,,45052,19,0,8,1,29,,45013,19,0,8,1,77,,45035,19,0,8,1,34,,45042,19,0,8,1,77,,45014,19,0,8,1,77,,45036,19,0,8,1,28,,45043,19,0,8,1,69,,45050,19,0,8,1,30,,45037,19,0,8,1,68,,45044,19,0,8,1,27,,45051,19,0,8,1,27,,45038,19,0,8,1,65,,45045,19,0,8,1,21,,45023,19,0,8,1,71,,45018,19,0,8,1,31,,45039,19,0,8,1,73,,45020,19,0,8,2,37,,45040,19,0,8,1,72,,45021,19,0,8,2,76,,45041,19,0,8,1,29,,45022,19,0,8,2
36802,'H57J000A-80-A',2630,,75573,52,0,10,1,21,,75569,52,0,10,1,59,,75570,52,0,10,1,30,,75575,52,0,10,1,70,,75571,52,0,10,1,34,,75574,52,0,10,2,83,,75572,52,0,10,1
36802,'H57J000I-80-I',2625,,75576,52,0,10,1,86,,75579,52,0,10,2,45,,75578,52,0,10,1,86,,75577,52,0,10,1,87,,75580,52,0,10,2
36802,'H57J000S-81-S',2626,,75581,52,0,10,1,81,,75582,52,0,10,1,93,,75585,52,0,10,1,54,,75583,52,0,10,1,78,,75584,52,0,10,1
36802,'H57JV00A-80-A',2630,,75591,52,0,10,1,21,,75590,52,0,10,1,59,,75587,52,0,10,1,30,,75592,52,0,10,1,70,,75588,52,0,10,1,34,,75586,52,0,10,2,83,,75589,52,0,10,1
36802,'H57JV00I-80-I',2625,,75594,52,0,10,1,86,,75596,52,0,10,2,45,,75593,52,0,10,1,86,,75595,52,0,10,1,87,,75597,52,0,10,2
36802,'H57JV00S-83-S',2626,,75599,52,0,10,1,81,,75598,52,0,10,1,93,,75601,52,0,10,1,54,,75600,52,0,10,1,78,,75602,52,0,10,1
