14401,'H51J000A-82-A',515,,51208,9,0,5,1,22,,51185,9,0,5,2,22,,51209,9,0,5,1,62,,51186,9,0,5,2,22,,51210,9,0,5,1,62,,51187,9,0,5,2,22,,51211,9,0,5,1,21,,51188,9,0,5,2,61,,51212,9,0,5,1,21,,51189,9,0,5,2,21,,51213,9,0,5,1,61,,51190,9,0,5,2,22,,51214,9,0,5,1,22,,51191,9,0,5,2,62,,51215,9,0,5,1,22,,51192,9,0,5,2,64,,51216,9,0,5,1,24,,51193,9,0,5,2,26,,51217,9,0,5,1,67,,51194,9,0,5,2,27,,51218,9,0,5,1,67,,51195,9,0,5,2,27,,51219,9,0,5,1,67,,51196,9,0,5,2,27,,51220,9,0,5,1,68,,51197,9,0,5,2,27,,51221,9,0,5,1,25,,51198,9,0,5,2,66,,51222,9,0,5,1,26,,51199,9,0,5,2,66,,51223,9,0,5,1,26,,51200,9,0,5,2,66,,51224,9,0,5,1,26,,51201,9,0,5,2,26,,51225,9,0,5,1,66,,51202,9,0,5,2,26,,51226,9,0,5,1,66,,51203,9,0,5,2,25,,51227,9,0,5,1,65,,51204,9,0,5,2,25,,51228,9,0,5,1,25,,51205,9,0,5,2,64,,51229,9,0,5,1,22,,51206,9,0,5,2,62,,51230,9,0,5,1,22,,51232,9,0,5,1,22,,51234,9,0,5,1,61,,51207,9,0,5,2,21,,51231,9,0,5,1,21,,51233,9,0,5,1,60,,51235,9,0,5,1,20,,51236,9,0,5,1
14401,'H51J000I-82-I',517,,51259,9,0,5,1,22,,51238,9,0,5,2,62,,51260,9,0,5,1,23,,51239,9,0,5,2,22,,51261,9,0,5,1,62,,51240,9,0,5,2,22,,51262,9,0,5,1,22,,51241,9,0,5,2,62,,51263,9,0,5,1,22,,51242,9,0,5,2,22,,51264,9,0,5,1,62,,51243,9,0,5,2,20,,51265,9,0,5,1,60,,51244,9,0,5,2,20,,51266,9,0,5,1,20,,51245,9,0,5,2,60,,51267,9,0,5,1,22,,51246,9,0,5,2,22,,51268,9,0,5,1,62,,51247,9,0,5,2,28,,51269,9,0,5,1,68,,51248,9,0,5,2,28,,51270,9,0,5,1,28,,51249,9,0,5,2,68,,51271,9,0,5,1,28,,51250,9,0,5,2,68,,51272,9,0,5,1,28,,51251,9,0,5,2,68,,51273,9,0,5,1,28,,51252,9,0,5,2,68,,51274,9,0,5,1,26,,51253,9,0,5,2,66,,51275,9,0,5,1,26,,51254,9,0,5,2,26,,51276,9,0,5,1,66,,51255,9,0,5,2,26,,51277,9,0,5,1,66,,51256,9,0,5,2,26,,51278,9,0,5,1,64,,51257,9,0,5,2,24,,51279,9,0,5,1,24,,51258,9,0,5,2,62,,51280,9,0,5,1,21,,51285,9,0,5,1,22,,51281,9,0,5,1,62,,51287,9,0,5,2,22,,51286,9,0,5,1,62,,51282,9,0,5,1,22,,51288,9,0,5,2,21,,51283,9,0,5,1,62,,51237,9,0,5,1,23,,51284,9,0,5,1
14401,'H51J000S-80-S',525,,51310,9,0,5,2,28,,51290,9,0,5,1,68,,51311,9,0,5,2,30,,51291,9,0,5,1,70,,51312,9,0,5,2,33,,51292,9,0,5,1,70,,51313,9,0,5,2,32,,51293,9,0,5,1,73,,51314,9,0,5,2,72,,51294,9,0,5,1,29,,51315,9,0,5,2,29,,51295,9,0,5,1,69,,51316,9,0,5,2,29,,51296,9,0,5,1,68,,51317,9,0,5,2,28,,51297,9,0,5,1,68,,51318,9,0,5,2,28,,51298,9,0,5,1,68,,51319,9,0,5,2,28,,51299,9,0,5,1,69,,51320,9,0,5,2,29,,51300,9,0,5,1,68,,51321,9,0,5,2,28,,51301,9,0,5,1,70,,51322,9,0,5,2,29,,51302,9,0,5,1,70,,51323,9,0,5,2,29,,51303,9,0,5,1,70,,51324,9,0,5,2,30,,51304,9,0,5,1,69,,51325,9,0,5,2,30,,51305,9,0,5,1,70,,51326,9,0,5,2,30,,51306,9,0,5,1,70,,51327,9,0,5,2,30,,51307,9,0,5,1,70,,51328,9,0,5,2,30,,51308,9,0,5,1,70,,51329,9,0,5,2,30,,51309,9,0,5,1,70,,51330,9,0,5,2,30,,51289,9,0,5,1
14401,'H51JV00A-80-A',515,,51359,9,0,5,1,22,,51336,9,0,5,2,22,,51360,9,0,5,1,62,,51337,9,0,5,2,22,,51361,9,0,5,1,62,,51338,9,0,5,2,22,,51362,9,0,5,1,21,,51339,9,0,5,2,61,,51363,9,0,5,1,21,,51340,9,0,5,2,21,,51364,9,0,5,1,61,,51341,9,0,5,2,22,,51365,9,0,5,1,22,,51342,9,0,5,2,62,,51366,9,0,5,1,22,,51343,9,0,5,2,64,,51367,9,0,5,1,24,,51344,9,0,5,2,26,,51368,9,0,5,1,67,,51345,9,0,5,2,27,,51369,9,0,5,1,67,,51346,9,0,5,2,27,,51370,9,0,5,1,67,,51347,9,0,5,2,27,,51371,9,0,5,1,68,,51348,9,0,5,2,27,,51372,9,0,5,1,25,,51349,9,0,5,2,66,,51373,9,0,5,1,26,,51350,9,0,5,2,66,,51374,9,0,5,1,26,,51351,9,0,5,2,66,,51375,9,0,5,1,26,,51352,9,0,5,2,26,,51376,9,0,5,1,66,,51353,9,0,5,2,26,,51377,9,0,5,1,66,,51354,9,0,5,2,25,,51378,9,0,5,1,65,,51355,9,0,5,2,25,,51379,9,0,5,1,25,,51356,9,0,5,2,64,,51380,9,0,5,1,22,,51357,9,0,5,2,62,,51381,9,0,5,1,22,,51333,9,0,5,1,22,,51331,9,0,5,1,61,,51358,9,0,5,2,21,,51382,9,0,5,1,21,,51334,9,0,5,1,60,,51332,9,0,5,1,20,,51335,9,0,5,1
14401,'H51JV00I-80-I',517,,51405,9,0,5,1,22,,51384,9,0,5,2,62,,51406,9,0,5,1,23,,51385,9,0,5,2,22,,51407,9,0,5,1,62,,51386,9,0,5,2,22,,51408,9,0,5,1,22,,51387,9,0,5,2,62,,51409,9,0,5,1,22,,51388,9,0,5,2,22,,51410,9,0,5,1,62,,51389,9,0,5,2,20,,51411,9,0,5,1,60,,51390,9,0,5,2,20,,51412,9,0,5,1,20,,51391,9,0,5,2,60,,51413,9,0,5,1,22,,51392,9,0,5,2,22,,51414,9,0,5,1,62,,51393,9,0,5,2,28,,51415,9,0,5,1,68,,51394,9,0,5,2,28,,51416,9,0,5,1,28,,51395,9,0,5,2,68,,51417,9,0,5,1,28,,51396,9,0,5,2,68,,51418,9,0,5,1,28,,51397,9,0,5,2,68,,51419,9,0,5,1,28,,51398,9,0,5,2,68,,51420,9,0,5,1,26,,51399,9,0,5,2,66,,51421,9,0,5,1,26,,51400,9,0,5,2,26,,51422,9,0,5,1,66,,51401,9,0,5,2,26,,51423,9,0,5,1,66,,51402,9,0,5,2,26,,51424,9,0,5,1,64,,51403,9,0,5,2,24,,51425,9,0,5,1,24,,51404,9,0,5,2,62,,51426,9,0,5,1,21,,51431,9,0,5,1,22,,51427,9,0,5,1,62,,51433,9,0,5,2,22,,51432,9,0,5,1,62,,51428,9,0,5,1,22,,51434,9,0,5,2,21,,51429,9,0,5,1,62,,51383,9,0,5,1,23,,51430,9,0,5,1
14401,'H51JV00S-84-S',525,,51456,9,0,5,2,28,,51436,9,0,5,1,68,,51457,9,0,5,2,30,,51437,9,0,5,1,70,,51458,9,0,5,2,33,,51438,9,0,5,1,70,,51459,9,0,5,2,32,,51439,9,0,5,1,73,,51460,9,0,5,2,72,,51440,9,0,5,1,29,,51461,9,0,5,2,29,,51441,9,0,5,1,69,,51462,9,0,5,2,29,,51442,9,0,5,1,68,,51463,9,0,5,2,28,,51443,9,0,5,1,68,,51464,9,0,5,2,28,,51444,9,0,5,1,68,,51465,9,0,5,2,28,,51445,9,0,5,1,69,,51466,9,0,5,2,29,,51446,9,0,5,1,68,,51467,9,0,5,2,28,,51447,9,0,5,1,70,,51468,9,0,5,2,29,,51448,9,0,5,1,70,,51469,9,0,5,2,29,,51449,9,0,5,1,70,,51470,9,0,5,2,30,,51450,9,0,5,1,69,,51471,9,0,5,2,30,,51451,9,0,5,1,70,,51472,9,0,5,2,30,,51452,9,0,5,1,70,,51473,9,0,5,2,30,,51453,9,0,5,1,70,,51474,9,0,5,2,30,,51454,9,0,5,1,70,,51475,9,0,5,2,30,,51455,9,0,5,1,70,,51476,9,0,5,2,30,,51435,9,0,5,1
36001,'H56J000A-80-A',2606,,74954,9,0,5,1,42,,74952,9,0,5,1,85,,74951,9,0,5,1,86,,74953,9,0,5,2,86,,74955,9,0,5,1
36001,'H56J000I-80-I',2604,,74960,9,0,5,1,45,,74956,9,0,5,1,85,,74959,9,0,5,1,84,,74957,9,0,5,1,87,,74958,9,0,5,1
36001,'H56J000S-80-S',2605,,74963,9,0,5,2,45,,74964,9,0,5,1,85,,74965,9,0,5,2,85,,74962,9,0,5,1,85,,74961,9,0,5,2
36001,'H56JV00A-80-A',2606,,74969,9,0,5,1,42,,74967,9,0,5,1,85,,74966,9,0,5,1,86,,74968,9,0,5,2,86,,74970,9,0,5,1
36001,'H56JV00I-80-I',2604,,74975,9,0,5,1,45,,74971,9,0,5,1,85,,74974,9,0,5,1,84,,74972,9,0,5,1,87,,74973,9,0,5,1
36001,'H56JV00S-80-S',2605,,74978,9,0,5,1,45,,74979,9,0,5,1,85,,74980,9,0,5,2,85,,74977,9,0,5,1,85,,74976,9,0,5,1
