13604,'H59U000A-80-A',525,,255830,24,0,9,2,29,,255838,24,0,9,1,69,,255842,24,0,9,1,29,,255831,24,0,9,2,67,,255839,24,0,9,1,27,,255843,24,0,9,1,65,,255832,24,0,9,2,25,,255840,24,0,9,1,19,,255854,24,0,9,2,60,,255844,24,0,9,1,20,,255841,24,0,9,1,19,,255833,24,0,9,2,58,,255855,24,0,9,2,18,,255867,24,0,9,1,20,,255845,24,0,9,1,61,,255834,24,0,9,2,22,,255868,24,0,9,1,21,,255856,24,0,9,2,62,,255846,24,0,9,1,22,,255869,24,0,9,1,21,,255835,24,0,9,2,60,,255857,24,0,9,2,21,,255847,24,0,9,1,61,,255870,24,0,9,1,20,,255836,24,0,9,2,22,,255858,24,0,9,2,62,,255848,24,0,9,1,21,,255871,24,0,9,1,19,,255837,24,0,9,2,57,,255877,24,0,9,2,20,,255859,24,0,9,2,20,,255882,24,0,9,2,61,,255872,24,0,9,1,20,,255878,24,0,9,2,19,,255860,24,0,9,2,58,,255849,24,0,9,1,21,,255873,24,0,9,1,19,,255879,24,0,9,2,60,,255861,24,0,9,2,22,,255850,24,0,9,1,27,,255874,24,0,9,1,69,,255862,24,0,9,2,30,,255851,24,0,9,1,69,,255880,24,0,9,2,29,,255863,24,0,9,2,68,,255852,24,0,9,1,28,,255881,24,0,9,2,69,,255864,24,0,9,2,29,,255853,24,0,9,1,71,,255875,24,0,9,1,31,,255865,24,0,9,2,70,,255876,24,0,9,1,31,,255866,24,0,9,2
13604,'H59U000I-80-I',524,,255903,24,0,9,2,32,,255886,24,0,9,1,72,,255904,24,0,9,2,29,,255887,24,0,9,1,72,,255905,24,0,9,2,71,,255888,24,0,9,1,32,,255906,24,0,9,2,72,,255889,24,0,9,1,23,,255883,24,0,9,1,23,,255907,24,0,9,2,60,,255890,24,0,9,1,18,,255916,24,0,9,2,19,,255884,24,0,9,1,61,,255908,24,0,9,2,19,,255917,24,0,9,2,18,,255891,24,0,9,1,57,,255896,24,0,9,1,22,,255909,24,0,9,1,23,,255918,24,0,9,2,64,,255902,24,0,9,1,23,,255897,24,0,9,1,24,,255910,24,0,9,1,65,,255919,24,0,9,2,26,,255899,24,0,9,1,66,,255898,24,0,9,1,31,,255920,24,0,9,2,69,,255900,24,0,9,1,31,,255911,24,0,9,1,69,,255914,24,0,9,2,29,,255901,24,0,9,1,71,,255912,24,0,9,1,28,,255915,24,0,9,2,69,,255921,24,0,9,2,30,,255913,24,0,9,1,71,,255892,24,0,9,2,30,,255922,24,0,9,2,70,,255885,24,0,9,1,29,,255893,24,0,9,2,69,,255923,24,0,9,2,31,,255927,24,0,9,1,69,,255924,24,0,9,2,30,,255894,24,0,9,1,70,,255925,24,0,9,2,30,,255895,24,0,9,1,70,,255926,24,0,9,2
13604,'H59U000S-80-S',525,,255938,24,0,9,1,20,,255941,24,0,9,1,61,,255952,24,0,9,2,16,,255929,24,0,9,1,16,,255939,24,0,9,1,16,,255991,24,0,9,1,49,,255973,24,0,9,2,7,,255953,24,0,9,2,8,,255942,24,0,9,1,8,,255944,24,0,9,1,8,,255928,24,0,9,1,9,,255930,24,0,9,1,9,,255940,24,0,9,1,49,,255932,24,0,9,1,8,,255954,24,0,9,2,9,,255975,24,0,9,1,10,,255979,24,0,9,2,12,,255974,24,0,9,2,10,,255943,24,0,9,1,52,,255945,24,0,9,1,11,,255931,24,0,9,1,12,,255965,24,0,9,1,12,,255955,24,0,9,2,12,,255970,24,0,9,1,58,,255980,24,0,9,2,19,,255946,24,0,9,1,20,,255956,24,0,9,2,61,,255966,24,0,9,1,22,,255971,24,0,9,1,22,,255947,24,0,9,1,60,,255957,24,0,9,2,21,,255981,24,0,9,2,17,,255967,24,0,9,1,57,,255972,24,0,9,1,19,,255948,24,0,9,1,19,,255958,24,0,9,2,58,,255976,24,0,9,1,19,,255982,24,0,9,2,19,,255968,24,0,9,1,60,,255949,24,0,9,1,19,,255959,24,0,9,2,19,,255977,24,0,9,1,17,,255983,24,0,9,2,57,,255969,24,0,9,1,17,,255937,24,0,9,2,18,,255950,24,0,9,1,57,,255960,24,0,9,2,15,,255978,24,0,9,1,17,,255984,24,0,9,2,23,,255933,24,0,9,1,68,,255951,24,0,9,1,29,,255936,24,0,9,2,68,,255934,24,0,9,1,30,,255961,24,0,9,2,69,,255985,24,0,9,2,28,,255935,24,0,9,1,70,,255988,24,0,9,1,30,,255986,24,0,9,2,71,,255962,24,0,9,2,29,,255989,24,0,9,1,66,,255987,24,0,9,2,29,,255963,24,0,9,2,67,,255990,24,0,9,1,27,,255992,24,0,9,1,71,,255964,24,0,9,2
13604,'H59U100F-80-F1',524,,256013,24,0,9,2,32,,255996,24,0,9,1,72,,256014,24,0,9,2,29,,255997,24,0,9,1,72,,256015,24,0,9,2,71,,255998,24,0,9,1,32,,256016,24,0,9,2,72,,255999,24,0,9,1,23,,255993,24,0,9,1,23,,256017,24,0,9,2,60,,256000,24,0,9,1,18,,256026,24,0,9,2,19,,255994,24,0,9,1,61,,256018,24,0,9,2,19,,256027,24,0,9,2,18,,256001,24,0,9,1,57,,256006,24,0,9,1,22,,256019,24,0,9,1,23,,256028,24,0,9,2,64,,256012,24,0,9,1,23,,256007,24,0,9,1,24,,256020,24,0,9,1,65,,256029,24,0,9,2,26,,256009,24,0,9,1,66,,256008,24,0,9,1,31,,256030,24,0,9,2,69,,256010,24,0,9,1,31,,256021,24,0,9,1,69,,256024,24,0,9,2,29,,256011,24,0,9,1,71,,256022,24,0,9,1,28,,256025,24,0,9,2,69,,256031,24,0,9,2,30,,256023,24,0,9,1,71,,256002,24,0,9,2,30,,256032,24,0,9,2,70,,255995,24,0,9,1,29,,256003,24,0,9,2,69,,256033,24,0,9,2,31,,256037,24,0,9,1,69,,256034,24,0,9,2,30,,256004,24,0,9,1,70,,256035,24,0,9,2,30,,256005,24,0,9,1,70,,256036,24,0,9,2
13604,'H59U200F-80-F2',524,,256038,24,0,9,2,32,,256039,24,0,9,1,72,,256040,24,0,9,2,29,,256041,24,0,9,1,72,,256042,24,0,9,2,71,,256043,24,0,9,1,32,,256044,24,0,9,2,72,,256045,24,0,9,1,23,,256046,24,0,9,1,23,,256047,24,0,9,2,60,,256048,24,0,9,1,18,,256049,24,0,9,2,19,,256050,24,0,9,1,61,,256051,24,0,9,2,19,,256052,24,0,9,2,18,,256053,24,0,9,1,57,,256054,24,0,9,1,22,,256055,24,0,9,1,23,,256056,24,0,9,2,64,,256057,24,0,9,1,23,,256058,24,0,9,1,24,,256059,24,0,9,1,65,,256060,24,0,9,2,26,,256061,24,0,9,1,66,,256062,24,0,9,1,31,,256063,24,0,9,2,69,,256064,24,0,9,1,31,,256065,24,0,9,1,69,,256066,24,0,9,2,29,,256067,24,0,9,1,71,,256068,24,0,9,1,28,,256069,24,0,9,2,69,,256070,24,0,9,2,30,,256071,24,0,9,1,71,,256072,24,0,9,2,30,,256073,24,0,9,2,70,,256074,24,0,9,1,29,,256075,24,0,9,2,69,,256076,24,0,9,2,31,,256077,24,0,9,1,69,,256078,24,0,9,2,30,,256079,24,0,9,1,70,,256080,24,0,9,2,30,,256081,24,0,9,1,70,,256082,24,0,9,2
35302,'H54U000A-80-A',2537,,276708,59,0,10,1,85,,276707,59,0,10,1,85,,276710,59,0,10,2,46,,276709,59,0,10,1,85,,276706,59,0,10,1
35302,'H54U000I-80-I',2538,,276711,59,0,10,1,85,,276714,59,0,10,1,86,,276715,59,0,10,1,45,,276712,59,0,10,2,85,,276713,59,0,10,1
35302,'H54U000S-81-S',2534,,276719,59,0,10,1,85,,276717,59,0,10,1,85,,276716,59,0,10,1,46,,276718,59,0,10,1,85,,276720,59,0,10,1
35302,'H54U100F-80-F1',2538,,276721,59,0,10,1,85,,276724,59,0,10,1,86,,276725,59,0,10,1,45,,276722,59,0,10,2,85,,276723,59,0,10,1
35302,'H54U200F-82-F2',2538,,276727,59,0,10,1,85,,276730,59,0,10,1,86,,276729,59,0,10,1,45,,276726,59,0,10,2,85,,276728,59,0,10,1
