1600,'H50M000A-70-A',601,,88029,7,,,2,28,,88048,7,,,1,30,,88030,7,,,2,70,,88049,7,,,1,30,,88031,7,,,2,71,,88050,7,,,1,71,,88032,7,,,2,31,,88051,7,,,1,72,,88033,7,,,2,33,,88052,7,,,1,71,,88034,7,,,2,28,,88060,7,,,1,69,,88053,7,,,1,30,,88035,7,,,2,69,,88042,7,,,1,30,,88054,7,,,1,70,,88047,7,,,1,30,,88043,7,,,1,70,,88036,7,,,2,30,,88046,7,,,1,70,,88044,7,,,1,29,,88037,7,,,2,72,,88055,7,,,1,29,,88045,7,,,1,68,,88038,7,,,2,30,,88056,7,,,1,73,,88039,7,,,2,30,,88057,7,,,1,72,,88040,7,,,2,30,,88058,7,,,1,70,,88041,7,,,2,29,,88059,7,,,1
1600,'H50M000I-70-I',603,,88069,7,,,1,29,,88061,7,,,1,69,,88070,7,,,1,29,,88062,7,,,1,70,,88071,7,,,1,29,,88063,7,,,1,30,,88072,7,,,1,71,,88064,7,,,1,71,,88073,7,,,1,31,,88065,7,,,1,72,,88074,7,,,1,32,,88066,7,,,1,72,,88075,7,,,1,32,,88067,7,,,1,72,,88076,7,,,1,28,,88079,7,,,1,66,,88068,7,,,1,26,,88077,7,,,1,26,,88080,7,,,1,66,,88091,7,,,1,27,,88078,7,,,1,68,,88081,7,,,1,28,,88092,7,,,1,68,,88086,7,,,1,27,,88082,7,,,1,66,,88093,7,,,1,27,,88087,7,,,1,70,,88083,7,,,1,31,,88088,7,,,1,70,,88084,7,,,1,29,,88089,7,,,1,70,,88085,7,,,1,29,,88090,7,,,1
1600,'H50M000S-70-S',559,,88116,7,,,1,66,,88094,7,,,1,25,,88105,7,,,2,67,,88117,7,,,1,29,,88095,7,,,1,67,,88106,7,,,2,25,,88125,7,,,1,65,,88118,7,,,1,27,,88096,7,,,1,27,,88107,7,,,2,70,,88119,7,,,1,30,,88097,7,,,1,70,,88108,7,,,2,30,,88120,7,,,1,70,,88098,7,,,1,30,,88109,7,,,2,71,,88121,7,,,1,31,,88099,7,,,1,71,,88110,7,,,2,70,,88122,7,,,1,35,,88100,7,,,1,75,,88111,7,,,2,34,,88123,7,,,1,71,,88101,7,,,1,31,,88112,7,,,2,73,,88124,7,,,1,32,,88102,7,,,1,73,,88113,7,,,2,33,,88103,7,,,1,72,,88114,7,,,2,72,,88104,7,,,1,32,,88115,7,,,2
1600,'H50M100F-70-F1',603,,88134,7,,,1,29,,88126,7,,,1,69,,88135,7,,,1,29,,88127,7,,,1,70,,88136,7,,,1,29,,88128,7,,,1,30,,88137,7,,,1,71,,88129,7,,,1,71,,88138,7,,,1,31,,88130,7,,,1,72,,88139,7,,,1,32,,88131,7,,,1,72,,88140,7,,,1,32,,88132,7,,,1,72,,88141,7,,,1,28,,88144,7,,,1,66,,88133,7,,,1,26,,88143,7,,,1,26,,88145,7,,,1,66,,88156,7,,,1,27,,88142,7,,,1,68,,88146,7,,,1,28,,88157,7,,,1,68,,88151,7,,,1,27,,88147,7,,,1,66,,88158,7,,,1,27,,88152,7,,,1,70,,88148,7,,,1,31,,88153,7,,,1,70,,88149,7,,,1,29,,88154,7,,,1,70,,88150,7,,,1,29,,88155,7,,,1
1600,'H50M200F-70-F2',603,,88167,7,,,1,29,,88159,7,,,1,69,,88168,7,,,1,29,,88160,7,,,1,70,,88169,7,,,1,29,,88161,7,,,1,30,,88170,7,,,1,71,,88162,7,,,1,71,,88171,7,,,1,31,,88163,7,,,1,72,,88172,7,,,1,32,,88164,7,,,1,72,,88173,7,,,1,32,,88165,7,,,1,72,,88174,7,,,1,28,,88177,7,,,1,66,,88166,7,,,1,26,,88175,7,,,1,26,,88178,7,,,1,66,,88190,7,,,1,27,,88176,7,,,1,68,,88179,7,,,1,28,,88189,7,,,1,68,,88184,7,,,1,27,,88180,7,,,1,66,,88191,7,,,1,27,,88185,7,,,1,70,,88181,7,,,1,31,,88186,7,,,1,70,,88182,7,,,1,29,,88188,7,,,1,70,,88183,7,,,1,29,,88187,7,,,1
1600,'H50M300F-70-F3',603,,88200,7,,,1,29,,88192,7,,,1,69,,88201,7,,,1,29,,88193,7,,,1,70,,88202,7,,,1,29,,88194,7,,,1,30,,88203,7,,,1,71,,88195,7,,,1,71,,88204,7,,,1,31,,88196,7,,,1,72,,88205,7,,,1,32,,88197,7,,,1,72,,88206,7,,,1,32,,88198,7,,,1,72,,88207,7,,,1,28,,88210,7,,,1,66,,88199,7,,,1,26,,88208,7,,,1,26,,88211,7,,,1,66,,88222,7,,,1,27,,88209,7,,,1,68,,88212,7,,,1,28,,88223,7,,,1,68,,88217,7,,,1,27,,88213,7,,,1,66,,88224,7,,,1,27,,88218,7,,,1,70,,88215,7,,,1,31,,88219,7,,,1,70,,88214,7,,,1,29,,88220,7,,,1,70,,88216,7,,,1,29,,88221,7,,,1
12800,'H50M000A-70-A',644,,127535,43,,,1,81,,127527,43,,,1,79,,127526,43,,,2,38,,127536,43,,,1,69,,127557,43,,,2,33,,127528,43,,,1,69,,127543,43,,,2,25,,127550,43,,,2,67,,127537,43,,,1,27,,127558,43,,,2,26,,127529,43,,,1,69,,127544,43,,,2,28,,127551,43,,,2,68,,127538,43,,,1,27,,127559,43,,,2,66,,127530,43,,,1,30,,127545,43,,,2,68,,127552,43,,,2,28,,127539,43,,,1,67,,127560,43,,,2,28,,127531,43,,,1,72,,127546,43,,,2,28,,127553,43,,,2,66,,127540,43,,,1,22,,127561,43,,,2,25,,127532,43,,,1,71,,127547,43,,,2,28,,127554,43,,,2,73,,127541,43,,,1,36,,127533,43,,,1,69,,127548,43,,,2,28,,127555,43,,,2,69,,127542,43,,,1,34,,127534,43,,,1,75,,127549,43,,,2,78,,127556,43,,,2,37,,127562,43,,,1
12800,'H50M000I-70-I',646,,127571,43,,,1,78,,127563,43,,,2,79,,127580,43,,,1,34,,127588,43,,,2,75,,127572,43,,,1,37,,127564,43,,,2,76,,127581,43,,,1,75,,127589,43,,,2,34,,127573,43,,,1,77,,127565,43,,,2,32,,127582,43,,,1,72,,127590,43,,,2,28,,127596,43,,,2,68,,127574,43,,,1,30,,127566,43,,,2,69,,127583,43,,,1,28,,127591,43,,,2,69,,127597,43,,,2,22,,127575,43,,,1,73,,127567,43,,,2,32,,127584,43,,,1,78,,127592,43,,,2,32,,127576,43,,,1,73,,127568,43,,,2,30,,127585,43,,,1,71,,127593,43,,,2,30,,127577,43,,,1,71,,127569,43,,,2,31,,127586,43,,,1,71,,127594,43,,,2,33,,127578,43,,,1,70,,127570,43,,,2,76,,127587,43,,,1,30,,127595,43,,,2,15,,127579,43,,,1
12800,'H50M000S-70-S',557,,127606,43,,,1,73,,127614,43,,,2,76,,127598,43,,,1,27,,127621,43,,,1,77,,127635,43,,,2,32,,127607,43,,,1,66,,127615,43,,,2,37,,127599,43,,,1,61,,127622,43,,,1,29,,127636,43,,,2,69,,127608,43,,,1,29,,127616,43,,,2,72,,127600,43,,,1,28,,127623,43,,,1,70,,127629,43,,,2,30,,127609,43,,,1,68,,127617,43,,,2,28,,127601,43,,,1,29,,127624,43,,,1,80,,127630,43,,,2,70,,127610,43,,,1,36,,127618,43,,,2,75,,127602,43,,,1,35,,127625,43,,,1,73,,127631,43,,,2,30,,127611,43,,,1,68,,127619,43,,,2,25,,127603,43,,,1,65,,127626,43,,,1,28,,127632,43,,,2,68,,127612,43,,,1,31,,127620,43,,,2,17,,127604,43,,,1,61,,127627,43,,,1,30,,127633,43,,,2,70,,127613,43,,,1,38,,127605,43,,,1,67,,127628,43,,,1,27,,127634,43,,,2
12800,'H50M100F-70-F1',646,,127645,43,,,1,78,,127637,43,,,2,79,,127654,43,,,1,34,,127662,43,,,2,75,,127646,43,,,1,37,,127638,43,,,2,76,,127655,43,,,1,75,,127663,43,,,2,34,,127647,43,,,1,77,,127639,43,,,2,32,,127656,43,,,1,72,,127664,43,,,2,28,,127670,43,,,2,68,,127648,43,,,1,30,,127640,43,,,2,69,,127657,43,,,1,28,,127665,43,,,2,69,,127671,43,,,2,22,,127649,43,,,1,73,,127641,43,,,2,32,,127658,43,,,1,78,,127666,43,,,2,32,,127650,43,,,1,73,,127643,43,,,2,30,,127659,43,,,1,71,,127667,43,,,2,30,,127651,43,,,1,71,,127642,43,,,2,31,,127660,43,,,1,71,,127668,43,,,2,33,,127652,43,,,1,70,,127644,43,,,2,76,,127661,43,,,1,30,,127669,43,,,2,15,,127653,43,,,1
12800,'H50M200F-70-F2',646,,127680,43,,,1,78,,127672,43,,,2,79,,127689,43,,,1,34,,127697,43,,,2,75,,127681,43,,,1,37,,127673,43,,,2,76,,127690,43,,,1,75,,127698,43,,,2,34,,127682,43,,,1,77,,127674,43,,,2,32,,127691,43,,,1,72,,127699,43,,,2,28,,127705,43,,,2,68,,127683,43,,,1,30,,127675,43,,,2,69,,127692,43,,,1,28,,127701,43,,,2,69,,127706,43,,,2,22,,127684,43,,,1,73,,127676,43,,,2,32,,127693,43,,,1,78,,127702,43,,,2,32,,127685,43,,,1,73,,127677,43,,,2,30,,127694,43,,,1,71,,127703,43,,,2,30,,127686,43,,,1,71,,127678,43,,,2,31,,127695,43,,,1,71,,127700,43,,,2,33,,127687,43,,,1,70,,127679,43,,,2,76,,127696,43,,,1,30,,127704,43,,,2,15,,127688,43,,,1
12800,'H50M300F-70-F3',646,,127715,43,,,1,78,,127707,43,,,2,79,,127724,43,,,1,34,,127732,43,,,2,75,,127716,43,,,1,37,,127708,43,,,2,76,,127725,43,,,1,75,,127733,43,,,2,34,,127717,43,,,1,77,,127709,43,,,2,32,,127726,43,,,1,72,,127734,43,,,2,28,,127740,43,,,2,68,,127718,43,,,1,30,,127710,43,,,2,69,,127727,43,,,1,28,,127735,43,,,2,69,,127741,43,,,2,22,,127719,43,,,1,73,,127711,43,,,2,32,,127728,43,,,1,78,,127736,43,,,2,32,,127720,43,,,1,73,,127712,43,,,2,30,,127729,43,,,1,71,,127737,43,,,2,30,,127721,43,,,1,71,,127713,43,,,2,31,,127730,43,,,1,71,,127738,43,,,2,33,,127722,43,,,1,70,,127714,43,,,2,76,,127731,43,,,1,30,,127739,43,,,2,15,,127723,43,,,1
