19301,'H50J000S-83-S',1629,,64932,13,0,5,2
19301,'H50JV00S-82-S',1629,,64933,13,0,5,2
19301,'H51J000S-80-S',1553,,64934,13,0,5,2
19301,'H51JV00S-84-S',1553,,64935,13,0,5,2
19301,'H54J000S-83-S',1523,,64937,13,0,5,2,213,,64938,13,0,5,2,288,,64936,13,0,5,1
19301,'H54JV00S-80-S',1523,,64940,13,0,5,2,213,,64941,13,0,5,2,288,,64939,13,0,5,1
19301,'H58J000A-83-A',531,,64963,13,0,5,2,28,,64943,13,0,5,2,69,,64971,13,0,5,1,31,,64964,13,0,5,2,70,,64944,13,0,5,2,23,,64987,13,0,5,2,61,,64972,13,0,5,1,21,,64965,13,0,5,2,22,,64953,13,0,5,2,62,,64945,13,0,5,2,22,,64988,13,0,5,2,64,,64973,13,0,5,1,24,,64983,13,0,5,1,17,,64966,13,0,5,2,55,,64954,13,0,5,2,15,,64949,13,0,5,2,16,,64946,13,0,5,2,15,,64989,13,0,5,2,56,,64974,13,0,5,1,15,,64995,13,0,5,2,15,,64984,13,0,5,1,15,,64967,13,0,5,2,53,,64955,13,0,5,2,12,,64950,13,0,5,2,12,,64947,13,0,5,2,13,,64990,13,0,5,2,13,,65001,13,0,5,2,53,,64975,13,0,5,1,13,,64996,13,0,5,2,11,,64985,13,0,5,1,12,,64968,13,0,5,2,12,,65005,13,0,5,2,51,,64956,13,0,5,2,10,,64951,13,0,5,2,11,,64948,13,0,5,2,11,,64991,13,0,5,2,11,,65002,13,0,5,2,12,,64976,13,0,5,1,52,,64997,13,0,5,2,13,,64986,13,0,5,1,12,,64969,13,0,5,2,12,,65006,13,0,5,2,12,,64957,13,0,5,2,52,,64952,13,0,5,2,11,,65007,13,0,5,2,12,,64992,13,0,5,2,12,,65003,13,0,5,2,13,,64977,13,0,5,1,51,,64942,13,0,5,1,12,,64998,13,0,5,2,15,,64970,13,0,5,2,19,,64958,13,0,5,2,60,,65008,13,0,5,2,24,,65004,13,0,5,2,64,,64978,13,0,5,1,25,,64999,13,0,5,2,24,,64959,13,0,5,2,63,,65009,13,0,5,2,24,,64979,13,0,5,1,71,,65000,13,0,5,2,32,,64960,13,0,5,2,70,,64980,13,0,5,1,31,,64993,13,0,5,2,71,,64961,13,0,5,2,26,,64981,13,0,5,1,71,,64994,13,0,5,2,30,,64962,13,0,5,2,68,,64982,13,0,5,1
19301,'H58J000I-81-I',556,,65024,13,0,5,1,70,,65017,13,0,5,1,30,,65032,13,0,5,2,70,,65025,13,0,5,1,30,,65018,13,0,5,1,71,,65033,13,0,5,2,30,,65020,13,0,5,1,70,,65026,13,0,5,1,30,,65019,13,0,5,1,60,,65034,13,0,5,2,20,,65011,13,0,5,2,20,,65021,13,0,5,1,61,,65027,13,0,5,1,20,,65048,13,0,5,2,20,,65060,13,0,5,2,55,,65035,13,0,5,2,15,,65012,13,0,5,2,15,,65056,13,0,5,2,15,,65022,13,0,5,1,55,,65030,13,0,5,1,16,,65049,13,0,5,2,15,,65063,13,0,5,2,15,,65061,13,0,5,2,55,,65036,13,0,5,2,15,,65013,13,0,5,2,15,,65057,13,0,5,2,15,,65023,13,0,5,1,55,,65028,13,0,5,1,15,,65050,13,0,5,2,15,,65064,13,0,5,2,15,,65062,13,0,5,2,55,,65037,13,0,5,2,14,,65014,13,0,5,2,14,,65010,13,0,5,1,13,,65058,13,0,5,2,54,,65029,13,0,5,1,15,,65051,13,0,5,2,15,,65016,13,0,5,2,15,,65065,13,0,5,2,55,,65038,13,0,5,2,16,,65015,13,0,5,2,16,,65043,13,0,5,1,15,,65059,13,0,5,2,56,,65031,13,0,5,1,31,,65052,13,0,5,2,72,,65039,13,0,5,2,32,,65044,13,0,5,1,72,,65053,13,0,5,2,32,,65040,13,0,5,2,69,,65045,13,0,5,1,31,,65054,13,0,5,2,69,,65041,13,0,5,2,30,,65046,13,0,5,1,68,,65055,13,0,5,2,30,,65042,13,0,5,2,69,,65047,13,0,5,1
19301,'H58J000I-82-I',556,,65080,13,0,5,1,70,,65073,13,0,5,1,30,,65088,13,0,5,2,70,,65081,13,0,5,1,30,,65074,13,0,5,1,71,,65089,13,0,5,2,30,,65076,13,0,5,1,70,,65082,13,0,5,1,30,,65075,13,0,5,1,60,,65090,13,0,5,2,20,,65067,13,0,5,2,20,,65077,13,0,5,1,61,,65083,13,0,5,1,20,,65104,13,0,5,2,20,,65116,13,0,5,2,55,,65091,13,0,5,2,15,,65068,13,0,5,2,15,,65112,13,0,5,2,15,,65078,13,0,5,1,55,,65086,13,0,5,1,16,,65105,13,0,5,2,15,,65119,13,0,5,2,15,,65117,13,0,5,2,55,,65092,13,0,5,2,15,,65069,13,0,5,2,15,,65113,13,0,5,2,15,,65079,13,0,5,1,55,,65084,13,0,5,1,15,,65106,13,0,5,2,15,,65120,13,0,5,2,15,,65118,13,0,5,2,55,,65093,13,0,5,2,14,,65070,13,0,5,2,14,,65066,13,0,5,1,13,,65114,13,0,5,2,54,,65085,13,0,5,1,15,,65107,13,0,5,2,15,,65072,13,0,5,2,15,,65121,13,0,5,2,55,,65094,13,0,5,2,16,,65071,13,0,5,2,16,,65099,13,0,5,1,15,,65115,13,0,5,2,56,,65087,13,0,5,1,31,,65108,13,0,5,2,72,,65095,13,0,5,2,32,,65100,13,0,5,1,72,,65109,13,0,5,2,32,,65096,13,0,5,2,69,,65101,13,0,5,1,31,,65110,13,0,5,2,69,,65097,13,0,5,2,30,,65102,13,0,5,1,68,,65111,13,0,5,2,30,,65098,13,0,5,2,69,,65103,13,0,5,1
19301,'H58J000S-81-S',532,,65125,13,0,5,2,75,,65129,13,0,5,2,24,,65124,13,0,5,2,25,,65127,13,0,5,2,65,,65128,13,0,5,1,17,,65130,13,0,5,2,10,,65135,13,0,5,2,52,,65159,13,0,5,1,13,,65141,13,0,5,2,12,,65142,13,0,5,2,11,,65158,13,0,5,2,16,,65137,13,0,5,1,60,,65122,13,0,5,2,21,,65136,13,0,5,2,68,,65160,13,0,5,1,30,,65143,13,0,5,2,69,,65138,13,0,5,1,27,,65123,13,0,5,2,18,,65148,13,0,5,1,55,,65161,13,0,5,1,15,,65152,13,0,5,1,16,,65144,13,0,5,2,19,,65155,13,0,5,2,58,,65139,13,0,5,1,18,,65164,13,0,5,2,16,,65166,13,0,5,2,13,,65149,13,0,5,1,52,,65162,13,0,5,1,12,,65153,13,0,5,1,12,,65126,13,0,5,1,10,,65169,13,0,5,2,10,,65145,13,0,5,2,51,,65156,13,0,5,2,11,,65140,13,0,5,1,20,,65165,13,0,5,2,6,,65182,13,0,5,2,6,,65183,13,0,5,2,55,,65185,13,0,5,1,6,,65168,13,0,5,2,7,,65150,13,0,5,1,8,,65163,13,0,5,1,16,,65154,13,0,5,1,8,,65187,13,0,5,1,8,,65170,13,0,5,2,48,,65167,13,0,5,2,9,,65146,13,0,5,2,9,,65157,13,0,5,2,8,,65173,13,0,5,2,18,,65172,13,0,5,2,11,,65184,13,0,5,2,51,,65131,13,0,5,1,10,,65186,13,0,5,1,12,,65151,13,0,5,1,11,,65178,13,0,5,2,12,,65171,13,0,5,2,54,,65188,13,0,5,1,19,,65147,13,0,5,1,20,,65174,13,0,5,2,59,,65132,13,0,5,1,40,,65179,13,0,5,2,60,,65189,13,0,5,1,19,,65192,13,0,5,1,18,,65175,13,0,5,2,60,,65133,13,0,5,1,27,,65180,13,0,5,2,30,,65190,13,0,5,1,71,,65176,13,0,5,2,71,,65134,13,0,5,1,32,,65181,13,0,5,2,71,,65191,13,0,5,1,20,,65177,13,0,5,2
19301,'H58J000S-83-S',532,,65196,13,0,5,2,75,,65200,13,0,5,2,24,,65195,13,0,5,2,25,,65198,13,0,5,2,65,,65199,13,0,5,1,17,,65201,13,0,5,2,10,,65206,13,0,5,2,52,,65230,13,0,5,1,13,,65212,13,0,5,2,12,,65213,13,0,5,2,11,,65229,13,0,5,2,16,,65208,13,0,5,1,60,,65193,13,0,5,2,21,,65207,13,0,5,2,68,,65231,13,0,5,1,30,,65214,13,0,5,2,69,,65209,13,0,5,1,27,,65194,13,0,5,2,18,,65219,13,0,5,1,55,,65232,13,0,5,1,15,,65223,13,0,5,1,16,,65215,13,0,5,2,19,,65226,13,0,5,2,58,,65210,13,0,5,1,18,,65235,13,0,5,2,16,,65237,13,0,5,2,13,,65220,13,0,5,1,52,,65233,13,0,5,1,12,,65224,13,0,5,1,12,,65197,13,0,5,1,10,,65240,13,0,5,2,10,,65216,13,0,5,2,51,,65227,13,0,5,2,11,,65211,13,0,5,1,20,,65236,13,0,5,2,6,,65253,13,0,5,2,6,,65254,13,0,5,2,55,,65256,13,0,5,1,6,,65239,13,0,5,2,7,,65221,13,0,5,1,8,,65234,13,0,5,1,16,,65225,13,0,5,1,8,,65258,13,0,5,1,8,,65241,13,0,5,2,48,,65238,13,0,5,2,9,,65217,13,0,5,2,9,,65228,13,0,5,2,8,,65244,13,0,5,2,18,,65243,13,0,5,2,11,,65255,13,0,5,2,51,,65202,13,0,5,1,10,,65257,13,0,5,1,12,,65222,13,0,5,1,11,,65249,13,0,5,2,12,,65242,13,0,5,2,54,,65259,13,0,5,1,19,,65218,13,0,5,1,20,,65245,13,0,5,2,59,,65203,13,0,5,1,40,,65250,13,0,5,2,60,,65260,13,0,5,1,19,,65263,13,0,5,1,18,,65246,13,0,5,2,60,,65204,13,0,5,1,27,,65251,13,0,5,2,30,,65261,13,0,5,1,71,,65247,13,0,5,2,71,,65205,13,0,5,1,32,,65252,13,0,5,2,71,,65262,13,0,5,1,20,,65248,13,0,5,2
19301,'H58JV00A-80-A',531,,65269,13,0,5,2,28,,65326,13,0,5,2,69,,65277,13,0,5,1,31,,65270,13,0,5,2,70,,65327,13,0,5,2,23,,65289,13,0,5,2,61,,65278,13,0,5,1,21,,65271,13,0,5,2,22,,65316,13,0,5,2,62,,65328,13,0,5,2,22,,65290,13,0,5,2,64,,65279,13,0,5,1,24,,65312,13,0,5,1,17,,65272,13,0,5,2,55,,65317,13,0,5,2,15,,65302,13,0,5,2,16,,65329,13,0,5,2,15,,65291,13,0,5,2,56,,65280,13,0,5,1,15,,65306,13,0,5,2,15,,65313,13,0,5,1,15,,65273,13,0,5,2,53,,65318,13,0,5,2,12,,65303,13,0,5,2,12,,65330,13,0,5,2,13,,65292,13,0,5,2,13,,65295,13,0,5,2,53,,65281,13,0,5,1,13,,65307,13,0,5,2,11,,65314,13,0,5,1,12,,65274,13,0,5,2,12,,65267,13,0,5,2,51,,65319,13,0,5,2,10,,65304,13,0,5,2,11,,65331,13,0,5,2,11,,65293,13,0,5,2,11,,65296,13,0,5,2,12,,65282,13,0,5,1,52,,65308,13,0,5,2,13,,65315,13,0,5,1,12,,65275,13,0,5,2,12,,65268,13,0,5,2,12,,65320,13,0,5,2,52,,65305,13,0,5,2,11,,65299,13,0,5,2,12,,65294,13,0,5,2,12,,65297,13,0,5,2,13,,65283,13,0,5,1,51,,65266,13,0,5,1,12,,65309,13,0,5,2,15,,65276,13,0,5,2,19,,65321,13,0,5,2,60,,65300,13,0,5,2,24,,65298,13,0,5,2,64,,65284,13,0,5,1,25,,65310,13,0,5,2,24,,65322,13,0,5,2,63,,65301,13,0,5,2,24,,65285,13,0,5,1,71,,65311,13,0,5,2,32,,65323,13,0,5,2,70,,65286,13,0,5,1,31,,65264,13,0,5,2,71,,65324,13,0,5,2,26,,65287,13,0,5,1,71,,65265,13,0,5,2,30,,65325,13,0,5,2,68,,65288,13,0,5,1
19301,'H58JV00I-81-I',556,,65380,13,0,5,1,70,,65334,13,0,5,1,30,,65346,13,0,5,2,70,,65381,13,0,5,1,30,,65335,13,0,5,1,71,,65347,13,0,5,2,30,,65337,13,0,5,1,70,,65382,13,0,5,1,30,,65336,13,0,5,1,60,,65348,13,0,5,2,20,,65375,13,0,5,2,20,,65338,13,0,5,1,61,,65383,13,0,5,1,20,,65357,13,0,5,2,20,,65369,13,0,5,2,55,,65349,13,0,5,2,15,,65376,13,0,5,2,15,,65365,13,0,5,2,15,,65339,13,0,5,1,55,,65384,13,0,5,1,16,,65358,13,0,5,2,15,,65372,13,0,5,2,15,,65370,13,0,5,2,55,,65350,13,0,5,2,15,,65377,13,0,5,2,15,,65366,13,0,5,2,15,,65340,13,0,5,1,55,,65385,13,0,5,1,15,,65359,13,0,5,2,15,,65373,13,0,5,2,15,,65371,13,0,5,2,55,,65351,13,0,5,2,14,,65378,13,0,5,2,14,,65333,13,0,5,1,13,,65367,13,0,5,2,54,,65386,13,0,5,1,15,,65360,13,0,5,2,15,,65332,13,0,5,2,15,,65374,13,0,5,2,55,,65352,13,0,5,2,16,,65379,13,0,5,2,16,,65341,13,0,5,1,15,,65368,13,0,5,2,56,,65387,13,0,5,1,31,,65361,13,0,5,2,72,,65353,13,0,5,2,32,,65342,13,0,5,1,72,,65362,13,0,5,2,32,,65354,13,0,5,2,69,,65343,13,0,5,1,31,,65363,13,0,5,2,69,,65355,13,0,5,2,30,,65344,13,0,5,1,68,,65364,13,0,5,2,30,,65356,13,0,5,2,69,,65345,13,0,5,1
19301,'H58JV00S-82-S',532,,65391,13,0,5,2,75,,65395,13,0,5,2,24,,65390,13,0,5,2,25,,65393,13,0,5,2,65,,65394,13,0,5,1,17,,65396,13,0,5,2,10,,65401,13,0,5,2,52,,65425,13,0,5,1,13,,65407,13,0,5,2,12,,65408,13,0,5,1,11,,65424,13,0,5,2,16,,65403,13,0,5,1,60,,65388,13,0,5,2,21,,65402,13,0,5,2,68,,65426,13,0,5,1,30,,65409,13,0,5,1,69,,65404,13,0,5,1,27,,65389,13,0,5,2,18,,65414,13,0,5,1,55,,65427,13,0,5,1,15,,65418,13,0,5,1,16,,65410,13,0,5,1,19,,65421,13,0,5,2,58,,65405,13,0,5,1,18,,65430,13,0,5,2,16,,65432,13,0,5,2,13,,65415,13,0,5,1,52,,65428,13,0,5,1,12,,65419,13,0,5,1,12,,65392,13,0,5,1,10,,65435,13,0,5,2,10,,65411,13,0,5,1,51,,65422,13,0,5,2,11,,65406,13,0,5,1,20,,65431,13,0,5,2,6,,65448,13,0,5,2,6,,65449,13,0,5,2,55,,65451,13,0,5,1,6,,65434,13,0,5,2,7,,65416,13,0,5,1,8,,65429,13,0,5,1,16,,65420,13,0,5,1,8,,65453,13,0,5,1,8,,65436,13,0,5,2,48,,65433,13,0,5,1,9,,65412,13,0,5,2,9,,65423,13,0,5,2,8,,65439,13,0,5,1,18,,65438,13,0,5,2,11,,65450,13,0,5,2,51,,65397,13,0,5,1,10,,65452,13,0,5,1,12,,65417,13,0,5,1,11,,65444,13,0,5,1,12,,65437,13,0,5,2,54,,65454,13,0,5,1,19,,65413,13,0,5,1,20,,65440,13,0,5,1,59,,65398,13,0,5,1,40,,65445,13,0,5,1,60,,65455,13,0,5,1,19,,65458,13,0,5,1,18,,65441,13,0,5,1,60,,65399,13,0,5,1,27,,65446,13,0,5,1,30,,65456,13,0,5,1,71,,65442,13,0,5,1,71,,65400,13,0,5,1,32,,65447,13,0,5,1,71,,65457,13,0,5,1,20,,65443,13,0,5,1
