18800,'H54M000S-70-S',613,,143710,32,0,22 48,2,33,,143706,32,0,22 48,1,80,,143711,32,0,22 48,1,76,,143708,32,0,22 48,1,34,,143714,32,0,22 48,2,70,,143712,32,0,22 48,1,38,,143707,32,0,22 48,1
18800,'H54M200F-70-F2',613,,143721,32,0,22 48,1,33,,143726,32,0,22 48,2,80,,143724,32,0,22 48,1,76,,143722,32,0,22 48,1,34,,143727,32,0,22 48,2,70,,143725,32,0,22 48,1,38,,143723,32,0,22 48,1
19200,'H50M000S-70-S',626,,144469,38,,,1,187,,144468,38,,,2
19200,'H51M000S-70-S',1518,,144470,38,,,2
19200,'H54M000A-70-A',554,,144478,38,,,1,70,,144491,38,,,2,30,,144471,38,,,1,70,,144479,38,,,1,30,,144492,38,,,1,70,,144472,38,,,1,31,,144480,38,,,1,71,,144493,38,,,1,30,,144473,38,,,1,70,,144481,38,,,1,31,,144494,38,,,1,74,,144474,38,,,1,71,,144482,38,,,1,32,,144495,38,,,1,71,,144503,38,,,1,30,,144475,38,,,1,70,,144483,38,,,1,30,,144496,38,,,1,68,,144504,38,,,1,28,,144476,38,,,1,69,,144484,38,,,1,29,,144497,38,,,1,30,,144505,38,,,1,71,,144477,38,,,1,71,,144485,38,,,1,31,,144498,38,,,1,69,,144506,38,,,1,31,,144486,38,,,1,69,,144499,38,,,1,28,,144507,38,,,1,29,,144489,38,,,1,69,,144500,38,,,1,30,,144508,38,,,1,70,,144487,38,,,1,30,,144501,38,,,1,69,,144509,38,,,1,29,,144488,38,,,1,70,,144502,38,,,1,28,,144511,38,,,1,72,,144490,38,,,1,81,,144510,38,,,1
19200,'H54M000I-70-I',555,,144512,38,,,1,68,,144527,38,,,2,31,,144519,38,,,1,70,,144513,38,,,1,30,,144528,38,,,2,70,,144520,38,,,1,32,,144514,38,,,1,73,,144529,38,,,2,30,,144521,38,,,1,70,,144515,38,,,1,30,,144530,38,,,2,70,,144522,38,,,1,30,,144516,38,,,1,70,,144531,38,,,2,30,,144544,38,,,1,70,,144523,38,,,1,30,,144517,38,,,1,66,,144532,38,,,2,28,,144545,38,,,1,69,,144524,38,,,1,30,,144518,38,,,1,72,,144533,38,,,2,32,,144546,38,,,1,73,,144525,38,,,1,72,,144534,38,,,2,32,,144547,38,,,1,70,,144526,38,,,1,28,,144535,38,,,2,70,,144548,38,,,1,29,,144540,38,,,1,29,,144536,38,,,2,70,,144549,38,,,1,30,,144542,38,,,1,68,,144538,38,,,2,29,,144550,38,,,1,70,,144541,38,,,1,30,,144537,38,,,2,69,,144551,38,,,1,29,,144543,38,,,1,71,,144539,38,,,2,32,,144552,38,,,1
19200,'H54M000S-70-S',602,,144554,38,,,1,12,,144553,38,,,2,28,,144560,38,,,1,17,,144574,38,,,1,58,,144575,38,,,1,17,,144576,38,,,1,19,,144555,38,,,1,80,,144561,38,,,1,21,,144572,38,,,1,68,,144577,38,,,1,29,,144556,38,,,1,68,,144562,38,,,1,28,,144573,38,,,1,69,,144578,38,,,1,29,,144557,38,,,1,69,,144563,38,,,1,31,,144586,38,,,2,72,,144579,38,,,1,30,,144558,38,,,1,70,,144564,38,,,1,135,,144559,38,,,1,70,,144565,38,,,1,101,,144588,38,,,2,29,,144580,38,,,1,67,,144566,38,,,1,28,,144587,38,,,1,63,,144589,38,,,2,24,,144581,38,,,1,69,,144567,38,,,1,30,,144590,38,,,1,68,,144582,38,,,1,30,,144568,38,,,1,70,,144591,38,,,1,28,,144583,38,,,1,29,,144569,38,,,1,70,,144592,38,,,1,30,,144584,38,,,1,68,,144570,38,,,1,30,,144593,38,,,1,70,,144585,38,,,1,32,,144571,38,,,1
19200,'H54M100F-70-F1',554,,144601,38,,,1,70,,144602,38,,,1,30,,144594,38,,,1,70,,144603,38,,,2,30,,144615,38,,,1,70,,144595,38,,,1,31,,144604,38,,,2,71,,144616,38,,,1,30,,144596,38,,,1,70,,144605,38,,,2,31,,144617,38,,,1,74,,144597,38,,,1,71,,144606,38,,,2,32,,144618,38,,,1,71,,144627,38,,,1,30,,144598,38,,,1,70,,144607,38,,,2,30,,144619,38,,,1,68,,144628,38,,,1,28,,144599,38,,,1,69,,144608,38,,,2,29,,144620,38,,,1,30,,144629,38,,,1,71,,144600,38,,,1,71,,144609,38,,,2,31,,144623,38,,,1,69,,144630,38,,,1,31,,144610,38,,,2,69,,144621,38,,,1,28,,144631,38,,,1,29,,144611,38,,,2,69,,144622,38,,,1,30,,144632,38,,,1,70,,144612,38,,,2,30,,144624,38,,,1,69,,144634,38,,,1,29,,144613,38,,,2,70,,144625,38,,,1,28,,144633,38,,,1,72,,144614,38,,,2,32,,144626,38,,,1
19200,'H54M200F-70-F2',555,,144635,38,,,1,68,,144650,38,,,2,31,,144642,38,,,2,70,,144636,38,,,1,30,,144651,38,,,2,70,,144643,38,,,2,32,,144637,38,,,1,73,,144652,38,,,2,30,,144644,38,,,2,70,,144638,38,,,1,30,,144653,38,,,2,70,,144645,38,,,2,30,,144640,38,,,1,70,,144655,38,,,2,30,,144667,38,,,1,70,,144646,38,,,2,30,,144639,38,,,1,66,,144654,38,,,2,28,,144668,38,,,1,69,,144647,38,,,2,30,,144641,38,,,1,72,,144656,38,,,2,32,,144669,38,,,1,73,,144648,38,,,2,72,,144657,38,,,2,32,,144670,38,,,1,70,,144649,38,,,2,28,,144658,38,,,2,70,,144671,38,,,1,29,,144663,38,,,1,29,,144659,38,,,2,70,,144672,38,,,1,30,,144664,38,,,1,68,,144660,38,,,2,29,,144673,38,,,1,70,,144665,38,,,1,30,,144661,38,,,2,69,,144674,38,,,1,29,,144666,38,,,1,71,,144662,38,,,2,32,,144675,38,,,1
19200,'H54M300F-70-F3',555,,144710,38,,,1,68,,144680,38,,,2,31,,144702,38,,,1,70,,144711,38,,,1,30,,144681,38,,,2,70,,144703,38,,,1,32,,144712,38,,,1,73,,144682,38,,,2,30,,144704,38,,,1,70,,144713,38,,,1,30,,144683,38,,,2,70,,144705,38,,,1,30,,144714,38,,,1,70,,144684,38,,,2,30,,144693,38,,,1,70,,144706,38,,,1,30,,144715,38,,,1,66,,144685,38,,,2,28,,144694,38,,,1,69,,144707,38,,,1,30,,144716,38,,,1,72,,144686,38,,,2,32,,144695,38,,,1,73,,144708,38,,,1,72,,144687,38,,,2,32,,144696,38,,,1,70,,144709,38,,,1,28,,144688,38,,,2,70,,144697,38,,,1,29,,144676,38,,,1,29,,144689,38,,,2,70,,144698,38,,,1,30,,144677,38,,,1,68,,144690,38,,,2,29,,144699,38,,,1,70,,144678,38,,,1,30,,144691,38,,,2,69,,144700,38,,,1,29,,144679,38,,,1,71,,144692,38,,,2,32,,144701,38,,,1
19200,'H57M000S-70-S',1447,,144717,38,,,2
19200,'H58M000S-70-S',1653,,144718,38,,,1
