3701,'H56M000A-70-A',614,,97628,15,,,1,20,,97631,15,,,1,22,,97636,15,,,1,62,,97629,15,,,1,22,,97632,15,,,1,62,,97637,15,,,1,22,,97641,15,,,1,23,,97633,15,,,1,67,,97638,15,,,1,28,,97630,15,,,1,69,,97642,15,,,1,27,,97610,15,,,1,68,,97604,15,,,1,28,,97643,15,,,1,69,,97611,15,,,1,31,,97605,15,,,1,70,,97644,15,,,1,29,,97612,15,,,1,68,,97606,15,,,1,28,,97645,15,,,1,29,,97613,15,,,1,70,,97607,15,,,1,30,,97634,15,,,1,69,,97614,15,,,1,28,,97608,15,,,1,68,,97635,15,,,1,29,,97615,15,,,1,70,,97619,15,,,1,29,,97623,15,,,1,68,,97616,15,,,1,28,,97620,15,,,1,68,,97624,15,,,1,28,,97617,15,,,1,68,,97621,15,,,1,27,,97609,15,,,1,68,,97625,15,,,1,27,,97618,15,,,1,26,,97639,15,,,1,67,,97626,15,,,1,27,,97647,15,,,1,67,,97640,15,,,1,27,,97622,15,,,1,66,,97648,15,,,1,28,,97646,15,,,1,67,,97627,15,,,1
3701,'H56M000I-70-I',615,,97685,15,,,1,21,,97690,15,,,1,21,,97686,15,,,1,62,,97681,15,,,1,22,,97691,15,,,1,62,,97687,15,,,1,23,,97682,15,,,1,25,,97692,15,,,1,65,,97688,15,,,1,26,,97678,15,,,1,67,,97649,15,,,1,25,,97689,15,,,1,25,,97679,15,,,1,70,,97650,15,,,1,72,,97684,15,,,1,32,,97654,15,,,1,71,,97651,15,,,1,29,,97669,15,,,1,69,,97655,15,,,1,29,,97652,15,,,1,69,,97670,15,,,1,28,,97656,15,,,1,28,,97653,15,,,1,67,,97671,15,,,1,27,,97683,15,,,1,69,,97676,15,,,1,28,,97672,15,,,1,69,,97661,15,,,1,29,,97680,15,,,1,68,,97675,15,,,1,28,,97662,15,,,1,69,,97668,15,,,1,28,,97677,15,,,1,69,,97657,15,,,1,29,,97663,15,,,1,69,,97667,15,,,1,29,,97664,15,,,1,68,,97673,15,,,1,27,,97658,15,,,1,26,,97665,15,,,1,67,,97674,15,,,1,27,,97659,15,,,1,68,,97666,15,,,1,29,,97660,15,,,1
3701,'H56M000S-70-S',548,,97720,15,,,1,73,,97717,15,,,1,34,,97721,15,,,1,75,,97695,15,,,1,72,,97718,15,,,1,29,,97724,15,,,1,71,,97696,15,,,1,31,,97693,15,,,1,26,,97716,15,,,1,69,,97715,15,,,1,31,,97710,15,,,1,73,,97697,15,,,1,73,,97711,15,,,1,34,,97700,15,,,1,70,,97698,15,,,1,30,,97712,15,,,1,69,,97701,15,,,1,30,,97699,15,,,1,71,,97713,15,,,1,31,,97702,15,,,1,72,,97703,15,,,1,32,,97714,15,,,1,72,,97706,15,,,1,31,,97704,15,,,1,70,,97725,15,,,1,28,,97707,15,,,1,67,,97722,15,,,1,27,,97726,15,,,1,65,,97708,15,,,1,24,,97723,15,,,1,25,,97727,15,,,1,67,,97709,15,,,1,29,,97719,15,,,1,69,,97728,15,,,1,32,,97705,15,,,1,71,,97729,15,,,1,31,,97694,15,,,1,74,,97730,15,,,1
3701,'H56M100F-70-F1',615,,97733,15,,,1,21,,97745,15,,,1,21,,97764,15,,,1,62,,97753,15,,,1,22,,97746,15,,,1,62,,97765,15,,,1,23,,97754,15,,,1,25,,97747,15,,,1,65,,97766,15,,,1,26,,97755,15,,,1,67,,97735,15,,,1,25,,97767,15,,,1,25,,97756,15,,,1,70,,97736,15,,,1,72,,97757,15,,,1,32,,97772,15,,,1,71,,97737,15,,,1,29,,97758,15,,,1,69,,97773,15,,,1,29,,97738,15,,,1,69,,97759,15,,,1,28,,97774,15,,,1,28,,97739,15,,,1,67,,97760,15,,,1,27,,97734,15,,,1,69,,97768,15,,,1,28,,97748,15,,,1,69,,97742,15,,,1,29,,97740,15,,,1,68,,97769,15,,,1,28,,97743,15,,,1,69,,97770,15,,,1,28,,97741,15,,,1,69,,97752,15,,,1,29,,97744,15,,,1,69,,97750,15,,,1,29,,97761,15,,,1,68,,97731,15,,,1,27,,97749,15,,,1,26,,97762,15,,,1,67,,97732,15,,,1,27,,97751,15,,,1,68,,97763,15,,,1,29,,97771,15,,,1
3701,'H56M200F-70-F2',615,,97777,15,,,1,21,,97789,15,,,1,21,,97808,15,,,1,62,,97797,15,,,1,22,,97790,15,,,1,62,,97809,15,,,1,23,,97798,15,,,1,25,,97791,15,,,1,65,,97810,15,,,1,26,,97799,15,,,1,67,,97779,15,,,1,25,,97811,15,,,1,25,,97800,15,,,1,70,,97780,15,,,1,72,,97801,15,,,1,32,,97816,15,,,1,71,,97781,15,,,1,29,,97802,15,,,1,69,,97817,15,,,1,29,,97782,15,,,1,69,,97803,15,,,1,28,,97818,15,,,1,28,,97783,15,,,1,67,,97804,15,,,1,27,,97778,15,,,1,69,,97812,15,,,1,28,,97792,15,,,1,69,,97786,15,,,1,29,,97784,15,,,1,68,,97813,15,,,1,28,,97787,15,,,1,69,,97814,15,,,1,28,,97785,15,,,1,69,,97796,15,,,1,29,,97788,15,,,1,69,,97793,15,,,1,29,,97805,15,,,1,68,,97775,15,,,1,27,,97794,15,,,1,26,,97806,15,,,1,67,,97776,15,,,1,27,,97795,15,,,1,68,,97807,15,,,1,29,,97815,15,,,1
3701,'H56M300F-70-F3',615,,97855,15,,,1,21,,97860,15,,,1,21,,97856,15,,,1,62,,97851,15,,,1,22,,97862,15,,,1,62,,97857,15,,,1,23,,97852,15,,,1,25,,97861,15,,,1,65,,97858,15,,,1,26,,97848,15,,,1,67,,97819,15,,,1,25,,97859,15,,,1,25,,97849,15,,,1,70,,97820,15,,,1,72,,97854,15,,,1,32,,97824,15,,,1,71,,97821,15,,,1,29,,97840,15,,,1,69,,97825,15,,,1,29,,97822,15,,,1,69,,97839,15,,,1,28,,97826,15,,,1,28,,97823,15,,,1,67,,97841,15,,,1,27,,97853,15,,,1,69,,97846,15,,,1,28,,97842,15,,,1,69,,97831,15,,,1,29,,97850,15,,,1,68,,97845,15,,,1,28,,97832,15,,,1,69,,97838,15,,,1,28,,97847,15,,,1,69,,97827,15,,,1,29,,97833,15,,,1,69,,97837,15,,,1,29,,97834,15,,,1,68,,97843,15,,,1,27,,97828,15,,,1,26,,97835,15,,,1,67,,97844,15,,,1,27,,97829,15,,,1,68,,97836,15,,,1,29,,97830,15,,,1
35001,'H56M000A-70-A',2545,,153900,47,,,1,80,,153904,47,,,1,29,,153898,47,,,1,50,,153897,47,,,1,10,,153905,47,,,2,9,,153903,47,,,1,9,,153892,47,,,1,10,,153893,47,,,1,10,,153896,47,,,2,50,,153901,47,,,1,10,,153899,47,,,1,10,,153895,47,,,1,10,,153902,47,,,1,11,,153894,47,,,1,61,,153906,47,,,1
35001,'H56M000I-70-I',2536,,153907,47,,,1,68,,153911,47,,,1,26,,153910,47,,,2,27,,153914,47,,,2,67,,153913,47,,,1,26,,153908,47,,,1,66,,153909,47,,,1,26,,153912,47,,,1
35001,'H56M000S-70-S',2539,,153915,47,,,1,85,,153919,47,,,1,92,,153918,47,,,2,86,,153916,47,,,1,29,,153917,47,,,1,15,,153920,47,,,2
35001,'H56M100F-70-F1',2536,,153921,47,,,1,68,,153923,47,,,1,26,,153924,47,,,2,27,,153928,47,,,1,67,,153926,47,,,1,26,,153922,47,,,1,66,,153927,47,,,1,26,,153925,47,,,1
35001,'H56M200F-70-F2',2536,,153929,47,,,1,68,,153931,47,,,1,26,,153932,47,,,2,27,,153936,47,,,1,67,,153934,47,,,1,26,,153930,47,,,1,66,,153935,47,,,1,26,,153933,47,,,1
35001,'H56M300F-70-F3',2536,,153937,47,,,1,68,,153941,47,,,1,26,,153940,47,,,2,27,,153944,47,,,2,67,,153943,47,,,1,26,,153938,47,,,1,66,,153939,47,,,1,26,,153942,47,,,1
