3901,'H54M000S-70-S',724,,98373,45,,,1,31,,98376,45,,,1,70,,98374,45,,,1,30,,98375,45,,,2,69,,98377,45,,,1,721,,98379,45,,,1,75,,98382,45,,,2,23,,98381,45,,,2,67,,98378,45,,,1,29,,98380,45,,,1
3901,'H54M200F-70-F2',724,,98384,45,,,1,31,,98385,45,,,1,70,,98387,45,,,2,30,,98388,45,,,2,69,,98386,45,,,1,721,,98389,45,,,1,75,,98391,45,,,2,23,,98392,45,,,2,67,,98383,45,,,1,29,,98390,45,,,1
4100,'H58M000S-70-S',622,,98489,55,,,2,20,,98492,55,,,1,60,,98484,55,,,2,29,,98483,55,,,2,73,,98507,55,,,2,35,,98485,55,,,1,68,,98493,55,,,1,30,,98498,55,,,2,20,,98513,55,,,2,68,,98508,55,,,1,29,,98486,55,,,1,69,,98503,55,,,1,19,,98494,55,,,1,69,,98499,55,,,2,29,,98509,55,,,1,69,,98487,55,,,1,30,,98504,55,,,1,67,,98495,55,,,1,28,,98500,55,,,2,25,,98514,55,,,1,66,,98510,55,,,1,23,,98488,55,,,1,74,,98505,55,,,1,33,,98496,55,,,1,70,,98501,55,,,2,29,,98511,55,,,1,67,,98516,55,,,2,25,,98506,55,,,1,64,,98490,55,,,1,24,,98497,55,,,1,66,,98502,55,,,2,28,,98512,55,,,1,31,,98517,55,,,2,69,,98491,55,,,1,27,,98515,55,,,2
4100,'H58M100F-70-F1',622,,98528,55,,,1,30,,98535,55,,,2,69,,98521,55,,,2,33,,98527,55,,,1,77,,98520,55,,,2,70,,98522,55,,,2,27,,98533,55,,,2,26,,98524,55,,,1,70,,98525,55,,,1,525,,98518,55,,,2,72,,98523,55,,,2,32,,98531,55,,,1,69,,98529,55,,,1,30,,98532,55,,,1,68,,98526,55,,,1,28,,98519,55,,,2,64,,98534,55,,,2,23,,98530,55,,,1
4100,'H58M200F-70-F2',622,,98546,55,,,1,30,,98553,55,,,2,69,,98539,55,,,2,33,,98545,55,,,1,77,,98538,55,,,2,70,,98540,55,,,2,27,,98551,55,,,2,26,,98542,55,,,1,70,,98543,55,,,1,525,,98536,55,,,2,72,,98541,55,,,2,32,,98549,55,,,1,69,,98547,55,,,1,30,,98550,55,,,1,68,,98544,55,,,1,28,,98537,55,,,2,64,,98552,55,,,2,23,,98548,55,,,1
4100,'H58M300F-70-F3',622,,98564,55,,,1,30,,98571,55,,,2,69,,98557,55,,,2,33,,98563,55,,,1,77,,98556,55,,,2,70,,98558,55,,,2,27,,98569,55,,,2,26,,98560,55,,,1,70,,98561,55,,,1,525,,98554,55,,,2,72,,98559,55,,,2,32,,98567,55,,,1,69,,98565,55,,,1,30,,98568,55,,,1,68,,98562,55,,,1,28,,98555,55,,,2,64,,98570,55,,,2,23,,98566,55,,,1
13900,'H58M000A-70-A',538,,130068,36,,,2,67,,130048,36,,,1,32,,130080,36,,,1,64,,130085,36,,,1,22,,130069,36,,,2,19,,130049,36,,,1,58,,130089,36,,,2,17,,130090,36,,,1,17,,130070,36,,,1,23,,130091,36,,,2,72,,130050,36,,,1,30,,130060,36,,,1,70,,130071,36,,,1,29,,130092,36,,,2,70,,130051,36,,,1,73,,130061,36,,,1,31,,130072,36,,,1,70,,130093,36,,,2,31,,130052,36,,,1,69,,130062,36,,,1,29,,130073,36,,,1,70,,130094,36,,,2,30,,130053,36,,,1,28,,130063,36,,,1,68,,130074,36,,,1,26,,130095,36,,,2,71,,130054,36,,,1,32,,130064,36,,,1,65,,130075,36,,,1,32,,130096,36,,,2,66,,130055,36,,,1,28,,130065,36,,,1,69,,130076,36,,,1,30,,130097,36,,,2,70,,130056,36,,,1,20,,130066,36,,,1,14,,130099,36,,,2,52,,130101,36,,,2,11,,130077,36,,,1,9,,130081,36,,,1,10,,130058,36,,,2,9,,130098,36,,,2,9,,130103,36,,,2,9,,130057,36,,,1,48,,130079,36,,,2,10,,130067,36,,,1,11,,130083,36,,,1,9,,130100,36,,,2,11,,130059,36,,,2,10,,130087,36,,,2,51,,130082,36,,,1,11,,130102,36,,,2,10,,130104,36,,,2,19,,130078,36,,,1,59,,130084,36,,,1,19,,130088,36,,,2,21,,130086,36,,,1,60,,130105,36,,,2
13900,'H58M000I-70-I',538,,130110,36,,,2,70,,130106,36,,,1,30,,130125,36,,,1,62,,130128,36,,,1,22,,130111,36,,,2,22,,130107,36,,,1,62,,130116,36,,,1,26,,130139,36,,,2,24,,130129,36,,,1,70,,130112,36,,,2,32,,130117,36,,,1,70,,130140,36,,,2,29,,130130,36,,,1,70,,130113,36,,,2,31,,130118,36,,,1,71,,130141,36,,,2,71,,130131,36,,,1,32,,130114,36,,,2,68,,130119,36,,,1,29,,130142,36,,,2,30,,130132,36,,,1,71,,130115,36,,,2,29,,130120,36,,,1,69,,130143,36,,,2,29,,130149,36,,,2,68,,130135,36,,,1,30,,130121,36,,,1,63,,130144,36,,,2,27,,130150,36,,,2,72,,130136,36,,,1,30,,130122,36,,,1,68,,130145,36,,,2,28,,130151,36,,,2,68,,130137,36,,,1,27,,130126,36,,,2,18,,130123,36,,,1,52,,130146,36,,,2,12,,130153,36,,,2,15,,130152,36,,,2,12,,130138,36,,,1,12,,130108,36,,,1,54,,130127,36,,,2,14,,130147,36,,,1,13,,130124,36,,,1,18,,130154,36,,,2,60,,130133,36,,,1,18,,130109,36,,,1,18,,130148,36,,,1,56,,130156,36,,,1,16,,130155,36,,,2,18,,130134,36,,,1,63,,130157,36,,,2
13900,'H58M000S-70-S',533,,130158,36,,,1,70,,130169,36,,,2,34,,130177,36,,,1,69,,130175,36,,,1,33,,130159,36,,,1,70,,130170,36,,,2,31,,130178,36,,,1,69,,130176,36,,,1,31,,130160,36,,,1,71,,130171,36,,,2,30,,130179,36,,,1,69,,130193,36,,,2,29,,130161,36,,,1,69,,130172,36,,,2,30,,130180,36,,,1,71,,130194,36,,,2,30,,130162,36,,,1,70,,130173,36,,,2,30,,130181,36,,,1,73,,130195,36,,,2,34,,130163,36,,,1,71,,130174,36,,,2,32,,130182,36,,,1,70,,130188,36,,,1,31,,130196,36,,,2,68,,130164,36,,,1,29,,130183,36,,,1,67,,130189,36,,,1,28,,130197,36,,,2,69,,130165,36,,,1,29,,130184,36,,,1,69,,130190,36,,,1,28,,130198,36,,,2,69,,130166,36,,,1,29,,130185,36,,,1,67,,130191,36,,,1,27,,130199,36,,,2,28,,130167,36,,,1,68,,130186,36,,,1,24,,130192,36,,,1,67,,130200,36,,,2,28,,130168,36,,,1,58,,130187,36,,,1
13900,'H58M100F-70-F1',538,,130215,36,,,2,70,,130201,36,,,2,30,,130205,36,,,2,62,,130244,36,,,1,22,,130216,36,,,2,22,,130202,36,,,2,62,,130225,36,,,2,26,,130234,36,,,1,24,,130243,36,,,1,70,,130217,36,,,2,32,,130227,36,,,2,70,,130235,36,,,1,29,,130245,36,,,1,70,,130218,36,,,2,31,,130226,36,,,2,71,,130236,36,,,1,71,,130246,36,,,1,32,,130219,36,,,2,68,,130228,36,,,2,29,,130237,36,,,1,30,,130247,36,,,1,71,,130220,36,,,2,29,,130229,36,,,2,69,,130238,36,,,1,29,,130248,36,,,1,68,,130221,36,,,2,30,,130230,36,,,2,63,,130239,36,,,1,27,,130249,36,,,1,72,,130222,36,,,2,30,,130231,36,,,2,68,,130240,36,,,1,28,,130250,36,,,1,68,,130223,36,,,2,27,,130232,36,,,2,18,,130210,36,,,2,52,,130241,36,,,1,12,,130209,36,,,2,15,,130251,36,,,1,12,,130224,36,,,2,12,,130212,36,,,1,54,,130233,36,,,2,14,,130203,36,,,2,13,,130211,36,,,2,18,,130207,36,,,1,60,,130242,36,,,1,18,,130213,36,,,1,18,,130204,36,,,2,56,,130214,36,,,2,16,,130208,36,,,1,18,,130206,36,,,1,63,,130252,36,,,1
13900,'H58M200F-70-F2',538,,130267,36,,,2,70,,130253,36,,,2,30,,130257,36,,,2,62,,130296,36,,,1,22,,130268,36,,,2,22,,130254,36,,,2,62,,130277,36,,,2,26,,130286,36,,,1,24,,130295,36,,,1,70,,130269,36,,,2,32,,130279,36,,,2,70,,130287,36,,,1,29,,130297,36,,,1,70,,130270,36,,,2,31,,130278,36,,,2,71,,130288,36,,,1,71,,130298,36,,,1,32,,130271,36,,,2,68,,130280,36,,,2,29,,130289,36,,,1,30,,130299,36,,,1,71,,130272,36,,,2,29,,130281,36,,,2,69,,130290,36,,,1,29,,130300,36,,,1,68,,130273,36,,,2,30,,130282,36,,,2,63,,130291,36,,,1,27,,130301,36,,,1,72,,130274,36,,,2,30,,130283,36,,,2,68,,130292,36,,,1,28,,130302,36,,,1,68,,130275,36,,,2,27,,130284,36,,,2,18,,130262,36,,,2,52,,130293,36,,,1,12,,130261,36,,,2,15,,130303,36,,,1,12,,130276,36,,,2,12,,130264,36,,,1,54,,130285,36,,,2,14,,130255,36,,,2,13,,130263,36,,,2,18,,130259,36,,,1,60,,130294,36,,,1,18,,130265,36,,,1,18,,130256,36,,,2,56,,130266,36,,,2,16,,130260,36,,,1,18,,130258,36,,,1,63,,130304,36,,,1
13900,'H58M300F-70-F3',538,,130319,36,,,2,70,,130305,36,,,2,30,,130309,36,,,2,62,,130348,36,,,1,22,,130320,36,,,2,22,,130306,36,,,2,62,,130329,36,,,2,26,,130338,36,,,1,24,,130347,36,,,1,70,,130321,36,,,2,32,,130331,36,,,2,70,,130339,36,,,1,29,,130349,36,,,1,70,,130322,36,,,2,31,,130330,36,,,2,71,,130340,36,,,1,71,,130350,36,,,1,32,,130323,36,,,2,68,,130332,36,,,2,29,,130341,36,,,1,30,,130351,36,,,1,71,,130324,36,,,2,29,,130333,36,,,2,69,,130342,36,,,1,29,,130352,36,,,1,68,,130325,36,,,2,30,,130334,36,,,2,63,,130343,36,,,1,27,,130353,36,,,1,72,,130326,36,,,2,30,,130335,36,,,2,68,,130344,36,,,1,28,,130354,36,,,1,68,,130327,36,,,2,27,,130336,36,,,2,18,,130314,36,,,2,52,,130345,36,,,1,12,,130313,36,,,2,15,,130355,36,,,1,12,,130328,36,,,2,12,,130316,36,,,1,54,,130337,36,,,2,14,,130307,36,,,2,13,,130315,36,,,2,18,,130311,36,,,1,60,,130346,36,,,1,18,,130317,36,,,1,18,,130308,36,,,2,56,,130318,36,,,2,16,,130312,36,,,1,18,,130310,36,,,1,63,,130356,36,,,1
35500,'H54M000A-70-A',2613,,154068,64,,,1,31,,154066,64,,,1,68,,154071,64,,,1,25,,154065,64,,,1,72,,154070,64,,,1,24,,154067,64,,,1,79,,154069,64,,,1,26,,154072,64,,,1
35500,'H54M000I-70-I',2611,,154076,64,,,1,43,,154073,64,,,1,84,,154075,64,,,1,88,,154074,64,,,2,85,,154077,64,,,1,26,,154078,64,,,1
35500,'H54M000S-70-S',2615,,154079,64,,,1,43,,154081,64,,,1,84,,154084,64,,,1,87,,154083,64,,,1,80,,154080,64,,,1,33,,154082,64,,,1
35500,'H54M100F-70-F1',2611,,154085,64,,,1,43,,154090,64,,,1,84,,154088,64,,,1,88,,154086,64,,,1,85,,154087,64,,,1,26,,154089,64,,,1
35500,'H54M200F-70-F2',2611,,154093,64,,,1,43,,154096,64,,,1,84,,154092,64,,,1,88,,154091,64,,,1,85,,154094,64,,,1,26,,154095,64,,,1
35500,'H54M300F-70-F3',2611,,154099,64,,,1,43,,154101,64,,,1,84,,154098,64,,,1,88,,154097,64,,,2,85,,154100,64,,,1,26,,154102,64,,,1
