1101,'H57J000A-80-A',802,,501,2,0,5,1,25,,505,2,0,5,1,28,,502,2,0,5,1,66,,506,2,0,5,1,18,,514,2,0,5,1,18,,503,2,0,5,1,61,,507,2,0,5,1,20,,515,2,0,5,1,62,,504,2,0,5,1,24,,508,2,0,5,1,22,,516,2,0,5,1,62,,528,2,0,5,1,26,,509,2,0,5,1,22,,517,2,0,5,1,63,,529,2,0,5,1,26,,510,2,0,5,1,62,,518,2,0,5,1,16,,535,2,0,5,1,18,,530,2,0,5,1,62,,511,2,0,5,1,18,,519,2,0,5,1,20,,536,2,0,5,1,18,,531,2,0,5,1,60,,512,2,0,5,1,17,,520,2,0,5,1,21,,537,2,0,5,1,57,,532,2,0,5,1,19,,513,2,0,5,1,19,,521,2,0,5,1,63,,538,2,0,5,1,22,,533,2,0,5,1,64,,522,2,0,5,1,22,,539,2,0,5,1,21,,534,2,0,5,1,65,,523,2,0,5,1,32,,540,2,0,5,1,71,,524,2,0,5,1
1101,'H57J000I-80-I',801,,544,2,0,5,1,22,,553,2,0,5,1,18,,568,2,0,5,1,17,,545,2,0,5,1,60,,554,2,0,5,1,15,,569,2,0,5,1,21,,546,2,0,5,1,60,,555,2,0,5,1,19,,570,2,0,5,1,22,,547,2,0,5,1,61,,556,2,0,5,1,20,,571,2,0,5,1,64,,548,2,0,5,1,21,,557,2,0,5,1,21,,572,2,0,5,1,17,,579,2,0,5,1,58,,549,2,0,5,1,18,,558,2,0,5,1,18,,573,2,0,5,1,58,,580,2,0,5,1,19,,550,2,0,5,1,19,,559,2,0,5,1,59,,574,2,0,5,1,16,,590,2,0,5,1,15,,581,2,0,5,1,14,,551,2,0,5,1,55,,560,2,0,5,1,16,,575,2,0,5,1,14,,591,2,0,5,1,16,,582,2,0,5,1,56,,552,2,0,5,1,14,,561,2,0,5,1,16,,576,2,0,5,1,67,,583,2,0,5,1,28,,562,2,0,5,1,17,,577,2,0,5,1,61,,584,2,0,5,1,25,,563,2,0,5,1,20,,578,2,0,5,1,60,,585,2,0,5,1,30,,564,2,0,5,1,70,,586,2,0,5,1
1101,'H57J000S-81-S',708,,592,2,0,5,1,31,,608,2,0,5,1,71,,593,2,0,5,1,31,,609,2,0,5,1,71,,594,2,0,5,1,31,,610,2,0,5,1,71,,595,2,0,5,1,32,,611,2,0,5,1,71,,596,2,0,5,1,33,,612,2,0,5,1,72,,597,2,0,5,1,25,,619,2,0,5,1,63,,613,2,0,5,1,23,,598,2,0,5,1,23,,620,2,0,5,1,64,,614,2,0,5,1,24,,599,2,0,5,1,64,,621,2,0,5,1,24,,615,2,0,5,1,24,,600,2,0,5,1,65,,622,2,0,5,1,25,,616,2,0,5,1,64,,601,2,0,5,1,25,,623,2,0,5,1,65,,617,2,0,5,1,26,,602,2,0,5,1,27,,624,2,0,5,1,71,,618,2,0,5,1,31,,603,2,0,5,1,73,,625,2,0,5,1,73,,604,2,0,5,1,32,,626,2,0,5,1
1101,'H57JV00A-80-A',802,,629,2,0,5,1,25,,633,2,0,5,1,28,,630,2,0,5,1,66,,634,2,0,5,1,18,,642,2,0,5,1,18,,631,2,0,5,1,61,,635,2,0,5,1,20,,643,2,0,5,1,62,,632,2,0,5,1,24,,636,2,0,5,1,22,,644,2,0,5,1,62,,656,2,0,5,1,26,,637,2,0,5,1,22,,645,2,0,5,1,63,,657,2,0,5,1,26,,638,2,0,5,1,62,,646,2,0,5,1,16,,663,2,0,5,1,18,,658,2,0,5,1,62,,639,2,0,5,1,18,,647,2,0,5,1,20,,664,2,0,5,1,18,,659,2,0,5,1,60,,640,2,0,5,1,17,,648,2,0,5,1,21,,665,2,0,5,1,57,,660,2,0,5,1,19,,641,2,0,5,1,19,,649,2,0,5,1,63,,666,2,0,5,1,22,,661,2,0,5,1,64,,650,2,0,5,1,22,,667,2,0,5,1,21,,662,2,0,5,1,65,,651,2,0,5,1,32,,668,2,0,5,1,71,,652,2,0,5,1
1101,'H57JV00I-80-I',801,,672,2,0,5,1,22,,681,2,0,5,1,18,,696,2,0,5,1,17,,673,2,0,5,1,60,,682,2,0,5,1,15,,697,2,0,5,1,21,,674,2,0,5,1,60,,683,2,0,5,1,19,,698,2,0,5,1,22,,675,2,0,5,1,61,,684,2,0,5,1,20,,699,2,0,5,1,64,,676,2,0,5,1,21,,685,2,0,5,1,21,,700,2,0,5,1,17,,707,2,0,5,1,58,,677,2,0,5,1,18,,686,2,0,5,1,18,,701,2,0,5,1,58,,708,2,0,5,1,19,,678,2,0,5,1,19,,687,2,0,5,1,59,,702,2,0,5,1,16,,718,2,0,5,1,15,,709,2,0,5,1,14,,679,2,0,5,1,55,,688,2,0,5,1,16,,703,2,0,5,1,14,,719,2,0,5,1,16,,710,2,0,5,1,56,,680,2,0,5,1,14,,689,2,0,5,1,16,,704,2,0,5,1,67,,711,2,0,5,1,28,,690,2,0,5,1,17,,705,2,0,5,1,61,,712,2,0,5,1,25,,691,2,0,5,1,20,,706,2,0,5,1,60,,713,2,0,5,1,30,,692,2,0,5,1,70,,714,2,0,5,1
1101,'H57JV00S-83-S',708,,720,2,0,5,1,31,,736,2,0,5,1,71,,721,2,0,5,1,31,,737,2,0,5,1,71,,722,2,0,5,1,31,,738,2,0,5,1,71,,723,2,0,5,1,32,,739,2,0,5,1,71,,724,2,0,5,1,33,,740,2,0,5,1,72,,725,2,0,5,1,25,,747,2,0,5,1,63,,741,2,0,5,1,23,,726,2,0,5,1,23,,748,2,0,5,1,64,,742,2,0,5,1,24,,727,2,0,5,1,64,,749,2,0,5,1,24,,743,2,0,5,1,24,,728,2,0,5,1,65,,750,2,0,5,1,25,,744,2,0,5,1,64,,729,2,0,5,1,25,,751,2,0,5,1,65,,745,2,0,5,1,26,,730,2,0,5,1,27,,752,2,0,5,1,71,,746,2,0,5,1,31,,731,2,0,5,1,73,,753,2,0,5,1,73,,732,2,0,5,1,32,,754,2,0,5,1
16603,'H50J000A-84-A',2128,,56777,21,0,22 34,2,31,,56758,21,0,22 34,1,80,,56761,21,0,22 34,2,79,,56759,21,0,22 34,1,40,,56762,21,0,22 34,2,80,,56760,21,0,22 34,1,82,,56763,21,0,22 34,2
16603,'H50J000I-84-I',2115,,56795,21,0,22 34,1,39,,56815,21,0,22 34,1,78,,56796,21,0,22 34,1,79,,56816,21,0,22 34,1,38,,56797,21,0,22 34,1,78,,56817,21,0,22 34,1,83,,56798,21,0,22 34,1
16603,'H50J000S-83-S',2134,,56829,21,0,22 34,1,72,,56836,21,0,22 34,1,33,,56819,21,0,22 34,1,74,,56830,21,0,22 34,1,38,,56837,21,0,22 34,1,78,,56831,21,0,22 34,1,76,,56838,21,0,22 34,1
16603,'H50JV00A-81-A',2128,,56877,21,0,22 34,2,31,,56858,21,0,22 34,1,80,,56861,21,0,22 34,2,79,,56859,21,0,22 34,1,40,,56862,21,0,22 34,2,80,,56860,21,0,22 34,1,82,,56863,21,0,22 34,2
16603,'H50JV00I-81-I',2115,,56895,21,0,22 34,1,39,,56915,21,0,22 34,1,78,,56896,21,0,22 34,1,79,,56916,21,0,22 34,1,38,,56897,21,0,22 34,1,78,,56917,21,0,22 34,1,83,,56898,21,0,22 34,1
16603,'H50JV00S-82-S',2134,,56929,21,0,22 34,1,72,,56936,21,0,22 34,1,33,,56919,21,0,22 34,1,74,,56930,21,0,22 34,1,38,,56937,21,0,22 34,1,78,,56931,21,0,22 34,1,76,,56938,21,0,22 34,1
16604,'H50J000A-84-A',2133,,56987,26,0,22 34,1,72,,56962,26,0,22 34,2,39,,56960,26,0,22 34,1,80,,56963,26,0,22 34,2,80,,56961,26,0,22 34,1,42,,56964,26,0,22 34,2
16604,'H50J000I-84-I',2123,,57015,26,0,22 34,1,78,,56996,26,0,22 34,1,38,,57016,26,0,22 34,1,78,,56997,26,0,22 34,1,39,,57017,26,0,22 34,1,80,,56998,26,0,22 34,1
16604,'H50J000S-83-S',2133,,57035,26,0,22 34,1,74,,57019,26,0,22 34,1,34,,57030,26,0,22 34,1,76,,57036,26,0,22 34,1,41,,57031,26,0,22 34,1,76,,57037,26,0,22 34,1
16604,'H50JV00A-81-A',2133,,57084,26,0,22 34,1,72,,57059,26,0,22 34,2,39,,57057,26,0,22 34,1,80,,57060,26,0,22 34,2,80,,57058,26,0,22 34,1,42,,57061,26,0,22 34,2
16604,'H50JV00I-81-I',2123,,57112,26,0,22 34,1,78,,57093,26,0,22 34,1,38,,57113,26,0,22 34,1,78,,57094,26,0,22 34,1,39,,57114,26,0,22 34,1,80,,57095,26,0,22 34,1
16604,'H50JV00S-82-S',2133,,57132,26,0,22 34,1,74,,57116,26,0,22 34,1,34,,57127,26,0,22 34,1,76,,57133,26,0,22 34,1,41,,57128,26,0,22 34,1,76,,57134,26,0,22 34,1
