20201,'H50J000S-83-S',1743,,68655,52,0,5,1
20201,'H50JV00S-82-S',1743,,68656,52,0,5,1
20201,'H56J000S-80-S',627,,68658,52,0,5,1,1032,,68657,16,0,5,1
20201,'H56JV00S-80-S',627,,68660,52,0,5,1,1032,,68659,16,0,5,1
20201,'H58J000S-81-S',747,,68661,16,0,5,2
20201,'H58J000S-83-S',747,,68662,16,0,5,2
20201,'H58JV00S-82-S',747,,68663,16,0,5,2
20201,'H60J000A-80-A',641,,68675,52,0,5,1,71,,68682,52,0,5,2,31,,68668,52,0,5,1,70,,68667,52,0,5,2,30,,68692,52,0,5,1,70,,68676,52,0,5,1,30,,68679,52,0,5,1,71,,68670,52,0,5,1,31,,68683,52,0,5,2,72,,68688,52,0,5,1,31,,68680,52,0,5,1,71,,68677,52,0,5,1,23,,68671,52,0,5,1,63,,68684,52,0,5,2,23,,68695,52,0,5,1,21,,68689,52,0,5,1,64,,68681,52,0,5,1,24,,68678,52,0,5,1,63,,68672,52,0,5,1,23,,68685,52,0,5,2,23,,68696,52,0,5,1,63,,68690,52,0,5,1,17,,68702,52,0,5,1,17,,68666,52,0,5,1,59,,68704,52,0,5,1,19,,68673,52,0,5,1,21,,68686,52,0,5,2,62,,68697,52,0,5,1,24,,68691,52,0,5,1,26,,68703,52,0,5,1,65,,68705,52,0,5,1,30,,68674,52,0,5,1,71,,68693,52,0,5,1,28,,68669,52,0,5,1,71,,68700,52,0,5,1,28,,68664,52,0,5,1,69,,68698,52,0,5,1,29,,68694,52,0,5,1,71,,68687,52,0,5,1,28,,68701,52,0,5,1,69,,68665,52,0,5,1,29,,68699,52,0,5,1
20201,'H60J000I-80-I',742,,68707,52,0,5,1,70,,68716,52,0,5,1,30,,68727,52,0,5,1,71,,68731,52,0,5,2,32,,68708,52,0,5,1,70,,68717,52,0,5,1,31,,68728,52,0,5,1,71,,68732,52,0,5,2,30,,68713,52,0,5,1,69,,68723,52,0,5,1,29,,68729,52,0,5,1,69,,68721,52,0,5,2,31,,68718,52,0,5,1,73,,68734,52,0,5,1,29,,68724,52,0,5,1,71,,68730,52,0,5,1,31,,68722,52,0,5,2,70,,68719,52,0,5,1,33,,68737,52,0,5,2,72,,68725,52,0,5,1,32,,68709,52,0,5,1,73,,68720,52,0,5,1,30,,68738,52,0,5,2,70,,68726,52,0,5,1,30,,68710,52,0,5,1,69,,68735,52,0,5,1,28,,68714,52,0,5,1,69,,68739,52,0,5,2,29,,68706,52,0,5,1,69,,68711,52,0,5,1,27,,68736,52,0,5,1,67,,68715,52,0,5,1,28,,68740,52,0,5,2,65,,68733,52,0,5,1,27,,68712,52,0,5,1
20201,'H60J000S-98-S',653,,68750,52,0,5,1,69,,68760,52,0,5,1,24,,68743,52,0,5,1,63,,68757,52,0,5,2,27,,68758,52,0,5,1,67,,68747,52,0,5,1,28,,68751,52,0,5,1,26,,68761,52,0,5,1,63,,68744,52,0,5,1,23,,68742,52,0,5,1,64,,68759,52,0,5,1,25,,68748,52,0,5,1,25,,68767,52,0,5,1,71,,68762,52,0,5,1,72,,68745,52,0,5,1,32,,68752,52,0,5,1,26,,68749,52,0,5,1,65,,68768,52,0,5,1,26,,68741,52,0,5,2,68,,68746,52,0,5,1,28,,68769,52,0,5,1,69,,68753,52,0,5,1,15,,68771,16,0,5,1,14,,68770,52,0,5,2,67,,68763,52,0,5,1,19,,68754,16,0,5,1,85,,68772,52,0,5,2,28,,68776,52,0,5,1,69,,68773,52,0,5,2,29,,68764,52,0,5,1,69,,68755,52,0,5,1,27,,68779,52,0,5,2,66,,68777,52,0,5,1,27,,68774,52,0,5,2,26,,68765,52,0,5,1,66,,68756,52,0,5,1,27,,68780,52,0,5,2,67,,68778,52,0,5,1,27,,68775,52,0,5,2,66,,68766,52,0,5,1,36,,68781,52,0,5,1
20201,'H60JV00A-80-A',641,,68816,52,0,5,1,71,,68799,52,0,5,2,31,,68784,52,0,5,1,70,,68783,52,0,5,2,30,,68818,52,0,5,1,70,,68817,52,0,5,1,30,,68819,52,0,5,1,71,,68790,52,0,5,1,31,,68800,52,0,5,2,72,,68795,52,0,5,1,31,,68822,52,0,5,1,71,,68820,52,0,5,1,23,,68791,52,0,5,1,63,,68801,52,0,5,2,23,,68806,52,0,5,1,21,,68796,52,0,5,1,64,,68823,52,0,5,1,24,,68821,52,0,5,1,63,,68792,52,0,5,1,23,,68802,52,0,5,2,23,,68807,52,0,5,1,63,,68797,52,0,5,1,17,,68811,52,0,5,1,17,,68815,52,0,5,1,59,,68804,52,0,5,1,19,,68793,52,0,5,1,21,,68803,52,0,5,2,62,,68808,52,0,5,1,24,,68798,52,0,5,1,26,,68812,52,0,5,1,65,,68805,52,0,5,1,30,,68794,52,0,5,1,71,,68786,52,0,5,1,28,,68785,52,0,5,1,71,,68813,52,0,5,1,28,,68788,52,0,5,1,69,,68809,52,0,5,1,29,,68787,52,0,5,1,71,,68782,52,0,5,1,28,,68814,52,0,5,1,69,,68789,52,0,5,1,29,,68810,52,0,5,1
20201,'H60JV00I-80-I',742,,68836,52,0,5,1,70,,68842,52,0,5,1,30,,68834,52,0,5,1,71,,68851,52,0,5,2,32,,68837,52,0,5,1,70,,68843,52,0,5,1,31,,68835,52,0,5,1,71,,68852,52,0,5,2,30,,68829,52,0,5,1,69,,68847,52,0,5,1,29,,68827,52,0,5,1,69,,68856,52,0,5,2,31,,68844,52,0,5,1,73,,68853,52,0,5,1,29,,68848,52,0,5,1,71,,68828,52,0,5,1,31,,68857,52,0,5,2,70,,68845,52,0,5,1,33,,68830,52,0,5,2,72,,68849,52,0,5,1,32,,68838,52,0,5,1,73,,68846,52,0,5,1,30,,68831,52,0,5,2,70,,68850,52,0,5,1,30,,68839,52,0,5,1,69,,68854,52,0,5,1,28,,68825,52,0,5,1,69,,68832,52,0,5,2,29,,68824,52,0,5,1,69,,68840,52,0,5,1,27,,68855,52,0,5,1,67,,68826,52,0,5,1,28,,68833,52,0,5,2,65,,68858,52,0,5,1,27,,68841,52,0,5,1
20201,'H60JV00S-98-S',653,,68887,52,0,5,1,69,,68891,52,0,5,1,24,,68875,52,0,5,1,63,,68874,52,0,5,2,27,,68889,52,0,5,1,67,,68862,52,0,5,1,28,,68888,52,0,5,1,26,,68892,52,0,5,1,63,,68876,52,0,5,1,23,,68898,52,0,5,1,64,,68890,52,0,5,1,25,,68863,52,0,5,1,25,,68894,52,0,5,1,71,,68893,52,0,5,1,72,,68877,52,0,5,1,32,,68882,52,0,5,1,26,,68864,52,0,5,1,65,,68895,52,0,5,1,26,,68860,52,0,5,2,68,,68859,52,0,5,1,28,,68868,52,0,5,1,69,,68883,52,0,5,1,15,,68896,16,0,5,1,14,,68897,52,0,5,2,67,,68878,52,0,5,1,19,,68884,16,0,5,1,85,,68861,52,0,5,1,28,,68869,52,0,5,1,69,,68865,52,0,5,2,29,,68879,52,0,5,1,69,,68885,52,0,5,1,27,,68872,52,0,5,2,66,,68870,52,0,5,1,27,,68866,52,0,5,2,26,,68880,52,0,5,1,66,,68886,52,0,5,1,27,,68873,52,0,5,2,67,,68871,52,0,5,1,27,,68867,52,0,5,2,66,,68881,52,0,5,1,36,,68899,52,0,5,1
37801,'H60J000A-80-A',2537,,75979,17,0,5,2,91,,75981,17,0,5,1,91,,75982,17,0,5,1,91,,75980,17,0,5,2
37801,'H60J000I-80-I',2537,,75985,17,0,5,1,91,,75984,17,0,5,2,90,,75986,17,0,5,1,93,,75983,17,0,5,1
37801,'H60J000S-98-S',2537,,75987,17,0,5,1,91,,75989,17,0,5,1,97,,75988,17,0,5,1,89,,75990,17,0,5,1
37801,'H60JV00A-80-A',2537,,75993,17,0,5,2,91,,75991,17,0,5,1,91,,75992,17,0,5,1,91,,75994,17,0,5,2
37801,'H60JV00I-80-I',2537,,75995,17,0,5,1,91,,75997,17,0,5,2,90,,75996,17,0,5,1,93,,75998,17,0,5,1
37801,'H60JV00S-98-S',2537,,76001,17,0,5,1,91,,75999,17,0,5,1,97,,76002,17,0,5,1,89,,76000,17,0,5,1
46001,'H51J000S-80-S',1631,,79386,13,0,22 30,2
46001,'H51JV00S-84-S',1631,,79387,13,0,22 30,2
46001,'H56J000S-80-S',1712,,79388,13,0,22 30,1
46001,'H56JV00S-80-S',1712,,79389,13,0,22 30,1
46001,'H58J000S-81-S',544,,79391,13,0,22 30,2,70,,79395,13,0,22 30,2,31,,79390,13,0,22 30,2,68,,79392,13,0,22 30,1,14,,79394,13,0,22 30,2,31,,79396,13,0,22 30,2,71,,79397,13,0,22 30,2,28,,79399,13,0,22 30,1,62,,79398,13,0,22 30,2,30,,79400,13,0,22 30,1,503,,79404,13,0,22 30,2,49,,79405,13,0,22 30,2,9,,79406,13,0,22 30,1,8,,79408,13,0,22 30,2,10,,79411,13,0,22 30,1,10,,79414,13,0,22 30,2,9,,79417,13,0,22 30,2,9,,79418,13,0,22 30,2,50,,79420,13,0,22 30,2,10,,79401,13,0,22 30,2,8,,79416,13,0,22 30,2,15,,79422,13,0,22 30,1,7,,79402,13,0,22 30,2,4,,79412,4,0,22 30,2,5,,79409,13,0,22 30,2,47,,79419,13,0,22 30,2,21,,79393,13,0,22 30,1,20,,79410,13,0,22 30,2,60,,79413,13,0,22 30,2,21,,79403,13,0,22 30,2,19,,79407,13,0,22 30,1,60,,79415,13,0,22 30,2,20,,79421,13,0,22 30,2,21,,79423,13,0,22 30,1
46001,'H58J000S-83-S',544,,79425,13,0,22 30,2,70,,79429,13,0,22 30,2,31,,79424,13,0,22 30,2,68,,79426,13,0,22 30,1,14,,79428,13,0,22 30,2,31,,79430,13,0,22 30,2,71,,79431,13,0,22 30,2,28,,79433,13,0,22 30,1,62,,79432,13,0,22 30,2,30,,79434,13,0,22 30,1,503,,79438,13,0,22 30,2,49,,79439,13,0,22 30,2,9,,79440,13,0,22 30,1,8,,79442,13,0,22 30,2,10,,79445,13,0,22 30,1,10,,79448,13,0,22 30,2,9,,79451,13,0,22 30,2,9,,79452,13,0,22 30,2,50,,79454,13,0,22 30,2,10,,79435,13,0,22 30,2,8,,79450,13,0,22 30,2,15,,79456,13,0,22 30,1,7,,79436,13,0,22 30,2,4,,79446,4,0,22 30,2,5,,79443,13,0,22 30,2,47,,79453,13,0,22 30,2,21,,79427,13,0,22 30,1,20,,79444,13,0,22 30,2,60,,79447,13,0,22 30,2,21,,79437,13,0,22 30,2,19,,79441,13,0,22 30,1,60,,79449,13,0,22 30,2,20,,79455,13,0,22 30,2,21,,79457,13,0,22 30,1
46001,'H58JV00S-82-S',544,,79459,13,0,22 30,2,70,,79463,13,0,22 30,2,31,,79458,13,0,22 30,2,68,,79460,13,0,22 30,1,14,,79462,13,0,22 30,2,31,,79464,13,0,22 30,2,71,,79465,13,0,22 30,2,28,,79467,13,0,22 30,1,62,,79466,13,0,22 30,2,30,,79468,13,0,22 30,1,503,,79472,13,0,22 30,2,49,,79473,13,0,22 30,2,9,,79474,13,0,22 30,1,8,,79476,13,0,22 30,2,10,,79479,13,0,22 30,1,10,,79482,13,0,22 30,2,9,,79485,13,0,22 30,1,9,,79486,13,0,22 30,1,50,,79488,13,0,22 30,2,10,,79469,13,0,22 30,2,8,,79484,13,0,22 30,2,15,,79490,13,0,22 30,1,7,,79470,13,0,22 30,2,4,,79480,4,0,22 30,2,5,,79477,13,0,22 30,2,47,,79487,13,0,22 30,1,21,,79461,13,0,22 30,1,20,,79478,13,0,22 30,2,60,,79481,13,0,22 30,2,21,,79471,13,0,22 30,2,19,,79475,13,0,22 30,1,60,,79483,13,0,22 30,2,20,,79489,13,0,22 30,2,21,,79491,13,0,22 30,1
