21802,'H60J000S-98-S',624,,74099,27,0,10,1,34,,74105,27,0,10,1,71,,74100,27,0,10,1,71,,74103,27,0,10,2,30,,74101,27,0,10,1,70,,74104,27,0,10,2,27,,74102,27,0,10,1,610,,74110,27,0,10,2,72,,74106,27,0,10,1,33,,74111,27,0,10,2,72,,74107,27,0,10,1,31,,74112,27,0,10,2,72,,74108,27,0,10,1,31,,74113,27,0,10,2,73,,74109,27,0,10,1
21802,'H60JV00S-98-S',624,,74114,27,0,10,1,34,,74118,27,0,10,1,71,,74115,27,0,10,1,71,,74123,27,0,10,2,30,,74116,27,0,10,1,70,,74124,27,0,10,2,27,,74117,27,0,10,1,610,,74119,27,0,10,1,72,,74125,27,0,10,1,33,,74120,27,0,10,1,72,,74126,27,0,10,1,31,,74121,27,0,10,2,72,,74127,27,0,10,1,31,,74122,27,0,10,2,73,,74128,27,0,10,1
37602,'H60J000A-80-A',2710,,75951,45,0,10,1,45,,75954,45,0,10,1,83,,75952,45,0,10,1,85,,75953,45,0,10,1
37602,'H60J000I-80-I',2626,,75958,45,0,10,1,85,,75955,45,0,10,1,45,,75956,45,0,10,1,82,,75957,45,0,10,1,85,,75959,45,0,10,1
37602,'H60J000S-98-S',2623,,75963,45,0,10,1,85,,75962,45,0,10,1,45,,75961,45,0,10,1,85,,75960,45,0,10,1,85,,75964,45,0,10,1
37602,'H60JV00A-80-A',2710,,75967,45,0,10,1,45,,75965,45,0,10,1,83,,75968,45,0,10,1,85,,75966,45,0,10,1
37602,'H60JV00I-80-I',2626,,75970,45,0,10,1,85,,75969,45,0,10,1,45,,75973,45,0,10,1,82,,75972,45,0,10,1,85,,75971,45,0,10,1
37602,'H60JV00S-98-S',2623,,75976,45,0,10,1,85,,75975,45,0,10,1,45,,75974,45,0,10,1,85,,75978,45,0,10,1,85,,75977,45,0,10,1
40104,'H60J000S-98-S',545,,76170,12,0,22 86,1,79,,76173,12,0,22 86,2,19,,76175,12,0,22 86,1,11,,76171,12,0,22 86,1,57,,76177,12,0,22 86,2,17,,76174,12,0,22 86,2,16,,76176,12,0,22 86,1,64,,76172,12,0,22 86,2,12,,76178,12,0,22 86,2
40104,'H60JV00S-98-S',545,,76185,12,0,22 86,1,79,,76188,12,0,22 86,2,19,,76190,12,0,22 86,1,11,,76186,12,0,22 86,1,57,,76192,12,0,22 86,2,17,,76189,12,0,22 86,2,16,,76191,12,0,22 86,1,64,,76187,12,0,22 86,2,12,,76193,12,0,22 86,2
