4102,'H58M000S-70-S',615,,98575,50,0,10,1,22,,98581,50,0,10,2,21,,98582,50,0,10,2,65,,98574,50,0,10,1,28,,98583,50,0,10,1,65,,98573,50,0,10,2,23,,98572,50,0,10,2,62,,98589,50,0,10,2,19,,98600,50,0,10,2,20,,98576,50,0,10,1,63,,98599,50,0,10,1,29,,98584,50,0,10,1,70,,98590,50,0,10,2,28,,98601,50,0,10,1,29,,98577,50,0,10,1,69,,98595,50,0,10,1,27,,98585,50,0,10,1,67,,98591,50,0,10,2,32,,98602,50,0,10,1,73,,98578,50,0,10,1,73,,98596,50,0,10,1,34,,98586,50,0,10,1,25,,98608,24,0,10,2,46,,98592,50,0,10,2,31,,98603,50,0,10,1,69,,98606,50,0,10,2,28,,98597,50,0,10,1,25,,98579,50,0,10,1,68,,98587,50,0,10,1,28,,98593,50,0,10,2,67,,98604,50,0,10,1,22,,98607,50,0,10,2,62,,98598,50,0,10,1,20,,98580,50,0,10,1,23,,98588,50,0,10,1,70,,98594,50,0,10,2,30,,98605,50,0,10,1
4102,'H58M100F-70-F1',645,,98616,50,0,10,1,71,,98621,50,0,10,1,36,,98617,50,0,10,1,71,,98620,50,0,10,1,29,,98611,50,0,10,2,69,,98622,50,0,10,2,29,,98610,50,0,10,2,70,,98612,50,0,10,2,501,,98623,50,0,10,1,32,,98618,50,0,10,1,70,,98625,50,0,10,1,31,,98615,50,0,10,1,70,,98609,50,0,10,2,28,,98613,50,0,10,2,70,,98624,50,0,10,1,30,,98619,50,0,10,1,69,,98626,50,0,10,1,27,,98614,50,0,10,2
4102,'H58M200F-70-F2',645,,98634,50,0,10,1,71,,98639,50,0,10,1,36,,98635,50,0,10,1,71,,98638,50,0,10,1,29,,98629,50,0,10,2,69,,98640,50,0,10,2,29,,98628,50,0,10,2,70,,98630,50,0,10,2,501,,98641,50,0,10,1,32,,98636,50,0,10,1,70,,98643,50,0,10,1,31,,98633,50,0,10,1,70,,98627,50,0,10,2,28,,98631,50,0,10,2,70,,98642,50,0,10,1,30,,98637,50,0,10,1,69,,98644,50,0,10,1,27,,98632,50,0,10,2
4102,'H58M300F-70-F3',645,,98652,50,0,10,1,71,,98657,50,0,10,1,36,,98653,50,0,10,1,71,,98656,50,0,10,1,29,,98647,50,0,10,2,69,,98658,50,0,10,2,29,,98646,50,0,10,2,70,,98648,50,0,10,2,501,,98659,50,0,10,1,32,,98654,50,0,10,1,70,,98661,50,0,10,1,31,,98651,50,0,10,1,70,,98645,50,0,10,2,28,,98649,50,0,10,2,70,,98660,50,0,10,1,30,,98655,50,0,10,1,69,,98662,50,0,10,1,27,,98650,50,0,10,2
14002,'H51M000S-70-S',924,,130883,38,0,10,2
14002,'H54M000S-70-S',523,,130884,38,0,10,2
14002,'H58M000A-70-A',522,,130885,38,0,10,2,29,,130893,38,0,10,1,72,,130907,38,0,10,2,33,,130886,38,0,10,2,71,,130902,38,0,10,1,31,,130908,38,0,10,2,72,,130887,38,0,10,2,70,,130903,38,0,10,1,32,,130909,38,0,10,2,70,,130888,38,0,10,2,30,,130904,38,0,10,1,70,,130910,38,0,10,2,19,,130900,38,0,10,1,18,,130889,38,0,10,2,20,,130894,38,0,10,1,61,,130905,38,0,10,1,21,,130911,38,0,10,2,61,,130915,38,0,10,2,20,,130890,38,0,10,2,23,,130895,38,0,10,1,59,,130924,38,0,10,2,19,,130912,38,0,10,2,19,,130916,38,0,10,2,59,,130930,38,0,10,2,21,,130922,38,0,10,1,22,,130925,38,0,10,2,62,,130913,38,0,10,2,24,,130917,38,0,10,2,25,,130896,38,0,10,1,65,,130923,38,0,10,1,25,,130926,38,0,10,2,70,,130918,38,0,10,2,31,,130897,38,0,10,1,69,,130927,38,0,10,2,31,,130919,38,0,10,2,74,,130898,38,0,10,1,33,,130928,38,0,10,2,76,,130920,38,0,10,2,76,,130899,38,0,10,1,35,,130929,38,0,10,2,75,,130921,38,0,10,2,30,,130891,38,0,10,1,72,,130914,38,0,10,2,33,,130901,38,0,10,1,73,,130892,38,0,10,1,33,,130906,38,0,10,1
14002,'H58M000I-70-I',555,,130940,38,0,10,1,73,,130931,38,0,10,2,73,,130941,38,0,10,1,35,,130955,38,0,10,1,73,,130932,38,0,10,2,36,,130942,38,0,10,1,71,,130956,38,0,10,1,30,,130933,38,0,10,2,70,,130943,38,0,10,1,30,,130957,38,0,10,1,71,,130934,38,0,10,2,31,,130944,38,0,10,1,71,,130958,38,0,10,1,32,,130935,38,0,10,2,70,,130945,38,0,10,1,30,,130959,38,0,10,1,70,,130936,38,0,10,2,30,,130946,38,0,10,1,70,,130960,38,0,10,1,29,,130937,38,0,10,2,70,,130947,38,0,10,1,30,,130961,38,0,10,1,70,,130938,38,0,10,2,25,,130962,38,0,10,2,63,,130966,38,0,10,1,26,,130950,38,0,10,1,68,,130948,38,0,10,1,29,,130967,38,0,10,1,28,,130951,38,0,10,1,73,,130949,38,0,10,1,73,,130968,38,0,10,1,33,,130952,38,0,10,1,73,,130964,38,0,10,2,30,,130969,38,0,10,1,73,,130953,38,0,10,1,33,,130965,38,0,10,2,73,,130963,38,0,10,2,31,,130954,38,0,10,1,72,,130939,38,0,10,1
14002,'H58M000S-70-S',548,,130973,38,0,10,2,64,,130970,38,0,10,1,22,,130972,38,0,10,2,96,,130981,38,0,10,2,25,,130971,38,0,10,1,65,,130979,38,0,10,2,23,,130983,38,0,10,1,61,,130982,38,0,10,2,40,,130974,38,0,10,1,62,,130987,38,0,10,2,22,,130995,38,0,10,1,22,,130997,38,0,10,1,69,,130991,38,0,10,2,30,,130975,38,0,10,1,70,,130988,38,0,10,2,22,,130998,38,0,10,1,62,,130992,38,0,10,2,25,,130976,38,0,10,1,29,,130989,38,0,10,2,67,,130999,38,0,10,1,27,,130993,38,0,10,2,72,,130977,38,0,10,1,29,,130990,38,0,10,2,70,,131000,38,0,10,1,30,,130994,38,0,10,2,71,,130978,38,0,10,1,30,,131003,38,0,10,1,66,,131001,38,0,10,1,30,,131007,38,0,10,1,67,,130985,38,0,10,2,30,,131004,38,0,10,1,70,,131008,38,0,10,1,29,,130986,38,0,10,2,69,,131005,38,0,10,1,28,,131009,38,0,10,1,69,,130980,38,0,10,1,30,,130984,38,0,10,2,70,,130996,38,0,10,1,28,,131006,38,0,10,1,74,,131010,38,0,10,1,36,,131002,38,0,10,2,75,,131011,38,0,10,1
14002,'H58M100F-70-F1',555,,131036,38,0,10,1,73,,131027,38,0,10,1,73,,131025,38,0,10,1,35,,131013,38,0,10,1,73,,131029,38,0,10,1,36,,131037,38,0,10,1,71,,131014,38,0,10,1,30,,131030,38,0,10,1,70,,131038,38,0,10,1,30,,131015,38,0,10,1,71,,131031,38,0,10,1,31,,131039,38,0,10,1,71,,131016,38,0,10,1,32,,131032,38,0,10,1,70,,131040,38,0,10,1,30,,131017,38,0,10,1,70,,131033,38,0,10,1,30,,131041,38,0,10,1,70,,131018,38,0,10,1,29,,131034,38,0,10,1,70,,131042,38,0,10,1,30,,131019,38,0,10,1,70,,131035,38,0,10,1,25,,131049,38,0,10,1,63,,131043,38,0,10,1,26,,131020,38,0,10,1,68,,131026,38,0,10,1,29,,131044,38,0,10,1,28,,131021,38,0,10,1,73,,131028,38,0,10,1,73,,131045,38,0,10,1,33,,131022,38,0,10,1,73,,131047,38,0,10,1,30,,131046,38,0,10,1,73,,131023,38,0,10,1,33,,131048,38,0,10,1,73,,131050,38,0,10,1,31,,131024,38,0,10,1,72,,131012,38,0,10,1
14002,'H58M200F-70-F2',555,,131075,38,0,10,1,73,,131066,38,0,10,1,73,,131064,38,0,10,1,35,,131052,38,0,10,1,73,,131068,38,0,10,1,36,,131076,38,0,10,1,71,,131053,38,0,10,1,30,,131069,38,0,10,1,70,,131077,38,0,10,1,30,,131054,38,0,10,1,71,,131070,38,0,10,1,31,,131078,38,0,10,1,71,,131055,38,0,10,1,32,,131071,38,0,10,1,70,,131079,38,0,10,1,30,,131056,38,0,10,1,70,,131072,38,0,10,1,30,,131080,38,0,10,1,70,,131057,38,0,10,1,29,,131073,38,0,10,1,70,,131081,38,0,10,1,30,,131058,38,0,10,1,70,,131074,38,0,10,1,25,,131088,38,0,10,1,63,,131082,38,0,10,1,26,,131059,38,0,10,1,68,,131065,38,0,10,1,29,,131083,38,0,10,1,28,,131060,38,0,10,1,73,,131067,38,0,10,1,73,,131084,38,0,10,1,33,,131061,38,0,10,1,73,,131086,38,0,10,1,30,,131085,38,0,10,1,73,,131062,38,0,10,1,33,,131087,38,0,10,1,73,,131089,38,0,10,1,31,,131063,38,0,10,1,72,,131051,38,0,10,1
14002,'H58M300F-70-F3',555,,131114,38,0,10,1,73,,131105,38,0,10,1,73,,131103,38,0,10,1,35,,131091,38,0,10,1,73,,131107,38,0,10,1,36,,131115,38,0,10,1,71,,131092,38,0,10,1,30,,131108,38,0,10,1,70,,131116,38,0,10,1,30,,131093,38,0,10,1,71,,131109,38,0,10,1,31,,131117,38,0,10,1,71,,131094,38,0,10,1,32,,131110,38,0,10,1,70,,131118,38,0,10,1,30,,131095,38,0,10,1,70,,131111,38,0,10,1,30,,131119,38,0,10,1,70,,131096,38,0,10,1,29,,131112,38,0,10,1,70,,131120,38,0,10,1,30,,131097,38,0,10,1,70,,131113,38,0,10,1,25,,131127,38,0,10,1,63,,131121,38,0,10,1,26,,131098,38,0,10,1,68,,131104,38,0,10,1,29,,131122,38,0,10,1,28,,131099,38,0,10,1,73,,131106,38,0,10,1,73,,131123,38,0,10,1,33,,131100,38,0,10,1,73,,131125,38,0,10,1,30,,131124,38,0,10,1,73,,131101,38,0,10,1,33,,131126,38,0,10,1,73,,131128,38,0,10,1,31,,131102,38,0,10,1,72,,131090,38,0,10,1
14002,'H60M000S-71-S',706,,131129,38,0,10,2
