2804,'H50J000S-83-S',849,,7400,24,0,9,2
2804,'H50JV00S-82-S',849,,7401,24,0,9,2
2804,'H54J000A-80-A',518,,7414,24,0,9,1,35,,7430,24,0,9,1,75,,7402,24,0,9,1,75,,7415,24,0,9,1,35,,7431,24,0,9,1,75,,7403,24,0,9,1,34,,7416,24,0,9,1,73,,7428,24,0,9,1,33,,7404,24,0,9,1,73,,7417,24,0,9,1,74,,7429,24,0,9,1,34,,7405,24,0,9,1,74,,7418,24,0,9,1,34,,7437,24,0,9,2,74,,7406,24,0,9,1,33,,7419,24,0,9,1,73,,7438,24,0,9,2,32,,7407,24,0,9,1,71,,7420,24,0,9,1,31,,7439,24,0,9,2,72,,7408,24,0,9,1,72,,7421,24,0,9,1,32,,7440,24,0,9,2,73,,7409,24,0,9,1,33,,7422,24,0,9,1,72,,7432,24,0,9,1,33,,7410,24,0,9,1,73,,7423,24,0,9,1,33,,7433,24,0,9,1,73,,7411,24,0,9,1,32,,7424,24,0,9,1,72,,7434,24,0,9,1,32,,7412,24,0,9,1,71,,7425,24,0,9,1,72,,7435,24,0,9,1,33,,7413,24,0,9,1,73,,7426,24,0,9,1,33,,7436,24,0,9,1,63,,7427,24,0,9,1
2804,'H54J000I-80-I',515,,7442,24,0,9,1,34,,7452,24,0,9,2,74,,7443,24,0,9,1,34,,7456,24,0,9,1,74,,7453,24,0,9,2,74,,7457,24,0,9,1,34,,7468,24,0,9,1,74,,7454,24,0,9,2,34,,7458,24,0,9,1,74,,7469,24,0,9,1,34,,7455,24,0,9,2,74,,7459,24,0,9,1,74,,7470,24,0,9,1,34,,7444,24,0,9,2,72,,7460,24,0,9,1,32,,7471,24,0,9,1,72,,7445,24,0,9,2,31,,7461,24,0,9,1,71,,7472,24,0,9,1,31,,7446,24,0,9,2,72,,7462,24,0,9,1,34,,7473,24,0,9,1,74,,7447,24,0,9,2,74,,7463,24,0,9,1,33,,7474,24,0,9,1,74,,7448,24,0,9,2,34,,7464,24,0,9,1,73,,7475,24,0,9,1,33,,7449,24,0,9,2,73,,7465,24,0,9,1,33,,7476,24,0,9,1,73,,7450,24,0,9,2,32,,7478,24,0,9,1,72,,7466,24,0,9,1,71,,7451,24,0,9,2,30,,7441,24,0,9,1,71,,7467,24,0,9,1,24,,7477,24,0,9,1
2804,'H54J000S-83-S',516,,7483,24,0,9,1,29,,7488,24,0,9,1,70,,7490,24,0,9,2,21,,7496,7,0,9,1,12,,7487,24,0,9,1,56,,7500,7,0,9,2,15,,7489,24,0,9,1,12,,7502,7,0,9,2,10,,7503,7,0,9,2,10,,7491,24,0,9,2,55,,7501,7,0,9,2,14,,7479,24,0,9,1,82,,7505,7,0,9,2,13,,7497,24,0,9,1,6,,7504,7,0,9,2,25,,7492,24,0,9,2,71,,7480,24,0,9,1,30,,7498,24,0,9,1,71,,7493,24,0,9,2,31,,7481,24,0,9,1,72,,7499,24,0,9,1,32,,7494,24,0,9,2,71,,7482,24,0,9,1,29,,7506,24,0,9,1,69,,7509,24,0,9,1,28,,7495,24,0,9,2,58,,7517,24,0,9,2,17,,7510,24,0,9,2,18,,7524,24,0,9,1,58,,7507,24,0,9,1,19,,7516,24,0,9,2,39,,7518,24,0,9,2,58,,7527,24,0,9,1,21,,7511,24,0,9,1,62,,7508,24,0,9,1,23,,7525,24,0,9,2,24,,7519,24,0,9,2,71,,7512,24,0,9,1,31,,7484,24,0,9,1,70,,7520,24,0,9,2,30,,7513,24,0,9,1,70,,7485,24,0,9,1,31,,7521,24,0,9,2,70,,7514,24,0,9,1,29,,7486,24,0,9,1,71,,7522,24,0,9,2,30,,7515,24,0,9,1,69,,7528,24,0,9,2,31,,7523,24,0,9,2,73,,7526,24,0,9,1
2804,'H54JV00A-80-A',518,,7541,24,0,9,1,35,,7558,24,0,9,1,75,,7529,24,0,9,1,75,,7542,24,0,9,1,35,,7559,24,0,9,1,75,,7530,24,0,9,1,34,,7543,24,0,9,1,73,,7565,24,0,9,1,33,,7531,24,0,9,1,73,,7544,24,0,9,1,74,,7566,24,0,9,1,34,,7532,24,0,9,1,74,,7545,24,0,9,1,34,,7554,24,0,9,2,74,,7533,24,0,9,1,33,,7546,24,0,9,1,73,,7555,24,0,9,2,32,,7534,24,0,9,1,71,,7547,24,0,9,1,31,,7556,24,0,9,2,72,,7535,24,0,9,1,72,,7548,24,0,9,1,32,,7557,24,0,9,2,73,,7536,24,0,9,1,33,,7549,24,0,9,1,72,,7560,24,0,9,1,33,,7537,24,0,9,1,73,,7550,24,0,9,1,33,,7561,24,0,9,1,73,,7538,24,0,9,1,32,,7551,24,0,9,1,72,,7562,24,0,9,1,32,,7539,24,0,9,1,71,,7552,24,0,9,1,72,,7563,24,0,9,1,33,,7540,24,0,9,1,73,,7553,24,0,9,1,33,,7564,24,0,9,1,63,,7567,24,0,9,1
2804,'H54JV00I-80-I',515,,7602,24,0,9,1,34,,7596,24,0,9,2,74,,7603,24,0,9,1,34,,7605,24,0,9,1,74,,7597,24,0,9,2,74,,7576,24,0,9,1,34,,7587,24,0,9,1,74,,7598,24,0,9,2,34,,7577,24,0,9,1,74,,7588,24,0,9,1,34,,7599,24,0,9,2,74,,7578,24,0,9,1,74,,7589,24,0,9,1,34,,7568,24,0,9,2,72,,7579,24,0,9,1,32,,7590,24,0,9,1,72,,7569,24,0,9,2,31,,7580,24,0,9,1,71,,7591,24,0,9,1,31,,7570,24,0,9,2,72,,7581,24,0,9,1,34,,7592,24,0,9,1,74,,7571,24,0,9,2,74,,7582,24,0,9,1,33,,7593,24,0,9,1,74,,7572,24,0,9,2,34,,7583,24,0,9,1,73,,7594,24,0,9,1,33,,7573,24,0,9,2,73,,7584,24,0,9,1,33,,7595,24,0,9,1,73,,7574,24,0,9,2,32,,7604,24,0,9,1,72,,7585,24,0,9,1,71,,7575,24,0,9,2,30,,7601,24,0,9,1,71,,7586,24,0,9,1,24,,7600,24,0,9,1
2804,'H54JV00S-80-S',516,,7614,24,0,9,1,29,,7619,24,0,9,1,70,,7626,24,0,9,2,21,,7628,7,0,9,1,12,,7617,24,0,9,1,56,,7635,7,0,9,2,15,,7620,24,0,9,1,12,,7637,7,0,9,1,10,,7618,7,0,9,1,10,,7627,24,0,9,2,55,,7636,7,0,9,2,14,,7621,24,0,9,1,82,,7625,7,0,9,1,13,,7632,24,0,9,1,6,,7616,7,0,9,2,25,,7611,24,0,9,1,71,,7622,24,0,9,1,30,,7633,24,0,9,1,71,,7612,24,0,9,1,31,,7623,24,0,9,1,72,,7634,24,0,9,1,32,,7613,24,0,9,1,71,,7624,24,0,9,1,29,,7638,24,0,9,1,69,,7641,24,0,9,1,28,,7642,24,0,9,2,58,,7644,24,0,9,2,17,,7643,24,0,9,2,18,,7645,24,0,9,1,58,,7639,24,0,9,1,19,,7647,24,0,9,2,39,,7649,24,0,9,2,58,,7655,24,0,9,1,21,,7606,24,0,9,1,62,,7640,24,0,9,1,23,,7646,24,0,9,2,24,,7650,24,0,9,2,71,,7607,24,0,9,1,31,,7629,24,0,9,1,70,,7651,24,0,9,2,30,,7608,24,0,9,1,70,,7630,24,0,9,1,31,,7652,24,0,9,2,70,,7609,24,0,9,1,29,,7631,24,0,9,1,71,,7653,24,0,9,2,30,,7610,24,0,9,1,69,,7648,24,0,9,1,31,,7654,24,0,9,2,73,,7615,24,0,9,1
2804,'H57J000S-81-S',1642,,7656,24,0,9,2
2804,'H57JV00S-83-S',1642,,7657,24,0,9,2
36402,'H54J000A-80-A',2458,,75410,19,0,10,1,85,,75409,19,0,10,1,86,,75412,19,0,10,1,85,,75411,19,0,10,1,45,,75414,19,0,10,2,79,,75413,19,0,10,1
36402,'H54J000I-80-I',2459,,75415,19,0,10,1,85,,75416,19,0,10,2,85,,75419,19,0,10,1,85,,75417,19,0,10,1,45,,75418,19,0,10,1
36402,'H54J000S-83-S',2458,,75421,19,0,10,1,87,,75424,19,0,10,2,84,,75420,19,0,10,1,86,,75423,19,0,10,2,44,,75422,19,0,10,1
36402,'H54JV00A-80-A',2458,,75429,19,0,10,1,85,,75426,19,0,10,1,86,,75430,19,0,10,1,85,,75427,19,0,10,1,45,,75428,19,0,10,2,79,,75425,19,0,10,1
36402,'H54JV00I-80-I',2459,,75433,19,0,10,1,85,,75431,19,0,10,2,85,,75435,19,0,10,1,85,,75432,19,0,10,1,45,,75434,19,0,10,1
36402,'H54JV00S-80-S',2458,,75437,19,0,10,1,87,,75440,19,0,10,1,84,,75436,19,0,10,1,86,,75439,19,0,10,2,44,,75438,19,0,10,1
