3402,'H59U000A-80-A',536,,227821,24,0,10,1,69,,227843,24,0,10,2,33,,227822,24,0,10,1,70,,227844,24,0,10,2,29,,227823,24,0,10,1,71,,227845,24,0,10,2,31,,227824,24,0,10,1,70,,227846,24,0,10,2,30,,227825,24,0,10,1,70,,227847,24,0,10,2,30,,227826,24,0,10,1,69,,227848,24,0,10,2,29,,227827,24,0,10,1,71,,227849,24,0,10,2,30,,227828,24,0,10,1,72,,227850,24,0,10,2,29,,227829,24,0,10,1,72,,227851,24,0,10,2,29,,227830,24,0,10,1,72,,227852,24,0,10,2,30,,227831,24,0,10,1,72,,227853,24,0,10,2,31,,227832,24,0,10,1,72,,227854,24,0,10,2,30,,227833,24,0,10,1,71,,227855,24,0,10,2,32,,227834,24,0,10,1,69,,227856,24,0,10,2,27,,227835,24,0,10,1,65,,227857,24,0,10,2,28,,227836,24,0,10,1,68,,227858,24,0,10,2,27,,227837,24,0,10,1,23,,227859,24,0,10,2,65,,227838,24,0,10,1,25,,227860,24,0,10,2,64,,227839,24,0,10,1,24,,227861,24,0,10,2,65,,227840,24,0,10,1,23,,227862,24,0,10,2,24,,227841,24,0,10,1,65,,227863,24,0,10,2,24,,227842,24,0,10,1
3402,'H59U000I-80-I',535,,227864,24,0,10,2,66,,227878,24,0,10,1,33,,227865,24,0,10,2,68,,227879,24,0,10,1,30,,227866,24,0,10,2,70,,227880,24,0,10,1,31,,227867,24,0,10,2,72,,227881,24,0,10,1,30,,227868,24,0,10,2,70,,227882,24,0,10,1,30,,227869,24,0,10,2,70,,227883,24,0,10,1,30,,227870,24,0,10,2,70,,227884,24,0,10,1,32,,227871,24,0,10,2,69,,227885,24,0,10,1,31,,227872,24,0,10,2,70,,227886,24,0,10,1,29,,227873,24,0,10,2,70,,227887,24,0,10,1,29,,227874,24,0,10,2,70,,227888,24,0,10,1,31,,227875,24,0,10,2,70,,227889,24,0,10,1,28,,227876,24,0,10,2,73,,227890,24,0,10,1,30,,227877,24,0,10,2,71,,227891,24,0,10,1,31,,227895,24,0,10,1,68,,227892,24,0,10,1,29,,227896,24,0,10,1,70,,227893,24,0,10,1,30,,227897,24,0,10,1,69,,227894,24,0,10,1,30,,227898,24,0,10,1,71,,227902,24,0,10,1,30,,227899,24,0,10,1,70,,227903,24,0,10,1,27,,227900,24,0,10,1,71,,227904,24,0,10,1,31,,227901,24,0,10,1
3402,'H59U000S-80-S',540,,227944,24,0,10,2,73,,227937,24,0,10,2,33,,227938,24,0,10,1,68,,227905,24,0,10,2,33,,227942,24,0,10,1,75,,227906,24,0,10,2,33,,227943,24,0,10,1,67,,227915,24,0,10,1,31,,227907,24,0,10,2,71,,227916,24,0,10,1,30,,227908,24,0,10,2,70,,227917,24,0,10,1,30,,227909,24,0,10,2,72,,227918,24,0,10,1,30,,227910,24,0,10,2,72,,227919,24,0,10,1,31,,227911,24,0,10,2,73,,227920,24,0,10,1,73,,227912,24,0,10,2,25,,227939,24,0,10,1,24,,227921,24,0,10,1,65,,227913,24,0,10,2,26,,227940,24,0,10,1,66,,227945,24,0,10,1,28,,227914,24,0,10,2,68,,227941,24,0,10,1,30,,227929,24,0,10,1,69,,227930,24,0,10,1,29,,227922,24,0,10,2,72,,227931,24,0,10,1,29,,227923,24,0,10,2,70,,227932,24,0,10,1,30,,227924,24,0,10,2,70,,227933,24,0,10,1,30,,227925,24,0,10,2,70,,227934,24,0,10,1,28,,227926,24,0,10,2,68,,227935,24,0,10,1,28,,227927,24,0,10,2,28,,227936,24,0,10,1,73,,227928,24,0,10,2
3402,'H59U100F-80-F1',535,,227946,24,0,10,2,66,,227960,24,0,10,1,33,,227947,24,0,10,2,68,,227961,24,0,10,1,30,,227948,24,0,10,2,70,,227962,24,0,10,1,31,,227949,24,0,10,2,72,,227963,24,0,10,1,30,,227950,24,0,10,2,70,,227964,24,0,10,1,30,,227951,24,0,10,2,70,,227965,24,0,10,1,30,,227952,24,0,10,2,70,,227966,24,0,10,1,32,,227953,24,0,10,2,69,,227967,24,0,10,1,31,,227954,24,0,10,2,70,,227968,24,0,10,1,29,,227955,24,0,10,2,70,,227969,24,0,10,1,29,,227956,24,0,10,2,70,,227970,24,0,10,1,31,,227957,24,0,10,2,70,,227971,24,0,10,1,28,,227958,24,0,10,2,73,,227972,24,0,10,1,30,,227959,24,0,10,2,71,,227973,24,0,10,1,31,,227977,24,0,10,1,68,,227974,24,0,10,1,29,,227978,24,0,10,1,70,,227975,24,0,10,1,30,,227979,24,0,10,1,69,,227976,24,0,10,1,30,,227980,24,0,10,1,71,,227984,24,0,10,1,30,,227981,24,0,10,1,70,,227985,24,0,10,1,27,,227982,24,0,10,1,71,,227986,24,0,10,1,31,,227983,24,0,10,1
3402,'H59U200F-80-F2',535,,227987,24,0,10,2,66,,227988,24,0,10,1,33,,227989,24,0,10,2,68,,227990,24,0,10,1,30,,227991,24,0,10,2,70,,227992,24,0,10,1,31,,227993,24,0,10,2,72,,227994,24,0,10,1,30,,227995,24,0,10,2,70,,227996,24,0,10,1,30,,227997,24,0,10,2,70,,227998,24,0,10,1,30,,227999,24,0,10,2,70,,228000,24,0,10,1,32,,228001,24,0,10,2,69,,228002,24,0,10,1,31,,228003,24,0,10,2,70,,228004,24,0,10,1,29,,228005,24,0,10,2,70,,228006,24,0,10,1,29,,228007,24,0,10,2,70,,228008,24,0,10,1,31,,228009,24,0,10,2,70,,228010,24,0,10,1,28,,228011,24,0,10,2,73,,228012,24,0,10,1,30,,228013,24,0,10,2,71,,228014,24,0,10,1,31,,228015,24,0,10,1,68,,228016,24,0,10,1,29,,228017,24,0,10,1,70,,228018,24,0,10,1,30,,228019,24,0,10,1,69,,228020,24,0,10,1,30,,228021,24,0,10,1,71,,228022,24,0,10,1,30,,228023,24,0,10,1,70,,228024,24,0,10,1,27,,228025,24,0,10,1,71,,228026,24,0,10,1,31,,228027,24,0,10,1
35802,'H59U000A-80-A',2502,,277017,6,0,10,1,28,,277022,6,0,10,2,71,,277018,6,0,10,1,31,,277023,6,0,10,2,69,,277019,6,0,10,1,20,,277016,6,0,10,1,17,,277024,6,0,10,2,69,,277020,6,0,10,1,30,,277025,6,0,10,2,69,,277021,6,0,10,1
35802,'H59U000I-80-I',2503,,277030,6,0,10,1,30,,277026,6,0,10,1,70,,277031,6,0,10,1,30,,277027,6,0,10,1,70,,277032,6,0,10,1,30,,277028,6,0,10,1,70,,277033,6,0,10,1,30,,277029,6,0,10,1,70,,277034,6,0,10,1
35802,'H59U000S-80-S',2503,,277039,6,0,10,1,30,,277035,6,0,10,1,70,,277040,6,0,10,1,30,,277036,6,0,10,1,70,,277041,6,0,10,1,30,,277037,6,0,10,1,70,,277042,6,0,10,1,30,,277038,6,0,10,1,70,,277043,6,0,10,1
35802,'H59U000S-80-SV',2618,,277047,6,0,10,2,30,,277044,6,0,10,2,70,,277048,6,0,10,2,30,,277045,6,0,10,2,70,,277049,6,0,10,2,30,,277046,6,0,10,2
35802,'H59U100F-80-F1',2503,,277054,6,0,10,1,30,,277050,6,0,10,1,70,,277055,6,0,10,1,30,,277051,6,0,10,1,70,,277056,6,0,10,1,30,,277052,6,0,10,1,70,,277057,6,0,10,1,30,,277053,6,0,10,1,70,,277058,6,0,10,1
35802,'H59U200F-80-F2',2503,,277059,6,0,10,1,30,,277060,6,0,10,1,70,,277061,6,0,10,1,30,,277062,6,0,10,1,70,,277063,6,0,10,1,30,,277064,6,0,10,1,70,,277065,6,0,10,1,30,,277066,6,0,10,1,70,,277067,6,0,10,1
