6802,'H60M000A-71-A',540,,109082,46,0,10,2,71,,109074,46,0,10,1,32,,109084,46,0,10,2,73,,109102,46,0,10,1,32,,109110,46,0,10,1,73,,109095,46,0,10,1,33,,109085,46,0,10,1,73,,109103,46,0,10,1,74,,109104,46,0,10,1,33,,109075,46,0,10,1,73,,109086,46,0,10,1,33,,109096,46,0,10,1,73,,109105,46,0,10,1,32,,109076,46,0,10,1,71,,109087,46,0,10,1,30,,109097,46,0,10,1,71,,109106,46,0,10,1,29,,109077,46,0,10,1,70,,109088,46,0,10,1,31,,109098,46,0,10,1,68,,109107,46,0,10,1,29,,109078,46,0,10,1,70,,109089,46,0,10,1,29,,109099,46,0,10,1,68,,109108,46,0,10,1,29,,109079,46,0,10,1,68,,109090,46,0,10,1,27,,109100,46,0,10,1,67,,109109,46,0,10,1,25,,109080,46,0,10,1,29,,109091,46,0,18 1 19,1,67,,109114,46,0,10,2,32,,109094,46,0,10,1,72,,109111,46,0,10,1,73,,109081,46,0,10,1,31,,109093,46,0,10,1,73,,109112,46,0,10,1,33,,109101,46,0,18 1 19,1,72,,109083,46,0,18 1 19,1,28,,109092,46,0,18 1 19,2,68,,109113,46,0,18 1 19,1
6802,'H60M000I-71-I',538,,109115,46,0,10,1,68,,109118,46,0,10,2,36,,109128,46,0,10,1,76,,109116,46,0,10,1,36,,109119,46,0,10,2,79,,109129,46,0,10,1,77,,109117,46,0,10,1,37,,109120,46,0,10,2,77,,109148,46,0,10,2,76,,109130,46,0,10,1,35,,109121,46,0,10,2,72,,109142,46,0,10,1,31,,109149,46,0,10,2,71,,109131,46,0,10,1,30,,109122,46,0,10,2,70,,109143,46,0,10,1,30,,109150,46,0,10,2,70,,109132,46,0,10,1,31,,109123,46,0,10,2,70,,109144,46,0,10,1,30,,109151,46,0,10,2,70,,109133,46,0,10,1,30,,109124,46,0,10,2,70,,109145,46,0,10,1,28,,109152,46,0,10,2,68,,109134,46,0,10,1,28,,109125,46,0,10,2,68,,109146,46,0,10,1,28,,109153,46,0,18 1 19,2,26,,109140,46,0,10,1,68,,109135,46,0,10,1,28,,109126,46,0,10,2,68,,109147,46,0,10,1,29,,109141,46,0,10,1,71,,109136,46,0,10,1,33,,109127,46,0,18 1 19,1,73,,109137,46,0,18 1 19,1,31,,109138,46,0,18 1 19,1,72,,109139,46,0,18 1 19,1
6802,'H60M000S-71-S',548,,109156,46,0,18 1 19,1,59,,109154,46,0,18 1 19,1,29,,109155,46,0,18 1 19,2,69,,109169,46,0,18 1 19,1,32,,109177,46,0,18 1 19,1,75,,109160,46,0,18 1 19,2,30,,109175,46,0,18 1 19,2,64,,109176,46,0,18 1 19,1,22,,109185,46,0,18 1 19,1,20,,109170,46,0,10,1,69,,109178,46,0,10,1,29,,109166,46,0,10,1,68,,109157,46,0,10,1,29,,109171,46,0,10,1,69,,109179,46,0,10,1,29,,109167,46,0,10,1,69,,109158,46,0,10,1,29,,109172,46,0,10,1,69,,109180,46,0,10,1,33,,109168,46,0,10,1,66,,109159,46,0,10,1,33,,109173,46,0,18 1 19,1,72,,109181,46,0,18 1 19,1,25,,109187,46,0,18 1 19,2,65,,109163,46,0,18 1 19,1,25,,109192,46,0,18 1 19,2,25,,109186,46,0,18 1 19,1,65,,109174,46,0,18 1 19,1,25,,109182,46,0,18 1 19,1,66,,109188,46,0,18 1 19,2,26,,109164,46,0,18 1 19,1,25,,109191,46,0,18 1 19,2,65,,109161,46,0,10,1,26,,109193,46,0,10,1,66,,109196,46,0,10,1,29,,109165,46,0,10,1,69,,109162,46,0,10,1,28,,109194,46,0,10,1,76,,109189,46,0,10,1,36,,109183,46,0,10,1,72,,109195,46,0,10,1,74,,109190,46,0,18 1 19,1,36,,109184,46,0,18 1 19,1
6802,'H60M100F-71-F1',538,,109197,46,0,10,1,68,,109200,46,0,10,1,36,,109212,46,0,10,2,76,,109198,46,0,10,1,36,,109201,46,0,10,1,79,,109213,46,0,10,2,77,,109199,46,0,10,1,37,,109202,46,0,10,1,77,,109206,46,0,10,1,76,,109214,46,0,10,2,35,,109203,46,0,10,1,72,,109225,46,0,10,2,31,,109207,46,0,10,1,71,,109215,46,0,10,2,30,,109204,46,0,10,1,70,,109226,46,0,10,2,30,,109208,46,0,10,1,70,,109216,46,0,10,2,31,,109205,46,0,10,1,70,,109227,46,0,10,2,30,,109209,46,0,10,1,70,,109217,46,0,10,2,30,,109219,46,0,10,1,70,,109228,46,0,10,2,28,,109210,46,0,10,1,68,,109218,46,0,10,2,28,,109220,46,0,10,1,68,,109229,46,0,10,2,28,,109211,46,0,10,1,26,,109223,46,0,10,1,68,,109233,46,0,10,1,28,,109221,46,0,10,1,68,,109230,46,0,10,2,29,,109224,46,0,10,1,71,,109232,46,0,10,1,33,,109222,46,0,18 1 19,1,73,,109235,46,0,18 1 19,1,31,,109231,46,0,18 1 19,2,72,,109234,46,0,18 1 19,1
6802,'H60M200F-71-F2',538,,109249,46,0,10,1,68,,109236,46,0,10,1,36,,109242,46,0,10,2,76,,109250,46,0,10,1,36,,109238,46,0,10,1,79,,109243,46,0,10,2,77,,109251,46,0,10,1,37,,109237,46,0,10,1,77,,109252,46,0,10,1,76,,109244,46,0,10,2,35,,109239,46,0,10,1,72,,109259,46,0,10,2,31,,109253,46,0,10,1,71,,109247,46,0,10,2,30,,109240,46,0,10,1,70,,109260,46,0,10,2,30,,109254,46,0,10,1,70,,109245,46,0,10,2,31,,109241,46,0,10,1,70,,109258,46,0,10,2,30,,109255,46,0,10,1,70,,109246,46,0,10,2,30,,109268,46,0,10,1,70,,109261,46,0,10,2,28,,109256,46,0,10,1,68,,109248,46,0,10,2,28,,109271,46,0,10,1,68,,109262,46,0,10,2,28,,109257,46,0,10,1,26,,109272,46,0,10,1,68,,109267,46,0,10,1,28,,109269,46,0,10,1,68,,109263,46,0,10,2,29,,109273,46,0,10,1,71,,109266,46,0,10,1,33,,109270,46,0,18 1 19,1,73,,109274,46,0,18 1 19,1,31,,109264,46,0,18 1 19,2,72,,109265,46,0,18 1 19,1
6802,'H60M300F-80-F3',458,,168559,13,0,10,1,76,,168561,13,0,10,1,76,,168565,13,0,10,1,34,,168577,13,0,10,2,73,,168562,13,0,10,1,33,,168566,13,0,10,1,74,,168578,13,0,10,2,32,,168563,13,0,10,1,73,,168589,13,0,10,2,73,,168579,13,0,10,2,31,,168567,13,0,10,1,69,,168590,13,0,10,2,28,,168580,13,0,10,2,70,,168568,13,0,10,1,31,,168591,13,0,10,2,70,,168581,13,0,10,2,30,,168569,13,0,10,1,70,,168592,13,0,10,2,30,,168582,13,0,10,2,70,,168570,13,0,10,1,30,,168593,13,0,10,2,70,,168583,13,0,10,2,30,,168571,13,0,10,1,71,,168594,13,0,10,2,30,,168584,13,0,10,2,69,,168572,13,0,10,1,30,,168595,13,0,10,2,70,,168585,13,0,10,2,30,,168573,13,0,10,1,70,,168596,13,0,10,2,27,,168586,13,0,10,2,28,,168574,13,0,10,1,70,,168597,13,0,10,2,27,,168587,13,0,10,2,67,,168575,13,0,10,1,30,,168598,13,0,10,2,67,,168588,13,0,10,2,28,,168576,13,0,10,1,75,,168599,13,0,10,2,35,,168560,13,0,10,1,75,,168564,13,0,10,1
38202,'H60M000A-71-A',2627,,155543,73,0,10,1,85,,155546,73,0,10,1,45,,155545,73,0,10,1,85,,155544,73,0,10,2
38202,'H60M000I-71-I',2628,,155547,73,0,10,1,84,,155550,73,0,10,1,44,,155548,73,0,10,1,85,,155549,73,0,10,1
38202,'H60M000S-71-S',2628,,155551,73,0,10,1,85,,155553,73,0,10,1,44,,155554,73,0,10,1,85,,155552,73,0,10,1
38202,'H60M100F-71-F1',2628,,155555,73,0,10,1,84,,155556,73,0,10,1,44,,155557,73,0,10,2,85,,155558,73,0,10,1
38202,'H60M200F-71-F2',2628,,155561,73,0,10,1,84,,155562,73,0,10,1,44,,155559,73,0,10,2,85,,155560,73,0,10,1
38202,'H60M300F-80-F3',2628,,176014,73,0,10,1,84,,176016,73,0,10,1,44,,176017,73,0,10,2,85,,176015,73,0,10,1
40702,'H60M000S-71-S',655,,155689,7,0,10,2,77,,155687,7,0,10,1,78,,155690,7,0,10,2,39,,155688,7,0,10,1,687,,155691,7,0,10,2,68,,155693,7,0,10,1,26,,155692,7,0,10,2,72,,155696,7,0,10,1,31,,155694,7,0,10,1,73,,155697,7,0,10,1,31,,155695,7,0,10,1,70,,155698,7,0,10,1
40903,'H60M000S-71-S',623,,155706,37,0,8,1,34,,155701,37,0,8,2,73,,155708,37,0,8,1,21,,155704,37,0,8,1,59,,155707,37,0,8,1,19,,155710,37,0,8,2,20,,155702,37,0,8,2,58,,155703,37,0,8,1,18,,155709,37,0,8,1,20,,155705,37,0,8,1,599,,155711,40,0,22 75,1,73,,155714,40,0,22 75,2,32,,155699,40,0,22 75,1,71,,155716,40,0,22 75,2,33,,155712,40,0,22 75,1,68,,155715,40,0,22 75,2,25,,155700,40,0,22 75,1,64,,155717,40,0,22 75,2,25,,155713,40,0,22 75,1
46802,'H60M000S-71-S',659,,158063,39,0,10,1,61,,158071,39,0,10,2,22,,158056,39,0,10,1,6,,158088,8,0,10,2,60,,158061,39,0,10,2,12,,158075,39,0,10,2,10,,158070,39,0,10,1,18,,158077,39,0,10,2,8,,158089,8,0,10,2,45,,158087,39,0,10,2,4,,158057,39,0,10,1,27,,158064,39,0,10,1,68,,158072,39,0,10,2,30,,158067,39,0,10,1,70,,158054,39,0,10,1,28,,158058,39,0,10,1,28,,158065,39,0,10,1,68,,158073,39,0,10,2,28,,158068,39,0,10,1,68,,158055,39,0,10,1,30,,158059,39,0,10,1,71,,158066,39,0,10,1,30,,158074,39,0,10,2,67,,158069,39,0,10,1,23,,158076,39,0,10,1,63,,158079,39,0,10,2,15,,158090,8,0,10,2,8,,158080,39,0,10,2,11,,158091,39,0,10,2,10,,158081,39,0,10,2,58,,158078,39,0,10,1,11,,158092,39,0,10,2,8,,158060,39,0,10,1,20,,158084,39,0,10,2,60,,158082,39,0,10,2,21,,158062,39,0,10,1,26,,158085,39,0,10,1,65,,158086,39,0,10,1,16,,158083,39,0,10,2
46802,'H60M300F-80-F3',710,,176380,16,0,10,1,30,,176366,16,0,10,2,70,,176373,16,0,10,1,30,,176387,16,0,10,2,73,,176381,16,0,10,1,31,,176367,16,0,10,2,72,,176374,16,0,10,1,30,,176388,16,0,10,2,73,,176382,16,0,10,1,31,,176368,16,0,10,2,72,,176375,16,0,10,1,31,,176389,16,0,10,2,72,,176383,16,0,10,1,32,,176369,16,0,10,2,72,,176376,16,0,10,1,71,,176390,16,0,10,2,33,,176384,16,0,10,1,73,,176370,16,0,10,2,33,,176377,16,0,10,1,71,,176391,16,0,10,2,31,,176385,16,0,10,1,73,,176371,16,0,10,2,31,,176378,16,0,10,1,72,,176392,16,0,10,2,30,,176386,16,0,10,1,73,,176372,16,0,10,2,32,,176379,16,0,10,1,71,,176393,16,0,10,2
