5504,'H58U000A-80-A',507,,234854,6,0,9,1,31,,234855,6,0,9,1,72,,234833,6,0,9,1,31,,234856,6,0,9,1,71,,234844,6,0,9,1,29,,234819,6,0,9,1,67,,234834,6,0,9,1,28,,234857,6,0,9,1,69,,234845,6,0,9,1,29,,234820,6,0,9,1,21,,234827,6,0,9,1,60,,234835,6,0,9,1,20,,234858,6,0,9,1,19,,234849,6,0,9,1,59,,234846,6,0,9,1,19,,234808,6,0,9,1,20,,234821,6,0,9,1,60,,234828,6,0,9,1,18,,234810,6,0,9,2,14,,234836,6,0,9,1,15,,234852,6,0,9,2,54,,234850,6,0,9,1,13,,234842,6,0,9,1,11,,234847,6,0,9,1,12,,234809,6,0,9,1,51,,234838,6,0,9,1,11,,234824,6,0,9,1,12,,234822,6,0,9,1,12,,234859,6,0,9,1,11,,234829,6,0,9,1,11,,234805,6,0,9,1,52,,234837,6,0,9,1,13,,234811,6,0,9,1,16,,234851,6,0,9,1,15,,234815,6,0,9,2,55,,234848,6,0,9,1,15,,234839,6,0,9,1,15,,234825,6,0,9,1,15,,234823,6,0,9,1,55,,234830,6,0,9,1,16,,234806,6,0,9,1,17,,234812,6,0,9,1,16,,234843,6,0,9,1,56,,234816,6,0,9,2,15,,234800,6,0,9,1,14,,234840,6,0,9,1,17,,234826,6,0,9,2,61,,234831,6,0,9,1,20,,234803,6,0,9,2,61,,234813,6,0,9,1,21,,234817,6,0,9,2,20,,234801,6,0,9,1,65,,234841,6,0,9,1,28,,234832,6,0,9,1,67,,234814,6,0,9,1,27,,234818,6,0,9,2,27,,234802,6,0,9,1,67,,234804,6,0,9,2,31,,234807,6,0,9,1,71,,234799,6,0,9,1,31,,234853,6,0,9,1
5504,'H58U000I-80-I',507,,234865,6,0,9,1,27,,234862,6,0,9,2,70,,234898,6,0,9,1,30,,234890,6,0,9,1,70,,234866,6,0,9,1,31,,234880,6,0,9,1,70,,234899,6,0,9,1,30,,234891,6,0,9,1,70,,234867,6,0,9,1,30,,234881,6,0,9,1,72,,234900,6,0,9,1,30,,234892,6,0,9,1,19,,234895,6,0,9,1,59,,234868,6,0,9,1,19,,234887,6,0,9,1,19,,234882,6,0,9,1,58,,234901,6,0,9,1,18,,234874,6,0,9,1,17,,234905,6,0,9,1,56,,234893,6,0,9,1,16,,234896,6,0,9,1,15,,234869,6,0,9,1,16,,234907,6,0,9,1,56,,234888,6,0,9,1,15,,234883,6,0,9,1,15,,234902,6,0,9,1,16,,234875,6,0,9,1,56,,234906,6,0,9,1,20,,234894,6,0,9,1,20,,234897,6,0,9,1,60,,234870,6,0,9,1,20,,234889,6,0,9,1,21,,234903,6,0,9,1,61,,234876,6,0,9,1,23,,234879,6,0,9,2,27,,234908,6,0,9,1,68,,234871,6,0,9,1,30,,234904,6,0,9,1,68,,234877,6,0,9,1,30,,234884,6,0,9,1,70,,234863,6,0,9,1,31,,234872,6,0,9,1,71,,234878,6,0,9,1,31,,234885,6,0,9,1,71,,234864,6,0,9,1,71,,234873,6,0,9,1,33,,234860,6,0,9,1,68,,234886,6,0,9,1,27,,234861,6,0,9,1
5504,'H58U000S-80-S',508,,234916,6,0,9,1,32,,234940,6,0,9,2,72,,234922,6,0,9,1,30,,234909,6,0,9,2,13,,234917,6,0,9,1,51,,234929,6,0,9,2,11,,234949,6,0,9,1,12,,234941,6,0,9,2,12,,234947,6,0,9,1,12,,234951,6,0,9,1,52,,234952,6,0,9,1,11,,234912,6,0,9,1,12,,234923,6,0,9,1,11,,234918,6,0,9,1,12,,234933,6,0,9,1,52,,234924,6,0,9,1,11,,234910,6,0,9,2,10,,234959,6,0,9,1,12,,234950,6,0,9,1,21,,234948,6,0,9,1,61,,234925,6,0,9,2,20,,234953,6,0,9,1,20,,234919,6,0,9,1,59,,234913,6,0,9,1,21,,234911,6,0,9,2,20,,234960,6,0,9,1,57,,234942,6,0,9,1,17,,234934,6,0,9,1,18,,234926,6,0,9,1,58,,234954,6,0,9,1,17,,234920,6,0,9,1,17,,234915,6,0,9,2,16,,234914,6,0,9,1,56,,234962,6,0,9,2,17,,234961,6,0,9,1,15,,234943,6,0,9,1,55,,234935,6,0,9,1,17,,234927,6,0,9,1,15,,234955,6,0,9,1,17,,234930,6,0,9,1,57,,234921,6,0,9,1,17,,234956,6,0,9,1,19,,234946,6,0,9,1,60,,234963,6,0,9,1,20,,234944,6,0,9,1,20,,234936,6,0,9,1,60,,234928,6,0,9,1,26,,234931,6,0,9,1,28,,234957,6,0,9,1,67,,234964,6,0,9,1,29,,234945,6,0,9,1,69,,234937,6,0,9,1,29,,234932,6,0,9,1,70,,234965,6,0,9,1,31,,234967,6,0,9,1,71,,234938,6,0,9,1,32,,234958,6,0,9,1,72,,234966,6,0,9,1,30,,234968,6,0,9,1,70,,234939,6,0,9,1
5504,'H58U100F-80-F1',507,,234974,6,0,9,1,27,,234971,6,0,9,2,70,,235007,6,0,9,1,30,,234999,6,0,9,1,70,,234975,6,0,9,1,31,,234989,6,0,9,1,70,,235008,6,0,9,1,30,,235000,6,0,9,1,70,,234976,6,0,9,1,30,,234990,6,0,9,1,72,,235009,6,0,9,1,30,,235001,6,0,9,1,19,,235004,6,0,9,1,59,,234977,6,0,9,1,19,,234996,6,0,9,1,19,,234991,6,0,9,1,58,,235010,6,0,9,1,18,,234983,6,0,9,1,17,,235014,6,0,9,1,56,,235002,6,0,9,1,16,,235005,6,0,9,1,15,,234978,6,0,9,1,16,,235016,6,0,9,1,56,,234997,6,0,9,1,15,,234992,6,0,9,1,15,,235011,6,0,9,1,16,,234984,6,0,9,1,56,,235015,6,0,9,1,20,,235003,6,0,9,1,20,,235006,6,0,9,1,60,,234979,6,0,9,1,20,,234998,6,0,9,1,21,,235012,6,0,9,1,61,,234985,6,0,9,1,23,,234988,6,0,9,2,27,,235017,6,0,9,1,68,,234980,6,0,9,1,30,,235013,6,0,9,1,68,,234986,6,0,9,1,30,,234993,6,0,9,1,70,,234972,6,0,9,1,31,,234981,6,0,9,1,71,,234987,6,0,9,1,31,,234994,6,0,9,1,71,,234973,6,0,9,1,71,,234982,6,0,9,1,33,,234969,6,0,9,1,68,,234995,6,0,9,1,27,,234970,6,0,9,1
5504,'H58U200F-80-F2',507,,235027,6,0,9,1,27,,235036,6,0,9,1,70,,235050,6,0,9,1,30,,235029,6,0,9,1,70,,235041,6,0,9,1,31,,235037,6,0,9,1,70,,235051,6,0,9,1,30,,235030,6,0,9,1,70,,235042,6,0,9,1,30,,235038,6,0,9,1,72,,235052,6,0,9,1,30,,235031,6,0,9,1,19,,235049,6,0,9,1,59,,235043,6,0,9,1,19,,235018,6,0,9,1,19,,235039,6,0,9,1,58,,235053,6,0,9,1,18,,235021,6,0,9,1,17,,235060,6,0,9,1,56,,235032,6,0,9,1,16,,235058,6,0,9,2,15,,235044,6,0,9,1,16,,235062,6,0,9,2,56,,235019,6,0,9,1,15,,235040,6,0,9,1,15,,235054,6,0,9,1,16,,235022,6,0,9,1,56,,235061,6,0,9,1,20,,235033,6,0,9,1,20,,235059,6,0,9,2,60,,235045,6,0,9,1,20,,235020,6,0,9,1,21,,235055,6,0,9,1,61,,235023,6,0,9,1,23,,235063,6,0,9,1,27,,235028,6,0,9,1,68,,235046,6,0,9,1,30,,235056,6,0,9,1,68,,235024,6,0,9,1,30,,235064,6,0,9,1,70,,235034,6,0,9,2,31,,235047,6,0,9,1,71,,235025,6,0,9,1,31,,235065,6,0,9,1,71,,235035,6,0,9,2,71,,235048,6,0,9,1,33,,235026,6,0,9,1,68,,235057,6,0,9,1,27,,235066,6,0,9,2
36304,'H51U000A-83-A',2552,,277416,6,0,9,2,84,,277414,6,0,9,1,84,,277415,6,0,9,1,84,,277417,6,0,9,2,45,,277418,6,0,9,1
36304,'H51U000I-83-I',2503,,277420,6,0,9,1,50,,277419,6,0,9,2,85,,277421,6,0,9,1,86,,277423,6,0,9,2,79,,277422,6,0,9,1,45,,277424,6,0,9,2
36304,'H51U000S-83-S',2510,,277426,6,0,9,1,45,,277428,6,0,9,1,86,,277427,6,0,9,1,83,,277425,6,0,9,1,84,,277430,6,0,9,2,40,,277429,6,0,9,1
36304,'H51U100F-80-F1',2503,,277434,6,0,9,1,50,,277433,6,0,9,2,85,,277435,6,0,9,1,86,,277431,6,0,9,2,79,,277436,6,0,9,1,45,,277432,6,0,9,2
36304,'H51U200F-80-F2',2503,,277440,6,0,9,1,50,,277439,6,0,9,2,85,,277441,6,0,9,1,86,,277437,6,0,9,2,79,,277442,6,0,9,1,45,,277438,6,0,9,2
