20301,'H50J000S-83-S',735,,69148,38,0,5,1
20301,'H50JV00S-82-S',735,,69149,38,0,5,1
20301,'H56J000S-80-S',1828,,69150,38,0,5,1
20301,'H56JV00S-80-S',1828,,69151,38,0,5,1
20301,'H60J000A-80-A',627,,69158,38,0,5,2,30,,69175,38,0,5,1,71,,69170,38,0,5,1,30,,69159,38,0,5,2,71,,69176,38,0,5,1,30,,69171,38,0,5,1,70,,69160,38,0,5,2,73,,69177,38,0,5,1,33,,69172,38,0,5,1,72,,69161,38,0,5,2,33,,69178,38,0,5,1,73,,69173,38,0,5,1,33,,69162,38,0,5,2,73,,69179,38,0,5,1,30,,69186,38,0,5,2,69,,69174,38,0,5,1,29,,69163,38,0,5,2,69,,69180,38,0,5,1,29,,69187,38,0,5,2,69,,69152,38,0,5,1,30,,69164,38,0,5,2,70,,69181,38,0,5,1,30,,69188,38,0,5,2,67,,69153,38,0,5,1,30,,69165,38,0,5,2,70,,69182,38,0,5,1,29,,69154,38,0,5,1,70,,69166,38,0,5,2,29,,69183,38,0,5,1,69,,69155,38,0,5,1,28,,69167,38,0,5,2,69,,69184,38,0,5,1,28,,69156,38,0,5,1,68,,69168,38,0,5,2,28,,69185,38,0,5,1,28,,69157,38,0,5,1,68,,69169,38,0,5,2
20301,'H60J000I-80-I',727,,69189,38,0,5,1,30,,69212,38,0,5,2,70,,69201,38,0,5,1,30,,69190,38,0,5,1,70,,69213,38,0,5,2,30,,69202,38,0,5,1,70,,69191,38,0,5,1,30,,69214,38,0,5,2,70,,69203,38,0,5,1,30,,69192,38,0,5,1,70,,69215,38,0,5,2,30,,69204,38,0,5,1,72,,69193,38,0,5,1,30,,69216,38,0,5,2,70,,69205,38,0,5,1,72,,69194,38,0,5,1,30,,69217,38,0,5,2,71,,69206,38,0,5,1,31,,69195,38,0,5,1,70,,69218,38,0,5,2,30,,69207,38,0,5,1,70,,69196,38,0,5,1,29,,69219,38,0,5,2,69,,69208,38,0,5,1,28,,69197,38,0,5,1,29,,69220,38,0,5,2,69,,69209,38,0,5,1,29,,69198,38,0,5,1,68,,69221,38,0,5,2,30,,69210,38,0,5,1,70,,69199,38,0,5,1,30,,69222,38,0,5,2,69,,69211,38,0,5,1,30,,69200,38,0,5,1,70,,69223,38,0,5,2
20301,'H60J000S-98-S',622,,69235,38,0,5,2,34,,69225,38,0,5,1,67,,69236,38,0,5,1,30,,69224,38,0,5,2,70,,69245,38,0,5,2,26,,69226,38,0,5,1,10,,69246,38,0,5,1,72,,69244,38,0,5,1,72,,69231,38,0,5,1,32,,69227,38,0,5,1,72,,69247,38,0,5,1,32,,69242,38,0,5,1,71,,69232,38,0,5,1,29,,69228,38,0,5,1,70,,69230,38,0,5,1,29,,69233,38,0,5,1,69,,69241,38,0,5,1,29,,69229,38,0,5,1,71,,69253,38,0,5,1,33,,69259,38,0,5,1,74,,69234,38,0,5,1,23,,69248,38,0,5,2,65,,69254,38,0,5,1,23,,69243,38,0,5,1,32,,69258,38,0,5,1,144,,69255,38,0,5,1,31,,69249,38,0,5,1,69,,69237,38,0,5,1,32,,69256,38,0,5,1,71,,69250,38,0,5,1,30,,69238,38,0,5,1,70,,69257,38,0,5,1,30,,69251,38,0,5,1,67,,69239,38,0,5,1,29,,69260,38,0,5,1,28,,69252,38,0,5,1,68,,69240,38,0,5,1
20301,'H60JV00A-80-A',627,,69261,38,0,5,2,30,,69279,38,0,5,1,71,,69293,38,0,5,1,30,,69262,38,0,5,2,71,,69280,38,0,5,1,30,,69294,38,0,5,1,70,,69263,38,0,5,2,73,,69281,38,0,5,1,33,,69295,38,0,5,1,72,,69264,38,0,5,2,33,,69282,38,0,5,1,73,,69296,38,0,5,1,33,,69265,38,0,5,2,73,,69283,38,0,5,1,30,,69290,38,0,5,2,69,,69297,38,0,5,1,29,,69266,38,0,5,2,69,,69284,38,0,5,1,29,,69291,38,0,5,2,69,,69273,38,0,5,1,30,,69267,38,0,5,2,70,,69285,38,0,5,1,30,,69292,38,0,5,2,67,,69274,38,0,5,1,30,,69268,38,0,5,2,70,,69286,38,0,5,1,29,,69275,38,0,5,1,70,,69269,38,0,5,2,29,,69287,38,0,5,1,69,,69276,38,0,5,1,28,,69270,38,0,5,2,69,,69288,38,0,5,1,28,,69277,38,0,5,1,68,,69271,38,0,5,2,28,,69289,38,0,5,1,28,,69278,38,0,5,1,68,,69272,38,0,5,2
20301,'H60JV00I-80-I',727,,69298,38,0,5,1,30,,69321,38,0,5,2,70,,69310,38,0,5,1,30,,69299,38,0,5,1,70,,69322,38,0,5,2,30,,69311,38,0,5,1,70,,69300,38,0,5,1,30,,69323,38,0,5,2,70,,69312,38,0,5,1,30,,69301,38,0,5,1,70,,69324,38,0,5,2,30,,69313,38,0,5,1,72,,69302,38,0,5,1,30,,69325,38,0,5,2,70,,69314,38,0,5,1,72,,69303,38,0,5,1,30,,69326,38,0,5,2,71,,69315,38,0,5,1,31,,69304,38,0,5,1,70,,69327,38,0,5,2,30,,69316,38,0,5,1,70,,69305,38,0,5,1,29,,69328,38,0,5,2,69,,69317,38,0,5,1,28,,69306,38,0,5,1,29,,69329,38,0,5,2,69,,69318,38,0,5,1,29,,69307,38,0,5,1,68,,69330,38,0,5,2,30,,69319,38,0,5,1,70,,69308,38,0,5,1,30,,69331,38,0,5,2,69,,69320,38,0,5,1,30,,69309,38,0,5,1,70,,69332,38,0,5,2
20301,'H60JV00S-98-S',622,,69369,38,0,5,2,34,,69363,38,0,5,1,67,,69343,38,0,5,1,30,,69366,38,0,5,2,70,,69344,38,0,5,2,26,,69364,38,0,5,1,10,,69339,38,0,5,1,72,,69367,38,0,5,1,72,,69352,38,0,5,1,32,,69365,38,0,5,1,72,,69340,38,0,5,1,32,,69341,38,0,5,1,71,,69353,38,0,5,1,29,,69350,38,0,5,1,70,,69334,38,0,5,1,29,,69354,38,0,5,1,69,,69355,38,0,5,1,29,,69351,38,0,5,1,71,,69345,38,0,5,1,33,,69357,38,0,5,1,74,,69333,38,0,5,1,23,,69368,38,0,5,2,65,,69346,38,0,5,1,23,,69342,38,0,5,1,32,,69356,38,0,5,1,144,,69347,38,0,5,1,31,,69335,38,0,5,1,69,,69359,38,0,5,1,32,,69348,38,0,5,1,71,,69336,38,0,5,1,30,,69360,38,0,5,1,70,,69349,38,0,5,1,30,,69337,38,0,5,1,67,,69361,38,0,5,1,29,,69358,38,0,5,1,28,,69338,38,0,5,1,68,,69362,38,0,5,1
