'26J-H51J000S-80-S',13603,163000,0,'Nord',2,2800,0,'Nord',1,4600,0,'Nord',2,1400,0,'Nord',2,8300,0,'Nord',2,5450,0,'Nord',2
'26J-H51JV00S-84-S',13603,163000,0,'Nord',2,2800,0,'Nord',1,4600,0,'Nord',2,1400,0,'Nord',2,8300,0,'Nord',2,5450,0,'Nord',2
'26J-H59J000A-80-A',13603,55230,0,'Nord',1,6900,0,'Nord',2,3020,0,'Nord',2,6900,0,'Nord',1,3000,0,'Nord',2,6900,0,'Nord',2,3000,0,'Nord',1,7100,0,'Nord',1,3100,0,'Nord',2,7100,0,'Nord',1,3200,0,'Nord',1,7100,0,'Nord',2,3100,0,'Nord',2,6700,0,'Nord',1,2400,0,'Nord',2,6400,0,'Nord',1,2300,0,'Nord',2,2300,0,'Nord',1,6100,0,'Nord',2,2000,0,'Nord',2,1800,0,'Nord',1,5800,0,'Nord',2,1800,0,'Nord',1,1850,0,'Nord',2,5700,0,'Nord',2,1600,0,'Nord',1,1550,0,'Nord',2,1600,0,'Nord',1,5600,0,'Nord',2,1100,0,'Nord',1,1000,0,'Nord',2,1100,0,'Nord',1,1200,0,'Nord',1,5300,0,'Nord',1,1300,0,'Nord',2,1400,0,'Nord',2,1200,0,'Nord',1,5300,0,'Nord',1,1300,0,'Nord',2,1500,0,'Nord',1,1500,0,'Nord',2,1600,0,'Nord',2,6300,0,'Nord',1,2300,0,'Nord',1,6300,0,'Nord',2,2100,0,'Nord',1,2000,0,'Nord',1,6100,0,'Nord',1,2200,0,'Nord',2,7100,0,'Nord',1,3200,0,'Nord',1,6800,0,'Nord',2,3000,0,'Nord',1,7090,0,'Nord',2,3000,0,'Nord',1,7100,0,'Nord',2
'26J-H59J000I-80-I',13603,55130,0,'Nord',2,6900,0,'Nord',1,3000,0,'Nord',2,6910,0,'Nord',1,3200,0,'Nord',2,7100,0,'Nord',1,3200,0,'Nord',2,7200,0,'Nord',1,2810,0,'Nord',1,6800,0,'Nord',2,3200,0,'Nord',1,7100,0,'Nord',1,3200,0,'Nord',2,7300,0,'Nord',1,7300,0,'Nord',1,3000,0,'Nord',2,7100,0,'Nord',1,2500,0,'Nord',1,2400,0,'Nord',2,6500,0,'Nord',1,1900,0,'Nord',1,1600,0,'Nord',2,5600,0,'Nord',2,1700,0,'Nord',1,1700,0,'Nord',1,5700,0,'Nord',1,1700,0,'Nord',2,1800,0,'Nord',1,1900,0,'Nord',2,5900,0,'Nord',1,1900,0,'Nord',1,1900,0,'Nord',2,5900,0,'Nord',2,1800,0,'Nord',1,1800,0,'Nord',1,6200,0,'Nord',2,2300,0,'Nord',1,2200,0,'Nord',2,6200,0,'Nord',1,2200,0,'Nord',1,6500,0,'Nord',2,3000,0,'Nord',1,7100,0,'Nord',1,3000,0,'Nord',1,6900,0,'Nord',1,3000,0,'Nord',1,6890,0,'Nord',1,3100,0,'Nord',1
'26J-H59J000S-81-S',13603,55250,0,'Nord',2,6800,0,'Nord',2,2900,0,'Nord',1,6400,0,'Nord',2,2650,0,'Nord',2,1600,0,'Nord',2,6300,0,'Nord',2,2350,0,'Nord',1,6500,0,'Nord',2,2600,0,'Nord',2,6700,0,'Nord',1,2700,0,'Nord',1,2700,0,'Nord',2,6600,0,'Nord',1,2800,0,'Nord',1,6600,0,'Nord',1,2300,0,'Nord',2,6300,0,'Nord',1,2000,0,'Nord',2,1800,0,'Nord',1,1700,0,'Nord',1,5500,0,'Nord',1,1500,0,'Nord',1,1500,0,'Nord',1,1650,0,'Nord',2,5500,0,'Nord',2,1000,0,'Nord',1,1000,0,'Nord',1,1100,0,'Nord',1,800,0,'Nord',1,4900,0,'Nord',1,900,0,'Nord',1,700,0,'Nord',1,700,0,'Nord',2,1300,0,'Nord',2,600,0,'Nord',2,500,0,'Nord',2,600,0,'Nord',2,5800,0,'Nord',1,1400,0,'Nord',1,700,0,'Nord',1,500,0,'Nord',1,700,0,'Nord',1,800,0,'Nord',1,5800,0,'Nord',2,900,0,'Nord',2,950,0,'Nord',2,900,0,'Nord',1,800,0,'Nord',1,6000,0,'Nord',1,1500,0,'Nord',1,1700,0,'Nord',2,1900,0,'Nord',1,5800,0,'Nord',1,2100,0,'Nord',1,2100,0,'Nord',2,6100,0,'Nord',2,2000,0,'Nord',1,1800,0,'Nord',1,5700,0,'Nord',2,1800,0,'Nord',2,2300,0,'Nord',1,6500,0,'Nord',1,2600,0,'Nord',2,6700,0,'Nord',1,2700,0,'Nord',1,6880,0,'Nord',2,3000,0,'Nord',2
'26J-H59JV00A-80-A',13603,55230,0,'Nord',1,6900,0,'Nord',2,3020,0,'Nord',2,6900,0,'Nord',1,3000,0,'Nord',2,6900,0,'Nord',2,3000,0,'Nord',1,7100,0,'Nord',1,3100,0,'Nord',2,7100,0,'Nord',1,3200,0,'Nord',1,7100,0,'Nord',2,3100,0,'Nord',2,6700,0,'Nord',1,2400,0,'Nord',2,6400,0,'Nord',1,2300,0,'Nord',2,2300,0,'Nord',1,6100,0,'Nord',2,2000,0,'Nord',2,1800,0,'Nord',1,5800,0,'Nord',2,1800,0,'Nord',1,1850,0,'Nord',2,5700,0,'Nord',2,1600,0,'Nord',1,1550,0,'Nord',2,1600,0,'Nord',1,5600,0,'Nord',2,1100,0,'Nord',1,1000,0,'Nord',2,1100,0,'Nord',1,1200,0,'Nord',1,5300,0,'Nord',1,1300,0,'Nord',2,1400,0,'Nord',2,1200,0,'Nord',1,5300,0,'Nord',1,1300,0,'Nord',2,1500,0,'Nord',1,1500,0,'Nord',2,1600,0,'Nord',2,6300,0,'Nord',1,2300,0,'Nord',1,6300,0,'Nord',2,2100,0,'Nord',1,2000,0,'Nord',1,6100,0,'Nord',1,2200,0,'Nord',2,7100,0,'Nord',1,3200,0,'Nord',1,6800,0,'Nord',2,3000,0,'Nord',1,7090,0,'Nord',2,3000,0,'Nord',1,7100,0,'Nord',2
'26J-H59JV00I-80-I',13603,55130,0,'Nord',2,6900,0,'Nord',1,3000,0,'Nord',2,6910,0,'Nord',1,3200,0,'Nord',2,7100,0,'Nord',1,3200,0,'Nord',2,7200,0,'Nord',1,2810,0,'Nord',1,6800,0,'Nord',2,3200,0,'Nord',1,7100,0,'Nord',1,3200,0,'Nord',2,7300,0,'Nord',1,7300,0,'Nord',1,3000,0,'Nord',2,7100,0,'Nord',1,2500,0,'Nord',1,2400,0,'Nord',2,6500,0,'Nord',1,1900,0,'Nord',1,1600,0,'Nord',2,5600,0,'Nord',2,1700,0,'Nord',1,1700,0,'Nord',1,5700,0,'Nord',1,1700,0,'Nord',2,1800,0,'Nord',1,1900,0,'Nord',2,5900,0,'Nord',1,1900,0,'Nord',1,1900,0,'Nord',2,5900,0,'Nord',2,1800,0,'Nord',1,1800,0,'Nord',1,6200,0,'Nord',2,2300,0,'Nord',1,2200,0,'Nord',2,6200,0,'Nord',1,2200,0,'Nord',1,6500,0,'Nord',2,3000,0,'Nord',1,7100,0,'Nord',1,3000,0,'Nord',1,6900,0,'Nord',1,3000,0,'Nord',1,6890,0,'Nord',1,3100,0,'Nord',1
'26J-H59JV00S-83-S',13603,55250,0,'Nord',2,6800,0,'Nord',2,2900,0,'Nord',1,6400,0,'Nord',2,2650,0,'Nord',2,1600,0,'Nord',2,6300,0,'Nord',2,2350,0,'Nord',1,6500,0,'Nord',2,2600,0,'Nord',2,6700,0,'Nord',1,2700,0,'Nord',1,2700,0,'Nord',2,6600,0,'Nord',1,2800,0,'Nord',1,6600,0,'Nord',1,2300,0,'Nord',2,6300,0,'Nord',1,2000,0,'Nord',2,1800,0,'Nord',1,1700,0,'Nord',1,5500,0,'Nord',1,1500,0,'Nord',1,1500,0,'Nord',1,1650,0,'Nord',2,5500,0,'Nord',2,1000,0,'Nord',1,1000,0,'Nord',1,1100,0,'Nord',1,800,0,'Nord',1,4900,0,'Nord',1,900,0,'Nord',1,700,0,'Nord',1,700,0,'Nord',1,1300,0,'Nord',2,600,0,'Nord',2,500,0,'Nord',2,600,0,'Nord',2,5800,0,'Nord',1,1400,0,'Nord',1,700,0,'Nord',1,500,0,'Nord',1,700,0,'Nord',1,800,0,'Nord',1,5800,0,'Nord',2,900,0,'Nord',2,950,0,'Nord',2,900,0,'Nord',1,800,0,'Nord',1,6000,0,'Nord',1,1500,0,'Nord',1,1700,0,'Nord',2,1900,0,'Nord',1,5800,0,'Nord',1,2100,0,'Nord',1,2100,0,'Nord',2,6100,0,'Nord',2,2000,0,'Nord',1,1800,0,'Nord',1,5700,0,'Nord',2,1800,0,'Nord',2,2300,0,'Nord',1,6500,0,'Nord',1,2600,0,'Nord',2,6700,0,'Nord',1,2700,0,'Nord',1,6880,0,'Nord',2,3000,0,'Nord',2
'26J-H51J000S-80-S',18801,182200,0,'via Couture',1
'26J-H51JV00S-84-S',18801,182200,0,'via Couture',1
'26J-H54J000S-83-S',18801,55930,0,'via Lavoisier',2,7300,0,'via Lavoisier',1,7770,0,'via Lavoisier',1,3600,0,'via Lavoisier',1,7420,0,'via Lavoisier',2,3100,0,'via Lavoisier',1,7980,0,'via Lavoisier',1,58700,0,'via Couture',1,11840,0,'via Couture',2,7700,0,'via Couture',1,3360,0,'via Couture',1,11000,0,'via Couture',1
'26J-H54JV00S-80-S',18801,55930,0,'via Lavoisier',1,7300,0,'via Lavoisier',1,7770,0,'via Lavoisier',1,3600,0,'via Lavoisier',1,7420,0,'via Lavoisier',2,3100,0,'via Lavoisier',1,7980,0,'via Lavoisier',1,58700,0,'via Couture',1,11840,0,'via Couture',2,7700,0,'via Couture',1,3360,0,'via Couture',1,11000,0,'via Couture',1
'26J-H57J000S-81-S',18801,155840,0,'via Couture',1
'26J-H57JV00S-83-S',18801,155840,0,'via Couture',1
