18001,'H58U000A-80-A',508,,265291,8,0,5,2,30,,265298,8,0,5,1,71,,265292,8,0,5,2,31,,265299,8,0,5,1,73,,265293,8,0,5,2,32,,265300,8,0,5,1,68,,265264,8,0,5,1,27,,265294,8,0,5,2,67,,265301,8,0,5,1,29,,265265,8,0,5,1,69,,265295,8,0,5,2,29,,265302,8,0,5,1,72,,265266,8,0,5,1,33,,265296,8,0,5,2,73,,265303,8,0,5,1,33,,265267,8,0,5,1,71,,265297,8,0,5,2,33,,265304,8,0,5,1,73,,265268,8,0,5,2,33,,265270,8,0,5,1,73,,265278,8,0,5,2,73,,265269,8,0,5,2,33,,265271,8,0,5,1,74,,265279,8,0,5,2,32,,265284,8,0,5,2,73,,265272,8,0,5,1,32,,265280,8,0,5,2,70,,265285,8,0,5,2,30,,265273,8,0,5,1,70,,265281,8,0,5,2,30,,265286,8,0,5,2,68,,265274,8,0,5,1,26,,265282,8,0,5,2,67,,265287,8,0,5,2,28,,265275,8,0,5,1,69,,265283,8,0,5,2,30,,265288,8,0,5,2,70,,265276,8,0,5,1,33,,265289,8,0,5,2,70,,265277,8,0,5,1,31,,265290,8,0,5,2
18001,'H58U000I-80-I',537,,265305,8,0,5,1,71,,265312,8,0,5,2,33,,265306,8,0,5,1,72,,265313,8,0,5,2,33,,265307,8,0,5,1,72,,265314,8,0,5,2,33,,265308,8,0,5,1,72,,265315,8,0,5,2,28,,265325,8,0,5,1,68,,265309,8,0,5,1,28,,265316,8,0,5,2,69,,265326,8,0,5,1,30,,265310,8,0,5,1,70,,265317,8,0,5,2,30,,265327,8,0,5,1,70,,265311,8,0,5,1,30,,265318,8,0,5,2,70,,265328,8,0,5,1,29,,265335,8,0,5,1,71,,265319,8,0,5,2,31,,265329,8,0,5,1,71,,265336,8,0,5,1,30,,265320,8,0,5,2,70,,265330,8,0,5,1,30,,265337,8,0,5,1,69,,265321,8,0,5,2,29,,265331,8,0,5,1,69,,265338,8,0,5,1,30,,265322,8,0,5,2,70,,265332,8,0,5,1,29,,265339,8,0,5,1,68,,265323,8,0,5,2,28,,265333,8,0,5,1,68,,265340,8,0,5,1,27,,265324,8,0,5,2,65,,265334,8,0,5,1,31,,265341,8,0,5,1,69,,265343,8,0,5,2,29,,265342,8,0,5,1,29,,265344,8,0,5,2
18001,'H58U000S-80-S',508,,265353,8,0,5,1,30,,265372,8,0,5,1,72,,265373,8,0,5,2,24,,265381,8,0,5,1,20,,265377,8,0,5,2,57,,265361,8,0,5,2,14,,265354,8,0,5,1,14,,265365,8,0,5,1,11,,265382,8,0,5,1,55,,265374,8,0,5,2,4,,265376,8,0,5,1,5,,265378,8,0,5,2,15,,265351,8,0,5,2,20,,265355,8,0,5,1,68,,265383,8,0,5,1,28,,265352,8,0,5,2,69,,265366,8,0,5,1,27,,265345,8,0,5,2,66,,265379,8,0,5,2,25,,265356,8,0,5,1,25,,265367,8,0,5,1,65,,265346,8,0,5,2,23,,265380,8,0,5,2,61,,265362,8,0,5,2,28,,265368,8,0,5,1,70,,265347,8,0,5,2,32,,265363,8,0,5,2,72,,265369,8,0,5,1,32,,265348,8,0,5,2,70,,265364,8,0,5,2,26,,265370,8,0,5,1,70,,265389,8,0,5,2,30,,265349,8,0,5,2,72,,265371,8,0,5,1,31,,265360,8,0,5,1,70,,265384,8,0,5,2,27,,265388,8,0,5,1,70,,265357,8,0,5,1,33,,265385,8,0,5,2,73,,265390,8,0,5,1,33,,265358,8,0,5,1,63,,265386,8,0,5,2,28,,265391,8,0,5,1,69,,265359,8,0,5,1,28,,265387,8,0,5,2,70,,265392,8,0,5,1,30,,265350,8,0,5,1,69,,265375,8,0,5,2
18001,'H58U100F-80-F1',537,,265393,8,0,5,1,71,,265400,8,0,5,2,33,,265394,8,0,5,1,72,,265401,8,0,5,2,33,,265395,8,0,5,1,72,,265402,8,0,5,2,33,,265396,8,0,5,1,72,,265403,8,0,5,2,28,,265413,8,0,5,1,68,,265397,8,0,5,1,28,,265404,8,0,5,2,69,,265414,8,0,5,1,30,,265398,8,0,5,1,70,,265405,8,0,5,2,30,,265415,8,0,5,1,70,,265399,8,0,5,1,30,,265406,8,0,5,2,70,,265416,8,0,5,1,29,,265423,8,0,5,1,71,,265407,8,0,5,2,31,,265417,8,0,5,1,71,,265424,8,0,5,1,30,,265408,8,0,5,2,70,,265418,8,0,5,1,30,,265425,8,0,5,1,69,,265409,8,0,5,2,29,,265419,8,0,5,1,69,,265426,8,0,5,1,30,,265410,8,0,5,2,70,,265420,8,0,5,1,29,,265427,8,0,5,1,68,,265411,8,0,5,2,28,,265421,8,0,5,1,68,,265428,8,0,5,1,27,,265412,8,0,5,2,65,,265422,8,0,5,1,31,,265429,8,0,5,1,69,,265431,8,0,5,2,29,,265430,8,0,5,1,29,,265432,8,0,5,2
18001,'H58U200F-80-F2',537,,265433,8,0,5,2,71,,265441,8,0,5,1,33,,265434,8,0,5,2,72,,265442,8,0,5,1,33,,265435,8,0,5,2,72,,265443,8,0,5,1,33,,265436,8,0,5,2,72,,265444,8,0,5,1,28,,265452,8,0,5,2,68,,265437,8,0,5,2,28,,265445,8,0,5,1,69,,265453,8,0,5,2,30,,265438,8,0,5,2,70,,265446,8,0,5,1,30,,265454,8,0,5,2,70,,265439,8,0,5,2,30,,265447,8,0,5,1,70,,265455,8,0,5,2,29,,265440,8,0,5,2,71,,265456,8,0,5,1,31,,265464,8,0,5,2,71,,265470,8,0,5,2,30,,265457,8,0,5,1,70,,265465,8,0,5,2,30,,265471,8,0,5,2,69,,265458,8,0,5,1,29,,265466,8,0,5,2,69,,265472,8,0,5,2,30,,265459,8,0,5,1,70,,265467,8,0,5,2,29,,265448,8,0,5,1,68,,265460,8,0,5,1,28,,265468,8,0,5,2,68,,265449,8,0,5,1,27,,265461,8,0,5,1,65,,265469,8,0,5,2,31,,265450,8,0,5,1,69,,265462,8,0,5,2,29,,265451,8,0,5,1,29,,265463,8,0,5,2
36504,'H58U000A-80-A',2526,,277530,8,0,9,1,75,,277528,8,0,9,2,33,,277532,8,0,9,1,76,,277533,8,0,9,2,33,,277534,8,0,9,2,72,,277531,8,0,9,1,32,,277529,8,0,9,2
36504,'H58U000I-80-I',2526,,277537,8,0,9,1,80,,277539,8,0,9,2,40,,277535,8,0,9,1,80,,277538,8,0,9,1,80,,277540,8,0,9,2,40,,277536,8,0,9,1
36504,'H58U000S-80-S',2525,,277543,8,0,9,1,81,,277545,8,0,9,2,40,,277542,8,0,9,1,80,,277541,8,0,9,1,80,,277544,8,0,9,1,40,,277546,8,0,9,2
36504,'H58U100F-80-F1',2526,,277549,8,0,9,1,80,,277551,8,0,9,2,40,,277547,8,0,9,1,80,,277550,8,0,9,1,80,,277552,8,0,9,2,40,,277548,8,0,9,1
36504,'H58U200F-80-F2',2526,,277553,8,0,9,1,80,,277555,8,0,9,2,40,,277557,8,0,9,2,80,,277554,8,0,9,1,80,,277556,8,0,9,2,40,,277558,8,0,9,2
