10401,'H50M000S-70-S',715,,119136,16,0,5,1,6,,119138,16,0,5,1,36,,119137,16,0,5,1
10401,'H56M000A-70-A',635,,119139,16,0,5,1,74,,119145,16,0,5,1,18,,119143,16,0,5,1,75,,119140,16,0,5,1,35,,119146,16,0,5,1,21,,119144,16,0,5,1,76,,119141,16,0,5,1,81,,119147,16,0,5,1,28,,119166,16,0,5,2,72,,119157,16,0,5,2,41,,119148,16,0,5,1,69,,119167,16,0,5,2,77,,119158,16,0,5,2,38,,119149,16,0,5,1,69,,119168,16,0,5,2,37,,119159,16,0,5,2,78,,119150,16,0,5,1,29,,119169,16,0,5,2,77,,119160,16,0,5,2,78,,119151,16,0,5,1,31,,119170,16,0,5,2,72,,119161,16,0,5,2,39,,119152,16,0,5,1,70,,119171,16,0,5,2,31,,119162,16,0,5,2,73,,119153,16,0,5,1,29,,119172,16,0,5,2,70,,119163,16,0,5,2,33,,119154,16,0,5,1,68,,119173,16,0,5,2,29,,119164,16,0,5,2,71,,119155,16,0,5,1,30,,119174,16,0,5,1,68,,119165,16,0,5,2,28,,119156,16,0,5,1,69,,119142,16,0,5,2
10401,'H56M000I-70-I',649,,119175,16,0,5,1,70,,119177,16,0,5,2,81,,119179,16,0,5,1,36,,119176,16,0,5,1,14,,119178,16,0,5,2,80,,119180,16,0,5,1,84,,119198,16,0,5,1,38,,119204,16,0,5,1,55,,119188,16,0,5,1,43,,119199,16,0,5,1,83,,119205,16,0,5,1,80,,119194,16,0,5,1,16,,119200,16,0,5,1,85,,119206,16,0,5,1,41,,119195,16,0,5,1,82,,119182,16,0,5,1,19,,119207,16,0,5,1,81,,119196,16,0,5,1,82,,119183,16,0,5,1,40,,119189,16,0,5,1,56,,119197,16,0,5,1,37,,119184,16,0,5,1,83,,119190,16,0,5,1,73,,119201,16,0,5,1,18,,119185,16,0,5,1,77,,119191,16,0,5,1,32,,119202,16,0,5,1,72,,119186,16,0,5,1,33,,119192,16,0,5,1,72,,119203,16,0,5,1,33,,119187,16,0,5,1,73,,119193,16,0,5,1,32,,119181,16,0,5,1
10401,'H56M000S-70-S',628,,119243,16,0,5,1,25,,119222,16,0,5,1,50,,119208,16,0,5,2,24,,119244,16,0,5,1,6,,119212,16,0,5,1,6,,119219,16,0,5,2,6,,119242,16,0,5,2,6,,119227,16,0,5,1,70,,119228,16,0,5,1,13,,119233,16,0,5,2,105,,119234,16,0,5,1,76,,119229,16,0,5,1,35,,119213,16,0,5,1,76,,119235,16,0,5,1,76,,119230,16,0,5,1,36,,119214,16,0,5,1,76,,119236,16,0,5,1,39,,119231,16,0,5,1,77,,119215,16,0,5,1,79,,119237,16,0,5,1,42,,119232,16,0,5,1,77,,119239,16,0,5,2,76,,119245,16,0,5,1,41,,119240,16,0,5,1,79,,119220,16,0,5,2,79,,119238,16,0,5,1,33,,119241,16,0,5,1,75,,119221,16,0,5,2,30,,119223,16,0,5,1,72,,119216,16,0,5,1,32,,119209,16,0,5,2,70,,119224,16,0,5,1,31,,119217,16,0,5,1,69,,119210,16,0,5,2,29,,119225,16,0,5,1,69,,119218,16,0,5,1,27,,119211,16,0,5,2,66,,119226,16,0,5,1
10401,'H56M100F-70-F1',649,,119255,16,0,5,1,70,,119246,16,0,5,2,81,,119276,16,0,5,1,36,,119261,16,0,5,2,14,,119247,16,0,5,2,80,,119277,16,0,5,1,84,,119262,16,0,5,2,38,,119265,16,0,5,1,55,,119278,16,0,5,1,43,,119263,16,0,5,2,83,,119266,16,0,5,1,80,,119269,16,0,5,1,16,,119264,16,0,5,2,85,,119267,16,0,5,1,41,,119270,16,0,5,1,82,,119249,16,0,5,2,19,,119268,16,0,5,1,81,,119271,16,0,5,1,82,,119250,16,0,5,2,40,,119256,16,0,5,1,56,,119272,16,0,5,1,37,,119251,16,0,5,2,83,,119257,16,0,5,1,73,,119273,16,0,5,1,18,,119252,16,0,5,2,77,,119258,16,0,5,1,32,,119274,16,0,5,1,72,,119253,16,0,5,2,33,,119259,16,0,5,1,72,,119275,16,0,5,1,33,,119254,16,0,5,2,73,,119260,16,0,5,1,32,,119248,16,0,5,1
10401,'H56M200F-70-F2',649,,119288,16,0,5,1,70,,119279,16,0,5,2,81,,119309,16,0,5,1,36,,119294,16,0,5,2,14,,119280,16,0,5,2,80,,119310,16,0,5,1,84,,119295,16,0,5,2,38,,119298,16,0,5,1,55,,119311,16,0,5,1,43,,119296,16,0,5,2,83,,119299,16,0,5,1,80,,119302,16,0,5,1,16,,119297,16,0,5,2,85,,119300,16,0,5,1,41,,119303,16,0,5,1,82,,119282,16,0,5,2,19,,119301,16,0,5,1,81,,119304,16,0,5,1,82,,119283,16,0,5,2,40,,119289,16,0,5,1,56,,119305,16,0,5,1,37,,119284,16,0,5,2,83,,119290,16,0,5,1,73,,119306,16,0,5,1,18,,119286,16,0,5,2,77,,119291,16,0,5,1,32,,119307,16,0,5,1,72,,119285,16,0,5,2,33,,119292,16,0,5,1,72,,119308,16,0,5,1,33,,119287,16,0,5,2,73,,119293,16,0,5,1,32,,119281,16,0,5,1
10401,'H56M300F-80-F3',649,,170253,16,0,5,1,70,,170228,16,0,5,2,81,,170254,16,0,5,2,36,,170224,16,0,5,1,14,,170229,16,0,5,2,80,,170255,16,0,5,2,84,,170225,16,0,5,1,38,,170249,16,0,5,1,55,,170256,16,0,5,2,43,,170226,16,0,5,1,83,,170250,16,0,5,1,80,,170230,16,0,5,2,16,,170227,16,0,5,1,85,,170251,16,0,5,1,41,,170231,16,0,5,2,82,,170243,16,0,5,1,19,,170252,16,0,5,1,81,,170232,16,0,5,2,82,,170244,16,0,5,1,40,,170238,16,0,5,2,56,,170233,16,0,5,2,37,,170245,16,0,5,1,83,,170239,16,0,5,2,73,,170234,16,0,5,2,18,,170246,16,0,5,1,77,,170240,16,0,5,2,32,,170235,16,0,5,2,72,,170247,16,0,5,1,33,,170241,16,0,5,2,72,,170236,16,0,5,2,33,,170248,16,0,5,1,73,,170242,16,0,5,2,32,,170237,16,0,5,2
10401,'H57M000S-70-S',903,,119345,16,0,5,1
13801,'H56M000A-70-A',612,,129793,16,0,5,1,40,,129784,16,0,5,1,81,,129794,16,0,5,1,86,,129785,16,0,5,1,83,,129795,16,0,5,1,45,,129786,16,0,5,1,87,,129796,16,0,5,1,89,,129787,16,0,5,1,89,,129797,16,0,5,1,88,,129788,16,0,5,1,51,,129798,16,0,5,1,88,,129789,16,0,5,1,90,,129799,16,0,5,1,90,,129790,16,0,5,1,90,,129800,16,0,5,1,48,,129791,16,0,5,1,86,,129801,16,0,5,1,86,,129792,16,0,5,1,86,,129802,16,0,5,1
13801,'H56M000I-70-I',621,,129803,16,0,5,1,38,,129812,16,0,5,1,79,,129804,16,0,5,1,81,,129813,16,0,5,1,84,,129805,16,0,5,1,48,,129814,16,0,5,1,82,,129806,16,0,5,1,88,,129815,16,0,5,1,89,,129807,16,0,5,1,43,,129809,16,0,5,1,91,,129808,16,0,5,1,88,,129810,16,0,5,1,89,,129817,16,0,5,1,87,,129811,16,0,5,1,47,,129818,16,0,5,1,86,,129820,16,0,5,1,89,,129819,16,0,5,1,85,,129821,16,0,5,1,85,,129816,16,0,5,1,44,,129822,16,0,5,1
13801,'H56M000S-70-S',601,,129823,16,0,5,1,41,,129843,16,0,5,1,68,,129854,16,0,5,1,31,,129855,16,0,5,1,67,,129824,16,0,5,1,39,,129844,16,0,5,1,76,,129833,16,0,5,1,33,,129825,16,0,5,1,75,,129845,16,0,5,1,76,,129834,16,0,5,1,36,,129826,16,0,5,1,76,,129846,16,0,5,1,37,,129835,16,0,5,1,77,,129827,16,0,5,1,78,,129847,16,0,5,1,36,,129836,16,0,5,1,77,,129828,16,0,5,1,81,,129848,16,0,5,1,42,,129837,16,0,5,1,78,,129829,16,0,5,1,80,,129849,16,0,5,1,39,,129838,16,0,5,1,75,,129830,16,0,5,1,34,,129850,16,0,5,1,73,,129839,16,0,5,1,30,,129831,16,0,5,1,72,,129851,16,0,5,1,72,,129840,16,0,5,1,30,,129832,16,0,5,1,71,,129852,16,0,5,1,30,,129841,16,0,5,1,27,,129856,16,0,5,1,68,,129853,16,0,5,1,27,,129842,16,0,5,1,65,,129857,16,0,5,1
13801,'H56M100F-70-F1',621,,129863,16,0,5,1,38,,129858,16,0,5,1,79,,129865,16,0,5,1,81,,129859,16,0,5,1,84,,129864,16,0,5,1,48,,129860,16,0,5,1,82,,129866,16,0,5,1,88,,129861,16,0,5,1,89,,129867,16,0,5,1,43,,129872,16,0,5,1,91,,129868,16,0,5,1,88,,129873,16,0,5,1,89,,129869,16,0,5,1,87,,129874,16,0,5,1,47,,129870,16,0,5,1,86,,129875,16,0,5,1,89,,129871,16,0,5,1,85,,129877,16,0,5,1,85,,129862,16,0,5,1,44,,129876,16,0,5,1
13801,'H56M200F-70-F2',621,,129883,16,0,5,1,38,,129878,16,0,5,1,79,,129884,16,0,5,1,81,,129879,16,0,5,1,84,,129885,16,0,5,1,48,,129880,16,0,5,1,82,,129886,16,0,5,1,88,,129881,16,0,5,1,89,,129887,16,0,5,1,43,,129892,16,0,5,1,91,,129888,16,0,5,1,88,,129893,16,0,5,1,89,,129889,16,0,5,1,87,,129894,16,0,5,1,47,,129890,16,0,5,1,86,,129895,16,0,5,1,89,,129891,16,0,5,1,85,,129896,16,0,5,1,85,,129882,16,0,5,1,44,,129897,16,0,5,1
13801,'H56M300F-80-F3',621,,171906,16,0,5,1,38,,171903,16,0,5,1,79,,171907,16,0,5,1,81,,171908,16,0,5,1,84,,171921,16,0,5,1,48,,171909,16,0,5,1,82,,171922,16,0,5,1,88,,171910,16,0,5,1,89,,171904,16,0,5,1,43,,171911,16,0,5,1,91,,171905,16,0,5,1,88,,171912,16,0,5,1,89,,171917,16,0,5,1,87,,171913,16,0,5,1,47,,171918,16,0,5,1,86,,171914,16,0,5,1,89,,171919,16,0,5,1,85,,171915,16,0,5,1,85,,171920,16,0,5,1,44,,171916,16,0,5,1
42001,'H56M000S-70-S',623,,155856,6,0,5,1,25,,155860,6,0,5,2,65,,155864,6,0,5,1,22,,155867,6,0,5,2,22,,155857,6,0,5,1,63,,155861,6,0,5,2,24,,155868,6,0,5,2,70,,155865,6,0,5,1,31,,155858,6,0,5,1,72,,155862,6,0,5,2,33,,155866,6,0,5,1,72,,155859,6,0,5,1,29,,155863,6,0,5,2,68,,155869,6,0,5,1
