3004,'H51M000A-70-A',514,,93770,35,0,9,1,37,,93783,35,0,9,2,77,,93771,35,0,9,1,76,,93784,35,0,9,2,36,,93772,35,0,9,1,80,,93785,35,0,9,2,37,,93773,35,0,9,1,73,,93795,35,0,9,1,76,,93786,35,0,9,2,34,,93774,35,0,9,1,74,,93796,35,0,9,1,35,,93787,35,0,9,2,74,,93775,35,0,9,1,34,,93797,35,0,9,1,76,,93788,35,0,9,2,75,,93776,35,0,9,1,36,,93798,35,0,9,1,77,,93789,35,0,9,2,37,,93777,35,0,9,1,76,,93799,35,0,9,1,77,,93790,35,0,9,2,36,,93778,35,0,9,1,73,,93800,35,0,9,1,33,,93791,35,0,9,2,71,,93779,35,0,9,1,28,,93801,35,0,9,1,72,,93792,35,0,9,1,32,,93780,35,0,9,1,72,,93802,35,0,9,1,72,,93793,35,0,9,1,30,,93781,35,0,9,1,70,,93803,35,0,9,1,29,,93794,35,0,9,1,27,,93782,35,0,9,1,70,,93804,35,0,9,1
3004,'H51M000I-70-I',512,,93805,35,0,9,1,40,,93819,35,0,9,1,78,,93806,35,0,9,1,79,,93820,35,0,9,1,38,,93807,35,0,9,1,77,,93821,35,0,9,1,78,,93808,35,0,9,1,39,,93822,35,0,9,1,79,,93809,35,0,9,1,39,,93823,35,0,9,1,79,,93810,35,0,9,1,73,,93832,35,0,9,1,37,,93824,35,0,9,1,73,,93811,35,0,9,1,33,,93833,35,0,9,1,73,,93825,35,0,9,1,74,,93812,35,0,9,1,34,,93834,35,0,9,1,74,,93826,35,0,9,1,32,,93813,35,0,9,1,71,,93835,35,0,9,1,33,,93827,35,0,9,1,73,,93814,35,0,9,1,31,,93836,35,0,9,1,71,,93828,35,0,9,1,33,,93815,35,0,9,1,73,,93837,35,0,9,1,32,,93829,35,0,9,1,70,,93816,35,0,9,1,28,,93838,35,0,9,1,70,,93830,35,0,9,1,30,,93817,35,0,9,1,70,,93839,35,0,9,2,30,,93831,35,0,9,1,70,,93818,35,0,9,1
3004,'H51M000S-70-S',518,,93840,35,0,9,1,32,,93857,35,0,9,2,72,,93865,35,0,9,1,30,,93841,35,0,9,1,71,,93858,35,0,9,2,34,,93866,35,0,9,1,73,,93842,35,0,9,1,72,,93859,35,0,9,2,31,,93867,35,0,9,1,70,,93843,35,0,9,1,31,,93860,35,0,9,2,70,,93868,35,0,9,1,32,,93844,35,0,9,1,72,,93861,35,0,9,2,33,,93869,35,0,9,1,68,,93856,35,0,9,1,28,,93845,35,0,9,1,69,,93862,35,0,9,2,29,,93870,35,0,9,1,68,,93873,35,0,9,2,30,,93846,35,0,9,1,70,,93863,35,0,9,2,30,,93871,35,0,9,1,70,,93874,35,0,9,2,30,,93847,35,0,9,1,70,,93864,35,0,9,2,28,,93872,35,0,9,1,69,,93875,35,0,9,2,28,,93848,35,0,9,1,72,,93852,35,0,9,1,32,,93876,35,0,9,2,68,,93849,35,0,9,1,30,,93853,35,0,9,1,70,,93877,35,0,9,2,30,,93850,35,0,9,1,28,,93854,35,0,9,1,69,,93878,35,0,9,2,30,,93851,35,0,9,1,70,,93855,35,0,9,1
3004,'H51M100F-70-F1',512,,93879,35,0,9,1,40,,93893,35,0,9,1,78,,93880,35,0,9,1,79,,93894,35,0,9,1,38,,93881,35,0,9,1,77,,93895,35,0,9,1,78,,93882,35,0,9,1,39,,93896,35,0,9,1,79,,93883,35,0,9,1,39,,93897,35,0,9,1,79,,93884,35,0,9,1,73,,93906,35,0,9,1,37,,93898,35,0,9,1,73,,93885,35,0,9,1,33,,93907,35,0,9,1,73,,93899,35,0,9,1,74,,93886,35,0,9,1,34,,93908,35,0,9,1,74,,93900,35,0,9,1,32,,93887,35,0,9,1,71,,93909,35,0,9,1,33,,93901,35,0,9,1,73,,93888,35,0,9,1,31,,93911,35,0,9,1,71,,93902,35,0,9,1,33,,93889,35,0,9,1,73,,93910,35,0,9,1,32,,93903,35,0,9,1,70,,93890,35,0,9,1,28,,93912,35,0,9,1,70,,93904,35,0,9,1,30,,93891,35,0,9,1,70,,93913,35,0,9,2,30,,93905,35,0,9,1,70,,93892,35,0,9,1
3004,'H51M200F-70-F2',512,,93914,35,0,9,1,40,,93928,35,0,9,1,78,,93915,35,0,9,1,79,,93929,35,0,9,1,38,,93916,35,0,9,1,77,,93930,35,0,9,1,78,,93917,35,0,9,1,39,,93931,35,0,9,1,79,,93918,35,0,9,1,39,,93932,35,0,9,1,79,,93919,35,0,9,1,73,,93941,35,0,9,1,37,,93933,35,0,9,1,73,,93920,35,0,9,1,33,,93942,35,0,9,1,73,,93934,35,0,9,1,74,,93921,35,0,9,1,34,,93943,35,0,9,1,74,,93935,35,0,9,1,32,,93922,35,0,9,1,71,,93944,35,0,9,1,33,,93936,35,0,9,1,73,,93923,35,0,9,1,31,,93945,35,0,9,1,71,,93937,35,0,9,1,33,,93924,35,0,9,1,73,,93946,35,0,9,1,32,,93938,35,0,9,1,70,,93925,35,0,9,1,28,,93947,35,0,9,1,70,,93939,35,0,9,1,30,,93926,35,0,9,1,70,,93948,35,0,9,2,30,,93940,35,0,9,1,70,,93927,35,0,9,1
3104,'H51M300F-80-F3',512,,166189,35,0,9,2,38,,166203,35,0,9,1,78,,166190,35,0,9,2,79,,166204,35,0,9,1,37,,166191,35,0,9,2,78,,166205,35,0,9,1,83,,166192,35,0,9,2,37,,166206,35,0,9,1,79,,166193,35,0,9,2,79,,166207,35,0,9,1,38,,166194,35,0,9,2,73,,166216,35,0,9,1,35,,166208,35,0,9,1,73,,166195,35,0,9,2,33,,166217,35,0,9,1,73,,166209,35,0,9,1,33,,166196,35,0,9,2,73,,166218,35,0,9,1,73,,166210,35,0,9,1,32,,166197,35,0,9,2,73,,166219,35,0,9,1,33,,166211,35,0,9,1,71,,166198,35,0,9,2,31,,166220,35,0,9,1,73,,166212,35,0,9,1,33,,166199,35,0,9,2,73,,166221,35,0,9,1,33,,166213,35,0,9,1,72,,166200,35,0,9,2,30,,166222,35,0,9,1,70,,166214,35,0,9,1,30,,166201,35,0,9,2,70,,166223,35,0,9,1,30,,166215,35,0,9,1,70,,166202,35,0,9,2
36104,'H51M000A-70-A',2439,,154649,33,0,9,2,85,,154642,33,0,9,1,88,,154645,33,0,9,1,30,,154644,33,0,9,1,68,,154643,33,0,9,1,30,,154648,33,0,9,1,68,,154647,33,0,9,1,28,,154646,33,0,9,1
36104,'H51M000I-70-I',2451,,154654,33,0,9,2,72,,154650,33,0,9,1,30,,154651,33,0,9,1,82,,154655,33,0,9,2,84,,154652,33,0,9,1,85,,154656,33,0,9,2,45,,154653,33,0,9,1
36104,'H51M000S-70-S',2445,,154661,33,0,9,2,80,,154657,33,0,9,1,33,,154660,33,0,9,1,60,,154658,33,0,9,1,20,,154662,33,0,9,2,21,,154663,33,0,9,2,72,,154665,33,0,9,2,73,,154659,33,0,9,1,45,,154664,33,0,9,2
36104,'H51M100F-70-F1',2451,,154670,33,0,9,2,72,,154666,33,0,9,1,30,,154667,33,0,9,1,82,,154671,33,0,9,2,84,,154668,33,0,9,1,85,,154672,33,0,9,2,45,,154669,33,0,9,1
36104,'H51M200F-70-F2',2451,,154677,33,0,9,2,72,,154673,33,0,9,1,30,,154674,33,0,9,1,82,,154678,33,0,9,2,84,,154675,33,0,9,1,85,,154679,33,0,9,2,45,,154676,33,0,9,1
36104,'H51M300F-80-F3',2451,,175870,33,0,9,1,72,,175869,33,0,9,1,30,,175873,33,0,9,2,82,,175871,33,0,9,1,84,,175874,33,0,9,2,85,,175872,33,0,9,1,45,,175875,33,0,9,2
