20002,'H56J000S-80-S',729,,68079,39,0,10,1
20002,'H56JV00S-80-S',729,,68080,39,0,10,1
20002,'H60J000A-80-A',625,,68097,39,0,10,1,26,,68101,39,0,10,1,66,,68099,39,0,10,1,26,,68098,39,0,10,1,68,,68102,39,0,10,1,29,,68100,39,0,10,1,69,,68103,39,0,10,2,30,,68089,39,0,10,1,69,,68081,39,0,10,2,26,,68104,39,0,10,1,68,,68090,39,0,10,1,27,,68082,39,0,10,2,28,,68105,39,0,10,1,67,,68091,39,0,10,1,28,,68083,39,0,10,2,67,,68106,39,0,10,1,27,,68092,39,0,10,1,68,,68084,39,0,10,2,28,,68107,39,0,10,1,67,,68093,39,0,10,1,28,,68085,39,0,10,2,68,,68108,39,0,10,1,27,,68094,39,0,10,1,68,,68086,39,0,10,2,28,,68109,39,0,10,1,27,,68095,39,0,10,1,64,,68087,39,0,10,2,28,,68110,39,0,10,1,65,,68096,39,0,10,1,27,,68088,39,0,10,2
20002,'H60J000I-80-I',727,,68113,39,0,10,1,30,,68120,39,0,10,2,71,,68128,39,0,10,1,30,,68114,39,0,10,1,70,,68121,39,0,10,2,30,,68129,39,0,10,1,70,,68115,39,0,10,1,30,,68122,39,0,10,2,70,,68130,39,0,10,1,31,,68116,39,0,10,1,70,,68123,39,0,10,2,30,,68131,39,0,10,1,72,,68117,39,0,10,1,70,,68124,39,0,10,2,30,,68132,39,0,10,1,70,,68118,39,0,10,1,30,,68125,39,0,10,2,70,,68133,39,0,10,1,30,,68119,39,0,10,1,70,,68126,39,0,10,2,30,,68134,39,0,10,1,70,,68111,39,0,10,1,31,,68127,39,0,10,2,69,,68135,39,0,10,1,29,,68112,39,0,10,1
20002,'H60J000S-98-S',617,,68150,39,0,10,1,38,,68149,39,0,10,1,61,,68151,39,0,10,1,30,,68136,39,0,10,1,56,,68159,39,0,10,2,15,,68143,39,0,10,2,26,,68154,39,0,10,2,11,,68152,39,0,10,1,71,,68137,39,0,10,1,32,,68144,39,0,10,2,72,,68153,39,0,10,1,73,,68138,39,0,10,1,33,,68145,39,0,10,2,72,,68155,39,0,10,1,30,,68139,39,0,10,1,70,,68146,39,0,10,2,30,,68156,39,0,10,1,71,,68140,39,0,10,1,30,,68147,39,0,10,2,70,,68157,39,0,10,1,34,,68141,39,0,10,1,72,,68148,39,0,10,2,31,,68158,39,0,10,1,66,,68163,39,0,10,2,26,,68142,39,0,10,1,72,,68160,39,0,10,1,31,,68164,39,0,10,2,69,,68162,39,0,10,1,28,,68161,39,0,10,2
20002,'H60JV00A-80-A',625,,68191,39,0,10,1,26,,68193,39,0,10,1,66,,68188,39,0,10,1,26,,68192,39,0,10,1,68,,68194,39,0,10,1,29,,68189,39,0,10,1,69,,68190,39,0,10,2,30,,68173,39,0,10,1,69,,68165,39,0,10,2,26,,68181,39,0,10,1,68,,68174,39,0,10,1,27,,68166,39,0,10,2,28,,68182,39,0,10,1,67,,68175,39,0,10,1,28,,68167,39,0,10,2,67,,68183,39,0,10,1,27,,68176,39,0,10,1,68,,68168,39,0,10,2,28,,68184,39,0,10,1,67,,68177,39,0,10,1,28,,68169,39,0,10,2,68,,68185,39,0,10,1,27,,68178,39,0,10,1,68,,68170,39,0,10,2,28,,68186,39,0,10,1,27,,68179,39,0,10,1,64,,68171,39,0,10,2,28,,68187,39,0,10,1,65,,68180,39,0,10,1,27,,68172,39,0,10,2
20002,'H60JV00I-80-I',727,,68211,39,0,10,1,30,,68203,39,0,10,2,71,,68195,39,0,10,1,30,,68212,39,0,10,1,70,,68204,39,0,10,2,30,,68196,39,0,10,1,70,,68213,39,0,10,1,30,,68205,39,0,10,2,70,,68197,39,0,10,1,31,,68214,39,0,10,1,70,,68206,39,0,10,2,30,,68198,39,0,10,1,72,,68215,39,0,10,1,70,,68207,39,0,10,2,30,,68199,39,0,10,1,70,,68216,39,0,10,1,30,,68208,39,0,10,2,70,,68200,39,0,10,1,30,,68217,39,0,10,1,70,,68209,39,0,10,2,30,,68201,39,0,10,1,70,,68218,39,0,10,1,31,,68210,39,0,10,2,69,,68202,39,0,10,1,29,,68219,39,0,10,1
20002,'H60JV00S-98-S',617,,68244,39,0,10,1,38,,68220,39,0,10,1,61,,68222,39,0,10,1,30,,68245,39,0,10,1,56,,68248,39,0,10,2,15,,68226,39,0,10,2,26,,68247,39,0,10,2,11,,68223,39,0,10,1,71,,68232,39,0,10,1,32,,68227,39,0,10,2,72,,68246,39,0,10,1,73,,68233,39,0,10,1,33,,68228,39,0,10,2,72,,68238,39,0,10,1,30,,68234,39,0,10,1,70,,68229,39,0,10,2,30,,68239,39,0,10,1,71,,68235,39,0,10,1,30,,68230,39,0,10,2,70,,68240,39,0,10,1,34,,68236,39,0,10,1,72,,68231,39,0,10,2,31,,68241,39,0,10,1,66,,68224,39,0,10,2,26,,68237,39,0,10,1,72,,68243,39,0,10,1,31,,68225,39,0,10,2,69,,68242,39,0,10,1,28,,68221,39,0,10,2
21102,'H56J000A-80-A',608,,72417,41,0,10,2,30,,72454,41,0,10,1,68,,72458,41,0,10,1,28,,72424,41,0,10,2,69,,72449,41,0,10,1,28,,72418,41,0,10,2,27,,72455,41,0,10,1,67,,72459,41,0,10,1,30,,72425,41,0,10,2,71,,72450,41,0,10,1,31,,72419,41,0,10,2,69,,72456,41,0,10,1,29,,72430,41,0,10,2,65,,72426,41,0,10,2,22,,72451,41,0,10,1,61,,72435,41,0,10,1,21,,72420,41,0,10,2,20,,72457,41,0,10,1,61,,72445,41,0,10,1,20,,72431,41,0,10,2,20,,72427,41,0,10,2,60,,72452,41,0,10,1,20,,72436,41,0,10,1,20,,72441,41,0,10,2,59,,72421,41,0,10,2,19,,72443,41,0,10,2,18,,72446,41,0,10,1,59,,72432,41,0,10,2,18,,72428,41,0,10,2,18,,72453,41,0,10,1,17,,72437,41,0,10,1,57,,72442,41,0,10,2,17,,72422,41,0,10,2,16,,72444,41,0,10,2,57,,72447,41,0,10,1,17,,72433,41,0,10,2,21,,72429,41,0,10,2,63,,72411,41,0,10,1,22,,72438,41,0,10,1,19,,72423,41,0,10,2,59,,72416,41,0,10,1,20,,72448,41,0,10,1,19,,72410,41,0,10,2,19,,72434,41,0,10,2,71,,72412,41,0,10,1,70,,72439,41,0,10,1,31,,72414,41,0,10,2,73,,72408,41,0,10,1,32,,72413,41,0,10,1,71,,72440,41,0,10,1,28,,72415,41,0,10,2,70,,72409,41,0,10,1,27,,72460,41,0,10,1
21102,'H56J000I-80-I',614,,72463,41,0,10,2,31,,72469,41,0,10,1,73,,72476,41,0,10,2,31,,72504,41,0,10,1,71,,72464,41,0,10,2,30,,72470,41,0,10,1,71,,72477,41,0,10,2,33,,72505,41,0,10,1,72,,72465,41,0,10,2,31,,72471,41,0,10,1,70,,72481,41,0,10,1,31,,72482,41,0,10,2,68,,72496,41,0,10,1,28,,72466,41,0,10,2,67,,72472,41,0,10,1,24,,72478,41,0,10,2,62,,72491,41,0,10,1,20,,72483,41,0,10,2,22,,72497,41,0,10,1,63,,72467,41,0,10,2,23,,72473,41,0,10,1,23,,72479,41,0,10,2,62,,72492,41,0,10,1,22,,72484,41,0,10,2,60,,72498,41,0,10,1,18,,72488,41,0,10,2,19,,72468,41,0,10,2,18,,72474,41,0,10,1,57,,72480,41,0,10,2,19,,72493,41,0,10,1,22,,72485,41,0,10,2,66,,72499,41,0,10,1,27,,72489,41,0,10,2,68,,72475,41,0,10,1,28,,72494,41,0,10,1,68,,72486,41,0,10,2,28,,72500,41,0,10,1,68,,72490,41,0,10,2,26,,72506,41,0,10,1,72,,72495,41,0,10,1,31,,72487,41,0,10,2,72,,72501,41,0,10,1,30,,72502,41,0,10,1,70,,72503,41,0,10,1,30,,72462,41,0,10,2,70,,72461,41,0,10,1
21102,'H56J000S-80-S',609,,72517,41,0,10,1,18,,72513,41,0,10,1,21,,72534,41,0,10,2,67,,72531,41,0,10,1,22,,72532,41,0,10,2,64,,72527,41,0,10,2,17,,72529,41,0,10,1,22,,72533,41,0,10,2,63,,72552,41,0,10,2,23,,72535,41,0,10,1,9,,72530,41,0,10,2,21,,72551,41,0,10,2,62,,72554,41,0,10,2,27,,72508,41,0,10,1,71,,72522,41,0,10,1,32,,72558,41,0,10,2,72,,72553,41,0,10,1,31,,72557,41,0,10,1,74,,72545,41,0,10,1,75,,72523,41,0,10,1,33,,72524,41,0,10,1,73,,72536,41,0,10,1,33,,72514,41,0,10,1,75,,72546,41,0,10,1,30,,72538,41,0,10,1,73,,72525,41,0,10,1,29,,72537,41,0,10,1,67,,72526,41,0,10,2,23,,72541,41,0,10,2,22,,72518,41,0,10,1,63,,72520,41,0,10,1,23,,72543,41,0,10,2,59,,72556,41,0,10,2,13,,72511,41,0,10,1,13,,72528,41,0,10,2,13,,72555,41,0,10,1,12,,72539,41,0,10,1,54,,72519,41,0,10,1,15,,72547,41,0,10,1,16,,72521,41,0,10,1,16,,72509,41,0,10,1,56,,72544,41,0,10,2,17,,72542,41,0,10,2,20,,72515,41,0,10,1,61,,72540,41,0,10,1,21,,72512,41,0,10,2,21,,72548,41,0,10,1,65,,72550,41,0,10,1,28,,72507,41,0,10,1,68,,72516,41,0,10,1,28,,72510,41,0,10,1,68,,72549,41,0,10,1
21102,'H56JV00A-80-A',608,,72568,41,0,10,2,30,,72605,41,0,10,1,68,,72609,41,0,10,1,28,,72575,41,0,10,2,69,,72600,41,0,10,1,28,,72569,41,0,10,2,27,,72606,41,0,10,1,67,,72610,41,0,10,1,30,,72576,41,0,10,2,71,,72601,41,0,10,1,31,,72570,41,0,10,2,69,,72607,41,0,10,1,29,,72581,41,0,10,2,65,,72577,41,0,10,2,22,,72602,41,0,10,1,61,,72586,41,0,10,1,21,,72571,41,0,10,2,20,,72608,41,0,10,1,61,,72596,41,0,10,1,20,,72582,41,0,10,2,20,,72578,41,0,10,2,60,,72603,41,0,10,1,20,,72587,41,0,10,1,20,,72592,41,0,10,2,59,,72572,41,0,10,2,19,,72594,41,0,10,2,18,,72597,41,0,10,1,59,,72583,41,0,10,2,18,,72579,41,0,10,2,18,,72604,41,0,10,1,17,,72588,41,0,10,1,57,,72593,41,0,10,2,17,,72573,41,0,10,2,16,,72595,41,0,10,2,57,,72598,41,0,10,1,17,,72584,41,0,10,2,21,,72580,41,0,10,2,63,,72562,41,0,10,1,22,,72589,41,0,10,1,19,,72574,41,0,10,2,59,,72567,41,0,10,1,20,,72599,41,0,10,1,19,,72561,41,0,10,2,19,,72585,41,0,10,2,71,,72563,41,0,10,1,70,,72590,41,0,10,1,31,,72565,41,0,10,2,73,,72559,41,0,10,1,32,,72564,41,0,10,1,71,,72591,41,0,10,1,28,,72566,41,0,10,2,70,,72560,41,0,10,1,27,,72611,41,0,10,1
21102,'H56JV00I-80-I',614,,72614,41,0,10,2,31,,72620,41,0,10,1,73,,72627,41,0,10,2,31,,72655,41,0,10,1,71,,72615,41,0,10,2,30,,72621,41,0,10,1,71,,72628,41,0,10,2,33,,72656,41,0,10,1,72,,72616,41,0,10,2,31,,72622,41,0,10,1,70,,72632,41,0,10,1,31,,72633,41,0,10,2,68,,72647,41,0,10,1,28,,72617,41,0,10,2,67,,72623,41,0,10,1,24,,72629,41,0,10,2,62,,72642,41,0,10,1,20,,72634,41,0,10,2,22,,72648,41,0,10,1,63,,72618,41,0,10,2,23,,72624,41,0,10,1,23,,72630,41,0,10,2,62,,72643,41,0,10,1,22,,72635,41,0,10,2,60,,72649,41,0,10,1,18,,72639,41,0,10,2,19,,72619,41,0,10,2,18,,72625,41,0,10,1,57,,72631,41,0,10,2,19,,72644,41,0,10,1,22,,72636,41,0,10,2,66,,72650,41,0,10,1,27,,72640,41,0,10,2,68,,72626,41,0,10,1,28,,72645,41,0,10,1,68,,72637,41,0,10,2,28,,72651,41,0,10,1,68,,72641,41,0,10,2,26,,72657,41,0,10,1,72,,72646,41,0,10,1,31,,72638,41,0,10,2,72,,72652,41,0,10,1,30,,72653,41,0,10,1,70,,72654,41,0,10,1,30,,72613,41,0,10,2,70,,72612,41,0,10,1
21102,'H56JV00S-80-S',609,,72668,41,0,10,1,18,,72664,41,0,10,1,21,,72685,41,0,10,2,67,,72682,41,0,10,1,22,,72683,41,0,10,2,64,,72678,41,0,10,2,17,,72680,41,0,10,1,22,,72684,41,0,10,2,63,,72703,41,0,10,2,23,,72686,41,0,10,1,9,,72681,41,0,10,1,21,,72702,41,0,10,1,62,,72705,41,0,10,2,27,,72659,41,0,10,1,71,,72673,41,0,10,1,32,,72709,41,0,10,2,72,,72704,41,0,10,1,31,,72708,41,0,10,1,74,,72696,41,0,10,1,75,,72674,41,0,10,1,33,,72675,41,0,10,1,73,,72687,41,0,10,1,33,,72665,41,0,10,1,75,,72697,41,0,10,1,30,,72689,41,0,10,1,73,,72676,41,0,10,1,29,,72688,41,0,10,1,67,,72677,41,0,10,1,23,,72692,41,0,10,1,22,,72669,41,0,10,1,63,,72671,41,0,10,1,23,,72694,41,0,10,1,59,,72707,41,0,10,2,13,,72662,41,0,10,1,13,,72679,41,0,10,1,13,,72706,41,0,10,1,12,,72690,41,0,10,1,54,,72670,41,0,10,1,15,,72698,41,0,10,1,16,,72672,41,0,10,1,16,,72660,41,0,10,1,56,,72695,41,0,10,1,17,,72693,41,0,10,2,20,,72666,41,0,10,1,61,,72691,41,0,10,1,21,,72663,41,0,10,1,21,,72699,41,0,10,1,65,,72701,41,0,10,1,28,,72658,41,0,10,1,68,,72667,41,0,10,1,28,,72661,41,0,10,1,68,,72700,41,0,10,1
40502,'H56J000S-80-S',634,,76287,25,0,10,1,18,,76290,25,0,10,2,62,,76284,25,0,10,2,19,,76289,25,0,10,2,8,,76281,25,0,10,2,13,,76314,25,0,10,1,64,,76309,25,0,10,1,21,,76288,25,0,10,1,62,,76302,25,0,10,1,32,,76298,25,0,10,1,24,,76315,25,0,10,1,60,,76310,25,0,10,1,20,,76316,25,0,10,1,19,,76303,25,0,10,1,59,,76294,25,0,10,2,22,,76299,25,0,10,1,22,,76291,25,0,10,2,63,,76311,25,0,10,2,23,,76306,25,0,10,1,61,,76304,25,0,10,1,21,,76295,25,0,10,2,21,,76300,25,0,10,1,57,,76292,25,0,10,2,19,,76312,25,0,10,2,19,,76307,25,0,10,1,57,,76305,25,0,10,1,19,,76296,25,0,10,2,27,,76301,25,0,10,1,66,,76293,25,0,10,2,20,,76313,25,0,10,2,22,,76308,25,0,10,1,61,,76279,25,0,10,1,20,,76297,25,0,10,2,20,,76317,25,0,10,1,61,,76282,25,0,10,2,18,,76283,25,0,10,1,23,,76286,25,0,10,1,64,,76280,25,0,10,1,23,,76285,25,0,10,1
40502,'H56JV00S-80-S',634,,76326,25,0,10,1,18,,76329,25,0,10,2,62,,76323,25,0,10,2,19,,76328,25,0,10,2,8,,76320,25,0,10,2,13,,76353,25,0,10,1,64,,76348,25,0,10,1,21,,76327,25,0,10,1,62,,76341,25,0,10,1,32,,76337,25,0,10,1,24,,76354,25,0,10,1,60,,76349,25,0,10,1,20,,76355,25,0,10,1,19,,76342,25,0,10,1,59,,76333,25,0,10,2,22,,76338,25,0,10,1,22,,76330,25,0,10,1,63,,76350,25,0,10,2,23,,76345,25,0,10,1,61,,76343,25,0,10,1,21,,76334,25,0,10,2,21,,76339,25,0,10,1,57,,76331,25,0,10,1,19,,76351,25,0,10,2,19,,76346,25,0,10,1,57,,76344,25,0,10,1,19,,76335,25,0,10,2,27,,76340,25,0,10,1,66,,76332,25,0,10,1,20,,76352,25,0,10,2,22,,76347,25,0,10,1,61,,76318,25,0,10,1,20,,76336,25,0,10,2,20,,76356,25,0,10,1,61,,76321,25,0,10,2,18,,76322,25,0,10,1,23,,76325,25,0,10,1,64,,76319,25,0,10,1,23,,76324,25,0,10,1
