10801,'H56U000A-80-A',516,,249556,24,0,5,2,29,,249536,24,0,5,1,69,,249557,24,0,5,2,29,,249537,24,0,5,1,71,,249558,24,0,5,2,31,,249538,24,0,5,1,74,,249559,24,0,5,2,30,,249539,24,0,5,1,70,,249560,24,0,5,2,30,,249540,24,0,5,1,71,,249561,24,0,5,2,30,,249541,24,0,5,1,72,,249562,24,0,5,2,31,,249542,24,0,5,1,73,,249563,24,0,5,2,32,,249543,24,0,5,1,72,,249564,24,0,5,2,73,,249544,24,0,5,1,33,,249565,24,0,5,2,72,,249545,24,0,5,1,33,,249566,24,0,5,2,73,,249546,24,0,5,1,33,,249567,24,0,5,2,73,,249547,24,0,5,1,32,,249568,24,0,5,2,73,,249548,24,0,5,1,32,,249569,24,0,5,2,71,,249549,24,0,5,1,30,,249570,24,0,5,2,69,,249550,24,0,5,1,29,,249571,24,0,5,2,69,,249551,24,0,5,1,29,,249572,24,0,5,2,69,,249552,24,0,5,1,28,,249573,24,0,5,2,70,,249553,24,0,5,1,30,,249574,24,0,5,2,67,,249554,24,0,5,1,29,,249575,24,0,5,2,69,,249555,24,0,5,1
10801,'H56U000I-80-I',516,,249576,24,0,5,1,30,,249596,24,0,5,2,70,,249577,24,0,5,1,30,,249597,24,0,5,2,70,,249578,24,0,5,1,30,,249598,24,0,5,2,71,,249579,24,0,5,1,30,,249599,24,0,5,2,72,,249580,24,0,5,1,30,,249600,24,0,5,2,70,,249581,24,0,5,1,30,,249601,24,0,5,2,71,,249582,24,0,5,1,32,,249602,24,0,5,2,71,,249583,24,0,5,1,32,,249603,24,0,5,2,72,,249584,24,0,5,1,32,,249604,24,0,5,2,71,,249585,24,0,5,1,72,,249605,24,0,5,2,31,,249586,24,0,5,1,72,,249606,24,0,5,2,31,,249587,24,0,5,1,72,,249607,24,0,5,2,32,,249588,24,0,5,1,73,,249608,24,0,5,2,32,,249589,24,0,5,1,72,,249609,24,0,5,2,32,,249590,24,0,5,1,73,,249610,24,0,5,2,33,,249591,24,0,5,1,72,,249611,24,0,5,2,29,,249592,24,0,5,1,69,,249612,24,0,5,2,28,,249593,24,0,5,1,69,,249613,24,0,5,2,28,,249594,24,0,5,1,68,,249614,24,0,5,2,28,,249595,24,0,5,1
10801,'H56U000S-81-S',518,,249616,24,0,5,1,27,,249620,24,0,5,1,69,,249617,24,0,5,1,30,,249621,24,0,5,1,70,,249618,24,0,5,1,24,,249648,24,0,5,1,68,,249615,24,0,5,1,21,,249647,24,0,5,2,18,,249649,24,0,5,1,57,,249629,24,0,5,1,28,,249636,24,0,5,2,70,,249652,24,0,5,1,31,,249637,24,0,5,2,71,,249653,24,0,5,1,33,,249638,24,0,5,2,73,,249642,24,0,5,1,32,,249639,24,0,5,2,72,,249643,24,0,5,1,32,,249640,24,0,5,2,73,,249644,24,0,5,1,32,,249641,24,0,5,2,73,,249645,24,0,5,1,32,,249650,24,0,5,1,71,,249654,24,0,5,1,30,,249646,24,0,5,1,71,,249651,24,0,5,1,29,,249655,24,0,5,1,68,,249622,24,0,5,2,31,,249619,24,0,5,1,71,,249623,24,0,5,2,31,,249630,24,0,5,1,70,,249624,24,0,5,2,31,,249631,24,0,5,1,70,,249625,24,0,5,2,27,,249632,24,0,5,1,72,,249626,24,0,5,2,28,,249633,24,0,5,1,71,,249627,24,0,5,2,28,,249634,24,0,5,1,68,,249628,24,0,5,2,28,,249635,24,0,5,1
10801,'H56U100F-80-F1',516,,249656,24,0,5,1,30,,249676,24,0,5,2,70,,249657,24,0,5,1,30,,249677,24,0,5,2,70,,249658,24,0,5,1,30,,249678,24,0,5,2,71,,249659,24,0,5,1,30,,249679,24,0,5,2,72,,249660,24,0,5,1,30,,249680,24,0,5,2,70,,249661,24,0,5,1,30,,249681,24,0,5,2,71,,249662,24,0,5,1,32,,249682,24,0,5,2,71,,249663,24,0,5,1,32,,249683,24,0,5,2,72,,249664,24,0,5,1,32,,249684,24,0,5,2,71,,249665,24,0,5,1,72,,249685,24,0,5,2,31,,249666,24,0,5,1,72,,249686,24,0,5,2,31,,249667,24,0,5,1,72,,249687,24,0,5,2,32,,249668,24,0,5,1,73,,249688,24,0,5,2,32,,249669,24,0,5,1,72,,249689,24,0,5,2,32,,249670,24,0,5,1,73,,249690,24,0,5,2,33,,249671,24,0,5,1,72,,249691,24,0,5,2,29,,249672,24,0,5,1,69,,249692,24,0,5,2,28,,249673,24,0,5,1,69,,249693,24,0,5,2,28,,249674,24,0,5,1,68,,249694,24,0,5,2,28,,249675,24,0,5,1
10801,'H56U200F-80-F2',516,,249695,24,0,5,1,30,,249715,24,0,5,2,70,,249696,24,0,5,1,30,,249716,24,0,5,2,70,,249697,24,0,5,1,30,,249717,24,0,5,2,71,,249698,24,0,5,1,30,,249718,24,0,5,2,72,,249699,24,0,5,1,30,,249719,24,0,5,2,70,,249700,24,0,5,1,30,,249720,24,0,5,2,71,,249701,24,0,5,1,32,,249721,24,0,5,2,71,,249702,24,0,5,1,32,,249722,24,0,5,2,72,,249703,24,0,5,1,32,,249723,24,0,5,2,71,,249704,24,0,5,1,72,,249724,24,0,5,2,31,,249705,24,0,5,1,72,,249725,24,0,5,2,31,,249706,24,0,5,1,72,,249726,24,0,5,2,32,,249707,24,0,5,1,73,,249727,24,0,5,2,32,,249708,24,0,5,1,72,,249728,24,0,5,2,32,,249709,24,0,5,1,73,,249729,24,0,5,2,33,,249710,24,0,5,1,72,,249730,24,0,5,2,29,,249711,24,0,5,1,69,,249731,24,0,5,2,28,,249712,24,0,5,1,69,,249732,24,0,5,2,28,,249713,24,0,5,1,68,,249733,24,0,5,2,28,,249714,24,0,5,1
35001,'H56U000A-80-A',2600,,276616,80,0,5,1,53,,276614,80,0,5,2,94,,276612,80,0,5,1,83,,276613,80,0,5,1,84,,276615,80,0,5,1
35001,'H56U000I-80-I',2557,,276620,80,0,5,1,87,,276618,80,0,5,1,87,,276617,80,0,5,1,84,,276619,80,0,5,1,87,,276621,80,0,5,2
35001,'H56U000S-81-S',2557,,276622,80,0,5,1,87,,276626,80,0,5,2,88,,276623,80,0,5,1,85,,276624,80,0,5,2,88,,276625,80,0,5,1
35001,'H56U100F-80-F1',2557,,276630,80,0,5,1,87,,276628,80,0,5,1,87,,276627,80,0,5,1,84,,276629,80,0,5,1,87,,276631,80,0,5,2
35001,'H56U200F-80-F2',2557,,276635,80,0,5,1,87,,276633,80,0,5,1,87,,276632,80,0,5,1,84,,276634,80,0,5,1,87,,276636,80,0,5,2
