12903,'H51J000A-82-A',642,,46251,30,0,8,1,83,,46272,30,0,8,1,34,,46262,30,0,8,1,72,,46252,30,0,8,1,72,,46273,30,0,8,1,33,,46263,30,0,8,1,72,,46253,30,0,8,1,32,,46274,30,0,8,1,72,,46264,30,0,8,1,32,,46254,30,0,8,1,72,,46275,30,0,8,1,35,,46265,30,0,8,1,70,,46255,30,0,8,1,26,,46277,30,0,8,2,66,,46276,30,0,8,1,31,,46266,30,0,8,1,71,,46256,30,0,8,1,30,,46278,30,0,8,2,70,,46283,30,0,8,2,31,,46267,30,0,8,1,68,,46257,30,0,8,1,28,,46279,30,0,8,2,68,,46284,30,0,8,2,28,,46268,30,0,8,1,66,,46258,30,0,8,1,24,,46280,30,0,8,2,29,,46285,30,0,8,2,66,,46269,29,0,12 1 13,1,29,,46259,29,0,12 1 13,1,70,,46281,29,0,12 1 13,2,29,,46270,29,0,12 1 13,1,70,,46260,29,0,12 1 13,1,30,,46282,29,0,12 1 13,2,69,,46271,29,0,12 1 13,1,80,,46261,29,0,12 1 13,1,41,,46287,29,0,12 1 13,2,80,,46286,29,0,12 1 13,1
12903,'H51J000I-82-I',634,,46304,30,0,8,1,82,,46296,30,0,8,2,42,,46305,30,0,8,1,83,,46297,30,0,8,2,86,,46306,30,0,8,1,74,,46309,30,0,8,2,35,,46298,30,0,8,2,73,,46307,30,0,8,1,35,,46310,30,0,8,2,75,,46299,30,0,8,2,33,,46308,30,0,8,1,73,,46311,30,0,8,2,33,,46288,30,0,8,1,73,,46300,30,0,8,2,26,,46314,30,0,8,2,65,,46312,30,0,8,2,25,,46289,30,0,8,1,64,,46301,30,0,8,2,24,,46315,30,0,8,2,65,,46313,30,0,8,2,25,,46290,30,0,8,1,30,,46302,30,0,8,2,70,,46316,30,0,8,2,29,,46291,30,0,8,1,61,,46321,30,0,8,2,21,,46303,30,0,8,2,20,,46317,30,0,8,2,65,,46292,29,0,12 1 13,1,33,,46322,29,0,12 1 13,2,77,,46318,29,0,12 1 13,2,77,,46293,29,0,12 1 13,1,37,,46323,29,0,12 1 13,2,76,,46319,29,0,12 1 13,2,79,,46294,29,0,12 1 13,1,41,,46320,29,0,12 1 13,2,82,,46295,29,0,12 1 13,1
12903,'H51J000S-80-S',736,,46324,30,0,8,1,71,,46325,30,0,8,2,6,,46328,30,0,8,1,32,,46337,30,0,8,1,73,,46354,30,0,8,2,31,,46360,30,0,8,1,71,,46329,30,0,8,1,32,,46338,30,0,8,1,74,,46355,30,0,8,2,32,,46351,30,0,8,2,72,,46330,30,0,8,1,70,,46339,30,0,8,1,30,,46356,30,0,8,2,25,,46345,30,0,8,1,60,,46352,30,0,8,2,22,,46331,30,0,8,1,18,,46340,30,0,8,1,55,,46326,30,0,8,1,14,,46361,30,0,8,1,18,,46357,30,0,8,2,9,,46369,30,0,8,1,49,,46346,30,0,8,1,21,,46353,30,0,8,2,11,,46363,30,0,8,2,12,,46332,30,0,8,1,11,,46370,30,0,8,2,52,,46341,30,0,8,1,14,,46327,30,0,8,1,15,,46362,30,0,8,1,15,,46358,30,0,8,2,61,,46347,30,0,8,1,23,,46364,30,0,8,2,21,,46333,30,0,8,1,65,,46342,30,0,8,1,23,,46359,30,0,8,2,15,,46348,30,0,12 1 13,1,68,,46365,29,0,12 1 13,2,31,,46334,29,0,12 1 13,1,71,,46343,29,0,12 1 13,1,27,,46349,29,0,12 1 13,1,69,,46366,29,0,12 1 13,2,30,,46335,29,0,12 1 13,1,70,,46344,29,0,12 1 13,1,29,,46350,29,0,12 1 13,1,69,,46367,29,0,12 1 13,2,30,,46336,29,0,12 1 13,1,71,,46368,29,0,12 1 13,2
12903,'H51JV00A-80-A',642,,46391,30,0,8,1,83,,46402,30,0,8,1,34,,46381,30,0,8,1,72,,46392,30,0,8,1,72,,46403,30,0,8,1,33,,46382,30,0,8,1,72,,46393,30,0,8,1,32,,46404,30,0,8,1,72,,46383,30,0,8,1,32,,46394,30,0,8,1,72,,46405,30,0,8,1,35,,46384,30,0,8,1,70,,46395,30,0,8,1,26,,46375,30,0,8,2,66,,46406,30,0,8,1,31,,46385,30,0,8,1,71,,46396,30,0,8,1,30,,46376,30,0,8,2,70,,46372,30,0,8,2,31,,46386,30,0,8,1,68,,46397,30,0,8,1,28,,46377,30,0,8,2,68,,46373,30,0,8,2,28,,46387,30,0,8,1,66,,46398,30,0,8,1,24,,46378,30,0,8,2,29,,46374,30,0,8,2,66,,46388,29,0,12 1 13,1,29,,46399,29,0,12 1 13,1,70,,46379,29,0,12 1 13,2,29,,46389,29,0,12 1 13,1,70,,46400,29,0,12 1 13,1,30,,46380,29,0,12 1 13,2,69,,46390,29,0,12 1 13,1,80,,46401,29,0,12 1 13,1,41,,46407,29,0,12 1 13,2,80,,46371,29,0,12 1 13,1
12903,'H51JV00I-80-I',634,,46431,30,0,8,1,82,,46416,30,0,8,2,42,,46432,30,0,8,1,83,,46417,30,0,8,2,86,,46433,30,0,8,1,74,,46436,30,0,8,2,35,,46418,30,0,8,2,73,,46434,30,0,8,1,35,,46437,30,0,8,2,75,,46419,30,0,8,2,33,,46435,30,0,8,1,73,,46438,30,0,8,2,33,,46408,30,0,8,1,73,,46420,30,0,8,2,26,,46424,30,0,8,2,65,,46439,30,0,8,2,25,,46409,30,0,8,1,64,,46421,30,0,8,2,24,,46425,30,0,8,2,65,,46440,30,0,8,2,25,,46410,30,0,8,1,30,,46422,30,0,8,2,70,,46426,30,0,8,2,29,,46411,30,0,8,1,61,,46441,30,0,8,2,21,,46423,30,0,8,2,20,,46427,30,0,8,2,65,,46412,29,0,12 1 13,1,33,,46442,29,0,12 1 13,2,77,,46428,29,0,12 1 13,2,77,,46413,29,0,12 1 13,1,37,,46443,29,0,12 1 13,2,76,,46429,29,0,12 1 13,2,79,,46414,29,0,12 1 13,1,41,,46430,29,0,12 1 13,2,82,,46415,29,0,12 1 13,1
12903,'H51JV00S-84-S',736,,46444,30,0,8,1,71,,46445,30,0,8,2,6,,46448,30,0,8,1,32,,46457,30,0,8,1,73,,46474,30,0,8,2,31,,46480,30,0,8,1,71,,46449,30,0,8,1,32,,46458,30,0,8,1,74,,46475,30,0,8,2,32,,46471,30,0,8,2,72,,46450,30,0,8,1,70,,46459,30,0,8,1,30,,46476,30,0,8,2,25,,46465,30,0,8,1,60,,46472,30,0,8,2,22,,46451,30,0,8,1,18,,46460,30,0,8,1,55,,46446,30,0,8,1,14,,46481,30,0,8,1,18,,46477,30,0,8,2,9,,46483,30,0,8,1,49,,46466,30,0,8,1,21,,46473,30,0,8,2,11,,46484,30,0,8,2,12,,46452,30,0,8,1,11,,46490,30,0,8,2,52,,46461,30,0,8,1,14,,46447,30,0,8,1,15,,46482,30,0,8,1,15,,46478,30,0,8,2,61,,46467,30,0,8,1,23,,46485,30,0,8,2,21,,46453,30,0,8,1,65,,46462,30,0,8,1,23,,46479,30,0,8,2,15,,46468,30,0,12 1 13,1,68,,46486,29,0,12 1 13,2,31,,46454,29,0,12 1 13,1,71,,46463,29,0,12 1 13,1,27,,46469,29,0,12 1 13,1,69,,46487,29,0,12 1 13,2,30,,46455,29,0,12 1 13,1,70,,46464,29,0,12 1 13,1,29,,46470,29,0,12 1 13,1,69,,46488,29,0,12 1 13,2,30,,46456,29,0,12 1 13,1,71,,46489,29,0,12 1 13,2
12903,'H57J000S-81-S',1533,,46491,30,0,8,2,78,,46492,30,0,8,2
12903,'H57JV00S-83-S',1533,,46493,30,0,8,2,78,,46494,30,0,8,2
12903,'H59J000S-81-S',628,,46495,30,0,8,1,31,,46496,30,0,8,2
12903,'H59JV00S-83-S',628,,46498,30,0,8,1,31,,46497,30,0,8,2
