17402,'H58M000S-80-S',1702,,205980,5,0,10,1
17402,'H60M000S-80-S',542,,205983,5,0,10,2,66,,205987,5,0,10,1,21,,205997,5,0,10,2,8,,205998,5,0,10,2,10,,205984,5,0,10,2,55,,205999,5,0,10,2,21,,205988,5,0,10,1,20,,206000,5,0,10,1,58,,205985,5,0,10,2,15,,206007,5,0,10,2,8,,205996,5,0,10,1,14,,205989,5,0,10,1,65,,206001,5,0,10,1,31,,206008,5,0,10,2,68,,205990,5,0,10,1,28,,206002,5,0,10,1,72,,205991,5,0,10,1,28,,206003,5,0,10,1,72,,205992,5,0,10,1,28,,206004,5,0,10,1,72,,205993,5,0,10,1,30,,206005,5,0,10,1,70,,205994,5,0,10,1,29,,205986,5,0,10,1,70,,206006,5,0,10,1,31,,205995,5,0,10,1,72,,206010,5,0,10,2,29,,206009,5,0,10,1,100,,206011,5,0,10,2,71,,206015,5,0,10,1,32,,206012,5,0,10,2,69,,205982,5,0,10,1,28,,206016,5,0,10,1,70,,206013,5,0,10,2,99,,206017,5,0,10,1,99,,206014,5,0,10,1,99,,205981,5,0,10,1
19604,'H56M000S-80-S',615,,209440,5,0,9,1,18,,209442,5,0,9,1,14,,209441,5,0,9,1
19604,'H58M000S-80-S',839,,209443,5,0,9,1
19604,'H60M000S-80-S',553,,209447,5,0,9,1,47,,209457,5,0,9,1,8,,209445,5,0,9,1,13,,209464,5,0,9,2,5,,209469,5,0,9,2,14,,209472,5,0,9,1,13,,209476,5,0,9,2,47,,209478,5,0,9,1,7,,209463,5,0,9,2,7,,209479,5,0,9,2,5,,209451,5,0,9,1,5,,209481,5,0,9,2,6,,209482,5,0,9,2,7,,209470,5,0,9,1,8,,209484,5,0,9,2,8,,209446,5,0,9,2,47,,209458,5,0,9,1,11,,209483,5,0,9,2,10,,209485,5,0,9,2,8,,209465,5,0,9,2,19,,209477,5,0,9,2,11,,209473,5,0,9,1,52,,209480,5,0,9,2,12,,209452,5,0,9,1,12,,209471,5,0,9,1,19,,209459,5,0,9,1,66,,209466,5,0,9,2,29,,209474,5,0,9,1,69,,209453,5,0,9,1,28,,209460,5,0,9,1,68,,209467,5,0,9,2,28,,209475,5,0,9,1,66,,209454,5,0,9,1,21,,209486,5,0,9,2,20,,209448,5,0,9,1,59,,209468,5,0,9,2,20,,209488,5,0,9,2,20,,209461,5,0,9,1,60,,209455,5,0,9,1,20,,209487,5,0,9,2,23,,209449,5,0,9,1,70,,209489,5,0,9,2,30,,209462,5,0,9,1,71,,209456,5,0,9,1,30,,209450,5,0,9,1,69,,209444,5,0,9,1,27,,209491,5,0,9,2,60,,209490,5,0,9,1
22502,'H50M000S-81-S',635,,213748,6,0,10,1
22502,'H60M000S-80-S',605,,213756,6,0,10,1,11,,213758,6,0,10,2,11,,213760,6,0,10,2,18,,213752,6,0,10,2,8,,213749,6,0,10,1,50,,213765,6,0,10,1,7,,213769,6,0,10,1,10,,213762,6,0,10,1,14,,213767,6,0,10,2,14,,213764,6,0,10,2,10,,213757,6,0,10,1,49,,213771,6,0,10,2,9,,213773,6,0,10,2,14,,213761,6,0,10,2,16,,213763,6,0,10,1,60,,213766,6,0,10,1,22,,213768,6,0,10,2,26,,213772,6,0,10,2,67,,213755,6,0,10,1,404,,213753,6,0,10,1,29,,213777,6,0,10,2,70,,213774,6,0,10,1,33,,213776,6,0,10,2,69,,213751,6,0,10,1,31,,213779,6,0,10,2,71,,213775,6,0,10,1,72,,213754,6,0,10,1,32,,213770,6,0,10,1,71,,213750,6,0,10,1,31,,213778,6,0,10,2,293,,213759,6,0,10,1
37103,'H50M000A-81-A',2613,,214844,54,0,8,2,31,,214840,54,0,8,1,67,,214842,54,0,8,1,31,,214846,54,0,8,1,70,,214845,54,0,8,2,30,,214841,54,0,8,1,69,,214843,54,0,8,1
37103,'H50M000I-81-I',2609,,214847,54,0,8,1,29,,214849,54,0,8,1,72,,214852,54,0,8,1,30,,214851,54,0,8,1,71,,214848,54,0,8,1,31,,214850,54,0,8,1,71,,214853,54,0,8,1
37103,'H50M000S-81-S',2611,,214856,54,0,8,1,30,,214854,54,0,8,1,70,,214859,54,0,8,2,28,,214858,54,0,8,2,71,,214857,54,0,8,1,32,,214855,54,0,8,1,70,,214860,54,0,8,2
