9301,'H50J000A-84-A',527,,31921,20,0,5,1,30,,31901,20,0,5,1,70,,31892,20,0,5,1,30,,31902,20,0,5,1,70,,31893,20,0,5,1,32,,31903,20,0,5,1,70,,31894,20,0,5,1,29,,31904,20,0,5,1,70,,31895,20,0,5,1,30,,31905,20,0,5,1,70,,31896,20,0,5,1,74,,31906,20,0,5,1,31,,31897,20,0,5,1,71,,31907,20,0,5,1,31,,31898,20,0,5,1,74,,31908,20,0,5,1,33,,31899,20,0,5,1,73,,31909,20,0,5,1,32,,31900,20,0,5,1,66,,31910,20,0,5,1,33,,31882,20,0,5,2,72,,31911,20,0,5,1,33,,31883,20,0,5,2,73,,31912,20,0,5,1,29,,31884,20,0,5,2,71,,31913,20,0,5,1,28,,31885,20,0,5,2,70,,31914,20,0,5,1,27,,31886,20,0,5,2,69,,31915,20,0,5,1,28,,31887,20,0,5,2,70,,31916,20,0,5,1,28,,31888,20,0,5,2,68,,31917,20,0,5,1,28,,31889,20,0,5,2,69,,31918,20,0,5,1,30,,31890,20,0,5,2,70,,31919,20,0,5,1,30,,31891,20,0,5,2,70,,31920,20,0,5,1
9301,'H50J000I-84-I',546,,31922,20,0,5,1,70,,31933,20,0,5,1,30,,31923,20,0,5,1,70,,31934,20,0,5,1,30,,31924,20,0,5,1,70,,31935,20,0,5,1,32,,31925,20,0,5,1,70,,31936,20,0,5,1,34,,31926,20,0,5,1,70,,31937,20,0,5,1,30,,31927,20,0,5,1,70,,31938,20,0,5,1,30,,31928,20,0,5,1,70,,31939,20,0,5,1,33,,31929,20,0,5,1,70,,31940,20,0,5,1,30,,31930,20,0,5,1,70,,31941,20,0,5,1,30,,31931,20,0,5,1,70,,31942,20,0,5,1,32,,31932,20,0,5,1,69,,31943,20,0,5,1,32,,31944,20,0,5,1,69,,31953,20,0,5,1,31,,31945,20,0,5,1,69,,31954,20,0,5,1,27,,31946,20,0,5,1,69,,31955,20,0,5,1,29,,31947,20,0,5,1,70,,31956,20,0,5,1,30,,31948,20,0,5,1,70,,31957,20,0,5,1,30,,31949,20,0,5,1,69,,31958,20,0,5,1,30,,31950,20,0,5,1,69,,31959,20,0,5,1,29,,31951,20,0,5,1,70,,31960,20,0,5,1,29,,31952,20,0,5,1,69,,31961,20,0,5,1
9301,'H50J000S-83-S',529,,31974,20,0,5,2,23,,31962,20,0,5,1,63,,31975,20,0,5,2,25,,31963,20,0,5,1,65,,31976,20,0,5,2,27,,31964,20,0,5,1,70,,31977,20,0,5,2,29,,31965,20,0,5,1,71,,31978,20,0,5,2,30,,31966,20,0,5,1,71,,31979,20,0,5,2,29,,31967,20,0,5,1,71,,31980,20,0,5,2,30,,31968,20,0,5,1,70,,31981,20,0,5,2,32,,31969,20,0,5,1,68,,31982,20,0,5,2,35,,31970,20,0,5,1,72,,31983,20,0,5,2,33,,31971,20,0,5,1,72,,31984,20,0,5,2,105,,31972,20,0,5,1,33,,32001,20,0,5,1,71,,32002,20,0,5,1,32,,31973,20,0,5,1,70,,31985,20,0,5,1,31,,31993,20,0,5,2,70,,31986,20,0,5,1,29,,31994,20,0,5,2,69,,31987,20,0,5,1,27,,31995,20,0,5,2,67,,31988,20,0,5,1,25,,31996,20,0,5,2,66,,31989,20,0,5,1,25,,31997,20,0,5,2,23,,31990,20,0,5,1,65,,31998,20,0,5,2,25,,31991,20,0,5,1,66,,31999,20,0,5,2,26,,31992,20,0,5,1,67,,32000,20,0,5,2
9301,'H50JV00A-81-A',527,,32042,20,0,5,1,30,,32022,20,0,5,1,70,,32013,20,0,5,1,30,,32023,20,0,5,1,70,,32014,20,0,5,1,32,,32024,20,0,5,1,70,,32015,20,0,5,1,29,,32025,20,0,5,1,70,,32016,20,0,5,1,30,,32026,20,0,5,1,70,,32017,20,0,5,1,74,,32027,20,0,5,1,31,,32018,20,0,5,1,71,,32028,20,0,5,1,31,,32019,20,0,5,1,74,,32029,20,0,5,1,33,,32020,20,0,5,1,73,,32030,20,0,5,1,32,,32021,20,0,5,1,66,,32031,20,0,5,1,33,,32003,20,0,5,2,72,,32032,20,0,5,1,33,,32004,20,0,5,2,73,,32033,20,0,5,1,29,,32005,20,0,5,2,71,,32034,20,0,5,1,28,,32006,20,0,5,2,70,,32035,20,0,5,1,27,,32007,20,0,5,2,69,,32036,20,0,5,1,28,,32008,20,0,5,2,70,,32037,20,0,5,1,28,,32009,20,0,5,2,68,,32038,20,0,5,1,28,,32010,20,0,5,2,69,,32039,20,0,5,1,30,,32011,20,0,5,2,70,,32040,20,0,5,1,30,,32012,20,0,5,2,70,,32041,20,0,5,1
9301,'H50JV00I-81-I',546,,32043,20,0,5,1,70,,32054,20,0,5,1,30,,32044,20,0,5,1,70,,32055,20,0,5,1,30,,32045,20,0,5,1,70,,32056,20,0,5,1,32,,32046,20,0,5,1,70,,32057,20,0,5,1,34,,32047,20,0,5,1,70,,32058,20,0,5,1,30,,32048,20,0,5,1,70,,32059,20,0,5,1,30,,32049,20,0,5,1,70,,32060,20,0,5,1,33,,32050,20,0,5,1,70,,32061,20,0,5,1,30,,32051,20,0,5,1,70,,32062,20,0,5,1,30,,32052,20,0,5,1,70,,32063,20,0,5,1,32,,32053,20,0,5,1,69,,32064,20,0,5,1,32,,32065,20,0,5,1,69,,32074,20,0,5,1,31,,32066,20,0,5,1,69,,32075,20,0,5,1,27,,32067,20,0,5,1,69,,32076,20,0,5,1,29,,32068,20,0,5,1,70,,32077,20,0,5,1,30,,32069,20,0,5,1,70,,32078,20,0,5,1,30,,32070,20,0,5,1,69,,32079,20,0,5,1,30,,32071,20,0,5,1,69,,32080,20,0,5,1,29,,32072,20,0,5,1,70,,32081,20,0,5,1,29,,32073,20,0,5,1,69,,32082,20,0,5,1
9301,'H50JV00S-82-S',529,,32095,20,0,5,2,23,,32083,20,0,5,1,63,,32096,20,0,5,2,25,,32084,20,0,5,1,65,,32097,20,0,5,2,27,,32085,20,0,5,1,70,,32098,20,0,5,2,29,,32086,20,0,5,1,71,,32099,20,0,5,2,30,,32087,20,0,5,1,71,,32100,20,0,5,2,29,,32088,20,0,5,1,71,,32101,20,0,5,2,30,,32089,20,0,5,1,70,,32102,20,0,5,2,32,,32090,20,0,5,1,68,,32103,20,0,5,2,35,,32091,20,0,5,1,72,,32104,20,0,5,2,33,,32092,20,0,5,1,72,,32105,20,0,5,2,105,,32093,20,0,5,1,33,,32122,20,0,5,1,71,,32123,20,0,5,1,32,,32094,20,0,5,1,70,,32106,20,0,5,1,31,,32114,20,0,5,2,70,,32107,20,0,5,1,29,,32115,20,0,5,2,69,,32108,20,0,5,1,27,,32116,20,0,5,2,67,,32109,20,0,5,1,25,,32117,20,0,5,2,66,,32110,20,0,5,1,25,,32118,20,0,5,2,23,,32111,20,0,5,1,65,,32119,20,0,5,2,25,,32112,20,0,5,1,66,,32120,20,0,5,2,26,,32113,20,0,5,1,67,,32121,20,0,5,2
9301,'H51J000S-80-S',1548,,32124,20,0,5,2
9301,'H51JV00S-84-S',1548,,32125,20,0,5,2
37201,'H54J000A-80-A',2541,,75851,42,0,5,1,85,,75856,42,0,5,1,84,,75854,42,0,5,1,90,,75852,42,0,5,1,45,,75853,42,0,5,1,84,,75855,42,0,6 7,1
37201,'H54J000I-80-I',2541,,75858,42,0,5,1,87,,75857,42,0,5,1,86,,75861,42,0,5,1,86,,75859,42,0,5,1,45,,75860,42,0,5,1,85,,75862,42,0,6 7,1
37201,'H54J000S-83-S',2543,,75863,42,0,5,1,73,,75867,42,0,5,1,38,,75866,42,0,5,1,80,,75869,42,0,5,1,80,,75865,42,0,5,1,41,,75864,42,0,5,1,85,,75868,42,0,6 7,1
37201,'H54JV00A-80-A',2541,,75873,42,0,5,1,85,,75875,42,0,5,1,84,,75874,42,0,5,1,90,,75870,42,0,5,1,45,,75871,42,0,5,1,84,,75872,42,0,6 7,1
37201,'H54JV00I-80-I',2541,,75877,42,0,5,1,87,,75880,42,0,5,1,86,,75876,42,0,5,1,86,,75879,42,0,5,1,45,,75881,42,0,5,1,85,,75878,42,0,6 7,1
37201,'H54JV00S-80-S',2543,,75886,42,0,5,1,73,,75884,42,0,5,1,38,,75883,42,0,5,1,80,,75888,42,0,5,1,80,,75887,42,0,5,1,41,,75882,42,0,5,1,85,,75885,42,0,6 7,1
