14002,'H51J000S-80-S',854,,49603,6,0,10,2
14002,'H51JV00S-84-S',854,,49604,6,0,10,2
14002,'H54J000S-83-S',500,,49605,6,0,10,2
14002,'H54JV00S-80-S',500,,49606,6,0,10,2
14002,'H58J000A-83-A',500,,49607,6,0,10,2,28,,49615,6,0,10,1,31,,49629,6,0,10,2,71,,49608,6,0,10,2,71,,49624,6,0,10,1,31,,49630,6,0,10,2,72,,49609,6,0,10,2,30,,49625,6,0,10,1,70,,49631,6,0,10,2,30,,49610,6,0,10,2,70,,49626,6,0,10,1,30,,49632,6,0,10,2,19,,49622,6,0,10,1,58,,49611,6,0,10,2,19,,49616,6,0,10,1,20,,49627,6,0,10,1,61,,49633,6,0,10,2,21,,49637,6,0,10,2,20,,49612,6,0,10,2,62,,49617,6,0,10,1,19,,49646,6,0,10,2,19,,49634,6,0,10,2,59,,49638,6,0,10,2,19,,49652,6,0,10,2,21,,49644,6,0,10,1,62,,49647,6,0,10,2,22,,49635,6,0,10,2,24,,49639,6,0,10,2,65,,49618,6,0,10,1,25,,49645,6,0,10,1,67,,49648,6,0,10,2,30,,49640,6,0,10,2,71,,49619,6,0,10,1,31,,49649,6,0,10,2,71,,49641,6,0,10,2,34,,49620,6,0,10,1,75,,49650,6,0,10,2,76,,49642,6,0,10,2,36,,49621,6,0,10,1,75,,49651,6,0,10,2,35,,49643,6,0,10,2,74,,49613,6,0,10,1,33,,49636,6,0,10,2,73,,49623,6,0,10,1,73,,49614,6,0,10,1,33,,49628,6,0,10,1
14002,'H58J000I-81-I',532,,49662,6,0,10,1,73,,49653,6,0,10,2,33,,49663,6,0,10,1,74,,49677,6,0,10,1,33,,49654,6,0,10,2,73,,49664,6,0,10,1,31,,49678,6,0,10,1,70,,49655,6,0,10,2,30,,49665,6,0,10,1,70,,49679,6,0,10,1,31,,49656,6,0,10,2,71,,49666,6,0,10,1,31,,49680,6,0,10,1,70,,49657,6,0,10,2,30,,49667,6,0,10,1,70,,49681,6,0,10,1,30,,49658,6,0,10,2,70,,49668,6,0,10,1,30,,49682,6,0,10,1,70,,49659,6,0,10,2,30,,49669,6,0,10,1,70,,49683,6,0,10,1,30,,49660,6,0,10,2,66,,49684,6,0,10,2,25,,49688,6,0,10,1,66,,49672,6,0,10,1,29,,49670,6,0,10,1,69,,49689,6,0,10,1,28,,49673,6,0,10,1,73,,49671,6,0,10,1,33,,49690,6,0,10,1,73,,49674,6,0,10,1,33,,49686,6,0,10,2,72,,49691,6,0,10,1,33,,49675,6,0,10,1,73,,49687,6,0,10,2,33,,49685,6,0,10,2,73,,49676,6,0,10,1,72,,49661,6,0,10,1
14002,'H58J000I-82-I',532,,49701,6,0,10,1,73,,49692,6,0,10,2,33,,49702,6,0,10,1,74,,49716,6,0,10,1,33,,49693,6,0,10,2,73,,49703,6,0,10,1,31,,49717,6,0,10,1,70,,49694,6,0,10,2,30,,49704,6,0,10,1,70,,49718,6,0,10,1,31,,49695,6,0,10,2,71,,49705,6,0,10,1,31,,49719,6,0,10,1,70,,49696,6,0,10,2,30,,49706,6,0,10,1,70,,49720,6,0,10,1,30,,49697,6,0,10,2,70,,49707,6,0,10,1,30,,49721,6,0,10,1,70,,49698,6,0,10,2,30,,49708,6,0,10,1,70,,49722,6,0,10,1,30,,49699,6,0,10,2,66,,49723,6,0,10,2,25,,49727,6,0,10,1,66,,49711,6,0,10,1,29,,49709,6,0,10,1,69,,49728,6,0,10,1,28,,49712,6,0,10,1,73,,49710,6,0,10,1,33,,49729,6,0,10,1,73,,49713,6,0,10,1,33,,49725,6,0,10,2,72,,49730,6,0,10,1,33,,49714,6,0,10,1,73,,49726,6,0,10,2,33,,49724,6,0,10,2,73,,49715,6,0,10,1,72,,49700,6,0,10,1
14002,'H58J000S-81-S',525,,49734,6,0,10,2,24,,49731,6,0,10,1,62,,49733,6,0,10,2,89,,49742,6,0,10,2,24,,49732,6,0,10,1,25,,49740,6,0,10,2,64,,49744,6,0,10,1,21,,49743,6,0,10,2,80,,49735,6,0,10,1,22,,49748,6,0,10,2,22,,49756,6,0,10,1,62,,49758,6,0,10,1,29,,49752,6,0,10,2,70,,49736,6,0,10,1,30,,49749,6,0,10,2,62,,49759,6,0,10,1,21,,49753,6,0,10,2,25,,49737,6,0,10,1,69,,49750,6,0,10,2,27,,49760,6,0,10,1,67,,49754,6,0,10,2,30,,49738,6,0,10,1,69,,49751,6,0,10,2,30,,49761,6,0,10,1,70,,49755,6,0,10,2,31,,49739,6,0,10,1,70,,49764,6,0,10,1,29,,49762,6,0,10,1,70,,49768,6,0,10,1,30,,49746,6,0,10,2,70,,49765,6,0,10,1,30,,49769,6,0,10,1,69,,49747,6,0,10,2,30,,49766,6,0,10,1,70,,49770,6,0,10,1,30,,49741,6,0,10,1,70,,49745,6,0,10,2,30,,49757,6,0,10,1,70,,49767,6,0,10,1,34,,49771,6,0,10,1,76,,49763,6,0,10,2,75,,49772,6,0,10,1
14002,'H58J000S-83-S',525,,49776,6,0,10,2,24,,49773,6,0,10,1,62,,49775,6,0,10,2,89,,49784,6,0,10,2,24,,49774,6,0,10,1,25,,49782,6,0,10,2,64,,49786,6,0,10,1,21,,49785,6,0,10,2,80,,49777,6,0,10,1,22,,49790,6,0,10,2,22,,49798,6,0,10,1,62,,49800,6,0,10,1,29,,49794,6,0,10,2,70,,49778,6,0,10,1,30,,49791,6,0,10,2,62,,49801,6,0,10,1,21,,49795,6,0,10,2,25,,49779,6,0,10,1,69,,49792,6,0,10,2,27,,49802,6,0,10,1,67,,49796,6,0,10,2,30,,49780,6,0,10,1,69,,49793,6,0,10,2,30,,49803,6,0,10,1,70,,49797,6,0,10,2,31,,49781,6,0,10,1,70,,49806,6,0,10,1,29,,49804,6,0,10,1,70,,49810,6,0,10,1,30,,49788,6,0,10,2,70,,49807,6,0,10,1,30,,49811,6,0,10,1,69,,49789,6,0,10,2,30,,49808,6,0,10,1,70,,49812,6,0,10,1,30,,49783,6,0,10,1,70,,49787,6,0,10,2,30,,49799,6,0,10,1,70,,49809,6,0,10,1,34,,49813,6,0,10,1,76,,49805,6,0,10,2,75,,49814,6,0,10,1
14002,'H58JV00A-80-A',500,,49825,6,0,10,2,28,,49816,6,0,10,1,31,,49837,6,0,10,2,71,,49826,6,0,10,2,71,,49855,6,0,10,1,31,,49838,6,0,10,2,72,,49827,6,0,10,2,30,,49856,6,0,10,1,70,,49839,6,0,10,2,30,,49828,6,0,10,2,70,,49857,6,0,10,1,30,,49840,6,0,10,2,19,,49859,6,0,10,1,58,,49829,6,0,10,2,19,,49849,6,0,10,1,20,,49858,6,0,10,1,61,,49841,6,0,10,2,21,,49842,6,0,10,2,20,,49830,6,0,10,2,62,,49850,6,0,10,1,19,,49831,6,0,10,2,19,,49819,6,0,10,2,59,,49843,6,0,10,2,19,,49822,6,0,10,2,21,,49818,6,0,10,1,62,,49832,6,0,10,2,22,,49820,6,0,10,2,24,,49844,6,0,10,2,65,,49851,6,0,10,1,25,,49821,6,0,10,1,67,,49833,6,0,10,2,30,,49845,6,0,10,2,71,,49852,6,0,10,1,31,,49834,6,0,10,2,71,,49846,6,0,10,2,34,,49853,6,0,10,1,75,,49835,6,0,10,2,76,,49847,6,0,10,2,36,,49854,6,0,10,1,75,,49836,6,0,10,2,35,,49848,6,0,10,2,74,,49823,6,0,10,1,33,,49817,6,0,10,2,73,,49860,6,0,10,1,73,,49824,6,0,10,1,33,,49815,6,0,10,1
14002,'H58JV00I-81-I',532,,49861,6,0,10,1,73,,49867,6,0,10,2,33,,49880,6,0,10,1,74,,49889,6,0,10,1,33,,49868,6,0,10,2,73,,49881,6,0,10,1,31,,49890,6,0,10,1,70,,49869,6,0,10,2,30,,49882,6,0,10,1,70,,49891,6,0,10,1,31,,49870,6,0,10,2,71,,49883,6,0,10,1,31,,49892,6,0,10,1,70,,49871,6,0,10,2,30,,49884,6,0,10,1,70,,49893,6,0,10,1,30,,49872,6,0,10,2,70,,49885,6,0,10,1,30,,49894,6,0,10,1,70,,49873,6,0,10,2,30,,49886,6,0,10,1,70,,49895,6,0,10,1,30,,49874,6,0,10,2,66,,49896,6,0,10,2,25,,49863,6,0,10,1,66,,49875,6,0,10,1,29,,49887,6,0,10,1,69,,49864,6,0,10,1,28,,49876,6,0,10,1,73,,49888,6,0,10,1,33,,49865,6,0,10,1,73,,49877,6,0,10,1,33,,49897,6,0,10,2,72,,49866,6,0,10,1,33,,49878,6,0,10,1,73,,49898,6,0,10,2,33,,49899,6,0,10,2,73,,49879,6,0,10,1,72,,49862,6,0,10,1
14002,'H58JV00S-82-S',525,,49903,6,0,10,2,24,,49900,6,0,10,1,62,,49902,6,0,10,2,89,,49911,6,0,10,2,24,,49901,6,0,10,1,25,,49909,6,0,10,2,64,,49913,6,0,10,1,21,,49912,6,0,10,2,80,,49904,6,0,10,1,22,,49917,6,0,10,2,22,,49925,6,0,10,1,62,,49927,6,0,10,1,29,,49921,6,0,10,1,70,,49905,6,0,10,1,30,,49918,6,0,10,2,62,,49928,6,0,10,1,21,,49922,6,0,10,1,25,,49906,6,0,10,1,69,,49919,6,0,10,2,27,,49929,6,0,10,1,67,,49923,6,0,10,1,30,,49907,6,0,10,1,69,,49920,6,0,10,2,30,,49930,6,0,10,1,70,,49924,6,0,10,1,31,,49908,6,0,10,1,70,,49933,6,0,10,1,29,,49931,6,0,10,1,70,,49937,6,0,10,1,30,,49915,6,0,10,2,70,,49934,6,0,10,1,30,,49938,6,0,10,1,69,,49916,6,0,10,2,30,,49935,6,0,10,1,70,,49939,6,0,10,1,30,,49910,6,0,10,1,70,,49914,6,0,10,2,30,,49926,6,0,10,1,70,,49936,6,0,10,1,34,,49940,6,0,10,1,76,,49932,6,0,10,2,75,,49941,6,0,10,1
14002,'H60J000S-98-S',640,,49942,6,0,10,2
14002,'H60JV00S-98-S',640,,49943,6,0,10,2
