19702,'H51U000A-83-A',539,,269657,19,0,10,2,71,,269664,19,0,10,1,31,,269658,19,0,10,2,70,,269672,19,0,10,1,29,,269665,19,0,10,1,70,,269659,19,0,10,2,28,,269673,19,0,10,1,68,,269666,19,0,10,1,28,,269660,19,0,10,2,68,,269674,19,0,10,1,28,,269667,19,0,10,1,28,,269661,19,0,10,2,68,,269675,19,0,10,1,20,,269684,19,0,10,2,60,,269668,19,0,10,1,22,,269662,19,0,10,2,19,,269685,19,0,10,2,59,,269676,19,0,10,1,19,,269686,19,0,10,2,22,,269669,19,0,10,1,62,,269663,19,0,10,2,22,,269677,19,0,10,1,20,,269688,19,0,10,2,60,,269687,19,0,10,2,20,,269670,19,0,10,1,20,,269690,19,0,10,1,62,,269678,19,0,10,1,22,,269689,19,0,10,2,22,,269671,19,0,10,1,62,,269691,19,0,10,1,26,,269679,19,0,10,1,67,,269652,19,0,10,1,27,,269692,19,0,10,1,66,,269680,19,0,10,1,27,,269653,19,0,10,1,27,,269693,19,0,10,1,67,,269681,19,0,10,1,27,,269654,19,0,10,1,66,,269694,19,0,10,1,27,,269682,19,0,10,1,68,,269655,19,0,10,1,28,,269695,19,0,10,1,69,,269683,19,0,10,1,33,,269656,19,0,10,1,69,,269696,19,0,10,2,35,,269651,19,0,10,1,76,,269650,19,0,10,1
19702,'H51U000I-83-I',539,,269710,19,0,10,1,71,,269697,19,0,10,2,32,,269711,19,0,10,1,72,,269698,19,0,10,2,32,,269712,19,0,10,1,72,,269699,19,0,10,2,33,,269713,19,0,10,1,73,,269730,19,0,10,2,22,,269734,19,0,10,1,62,,269700,19,0,10,2,27,,269714,19,0,10,1,68,,269731,19,0,10,2,27,,269701,19,0,10,2,27,,269715,19,0,10,1,67,,269732,19,0,10,2,25,,269735,19,0,10,2,65,,269702,19,0,10,2,25,,269716,19,0,10,1,68,,269733,19,0,10,2,28,,269703,19,0,10,2,68,,269717,19,0,10,1,28,,269724,19,0,10,1,27,,269704,19,0,10,2,68,,269718,19,0,10,1,28,,269725,19,0,10,1,69,,269705,19,0,10,2,29,,269719,19,0,10,1,69,,269726,19,0,10,1,29,,269706,19,0,10,2,68,,269720,19,0,10,1,29,,269727,19,0,10,1,69,,269707,19,0,10,2,29,,269721,19,0,10,1,69,,269728,19,0,10,1,32,,269708,19,0,10,2,71,,269722,19,0,10,1,33,,269736,19,0,10,2,73,,269723,19,0,10,1,32,,269737,19,0,10,2,71,,269709,19,0,10,1,30,,269729,19,0,10,1
19702,'H51U000S-83-S',508,,269738,19,0,10,1,23,,269744,19,0,10,2,19,,269743,19,0,10,2,56,,269751,19,0,10,1,14,,269739,19,0,10,1,11,,269753,19,0,10,1,10,,269754,19,0,10,2,11,,269745,19,0,10,2,52,,269758,19,0,10,1,12,,269759,19,0,10,2,14,,269752,19,0,10,1,12,,269762,19,0,10,2,12,,269764,19,0,10,2,52,,269740,19,0,10,1,10,,269766,19,0,10,2,9,,269742,19,0,10,2,12,,269746,19,0,10,2,12,,269761,19,0,10,1,52,,269760,19,0,10,2,11,,269755,19,0,10,2,12,,269763,19,0,10,2,12,,269767,19,0,10,1,22,,269741,19,0,10,1,63,,269747,19,0,10,2,23,,269756,19,0,10,2,62,,269769,19,0,10,1,20,,269768,19,0,10,1,20,,269748,19,0,10,2,60,,269773,19,0,10,2,20,,269757,19,0,10,2,21,,269770,19,0,10,1,62,,269776,19,0,10,2,22,,269749,19,0,10,2,24,,269774,19,0,10,2,66,,269771,19,0,10,1,24,,269779,19,0,10,2,62,,269777,19,0,10,2,20,,269750,19,0,10,2,20,,269775,19,0,10,2,61,,269772,19,0,10,1,33,,269780,19,0,10,2,72,,269784,19,0,10,2,26,,269785,19,0,10,2,66,,269790,19,0,10,1,30,,269781,19,0,10,2,69,,269786,19,0,10,2,31,,269791,19,0,10,1,70,,269782,19,0,10,2,29,,269787,19,0,10,2,70,,269792,19,0,10,1,30,,269783,19,0,10,2,72,,269788,19,0,10,2,32,,269793,19,0,10,1,73,,269794,19,0,10,2,33,,269789,19,0,10,2,75,,269778,19,0,10,1,37,,269795,19,0,10,2
19702,'H51U100F-80-F1',539,,269815,19,0,10,1,71,,269803,19,0,10,2,32,,269816,19,0,10,1,72,,269804,19,0,10,2,32,,269817,19,0,10,1,72,,269805,19,0,10,2,33,,269818,19,0,10,1,73,,269797,19,0,10,2,22,,269796,19,0,10,1,62,,269806,19,0,10,2,27,,269819,19,0,10,1,68,,269798,19,0,10,2,27,,269807,19,0,10,2,27,,269820,19,0,10,1,67,,269799,19,0,10,2,25,,269802,19,0,10,2,65,,269808,19,0,10,2,25,,269821,19,0,10,1,68,,269800,19,0,10,2,28,,269809,19,0,10,2,68,,269822,19,0,10,1,28,,269829,19,0,10,1,27,,269810,19,0,10,2,68,,269823,19,0,10,1,28,,269830,19,0,10,1,69,,269811,19,0,10,2,29,,269824,19,0,10,1,69,,269831,19,0,10,1,29,,269812,19,0,10,2,68,,269825,19,0,10,1,29,,269832,19,0,10,1,69,,269813,19,0,10,2,29,,269826,19,0,10,1,69,,269833,19,0,10,1,32,,269814,19,0,10,2,71,,269827,19,0,10,1,33,,269835,19,0,10,2,73,,269828,19,0,10,1,32,,269836,19,0,10,2,71,,269801,19,0,10,1,30,,269834,19,0,10,1
19702,'H51U200F-80-F2',539,,269856,19,0,10,1,71,,269844,19,0,10,2,32,,269857,19,0,10,1,72,,269845,19,0,10,2,32,,269858,19,0,10,1,72,,269846,19,0,10,2,33,,269859,19,0,10,1,73,,269838,19,0,10,2,22,,269837,19,0,10,1,62,,269847,19,0,10,2,27,,269860,19,0,10,1,68,,269839,19,0,10,2,27,,269848,19,0,10,2,27,,269861,19,0,10,1,67,,269840,19,0,10,2,25,,269843,19,0,10,2,65,,269849,19,0,10,2,25,,269862,19,0,10,1,68,,269841,19,0,10,2,28,,269850,19,0,10,2,68,,269863,19,0,10,1,28,,269870,19,0,10,1,27,,269851,19,0,10,2,68,,269864,19,0,10,1,28,,269871,19,0,10,1,69,,269852,19,0,10,2,29,,269865,19,0,10,1,69,,269872,19,0,10,1,29,,269853,19,0,10,2,68,,269866,19,0,10,1,29,,269873,19,0,10,1,69,,269854,19,0,10,2,29,,269867,19,0,10,1,69,,269874,19,0,10,1,32,,269855,19,0,10,2,71,,269868,19,0,10,1,33,,269876,19,0,10,2,73,,269869,19,0,10,1,32,,269877,19,0,10,2,71,,269842,19,0,10,1,30,,269875,19,0,10,1
37002,'H51U000A-83-A',2602,,277710,26,0,10,1,42,,277711,26,0,10,1,85,,277713,26,0,10,1,84,,277712,26,0,10,1,45,,277714,26,0,10,2
37002,'H51U000I-83-I',2513,,277719,26,0,10,1,45,,277715,26,0,10,2,85,,277717,26,0,10,1,85,,277720,26,0,10,1,85,,277716,26,0,10,2,46,,277718,26,0,10,1
37002,'H51U000S-83-S',2513,,277723,26,0,10,2,45,,277721,26,0,10,1,85,,277725,26,0,10,1,85,,277724,26,0,10,2,85,,277722,26,0,10,1,87,,277726,26,0,10,1
37002,'H51U100F-80-F1',2513,,277729,26,0,10,1,45,,277727,26,0,10,2,85,,277731,26,0,10,1,85,,277730,26,0,10,1,85,,277728,26,0,10,2,46,,277732,26,0,10,1
37002,'H51U200F-80-F2',2513,,277735,26,0,10,1,45,,277733,26,0,10,2,85,,277737,26,0,10,1,85,,277736,26,0,10,1,85,,277734,26,0,10,2,46,,277738,26,0,10,1
