3401,'H59U000A-80-A',527,,227633,13,0,5,2,77,,227611,13,0,5,1,29,,227634,13,0,5,2,69,,227612,13,0,5,1,29,,227635,13,0,5,2,69,,227613,13,0,5,1,29,,227636,13,0,5,2,29,,227614,13,0,5,1,69,,227637,13,0,5,2,30,,227615,13,0,5,1,70,,227638,13,0,5,2,31,,227616,13,0,5,1,69,,227639,13,0,5,2,30,,227617,13,0,5,1,71,,227640,13,0,5,2,30,,227618,13,0,5,1,70,,227641,13,0,5,2,30,,227619,13,0,5,1,71,,227642,13,0,5,2,71,,227620,13,0,5,1,31,,227643,13,0,5,2,71,,227621,13,0,5,1,32,,227644,13,0,5,2,71,,227622,13,0,5,1,32,,227645,13,0,5,2,71,,227623,13,0,5,1,31,,227646,13,0,5,2,70,,227624,13,0,5,1,26,,227647,13,0,5,2,65,,227625,13,0,5,1,26,,227648,13,0,5,2,27,,227626,13,0,5,1,68,,227649,13,0,5,2,27,,227627,13,0,5,1,65,,227650,13,0,5,2,24,,227628,13,0,5,1,64,,227651,13,0,5,2,24,,227629,13,0,5,1,24,,227652,13,0,5,2,64,,227630,13,0,5,1,23,,227653,13,0,5,2,64,,227631,13,0,5,1,24,,227654,13,0,5,2,24,,227632,13,0,5,1
3401,'H59U000I-80-I',526,,227669,13,0,5,1,77,,227655,13,0,5,2,28,,227670,13,0,5,1,70,,227656,13,0,5,2,29,,227671,13,0,5,1,29,,227657,13,0,5,2,70,,227672,13,0,5,1,29,,227658,13,0,5,2,69,,227673,13,0,5,1,29,,227659,13,0,5,2,69,,227674,13,0,5,1,28,,227660,13,0,5,2,70,,227675,13,0,5,1,31,,227661,13,0,5,2,69,,227676,13,0,5,1,31,,227662,13,0,5,2,69,,227677,13,0,5,1,31,,227663,13,0,5,2,70,,227678,13,0,5,1,30,,227664,13,0,5,2,70,,227679,13,0,5,1,30,,227665,13,0,5,2,71,,227680,13,0,5,1,30,,227666,13,0,5,2,70,,227681,13,0,5,1,30,,227667,13,0,5,2,71,,227682,13,0,5,1,30,,227668,13,0,5,2,70,,227683,13,0,5,1,30,,227686,13,0,5,1,70,,227684,13,0,5,1,30,,227687,13,0,5,1,70,,227685,13,0,5,1,30,,227688,13,0,5,1,69,,227692,13,0,5,1,30,,227689,13,0,5,1,69,,227693,13,0,5,1,29,,227690,13,0,5,1,68,,227694,13,0,5,1,29,,227691,13,0,5,1,69,,227695,13,0,5,1
3401,'H59U000S-80-S',501,,227737,13,0,5,2,30,,227728,13,0,5,2,73,,227730,13,0,5,1,31,,227729,13,0,5,2,71,,227731,13,0,5,1,26,,227696,13,0,5,2,73,,227736,13,0,5,1,31,,227706,13,0,5,1,72,,227697,13,0,5,2,32,,227707,13,0,5,1,72,,227698,13,0,5,2,29,,227708,13,0,5,1,70,,227699,13,0,5,2,31,,227709,13,0,5,1,70,,227700,13,0,5,2,32,,227710,13,0,5,1,70,,227701,13,0,5,2,34,,227711,13,0,5,1,71,,227702,13,0,5,2,24,,227732,13,0,5,1,63,,227712,13,0,5,1,24,,227703,13,0,5,2,25,,227733,13,0,5,1,63,,227713,13,0,5,1,25,,227704,13,0,5,2,66,,227734,13,0,5,1,27,,227738,13,0,5,1,67,,227705,13,0,5,2,28,,227735,13,0,5,1,69,,227720,13,0,5,1,27,,227721,13,0,5,1,28,,227714,13,0,5,2,70,,227722,13,0,5,1,30,,227715,13,0,5,2,70,,227723,13,0,5,1,30,,227716,13,0,5,2,70,,227724,13,0,5,1,30,,227717,13,0,5,2,69,,227725,13,0,5,1,28,,227718,13,0,5,2,68,,227726,13,0,5,1,28,,227719,13,0,5,2,65,,227727,13,0,5,1
3401,'H59U100F-80-F1',526,,227753,13,0,5,1,77,,227739,13,0,5,2,28,,227754,13,0,5,1,70,,227740,13,0,5,2,29,,227755,13,0,5,1,29,,227741,13,0,5,2,70,,227756,13,0,5,1,29,,227742,13,0,5,2,69,,227757,13,0,5,1,29,,227743,13,0,5,2,69,,227758,13,0,5,1,28,,227744,13,0,5,2,70,,227759,13,0,5,1,31,,227745,13,0,5,2,69,,227760,13,0,5,1,31,,227746,13,0,5,2,69,,227761,13,0,5,1,31,,227747,13,0,5,2,70,,227762,13,0,5,1,30,,227748,13,0,5,2,70,,227763,13,0,5,1,30,,227749,13,0,5,2,71,,227764,13,0,5,1,30,,227750,13,0,5,2,70,,227765,13,0,5,1,30,,227751,13,0,5,2,71,,227766,13,0,5,1,30,,227752,13,0,5,2,70,,227767,13,0,5,1,30,,227770,13,0,5,1,70,,227768,13,0,5,1,30,,227771,13,0,5,1,70,,227769,13,0,5,1,30,,227772,13,0,5,1,69,,227776,13,0,5,1,30,,227773,13,0,5,1,69,,227777,13,0,5,1,29,,227774,13,0,5,1,68,,227778,13,0,5,1,29,,227775,13,0,5,1,69,,227779,13,0,5,1
3401,'H59U200F-80-F2',526,,227780,13,0,5,1,77,,227781,13,0,5,2,28,,227782,13,0,5,1,70,,227783,13,0,5,2,29,,227784,13,0,5,1,29,,227785,13,0,5,2,70,,227786,13,0,5,1,29,,227787,13,0,5,2,69,,227788,13,0,5,1,29,,227789,13,0,5,2,69,,227790,13,0,5,1,28,,227791,13,0,5,2,70,,227792,13,0,5,1,31,,227793,13,0,5,2,69,,227794,13,0,5,1,31,,227795,13,0,5,2,69,,227796,13,0,5,1,31,,227797,13,0,5,2,70,,227798,13,0,5,1,30,,227799,13,0,5,2,70,,227800,13,0,5,1,30,,227801,13,0,5,2,71,,227802,13,0,5,1,30,,227803,13,0,5,2,70,,227804,13,0,5,1,30,,227805,13,0,5,2,71,,227806,13,0,5,1,30,,227807,13,0,5,2,70,,227808,13,0,5,1,30,,227809,13,0,5,1,70,,227810,13,0,5,1,30,,227811,13,0,5,1,70,,227812,13,0,5,1,30,,227813,13,0,5,1,69,,227814,13,0,5,1,30,,227815,13,0,5,1,69,,227816,13,0,5,1,29,,227817,13,0,5,1,68,,227818,13,0,5,1,29,,227819,13,0,5,1,69,,227820,13,0,5,1
35301,'H54U000A-80-A',2624,,276683,9,0,5,1,86,,276682,9,0,5,1,45,,276685,9,0,5,2,80,,276684,9,0,5,1
35301,'H54U000I-80-I',2541,,276687,9,0,5,2,85,,276686,9,0,5,1,85,,276688,9,0,5,1,45,,276689,9,0,5,1,80,,276690,9,0,5,2
35301,'H54U000S-81-S',2540,,276691,9,0,5,1,85,,276695,9,0,5,1,85,,276693,9,0,5,1,45,,276692,9,0,5,1,80,,276694,9,0,5,1
35301,'H54U100F-80-F1',2541,,276697,9,0,5,2,85,,276696,9,0,5,1,85,,276698,9,0,5,1,45,,276699,9,0,5,1,80,,276700,9,0,5,2
35301,'H54U200F-82-F2',2541,,276702,9,0,5,2,85,,276703,9,0,5,1,85,,276705,9,0,5,1,45,,276704,9,0,5,1,80,,276701,9,0,5,1
