19802,'H56J000A-80-A',544,,67645,51,0,10,1,72,,67667,51,0,10,1,32,,67650,51,0,10,2,71,,67654,51,0,10,1,33,,67655,51,0,10,1,71,,67653,51,0,10,1,34,,67668,51,0,10,1,75,,67657,51,0,10,1,75,,67677,51,0,10,1,33,,67672,51,0,10,1,73,,67690,51,0,10,1,33,,67687,51,0,10,2,68,,67682,51,0,10,1,27,,67685,51,0,10,2,68,,67673,51,0,10,1,26,,67686,51,0,10,1,65,,67674,51,0,10,1,25,,67688,51,0,10,2,22,,67678,51,0,10,1,60,,67683,51,0,10,1,19,,67656,51,0,10,1,19,,67660,51,0,10,1,58,,67662,51,0,10,1,18,,67658,51,0,10,1,19,,67669,51,0,10,1,18,,67689,51,0,10,2,60,,67679,51,0,10,1,20,,67684,51,0,10,1,20,,67659,51,0,10,1,61,,67661,51,0,10,1,24,,67663,51,0,10,1,69,,67670,51,0,10,1,30,,67680,51,0,10,1,70,,67647,51,0,10,2,30,,67675,51,0,10,1,69,,67664,51,0,10,1,29,,67671,51,0,10,1,69,,67681,51,0,10,1,30,,67648,51,0,10,2,71,,67676,51,0,10,1,30,,67665,51,0,10,1,66,,67646,51,0,10,1,29,,67652,51,0,10,1,72,,67649,51,0,10,2,30,,67691,51,0,10,2,73,,67666,51,0,10,1,32,,67651,51,0,10,2
19802,'H56J000I-80-I',547,,67708,51,0,10,1,70,,67698,51,0,10,1,30,,67701,51,0,10,2,70,,67692,51,0,10,1,30,,67719,51,0,10,2,70,,67709,51,0,10,1,30,,67699,51,0,10,1,74,,67702,51,0,10,2,34,,67693,51,0,10,1,73,,67732,51,0,10,1,73,,67720,51,0,10,2,33,,67726,51,0,10,1,73,,67714,51,0,10,1,32,,67710,51,0,10,1,71,,67703,51,0,10,2,31,,67721,51,0,10,2,71,,67727,51,0,10,1,30,,67715,51,0,10,1,71,,67711,51,0,10,1,31,,67704,51,0,10,2,70,,67722,51,0,10,2,30,,67728,51,0,10,1,70,,67716,51,0,10,1,32,,67712,51,0,10,1,71,,67705,51,0,10,2,28,,67723,51,0,10,2,69,,67729,51,0,10,1,28,,67717,51,0,10,1,68,,67713,51,0,10,1,28,,67706,51,0,10,2,70,,67724,51,0,10,2,30,,67730,51,0,10,1,69,,67718,51,0,10,1,29,,67695,51,0,10,1,70,,67707,51,0,10,2,29,,67725,51,0,10,2,70,,67731,51,0,10,1,30,,67700,51,0,10,2,71,,67696,51,0,10,1,33,,67694,51,0,10,2,73,,67697,51,0,10,1
19802,'H56J000S-80-S',624,,67734,51,0,10,1,31,,67774,51,0,10,1,76,,67757,51,0,10,2,25,,67758,51,0,10,2,62,,67747,51,0,10,1,19,,67756,51,0,10,2,15,,67768,51,0,10,2,48,,67776,51,0,10,1,20,,67746,51,0,10,1,29,,67772,51,0,10,1,70,,67751,51,0,10,1,30,,67733,51,0,10,1,70,,67739,51,0,10,1,30,,67752,51,0,10,1,69,,67750,51,0,10,1,30,,67754,51,0,10,1,71,,67766,51,0,10,1,29,,67753,51,0,10,1,70,,67777,51,0,10,1,31,,67760,51,0,10,1,65,,67738,51,0,10,1,25,,67755,51,0,10,1,65,,67767,51,0,10,1,18,,67773,51,0,10,1,17,,67775,51,0,10,1,16,,67763,51,0,10,1,56,,67743,51,0,10,2,17,,67749,51,0,10,1,74,,67771,51,0,10,2,20,,67748,51,0,10,2,21,,67744,51,0,10,1,66,,67759,51,0,10,2,29,,67769,51,0,10,1,65,,67735,51,0,10,1,27,,67740,51,0,10,2,29,,67761,51,0,10,1,69,,67742,51,0,10,1,73,,67770,51,0,10,1,33,,67736,51,0,10,1,73,,67764,51,0,10,2,33,,67762,51,0,10,1,70,,67741,51,0,10,2,31,,67778,51,0,10,1,70,,67737,51,0,10,1,30,,67765,51,0,10,2,71,,67745,51,0,10,1
19802,'H56JV00A-80-A',544,,67779,51,0,10,1,72,,67801,51,0,10,1,32,,67784,51,0,10,2,71,,67788,51,0,10,1,33,,67789,51,0,10,1,71,,67787,51,0,10,1,34,,67802,51,0,10,1,75,,67791,51,0,10,1,75,,67811,51,0,10,1,33,,67806,51,0,10,1,73,,67824,51,0,10,1,33,,67821,51,0,10,2,68,,67816,51,0,10,1,27,,67819,51,0,10,2,68,,67807,51,0,10,1,26,,67820,51,0,10,1,65,,67808,51,0,10,1,25,,67822,51,0,10,2,22,,67812,51,0,10,1,60,,67817,51,0,10,1,19,,67790,51,0,10,1,19,,67794,51,0,10,1,58,,67796,51,0,10,1,18,,67792,51,0,10,1,19,,67803,51,0,10,1,18,,67823,51,0,10,2,60,,67813,51,0,10,1,20,,67818,51,0,10,1,20,,67793,51,0,10,1,61,,67795,51,0,10,1,24,,67797,51,0,10,1,69,,67804,51,0,10,1,30,,67814,51,0,10,1,70,,67781,51,0,10,2,30,,67809,51,0,10,1,69,,67798,51,0,10,1,29,,67805,51,0,10,1,69,,67815,51,0,10,1,30,,67782,51,0,10,2,71,,67810,51,0,10,1,30,,67799,51,0,10,1,66,,67780,51,0,10,1,29,,67786,51,0,10,1,72,,67783,51,0,10,2,30,,67825,51,0,10,2,73,,67800,51,0,10,1,32,,67785,51,0,10,2
19802,'H56JV00I-80-I',547,,67842,51,0,10,1,70,,67832,51,0,10,1,30,,67835,51,0,10,2,70,,67826,51,0,10,1,30,,67853,51,0,10,2,70,,67843,51,0,10,1,30,,67833,51,0,10,1,74,,67836,51,0,10,2,34,,67827,51,0,10,1,73,,67866,51,0,10,1,73,,67854,51,0,10,2,33,,67860,51,0,10,1,73,,67848,51,0,10,1,32,,67844,51,0,10,1,71,,67837,51,0,10,2,31,,67855,51,0,10,2,71,,67861,51,0,10,1,30,,67849,51,0,10,1,71,,67845,51,0,10,1,31,,67838,51,0,10,2,70,,67856,51,0,10,2,30,,67862,51,0,10,1,70,,67850,51,0,10,1,32,,67846,51,0,10,1,71,,67839,51,0,10,2,28,,67857,51,0,10,2,69,,67863,51,0,10,1,28,,67851,51,0,10,1,68,,67847,51,0,10,1,28,,67840,51,0,10,2,70,,67858,51,0,10,2,30,,67864,51,0,10,1,69,,67852,51,0,10,1,29,,67829,51,0,10,1,70,,67841,51,0,10,2,29,,67859,51,0,10,2,70,,67865,51,0,10,1,30,,67834,51,0,10,2,71,,67830,51,0,10,1,33,,67828,51,0,10,2,73,,67831,51,0,10,1
19802,'H56JV00S-80-S',624,,67868,51,0,10,1,31,,67908,51,0,10,1,76,,67891,51,0,10,2,25,,67892,51,0,10,2,62,,67881,51,0,10,1,19,,67890,51,0,10,2,15,,67902,51,0,10,2,48,,67910,51,0,10,1,20,,67880,51,0,10,1,29,,67906,51,0,10,1,70,,67885,51,0,10,1,30,,67867,51,0,10,1,70,,67873,51,0,10,1,30,,67886,51,0,10,1,69,,67884,51,0,10,1,30,,67888,51,0,10,1,71,,67900,51,0,10,1,29,,67887,51,0,10,1,70,,67911,51,0,10,1,31,,67894,51,0,10,1,65,,67872,51,0,10,1,25,,67889,51,0,10,1,65,,67901,51,0,10,1,18,,67907,51,0,10,1,17,,67909,51,0,10,1,16,,67897,51,0,10,1,56,,67877,51,0,10,2,17,,67883,51,0,10,1,74,,67905,51,0,10,1,20,,67882,51,0,10,1,21,,67878,51,0,10,1,66,,67893,51,0,10,1,29,,67903,51,0,10,1,65,,67869,51,0,10,1,27,,67874,51,0,10,2,29,,67895,51,0,10,1,69,,67876,51,0,10,1,73,,67904,51,0,10,1,33,,67870,51,0,10,1,73,,67898,51,0,10,2,33,,67896,51,0,10,1,70,,67875,51,0,10,2,31,,67912,51,0,10,1,70,,67871,51,0,10,1,30,,67899,51,0,10,2,71,,67879,51,0,10,1
19802,'H60J000S-98-S',1745,,67913,51,0,10,1
19802,'H60JV00S-98-S',1745,,67914,51,0,10,1
20904,'H50J000S-83-S',714,,71918,36,0,9,1
20904,'H50JV00S-82-S',714,,71919,36,0,9,1
20904,'H60J000A-80-A',620,,71920,36,0,9,1,33,,71932,36,0,9,2,73,,71926,36,0,9,2,33,,71921,36,0,9,1,73,,71933,36,0,9,2,73,,71927,36,0,9,2,33,,71922,36,0,9,1,72,,71934,36,0,9,2,32,,71928,36,0,9,2,72,,71923,36,0,9,1,34,,71935,36,0,9,2,73,,71929,36,0,9,2,33,,71924,36,0,9,1,73,,71936,36,0,9,2,73,,71930,36,0,9,2,33,,71925,36,0,9,1,73,,71937,36,0,9,2,33,,71931,36,0,9,2,71,,71943,36,0,9,1,32,,71949,36,0,9,2,73,,71938,36,0,9,2,33,,71944,36,0,9,1,71,,71950,36,0,9,2,33,,71939,36,0,9,2,73,,71945,36,0,9,1,31,,71951,36,0,9,2,69,,71940,36,0,9,2,31,,71946,36,0,9,1,71,,71952,36,0,9,2,28,,71941,36,0,9,2,68,,71947,36,0,9,1,29,,71953,36,0,9,2,67,,71942,36,0,9,2,27,,71948,36,0,9,1,69,,71954,36,0,9,2
20904,'H60J000I-80-I',619,,71955,36,0,9,1,32,,71967,36,0,9,2,73,,71979,36,0,9,2,33,,71956,36,0,9,1,72,,71968,36,0,9,2,73,,71980,36,0,9,2,33,,71957,36,0,9,1,72,,71969,36,0,9,2,33,,71981,36,0,9,2,73,,71958,36,0,9,1,33,,71970,36,0,9,2,73,,71982,36,0,9,2,33,,71959,36,0,9,1,73,,71971,36,0,9,2,33,,71983,36,0,9,2,72,,71960,36,0,9,1,73,,71972,36,0,9,2,33,,71984,36,0,9,2,72,,71961,36,0,9,1,33,,71973,36,0,9,2,73,,71985,36,0,9,2,33,,71962,36,0,9,1,72,,71974,36,0,9,2,33,,71986,36,0,9,2,72,,71963,36,0,9,1,31,,71975,36,0,9,2,72,,71987,36,0,9,2,27,,71964,36,0,9,1,71,,71976,36,0,9,2,32,,71988,36,0,9,2,64,,71965,36,0,9,1,29,,71977,36,0,9,2,71,,71989,36,0,9,2,24,,71966,36,0,9,1,68,,71978,36,0,9,2
20904,'H60J000S-98-S',615,,72007,36,0,9,1,39,,71997,36,0,9,1,72,,72019,36,0,9,1,16,,72023,36,0,9,2,70,,72012,36,0,9,1,26,,72025,36,0,9,2,11,,71998,36,0,9,1,65,,72020,36,0,9,1,27,,72024,36,0,9,2,69,,72008,36,0,9,2,33,,71999,36,0,9,1,72,,72021,36,0,9,1,33,,72009,36,0,9,2,73,,72000,36,0,9,1,33,,72022,36,0,9,1,73,,72010,36,0,9,2,74,,71990,36,0,9,1,34,,72001,36,0,9,1,72,,72013,36,0,9,1,30,,72011,36,0,9,2,71,,71991,36,0,9,1,29,,72002,36,0,9,1,69,,72014,36,0,9,1,29,,72026,36,0,9,2,68,,71992,36,0,9,1,27,,72003,36,0,9,1,28,,72015,36,0,9,1,64,,72027,36,0,9,2,24,,71993,36,0,9,1,72,,72004,36,0,9,1,32,,72016,36,0,9,1,72,,71994,36,0,9,1,30,,72005,36,0,9,1,70,,72017,36,0,9,1,32,,71995,36,0,9,1,71,,72006,36,0,9,1,28,,72018,36,0,9,1,71,,71996,36,0,9,1
20904,'H60JV00A-80-A',620,,72046,36,0,9,1,33,,72052,36,0,9,2,73,,72028,36,0,9,2,33,,72047,36,0,9,1,73,,72053,36,0,9,2,73,,72029,36,0,9,2,33,,72048,36,0,9,1,72,,72054,36,0,9,2,32,,72030,36,0,9,2,72,,72049,36,0,9,1,34,,72055,36,0,9,2,73,,72031,36,0,9,2,33,,72050,36,0,9,1,73,,72056,36,0,9,2,73,,72032,36,0,9,2,33,,72051,36,0,9,1,73,,72057,36,0,9,2,33,,72033,36,0,9,2,71,,72040,36,0,9,1,32,,72034,36,0,9,2,73,,72058,36,0,9,2,33,,72041,36,0,9,1,71,,72035,36,0,9,2,33,,72059,36,0,9,2,73,,72042,36,0,9,1,31,,72036,36,0,9,2,69,,72060,36,0,9,2,31,,72043,36,0,9,1,71,,72037,36,0,9,2,28,,72061,36,0,9,2,68,,72044,36,0,9,1,29,,72038,36,0,9,2,67,,72062,36,0,9,2,27,,72045,36,0,9,1,69,,72039,36,0,9,2
20904,'H60JV00I-80-I',619,,72063,36,0,9,1,32,,72075,36,0,9,2,73,,72087,36,0,9,2,33,,72064,36,0,9,1,72,,72076,36,0,9,2,73,,72088,36,0,9,2,33,,72065,36,0,9,1,72,,72077,36,0,9,2,33,,72089,36,0,9,2,73,,72066,36,0,9,1,33,,72078,36,0,9,2,73,,72090,36,0,9,2,33,,72067,36,0,9,1,73,,72079,36,0,9,2,33,,72091,36,0,9,2,72,,72068,36,0,9,1,73,,72080,36,0,9,2,33,,72092,36,0,9,2,72,,72069,36,0,9,1,33,,72081,36,0,9,2,73,,72093,36,0,9,2,33,,72070,36,0,9,1,72,,72082,36,0,9,2,33,,72094,36,0,9,2,72,,72071,36,0,9,1,31,,72083,36,0,9,2,72,,72095,36,0,9,2,27,,72072,36,0,9,1,71,,72084,36,0,9,2,32,,72096,36,0,9,2,64,,72073,36,0,9,1,29,,72085,36,0,9,2,71,,72097,36,0,9,2,24,,72074,36,0,9,1,68,,72086,36,0,9,2
20904,'H60JV00S-98-S',615,,72098,36,0,9,1,39,,72103,36,0,9,1,72,,72113,36,0,9,1,16,,72101,36,0,9,2,70,,72099,36,0,9,1,26,,72100,36,0,9,2,11,,72104,36,0,9,1,65,,72114,36,0,9,1,27,,72102,36,0,9,2,69,,72126,36,0,9,1,33,,72105,36,0,9,1,72,,72115,36,0,9,1,33,,72127,36,0,9,1,73,,72106,36,0,9,1,33,,72116,36,0,9,1,73,,72128,36,0,9,1,74,,72119,36,0,9,1,34,,72107,36,0,9,1,72,,72130,36,0,9,1,30,,72129,36,0,9,1,71,,72120,36,0,9,1,29,,72108,36,0,9,1,69,,72131,36,0,9,1,29,,72117,36,0,9,1,68,,72121,36,0,9,1,27,,72109,36,0,9,1,28,,72132,36,0,9,1,64,,72118,36,0,9,1,24,,72122,36,0,9,1,72,,72110,36,0,9,1,32,,72133,36,0,9,1,72,,72123,36,0,9,1,30,,72111,36,0,9,1,70,,72134,36,0,9,1,32,,72124,36,0,9,1,71,,72112,36,0,9,1,28,,72135,36,0,9,1,71,,72125,36,0,9,1
