20301,'H50J000S-83-S',711,,69148,8,0,5,1
20301,'H50JV00S-82-S',711,,69149,8,0,5,1
20301,'H56J000S-80-S',1806,,69150,8,0,5,1
20301,'H56JV00S-80-S',1806,,69151,8,0,5,1
20301,'H60J000A-80-A',607,,69158,8,0,5,2,30,,69175,8,0,5,1,71,,69170,8,0,5,1,30,,69159,8,0,5,2,71,,69176,8,0,5,1,30,,69171,8,0,5,1,70,,69160,8,0,5,2,32,,69177,8,0,5,1,73,,69172,8,0,5,1,32,,69161,8,0,5,2,73,,69178,8,0,5,1,33,,69173,8,0,5,1,73,,69162,8,0,5,2,32,,69179,8,0,5,1,70,,69186,8,0,5,2,29,,69174,8,0,5,1,69,,69163,8,0,5,2,29,,69180,8,0,5,1,69,,69187,8,0,5,2,29,,69152,8,0,5,1,70,,69164,8,0,5,2,30,,69181,8,0,5,1,70,,69188,8,0,5,2,28,,69153,8,0,5,1,71,,69165,8,0,5,2,31,,69182,8,0,5,1,69,,69154,8,0,5,1,30,,69166,8,0,5,2,69,,69183,8,0,5,1,29,,69155,8,0,5,1,69,,69167,8,0,5,2,29,,69184,8,0,5,1,68,,69156,8,0,5,1,28,,69168,8,0,5,2,68,,69185,8,0,5,1,28,,69157,8,0,5,1,68,,69169,8,0,5,2
20301,'H60J000I-80-I',707,,69189,8,0,5,1,30,,69212,8,0,5,2,70,,69201,8,0,5,1,30,,69190,8,0,5,1,70,,69213,8,0,5,2,30,,69202,8,0,5,1,70,,69191,8,0,5,1,30,,69214,8,0,5,2,70,,69203,8,0,5,1,30,,69192,8,0,5,1,70,,69215,8,0,5,2,30,,69204,8,0,5,1,71,,69193,8,0,5,1,30,,69216,8,0,5,2,70,,69205,8,0,5,1,32,,69194,8,0,5,1,70,,69217,8,0,5,2,31,,69206,8,0,5,1,71,,69195,8,0,5,1,30,,69218,8,0,5,2,70,,69207,8,0,5,1,31,,69196,8,0,5,1,69,,69219,8,0,5,2,29,,69208,8,0,5,1,68,,69197,8,0,5,1,29,,69220,8,0,5,2,69,,69209,8,0,5,1,29,,69198,8,0,5,1,70,,69221,8,0,5,2,30,,69210,8,0,5,1,70,,69199,8,0,5,1,30,,69222,8,0,5,2,70,,69211,8,0,5,1,30,,69200,8,0,5,1,70,,69223,8,0,5,2
20301,'H60J000S-98-S',601,,69235,8,0,5,2,34,,69225,8,0,5,1,66,,69236,8,0,5,1,27,,69224,8,0,5,2,29,,69245,8,0,5,2,66,,69226,8,0,5,1,12,,69246,8,0,5,1,73,,69244,8,0,5,1,32,,69231,8,0,5,1,72,,69227,8,0,5,1,32,,69247,8,0,5,1,72,,69242,8,0,5,1,31,,69232,8,0,5,1,69,,69228,8,0,5,1,30,,69230,8,0,5,1,69,,69233,8,0,5,1,29,,69241,8,0,5,1,69,,69229,8,0,5,1,29,,69253,8,0,5,1,72,,69259,8,0,5,1,33,,69234,8,0,5,1,65,,69248,8,0,5,2,27,,69254,8,0,5,1,63,,69243,8,0,5,1,32,,69258,8,0,5,1,105,,69255,8,0,5,1,71,,69249,8,0,5,1,30,,69237,8,0,5,1,72,,69256,8,0,5,1,31,,69250,8,0,5,1,70,,69238,8,0,5,1,30,,69257,8,0,5,1,71,,69251,8,0,5,1,29,,69239,8,0,5,1,69,,69260,8,0,5,1,28,,69252,8,0,5,1,68,,69240,8,0,5,1
20301,'H60JV00A-80-A',607,,69261,8,0,5,2,30,,69279,8,0,5,1,71,,69293,8,0,5,1,30,,69262,8,0,5,2,71,,69280,8,0,5,1,30,,69294,8,0,5,1,70,,69263,8,0,5,2,32,,69281,8,0,5,1,73,,69295,8,0,5,1,32,,69264,8,0,5,2,73,,69282,8,0,5,1,33,,69296,8,0,5,1,73,,69265,8,0,5,2,32,,69283,8,0,5,1,70,,69290,8,0,5,2,29,,69297,8,0,5,1,69,,69266,8,0,5,2,29,,69284,8,0,5,1,69,,69291,8,0,5,2,29,,69273,8,0,5,1,70,,69267,8,0,5,2,30,,69285,8,0,5,1,70,,69292,8,0,5,2,28,,69274,8,0,5,1,71,,69268,8,0,5,2,31,,69286,8,0,5,1,69,,69275,8,0,5,1,30,,69269,8,0,5,2,69,,69287,8,0,5,1,29,,69276,8,0,5,1,69,,69270,8,0,5,2,29,,69288,8,0,5,1,68,,69277,8,0,5,1,28,,69271,8,0,5,2,68,,69289,8,0,5,1,28,,69278,8,0,5,1,68,,69272,8,0,5,2
20301,'H60JV00I-80-I',707,,69298,8,0,5,1,30,,69321,8,0,5,2,70,,69310,8,0,5,1,30,,69299,8,0,5,1,70,,69322,8,0,5,2,30,,69311,8,0,5,1,70,,69300,8,0,5,1,30,,69323,8,0,5,2,70,,69312,8,0,5,1,30,,69301,8,0,5,1,70,,69324,8,0,5,2,30,,69313,8,0,5,1,71,,69302,8,0,5,1,30,,69325,8,0,5,2,70,,69314,8,0,5,1,32,,69303,8,0,5,1,70,,69326,8,0,5,2,31,,69315,8,0,5,1,71,,69304,8,0,5,1,30,,69327,8,0,5,2,70,,69316,8,0,5,1,31,,69305,8,0,5,1,69,,69328,8,0,5,2,29,,69317,8,0,5,1,68,,69306,8,0,5,1,29,,69329,8,0,5,2,69,,69318,8,0,5,1,29,,69307,8,0,5,1,70,,69330,8,0,5,2,30,,69319,8,0,5,1,70,,69308,8,0,5,1,30,,69331,8,0,5,2,70,,69320,8,0,5,1,30,,69309,8,0,5,1,70,,69332,8,0,5,2
20301,'H60JV00S-98-S',601,,69369,8,0,5,2,34,,69363,8,0,5,1,66,,69343,8,0,5,1,27,,69366,8,0,5,2,29,,69344,8,0,5,2,66,,69364,8,0,5,1,12,,69339,8,0,5,1,73,,69367,8,0,5,1,32,,69352,8,0,5,1,72,,69365,8,0,5,1,32,,69340,8,0,5,1,72,,69341,8,0,5,1,31,,69353,8,0,5,1,69,,69350,8,0,5,1,30,,69334,8,0,5,1,69,,69354,8,0,5,1,29,,69355,8,0,5,1,69,,69351,8,0,5,1,29,,69345,8,0,5,1,72,,69357,8,0,5,1,33,,69333,8,0,5,1,65,,69368,8,0,5,2,27,,69346,8,0,5,1,63,,69342,8,0,5,1,32,,69356,8,0,5,1,105,,69347,8,0,5,1,71,,69335,8,0,5,1,30,,69359,8,0,5,1,72,,69348,8,0,5,1,31,,69336,8,0,5,1,70,,69360,8,0,5,1,30,,69349,8,0,5,1,71,,69337,8,0,5,1,29,,69361,8,0,5,1,69,,69358,8,0,5,1,28,,69338,8,0,5,1,68,,69362,8,0,5,1
