9202,'H50M000S-81-S',902,,192870,24,0,10,2
9202,'H51M000A-80-A',600,,192894,24,0,10,2,33,,192907,24,0,10,1,73,,192873,24,0,10,1,34,,192895,24,0,10,2,72,,192883,24,0,10,1,32,,192874,24,0,10,1,71,,192896,24,0,10,2,30,,192884,24,0,10,1,71,,192875,24,0,10,1,33,,192897,24,0,10,2,71,,192885,24,0,10,1,33,,192876,24,0,10,1,72,,192898,24,0,10,2,33,,192886,24,0,10,1,74,,192877,24,0,10,1,75,,192899,24,0,10,2,34,,192887,24,0,10,1,72,,192908,24,0,10,2,29,,192878,24,0,10,1,73,,192900,24,0,10,2,33,,192889,24,0,10,1,74,,192879,24,0,10,1,30,,192901,24,0,10,2,73,,192890,24,0,10,1,31,,192880,24,0,10,1,72,,192902,24,0,10,2,72,,192891,24,0,10,1,31,,192881,24,0,10,1,70,,192903,24,0,10,2,30,,192892,24,0,10,1,70,,192882,24,0,10,1,30,,192904,24,0,10,2,70,,192893,24,0,10,1,30,,192871,24,0,10,1,70,,192905,24,0,10,2,30,,192909,24,0,10,1,28,,192872,24,0,10,1,73,,192906,24,0,10,2,73,,192888,24,0,10,1
9202,'H51M000I-80-I',526,,192921,24,0,10,1,33,,192910,24,0,10,1,74,,192930,24,0,10,1,72,,192925,24,0,10,2,30,,192911,24,0,10,1,70,,192931,24,0,10,1,32,,192926,24,0,10,2,70,,192912,24,0,10,1,31,,192932,24,0,10,1,70,,192927,24,0,10,2,31,,192913,24,0,10,1,72,,192933,24,0,10,1,32,,192928,24,0,10,2,74,,192914,24,0,10,1,33,,192934,24,0,10,1,73,,192929,24,0,10,2,33,,192915,24,0,10,1,74,,192935,24,0,10,1,73,,192942,24,0,10,2,33,,192916,24,0,10,1,73,,192936,24,0,10,1,33,,192943,24,0,10,2,72,,192917,24,0,10,1,32,,192937,24,0,10,1,72,,192944,24,0,10,2,30,,192918,24,0,10,1,72,,192938,24,0,10,1,32,,192945,24,0,10,2,71,,192919,24,0,10,1,30,,192939,24,0,10,1,72,,192946,24,0,10,2,32,,192920,24,0,10,1,72,,192940,24,0,10,1,71,,192947,24,0,10,2,32,,192922,24,0,10,1,71,,192941,24,0,10,1,32,,192948,24,0,10,2,71,,192923,24,0,10,1,30,,192949,24,0,10,2,70,,192924,24,0,10,1
9202,'H51M000S-80-S',521,,192956,24,0,10,1,26,,192969,24,0,10,1,58,,192976,24,0,10,1,19,,192984,24,0,10,1,17,,192957,24,0,10,1,17,,192986,24,0,10,2,55,,192970,24,0,10,1,15,,192987,24,0,10,2,16,,192977,24,0,10,1,56,,192955,24,0,10,1,15,,192985,24,0,10,1,17,,192958,24,0,10,1,15,,192971,24,0,10,2,75,,192988,24,0,10,2,26,,192978,24,0,10,1,68,,192959,24,0,10,1,28,,192972,24,0,10,2,68,,192989,24,0,10,2,28,,192979,24,0,10,1,68,,192960,24,0,10,1,30,,192973,24,0,10,2,68,,192990,24,0,10,2,28,,192980,24,0,10,1,68,,192961,24,0,10,1,29,,192974,24,0,10,2,27,,192991,24,0,10,2,64,,192995,24,0,10,2,16,,192981,24,0,10,1,16,,192962,24,0,10,1,56,,192996,24,0,10,2,16,,192975,24,0,10,2,23,,192993,24,0,10,2,62,,192992,24,0,10,2,23,,192982,24,0,10,1,23,,192963,24,0,10,1,64,,192997,24,0,10,2,23,,192994,24,0,10,2,66,,192950,24,0,10,1,30,,192964,24,0,10,1,69,,192998,24,0,10,2,27,,192951,24,0,10,1,70,,192965,24,0,10,1,30,,192999,24,0,10,2,70,,192952,24,0,10,1,30,,192966,24,0,10,1,70,,193000,24,0,10,2,30,,192953,24,0,10,1,67,,192967,24,0,10,1,29,,193001,24,0,10,2,70,,192954,24,0,10,1,31,,192968,24,0,10,1,71,,192983,24,0,10,1
36903,'H50M000A-81-A',2554,,214762,33,0,8,2,70,,214759,33,0,8,1,17,,214758,33,0,8,1,12,,214765,33,0,8,1,51,,214763,33,0,8,2,10,,214768,33,0,8,2,11,,214760,33,0,8,1,13,,214770,33,0,8,1,16,,214766,33,0,8,1,57,,214769,33,0,8,2,14,,214764,33,0,8,2,13,,214761,33,0,8,1,14,,214767,33,0,8,1
36903,'H50M000I-81-I',2553,,214772,33,0,8,1,87,,214775,33,0,8,1,77,,214771,33,0,8,1,24,,214773,33,0,8,1,63,,214776,33,0,8,1,43,,214774,33,0,8,1
36903,'H50M000S-81-S',2555,,214780,33,0,8,1,52,,214777,33,0,8,2,26,,214783,33,0,8,2,22,,214781,33,0,8,1,79,,214778,33,0,8,2,80,,214782,33,0,8,1,37,,214779,33,0,8,2
36903,'H50M000S-81-SV',2619,,214784,33,0,8,1,23,,214785,33,0,8,1,72,,214787,33,0,8,1,40,,214786,33,0,8,1
37202,'H54M000A-80-A',2633,,214903,98,0,10,1,90,,214902,98,0,10,1,85,,214901,98,0,10,1,44,,214904,98,0,10,1,90,,214905,98,0,10,1
37202,'H54M000I-81-I',2638,,214909,98,0,10,2,85,,214907,98,0,10,1,86,,214906,98,0,10,1,46,,214908,98,0,10,1,89,,214910,98,0,10,1
37202,'H54M000S-81-S',2615,,214911,98,0,10,1,40,,214913,98,0,10,2,80,,214915,98,0,10,1,82,,214914,98,0,10,1,86,,214916,98,0,10,1,49,,214912,98,0,10,1
