21702,'H60J000A-80-A',652,,73867,28,0,10,1,70,,73884,28,0,10,2,32,,73868,28,0,10,1,71,,73885,28,0,10,2,31,,73869,28,0,10,1,71,,73886,28,0,10,2,31,,73870,28,0,10,1,71,,73887,28,0,10,2,72,,73871,28,0,10,1,32,,73888,28,0,10,2,72,,73872,28,0,10,1,32,,73889,28,0,10,2,73,,73873,28,0,10,1,33,,73890,28,0,10,2,72,,73874,28,0,10,1,32,,73891,28,0,10,2,73,,73875,28,0,10,1,32,,73892,28,0,10,2,73,,73876,28,0,10,1,31,,73893,28,0,10,2,73,,73877,28,0,10,1,71,,73894,28,0,10,2,30,,73878,28,0,10,1,71,,73895,28,0,10,2,30,,73879,28,0,10,1,71,,73896,28,0,10,2,30,,73880,28,0,10,1,71,,73897,28,0,10,2,31,,73881,28,0,10,1,71,,73898,28,0,10,2,31,,73882,28,0,10,1,71,,73899,28,0,10,2,32,,73883,28,0,10,1,83,,73900,28,0,10,2
21702,'H60J000I-80-I',746,,73907,28,0,10,1,70,,73917,28,0,10,2,31,,73908,28,0,10,1,72,,73918,28,0,10,2,30,,73909,28,0,10,1,72,,73919,28,0,10,2,33,,73910,28,0,10,1,72,,73920,28,0,10,2,31,,73911,28,0,10,1,72,,73921,28,0,10,2,72,,73912,28,0,10,1,33,,73922,28,0,10,2,72,,73913,28,0,10,1,32,,73923,28,0,10,2,72,,73914,28,0,10,1,32,,73924,28,0,10,2,72,,73915,28,0,10,1,32,,73925,28,0,10,2,72,,73916,28,0,10,1,32,,73926,28,0,10,2,72,,73901,28,0,10,1,32,,73927,28,0,10,2,71,,73902,28,0,10,1,31,,73928,28,0,10,2,72,,73903,28,0,10,1,73,,73929,28,0,10,2,33,,73904,28,0,10,1,73,,73930,28,0,10,2,33,,73905,28,0,10,1,73,,73931,28,0,10,2,33,,73906,28,0,10,1,73,,73932,28,0,10,2
21702,'H60J000S-98-S',658,,73943,28,0,10,1,76,,73935,28,0,10,1,73,,73933,28,0,10,1,33,,73934,28,0,10,2,70,,73936,28,0,10,1,33,,73946,28,0,10,2,73,,73937,28,0,10,1,33,,73947,28,0,10,2,72,,73938,28,0,10,1,32,,73948,28,0,10,2,72,,73939,28,0,10,1,31,,73949,28,0,10,2,72,,73940,28,0,10,1,73,,73950,28,0,10,2,32,,73941,28,0,10,1,74,,73951,28,0,10,2,32,,73956,28,0,10,2,66,,73957,28,0,10,1,33,,73942,28,0,10,1,76,,73944,28,0,10,1,24,,73958,28,0,10,1,16,,73965,28,0,10,2,59,,73952,28,0,10,1,18,,73945,28,0,10,1,25,,73959,28,0,10,1,69,,73953,28,0,10,1,75,,73960,28,0,10,1,34,,73954,28,0,10,1,75,,73961,28,0,10,1,35,,73955,28,0,10,1,73,,73962,28,0,10,1,101,,73963,28,0,10,1,103,,73964,28,0,10,1
21702,'H60JV00A-80-A',652,,73966,28,0,10,1,70,,73983,28,0,10,2,32,,73967,28,0,10,1,71,,73984,28,0,10,2,31,,73968,28,0,10,1,71,,73985,28,0,10,2,31,,73969,28,0,10,1,71,,73986,28,0,10,2,72,,73970,28,0,10,1,32,,73987,28,0,10,2,72,,73971,28,0,10,1,32,,73988,28,0,10,2,73,,73972,28,0,10,1,33,,73989,28,0,10,2,72,,73973,28,0,10,1,32,,73990,28,0,10,2,73,,73974,28,0,10,1,32,,73991,28,0,10,2,73,,73975,28,0,10,1,31,,73992,28,0,10,2,73,,73976,28,0,10,1,71,,73993,28,0,10,2,30,,73977,28,0,10,1,71,,73994,28,0,10,2,30,,73978,28,0,10,1,71,,73995,28,0,10,2,30,,73979,28,0,10,1,71,,73996,28,0,10,2,31,,73980,28,0,10,1,71,,73997,28,0,10,2,31,,73981,28,0,10,1,71,,73998,28,0,10,2,32,,73982,28,0,10,1,83,,73999,28,0,10,2
21702,'H60JV00I-80-I',746,,74022,28,0,10,1,70,,74006,28,0,10,2,31,,74023,28,0,10,1,72,,74007,28,0,10,2,30,,74024,28,0,10,1,72,,74008,28,0,10,2,33,,74025,28,0,10,1,72,,74009,28,0,10,2,31,,74026,28,0,10,1,72,,74010,28,0,10,2,72,,74027,28,0,10,1,33,,74011,28,0,10,2,72,,74028,28,0,10,1,32,,74012,28,0,10,2,72,,74029,28,0,10,1,32,,74013,28,0,10,2,72,,74030,28,0,10,1,32,,74014,28,0,10,2,72,,74031,28,0,10,1,32,,74015,28,0,10,2,72,,74000,28,0,10,1,32,,74016,28,0,10,2,71,,74001,28,0,10,1,31,,74017,28,0,10,2,72,,74002,28,0,10,1,73,,74018,28,0,10,2,33,,74003,28,0,10,1,73,,74019,28,0,10,2,33,,74004,28,0,10,1,73,,74020,28,0,10,2,33,,74005,28,0,10,1,73,,74021,28,0,10,2
21702,'H60JV00S-98-S',658,,74032,28,0,10,1,76,,74054,28,0,10,1,73,,74046,28,0,10,1,33,,74034,28,0,10,2,70,,74055,28,0,10,1,33,,74048,28,0,10,2,73,,74056,28,0,10,1,33,,74049,28,0,10,2,72,,74057,28,0,10,1,32,,74050,28,0,10,2,72,,74058,28,0,10,1,31,,74051,28,0,10,2,72,,74059,28,0,10,1,73,,74052,28,0,10,2,32,,74060,28,0,10,1,74,,74053,28,0,10,2,32,,74037,28,0,10,2,66,,74038,28,0,10,1,33,,74033,28,0,10,1,76,,74035,28,0,10,1,24,,74039,28,0,10,1,16,,74047,28,0,10,1,59,,74061,28,0,10,1,18,,74036,28,0,10,1,25,,74040,28,0,10,1,69,,74062,28,0,10,1,75,,74041,28,0,10,1,34,,74063,28,0,10,1,75,,74042,28,0,10,1,35,,74064,28,0,10,1,73,,74043,28,0,10,1,101,,74044,28,0,10,1,103,,74045,28,0,10,1
21902,'H60J000S-98-S',549,,74161,18,0,10,1,71,,74164,18,0,10,1,35,,74162,18,0,10,1,71,,74165,18,0,10,1,75,,74163,18,0,10,1,33,,74166,18,0,10,1,673,,74157,18,0,10,1,39,,74167,18,0,10,2,66,,74158,18,0,10,1,40,,74168,18,0,10,2,73,,74159,18,0,10,1,33,,74169,18,0,10,2,85,,74160,18,0,10,1
21902,'H60JV00S-98-S',549,,74173,18,0,10,1,71,,74170,18,0,10,1,35,,74174,18,0,10,1,71,,74171,18,0,10,1,75,,74175,18,0,10,1,33,,74172,18,0,10,1,673,,74177,18,0,10,1,39,,74180,18,0,10,2,66,,74178,18,0,10,1,40,,74181,18,0,10,2,73,,74179,18,0,10,1,33,,74182,18,0,10,2,85,,74176,18,0,10,1
41902,'H60J000S-98-S',619,,76641,6,0,10,1,30,,76650,6,0,10,2,59,,76654,6,0,10,2,9,,76656,6,0,10,2,8,,76642,6,0,10,1,8,,76665,6,0,10,2,9,,76666,6,0,10,1,11,,76651,6,0,10,2,51,,76655,6,0,10,2,11,,76657,6,0,10,2,11,,76643,6,0,10,1,17,,76667,6,0,10,1,58,,76652,6,0,10,2,19,,76644,6,0,10,1,19,,76658,6,0,10,2,19,,76668,6,0,10,1,59,,76645,6,0,10,1,19,,76653,6,0,10,2,19,,76659,6,0,10,2,59,,76669,6,0,10,1,19,,76646,6,0,10,1,24,,76660,6,0,10,2,71,,76670,6,0,10,1,31,,76661,6,0,10,2,70,,76647,6,0,10,1,71,,76671,6,0,10,1,31,,76648,6,0,10,1,72,,76662,6,0,10,2,31,,76672,6,0,10,1,71,,76663,6,0,10,2,31,,76673,6,0,10,1,72,,76664,6,0,10,2,23,,76649,6,0,10,1,23,,76674,6,0,10,2
41902,'H60JV00S-98-S',619,,76675,6,0,10,1,33,,76687,6,0,10,2,71,,76676,6,0,10,1,31,,76688,6,0,10,2,71,,76677,6,0,10,1,31,,76689,6,0,10,2,70,,76678,6,0,10,1,30,,76690,6,0,10,2,70,,76679,6,0,10,1,30,,76691,6,0,10,2,70,,76680,6,0,10,1,31,,76692,6,0,10,2,71,,76681,6,0,10,1,31,,76693,6,0,10,2,71,,76682,6,0,10,1,71,,76694,6,0,10,2,31,,76683,6,0,10,1,71,,76695,6,0,10,2,31,,76684,6,0,10,1,71,,76696,6,0,10,2,31,,76685,6,0,10,1,72,,76697,6,0,10,2,23,,76698,6,0,10,2,23,,76686,6,0,10,1
42502,'H50J000S-83-S',1534,,76791,32,0,10,1,22,,76793,32,0,10,2,61,,76792,32,0,10,1
42502,'H50JV00S-82-S',1534,,76794,32,0,10,1,22,,76796,32,0,10,2,61,,76795,32,0,10,1
42502,'H56J000S-80-S',1251,,76799,32,0,10,1,69,,76810,32,0,10,1,33,,76809,32,0,10,1,63,,76801,32,0,10,1,26,,76806,32,0,10,1,66,,76811,32,0,10,1,130,,76800,32,0,10,1,21,,76807,32,0,10,2,62,,76797,32,0,10,1,18,,76802,32,0,10,1,82,,76804,32,0,10,1,34,,76808,32,0,10,2,57,,76798,32,0,10,1,16,,76805,32,0,10,1,23,,76803,32,0,10,2
42502,'H56JV00S-80-S',1251,,76814,32,0,10,1,69,,76825,32,0,10,1,33,,76824,32,0,10,1,63,,76816,32,0,10,1,26,,76821,32,0,10,1,66,,76826,32,0,10,1,130,,76815,32,0,10,1,21,,76822,32,0,10,1,62,,76812,32,0,10,1,18,,76817,32,0,10,1,82,,76819,32,0,10,1,34,,76823,32,0,10,2,57,,76813,32,0,10,1,16,,76820,32,0,10,1,23,,76818,32,0,10,2
42502,'H60J000S-98-S',1801,,76828,32,0,10,2,36,,76827,32,0,10,1
42502,'H60JV00S-98-S',1801,,76829,32,0,10,2,36,,76830,32,0,10,1
