15001,'H56M000S-80-S',1630,,202609,4,0,5,1
15001,'H59M000A-80-A',859,,202611,4,0,5,2,66,,202637,4,0,5,1,27,,202612,4,0,5,2,66,,202638,4,0,5,1,18,,202625,4,0,5,2,19,,202613,4,0,5,2,60,,202639,4,0,5,1,19,,202626,4,0,5,2,20,,202614,4,0,5,2,59,,202640,4,0,5,1,20,,202627,4,0,5,2,20,,202615,4,0,5,2,59,,202641,4,0,5,1,21,,202628,4,0,5,2,21,,202616,4,0,5,2,61,,202642,4,0,5,1,23,,202629,4,0,5,2,21,,202617,4,0,5,2,61,,202643,4,0,5,1,23,,202630,4,0,5,2,60,,202618,4,0,5,2,21,,202644,4,0,5,1,23,,202631,4,0,5,2,60,,202619,4,0,5,2,22,,202645,4,0,5,1,22,,202632,4,0,5,2,61,,202620,4,0,5,2,21,,202646,4,0,5,1,22,,202633,4,0,5,2,62,,202621,4,0,5,2,21,,202647,4,0,5,1,21,,202634,4,0,5,2,62,,202622,4,0,5,2,22,,202648,4,0,5,1,61,,202635,4,0,5,2,21,,202623,4,0,5,2,22,,202649,4,0,5,1,63,,202636,4,0,5,2,25,,202624,4,0,5,2,72,,202650,4,0,5,1,32,,202610,4,0,5,1,72,,202651,4,0,5,1
15001,'H59M000I-80-I',859,,202667,4,0,5,1,65,,202652,4,0,5,1,26,,202668,4,0,5,1,65,,202681,4,0,5,1,19,,202653,4,0,5,1,19,,202669,4,0,5,1,59,,202682,4,0,5,1,19,,202654,4,0,5,1,19,,202670,4,0,5,1,60,,202683,4,0,5,1,21,,202655,4,0,5,1,20,,202671,4,0,5,1,60,,202684,4,0,5,1,21,,202656,4,0,5,1,20,,202672,4,0,5,1,61,,202685,4,0,5,1,21,,202657,4,0,5,1,21,,202673,4,0,5,1,60,,202686,4,0,5,1,21,,202658,4,0,5,1,21,,202674,4,0,5,1,61,,202687,4,0,5,1,21,,202659,4,0,5,1,61,,202675,4,0,5,1,20,,202688,4,0,5,1,20,,202660,4,0,5,1,19,,202676,4,0,5,1,60,,202689,4,0,5,1,19,,202661,4,0,5,1,19,,202677,4,0,5,1,60,,202690,4,0,5,1,19,,202662,4,0,5,1,19,,202678,4,0,5,1,59,,202691,4,0,5,1,20,,202663,4,0,5,1,19,,202679,4,0,5,1,60,,202692,4,0,5,1,19,,202664,4,0,5,1,19,,202680,4,0,5,1,59,,202693,4,0,5,1,27,,202665,4,0,5,1,70,,202694,4,0,5,1,29,,202666,4,0,5,1,68,,202695,4,0,5,1
15001,'H59M000S-80-S',629,,202714,4,0,5,1,23,,202725,4,0,5,2,62,,202696,4,0,5,2,23,,202715,4,0,5,1,64,,202726,4,0,5,2,26,,202697,4,0,5,2,23,,202716,4,0,5,1,61,,202702,4,0,5,1,19,,202727,4,0,5,2,18,,202698,4,0,5,2,59,,202717,4,0,5,1,18,,202703,4,0,5,1,20,,202728,4,0,5,2,60,,202699,4,0,5,2,21,,202718,4,0,5,1,21,,202704,4,0,5,1,60,,202729,4,0,5,2,20,,202700,4,0,5,2,21,,202719,4,0,5,1,60,,202705,4,0,5,1,20,,202730,4,0,5,2,21,,202701,4,0,5,2,60,,202720,4,0,5,1,19,,202706,4,0,5,1,21,,202731,4,0,5,2,60,,202738,4,0,5,2,20,,202721,4,0,5,1,20,,202707,4,0,5,1,60,,202732,4,0,5,2,40,,202722,4,0,5,1,60,,202708,4,0,5,1,19,,202733,4,0,5,2,20,,202739,4,0,5,1,61,,202723,4,0,5,1,21,,202709,4,0,5,1,21,,202734,4,0,5,2,61,,202740,4,0,5,1,21,,202724,4,0,5,1,21,,202710,4,0,5,1,61,,202735,4,0,5,2,23,,202741,4,0,5,1,68,,202711,4,0,5,1,30,,202736,4,0,5,2,70,,202742,4,0,5,1,30,,202712,4,0,5,1,70,,202737,4,0,5,2,30,,202743,4,0,5,1,73,,202713,4,0,5,1
35001,'H56M000A-80-A',2609,,214117,86,0,5,1,92,,214120,86,0,5,1,53,,214118,86,0,5,1,85,,214119,86,0,5,1,84,,214121,86,0,5,1
35001,'H56M000I-80-I',2605,,214123,86,0,5,1,47,,214126,86,0,5,2,87,,214122,86,0,5,1,84,,214124,86,0,5,1,87,,214125,86,0,5,2
35001,'H56M000S-80-S',2604,,214127,86,0,5,1,47,,214131,86,0,5,2,88,,214128,86,0,5,1,85,,214129,86,0,5,2,88,,214130,86,0,5,1
35503,'H54M000A-80-A',2523,,214224,4,0,8,1,31,,214222,4,0,8,2,65,,214223,4,0,8,1,25,,214221,4,0,8,1,71,,214227,4,0,8,1,24,,214228,4,0,8,2,80,,214225,4,0,8,1,30,,214226,4,0,8,2
35503,'H54M000I-81-I',2524,,214230,4,0,8,1,84,,214232,4,0,8,1,45,,214229,4,0,8,1,85,,214233,4,0,8,2,85,,214231,4,0,8,1,26,,214234,4,0,8,1
35503,'H54M000S-81-S',2523,,214238,4,0,8,1,84,,214236,4,0,8,1,46,,214235,4,0,8,1,85,,214240,4,0,8,1,78,,214239,4,0,8,1,33,,214237,4,0,8,1
35801,'H59M000A-80-A',2431,,214338,4,0,5,2,27,,214331,4,0,5,1,71,,214339,4,0,5,2,71,,214332,4,0,5,1,31,,214340,4,0,5,2,19,,214336,4,0,5,1,58,,214333,4,0,5,1,23,,214341,4,0,5,2,20,,214337,4,0,5,1,57,,214334,4,0,5,1,26,,214342,4,0,5,2,69,,214335,4,0,5,1
35801,'H59M000I-80-I',2432,,214343,4,0,5,1,70,,214348,4,0,5,2,30,,214344,4,0,5,1,70,,214349,4,0,5,2,30,,214345,4,0,5,1,70,,214350,4,0,5,2,30,,214346,4,0,5,1,70,,214351,4,0,5,2,30,,214347,4,0,5,1,70,,214352,4,0,5,2
35801,'H59M000S-80-S',2433,,214353,4,0,5,2,70,,214358,4,0,5,1,30,,214354,4,0,5,2,70,,214359,4,0,5,1,30,,214355,4,0,5,2,70,,214360,4,0,5,1,30,,214356,4,0,5,2,70,,214361,4,0,5,1,30,,214357,4,0,5,2,69,,214362,4,0,5,1
35801,'H59M000S-80-SV',2618,,214363,4,0,5,2,30,,214366,4,0,5,2,70,,214364,4,0,5,2,30,,214367,4,0,5,2,70,,214365,4,0,5,2,29,,214368,4,0,5,2
36401,'H54M000A-80-A',2540,,214659,4,0,5,2,88,,214656,4,0,5,1,31,,214658,4,0,5,2,50,,214661,4,0,5,1,45,,214657,4,0,5,2,84,,214660,4,0,5,1
36401,'H54M000I-81-I',2538,,214663,4,0,5,1,86,,214662,4,0,5,1,31,,214665,4,0,5,1,71,,214667,4,0,5,1,31,,214666,4,0,5,2,81,,214664,4,0,5,1
36401,'H54M000S-81-S',2538,,214669,4,0,5,1,85,,214672,4,0,5,1,85,,214671,4,0,5,1,45,,214668,4,0,5,1,85,,214670,4,0,5,1
48003,'H50M000S-81-S',1449,,217086,2,0,8,1,63,,217077,2,0,8,1,22,,217082,2,0,8,1,22,,217079,2,0,8,1,72,,217076,2,0,8,1,19,,217083,2,0,8,1,62,,217085,2,0,8,1,24,,217087,2,0,8,1,23,,217081,2,0,8,1,65,,217080,2,0,8,1,20,,217084,2,0,8,1,73,,217078,2,0,8,1
