5201,'H58J000S-81-S',629,,20179,1,0,5,1,72,,20180,1,0,5,2,31,,20176,1,0,5,1,70,,20177,1,0,5,1,32,,20178,1,0,5,2,25,,20181,1,0,5,1,666,,20183,1,0,5,1,30,,20184,1,0,5,2,67,,20185,1,0,5,2,30,,20186,1,0,5,2,70,,20187,1,0,5,2,31,,20182,1,0,5,1
5201,'H58J000S-83-S',629,,20191,1,0,5,1,72,,20192,1,0,5,2,31,,20188,1,0,5,1,70,,20189,1,0,5,1,32,,20190,1,0,5,2,25,,20193,1,0,5,1,666,,20195,1,0,5,1,30,,20196,1,0,5,2,67,,20197,1,0,5,2,30,,20198,1,0,5,2,70,,20199,1,0,5,2,31,,20194,1,0,5,1
5201,'H58JV00S-82-S',629,,20203,1,0,5,1,72,,20204,1,0,5,2,31,,20200,1,0,5,1,70,,20201,1,0,5,1,32,,20202,1,0,5,1,25,,20205,1,0,5,1,666,,20207,1,0,5,1,30,,20208,1,0,5,2,67,,20209,1,0,5,2,30,,20210,1,0,5,2,70,,20211,1,0,5,2,31,,20206,1,0,5,1
5202,'H58J000S-81-S',629,,20215,8,4,,1,72,,20216,8,4,,2,31,,20212,8,4,,1,70,,20213,8,4,,1,32,,20214,8,4,,2,25,,20217,8,4,,1,666,,20219,7,4,,1,30,,20220,7,4,,2,67,,20221,7,4,,2,30,,20222,7,4,,2,70,,20223,7,4,,2,31,,20218,7,4,,1
5202,'H58J000S-83-S',629,,20227,8,4,,1,72,,20228,8,4,,2,31,,20224,8,4,,1,70,,20225,8,4,,1,32,,20226,8,4,,2,25,,20229,8,4,,1,666,,20231,7,4,,1,30,,20232,7,4,,2,67,,20233,7,4,,2,30,,20234,7,4,,2,70,,20235,7,4,,2,31,,20230,7,4,,1
5202,'H58JV00S-82-S',629,,20239,8,4,,1,72,,20240,8,4,,2,31,,20236,8,4,,1,70,,20237,8,4,,1,32,,20238,8,4,,1,25,,20241,8,4,,1,666,,20243,7,4,,1,30,,20244,7,4,,2,67,,20245,7,4,,2,30,,20246,7,4,,2,70,,20247,7,4,,2,31,,20242,7,4,,1
13503,'H50J000S-83-S',1554,,47459,4,0,8,1
13503,'H50JV00S-82-S',1554,,47460,4,0,8,1
13503,'H58J000S-81-S',1411,,47461,4,0,8,1,26,,47462,4,0,8,2,77,,47463,4,0,8,2,89,,47465,4,0,8,1,26,,47466,4,0,8,2,83,,47464,4,0,8,2,42,,47467,4,0,8,2
13503,'H58J000S-83-S',1411,,47468,4,0,8,1,26,,47469,4,0,8,2,77,,47470,4,0,8,2,89,,47472,4,0,8,1,26,,47473,4,0,8,2,83,,47471,4,0,8,2,42,,47474,4,0,8,2
13503,'H58JV00S-82-S',1411,,47475,4,0,8,1,26,,47476,4,0,8,2,77,,47477,4,0,8,2,89,,47479,4,0,8,1,26,,47480,4,0,8,1,83,,47478,4,0,8,2,42,,47481,4,0,8,2
13504,'H50J000S-83-S',635,,47482,11,0,9,1,100,,47483,11,0,9,1
13504,'H50JV00S-82-S',635,,47484,11,0,9,1,100,,47485,11,0,9,1
13504,'H58J000S-81-S',706,,47490,11,0,9,1,100,,47487,11,0,9,2,29,,47486,11,0,9,1,71,,47489,11,0,9,2,38,,47488,11,0,9,1
13504,'H58J000S-83-S',706,,47495,11,0,9,1,100,,47492,11,0,9,2,29,,47491,11,0,9,1,71,,47494,11,0,9,2,38,,47493,11,0,9,1
13504,'H58JV00S-82-S',706,,47500,11,0,9,1,100,,47497,11,0,9,1,29,,47496,11,0,9,1,71,,47499,11,0,9,1,38,,47498,11,0,9,1
