20001,'H56M000S-70-S',725,,147813,34,,,1
20001,'H60M000A-71-A',622,,147830,34,,,1,26,,147834,34,,,1,66,,147832,34,,,1,26,,147831,34,,,1,68,,147835,34,,,1,28,,147833,34,,,1,69,,147836,34,,,2,30,,147822,34,,,1,69,,147814,34,,,2,26,,147837,34,,,1,28,,147823,34,,,1,67,,147815,34,,,2,28,,147838,34,,,1,67,,147824,34,,,1,28,,147816,34,,,2,67,,147839,34,,,1,27,,147825,34,,,1,68,,147817,34,,,2,28,,147840,34,,,1,67,,147826,34,,,1,28,,147818,34,,,2,68,,147841,34,,,1,27,,147827,34,,,1,28,,147819,34,,,2,68,,147842,34,,,1,27,,147828,34,,,1,64,,147820,34,,,2,28,,147843,34,,,1,66,,147829,34,,,1,27,,147821,34,,,2
20001,'H60M000I-71-I',723,,147846,34,,,1,30,,147853,34,,,2,71,,147861,34,,,1,30,,147847,34,,,1,70,,147854,34,,,2,30,,147862,34,,,1,70,,147848,34,,,1,30,,147855,34,,,2,70,,147867,34,,,1,31,,147849,34,,,1,70,,147856,34,,,2,30,,147863,34,,,1,72,,147850,34,,,1,30,,147857,34,,,2,70,,147864,34,,,1,30,,147851,34,,,1,70,,147858,34,,,2,30,,147865,34,,,1,70,,147852,34,,,1,30,,147859,34,,,2,70,,147866,34,,,1,30,,147844,34,,,1,71,,147860,34,,,2,29,,147868,34,,,1,69,,147845,34,,,1
20001,'H60M000S-71-S',613,,147883,34,,,1,38,,147882,34,,,1,61,,147884,34,,,1,30,,147869,34,,,1,16,,147892,34,,,2,55,,147876,34,,,2,26,,147887,34,,,2,11,,147885,34,,,1,71,,147870,34,,,1,32,,147877,34,,,2,72,,147886,34,,,1,33,,147871,34,,,1,73,,147878,34,,,2,72,,147888,34,,,1,30,,147872,34,,,1,70,,147879,34,,,2,30,,147889,34,,,1,71,,147873,34,,,1,30,,147880,34,,,2,70,,147890,34,,,1,34,,147874,34,,,1,72,,147881,34,,,2,31,,147891,34,,,1,66,,147896,34,,,2,26,,147875,34,,,1,72,,147893,34,,,1,31,,147897,34,,,2,69,,147895,34,,,1,28,,147894,34,,,2
20001,'H60M100F-71-F1',723,,147912,34,,,2,30,,147914,34,,,1,71,,147922,34,,,2,30,,147913,34,,,2,70,,147915,34,,,1,30,,147899,34,,,2,70,,147906,34,,,1,30,,147916,34,,,1,70,,147900,34,,,2,31,,147908,34,,,1,70,,147917,34,,,1,30,,147901,34,,,2,72,,147907,34,,,1,30,,147918,34,,,1,70,,147902,34,,,2,30,,147909,34,,,1,70,,147919,34,,,1,30,,147903,34,,,2,70,,147910,34,,,1,30,,147920,34,,,1,70,,147904,34,,,2,30,,147911,34,,,2,71,,147921,34,,,1,29,,147905,34,,,2,69,,147898,34,,,1
20001,'H60M200F-71-F2',723,,147924,34,,,2,30,,147947,34,,,1,71,,147933,34,,,2,30,,147925,34,,,2,70,,147939,34,,,1,30,,147926,34,,,2,70,,147934,34,,,1,30,,147940,34,,,1,70,,147927,34,,,2,31,,147935,34,,,1,70,,147941,34,,,1,30,,147929,34,,,2,72,,147936,34,,,1,30,,147942,34,,,1,70,,147930,34,,,2,30,,147937,34,,,1,70,,147943,34,,,1,30,,147928,34,,,2,70,,147938,34,,,1,30,,147944,34,,,1,70,,147931,34,,,2,30,,147946,34,,,2,71,,147945,34,,,1,29,,147932,34,,,2,69,,147923,34,,,1
20001,'H60M300F-71-F3',723,,147952,34,,,1,30,,147957,34,,,1,71,,147965,34,,,2,30,,147949,34,,,1,70,,147958,34,,,1,30,,147966,34,,,2,70,,147950,34,,,1,30,,147959,34,,,1,70,,147967,34,,,2,31,,147953,34,,,1,70,,147960,34,,,1,30,,147968,34,,,2,72,,147951,34,,,1,30,,147961,34,,,1,70,,147969,34,,,2,30,,147954,34,,,1,70,,147962,34,,,1,30,,147970,34,,,2,70,,147955,34,,,1,30,,147963,34,,,1,70,,147971,34,,,2,30,,147956,34,,,1,71,,147964,34,,,1,29,,147972,34,,,2,69,,147948,34,,,1
21101,'H56M000A-70-A',606,,152017,36,,,2,30,,152054,36,,,1,68,,152058,36,,,1,28,,152024,36,,,2,68,,152049,36,,,1,28,,152018,36,,,2,27,,152055,36,,,1,67,,152059,36,,,1,30,,152025,36,,,2,71,,152050,36,,,1,31,,152019,36,,,2,69,,152056,36,,,1,29,,152030,36,,,2,65,,152026,36,,,2,22,,152051,36,,,1,61,,152035,36,,,1,21,,152020,36,,,2,20,,152057,36,,,1,61,,152045,36,,,1,20,,152031,36,,,2,20,,152027,36,,,2,60,,152052,36,,,1,20,,152036,36,,,1,20,,152041,36,,,2,59,,152021,36,,,2,19,,152043,36,,,2,18,,152046,36,,,1,19,,152032,36,,,2,58,,152028,36,,,2,18,,152053,36,,,1,17,,152037,36,,,1,57,,152042,36,,,2,17,,152022,36,,,2,16,,152044,36,,,2,17,,152047,36,,,1,57,,152033,36,,,2,21,,152029,36,,,2,23,,152011,36,,,1,62,,152038,36,,,1,19,,152023,36,,,2,19,,152016,36,,,1,60,,152048,36,,,1,19,,152010,36,,,2,19,,152034,36,,,2,71,,152012,36,,,1,30,,152039,36,,,1,71,,152014,36,,,2,73,,152008,36,,,1,32,,152013,36,,,1,71,,152040,36,,,1,28,,152015,36,,,2,70,,152009,36,,,1,27,,152060,36,,,1
21101,'H56M000I-70-I',612,,152063,36,,,2,31,,152069,36,,,1,72,,152076,36,,,2,31,,152104,36,,,1,71,,152064,36,,,2,30,,152070,36,,,1,71,,152077,36,,,2,33,,152105,36,,,1,72,,152065,36,,,2,31,,152071,36,,,1,70,,152081,36,,,1,31,,152082,36,,,2,68,,152096,36,,,1,28,,152066,36,,,2,67,,152072,36,,,1,24,,152078,36,,,2,62,,152091,36,,,1,20,,152083,36,,,2,22,,152097,36,,,1,63,,152067,36,,,2,23,,152073,36,,,1,23,,152079,36,,,2,62,,152092,36,,,1,22,,152084,36,,,2,20,,152098,36,,,1,58,,152088,36,,,2,19,,152068,36,,,2,18,,152074,36,,,1,57,,152080,36,,,2,19,,152093,36,,,1,22,,152085,36,,,2,66,,152099,36,,,1,27,,152089,36,,,2,68,,152075,36,,,1,28,,152094,36,,,1,68,,152086,36,,,2,28,,152100,36,,,1,68,,152090,36,,,2,26,,152106,36,,,1,72,,152095,36,,,1,31,,152087,36,,,2,72,,152101,36,,,1,30,,152102,36,,,1,70,,152103,36,,,1,30,,152062,36,,,2,70,,152061,36,,,1
21101,'H56M000S-70-S',606,,152117,36,,,1,18,,152113,36,,,1,21,,152134,36,,,2,67,,152131,36,,,1,22,,152132,36,,,2,24,,152127,36,,,2,57,,152129,36,,,1,22,,152133,36,,,2,63,,152152,36,,,2,23,,152135,36,,,1,9,,152130,36,,,2,21,,152151,36,,,2,62,,152154,36,,,2,27,,152108,36,,,1,71,,152122,36,,,1,32,,152158,36,,,2,72,,152153,36,,,1,31,,152157,36,,,1,74,,152145,36,,,1,35,,152123,36,,,1,73,,152124,36,,,1,73,,152136,36,,,1,33,,152114,36,,,1,75,,152146,36,,,1,30,,152138,36,,,1,73,,152125,36,,,1,29,,152137,36,,,1,67,,152126,36,,,2,23,,152141,36,,,2,22,,152118,36,,,1,63,,152120,36,,,1,23,,152143,36,,,2,59,,152156,36,,,2,13,,152111,36,,,1,13,,152128,36,,,2,13,,152155,36,,,1,12,,152139,36,,,1,54,,152119,36,,,1,15,,152147,36,,,1,16,,152121,36,,,1,16,,152109,36,,,1,56,,152144,36,,,2,17,,152142,36,,,2,20,,152115,36,,,1,61,,152140,36,,,1,21,,152112,36,,,2,21,,152148,36,,,1,65,,152150,36,,,1,28,,152107,36,,,1,68,,152116,36,,,1,28,,152110,36,,,1,68,,152149,36,,,1
21101,'H56M100F-70-F1',612,,152164,36,,,1,31,,152170,36,,,2,72,,152201,36,,,1,31,,152190,36,,,1,71,,152165,36,,,1,30,,152171,36,,,2,71,,152202,36,,,1,33,,152191,36,,,1,72,,152166,36,,,1,31,,152172,36,,,2,70,,152203,36,,,1,31,,152197,36,,,2,68,,152192,36,,,1,28,,152167,36,,,1,67,,152173,36,,,2,24,,152177,36,,,2,62,,152185,36,,,1,20,,152198,36,,,2,22,,152193,36,,,1,63,,152168,36,,,1,23,,152174,36,,,2,23,,152178,36,,,2,62,,152186,36,,,1,22,,152196,36,,,2,20,,152194,36,,,1,58,,152182,36,,,2,19,,152169,36,,,1,18,,152175,36,,,2,57,,152179,36,,,2,19,,152187,36,,,1,22,,152199,36,,,2,66,,152195,36,,,1,27,,152183,36,,,2,68,,152176,36,,,2,28,,152188,36,,,1,68,,152200,36,,,2,28,,152180,36,,,1,68,,152184,36,,,2,26,,152204,36,,,2,72,,152189,36,,,1,31,,152160,36,,,1,72,,152181,36,,,1,30,,152162,36,,,1,70,,152159,36,,,2,30,,152163,36,,,2,70,,152161,36,,,1
21101,'H56M200F-70-F2',612,,152210,36,,,1,31,,152216,36,,,2,72,,152247,36,,,1,31,,152236,36,,,1,71,,152212,36,,,1,30,,152217,36,,,2,71,,152248,36,,,1,33,,152237,36,,,1,72,,152211,36,,,1,31,,152219,36,,,2,70,,152249,36,,,1,31,,152242,36,,,2,68,,152238,36,,,1,28,,152213,36,,,1,67,,152218,36,,,2,24,,152223,36,,,2,62,,152231,36,,,1,20,,152243,36,,,2,22,,152239,36,,,1,63,,152214,36,,,1,23,,152220,36,,,2,23,,152224,36,,,2,62,,152232,36,,,1,22,,152244,36,,,2,20,,152240,36,,,1,58,,152228,36,,,2,19,,152215,36,,,1,18,,152221,36,,,2,57,,152225,36,,,2,19,,152233,36,,,1,22,,152245,36,,,2,66,,152241,36,,,1,27,,152229,36,,,2,68,,152222,36,,,2,28,,152234,36,,,1,68,,152246,36,,,2,28,,152226,36,,,1,68,,152230,36,,,2,26,,152250,36,,,2,72,,152235,36,,,1,31,,152206,36,,,1,72,,152227,36,,,1,30,,152208,36,,,1,70,,152205,36,,,2,30,,152209,36,,,2,70,,152207,36,,,1
21101,'H56M300F-70-F3',612,,152253,36,,,2,31,,152259,36,,,1,72,,152266,36,,,2,31,,152294,36,,,1,71,,152254,36,,,2,30,,152261,36,,,1,71,,152267,36,,,2,33,,152295,36,,,1,72,,152255,36,,,2,31,,152260,36,,,1,70,,152271,36,,,1,31,,152272,36,,,2,68,,152287,36,,,1,28,,152256,36,,,2,67,,152262,36,,,1,24,,152268,36,,,2,62,,152281,36,,,1,20,,152273,36,,,2,22,,152286,36,,,1,63,,152257,36,,,2,23,,152263,36,,,1,23,,152269,36,,,2,62,,152282,36,,,1,22,,152274,36,,,2,20,,152288,36,,,1,58,,152278,36,,,2,19,,152258,36,,,2,18,,152264,36,,,1,57,,152270,36,,,2,19,,152283,36,,,1,22,,152275,36,,,2,66,,152289,36,,,1,27,,152279,36,,,2,68,,152265,36,,,1,28,,152284,36,,,1,68,,152276,36,,,2,28,,152290,36,,,1,68,,152280,36,,,2,26,,152296,36,,,1,72,,152285,36,,,1,31,,152277,36,,,2,72,,152291,36,,,1,30,,152292,36,,,1,70,,152293,36,,,1,30,,152252,36,,,2,70,,152251,36,,,1
40501,'H56M000S-70-S',630,,155644,20,,,1,18,,155647,20,,,2,62,,155641,20,,,2,19,,155646,20,,,2,8,,155638,20,,,2,12,,155671,20,,,1,64,,155666,20,,,1,22,,155645,20,,,1,22,,155659,20,,,1,72,,155655,20,,,1,24,,155672,20,,,1,60,,155667,20,,,1,20,,155673,20,,,1,19,,155660,20,,,1,59,,155651,20,,,2,22,,155656,20,,,1,22,,155648,20,,,2,63,,155668,20,,,2,23,,155663,20,,,1,61,,155661,20,,,1,21,,155652,20,,,2,21,,155657,20,,,1,57,,155649,20,,,2,19,,155669,20,,,2,19,,155664,20,,,1,17,,155662,20,,,1,59,,155653,20,,,2,27,,155658,20,,,1,66,,155650,20,,,2,20,,155670,20,,,2,22,,155665,20,,,1,61,,155636,20,,,1,20,,155654,20,,,2,20,,155674,20,,,1,61,,155639,20,,,2,19,,155640,20,,,1,23,,155643,20,,,1,64,,155637,20,,,1,23,,155642,20,,,1
