9201,'H51M000A-70-A',544,,114201,4,0,5,1,70,,114207,4,0,5,1,30,,114202,4,0,5,1,70,,114208,4,0,5,1,31,,114203,4,0,5,1,70,,114209,4,0,5,1,30,,114204,4,0,5,1,70,,114210,4,0,5,1,30,,114205,4,0,5,1,70,,114211,4,0,5,1,32,,114206,4,0,5,1,73,,114212,4,0,5,1,33,,114220,4,0,5,2,74,,114200,4,0,5,1,32,,114219,4,0,5,2,68,,114229,4,0,5,1,28,,114221,4,0,5,1,68,,114231,4,0,5,1,29,,114230,4,0,5,1,69,,114222,4,0,5,1,30,,114232,4,0,5,1,71,,114233,4,0,5,2,35,,114223,4,0,5,1,72,,114213,4,0,5,1,73,,114224,4,0,5,1,32,,114214,4,0,5,1,70,,114225,4,0,5,1,30,,114215,4,0,5,1,69,,114226,4,0,5,1,30,,114216,4,0,5,1,70,,114227,4,0,5,1,30,,114217,4,0,5,1,70,,114228,4,0,5,1,30,,114218,4,0,5,1,70,,114234,4,0,5,1,30,,114236,4,0,5,2,73,,114235,4,0,5,1,33,,114237,4,0,5,2
9201,'H51M000I-70-I',548,,114241,4,0,5,1,69,,114249,4,0,5,1,29,,114242,4,0,5,1,69,,114250,4,0,5,1,29,,114243,4,0,5,1,68,,114251,4,0,5,1,28,,114244,4,0,5,1,68,,114252,4,0,5,1,30,,114245,4,0,5,1,71,,114253,4,0,5,1,32,,114246,4,0,5,1,73,,114254,4,0,5,1,32,,114247,4,0,5,1,72,,114238,4,0,5,1,32,,114255,4,0,5,1,73,,114248,4,0,5,1,33,,114239,4,0,5,1,73,,114256,4,0,5,1,73,,114266,4,0,5,2,33,,114240,4,0,5,1,73,,114257,4,0,5,1,33,,114267,4,0,5,2,73,,114258,4,0,5,1,33,,114268,4,0,5,2,73,,114259,4,0,5,1,33,,114269,4,0,5,2,71,,114260,4,0,5,1,33,,114270,4,0,5,2,73,,114261,4,0,5,1,72,,114271,4,0,5,2,32,,114262,4,0,5,1,72,,114272,4,0,5,2,32,,114263,4,0,5,1,72,,114273,4,0,5,2,30,,114264,4,0,5,1,70,,114274,4,0,5,2,30,,114265,4,0,5,1
9201,'H51M000S-70-S',546,,114282,4,0,5,1,65,,114283,4,0,5,2,31,,114286,4,0,5,2,70,,114284,4,0,5,2,31,,114288,4,0,5,1,73,,114287,4,0,5,2,32,,114285,4,0,5,2,73,,114275,4,0,5,1,33,,114289,4,0,5,1,73,,114294,4,0,5,2,32,,114276,4,0,5,1,72,,114290,4,0,5,1,73,,114295,4,0,5,2,32,,114277,4,0,5,1,72,,114291,4,0,5,1,30,,114296,4,0,5,2,70,,114278,4,0,5,1,30,,114292,4,0,5,1,66,,114297,4,0,5,2,20,,114280,4,0,5,1,20,,114279,4,0,5,1,60,,114293,4,0,5,1,20,,114298,4,0,5,2,20,,114300,4,0,5,1,60,,114281,4,0,5,1,20,,114308,4,0,5,2,20,,114310,4,0,5,2,60,,114299,4,0,5,2,20,,114301,4,0,5,1,20,,114309,4,0,5,2,62,,114311,4,0,5,2,32,,114302,4,0,5,1,69,,114312,4,0,5,2,30,,114303,4,0,5,1,70,,114313,4,0,5,2,29,,114304,4,0,5,1,70,,114314,4,0,5,2,30,,114305,4,0,5,1,70,,114315,4,0,5,2,30,,114306,4,0,5,1,72,,114316,4,0,5,2,33,,114307,4,0,5,1
9201,'H51M100F-70-F1',548,,114320,4,0,5,1,69,,114328,4,0,5,1,29,,114321,4,0,5,1,69,,114329,4,0,5,1,29,,114322,4,0,5,1,68,,114330,4,0,5,1,28,,114323,4,0,5,1,68,,114331,4,0,5,1,30,,114324,4,0,5,1,71,,114332,4,0,5,1,32,,114325,4,0,5,1,73,,114333,4,0,5,1,32,,114326,4,0,5,1,72,,114317,4,0,5,1,32,,114334,4,0,5,1,73,,114327,4,0,5,1,33,,114318,4,0,5,1,73,,114335,4,0,5,1,73,,114345,4,0,5,2,33,,114319,4,0,5,1,73,,114336,4,0,5,1,33,,114347,4,0,5,2,73,,114337,4,0,5,1,33,,114346,4,0,5,2,73,,114338,4,0,5,1,33,,114348,4,0,5,2,71,,114339,4,0,5,1,33,,114349,4,0,5,2,73,,114340,4,0,5,1,72,,114350,4,0,5,2,32,,114341,4,0,5,1,72,,114351,4,0,5,2,32,,114342,4,0,5,1,72,,114352,4,0,5,2,30,,114343,4,0,5,1,70,,114353,4,0,5,2,30,,114344,4,0,5,1
9201,'H51M200F-70-F2',548,,114357,4,0,5,1,69,,114365,4,0,5,1,29,,114358,4,0,5,1,69,,114366,4,0,5,1,29,,114360,4,0,5,1,68,,114367,4,0,5,1,28,,114359,4,0,5,1,68,,114368,4,0,5,1,30,,114361,4,0,5,1,71,,114369,4,0,5,1,32,,114362,4,0,5,1,73,,114370,4,0,5,1,32,,114363,4,0,5,1,72,,114354,4,0,5,1,32,,114371,4,0,5,1,73,,114364,4,0,5,1,33,,114355,4,0,5,1,73,,114372,4,0,5,1,73,,114382,4,0,5,2,33,,114356,4,0,5,1,73,,114373,4,0,5,1,33,,114383,4,0,5,2,73,,114374,4,0,5,1,33,,114384,4,0,5,2,73,,114375,4,0,5,1,33,,114385,4,0,5,2,71,,114376,4,0,5,1,33,,114386,4,0,5,2,73,,114377,4,0,5,1,72,,114387,4,0,5,2,32,,114378,4,0,5,1,72,,114388,4,0,5,2,32,,114379,4,0,5,1,72,,114389,4,0,5,2,30,,114380,4,0,5,1,70,,114390,4,0,5,2,30,,114381,4,0,5,1
9201,'H51M300F-70-F3',548,,114394,4,0,5,1,69,,114402,4,0,5,1,29,,114395,4,0,5,1,69,,114403,4,0,5,1,29,,114396,4,0,5,1,68,,114404,4,0,5,1,28,,114397,4,0,5,1,68,,114405,4,0,5,1,30,,114398,4,0,5,1,71,,114406,4,0,5,1,32,,114399,4,0,5,1,73,,114407,4,0,5,1,32,,114400,4,0,5,1,72,,114391,4,0,5,1,32,,114408,4,0,5,1,73,,114401,4,0,5,1,33,,114392,4,0,5,1,73,,114409,4,0,5,1,73,,114419,4,0,5,2,33,,114393,4,0,5,1,73,,114410,4,0,5,1,33,,114420,4,0,5,2,73,,114411,4,0,5,1,33,,114421,4,0,5,2,73,,114412,4,0,5,1,33,,114422,4,0,5,2,71,,114413,4,0,5,1,33,,114423,4,0,5,2,73,,114414,4,0,5,1,72,,114424,4,0,5,2,32,,114415,4,0,5,1,72,,114425,4,0,5,2,32,,114416,4,0,5,1,72,,114426,4,0,5,2,30,,114417,4,0,5,1,70,,114427,4,0,5,2,30,,114418,4,0,5,1
37201,'H54M000A-70-A',2515,,155275,3,0,5,1,85,,155280,3,0,5,1,44,,155278,3,0,5,1,90,,155276,3,0,5,1,85,,155277,3,0,5,1,84,,155279,3,0,6 7,1
37201,'H54M000I-70-I',2517,,155282,3,0,5,1,87,,155281,3,0,5,1,46,,155285,3,0,5,1,86,,155283,3,0,5,1,85,,155284,3,0,5,1,85,,155286,3,0,6 7,1
37201,'H54M000S-70-S',2517,,155287,3,0,5,1,35,,155291,3,0,5,1,78,,155290,3,0,5,1,80,,155293,3,0,5,1,40,,155289,3,0,5,1,81,,155288,3,0,5,1,85,,155292,3,0,6 7,1
37201,'H54M100F-70-F1',2517,,155298,3,0,5,1,87,,155295,3,0,5,1,46,,155294,3,0,5,1,86,,155296,3,0,5,1,85,,155297,3,0,5,1,85,,155299,3,0,6 7,1
37201,'H54M200F-70-F2',2517,,155303,3,0,5,1,87,,155300,3,0,5,1,46,,155301,3,0,5,1,86,,155302,3,0,5,1,85,,155305,3,0,5,2,85,,155304,3,0,6 7,1
37201,'H54M300F-70-F3',2517,,155307,3,0,5,1,87,,155310,3,0,5,1,46,,155306,3,0,5,1,86,,155309,3,0,5,1,85,,155311,3,0,5,1,85,,155308,3,0,6 7,1
