4601,'26J-H51J000S-80-S',612,,14881,0,5,1,32,,14882,0,5,1,73,,14883,0,5,1,33,,14884,0,5,1,73,,14885,0,5,1,32,,14886,0,5,1,72,,14887,0,5,1,32,,14888,0,5,1,68,,14889,0,5,1,30,,14890,0,5,1,70,,14891,0,5,1,32,,14892,0,5,1,71,,14893,0,5,1,70,,14894,0,5,1,30,,14895,0,5,1,70,,14896,0,5,1,30,,14897,0,5,1,70,,14898,0,5,1,32,,14899,0,5,1,72,,14900,0,5,1,32,,14901,0,5,1,72,,14902,0,5,1,32,,14903,0,5,1,72,,14904,0,5,1,30,,14905,0,5,1,70,,14906,0,5,1,30,,14907,0,5,1,69,,14908,0,5,1,29,,14909,0,5,1
4601,'26J-H51JV00S-84-S',612,,14910,0,5,1,32,,14911,0,5,1,73,,14912,0,5,1,33,,14913,0,5,1,73,,14914,0,5,1,32,,14915,0,5,1,72,,14916,0,5,1,32,,14917,0,5,1,68,,14918,0,5,1,30,,14919,0,5,1,70,,14920,0,5,1,32,,14921,0,5,1,71,,14922,0,5,1,70,,14923,0,5,1,30,,14924,0,5,1,70,,14925,0,5,1,30,,14926,0,5,1,70,,14927,0,5,1,32,,14928,0,5,1,72,,14929,0,5,1,32,,14930,0,5,1,72,,14931,0,5,1,32,,14932,0,5,1,72,,14933,0,5,1,30,,14934,0,5,1,70,,14935,0,5,1,30,,14936,0,5,1,69,,14937,0,5,1,29,,14938,0,5,1
4602,'26J-H51J000S-80-S',612,,14939,4,,1,32,,14940,4,,1,73,,14941,4,,1,33,,14942,4,,1,73,,14943,4,,1,32,,14944,4,,1,72,,14945,4,,1,32,,14946,4,,1,68,,14947,4,,1,30,,14948,4,,1,70,,14949,4,,1,32,,14950,4,,1,71,,14951,4,,1,70,,14952,4,,1,30,,14953,4,,1,70,,14954,4,,1,30,,14955,4,,1,70,,14956,4,,1,32,,14957,4,,1,72,,14958,4,,1,32,,14959,4,,1,72,,14960,4,,1,32,,14961,4,,1,72,,14962,4,,1,30,,14963,4,,1,70,,14964,4,,1,30,,14965,4,,1,69,,14966,4,,1,29,,14967,4,,1
4602,'26J-H51JV00S-84-S',612,,14968,4,,1,32,,14969,4,,1,73,,14970,4,,1,33,,14971,4,,1,73,,14972,4,,1,32,,14973,4,,1,72,,14974,4,,1,32,,14975,4,,1,68,,14976,4,,1,30,,14977,4,,1,70,,14978,4,,1,32,,14979,4,,1,71,,14980,4,,1,70,,14981,4,,1,30,,14982,4,,1,70,,14983,4,,1,30,,14984,4,,1,70,,14985,4,,1,32,,14986,4,,1,72,,14987,4,,1,32,,14988,4,,1,72,,14989,4,,1,32,,14990,4,,1,72,,14991,4,,1,30,,14992,4,,1,70,,14993,4,,1,30,,14994,4,,1,69,,14995,4,,1,29,,14996,4,,1
16001,'26J-H50J000A-84-A',614,,50135,0,5,2,33,,50128,0,5,1,74,,50136,0,5,2,38,,50129,0,5,1,75,,50137,0,5,2,73,,50147,0,5,2,33,,50130,0,5,1,73,,50138,0,5,2,30,,50148,0,5,2,70,,50131,0,5,1,29,,50139,0,5,2,73,,50149,0,5,2,30,,50132,0,5,1,70,,50140,0,5,2,30,,50141,0,5,1,70,,50133,0,5,1,30,,50107,0,5,2,67,,50142,0,5,1,21,,50122,0,5,1,20,,50134,0,5,1,60,,50108,0,5,2,20,,50110,0,5,1,20,,50143,0,5,1,60,,50123,0,5,1,20,,50119,0,5,2,21,,50109,0,5,2,61,,50111,0,5,1,25,,50124,0,5,1,69,,50120,0,5,2,31,,50112,0,5,1,71,,50125,0,5,1,32,,50121,0,5,2,69,,50113,0,5,1,32,,50126,0,5,1,72,,50115,0,5,1,32,,50114,0,5,1,74,,50127,0,5,1,33,,50116,0,5,1,72,,50144,0,5,1,74,,50117,0,5,1,32,,50145,0,5,1,72,,50118,0,5,1,29,,50146,0,5,2
16001,'26J-H50J000I-84-I',728,,50184,0,5,2,29,,50161,0,5,2,76,,50171,0,5,1,76,,50162,0,5,2,39,,50172,0,5,1,78,,50163,0,5,2,33,,50150,0,5,2,73,,50173,0,5,1,73,,50164,0,5,2,32,,50151,0,5,2,72,,50174,0,5,1,33,,50165,0,5,2,72,,50152,0,5,2,33,,50175,0,5,1,73,,50166,0,5,2,32,,50153,0,5,2,73,,50176,0,5,1,29,,50167,0,5,2,69,,50154,0,5,2,29,,50177,0,5,1,70,,50168,0,5,2,30,,50155,0,5,2,69,,50178,0,5,1,28,,50169,0,5,2,70,,50156,0,5,2,30,,50179,0,5,1,70,,50170,0,5,2,27,,50157,0,5,2,74,,50180,0,5,1,35,,50158,0,5,2,73,,50181,0,5,1,74,,50159,0,5,2,31,,50182,0,5,1,72,,50160,0,5,2,29,,50183,0,5,1
16001,'26J-H50J000S-83-S',622,,50224,0,5,1,23,,50206,0,5,1,69,,50192,0,5,1,34,,50225,0,5,1,73,,50207,0,5,1,26,,50190,0,5,1,66,,50193,0,5,1,26,,50226,0,5,1,68,,50208,0,5,1,28,,50191,0,5,1,66,,50194,0,5,1,25,,50227,0,5,1,28,,50209,0,5,1,67,,50203,0,5,1,31,,50195,0,5,1,72,,50223,0,5,1,32,,50204,0,5,1,72,,50214,0,5,1,31,,50196,0,5,1,75,,50210,0,5,1,23,,50205,0,5,1,53,,50187,0,5,2,25,,50215,0,5,1,15,,50185,0,5,1,54,,50197,0,5,1,14,,50186,0,5,1,14,,50211,0,5,1,27,,50188,0,5,2,54,,50217,0,5,1,15,,50216,0,5,1,20,,50198,0,5,1,69,,50212,0,5,1,27,,50218,0,5,1,67,,50199,0,5,1,30,,50213,0,5,1,70,,50219,0,5,1,30,,50200,0,5,1,70,,50189,0,5,1,30,,50220,0,5,1,66,,50201,0,5,1,31,,50228,0,5,1,71,,50221,0,5,1,31,,50202,0,5,1,70,,50229,0,5,1,32,,50222,0,5,1
16001,'26J-H50JV00A-81-A',614,,50258,0,5,2,33,,50251,0,5,1,74,,50259,0,5,2,38,,50252,0,5,1,75,,50260,0,5,2,73,,50270,0,5,2,33,,50253,0,5,1,73,,50261,0,5,2,30,,50271,0,5,2,70,,50254,0,5,1,29,,50262,0,5,2,73,,50272,0,5,2,30,,50255,0,5,1,70,,50263,0,5,2,30,,50264,0,5,1,70,,50256,0,5,1,30,,50230,0,5,2,67,,50265,0,5,1,21,,50245,0,5,1,20,,50257,0,5,1,60,,50231,0,5,2,20,,50233,0,5,1,20,,50266,0,5,1,60,,50246,0,5,1,20,,50242,0,5,2,21,,50232,0,5,2,61,,50234,0,5,1,25,,50247,0,5,1,69,,50243,0,5,2,31,,50235,0,5,1,71,,50248,0,5,1,32,,50244,0,5,2,69,,50236,0,5,1,32,,50249,0,5,1,72,,50238,0,5,1,32,,50237,0,5,1,74,,50250,0,5,1,33,,50239,0,5,1,72,,50267,0,5,1,74,,50240,0,5,1,32,,50268,0,5,1,72,,50241,0,5,1,29,,50269,0,5,2
16001,'26J-H50JV00I-81-I',728,,50307,0,5,2,29,,50284,0,5,2,76,,50294,0,5,1,76,,50285,0,5,2,39,,50295,0,5,1,78,,50286,0,5,2,33,,50273,0,5,2,73,,50296,0,5,1,73,,50287,0,5,2,32,,50274,0,5,2,72,,50297,0,5,1,33,,50288,0,5,2,72,,50275,0,5,2,33,,50298,0,5,1,73,,50289,0,5,2,32,,50276,0,5,2,73,,50299,0,5,1,29,,50290,0,5,2,69,,50277,0,5,2,29,,50300,0,5,1,70,,50291,0,5,2,30,,50278,0,5,2,69,,50301,0,5,1,28,,50292,0,5,2,70,,50279,0,5,2,30,,50302,0,5,1,70,,50293,0,5,2,27,,50280,0,5,2,74,,50303,0,5,1,35,,50281,0,5,2,73,,50304,0,5,1,74,,50282,0,5,2,31,,50305,0,5,1,72,,50283,0,5,2,29,,50306,0,5,1
16001,'26J-H50JV00S-82-S',622,,50347,0,5,1,23,,50329,0,5,1,69,,50315,0,5,1,34,,50348,0,5,1,73,,50330,0,5,1,26,,50313,0,5,1,66,,50316,0,5,1,26,,50349,0,5,1,68,,50331,0,5,1,28,,50314,0,5,1,66,,50317,0,5,1,25,,50350,0,5,1,28,,50332,0,5,1,67,,50326,0,5,1,31,,50318,0,5,1,72,,50346,0,5,1,32,,50327,0,5,1,72,,50337,0,5,1,31,,50319,0,5,1,75,,50333,0,5,1,23,,50328,0,5,1,53,,50310,0,5,2,25,,50338,0,5,1,15,,50308,0,5,1,54,,50320,0,5,1,14,,50309,0,5,1,14,,50334,0,5,1,27,,50311,0,5,2,54,,50340,0,5,1,15,,50339,0,5,1,20,,50321,0,5,1,69,,50335,0,5,1,27,,50341,0,5,1,67,,50322,0,5,1,30,,50336,0,5,1,70,,50342,0,5,1,30,,50323,0,5,1,70,,50312,0,5,1,30,,50343,0,5,1,66,,50324,0,5,1,31,,50351,0,5,1,71,,50344,0,5,1,31,,50325,0,5,1,70,,50352,0,5,1,32,,50345,0,5,1
16001,'26J-H51J000S-80-S',1620,,50354,0,5,2,126,,50353,0,5,2
16001,'26J-H51JV00S-84-S',1620,,50356,0,5,2,126,,50355,0,5,2
