7902,'H58U000A-80-A',521,,241064,37,0,10,1,33,,241076,37,0,10,2,65,,241086,37,0,10,1,25,,241062,37,0,10,2,67,,241044,37,0,10,1,20,,241077,37,0,10,2,25,,241059,37,0,10,2,67,,241068,37,0,10,1,30,,241045,37,0,10,2,70,,241078,37,0,10,2,30,,241070,37,0,10,1,70,,241073,37,0,10,1,30,,241079,37,0,10,1,70,,241053,37,0,10,1,30,,241071,37,0,10,1,70,,241074,37,0,10,1,30,,241080,37,0,10,1,70,,241054,37,0,10,1,30,,241057,37,0,10,1,70,,241075,37,0,10,1,32,,241081,37,0,10,1,73,,241085,37,0,10,2,28,,241048,37,0,10,1,68,,241060,37,0,10,2,29,,241082,37,0,10,1,70,,241058,37,0,10,1,30,,241049,37,0,10,1,70,,241072,37,0,10,1,30,,241046,37,0,10,1,70,,241065,37,0,10,1,30,,241050,37,0,10,1,70,,241083,37,0,10,2,30,,241047,37,0,10,1,70,,241066,37,0,10,1,30,,241051,37,0,10,1,70,,241084,37,0,10,2,30,,241055,37,0,10,1,69,,241056,37,0,10,1,30,,241067,37,0,10,2,70,,241061,37,0,10,2,30,,241063,37,0,10,2,70,,241052,37,0,10,1,30,,241069,37,0,10,1
7902,'H58U000I-80-I',519,,241095,37,0,10,2,34,,241093,37,0,10,1,66,,241090,37,0,10,1,24,,241110,37,0,10,1,64,,241100,37,0,10,1,20,,241087,37,0,10,2,24,,241119,37,0,10,2,70,,241091,37,0,10,1,31,,241103,37,0,10,2,70,,241088,37,0,10,2,30,,241120,37,0,10,2,71,,241092,37,0,10,1,30,,241104,37,0,10,2,70,,241096,37,0,10,1,30,,241121,37,0,10,2,70,,241128,37,0,10,1,30,,241105,37,0,10,2,70,,241122,37,0,10,1,30,,241115,37,0,10,2,72,,241111,37,0,10,1,30,,241106,37,0,10,2,73,,241123,37,0,10,1,29,,241116,37,0,10,2,69,,241112,37,0,10,1,29,,241107,37,0,10,2,70,,241124,37,0,10,1,29,,241117,37,0,10,2,70,,241113,37,0,10,1,30,,241108,37,0,10,2,70,,241125,37,0,10,1,30,,241118,37,0,10,2,70,,241114,37,0,10,1,30,,241109,37,0,10,2,70,,241101,37,0,10,1,30,,241099,37,0,10,1,69,,241094,37,0,10,1,30,,241097,37,0,10,1,70,,241098,37,0,10,2,30,,241127,37,0,10,1,70,,241102,37,0,10,1,30,,241126,37,0,10,1,70,,241089,37,0,10,1
7902,'H58U000S-80-S',518,,241141,37,0,10,2,35,,241142,37,0,10,1,70,,241136,37,0,10,1,25,,241143,37,0,10,2,63,,241140,37,0,10,2,18,,241150,37,0,10,1,17,,241156,37,0,10,2,13,,241129,37,0,10,2,53,,241135,37,0,10,2,15,,241137,37,0,10,1,15,,241158,37,0,10,2,15,,241144,37,0,10,2,66,,241151,37,0,10,1,30,,241130,37,0,10,2,70,,241138,37,0,10,1,30,,241145,37,0,10,2,70,,241152,37,0,10,1,30,,241131,37,0,10,2,70,,241139,37,0,10,1,30,,241146,37,0,10,2,70,,241153,37,0,10,1,30,,241132,37,0,10,2,70,,241155,37,0,10,1,31,,241134,37,0,10,2,74,,241154,37,0,10,1,20,,241133,37,0,10,2,60,,241169,37,0,10,2,19,,241170,37,0,10,2,30,,241164,37,0,10,1,69,,241157,37,0,10,1,30,,241160,37,0,10,1,70,,241171,37,0,10,2,30,,241165,37,0,10,1,69,,241148,37,0,10,2,30,,241161,37,0,10,1,65,,241172,37,0,10,2,30,,241166,37,0,10,1,70,,241149,37,0,10,2,27,,241162,37,0,10,1,70,,241173,37,0,10,2,29,,241167,37,0,10,1,70,,241163,37,0,10,1,30,,241174,37,0,10,2,72,,241168,37,0,10,1,30,,241159,37,0,10,2,70,,241147,37,0,10,1
7902,'H58U100F-80-F1',519,,241183,37,0,10,2,34,,241181,37,0,10,1,66,,241178,37,0,10,1,24,,241198,37,0,10,1,64,,241188,37,0,10,1,20,,241175,37,0,10,2,24,,241207,37,0,10,2,70,,241179,37,0,10,1,31,,241191,37,0,10,2,70,,241176,37,0,10,2,30,,241208,37,0,10,2,71,,241180,37,0,10,1,30,,241192,37,0,10,2,70,,241184,37,0,10,1,30,,241209,37,0,10,2,70,,241216,37,0,10,1,30,,241193,37,0,10,2,70,,241210,37,0,10,1,30,,241203,37,0,10,2,72,,241199,37,0,10,1,30,,241194,37,0,10,2,73,,241211,37,0,10,1,29,,241204,37,0,10,2,69,,241200,37,0,10,1,29,,241195,37,0,10,2,70,,241212,37,0,10,1,29,,241205,37,0,10,2,70,,241201,37,0,10,1,30,,241196,37,0,10,2,70,,241213,37,0,10,1,30,,241206,37,0,10,2,70,,241202,37,0,10,1,30,,241197,37,0,10,2,70,,241189,37,0,10,1,30,,241187,37,0,10,1,69,,241182,37,0,10,1,30,,241185,37,0,10,1,70,,241186,37,0,10,2,30,,241215,37,0,10,1,70,,241190,37,0,10,1,30,,241214,37,0,10,1,70,,241177,37,0,10,1
7902,'H58U200F-80-F2',519,,241227,37,0,10,1,34,,241237,37,0,10,1,66,,241217,37,0,10,2,24,,241247,37,0,10,2,64,,241228,37,0,10,1,20,,241249,37,0,10,2,24,,241238,37,0,10,1,70,,241218,37,0,10,2,31,,241229,37,0,10,1,70,,241250,37,0,10,2,30,,241239,37,0,10,1,71,,241219,37,0,10,2,30,,241230,37,0,10,1,70,,241251,37,0,10,2,30,,241240,37,0,10,1,70,,241220,37,0,10,2,30,,241231,37,0,10,1,70,,241252,37,0,10,2,30,,241241,37,0,10,1,72,,241221,37,0,10,2,30,,241232,37,0,10,1,73,,241253,37,0,10,2,29,,241242,37,0,10,1,69,,241222,37,0,10,2,29,,241233,37,0,10,1,70,,241254,37,0,10,2,29,,241243,37,0,10,1,70,,241223,37,0,10,2,30,,241234,37,0,10,1,70,,241255,37,0,10,2,30,,241244,37,0,10,1,70,,241224,37,0,10,2,30,,241235,37,0,10,1,70,,241256,37,0,10,2,30,,241245,37,0,10,1,69,,241225,37,0,10,2,30,,241236,37,0,10,1,70,,241257,37,0,10,2,30,,241246,37,0,10,1,70,,241226,37,0,10,2,30,,241248,37,0,10,1,70,,241258,37,0,10,2
38202,'H60U000A-85-A',2610,,278033,40,0,10,2,45,,278034,40,0,10,1,85,,278032,40,0,10,1,85,,278035,40,0,10,1
38202,'H60U000I-84-I',2611,,278036,40,0,10,1,45,,278039,40,0,10,1,84,,278037,40,0,10,1,85,,278038,40,0,10,1
38202,'H60U000S-86-S',2611,,278043,40,0,10,2,45,,278042,40,0,10,1,84,,278041,40,0,10,1,85,,278040,40,0,10,1
38202,'H60U100F-85-F1',2611,,278044,40,0,10,1,45,,278047,40,0,10,2,84,,278045,40,0,10,1,85,,278046,40,0,10,1
38202,'H60U200F-83-F2',2611,,278048,40,0,10,1,45,,278051,40,0,10,2,84,,278049,40,0,10,1,85,,278050,40,0,10,1
