3701,'H56M000A-70-A',522,,97368,13,0,5,1,26,,97370,13,0,5,1,66,,97375,13,0,5,1,26,,97369,13,0,5,1,62,,97371,13,0,5,1,22,,97376,13,0,5,1,22,,97381,13,0,5,1,63,,97372,13,0,5,1,24,,97377,13,0,5,1,25,,97343,13,0,5,1,68,,97382,13,0,5,1,26,,97350,13,0,5,1,65,,97344,13,0,5,1,26,,97383,13,0,5,1,69,,97351,13,0,5,1,28,,97345,13,0,5,1,69,,97384,13,0,5,1,29,,97352,13,0,5,1,70,,97346,13,0,5,1,30,,97385,13,0,5,1,70,,97353,13,0,5,1,29,,97347,13,0,5,1,69,,97373,13,0,5,1,29,,97354,13,0,5,1,69,,97348,13,0,5,1,30,,97374,13,0,5,1,71,,97355,13,0,5,1,31,,97362,13,0,5,1,69,,97363,13,0,5,1,29,,97356,13,0,5,1,69,,97359,13,0,5,1,27,,97364,13,0,5,1,29,,97357,13,0,5,1,69,,97360,13,0,5,1,28,,97349,13,0,5,1,66,,97365,13,0,5,1,26,,97358,13,0,5,1,66,,97378,13,0,5,1,26,,97366,13,0,5,1,66,,97386,13,0,5,1,26,,97379,13,0,5,1,26,,97367,13,0,5,1,66,,97387,13,0,5,1,26,,97380,13,0,5,1,66,,97361,13,0,5,1
3701,'H56M000I-70-I',522,,97424,13,0,5,1,26,,97429,13,0,5,1,66,,97425,13,0,5,1,26,,97420,13,0,5,1,63,,97430,13,0,5,1,22,,97426,13,0,5,1,22,,97421,13,0,5,1,63,,97431,13,0,5,1,24,,97427,13,0,5,1,24,,97417,13,0,5,1,68,,97388,13,0,5,1,25,,97428,13,0,5,1,66,,97418,13,0,5,1,28,,97389,13,0,5,1,69,,97423,13,0,5,1,28,,97393,13,0,5,1,69,,97390,13,0,5,1,29,,97406,13,0,5,1,70,,97394,13,0,5,1,29,,97391,13,0,5,1,69,,97407,13,0,5,1,29,,97395,13,0,5,1,69,,97392,13,0,5,1,30,,97408,13,0,5,1,70,,97422,13,0,5,1,30,,97415,13,0,5,1,70,,97409,13,0,5,1,29,,97399,13,0,5,1,68,,97419,13,0,5,1,28,,97414,13,0,5,1,70,,97400,13,0,5,1,28,,97405,13,0,5,1,29,,97416,13,0,5,1,69,,97396,13,0,5,1,27,,97401,13,0,5,1,67,,97410,13,0,5,1,27,,97402,13,0,5,1,68,,97411,13,0,5,1,27,,97397,13,0,5,1,66,,97403,13,0,5,1,26,,97412,13,0,5,1,66,,97398,13,0,5,1,26,,97404,13,0,5,1,26,,97413,13,0,5,1
3701,'H56M000S-70-S',541,,97459,13,0,5,1,72,,97462,13,0,5,1,28,,97434,13,0,5,1,68,,97460,13,0,5,1,25,,97443,13,0,5,1,25,,97435,13,0,5,1,62,,97442,13,0,5,1,88,,97464,13,0,5,1,28,,97436,13,0,5,1,69,,97458,13,0,5,1,27,,97456,13,0,5,1,67,,97455,13,0,5,1,26,,97451,13,0,5,1,27,,97439,13,0,5,1,67,,97437,13,0,5,1,28,,97452,13,0,5,1,69,,97440,13,0,5,1,30,,97438,13,0,5,1,70,,97453,13,0,5,1,30,,97441,13,0,5,1,71,,97444,13,0,5,1,32,,97454,13,0,5,1,71,,97447,13,0,5,1,30,,97445,13,0,5,1,70,,97457,13,0,5,1,30,,97448,13,0,5,1,69,,97467,13,0,5,1,30,,97465,13,0,5,1,69,,97449,13,0,5,1,26,,97463,13,0,5,1,68,,97466,13,0,5,1,28,,97450,13,0,5,1,68,,97461,13,0,5,1,28,,97468,13,0,5,1,71,,97446,13,0,5,1,33,,97469,13,0,5,1,73,,97432,13,0,5,1,31,,97470,13,0,5,1,73,,97433,13,0,5,1
3701,'H56M100F-70-F1',522,,97485,13,0,5,1,26,,97486,13,0,5,1,66,,97505,13,0,5,1,26,,97494,13,0,5,1,63,,97487,13,0,5,1,22,,97506,13,0,5,1,22,,97495,13,0,5,1,63,,97488,13,0,5,1,24,,97507,13,0,5,1,24,,97496,13,0,5,1,68,,97474,13,0,5,1,25,,97508,13,0,5,1,66,,97497,13,0,5,1,28,,97475,13,0,5,1,69,,97498,13,0,5,1,28,,97512,13,0,5,1,69,,97476,13,0,5,1,29,,97499,13,0,5,1,70,,97513,13,0,5,1,29,,97477,13,0,5,1,69,,97501,13,0,5,1,29,,97514,13,0,5,1,69,,97478,13,0,5,1,30,,97500,13,0,5,1,70,,97473,13,0,5,1,30,,97509,13,0,5,1,70,,97489,13,0,5,1,29,,97481,13,0,5,1,68,,97479,13,0,5,1,28,,97510,13,0,5,1,70,,97482,13,0,5,1,28,,97511,13,0,5,1,29,,97480,13,0,5,1,69,,97493,13,0,5,1,27,,97483,13,0,5,1,67,,97491,13,0,5,1,27,,97502,13,0,5,1,68,,97484,13,0,5,1,27,,97492,13,0,5,1,66,,97503,13,0,5,1,26,,97471,13,0,5,1,66,,97490,13,0,5,1,26,,97504,13,0,5,1,26,,97472,13,0,5,1
3701,'H56M200F-70-F2',522,,97529,13,0,5,1,26,,97530,13,0,5,1,66,,97549,13,0,5,1,26,,97538,13,0,5,1,63,,97531,13,0,5,1,22,,97550,13,0,5,1,22,,97539,13,0,5,1,63,,97532,13,0,5,1,24,,97551,13,0,5,1,24,,97540,13,0,5,1,68,,97518,13,0,5,1,25,,97552,13,0,5,1,66,,97541,13,0,5,1,28,,97519,13,0,5,1,69,,97542,13,0,5,1,28,,97556,13,0,5,1,69,,97520,13,0,5,1,29,,97543,13,0,5,1,70,,97557,13,0,5,1,29,,97521,13,0,5,1,69,,97544,13,0,5,1,29,,97558,13,0,5,1,69,,97522,13,0,5,1,30,,97545,13,0,5,1,70,,97517,13,0,5,1,30,,97553,13,0,5,1,70,,97533,13,0,5,1,29,,97525,13,0,5,1,68,,97523,13,0,5,1,28,,97554,13,0,5,1,70,,97526,13,0,5,1,28,,97555,13,0,5,1,29,,97524,13,0,5,1,69,,97537,13,0,5,1,27,,97527,13,0,5,1,67,,97534,13,0,5,1,27,,97546,13,0,5,1,68,,97528,13,0,5,1,27,,97536,13,0,5,1,66,,97547,13,0,5,1,26,,97515,13,0,5,1,66,,97535,13,0,5,1,26,,97548,13,0,5,1,26,,97516,13,0,5,1
3701,'H56M300F-80-F3',522,,166713,13,0,5,1,30,,166714,13,0,5,1,70,,166700,13,0,5,1,30,,166698,13,0,5,1,69,,166694,13,0,5,1,29,,166701,13,0,5,1,70,,166699,13,0,5,1,30,,166708,13,0,5,1,71,,166707,13,0,5,1,30,,166706,13,0,5,1,68,,166683,13,0,5,1,28,,166696,13,0,5,1,68,,166702,13,0,5,1,28,,166684,13,0,5,1,68,,166697,13,0,5,1,29,,166689,13,0,5,1,70,,166685,13,0,5,1,29,,166716,13,0,5,1,69,,166690,13,0,5,1,29,,166686,13,0,5,1,69,,166717,13,0,5,1,30,,166691,13,0,5,1,70,,166687,13,0,5,1,30,,166718,13,0,5,1,70,,166692,13,0,5,1,28,,166677,13,0,5,1,68,,166703,13,0,5,1,29,,166709,13,0,5,1,70,,166678,13,0,5,1,28,,166695,13,0,5,1,29,,166704,13,0,5,1,69,,166688,13,0,5,1,27,,166679,13,0,5,1,67,,166710,13,0,5,1,27,,166705,13,0,5,1,68,,166680,13,0,5,1,27,,166711,13,0,5,1,66,,166715,13,0,5,1,26,,166681,13,0,5,1,66,,166712,13,0,5,1,26,,166693,13,0,5,1,26,,166682,13,0,5,1
3701,'H59M000S-70-S',844,,97603,13,0,5,1
35001,'H56M000A-70-A',2540,,153862,60,0,5,1,93,,153863,60,0,5,1,93,,153864,60,0,5,1,85,,153865,60,0,5,1,44,,153866,60,0,5,2
35001,'H56M000I-70-I',2540,,153870,60,0,5,1,87,,153868,60,0,5,1,87,,153867,60,0,5,1,44,,153869,60,0,5,1,87,,153871,60,0,5,2
35001,'H56M000S-70-S',2539,,153875,60,0,5,1,87,,153874,60,0,5,2,88,,153873,60,0,5,1,45,,153872,60,0,5,1,88,,153876,60,0,5,1
35001,'H56M100F-70-F1',2540,,153878,60,0,5,1,87,,153879,60,0,5,1,87,,153877,60,0,5,1,44,,153881,60,0,5,1,87,,153880,60,0,5,1
35001,'H56M200F-70-F2',2540,,153883,60,0,5,1,87,,153884,60,0,5,1,87,,153882,60,0,5,1,44,,153886,60,0,5,1,87,,153885,60,0,5,1
35001,'H56M300F-80-F3',2540,,175754,60,0,5,1,87,,175757,60,0,5,2,87,,175753,60,0,5,1,44,,175755,60,0,5,1,87,,175756,60,0,5,2
