'26J-H57J000A-80-A',1101,80830,0,'Est',1,2590,0,'Est',1,6800,0,'Est',1,2600,0,'Est',1,1800,0,'Est',1,5800,0,'Est',1,2100,0,'Est',1,2000,0,'Est',1,6200,0,'Est',1,2400,0,'Est',1,2200,0,'Est',1,6200,0,'Est',1,2600,0,'Est',1,6200,0,'Est',1,2300,0,'Est',1,2600,0,'Est',1,6200,0,'Est',1,1600,0,'Est',1,1890,0,'Est',1,6200,0,'Est',1,1800,0,'Est',1,2000,0,'Est',1,5800,0,'Est',1,2000,0,'Est',1,1700,0,'Est',1,6100,0,'Est',1,1700,0,'Est',1,1900,0,'Est',1,5900,0,'Est',1,2300,0,'Est',1,2200,0,'Est',1,6310,0,'Est',1,2200,0,'Est',1,2010,0,'Est',1,6500,0,'Est',1,3200,0,'Est',1,7100,0,'Est',1,2900,0,'Est',1,6800,0,'Est',1,2900,0,'Est',1,7000,0,'Est',1,3000,0,'Est',1,7100,0,'Est',1
'26J-H57J000I-80-I',1101,80630,0,'Est',1,2200,0,'Est',1,1800,0,'Est',1,5700,0,'Est',1,2100,0,'Est',1,1500,0,'Est',1,6190,0,'Est',1,2000,0,'Est',1,1990,0,'Est',1,6200,0,'Est',1,2100,0,'Est',1,2000,0,'Est',1,6400,0,'Est',1,2100,0,'Est',1,2100,0,'Est',1,5700,0,'Est',1,1800,0,'Est',1,1800,0,'Est',1,5800,0,'Est',1,1800,0,'Est',1,1900,0,'Est',1,1900,0,'Est',1,5900,0,'Est',1,1600,0,'Est',1,1500,0,'Est',1,5400,0,'Est',1,1500,0,'Est',1,1600,0,'Est',1,1400,0,'Est',1,5600,0,'Est',1,1600,0,'Est',1,1400,0,'Est',1,1600,0,'Est',1,6700,0,'Est',1,2800,0,'Est',1,5700,0,'Est',1,2100,0,'Est',1,2500,0,'Est',1,6000,0,'Est',1,2000,0,'Est',1,3000,0,'Est',1,7000,0,'Est',1,2600,0,'Est',1,6900,0,'Est',1,3000,0,'Est',1,6900,0,'Est',1,2900,0,'Est',1,6900,0,'Est',1
'26J-H57J000S-81-S',1101,71530,0,'Est',1,3100,0,'Est',1,7100,0,'Est',1,3100,0,'Est',1,7100,0,'Est',1,3190,0,'Est',1,7100,0,'Est',1,3200,0,'Est',1,7100,0,'Est',1,7490,0,'Est',1,3200,0,'Est',1,2500,0,'Est',1,6300,0,'Est',1,2300,0,'Est',1,6300,0,'Est',1,2400,0,'Est',1,2400,0,'Est',1,6400,0,'Est',1,2400,0,'Est',1,6400,0,'Est',1,2500,0,'Est',1,2500,0,'Est',1,6400,0,'Est',1,2500,0,'Est',1,6500,0,'Est',1,2600,0,'Est',1,6500,0,'Est',1,3100,0,'Est',1,7100,0,'Est',1,3210,0,'Est',1,7200,0,'Est',1,3200,0,'Est',1,6800,0,'Est',1,3200,0,'Est',1,7300,0,'Est',1,3300,0,'Est',1,7300,0,'Est',1
'26J-H57JV00A-80-A',1101,80830,0,'Est',1,2590,0,'Est',1,6800,0,'Est',1,2600,0,'Est',1,1800,0,'Est',1,5800,0,'Est',1,2100,0,'Est',1,2000,0,'Est',1,6200,0,'Est',1,2400,0,'Est',1,2200,0,'Est',1,6200,0,'Est',1,2600,0,'Est',1,6200,0,'Est',1,2300,0,'Est',1,2600,0,'Est',1,6200,0,'Est',1,1600,0,'Est',1,1890,0,'Est',1,6200,0,'Est',1,1800,0,'Est',1,2000,0,'Est',1,5800,0,'Est',1,2000,0,'Est',1,1700,0,'Est',1,6100,0,'Est',1,1700,0,'Est',1,1900,0,'Est',1,5900,0,'Est',1,2300,0,'Est',1,2200,0,'Est',1,6310,0,'Est',1,2200,0,'Est',1,2010,0,'Est',1,6500,0,'Est',1,3200,0,'Est',1,7100,0,'Est',1,2900,0,'Est',1,6800,0,'Est',1,2900,0,'Est',1,7000,0,'Est',1,3000,0,'Est',1,7100,0,'Est',1
'26J-H57JV00I-80-I',1101,80630,0,'Est',1,2200,0,'Est',1,1800,0,'Est',1,5700,0,'Est',1,2100,0,'Est',1,1500,0,'Est',1,6190,0,'Est',1,2000,0,'Est',1,1990,0,'Est',1,6200,0,'Est',1,2100,0,'Est',1,2000,0,'Est',1,6400,0,'Est',1,2100,0,'Est',1,2100,0,'Est',1,5700,0,'Est',1,1800,0,'Est',1,1800,0,'Est',1,5800,0,'Est',1,1800,0,'Est',1,1900,0,'Est',1,1900,0,'Est',1,5900,0,'Est',1,1600,0,'Est',1,1500,0,'Est',1,5400,0,'Est',1,1500,0,'Est',1,1600,0,'Est',1,1400,0,'Est',1,5600,0,'Est',1,1600,0,'Est',1,1400,0,'Est',1,1600,0,'Est',1,6700,0,'Est',1,2800,0,'Est',1,5700,0,'Est',1,2100,0,'Est',1,2500,0,'Est',1,6000,0,'Est',1,2000,0,'Est',1,3000,0,'Est',1,7000,0,'Est',1,2600,0,'Est',1,6900,0,'Est',1,3000,0,'Est',1,6900,0,'Est',1,2900,0,'Est',1,6900,0,'Est',1
'26J-H57JV00S-83-S',1101,71530,0,'Est',1,3100,0,'Est',1,7100,0,'Est',1,3100,0,'Est',1,7100,0,'Est',1,3190,0,'Est',1,7100,0,'Est',1,3200,0,'Est',1,7100,0,'Est',1,7490,0,'Est',1,3200,0,'Est',1,2500,0,'Est',1,6300,0,'Est',1,2300,0,'Est',1,6300,0,'Est',1,2400,0,'Est',1,2400,0,'Est',1,6400,0,'Est',1,2400,0,'Est',1,6400,0,'Est',1,2500,0,'Est',1,2500,0,'Est',1,6400,0,'Est',1,2500,0,'Est',1,6500,0,'Est',1,2600,0,'Est',1,6500,0,'Est',1,3100,0,'Est',1,7100,0,'Est',1,3210,0,'Est',1,7200,0,'Est',1,3200,0,'Est',1,6800,0,'Est',1,3200,0,'Est',1,7300,0,'Est',1,3300,0,'Est',1,7300,0,'Est',1
'26J-H50J000A-84-A',71101,82220,0,'Est',1,3000,0,'Est',1,7100,0,'Est',1,3300,0,'Est',1,7300,0,'Est',1,2700,0,'Est',1,7000,0,'Est',1,3200,0,'Est',1,6800,0,'Est',1,3200,0,'Est',1,7390,0,'Est',1,7100,0,'Est',1,3300,0,'Est',1,6600,0,'Est',1,3200,0,'Est',1,6800,0,'Est',1,3000,0,'Est',1,6800,0,'Est',1,3110,0,'Est',1,7300,0,'Est',1,2700,0,'Est',1,2700,0,'Est',1,6700,0,'Est',1,3200,0,'Est',1,7000,0,'Est',1
'26J-H50J000I-84-I',71101,82020,0,'Est',1,3200,0,'Est',1,6800,0,'Est',1,3300,0,'Est',1,7300,0,'Est',1,3100,0,'Est',1,7100,0,'Est',1,2700,0,'Est',1,6800,0,'Est',1,3300,0,'Est',1,7390,0,'Est',1,2600,0,'Est',1,7300,0,'Est',1,7300,0,'Est',1,2500,0,'Est',1,2900,0,'Est',1,7100,0,'Est',1,3000,0,'Est',1,6810,0,'Est',1,3300,0,'Est',1,7300,0,'Est',1,7300,0,'Est',1,2900,0,'Est',1,6700,0,'Est',1,3100,0,'Est',1
'26J-H50JV00A-81-A',71101,82220,0,'Est',1,3000,0,'Est',1,7100,0,'Est',1,3300,0,'Est',1,7300,0,'Est',1,2700,0,'Est',1,7000,0,'Est',1,3200,0,'Est',1,6800,0,'Est',1,3200,0,'Est',1,7390,0,'Est',1,7100,0,'Est',1,3300,0,'Est',1,6600,0,'Est',1,3200,0,'Est',1,6800,0,'Est',1,3000,0,'Est',1,6800,0,'Est',1,3110,0,'Est',1,7300,0,'Est',1,2700,0,'Est',1,2700,0,'Est',1,6700,0,'Est',1,3200,0,'Est',1,7000,0,'Est',1
'26J-H50JV00I-81-I',71101,82020,0,'Est',1,3200,0,'Est',1,6800,0,'Est',1,3300,0,'Est',1,7300,0,'Est',1,3100,0,'Est',1,7100,0,'Est',1,2700,0,'Est',1,6800,0,'Est',1,3300,0,'Est',1,7390,0,'Est',1,2600,0,'Est',1,7300,0,'Est',1,7300,0,'Est',1,2500,0,'Est',1,2900,0,'Est',1,7100,0,'Est',1,3000,0,'Est',1,6810,0,'Est',1,3300,0,'Est',1,7300,0,'Est',1,7300,0,'Est',1,2900,0,'Est',1,6700,0,'Est',1,3100,0,'Est',1
