19202,'H50M000S-70-S',704,,144719,24,0,10,1
19202,'H51M000S-70-S',807,,144720,12,0,10,1,799,,144721,24,0,10,2,113,,144722,24,0,10,2
19202,'H54M000A-70-A',500,,144723,24,0,10,1,31,,144744,24,0,10,2,70,,144724,24,0,10,1,30,,144732,24,0,10,1,71,,144745,24,0,10,1,30,,144725,24,0,10,1,69,,144733,24,0,10,1,29,,144746,24,0,10,1,29,,144726,24,0,10,1,70,,144734,24,0,10,1,30,,144747,24,0,10,1,70,,144727,24,0,10,1,30,,144735,24,0,10,1,73,,144748,24,0,10,1,75,,144728,24,0,10,1,32,,144736,24,0,10,1,71,,144749,24,0,10,1,31,,144756,24,0,10,1,71,,144729,24,0,10,1,31,,144737,24,0,10,1,71,,144750,24,0,10,1,30,,144757,24,0,10,1,68,,144730,24,0,10,1,27,,144738,24,0,10,1,68,,144751,24,0,10,1,28,,144758,24,0,10,1,68,,144731,24,0,10,1,31,,144739,24,0,10,1,70,,144752,24,0,10,1,30,,144759,24,0,10,1,70,,144740,24,0,10,1,30,,144753,24,0,10,1,69,,144760,24,0,10,1,30,,144741,24,0,10,1,70,,144754,24,0,10,1,30,,144761,24,0,10,1,71,,144742,24,0,10,1,30,,144755,24,0,10,1,72,,144762,24,0,10,1,32,,144743,24,0,10,1,81,,144763,24,0,10,1
19202,'H54M000I-70-I',458,,144764,24,0,10,1,71,,144780,24,0,10,2,71,,144773,24,0,10,1,32,,144765,24,0,10,1,69,,144781,24,0,10,2,29,,144774,24,0,10,1,70,,144766,24,0,10,1,31,,144782,24,0,10,2,71,,144772,24,0,10,1,30,,144767,24,0,10,1,70,,144783,24,0,10,2,30,,144775,24,0,10,1,70,,144768,24,0,10,1,30,,144784,24,0,10,2,70,,144776,24,0,10,1,31,,144769,24,0,10,1,70,,144785,24,0,10,2,30,,144797,24,0,10,1,70,,144777,24,0,10,1,30,,144770,24,0,10,1,70,,144786,24,0,10,2,30,,144798,24,0,10,1,70,,144778,24,0,10,1,30,,144771,24,0,10,1,70,,144787,24,0,10,2,31,,144799,24,0,10,1,69,,144779,24,0,10,1,31,,144788,24,0,10,2,69,,144800,24,0,10,1,30,,144793,24,0,10,1,69,,144789,24,0,10,2,29,,144801,24,0,10,1,69,,144794,24,0,10,1,29,,144790,24,0,10,2,30,,144802,24,0,10,1,70,,144795,24,0,10,1,30,,144791,24,0,10,2,70,,144803,24,0,10,1,30,,144796,24,0,10,1,71,,144792,24,0,10,2,70,,144804,24,0,10,1
19202,'H54M000S-70-S',501,,144805,24,0,10,1,24,,144811,24,0,10,1,24,,144826,24,0,10,1,63,,144827,24,0,10,1,18,,144829,24,0,10,1,16,,144806,24,0,10,1,76,,144812,24,0,10,1,20,,144823,24,0,10,1,10,,144840,12,0,10,1,5,,144828,24,0,10,1,56,,144830,24,0,10,1,29,,144807,24,0,10,1,69,,144813,24,0,10,1,29,,144824,24,0,10,1,70,,144831,24,0,10,1,30,,144808,24,0,10,1,70,,144814,24,0,10,1,30,,144841,24,0,10,2,70,,144832,24,0,10,1,30,,144809,24,0,10,1,69,,144815,24,0,10,1,29,,144842,24,0,10,2,70,,144833,24,0,10,1,29,,144810,24,0,10,1,70,,144816,24,0,10,1,40,,144844,24,0,10,1,78,,144834,24,0,10,1,19,,144825,24,0,10,1,58,,144817,24,0,10,1,35,,144843,24,0,10,1,69,,144845,24,0,10,2,28,,144835,24,0,10,1,71,,144818,24,0,10,1,31,,144846,24,0,10,1,71,,144836,24,0,10,1,28,,144819,24,0,10,1,69,,144847,24,0,10,1,30,,144837,24,0,10,1,70,,144820,24,0,10,1,30,,144848,24,0,10,1,70,,144838,24,0,10,1,30,,144821,24,0,10,1,70,,144849,24,0,10,1,30,,144839,24,0,10,1,67,,144822,24,0,10,1
19202,'H54M100F-70-F1',500,,144858,24,0,10,1,31,,144859,24,0,10,1,70,,144851,24,0,10,1,30,,144860,24,0,10,2,71,,144872,24,0,10,1,30,,144850,24,0,10,1,69,,144861,24,0,10,2,29,,144873,24,0,10,1,29,,144852,24,0,10,1,70,,144862,24,0,10,2,30,,144874,24,0,10,1,70,,144853,24,0,10,1,30,,144863,24,0,10,2,73,,144875,24,0,10,1,75,,144854,24,0,10,1,32,,144864,24,0,10,2,71,,144876,24,0,10,1,31,,144884,24,0,10,1,71,,144855,24,0,10,1,31,,144865,24,0,10,2,71,,144877,24,0,10,1,30,,144885,24,0,10,1,68,,144856,24,0,10,1,27,,144866,24,0,10,2,68,,144878,24,0,10,1,28,,144886,24,0,10,1,68,,144857,24,0,10,1,31,,144867,24,0,10,2,70,,144882,24,0,10,1,30,,144887,24,0,10,1,70,,144868,24,0,10,2,30,,144879,24,0,10,1,69,,144888,24,0,10,1,30,,144869,24,0,10,2,70,,144880,24,0,10,1,30,,144889,24,0,10,1,71,,144870,24,0,10,2,30,,144881,24,0,10,1,72,,144890,24,0,10,1,32,,144871,24,0,10,2,62,,144883,24,0,10,1
19202,'H54M200F-70-F2',458,,144891,24,0,10,1,71,,144908,24,0,10,2,71,,144899,24,0,10,2,32,,144892,24,0,10,1,69,,144909,24,0,10,2,29,,144900,24,0,10,2,70,,144893,24,0,10,1,31,,144910,24,0,10,2,71,,144901,24,0,10,2,30,,144894,24,0,10,1,70,,144911,24,0,10,2,30,,144902,24,0,10,2,70,,144895,24,0,10,1,30,,144912,24,0,10,2,70,,144903,24,0,10,2,31,,144896,24,0,10,1,70,,144913,24,0,10,2,30,,144924,24,0,10,1,70,,144904,24,0,10,2,30,,144897,24,0,10,1,70,,144914,24,0,10,2,30,,144925,24,0,10,1,70,,144905,24,0,10,2,30,,144898,24,0,10,1,70,,144915,24,0,10,2,31,,144926,24,0,10,1,69,,144906,24,0,10,2,31,,144916,24,0,10,2,69,,144927,24,0,10,1,30,,144907,24,0,10,2,69,,144917,24,0,10,2,29,,144928,24,0,10,1,69,,144921,24,0,10,1,29,,144918,24,0,10,2,30,,144929,24,0,10,1,70,,144922,24,0,10,1,30,,144919,24,0,10,2,70,,144930,24,0,10,1,30,,144923,24,0,10,1,71,,144920,24,0,10,2,70,,144931,24,0,10,1
19202,'H54M300F-80-F3',458,,174112,24,0,10,2,71,,174079,24,0,10,1,71,,174100,24,0,10,1,32,,174113,24,0,10,2,69,,174080,24,0,10,1,29,,174101,24,0,10,1,70,,174114,24,0,10,2,31,,174081,24,0,10,1,71,,174102,24,0,10,1,30,,174115,24,0,10,2,70,,174082,24,0,10,1,30,,174103,24,0,10,1,70,,174116,24,0,10,2,30,,174083,24,0,10,1,70,,174104,24,0,10,1,31,,174117,24,0,10,2,70,,174084,24,0,10,1,30,,174092,24,0,10,2,70,,174105,24,0,10,1,30,,174118,24,0,10,2,70,,174085,24,0,10,1,30,,174093,24,0,10,2,70,,174106,24,0,10,1,30,,174119,24,0,10,2,70,,174086,24,0,10,1,31,,174094,24,0,10,2,69,,174107,24,0,10,1,31,,174087,24,0,10,1,69,,174095,24,0,10,2,30,,174108,24,0,10,1,69,,174088,24,0,10,1,29,,174096,24,0,10,2,69,,174109,24,0,10,1,29,,174089,24,0,10,1,30,,174097,24,0,10,2,70,,174110,24,0,10,1,30,,174090,24,0,10,1,70,,174098,24,0,10,2,30,,174111,24,0,10,1,71,,174091,24,0,10,1,70,,174099,24,0,10,2
19202,'H57M000S-70-S',1527,,144973,24,0,10,2
19202,'H58M000S-70-S',740,,144974,12,0,10,1
