19801,'H56J000A-80-A',431,,67397,9,0,5,1,72,,67380,9,0,5,2,32,,67384,9,0,5,1,73,,67375,9,0,5,1,32,,67398,9,0,5,1,72,,67381,9,0,5,2,31,,67385,9,0,5,1,72,,67387,9,0,5,1,31,,67383,9,0,5,1,70,,67399,9,0,5,1,27,,67416,9,0,5,2,67,,67411,9,0,5,1,27,,67414,9,0,5,2,66,,67404,9,0,5,1,25,,67415,9,0,5,1,24,,67374,9,0,5,1,66,,67417,9,0,5,2,25,,67412,9,0,5,1,64,,67386,9,0,5,1,23,,67405,9,0,5,1,22,,67392,9,0,5,1,62,,67389,9,0,5,1,19,,67400,9,0,5,1,18,,67418,9,0,5,2,60,,67408,9,0,5,1,20,,67413,9,0,5,1,20,,67388,9,0,5,1,63,,67390,9,0,5,1,26,,67393,9,0,5,1,70,,67401,9,0,5,1,31,,67409,9,0,5,1,71,,67377,9,0,5,2,29,,67391,9,0,5,1,70,,67394,9,0,5,1,30,,67402,9,0,5,1,69,,67410,9,0,5,1,29,,67378,9,0,5,2,69,,67406,9,0,5,1,29,,67395,9,0,5,1,70,,67403,9,0,5,1,29,,67382,9,0,5,1,70,,67379,9,0,5,2,30,,67407,9,0,5,1,70,,67396,9,0,5,1,30,,67376,9,0,5,1
19801,'H56J000I-80-I',432,,67425,9,0,5,1,72,,67421,9,0,5,1,34,,67424,9,0,5,1,73,,67436,9,0,5,1,32,,67426,9,0,5,1,71,,67428,9,0,5,2,31,,67419,9,0,5,1,71,,67446,9,0,5,2,31,,67437,9,0,5,1,72,,67453,9,0,5,1,30,,67429,9,0,5,2,70,,67420,9,0,5,1,25,,67423,9,0,5,1,64,,67430,9,0,5,2,29,,67447,9,0,5,2,70,,67454,9,0,5,1,30,,67442,9,0,5,1,70,,67438,9,0,5,1,31,,67431,9,0,5,2,70,,67448,9,0,5,2,29,,67455,9,0,5,1,69,,67443,9,0,5,1,31,,67439,9,0,5,1,72,,67432,9,0,5,2,31,,67449,9,0,5,2,70,,67456,9,0,5,1,30,,67444,9,0,5,1,70,,67440,9,0,5,1,30,,67433,9,0,5,2,69,,67450,9,0,5,2,29,,67457,9,0,5,1,69,,67445,9,0,5,1,30,,67441,9,0,5,1,70,,67434,9,0,5,2,30,,67451,9,0,5,2,70,,67458,9,0,5,1,30,,67427,9,0,5,2,69,,67422,9,0,5,1,30,,67435,9,0,5,2,70,,67452,9,0,5,2,30,,67459,9,0,5,1
19801,'H56J000S-80-S',506,,67460,9,0,5,1,30,,67473,9,0,5,2,68,,67494,9,0,5,2,19,,67482,9,0,5,2,17,,67462,9,0,5,1,17,,67497,9,0,5,2,71,,67485,9,0,5,2,13,,67487,9,0,5,2,13,,67483,9,0,5,2,53,,67481,9,0,5,1,14,,67484,9,0,5,2,14,,67486,9,0,5,2,22,,67501,9,0,5,2,64,,67498,9,0,5,2,28,,67502,9,0,5,1,98,,67475,9,0,5,1,69,,67461,9,0,5,1,29,,67467,9,0,5,1,69,,67476,9,0,5,1,31,,67474,9,0,5,1,70,,67478,9,0,5,1,30,,67495,9,0,5,1,70,,67477,9,0,5,1,31,,67479,9,0,5,2,97,,67466,9,0,5,1,64,,67480,9,0,5,1,25,,67496,9,0,5,1,3,,67500,11,0,5,2,10,,67488,9,0,5,2,69,,67506,9,0,5,2,29,,67471,9,0,5,2,69,,67505,9,0,5,1,28,,67489,9,0,5,1,69,,67472,9,0,5,1,28,,67463,9,0,5,1,66,,67499,9,0,5,1,27,,67464,9,0,5,1,28,,67492,9,0,5,2,67,,67490,9,0,5,1,27,,67470,9,0,5,1,64,,67468,9,0,5,2,25,,67503,9,0,5,1,68,,67465,9,0,5,1,29,,67493,9,0,5,2,68,,67491,9,0,5,1,30,,67469,9,0,5,2,70,,67504,9,0,5,1
19801,'H56JV00A-80-A',431,,67530,9,0,5,1,72,,67513,9,0,5,2,32,,67517,9,0,5,1,73,,67508,9,0,5,1,32,,67531,9,0,5,1,72,,67514,9,0,5,2,31,,67518,9,0,5,1,72,,67520,9,0,5,1,31,,67516,9,0,5,1,70,,67532,9,0,5,1,27,,67549,9,0,5,2,67,,67544,9,0,5,1,27,,67547,9,0,5,2,66,,67537,9,0,5,1,25,,67548,9,0,5,1,24,,67507,9,0,5,1,66,,67550,9,0,5,2,25,,67545,9,0,5,1,64,,67519,9,0,5,1,23,,67538,9,0,5,1,22,,67525,9,0,5,1,62,,67522,9,0,5,1,19,,67533,9,0,5,1,18,,67551,9,0,5,2,60,,67541,9,0,5,1,20,,67546,9,0,5,1,20,,67521,9,0,5,1,63,,67523,9,0,5,1,26,,67526,9,0,5,1,70,,67534,9,0,5,1,31,,67542,9,0,5,1,71,,67510,9,0,5,2,29,,67524,9,0,5,1,70,,67527,9,0,5,1,30,,67535,9,0,5,1,69,,67543,9,0,5,1,29,,67511,9,0,5,2,69,,67539,9,0,5,1,29,,67528,9,0,5,1,70,,67536,9,0,5,1,29,,67515,9,0,5,1,70,,67512,9,0,5,2,30,,67540,9,0,5,1,70,,67529,9,0,5,1,30,,67509,9,0,5,1
19801,'H56JV00I-80-I',432,,67558,9,0,5,1,72,,67554,9,0,5,1,34,,67557,9,0,5,1,73,,67569,9,0,5,1,32,,67559,9,0,5,1,71,,67561,9,0,5,2,31,,67552,9,0,5,1,71,,67579,9,0,5,2,31,,67570,9,0,5,1,72,,67586,9,0,5,1,30,,67562,9,0,5,2,70,,67553,9,0,5,1,25,,67556,9,0,5,1,64,,67563,9,0,5,2,29,,67580,9,0,5,2,70,,67587,9,0,5,1,30,,67575,9,0,5,1,70,,67571,9,0,5,1,31,,67564,9,0,5,2,70,,67581,9,0,5,2,29,,67588,9,0,5,1,69,,67576,9,0,5,1,31,,67572,9,0,5,1,72,,67565,9,0,5,2,31,,67582,9,0,5,2,70,,67589,9,0,5,1,30,,67577,9,0,5,1,70,,67573,9,0,5,1,30,,67566,9,0,5,2,69,,67583,9,0,5,2,29,,67590,9,0,5,1,69,,67578,9,0,5,1,30,,67574,9,0,5,1,70,,67567,9,0,5,2,30,,67584,9,0,5,2,70,,67591,9,0,5,1,30,,67560,9,0,5,2,69,,67555,9,0,5,1,30,,67568,9,0,5,2,70,,67585,9,0,5,2,30,,67592,9,0,5,1
19801,'H56JV00S-80-S',506,,67593,9,0,5,1,30,,67606,9,0,5,2,68,,67627,9,0,5,1,19,,67615,9,0,5,2,17,,67595,9,0,5,1,17,,67630,9,0,5,1,71,,67618,9,0,5,1,13,,67620,9,0,5,2,13,,67616,9,0,5,2,53,,67614,9,0,5,1,14,,67617,9,0,5,2,14,,67619,9,0,5,2,22,,67634,9,0,5,2,64,,67631,9,0,5,2,28,,67635,9,0,5,1,98,,67608,9,0,5,1,69,,67594,9,0,5,1,29,,67600,9,0,5,1,69,,67609,9,0,5,1,31,,67607,9,0,5,1,70,,67611,9,0,5,1,30,,67628,9,0,5,1,70,,67610,9,0,5,1,31,,67612,9,0,5,2,97,,67599,9,0,5,1,64,,67613,9,0,5,1,25,,67629,9,0,5,1,3,,67633,11,0,5,2,10,,67621,9,0,5,1,69,,67639,9,0,5,2,29,,67604,9,0,5,2,69,,67638,9,0,5,1,28,,67622,9,0,5,1,69,,67605,9,0,5,1,28,,67596,9,0,5,1,66,,67632,9,0,5,1,27,,67597,9,0,5,1,28,,67625,9,0,5,2,67,,67623,9,0,5,1,27,,67603,9,0,5,1,64,,67601,9,0,5,2,25,,67636,9,0,5,1,68,,67598,9,0,5,1,29,,67626,9,0,5,2,68,,67624,9,0,5,1,30,,67602,9,0,5,2,70,,67637,9,0,5,1
19801,'H58J000S-81-S',1018,,67640,9,0,5,2
19801,'H58J000S-83-S',1018,,67641,9,0,5,2
19801,'H58JV00S-82-S',1018,,67642,9,0,5,2
19801,'H60J000S-98-S',1516,,67643,9,0,5,1
19801,'H60JV00S-98-S',1516,,67644,9,0,5,1
