19501,'H56M000A-70-A',546,,145970,9,,,1,72,,145935,9,,,2,31,,145944,9,,,1,71,,145971,9,,,1,31,,145963,9,,,1,72,,145936,9,,,2,31,,145945,9,,,1,71,,145954,9,,,2,31,,145964,9,,,1,71,,145937,9,,,2,31,,145946,9,,,1,70,,145955,9,,,2,30,,145965,9,,,1,70,,145938,9,,,2,30,,145947,9,,,1,72,,145956,9,,,2,71,,145966,9,,,1,31,,145939,9,,,2,69,,145948,9,,,1,34,,145957,9,,,2,70,,145967,9,,,1,31,,145940,9,,,2,71,,145949,9,,,1,29,,145958,9,,,2,70,,145968,9,,,1,30,,145941,9,,,2,69,,145950,9,,,1,27,,145959,9,,,2,69,,145969,9,,,1,29,,145942,9,,,2,70,,145951,9,,,1,30,,145960,9,,,2,29,,145972,9,,,1,69,,145943,9,,,2,29,,145952,9,,,1,70,,145961,9,,,2,30,,145973,9,,,1,69,,145975,9,,,2,28,,145953,9,,,1,69,,145962,9,,,2,29,,145976,9,,,2,69,,145974,9,,,1
19501,'H56M000I-70-I',548,,145983,9,,,2,72,,145981,9,,,1,31,,145979,9,,,2,71,,145977,9,,,1,31,,145984,9,,,2,71,,146014,9,,,1,30,,145980,9,,,2,72,,145982,9,,,1,31,,145985,9,,,2,71,,145999,9,,,1,30,,145991,9,,,1,69,,146007,9,,,2,30,,145986,9,,,2,70,,146000,9,,,1,30,,145992,9,,,1,71,,146008,9,,,2,31,,145987,9,,,2,70,,146001,9,,,1,30,,145993,9,,,1,69,,146009,9,,,2,30,,145988,9,,,2,71,,146002,9,,,1,30,,145994,9,,,1,70,,146010,9,,,2,30,,145989,9,,,2,69,,146003,9,,,1,30,,145995,9,,,1,70,,146011,9,,,2,28,,145990,9,,,2,70,,146004,9,,,1,30,,145996,9,,,1,70,,145978,9,,,1,30,,146015,9,,,2,70,,146005,9,,,1,31,,145997,9,,,1,70,,146012,9,,,1,29,,146016,9,,,2,69,,146006,9,,,1,29,,145998,9,,,1,69,,146013,9,,,1,28,,146017,9,,,2
19501,'H56M000S-70-S',520,,146054,9,,,1,29,,146058,9,,,1,71,,146055,9,,,1,26,,146030,9,,,2,68,,146036,9,,,2,21,,146042,9,,,1,15,,146059,9,,,1,58,,146060,9,,,2,3,,146040,9,,,2,48,,146022,9,,,1,63,,146037,9,,,2,30,,146043,9,,,1,70,,146048,9,,,1,31,,146056,9,,,1,71,,146038,9,,,2,31,,146044,9,,,1,71,,146049,9,,,1,31,,146057,9,,,1,70,,146039,9,,,2,26,,146031,9,,,1,66,,146023,9,,,2,26,,146028,9,,,1,105,,146032,9,,,2,72,,146041,9,,,1,32,,146029,9,,,1,73,,146033,9,,,1,31,,146046,9,,,2,73,,146050,9,,,1,73,,146024,9,,,1,29,,146034,9,,,1,69,,146047,9,,,2,28,,146051,9,,,1,29,,146025,9,,,1,70,,146035,9,,,1,29,,146045,9,,,1,70,,146052,9,,,1,28,,146026,9,,,1,68,,146020,9,,,2,29,,146018,9,,,1,69,,146053,9,,,1,30,,146027,9,,,1,70,,146021,9,,,2,30,,146019,9,,,1
19501,'H56M100F-70-F1',548,,146062,9,,,1,72,,146063,9,,,1,31,,146069,9,,,2,71,,146061,9,,,1,31,,146077,9,,,2,71,,146095,9,,,1,30,,146070,9,,,2,72,,146071,9,,,1,31,,146078,9,,,2,71,,146084,9,,,2,30,,146089,9,,,1,69,,146072,9,,,1,30,,146079,9,,,2,70,,146086,9,,,2,30,,146090,9,,,1,71,,146073,9,,,1,31,,146080,9,,,2,70,,146085,9,,,2,30,,146091,9,,,1,69,,146074,9,,,1,30,,146081,9,,,2,71,,146087,9,,,2,30,,146092,9,,,1,70,,146075,9,,,1,30,,146082,9,,,2,69,,146088,9,,,2,30,,146093,9,,,1,70,,146076,9,,,1,28,,146083,9,,,2,70,,146096,9,,,2,30,,146094,9,,,1,70,,146066,9,,,1,30,,146099,9,,,1,70,,146097,9,,,2,31,,146064,9,,,1,70,,146067,9,,,1,29,,146100,9,,,1,69,,146098,9,,,2,29,,146065,9,,,1,69,,146068,9,,,1,28,,146101,9,,,1
19501,'H56M200F-70-F2',548,,146103,9,,,1,72,,146104,9,,,1,31,,146110,9,,,2,71,,146102,9,,,1,31,,146118,9,,,2,71,,146136,9,,,1,30,,146111,9,,,2,72,,146112,9,,,1,31,,146119,9,,,2,71,,146125,9,,,2,30,,146130,9,,,1,69,,146113,9,,,1,30,,146120,9,,,2,70,,146126,9,,,2,30,,146131,9,,,1,71,,146114,9,,,1,31,,146121,9,,,2,70,,146127,9,,,2,30,,146132,9,,,1,69,,146115,9,,,1,30,,146122,9,,,2,71,,146128,9,,,2,30,,146133,9,,,1,70,,146116,9,,,1,30,,146123,9,,,2,69,,146129,9,,,2,30,,146134,9,,,1,70,,146117,9,,,1,28,,146124,9,,,2,70,,146137,9,,,2,30,,146135,9,,,1,70,,146107,9,,,1,30,,146140,9,,,1,70,,146138,9,,,2,31,,146105,9,,,1,70,,146108,9,,,1,29,,146141,9,,,1,69,,146139,9,,,2,29,,146106,9,,,1,69,,146109,9,,,1,28,,146142,9,,,1
19501,'H56M300F-70-F3',548,,146149,9,,,2,72,,146147,9,,,1,31,,146145,9,,,2,71,,146143,9,,,1,31,,146150,9,,,2,71,,146180,9,,,1,30,,146146,9,,,2,72,,146148,9,,,1,31,,146151,9,,,2,71,,146165,9,,,1,30,,146157,9,,,1,69,,146173,9,,,2,30,,146152,9,,,2,70,,146166,9,,,1,30,,146158,9,,,1,71,,146174,9,,,2,31,,146154,9,,,2,70,,146167,9,,,1,30,,146159,9,,,1,69,,146175,9,,,2,30,,146153,9,,,2,71,,146168,9,,,1,30,,146160,9,,,1,70,,146176,9,,,2,30,,146155,9,,,2,69,,146169,9,,,1,30,,146161,9,,,1,70,,146177,9,,,2,28,,146156,9,,,2,70,,146170,9,,,1,30,,146162,9,,,1,70,,146144,9,,,1,30,,146181,9,,,2,70,,146171,9,,,1,31,,146163,9,,,1,70,,146178,9,,,1,29,,146182,9,,,2,69,,146172,9,,,1,29,,146164,9,,,1,69,,146179,9,,,1,28,,146183,9,,,2
19501,'H58M000S-70-S',835,,146184,9,,,2,682,,146185,9,,,2
35000,'H56M000A-70-A',2521,,153862,38,,,1,93,,153863,38,,,1,93,,153864,38,,,1,45,,153865,38,,,1,84,,153866,38,,,2
35000,'H56M000I-70-I',2521,,153870,38,,,1,88,,153868,38,,,1,47,,153867,38,,,1,84,,153869,38,,,1,87,,153871,38,,,2
35000,'H56M000S-70-S',2520,,153875,38,,,1,87,,153874,38,,,2,48,,153873,38,,,1,85,,153872,38,,,1,88,,153876,38,,,1
35000,'H56M100F-70-F1',2521,,153878,38,,,1,88,,153879,38,,,1,47,,153877,38,,,1,84,,153881,38,,,1,87,,153880,38,,,1
35000,'H56M200F-70-F2',2521,,153883,38,,,1,88,,153884,38,,,1,47,,153882,38,,,1,84,,153886,38,,,1,87,,153885,38,,,1
35000,'H56M300F-70-F3',2521,,153890,38,,,1,88,,153888,38,,,1,47,,153887,38,,,1,84,,153889,38,,,1,87,,153891,38,,,2
35001,'H56M000A-70-A',2602,,153900,63,,,1,40,,153904,63,,,1,69,,153898,63,,,1,10,,153897,63,,,1,10,,153905,63,,,2,9,,153903,63,,,1,9,,153892,63,,,1,10,,153893,63,,,1,50,,153896,63,,,2,10,,153901,63,,,1,10,,153899,63,,,1,10,,153895,63,,,1,10,,153902,63,,,1,51,,153894,63,,,1,21,,153906,63,,,1
35001,'H56M000I-70-I',2551,,153907,63,,,1,68,,153911,63,,,1,26,,153910,63,,,2,67,,153914,63,,,2,27,,153913,63,,,1,66,,153908,63,,,1,26,,153909,63,,,1,26,,153912,63,,,1
35001,'H56M000S-70-S',2555,,153915,63,,,1,85,,153919,63,,,1,92,,153918,63,,,2,86,,153916,63,,,1,29,,153917,63,,,1,55,,153920,63,,,2
35001,'H56M100F-70-F1',2551,,153921,63,,,1,68,,153923,63,,,1,26,,153924,63,,,2,67,,153928,63,,,1,27,,153926,63,,,1,66,,153922,63,,,1,26,,153927,63,,,1,26,,153925,63,,,1
35001,'H56M200F-70-F2',2551,,153929,63,,,1,68,,153931,63,,,1,26,,153932,63,,,2,67,,153936,63,,,1,27,,153934,63,,,1,66,,153930,63,,,1,26,,153935,63,,,1,26,,153933,63,,,1
35001,'H56M300F-70-F3',2551,,153937,63,,,1,68,,153941,63,,,1,26,,153940,63,,,2,67,,153944,63,,,2,27,,153943,63,,,1,66,,153938,63,,,1,26,,153939,63,,,1,26,,153942,63,,,1
