1601,'H50J000A-84-A',618,,1835,0,5,2,28,,1854,0,5,1,70,,1836,0,5,2,30,,1855,0,5,1,70,,1837,0,5,2,31,,1856,0,5,1,73,,1838,0,5,2,32,,1857,0,5,1,71,,1839,0,5,2,33,,1858,0,5,1,71,,1840,0,5,2,28,,1866,0,5,1,70,,1859,0,5,1,31,,1841,0,5,2,69,,1848,0,5,1,30,,1860,0,5,1,70,,1853,0,5,1,30,,1849,0,5,1,70,,1842,0,5,2,30,,1852,0,5,1,70,,1850,0,5,1,29,,1843,0,5,2,73,,1861,0,5,1,26,,1851,0,5,1,68,,1844,0,5,2,30,,1862,0,5,1,73,,1845,0,5,2,30,,1863,0,5,1,71,,1846,0,5,2,30,,1864,0,5,1,69,,1847,0,5,2,29,,1865,0,5,1
1601,'H50J000I-84-I',621,,1875,0,5,1,29,,1867,0,5,1,69,,1876,0,5,1,29,,1868,0,5,1,70,,1877,0,5,1,29,,1869,0,5,1,71,,1878,0,5,1,31,,1870,0,5,1,71,,1879,0,5,1,31,,1871,0,5,1,72,,1880,0,5,1,32,,1872,0,5,1,72,,1881,0,5,1,32,,1873,0,5,1,72,,1882,0,5,1,69,,1885,0,5,1,27,,1874,0,5,1,26,,1883,0,5,1,66,,1886,0,5,1,26,,1897,0,5,1,67,,1884,0,5,1,28,,1887,0,5,1,68,,1898,0,5,1,28,,1892,0,5,1,67,,1888,0,5,1,24,,1899,0,5,1,27,,1893,0,5,1,70,,1889,0,5,1,30,,1894,0,5,1,70,,1890,0,5,1,29,,1895,0,5,1,70,,1891,0,5,1,29,,1896,0,5,1
1601,'H50J000S-83-S',618,,1922,0,5,1,26,,1900,0,5,1,68,,1911,0,5,2,31,,1923,0,5,1,70,,1901,0,5,1,27,,1912,0,5,2,64,,1931,0,5,1,24,,1924,0,5,1,26,,1902,0,5,1,66,,1913,0,5,2,30,,1925,0,5,1,70,,1903,0,5,1,30,,1914,0,5,2,71,,1926,0,5,1,30,,1904,0,5,1,70,,1915,0,5,2,31,,1927,0,5,1,71,,1905,0,5,1,31,,1916,0,5,2,72,,1928,0,5,1,75,,1906,0,5,1,36,,1917,0,5,2,74,,1929,0,5,1,31,,1907,0,5,1,71,,1918,0,5,2,30,,1930,0,5,1,68,,1908,0,5,1,33,,1919,0,5,2,70,,1909,0,5,1,32,,1920,0,5,2,72,,1910,0,5,1,32,,1921,0,5,2
1601,'H50JV00A-81-A',618,,1932,0,5,2,28,,1951,0,5,1,70,,1933,0,5,2,30,,1952,0,5,1,70,,1934,0,5,2,31,,1953,0,5,1,73,,1935,0,5,2,32,,1954,0,5,1,71,,1936,0,5,2,33,,1955,0,5,1,71,,1937,0,5,2,28,,1963,0,5,1,70,,1956,0,5,1,31,,1938,0,5,2,69,,1945,0,5,1,30,,1957,0,5,1,70,,1950,0,5,1,30,,1946,0,5,1,70,,1939,0,5,2,30,,1949,0,5,1,70,,1947,0,5,1,29,,1940,0,5,2,73,,1958,0,5,1,26,,1948,0,5,1,68,,1941,0,5,2,30,,1959,0,5,1,73,,1942,0,5,2,30,,1960,0,5,1,71,,1943,0,5,2,30,,1961,0,5,1,69,,1944,0,5,2,29,,1962,0,5,1
1601,'H50JV00I-81-I',621,,1972,0,5,1,29,,1964,0,5,1,69,,1973,0,5,1,29,,1965,0,5,1,70,,1974,0,5,1,29,,1966,0,5,1,71,,1975,0,5,1,31,,1967,0,5,1,71,,1976,0,5,1,31,,1968,0,5,1,72,,1977,0,5,1,32,,1969,0,5,1,72,,1978,0,5,1,32,,1970,0,5,1,72,,1979,0,5,1,69,,1982,0,5,1,27,,1971,0,5,1,26,,1980,0,5,1,66,,1983,0,5,1,26,,1994,0,5,1,67,,1981,0,5,1,28,,1984,0,5,1,68,,1995,0,5,1,28,,1989,0,5,1,67,,1985,0,5,1,24,,1996,0,5,1,27,,1990,0,5,1,70,,1986,0,5,1,30,,1991,0,5,1,70,,1987,0,5,1,29,,1992,0,5,1,70,,1988,0,5,1,29,,1993,0,5,1
1601,'H50JV00S-82-S',618,,2019,0,5,1,26,,1997,0,5,1,68,,2008,0,5,2,31,,2020,0,5,1,70,,1998,0,5,1,27,,2009,0,5,2,64,,2028,0,5,1,24,,2021,0,5,1,26,,1999,0,5,1,66,,2010,0,5,2,30,,2022,0,5,1,70,,2000,0,5,1,30,,2011,0,5,2,71,,2023,0,5,1,30,,2001,0,5,1,70,,2012,0,5,2,31,,2024,0,5,1,71,,2002,0,5,1,31,,2013,0,5,2,72,,2025,0,5,1,75,,2003,0,5,1,36,,2014,0,5,2,74,,2026,0,5,1,31,,2004,0,5,1,71,,2015,0,5,2,30,,2027,0,5,1,68,,2005,0,5,1,33,,2016,0,5,2,70,,2006,0,5,1,32,,2017,0,5,2,72,,2007,0,5,1,32,,2018,0,5,2
9201,'H51J000A-82-A',555,,29400,0,5,1,71,,29406,0,5,1,30,,29401,0,5,1,70,,29407,0,5,1,31,,29402,0,5,1,70,,29408,0,5,1,30,,29403,0,5,1,70,,29409,0,5,1,31,,29404,0,5,1,70,,29410,0,5,1,73,,29405,0,5,1,33,,29411,0,5,1,73,,29419,0,5,2,34,,29399,0,5,1,72,,29418,0,5,2,28,,29428,0,5,1,68,,29420,0,5,1,28,,29430,0,5,1,69,,29429,0,5,1,29,,29421,0,5,1,69,,29431,0,5,1,31,,29432,0,5,2,75,,29422,0,5,1,32,,29412,0,5,1,72,,29423,0,5,1,32,,29413,0,5,1,70,,29424,0,5,1,30,,29414,0,5,1,68,,29425,0,5,1,30,,29415,0,5,1,70,,29426,0,5,1,30,,29416,0,5,1,70,,29427,0,5,1,30,,29417,0,5,1,70,,29433,0,5,1,30,,29435,0,5,2,73,,29434,0,5,1,32,,29436,0,5,2
9201,'H51J000I-82-I',559,,29440,0,5,1,69,,29448,0,5,1,30,,29441,0,5,1,69,,29449,0,5,1,29,,29442,0,5,1,68,,29450,0,5,1,28,,29443,0,5,1,68,,29451,0,5,1,31,,29444,0,5,1,71,,29452,0,5,1,32,,29445,0,5,1,73,,29453,0,5,1,32,,29446,0,5,1,72,,29437,0,5,1,72,,29454,0,5,1,33,,29447,0,5,1,73,,29438,0,5,1,33,,29455,0,5,1,73,,29465,0,5,2,33,,29439,0,5,1,73,,29456,0,5,1,32,,29466,0,5,2,73,,29457,0,5,1,33,,29467,0,5,2,73,,29458,0,5,1,73,,29468,0,5,2,31,,29459,0,5,1,73,,29469,0,5,2,33,,29460,0,5,1,72,,29470,0,5,2,32,,29461,0,5,1,72,,29471,0,5,2,31,,29462,0,5,1,72,,29472,0,5,2,30,,29463,0,5,1,70,,29473,0,5,2,29,,29464,0,5,1
9201,'H51J000S-80-S',558,,29481,0,5,1,65,,29482,0,5,2,31,,29485,0,5,2,71,,29483,0,5,2,33,,29487,0,5,1,73,,29486,0,5,2,71,,29484,0,5,2,32,,29474,0,5,1,73,,29488,0,5,1,33,,29493,0,5,2,72,,29475,0,5,1,32,,29489,0,5,1,74,,29494,0,5,2,32,,29476,0,5,1,72,,29490,0,5,1,30,,29495,0,5,2,70,,29477,0,5,1,30,,29491,0,5,1,66,,29496,0,5,2,22,,29479,0,5,1,60,,29478,0,5,1,20,,29492,0,5,1,20,,29497,0,5,2,60,,29499,0,5,1,20,,29480,0,5,1,20,,29507,0,5,2,60,,29509,0,5,2,18,,29498,0,5,2,20,,29500,0,5,1,20,,29508,0,5,2,60,,29510,0,5,2,31,,29501,0,5,1,69,,29511,0,5,2,30,,29502,0,5,1,70,,29512,0,5,2,29,,29503,0,5,1,70,,29513,0,5,2,30,,29504,0,5,1,70,,29514,0,5,2,30,,29505,0,5,1,71,,29515,0,5,2,33,,29506,0,5,1
9201,'H51JV00A-80-A',555,,29517,0,5,1,71,,29523,0,5,1,30,,29518,0,5,1,70,,29524,0,5,1,31,,29519,0,5,1,70,,29525,0,5,1,30,,29520,0,5,1,70,,29526,0,5,1,31,,29521,0,5,1,70,,29527,0,5,1,73,,29522,0,5,1,33,,29528,0,5,1,73,,29535,0,5,2,34,,29516,0,5,1,72,,29551,0,5,2,28,,29536,0,5,1,68,,29540,0,5,1,28,,29538,0,5,1,69,,29537,0,5,1,29,,29541,0,5,1,69,,29539,0,5,1,31,,29550,0,5,2,75,,29542,0,5,1,32,,29529,0,5,1,72,,29543,0,5,1,32,,29530,0,5,1,70,,29544,0,5,1,30,,29531,0,5,1,68,,29545,0,5,1,30,,29532,0,5,1,70,,29546,0,5,1,30,,29533,0,5,1,70,,29547,0,5,1,30,,29534,0,5,1,70,,29548,0,5,1,30,,29552,0,5,2,73,,29549,0,5,1,32,,29553,0,5,2
9201,'H51JV00I-80-I',559,,29583,0,5,1,69,,29577,0,5,1,30,,29584,0,5,1,69,,29578,0,5,1,29,,29585,0,5,1,68,,29579,0,5,1,28,,29586,0,5,1,68,,29580,0,5,1,31,,29587,0,5,1,71,,29581,0,5,1,32,,29588,0,5,1,73,,29582,0,5,1,32,,29589,0,5,1,72,,29554,0,5,1,72,,29557,0,5,1,33,,29590,0,5,1,73,,29555,0,5,1,33,,29558,0,5,1,73,,29568,0,5,2,33,,29556,0,5,1,73,,29559,0,5,1,32,,29569,0,5,2,73,,29560,0,5,1,33,,29570,0,5,2,73,,29561,0,5,1,73,,29571,0,5,2,31,,29562,0,5,1,73,,29572,0,5,2,33,,29563,0,5,1,72,,29573,0,5,2,32,,29564,0,5,1,72,,29574,0,5,2,31,,29565,0,5,1,72,,29575,0,5,2,30,,29566,0,5,1,70,,29576,0,5,2,29,,29567,0,5,1
9201,'H51JV00S-84-S',558,,29598,0,5,1,65,,29595,0,5,2,31,,29599,0,5,2,71,,29596,0,5,2,33,,29601,0,5,1,73,,29600,0,5,2,71,,29597,0,5,2,32,,29613,0,5,1,73,,29602,0,5,1,33,,29607,0,5,2,72,,29591,0,5,1,32,,29603,0,5,1,74,,29608,0,5,2,32,,29592,0,5,1,72,,29604,0,5,1,30,,29609,0,5,2,70,,29593,0,5,1,30,,29605,0,5,1,66,,29610,0,5,2,22,,29622,0,5,1,60,,29594,0,5,1,20,,29606,0,5,1,20,,29611,0,5,2,60,,29614,0,5,1,20,,29623,0,5,1,20,,29624,0,5,2,60,,29626,0,5,2,18,,29612,0,5,2,20,,29615,0,5,1,20,,29625,0,5,2,60,,29627,0,5,2,31,,29616,0,5,1,69,,29628,0,5,2,30,,29617,0,5,1,70,,29629,0,5,2,29,,29618,0,5,1,70,,29630,0,5,2,30,,29619,0,5,1,70,,29631,0,5,2,30,,29620,0,5,1,71,,29632,0,5,2,33,,29621,0,5,1
17903,'H50J000S-83-S',1623,,57437,0,8,1
17903,'H50JV00S-82-S',1623,,57438,0,8,1
17903,'H51J000A-82-A',536,,57449,0,8,1,68,,57450,0,8,2,28,,57439,0,8,1,68,,57451,0,8,2,29,,57440,0,8,1,72,,57452,0,8,2,33,,57441,0,8,1,72,,57453,0,8,2,22,,57460,0,8,1,23,,57442,0,8,1,63,,57454,0,8,2,24,,57461,0,8,1,64,,57443,0,8,1,16,,57475,0,8,2,16,,57455,0,8,2,15,,57482,0,8,2,56,,57462,0,8,1,16,,57444,0,8,1,16,,57476,0,8,2,16,,57456,0,8,2,57,,57483,0,8,2,17,,57463,0,8,1,17,,57445,0,8,1,56,,57472,0,8,2,15,,57477,0,8,2,15,,57457,0,8,2,14,,57484,0,8,2,14,,57464,0,8,1,54,,57446,0,8,1,14,,57473,0,8,2,15,,57478,0,8,2,15,,57458,0,8,2,54,,57485,0,8,2,14,,57465,0,8,1,14,,57447,0,8,1,14,,57474,0,8,2,54,,57479,0,8,2,14,,57459,0,8,2,18,,57486,0,8,2,63,,57466,0,8,1,24,,57480,0,8,2,25,,57487,0,8,2,66,,57467,0,8,1,26,,57481,0,8,2,69,,57488,0,8,2,30,,57468,0,8,1,70,,57489,0,8,2,30,,57469,0,8,1,68,,57490,0,8,2,28,,57470,0,8,1,68,,57491,0,8,2,28,,57448,0,8,1,68,,57471,0,8,1,28,,57492,0,8,2
17903,'H51J000I-82-I',631,,57493,0,8,1,70,,57498,0,8,1,30,,57494,0,8,1,70,,57499,0,8,1,30,,57495,0,8,1,70,,57500,0,8,1,30,,57496,0,8,1,73,,57501,0,8,1,31,,57497,0,8,1,21,,57524,0,8,2,61,,57517,0,8,2,22,,57502,0,8,1,20,,57527,0,8,1,58,,57525,0,8,2,17,,57518,0,8,2,15,,57532,0,8,2,53,,57503,0,8,1,12,,57514,0,8,2,12,,57528,0,8,1,13,,57526,0,8,2,13,,57519,0,8,2,53,,57504,0,8,1,14,,57533,0,8,2,16,,57515,0,8,2,16,,57529,0,8,1,57,,57520,0,8,2,16,,57505,0,8,1,16,,57534,0,8,2,17,,57516,0,8,2,57,,57530,0,8,1,18,,57521,0,8,2,20,,57506,0,8,1,63,,57535,0,8,1,23,,57531,0,8,1,62,,57522,0,8,2,23,,57507,0,8,1,24,,57536,0,8,1,64,,57523,0,8,2,24,,57508,0,8,1,68,,57537,0,8,1,30,,57509,0,8,1,70,,57538,0,8,1,30,,57510,0,8,1,70,,57539,0,8,1,30,,57511,0,8,1,70,,57540,0,8,1,31,,57512,0,8,1,72,,57541,0,8,1,32,,57513,0,8,1
17903,'H51J000S-80-S',531,,57563,0,8,2,22,,57568,0,8,1,62,,57545,0,8,1,19,,57564,0,8,2,17,,57577,0,8,2,57,,57569,0,8,1,16,,57579,0,8,2,14,,57546,0,8,1,14,,57565,0,8,2,54,,57578,0,8,2,20,,57570,0,8,1,20,,57580,0,8,2,63,,57547,0,8,1,32,,57571,0,8,1,70,,57581,0,8,2,30,,57548,0,8,1,70,,57559,0,8,1,24,,57582,0,8,2,24,,57549,0,8,1,64,,57572,0,8,1,23,,57560,0,8,1,60,,57583,0,8,2,20,,57550,0,8,1,18,,57543,0,8,1,58,,57573,0,8,1,21,,57561,0,8,1,21,,57584,0,8,2,61,,57551,0,8,1,14,,57588,0,8,2,14,,57574,0,8,1,15,,57562,0,8,1,52,,57594,0,8,2,11,,57585,0,8,2,27,,57552,0,8,1,15,,57589,0,8,2,57,,57575,0,8,1,17,,57595,0,8,2,15,,57586,0,8,2,72,,57553,0,8,1,30,,57576,0,8,1,73,,57587,0,8,2,32,,57554,0,8,1,73,,57566,0,8,1,33,,57555,0,8,1,65,,57590,0,8,1,25,,57567,0,8,1,66,,57556,0,8,1,28,,57591,0,8,1,69,,57557,0,8,1,30,,57592,0,8,1,70,,57558,0,8,1,32,,57593,0,8,1
17903,'H51JV00A-80-A',536,,57596,0,8,1,68,,57637,0,8,2,28,,57628,0,8,1,68,,57638,0,8,2,29,,57629,0,8,1,72,,57639,0,8,2,33,,57630,0,8,1,72,,57640,0,8,2,22,,57616,0,8,1,23,,57631,0,8,1,63,,57641,0,8,2,24,,57617,0,8,1,64,,57632,0,8,1,16,,57600,0,8,2,16,,57642,0,8,2,15,,57598,0,8,2,56,,57618,0,8,1,16,,57633,0,8,1,16,,57601,0,8,2,16,,57643,0,8,2,57,,57599,0,8,2,17,,57619,0,8,1,17,,57634,0,8,1,56,,57647,0,8,2,15,,57602,0,8,2,15,,57644,0,8,2,14,,57607,0,8,2,14,,57620,0,8,1,54,,57635,0,8,1,14,,57648,0,8,2,15,,57603,0,8,2,15,,57645,0,8,2,54,,57608,0,8,2,14,,57621,0,8,1,14,,57636,0,8,1,14,,57649,0,8,2,54,,57604,0,8,2,14,,57646,0,8,2,18,,57609,0,8,2,63,,57622,0,8,1,24,,57605,0,8,2,25,,57610,0,8,2,66,,57623,0,8,1,26,,57606,0,8,2,69,,57611,0,8,2,30,,57624,0,8,1,70,,57612,0,8,2,30,,57625,0,8,1,68,,57613,0,8,2,28,,57626,0,8,1,68,,57614,0,8,2,28,,57597,0,8,1,68,,57627,0,8,1,28,,57615,0,8,2
17903,'H51JV00I-80-I',631,,57650,0,8,1,70,,57658,0,8,1,30,,57651,0,8,1,70,,57659,0,8,1,30,,57652,0,8,1,70,,57660,0,8,1,30,,57653,0,8,1,73,,57661,0,8,1,31,,57654,0,8,1,21,,57656,0,8,2,61,,57674,0,8,2,22,,57662,0,8,1,20,,57684,0,8,1,58,,57657,0,8,2,17,,57675,0,8,2,15,,57689,0,8,2,53,,57663,0,8,1,12,,57681,0,8,2,12,,57685,0,8,1,13,,57655,0,8,2,13,,57676,0,8,2,53,,57664,0,8,1,14,,57690,0,8,2,16,,57682,0,8,2,16,,57686,0,8,1,57,,57677,0,8,2,16,,57665,0,8,1,16,,57691,0,8,2,17,,57683,0,8,2,57,,57687,0,8,1,18,,57678,0,8,2,20,,57666,0,8,1,63,,57692,0,8,1,23,,57688,0,8,1,62,,57679,0,8,2,23,,57667,0,8,1,24,,57693,0,8,1,64,,57680,0,8,2,24,,57668,0,8,1,68,,57694,0,8,1,30,,57669,0,8,1,70,,57695,0,8,1,30,,57670,0,8,1,70,,57696,0,8,1,30,,57671,0,8,1,70,,57697,0,8,1,31,,57672,0,8,1,72,,57698,0,8,1,32,,57673,0,8,1
17903,'H51JV00S-84-S',531,,57716,0,8,2,22,,57724,0,8,1,62,,57702,0,8,1,19,,57717,0,8,2,17,,57733,0,8,2,57,,57725,0,8,1,16,,57735,0,8,2,14,,57703,0,8,1,14,,57718,0,8,2,54,,57734,0,8,2,20,,57726,0,8,1,20,,57736,0,8,2,63,,57704,0,8,1,32,,57727,0,8,1,70,,57737,0,8,2,30,,57705,0,8,1,70,,57744,0,8,1,24,,57738,0,8,2,24,,57706,0,8,1,64,,57728,0,8,1,23,,57745,0,8,1,60,,57739,0,8,2,20,,57707,0,8,1,18,,57700,0,8,1,58,,57729,0,8,1,21,,57746,0,8,1,21,,57740,0,8,2,61,,57708,0,8,1,14,,57749,0,8,2,14,,57730,0,8,1,15,,57747,0,8,1,52,,57751,0,8,2,11,,57741,0,8,2,27,,57709,0,8,1,15,,57750,0,8,2,57,,57731,0,8,1,17,,57752,0,8,2,15,,57742,0,8,2,72,,57710,0,8,1,30,,57732,0,8,1,73,,57743,0,8,2,32,,57711,0,8,1,73,,57719,0,8,1,33,,57712,0,8,1,65,,57748,0,8,1,25,,57720,0,8,1,66,,57713,0,8,1,28,,57721,0,8,1,69,,57714,0,8,1,30,,57722,0,8,1,70,,57715,0,8,1,32,,57723,0,8,1
37201,'H54J000A-80-A',2524,,72503,0,5,1,85,,72508,0,5,1,44,,72506,0,5,1,90,,72504,0,5,1,85,,72505,0,5,1,84,,72507,0,6 7,1
37201,'H54J000I-80-I',2526,,72510,0,5,1,87,,72509,0,5,1,46,,72513,0,5,1,86,,72511,0,5,1,85,,72512,0,5,1,85,,72514,0,6 7,1
37201,'H54J000S-83-S',2526,,72515,0,5,1,75,,72519,0,5,1,38,,72518,0,5,1,80,,72521,0,5,1,40,,72517,0,5,1,81,,72516,0,5,1,85,,72520,0,6 7,1
37201,'H54JV00A-80-A',2524,,72525,0,5,1,85,,72527,0,5,1,44,,72526,0,5,1,90,,72522,0,5,1,85,,72523,0,5,1,84,,72524,0,6 7,1
37201,'H54JV00I-80-I',2526,,72529,0,5,1,87,,72532,0,5,1,46,,72528,0,5,1,86,,72531,0,5,1,85,,72533,0,5,1,85,,72530,0,6 7,1
37201,'H54JV00S-80-S',2526,,72538,0,5,1,75,,72536,0,5,1,38,,72535,0,5,1,80,,72540,0,5,1,40,,72539,0,5,1,81,,72534,0,5,1,85,,72537,0,6 7,1
