2201,'H57M000S-70-S',818,,90620,8,,,2
2201,'H59M000A-70-A',503,,90621,8,,,2,29,,90636,8,,,1,69,,90622,8,,,2,28,,90637,8,,,1,29,,90623,8,,,2,70,,90638,8,,,1,31,,90624,8,,,2,70,,90639,8,,,1,30,,90625,8,,,2,70,,90640,8,,,1,71,,90626,8,,,2,30,,90641,8,,,1,70,,90627,8,,,2,30,,90642,8,,,1,70,,90628,8,,,2,31,,90643,8,,,1,71,,90629,8,,,2,31,,90644,8,,,1,70,,90630,8,,,2,32,,90645,8,,,1,72,,90631,8,,,2,31,,90646,8,,,1,71,,90632,8,,,2,31,,90647,8,,,1,71,,90633,8,,,2,30,,90648,8,,,1,70,,90634,8,,,2,29,,90649,8,,,1,69,,90635,8,,,2,29,,90650,8,,,1,98,,90651,8,,,1,98,,90652,8,,,1,99,,90653,8,,,1,100,,90654,8,,,1,100,,90655,8,,,1,100,,90656,8,,,1
2201,'H59M000I-70-I',503,,90657,8,,,2,30,,90672,8,,,1,70,,90658,8,,,2,29,,90673,8,,,1,69,,90659,8,,,2,29,,90674,8,,,1,70,,90660,8,,,2,30,,90675,8,,,1,70,,90661,8,,,2,30,,90676,8,,,1,70,,90662,8,,,2,30,,90677,8,,,1,70,,90663,8,,,2,30,,90678,8,,,1,70,,90664,8,,,2,30,,90679,8,,,1,70,,90665,8,,,2,30,,90680,8,,,1,70,,90666,8,,,2,31,,90681,8,,,1,71,,90667,8,,,2,30,,90682,8,,,1,70,,90668,8,,,2,31,,90683,8,,,1,72,,90669,8,,,2,32,,90684,8,,,1,72,,90670,8,,,2,32,,90685,8,,,1,73,,90671,8,,,2,33,,90686,8,,,1,99,,90687,8,,,1,100,,90688,8,,,1,100,,90689,8,,,1,100,,90690,8,,,1,100,,90691,8,,,1
2201,'H59M000S-70-S',503,,90692,8,,,1,30,,90699,8,,,1,73,,90693,8,,,1,33,,90706,8,,,1,73,,90707,8,,,1,33,,90708,8,,,2,106,,90694,8,,,1,73,,90700,8,,,1,33,,90695,8,,,1,73,,90701,8,,,1,73,,90696,8,,,1,33,,90702,8,,,1,73,,90697,8,,,1,33,,90703,8,,,1,73,,90698,8,,,1,32,,90704,8,,,1,71,,90713,8,,,2,32,,90715,8,,,2,71,,90714,8,,,1,31,,90716,8,,,1,72,,90725,8,,,2,31,,90705,8,,,1,71,,90717,8,,,1,33,,90709,8,,,1,73,,90718,8,,,1,71,,90710,8,,,1,30,,90719,8,,,1,70,,90711,8,,,1,30,,90720,8,,,1,70,,90712,8,,,1,30,,90721,8,,,1,100,,90722,8,,,1,91,,90726,8,,,2,90,,90723,8,,,1,98,,90724,8,,,1
2201,'H59M100F-70-F1',503,,90727,8,,,2,30,,90742,8,,,1,70,,90728,8,,,2,29,,90744,8,,,1,69,,90729,8,,,2,29,,90743,8,,,1,70,,90730,8,,,2,30,,90745,8,,,1,70,,90731,8,,,2,30,,90746,8,,,1,70,,90732,8,,,2,30,,90747,8,,,1,70,,90733,8,,,2,30,,90748,8,,,1,70,,90734,8,,,2,30,,90749,8,,,1,70,,90735,8,,,2,30,,90750,8,,,1,70,,90736,8,,,2,31,,90751,8,,,1,71,,90737,8,,,2,30,,90752,8,,,1,70,,90738,8,,,2,31,,90753,8,,,1,72,,90739,8,,,2,32,,90754,8,,,1,72,,90740,8,,,2,32,,90757,8,,,1,73,,90741,8,,,2,33,,90755,8,,,1,99,,90756,8,,,1,100,,90758,8,,,1,100,,90759,8,,,1,100,,90760,8,,,1,100,,90761,8,,,1
2201,'H59M200F-70-F2',503,,90762,8,,,2,30,,90777,8,,,1,70,,90763,8,,,2,29,,90778,8,,,1,69,,90764,8,,,2,29,,90780,8,,,1,70,,90765,8,,,2,30,,90779,8,,,1,70,,90766,8,,,2,30,,90781,8,,,1,70,,90768,8,,,2,30,,90782,8,,,1,70,,90767,8,,,2,30,,90783,8,,,1,70,,90769,8,,,2,30,,90784,8,,,1,70,,90770,8,,,2,30,,90785,8,,,1,70,,90771,8,,,2,31,,90786,8,,,1,71,,90772,8,,,2,30,,90787,8,,,1,70,,90773,8,,,2,31,,90788,8,,,1,72,,90774,8,,,2,32,,90789,8,,,1,72,,90775,8,,,2,32,,90790,8,,,1,73,,90776,8,,,2,33,,90791,8,,,1,99,,90792,8,,,1,100,,90794,8,,,1,100,,90793,8,,,1,100,,90795,8,,,1,100,,90796,8,,,1
2201,'H59M300F-70-F3',503,,90797,8,,,2,30,,90812,8,,,1,70,,90798,8,,,2,29,,90813,8,,,1,69,,90801,8,,,2,29,,90814,8,,,1,70,,90799,8,,,2,30,,90815,8,,,1,70,,90800,8,,,2,30,,90816,8,,,1,70,,90802,8,,,2,30,,90817,8,,,1,70,,90803,8,,,2,30,,90818,8,,,1,70,,90804,8,,,2,30,,90820,8,,,1,70,,90805,8,,,2,30,,90819,8,,,1,70,,90806,8,,,2,31,,90821,8,,,1,71,,90807,8,,,2,30,,90822,8,,,1,70,,90808,8,,,2,31,,90823,8,,,1,72,,90809,8,,,2,32,,90824,8,,,1,72,,90810,8,,,2,32,,90825,8,,,1,73,,90811,8,,,2,33,,90826,8,,,1,99,,90827,8,,,1,100,,90828,8,,,1,100,,90829,8,,,1,100,,90830,8,,,1,100,,90831,8,,,1
41001,'H51M000S-70-S',915,,155748,25,,,1
41001,'H57M000S-70-S',613,,155749,25,,,1,25,,155750,25,,,1,68,,155751,25,,,1,25,,155752,25,,,2,26,,155753,25,,,1,66,,155755,25,,,2,26,,155754,25,,,1
43001,'H57M000S-70-S',558,,155967,20,,,2,72,,155968,20,,,1,73,,155969,20,,,1,35,,155971,20,,,2,70,,155974,20,,,1,124,,155970,20,,,1,71,,155976,20,,,1,29,,155973,20,,,2,70,,155972,20,,,1,27,,155977,20,,,1,30,,155975,20,,,1,69,,155978,20,,,2
43001,'H59M000S-70-S',838,,155980,20,,,2,68,,155979,20,,,2
