17901,'H50M000S-70-S',1735,,141121,21,,,1
17901,'H51M000A-70-A',617,,141122,21,,,1,29,,141133,21,,,2,69,,141123,21,,,1,32,,141134,21,,,2,72,,141124,21,,,1,33,,141135,21,,,2,74,,141125,21,,,1,33,,141136,21,,,2,64,,141143,21,,,1,24,,141126,21,,,1,64,,141137,21,,,2,26,,141144,21,,,1,64,,141127,21,,,1,17,,141158,21,,,2,16,,141138,21,,,2,17,,141164,21,,,2,57,,141145,21,,,1,17,,141128,21,,,1,17,,141159,21,,,2,17,,141139,21,,,2,57,,141165,21,,,2,16,,141146,21,,,1,16,,141129,21,,,1,56,,141155,21,,,2,16,,141160,21,,,2,15,,141140,21,,,2,15,,141166,21,,,2,55,,141147,21,,,1,14,,141130,21,,,1,14,,141156,21,,,2,14,,141161,21,,,2,54,,141141,21,,,2,14,,141167,21,,,2,14,,141148,21,,,1,13,,141131,21,,,1,13,,141157,21,,,2,54,,141162,21,,,2,13,,141142,21,,,2,13,,141168,21,,,2,22,,141149,21,,,1,69,,141163,21,,,2,30,,141169,21,,,2,69,,141150,21,,,1,31,,141170,21,,,2,70,,141151,21,,,1,27,,141171,21,,,2,69,,141152,21,,,1,28,,141172,21,,,2,68,,141153,21,,,1,28,,141173,21,,,2,68,,141132,21,,,1,26,,141154,21,,,1,68,,141174,21,,,2
17901,'H51M000I-70-I',713,,141175,21,,,1,30,,141179,21,,,1,70,,141176,21,,,1,31,,141180,21,,,1,70,,141177,21,,,1,34,,141181,21,,,1,71,,141178,21,,,1,30,,141197,21,,,2,73,,141182,21,,,1,29,,141204,21,,,2,65,,141198,21,,,2,26,,141183,21,,,1,66,,141205,21,,,1,26,,141199,21,,,2,20,,141209,21,,,2,60,,141194,21,,,2,18,,141206,21,,,1,18,,141200,21,,,2,56,,141184,21,,,1,16,,141210,21,,,2,16,,141195,21,,,2,16,,141207,21,,,1,56,,141201,21,,,2,16,,141185,21,,,1,15,,141211,21,,,2,13,,141212,21,,,1,53,,141196,21,,,2,14,,141208,21,,,1,17,,141202,21,,,2,62,,141186,21,,,1,24,,141213,21,,,1,29,,141203,21,,,2,66,,141187,21,,,1,30,,141214,21,,,1,70,,141188,21,,,1,30,,141215,21,,,1,70,,141189,21,,,1,30,,141216,21,,,1,70,,141190,21,,,1,29,,141217,21,,,1,70,,141191,21,,,1,30,,141218,21,,,1,70,,141192,21,,,1,28,,141219,21,,,1,68,,141193,21,,,1
17901,'H51M000S-70-S',525,,141220,21,,,1,30,,141222,21,,,1,62,,141242,21,,,2,33,,141245,21,,,1,63,,141223,21,,,1,16,,141243,21,,,2,15,,141255,21,,,2,61,,141246,21,,,1,20,,141257,21,,,2,17,,141224,21,,,1,61,,141256,21,,,2,20,,141247,21,,,1,20,,141258,21,,,2,63,,141225,21,,,1,22,,141237,21,,,1,26,,141248,21,,,1,64,,141259,21,,,2,24,,141226,21,,,1,64,,141249,21,,,1,19,,141238,21,,,1,18,,141260,21,,,2,58,,141227,21,,,1,20,,141221,21,,,1,20,,141250,21,,,1,61,,141239,21,,,1,21,,141261,21,,,2,21,,141228,21,,,1,61,,141251,21,,,1,22,,141240,21,,,1,23,,141262,21,,,2,62,,141229,21,,,1,19,,141265,21,,,2,12,,141252,21,,,1,12,,141241,21,,,1,52,,141272,21,,,2,14,,141263,21,,,2,33,,141230,21,,,1,68,,141253,21,,,1,25,,141264,21,,,2,67,,141231,21,,,1,25,,141254,21,,,1,68,,141266,21,,,1,31,,141232,21,,,1,66,,141267,21,,,1,27,,141244,21,,,1,27,,141233,21,,,1,68,,141268,21,,,1,28,,141234,21,,,1,69,,141269,21,,,1,29,,141235,21,,,1,68,,141270,21,,,1,28,,141236,21,,,1,72,,141271,21,,,1
17901,'H51M100F-70-F1',713,,141273,21,,,1,30,,141277,21,,,1,70,,141274,21,,,1,31,,141278,21,,,1,70,,141275,21,,,1,34,,141279,21,,,1,71,,141276,21,,,1,30,,141295,21,,,2,73,,141280,21,,,1,29,,141302,21,,,2,65,,141296,21,,,2,26,,141281,21,,,1,66,,141303,21,,,1,26,,141297,21,,,2,20,,141307,21,,,2,60,,141292,21,,,2,18,,141304,21,,,1,18,,141298,21,,,2,56,,141282,21,,,1,16,,141308,21,,,2,16,,141293,21,,,2,16,,141305,21,,,1,56,,141299,21,,,2,16,,141283,21,,,1,15,,141309,21,,,2,13,,141310,21,,,1,53,,141294,21,,,2,14,,141306,21,,,1,17,,141300,21,,,2,62,,141284,21,,,1,24,,141311,21,,,1,29,,141301,21,,,2,66,,141285,21,,,1,30,,141312,21,,,1,70,,141286,21,,,1,30,,141313,21,,,1,70,,141287,21,,,1,30,,141314,21,,,1,70,,141288,21,,,1,29,,141315,21,,,1,70,,141289,21,,,1,30,,141316,21,,,1,70,,141290,21,,,1,28,,141317,21,,,1,68,,141291,21,,,1
17901,'H51M200F-70-F2',713,,141318,21,,,1,30,,141322,21,,,1,70,,141319,21,,,1,31,,141323,21,,,1,70,,141320,21,,,1,34,,141324,21,,,1,71,,141321,21,,,1,30,,141340,21,,,2,73,,141325,21,,,1,29,,141347,21,,,2,65,,141341,21,,,2,26,,141326,21,,,1,66,,141348,21,,,1,26,,141342,21,,,2,20,,141352,21,,,2,60,,141337,21,,,2,18,,141350,21,,,1,18,,141343,21,,,2,56,,141327,21,,,1,16,,141353,21,,,2,16,,141338,21,,,2,16,,141349,21,,,1,56,,141344,21,,,2,16,,141328,21,,,1,15,,141354,21,,,2,13,,141355,21,,,1,53,,141339,21,,,2,14,,141351,21,,,1,17,,141346,21,,,2,62,,141329,21,,,1,24,,141356,21,,,1,29,,141345,21,,,2,66,,141330,21,,,1,30,,141357,21,,,1,70,,141331,21,,,1,30,,141358,21,,,1,70,,141332,21,,,1,30,,141359,21,,,1,70,,141333,21,,,1,29,,141360,21,,,1,70,,141334,21,,,1,30,,141361,21,,,1,70,,141336,21,,,1,28,,141362,21,,,1,68,,141335,21,,,1
17901,'H51M300F-70-F3',713,,141363,21,,,1,30,,141367,21,,,1,70,,141364,21,,,1,31,,141368,21,,,1,70,,141366,21,,,1,34,,141369,21,,,1,71,,141365,21,,,1,30,,141385,21,,,2,73,,141370,21,,,1,29,,141392,21,,,2,65,,141386,21,,,2,26,,141371,21,,,1,66,,141393,21,,,1,26,,141387,21,,,2,20,,141397,21,,,2,60,,141382,21,,,2,18,,141394,21,,,1,18,,141388,21,,,2,56,,141372,21,,,1,16,,141398,21,,,2,16,,141383,21,,,2,16,,141395,21,,,1,56,,141389,21,,,2,16,,141373,21,,,1,15,,141399,21,,,2,13,,141400,21,,,1,53,,141384,21,,,2,14,,141396,21,,,1,17,,141390,21,,,2,62,,141374,21,,,1,24,,141401,21,,,1,29,,141391,21,,,2,66,,141375,21,,,1,30,,141402,21,,,1,70,,141376,21,,,1,30,,141403,21,,,1,70,,141377,21,,,1,30,,141404,21,,,1,70,,141378,21,,,1,29,,141405,21,,,1,70,,141379,21,,,1,30,,141406,21,,,1,70,,141380,21,,,1,28,,141407,21,,,1,68,,141381,21,,,1
17901,'H58M000S-70-S',755,,141408,21,,,2,60,,141409,21,,,1
36501,'H58M000A-70-A',2538,,154945,32,,,2,74,,154942,32,,,2,33,,154947,32,,,1,76,,154944,32,,,2,33,,154941,32,,,1,71,,154946,32,,,2,32,,154943,32,,,2
36501,'H58M000I-70-I',2537,,154952,32,,,1,80,,154948,32,,,1,40,,154950,32,,,1,81,,154949,32,,,1,80,,154953,32,,,1,40,,154951,32,,,1
36501,'H58M000S-70-S',2537,,154954,32,,,1,80,,154956,32,,,2,41,,154958,32,,,2,80,,154955,32,,,1,80,,154957,32,,,2,41,,154959,32,,,2
36501,'H58M100F-70-F1',2537,,154960,32,,,2,80,,154964,32,,,2,40,,154962,32,,,1,81,,154961,32,,,2,80,,154965,32,,,2,40,,154963,32,,,1
36501,'H58M200F-70-F2',2537,,154966,32,,,2,80,,154970,32,,,2,40,,154968,32,,,1,81,,154967,32,,,2,80,,154971,32,,,2,40,,154969,32,,,1
36501,'H58M300F-70-F3',2537,,154972,32,,,2,80,,154976,32,,,2,40,,154974,32,,,1,81,,154973,32,,,2,80,,154977,32,,,2,40,,154975,32,,,1
