8004,'H50J000A-84-A',515,,27024,0,9,1,32,,27015,0,9,1,72,,27031,0,9,1,32,,27025,0,9,1,72,,27016,0,9,1,32,,27032,0,9,1,70,,27026,0,9,1,26,,27017,0,9,1,62,,27072,0,9,1,16,,27033,0,9,1,16,,27044,0,9,1,55,,27027,0,9,1,15,,27064,0,9,1,15,,27018,0,9,1,15,,27073,0,9,1,55,,27034,0,9,1,16,,27045,0,9,1,16,,27065,0,9,1,16,,27028,0,9,1,57,,27019,0,9,1,16,,27035,0,9,1,15,,27074,0,9,1,14,,27066,0,9,1,54,,27046,0,9,1,12,,27051,0,9,1,10,,27029,0,9,1,13,,27057,0,9,1,14,,27020,0,9,1,54,,27036,0,9,1,14,,27060,0,9,1,15,,27067,0,9,1,14,,27047,0,9,1,54,,27030,0,9,1,14,,27058,0,9,1,14,,27021,0,9,1,13,,27037,0,9,1,12,,27061,0,9,1,51,,27062,0,9,1,12,,27068,0,9,1,17,,27048,0,9,1,17,,27059,0,9,1,56,,27022,0,9,1,18,,27038,0,9,1,18,,27063,0,9,1,59,,27052,0,9,1,18,,27049,0,9,1,22,,27023,0,9,1,61,,27039,0,9,1,33,,27053,0,9,1,69,,27050,0,9,1,30,,27040,0,9,1,67,,27069,0,9,1,29,,27054,0,9,1,70,,27041,0,9,1,30,,27070,0,9,1,70,,27055,0,9,1,30,,27042,0,9,1,71,,27071,0,9,1,32,,27056,0,9,1,72,,27043,0,9,1
8004,'H50J000I-84-I',515,,27084,0,9,1,29,,27076,0,9,1,73,,27075,0,9,1,29,,27092,0,9,1,71,,27085,0,9,1,31,,27077,0,9,1,71,,27093,0,9,1,30,,27086,0,9,1,67,,27078,0,9,1,25,,27094,0,9,1,65,,27108,0,9,1,20,,27087,0,9,1,18,,27079,0,9,1,56,,27116,0,9,1,16,,27095,0,9,1,15,,27104,0,9,1,15,,27109,0,9,1,56,,27080,0,9,1,16,,27088,0,9,1,16,,27117,0,9,1,15,,27105,0,9,1,55,,27096,0,9,1,17,,27110,0,9,1,17,,27089,0,9,1,17,,27081,0,9,1,57,,27118,0,9,1,17,,27097,0,9,1,17,,27106,0,9,1,57,,27111,0,9,1,17,,27090,0,9,1,16,,27082,0,9,1,16,,27119,0,9,1,55,,27098,0,9,1,17,,27107,0,9,1,17,,27112,0,9,1,18,,27091,0,9,1,61,,27083,0,9,1,21,,27099,0,9,1,60,,27127,0,9,1,22,,27113,0,9,1,28,,27120,0,9,1,71,,27100,0,9,1,31,,27114,0,9,1,69,,27121,0,9,1,29,,27101,0,9,1,69,,27115,0,9,1,28,,27122,0,9,1,69,,27102,0,9,1,29,,27125,0,9,1,69,,27123,0,9,1,29,,27103,0,9,1,73,,27126,0,9,1,33,,27124,0,9,1
8004,'H50J000S-83-S',515,,27184,0,9,1,26,,27182,0,9,1,66,,27128,0,9,1,27,,27185,0,9,1,11,,27131,0,9,1,12,,27183,0,9,1,53,,27192,0,9,1,12,,27129,0,9,1,12,,27134,0,9,1,12,,27164,0,9,1,10,,27139,0,9,1,50,,27168,0,9,1,11,,27132,0,9,1,10,,27160,0,9,1,12,,27133,0,9,1,10,,27187,0,9,1,52,,27130,0,9,1,12,,27165,0,9,1,9,,27135,0,9,1,12,,27172,0,9,1,21,,27169,0,9,1,60,,27161,0,9,1,15,,27188,0,9,1,15,,27136,0,9,1,60,,27166,0,9,1,20,,27173,0,9,1,20,,27170,0,9,1,59,,27162,0,9,1,20,,27137,0,9,1,20,,27167,0,9,1,60,,27174,0,9,1,18,,27140,0,9,1,18,,27171,0,9,1,18,,27163,0,9,1,57,,27138,0,9,1,16,,27142,0,9,1,15,,27175,0,9,1,54,,27147,0,9,1,15,,27141,0,9,1,15,,27150,0,9,1,15,,27156,0,9,1,55,,27144,0,9,1,14,,27148,0,9,1,14,,27143,0,9,1,14,,27176,0,9,1,16,,27153,0,9,1,58,,27151,0,9,1,18,,27186,0,9,1,17,,27145,0,9,1,57,,27149,0,9,1,17,,27177,0,9,1,18,,27154,0,9,1,63,,27152,0,9,1,30,,27146,0,9,1,70,,27178,0,9,1,30,,27155,0,9,1,70,,27189,0,9,1,30,,27179,0,9,1,71,,27157,0,9,1,31,,27190,0,9,1,69,,27180,0,9,1,28,,27158,0,9,1,69,,27191,0,9,1,28,,27181,0,9,1,68,,27159,0,9,1
8004,'H50JV00A-81-A',515,,27202,0,9,1,32,,27193,0,9,1,72,,27209,0,9,1,32,,27203,0,9,1,72,,27194,0,9,1,32,,27210,0,9,1,70,,27204,0,9,1,26,,27195,0,9,1,62,,27250,0,9,1,16,,27211,0,9,1,16,,27222,0,9,1,55,,27205,0,9,1,15,,27242,0,9,1,15,,27196,0,9,1,15,,27251,0,9,1,55,,27212,0,9,1,16,,27223,0,9,1,16,,27243,0,9,1,16,,27206,0,9,1,57,,27197,0,9,1,16,,27213,0,9,1,15,,27252,0,9,1,14,,27244,0,9,1,54,,27224,0,9,1,12,,27229,0,9,1,10,,27207,0,9,1,13,,27235,0,9,1,14,,27198,0,9,1,54,,27214,0,9,1,14,,27238,0,9,1,15,,27245,0,9,1,14,,27225,0,9,1,54,,27208,0,9,1,14,,27236,0,9,1,14,,27199,0,9,1,13,,27215,0,9,1,12,,27239,0,9,1,51,,27240,0,9,1,12,,27246,0,9,1,17,,27226,0,9,1,17,,27237,0,9,1,56,,27200,0,9,1,18,,27216,0,9,1,18,,27241,0,9,1,59,,27230,0,9,1,18,,27227,0,9,1,22,,27201,0,9,1,61,,27217,0,9,1,33,,27231,0,9,1,69,,27228,0,9,1,30,,27218,0,9,1,67,,27247,0,9,1,29,,27232,0,9,1,70,,27219,0,9,1,30,,27248,0,9,1,70,,27233,0,9,1,30,,27220,0,9,1,71,,27249,0,9,1,32,,27234,0,9,1,72,,27221,0,9,1
8004,'H50JV00I-81-I',515,,27262,0,9,1,29,,27254,0,9,1,73,,27253,0,9,1,29,,27270,0,9,1,71,,27263,0,9,1,31,,27255,0,9,1,71,,27271,0,9,1,30,,27264,0,9,1,67,,27256,0,9,1,25,,27272,0,9,1,65,,27286,0,9,1,20,,27265,0,9,1,18,,27257,0,9,1,56,,27294,0,9,1,16,,27273,0,9,1,15,,27282,0,9,1,15,,27287,0,9,1,56,,27258,0,9,1,16,,27266,0,9,1,16,,27295,0,9,1,15,,27283,0,9,1,55,,27274,0,9,1,17,,27288,0,9,1,17,,27267,0,9,1,17,,27259,0,9,1,57,,27296,0,9,1,17,,27275,0,9,1,17,,27284,0,9,1,57,,27289,0,9,1,17,,27268,0,9,1,16,,27260,0,9,1,16,,27297,0,9,1,55,,27276,0,9,1,17,,27285,0,9,1,17,,27290,0,9,1,18,,27269,0,9,1,61,,27261,0,9,1,21,,27277,0,9,1,60,,27305,0,9,1,22,,27291,0,9,1,28,,27298,0,9,1,71,,27278,0,9,1,31,,27292,0,9,1,69,,27299,0,9,1,29,,27279,0,9,1,69,,27293,0,9,1,28,,27300,0,9,1,69,,27280,0,9,1,29,,27303,0,9,1,69,,27301,0,9,1,29,,27281,0,9,1,73,,27304,0,9,1,33,,27302,0,9,1
8004,'H50JV00S-82-S',515,,27362,0,9,1,26,,27360,0,9,1,66,,27306,0,9,1,27,,27363,0,9,1,11,,27309,0,9,1,12,,27361,0,9,1,53,,27370,0,9,1,12,,27307,0,9,1,12,,27312,0,9,1,12,,27342,0,9,1,10,,27317,0,9,1,50,,27346,0,9,1,11,,27310,0,9,1,10,,27338,0,9,1,12,,27311,0,9,1,10,,27365,0,9,1,52,,27308,0,9,1,12,,27343,0,9,1,9,,27313,0,9,1,12,,27350,0,9,1,21,,27347,0,9,1,60,,27339,0,9,1,15,,27366,0,9,1,15,,27314,0,9,1,60,,27344,0,9,1,20,,27351,0,9,1,20,,27348,0,9,1,59,,27340,0,9,1,20,,27315,0,9,1,20,,27345,0,9,1,60,,27352,0,9,1,18,,27318,0,9,1,18,,27349,0,9,1,18,,27341,0,9,1,57,,27316,0,9,1,16,,27320,0,9,1,15,,27353,0,9,1,54,,27325,0,9,1,15,,27319,0,9,1,15,,27328,0,9,1,15,,27334,0,9,1,55,,27322,0,9,1,14,,27326,0,9,1,14,,27321,0,9,1,14,,27354,0,9,1,16,,27331,0,9,1,58,,27329,0,9,1,18,,27364,0,9,1,17,,27323,0,9,1,57,,27327,0,9,1,17,,27355,0,9,1,18,,27332,0,9,1,63,,27330,0,9,1,30,,27324,0,9,1,70,,27356,0,9,1,30,,27333,0,9,1,70,,27367,0,9,1,30,,27357,0,9,1,71,,27335,0,9,1,31,,27368,0,9,1,69,,27358,0,9,1,28,,27336,0,9,1,69,,27369,0,9,1,28,,27359,0,9,1,68,,27337,0,9,1
19301,'H50J000S-83-S',1613,,61871,0,5,2
19301,'H50JV00S-82-S',1613,,61872,0,5,2
19301,'H51J000S-80-S',1537,,61873,0,5,2
19301,'H51JV00S-84-S',1537,,61874,0,5,2
19301,'H54J000S-83-S',1507,,61876,0,5,2,213,,61877,0,5,2,292,,61875,0,5,1
19301,'H54JV00S-80-S',1507,,61879,0,5,2,213,,61880,0,5,2,292,,61878,0,5,1
19301,'H58J000A-83-A',520,,61902,0,5,2,28,,61882,0,5,2,69,,61910,0,5,1,30,,61903,0,5,2,70,,61883,0,5,2,23,,61926,0,5,2,61,,61911,0,5,1,21,,61904,0,5,2,22,,61892,0,5,2,62,,61884,0,5,2,22,,61927,0,5,2,24,,61912,0,5,1,64,,61922,0,5,1,17,,61905,0,5,2,15,,61893,0,5,2,55,,61888,0,5,2,15,,61885,0,5,2,15,,61928,0,5,2,16,,61913,0,5,1,55,,61934,0,5,2,15,,61923,0,5,1,15,,61906,0,5,2,13,,61894,0,5,2,12,,61889,0,5,2,52,,61886,0,5,2,13,,61929,0,5,2,13,,61940,0,5,2,13,,61914,0,5,1,53,,61935,0,5,2,11,,61924,0,5,1,12,,61907,0,5,2,12,,61944,0,5,2,11,,61895,0,5,2,10,,61890,0,5,2,51,,61887,0,5,2,11,,61930,0,5,2,11,,61941,0,5,2,12,,61915,0,5,1,12,,61936,0,5,2,53,,61925,0,5,1,12,,61908,0,5,2,12,,61945,0,5,2,12,,61896,0,5,2,12,,61891,0,5,2,51,,61946,0,5,2,12,,61931,0,5,2,12,,61942,0,5,2,13,,61916,0,5,1,12,,61881,0,5,1,52,,61937,0,5,2,15,,61909,0,5,2,19,,61897,0,5,2,60,,61947,0,5,2,24,,61943,0,5,2,24,,61917,0,5,1,65,,61938,0,5,2,24,,61898,0,5,2,63,,61948,0,5,2,24,,61918,0,5,1,31,,61939,0,5,2,72,,61899,0,5,2,70,,61919,0,5,1,31,,61932,0,5,2,71,,61900,0,5,2,26,,61920,0,5,1,31,,61933,0,5,2,71,,61901,0,5,2,28,,61921,0,5,1
19301,'H58J000I-81-I',545,,61963,0,5,1,70,,61956,0,5,1,30,,61971,0,5,2,70,,61964,0,5,1,30,,61957,0,5,1,70,,61972,0,5,2,30,,61959,0,5,1,70,,61965,0,5,1,30,,61958,0,5,1,60,,61973,0,5,2,20,,61950,0,5,2,20,,61960,0,5,1,61,,61966,0,5,1,20,,61987,0,5,2,20,,61999,0,5,2,55,,61974,0,5,2,15,,61951,0,5,2,15,,61995,0,5,2,15,,61961,0,5,1,55,,61969,0,5,1,15,,61988,0,5,2,15,,62002,0,5,2,15,,62000,0,5,2,55,,61975,0,5,2,15,,61952,0,5,2,15,,61996,0,5,2,15,,61962,0,5,1,55,,61967,0,5,1,15,,61989,0,5,2,15,,62003,0,5,2,15,,62001,0,5,2,55,,61976,0,5,2,14,,61953,0,5,2,14,,61949,0,5,1,13,,61997,0,5,2,14,,61968,0,5,1,55,,61990,0,5,2,15,,61955,0,5,2,15,,62004,0,5,2,16,,61977,0,5,2,56,,61954,0,5,2,16,,61982,0,5,1,15,,61998,0,5,2,56,,61970,0,5,1,31,,61991,0,5,2,72,,61978,0,5,2,32,,61983,0,5,1,72,,61992,0,5,2,33,,61979,0,5,2,69,,61984,0,5,1,31,,61993,0,5,2,70,,61980,0,5,2,30,,61985,0,5,1,68,,61994,0,5,2,30,,61981,0,5,2,69,,61986,0,5,1
19301,'H58J000S-81-S',521,,62008,0,5,2,34,,62012,0,5,2,64,,62007,0,5,2,24,,62010,0,5,2,64,,62011,0,5,1,16,,62013,0,5,2,10,,62018,0,5,2,12,,62042,0,5,1,13,,62024,0,5,2,52,,62025,0,5,2,12,,62041,0,5,2,16,,62020,0,5,1,20,,62005,0,5,2,61,,62019,0,5,2,28,,62043,0,5,1,70,,62026,0,5,2,29,,62021,0,5,1,67,,62006,0,5,2,18,,62031,0,5,1,15,,62044,0,5,1,55,,62035,0,5,1,16,,62027,0,5,2,19,,62038,0,5,2,18,,62022,0,5,1,58,,62047,0,5,2,16,,62049,0,5,2,13,,62032,0,5,1,12,,62045,0,5,1,52,,62036,0,5,1,12,,62009,0,5,1,10,,62052,0,5,2,10,,62028,0,5,2,10,,62039,0,5,2,10,,62023,0,5,1,60,,62048,0,5,2,6,,62065,0,5,2,6,,62066,0,5,2,15,,62068,0,5,1,6,,62051,0,5,2,7,,62033,0,5,1,48,,62046,0,5,1,16,,62037,0,5,1,8,,62070,0,5,1,8,,62053,0,5,2,8,,62050,0,5,2,9,,62029,0,5,2,49,,62040,0,5,2,8,,62056,0,5,2,18,,62055,0,5,2,11,,62067,0,5,2,12,,62014,0,5,1,52,,62069,0,5,1,12,,62034,0,5,1,12,,62061,0,5,2,12,,62054,0,5,2,14,,62071,0,5,1,59,,62030,0,5,1,20,,62057,0,5,2,19,,62015,0,5,1,80,,62062,0,5,2,20,,62072,0,5,1,59,,62075,0,5,1,18,,62058,0,5,2,20,,62016,0,5,1,67,,62063,0,5,2,30,,62073,0,5,1,71,,62059,0,5,2,31,,62017,0,5,1,72,,62064,0,5,2,32,,62074,0,5,1,60,,62060,0,5,2
19301,'H58JV00A-80-A',520,,62081,0,5,2,28,,62138,0,5,2,69,,62089,0,5,1,30,,62082,0,5,2,70,,62139,0,5,2,23,,62101,0,5,2,61,,62090,0,5,1,21,,62083,0,5,2,22,,62128,0,5,2,62,,62140,0,5,2,22,,62102,0,5,2,24,,62091,0,5,1,64,,62124,0,5,1,17,,62084,0,5,2,15,,62129,0,5,2,55,,62114,0,5,2,15,,62141,0,5,2,15,,62103,0,5,2,16,,62092,0,5,1,55,,62118,0,5,2,15,,62125,0,5,1,15,,62085,0,5,2,13,,62130,0,5,2,12,,62115,0,5,2,52,,62142,0,5,2,13,,62104,0,5,2,13,,62107,0,5,2,13,,62093,0,5,1,53,,62119,0,5,2,11,,62126,0,5,1,12,,62086,0,5,2,12,,62079,0,5,2,11,,62131,0,5,2,10,,62116,0,5,2,51,,62143,0,5,2,11,,62105,0,5,2,11,,62108,0,5,2,12,,62094,0,5,1,12,,62120,0,5,2,53,,62127,0,5,1,12,,62087,0,5,2,12,,62080,0,5,2,12,,62132,0,5,2,12,,62117,0,5,2,51,,62111,0,5,2,12,,62106,0,5,2,12,,62109,0,5,2,13,,62095,0,5,1,12,,62078,0,5,1,52,,62121,0,5,2,15,,62088,0,5,2,19,,62133,0,5,2,60,,62112,0,5,2,24,,62110,0,5,2,24,,62096,0,5,1,65,,62122,0,5,2,24,,62134,0,5,2,63,,62113,0,5,2,24,,62097,0,5,1,31,,62123,0,5,2,72,,62135,0,5,2,70,,62098,0,5,1,31,,62076,0,5,2,71,,62136,0,5,2,26,,62099,0,5,1,31,,62077,0,5,2,71,,62137,0,5,2,28,,62100,0,5,1
19301,'H58JV00I-80-I',545,,62192,0,5,1,70,,62146,0,5,1,30,,62158,0,5,2,70,,62193,0,5,1,30,,62147,0,5,1,70,,62159,0,5,2,30,,62149,0,5,1,70,,62194,0,5,1,30,,62148,0,5,1,60,,62160,0,5,2,20,,62187,0,5,2,20,,62150,0,5,1,61,,62195,0,5,1,20,,62169,0,5,2,20,,62181,0,5,2,55,,62161,0,5,2,15,,62188,0,5,2,15,,62177,0,5,2,15,,62151,0,5,1,55,,62196,0,5,1,15,,62170,0,5,2,15,,62184,0,5,2,15,,62182,0,5,2,55,,62162,0,5,2,15,,62189,0,5,2,15,,62178,0,5,2,15,,62152,0,5,1,55,,62197,0,5,1,15,,62171,0,5,2,15,,62185,0,5,2,15,,62183,0,5,2,55,,62163,0,5,2,14,,62190,0,5,2,14,,62145,0,5,1,13,,62179,0,5,2,14,,62198,0,5,1,55,,62172,0,5,2,15,,62144,0,5,2,15,,62186,0,5,2,16,,62164,0,5,2,56,,62191,0,5,2,16,,62153,0,5,1,15,,62180,0,5,2,56,,62199,0,5,1,31,,62173,0,5,2,72,,62165,0,5,2,32,,62154,0,5,1,72,,62174,0,5,2,33,,62166,0,5,2,69,,62155,0,5,1,31,,62175,0,5,2,70,,62167,0,5,2,30,,62156,0,5,1,68,,62176,0,5,2,30,,62168,0,5,2,69,,62157,0,5,1
19301,'H58JV00S-82-S',521,,62203,0,5,2,34,,62207,0,5,2,64,,62202,0,5,2,24,,62205,0,5,2,64,,62206,0,5,1,16,,62208,0,5,2,10,,62213,0,5,2,12,,62237,0,5,1,13,,62219,0,5,2,52,,62220,0,5,1,12,,62236,0,5,2,16,,62215,0,5,1,20,,62200,0,5,2,61,,62214,0,5,2,28,,62238,0,5,1,70,,62221,0,5,1,29,,62216,0,5,1,67,,62201,0,5,2,18,,62226,0,5,1,15,,62239,0,5,1,55,,62230,0,5,1,16,,62222,0,5,1,19,,62233,0,5,2,18,,62217,0,5,1,58,,62242,0,5,2,16,,62244,0,5,2,13,,62227,0,5,1,12,,62240,0,5,1,52,,62231,0,5,1,12,,62204,0,5,1,10,,62247,0,5,2,10,,62223,0,5,1,10,,62234,0,5,2,10,,62218,0,5,1,60,,62243,0,5,2,6,,62260,0,5,2,6,,62261,0,5,2,15,,62263,0,5,1,6,,62246,0,5,2,7,,62228,0,5,1,48,,62241,0,5,1,16,,62232,0,5,1,8,,62265,0,5,1,8,,62248,0,5,2,8,,62245,0,5,1,9,,62224,0,5,2,49,,62235,0,5,2,8,,62251,0,5,1,18,,62250,0,5,2,11,,62262,0,5,2,12,,62209,0,5,1,52,,62264,0,5,1,12,,62229,0,5,1,12,,62256,0,5,1,12,,62249,0,5,2,14,,62266,0,5,1,59,,62225,0,5,1,20,,62252,0,5,1,19,,62210,0,5,1,80,,62257,0,5,1,20,,62267,0,5,1,59,,62270,0,5,1,18,,62253,0,5,1,20,,62211,0,5,1,67,,62258,0,5,1,30,,62268,0,5,1,71,,62254,0,5,1,31,,62212,0,5,1,72,,62259,0,5,1,32,,62269,0,5,1,60,,62255,0,5,1
48004,'H50J000S-83-S',622,,76974,0,9,1,29,,76979,0,9,1,64,,76980,0,9,1,25,,76982,0,9,1,71,,76978,0,9,1,21,,76983,0,9,1,22,,76981,0,9,1,74,,76972,0,9,1
48004,'H50JV00S-82-S',622,,76987,0,9,1,29,,76992,0,9,1,64,,76993,0,9,1,25,,76995,0,9,1,71,,76991,0,9,1,21,,76996,0,9,1,22,,76994,0,9,1,74,,76985,0,9,1
