17904,'H51U000A-83-A',610,,265020,12,0,9,1,29,,265037,12,0,9,1,69,,265021,12,0,9,1,32,,265038,12,0,9,1,71,,265022,12,0,9,1,32,,265039,12,0,9,1,73,,265023,12,0,9,1,33,,265051,12,0,9,2,64,,265040,12,0,9,1,24,,265024,12,0,9,1,65,,265052,12,0,9,2,24,,265041,12,0,9,1,24,,265025,12,0,9,1,57,,265068,12,0,9,1,16,,265053,12,0,9,2,17,,265046,12,0,9,1,17,,265042,12,0,9,1,57,,265026,12,0,9,1,16,,265069,12,0,9,1,16,,265054,12,0,9,2,57,,265047,12,0,9,1,17,,265043,12,0,9,1,17,,265027,12,0,9,1,17,,265070,12,0,9,1,55,,265055,12,0,9,2,15,,265059,12,0,9,2,15,,265048,12,0,9,1,14,,265044,12,0,9,1,54,,265028,12,0,9,1,14,,265071,12,0,9,1,14,,265056,12,0,9,2,14,,265060,12,0,9,2,54,,265049,12,0,9,1,14,,265045,12,0,9,1,14,,265029,12,0,9,1,13,,265072,12,0,9,1,15,,265057,12,0,9,2,54,,265061,12,0,9,2,13,,265050,12,0,9,1,22,,265030,12,0,9,1,69,,265058,12,0,9,2,30,,265062,12,0,9,2,71,,265031,12,0,9,1,31,,265063,12,0,9,2,70,,265032,12,0,9,1,28,,265064,12,0,9,2,69,,265033,12,0,9,1,28,,265065,12,0,9,2,68,,265034,12,0,9,1,28,,265066,12,0,9,2,68,,265035,12,0,9,1,27,,265067,12,0,9,2,68,,265036,12,0,9,1
17904,'H51U000I-83-I',706,,265073,12,0,9,1,30,,265085,12,0,9,1,70,,265074,12,0,9,1,31,,265086,12,0,9,1,70,,265075,12,0,9,1,32,,265087,12,0,9,1,71,,265076,12,0,9,1,30,,265094,12,0,9,2,71,,265088,12,0,9,1,29,,265093,12,0,9,2,65,,265095,12,0,9,2,26,,265089,12,0,9,1,26,,265099,12,0,9,2,66,,265096,12,0,9,2,22,,265107,12,0,9,2,60,,265090,12,0,9,1,17,,265100,12,0,9,2,18,,265103,12,0,9,2,16,,265097,12,0,9,2,56,,265108,12,0,9,2,16,,265091,12,0,9,1,16,,265101,12,0,9,2,56,,265104,12,0,9,2,16,,265098,12,0,9,2,15,,265109,12,0,9,2,13,,265077,12,0,9,1,14,,265092,12,0,9,1,54,,265102,12,0,9,2,16,,265105,12,0,9,2,20,,265110,12,0,9,2,66,,265078,12,0,9,1,29,,265106,12,0,9,2,69,,265111,12,0,9,2,30,,265079,12,0,9,1,70,,265112,12,0,9,2,30,,265080,12,0,9,1,70,,265113,12,0,9,2,30,,265081,12,0,9,1,70,,265114,12,0,9,2,29,,265082,12,0,9,1,70,,265115,12,0,9,2,30,,265083,12,0,9,1,70,,265116,12,0,9,2,29,,265084,12,0,9,1,68,,265117,12,0,9,2
17904,'H51U000S-83-S',519,,265118,12,0,9,1,30,,265125,12,0,9,1,62,,265135,12,0,9,2,32,,265137,12,0,9,1,62,,265126,12,0,9,1,16,,265136,12,0,9,2,14,,265143,12,0,9,2,11,,265145,12,0,9,2,10,,265138,12,0,9,1,50,,265153,12,0,9,2,10,,265146,12,0,9,2,17,,265127,12,0,9,1,21,,265144,12,0,9,2,60,,265139,12,0,9,1,20,,265147,12,0,9,2,22,,265142,12,0,9,2,61,,265128,12,0,9,1,26,,265140,12,0,9,1,65,,265148,12,0,9,2,24,,265129,12,0,9,1,24,,265154,12,0,9,2,58,,265141,12,0,9,1,18,,265149,12,0,9,2,19,,265130,12,0,9,1,60,,265160,12,0,9,1,20,,265155,12,0,9,2,20,,265150,12,0,9,2,61,,265131,12,0,9,1,21,,265161,12,0,9,1,21,,265156,12,0,9,2,61,,265151,12,0,9,2,23,,265132,12,0,9,1,62,,265162,12,0,9,1,16,,265168,12,0,9,2,16,,265157,12,0,9,2,12,,265152,12,0,9,2,12,,265169,12,0,9,2,54,,265133,12,0,9,1,14,,265170,12,0,9,2,18,,265163,12,0,9,1,68,,265158,12,0,9,2,27,,265134,12,0,9,1,68,,265164,12,0,9,1,26,,265159,12,0,9,2,28,,265165,12,0,9,1,69,,265119,12,0,9,1,29,,265121,12,0,9,1,69,,265166,12,0,9,1,29,,265120,12,0,9,1,69,,265167,12,0,9,1,28,,265122,12,0,9,1,69,,265171,12,0,9,2,29,,265123,12,0,9,1,68,,265172,12,0,9,2,28,,265124,12,0,9,1,68,,265173,12,0,9,2
17904,'H51U100F-80-F1',706,,265182,12,0,9,1,30,,265206,12,0,9,1,70,,265183,12,0,9,1,31,,265207,12,0,9,1,70,,265184,12,0,9,1,32,,265208,12,0,9,1,71,,265185,12,0,9,1,30,,265214,12,0,9,2,71,,265209,12,0,9,1,29,,265186,12,0,9,2,65,,265215,12,0,9,2,26,,265210,12,0,9,1,26,,265187,12,0,9,2,66,,265216,12,0,9,2,22,,265195,12,0,9,2,60,,265211,12,0,9,1,17,,265188,12,0,9,2,18,,265191,12,0,9,2,16,,265217,12,0,9,2,56,,265196,12,0,9,2,16,,265212,12,0,9,1,16,,265189,12,0,9,2,56,,265192,12,0,9,2,16,,265218,12,0,9,2,15,,265197,12,0,9,2,13,,265174,12,0,9,1,14,,265213,12,0,9,1,54,,265190,12,0,9,2,16,,265193,12,0,9,2,20,,265198,12,0,9,2,66,,265175,12,0,9,1,29,,265194,12,0,9,2,69,,265199,12,0,9,2,30,,265176,12,0,9,1,70,,265200,12,0,9,2,30,,265177,12,0,9,1,70,,265201,12,0,9,2,30,,265178,12,0,9,1,70,,265202,12,0,9,2,29,,265179,12,0,9,1,70,,265203,12,0,9,2,30,,265180,12,0,9,1,70,,265204,12,0,9,2,29,,265181,12,0,9,1,68,,265205,12,0,9,2
17904,'H51U200F-80-F2',706,,265227,12,0,9,1,30,,265251,12,0,9,1,70,,265228,12,0,9,1,31,,265252,12,0,9,1,70,,265229,12,0,9,1,32,,265253,12,0,9,1,71,,265230,12,0,9,1,30,,265259,12,0,9,2,71,,265254,12,0,9,1,29,,265231,12,0,9,2,65,,265260,12,0,9,2,26,,265255,12,0,9,1,26,,265232,12,0,9,2,66,,265261,12,0,9,2,22,,265240,12,0,9,2,60,,265256,12,0,9,1,17,,265233,12,0,9,2,18,,265236,12,0,9,2,16,,265262,12,0,9,2,56,,265241,12,0,9,2,16,,265257,12,0,9,1,16,,265234,12,0,9,2,56,,265237,12,0,9,2,16,,265263,12,0,9,2,15,,265242,12,0,9,2,13,,265219,12,0,9,1,14,,265258,12,0,9,1,54,,265235,12,0,9,2,16,,265238,12,0,9,2,20,,265243,12,0,9,2,66,,265220,12,0,9,1,29,,265239,12,0,9,2,69,,265244,12,0,9,2,30,,265221,12,0,9,1,70,,265245,12,0,9,2,30,,265222,12,0,9,1,70,,265246,12,0,9,2,30,,265223,12,0,9,1,70,,265247,12,0,9,2,29,,265224,12,0,9,1,70,,265248,12,0,9,2,30,,265225,12,0,9,1,70,,265249,12,0,9,2,29,,265226,12,0,9,1,68,,265250,12,0,9,2
36504,'H58U000A-80-A',2536,,277530,23,0,9,1,75,,277528,23,0,9,2,33,,277532,23,0,9,1,76,,277533,23,0,9,2,33,,277534,23,0,9,2,72,,277531,23,0,9,1,32,,277529,23,0,9,2
36504,'H58U000I-80-I',2536,,277537,23,0,9,1,80,,277539,23,0,9,2,40,,277535,23,0,9,1,80,,277538,23,0,9,1,80,,277540,23,0,9,2,40,,277536,23,0,9,1
36504,'H58U000S-80-S',2535,,277543,23,0,9,1,81,,277545,23,0,9,2,40,,277542,23,0,9,1,80,,277541,23,0,9,1,80,,277544,23,0,9,1,40,,277546,23,0,9,2
36504,'H58U100F-80-F1',2536,,277549,23,0,9,1,80,,277551,23,0,9,2,40,,277547,23,0,9,1,80,,277550,23,0,9,1,80,,277552,23,0,9,2,40,,277548,23,0,9,1
36504,'H58U200F-80-F2',2536,,277553,23,0,9,1,80,,277555,23,0,9,2,40,,277557,23,0,9,2,80,,277554,23,0,9,1,80,,277556,23,0,9,2,40,,277558,23,0,9,2
