10201,'H56M000A-70-A',635,,118248,5,,,1,70,,118270,5,,,2,30,,118249,5,,,1,70,,118271,5,,,2,31,,118250,5,,,1,70,,118272,5,,,2,31,,118251,5,,,1,71,,118273,5,,,2,30,,118252,5,,,1,70,,118274,5,,,2,30,,118253,5,,,1,70,,118275,5,,,2,30,,118254,5,,,1,70,,118276,5,,,2,30,,118255,5,,,1,70,,118277,5,,,2,30,,118256,5,,,1,69,,118278,5,,,2,30,,118257,5,,,1,70,,118279,5,,,2,30,,118258,5,,,1,70,,118280,5,,,2,30,,118259,5,,,1,70,,118281,5,,,2,30,,118260,5,,,1,70,,118282,5,,,2,30,,118261,5,,,1,70,,118283,5,,,2,29,,118262,5,,,1,68,,118284,5,,,2,27,,118263,5,,,1,28,,118285,5,,,2,72,,118264,5,,,1,86,,118265,5,,,1,86,,118266,5,,,1,45,,118267,5,,,1,85,,118268,5,,,1,85,,118269,5,,,1
10201,'H56M000I-70-I',636,,118311,5,,,2,70,,118291,5,,,1,30,,118312,5,,,2,70,,118292,5,,,1,30,,118313,5,,,2,70,,118293,5,,,1,30,,118314,5,,,2,70,,118294,5,,,1,30,,118315,5,,,2,70,,118295,5,,,1,30,,118316,5,,,2,70,,118296,5,,,1,30,,118317,5,,,2,70,,118297,5,,,1,30,,118318,5,,,2,70,,118298,5,,,1,30,,118319,5,,,2,70,,118299,5,,,1,30,,118320,5,,,2,70,,118300,5,,,1,30,,118321,5,,,2,70,,118301,5,,,1,30,,118286,5,,,2,70,,118302,5,,,1,30,,118287,5,,,2,70,,118303,5,,,1,30,,118288,5,,,2,70,,118304,5,,,1,30,,118289,5,,,2,70,,118305,5,,,1,33,,118290,5,,,2,79,,118306,5,,,1,86,,118307,5,,,1,47,,118308,5,,,1,87,,118309,5,,,1,87,,118310,5,,,1
10201,'H56M000S-70-S',605,,118359,5,,,1,28,,118322,5,,,1,70,,118331,5,,,1,32,,118323,5,,,1,73,,118332,5,,,1,33,,118324,5,,,1,73,,118333,5,,,1,30,,118325,5,,,1,70,,118334,5,,,1,30,,118326,5,,,1,69,,118335,5,,,1,29,,118327,5,,,1,69,,118336,5,,,1,30,,118328,5,,,1,70,,118337,5,,,1,30,,118329,5,,,1,70,,118338,5,,,1,29,,118330,5,,,1,70,,118339,5,,,1,30,,118351,5,,,2,71,,118340,5,,,1,32,,118352,5,,,2,72,,118341,5,,,1,31,,118353,5,,,2,70,,118342,5,,,1,30,,118354,5,,,2,70,,118343,5,,,1,30,,118355,5,,,2,70,,118344,5,,,1,30,,118356,5,,,2,69,,118345,5,,,1,28,,118357,5,,,2,68,,118346,5,,,1,28,,118358,5,,,2,67,,118347,5,,,1,47,,118348,5,,,1,89,,118349,5,,,1,89,,118350,5,,,1
10201,'H56M100F-70-F1',636,,118360,5,,,2,70,,118375,5,,,1,30,,118361,5,,,2,70,,118376,5,,,1,30,,118362,5,,,2,70,,118378,5,,,1,30,,118363,5,,,2,70,,118379,5,,,1,30,,118364,5,,,2,70,,118380,5,,,1,30,,118365,5,,,2,70,,118381,5,,,1,30,,118366,5,,,2,70,,118382,5,,,1,30,,118367,5,,,2,70,,118383,5,,,1,30,,118368,5,,,2,70,,118384,5,,,1,30,,118369,5,,,2,70,,118385,5,,,1,30,,118370,5,,,2,70,,118386,5,,,1,30,,118371,5,,,2,70,,118387,5,,,1,30,,118372,5,,,2,70,,118388,5,,,1,30,,118373,5,,,2,70,,118389,5,,,1,30,,118374,5,,,2,70,,118390,5,,,1,33,,118377,5,,,2,79,,118391,5,,,1,86,,118395,5,,,1,47,,118392,5,,,1,87,,118393,5,,,1,87,,118394,5,,,1
10201,'H56M200F-70-F2',636,,118396,5,,,2,70,,118412,5,,,1,30,,118397,5,,,2,70,,118413,5,,,1,30,,118398,5,,,2,70,,118414,5,,,1,30,,118399,5,,,2,70,,118415,5,,,1,30,,118400,5,,,2,70,,118416,5,,,1,30,,118401,5,,,2,70,,118417,5,,,1,30,,118402,5,,,2,70,,118418,5,,,1,30,,118403,5,,,2,70,,118419,5,,,1,30,,118405,5,,,2,70,,118420,5,,,1,30,,118404,5,,,2,70,,118422,5,,,1,30,,118406,5,,,2,70,,118421,5,,,1,30,,118407,5,,,2,70,,118423,5,,,1,30,,118408,5,,,2,70,,118424,5,,,1,30,,118409,5,,,2,70,,118425,5,,,1,30,,118410,5,,,2,70,,118426,5,,,1,33,,118411,5,,,2,79,,118427,5,,,1,86,,118428,5,,,1,47,,118429,5,,,1,87,,118430,5,,,1,87,,118431,5,,,1
10201,'H56M300F-70-F3',636,,118457,5,,,2,70,,118437,5,,,1,30,,118458,5,,,2,70,,118438,5,,,1,30,,118459,5,,,2,70,,118439,5,,,1,30,,118460,5,,,2,70,,118440,5,,,1,30,,118461,5,,,2,70,,118441,5,,,1,30,,118462,5,,,2,70,,118442,5,,,1,30,,118463,5,,,2,70,,118443,5,,,1,30,,118464,5,,,2,70,,118444,5,,,1,30,,118465,5,,,2,70,,118445,5,,,1,30,,118466,5,,,2,70,,118446,5,,,1,30,,118467,5,,,2,70,,118447,5,,,1,30,,118432,5,,,2,70,,118448,5,,,1,30,,118433,5,,,2,70,,118449,5,,,1,30,,118434,5,,,2,70,,118450,5,,,1,30,,118435,5,,,2,70,,118451,5,,,1,33,,118436,5,,,2,79,,118453,5,,,1,86,,118452,5,,,1,47,,118454,5,,,1,87,,118455,5,,,1,87,,118456,5,,,1
13801,'H56M000A-70-A',615,,129918,18,,,1,39,,129928,18,,,1,81,,129919,18,,,1,83,,129929,18,,,1,85,,129920,18,,,1,47,,129930,18,,,1,86,,129921,18,,,1,88,,129931,18,,,1,88,,129922,18,,,1,92,,129932,18,,,1,48,,129923,18,,,1,90,,129933,18,,,1,88,,129924,18,,,1,90,,129934,18,,,1,90,,129925,18,,,1,47,,129935,18,,,1,86,,129926,18,,,1,87,,129936,18,,,1,87,,129927,18,,,1
13801,'H56M000I-70-I',659,,129937,18,,,1,78,,129945,18,,,1,85,,129938,18,,,1,83,,129946,18,,,1,43,,129939,18,,,1,88,,129947,18,,,1,87,,129940,18,,,1,83,,129942,18,,,1,50,,129941,18,,,1,88,,129943,18,,,1,88,,129949,18,,,1,89,,129944,18,,,1,88,,129950,18,,,1,47,,129953,18,,,1,87,,129951,18,,,1,87,,129954,18,,,1,86,,129952,18,,,1,42,,129955,18,,,1,84,,129948,18,,,1
13801,'H56M000S-70-S',601,,129978,18,,,1,26,,129989,18,,,1,79,,129957,18,,,1,42,,129979,18,,,1,82,,129967,18,,,1,75,,129958,18,,,1,39,,129980,18,,,1,73,,129968,18,,,1,36,,129959,18,,,1,75,,129981,18,,,1,78,,129969,18,,,1,35,,129960,18,,,1,76,,129982,18,,,1,37,,129970,18,,,1,76,,129961,18,,,1,78,,129983,18,,,1,41,,129971,18,,,1,79,,129962,18,,,1,81,,129984,18,,,1,41,,129972,18,,,1,77,,129963,18,,,1,75,,129985,18,,,1,35,,129973,18,,,1,70,,129964,18,,,1,32,,129986,18,,,1,73,,129974,18,,,1,32,,129965,18,,,1,72,,129987,18,,,1,29,,129975,18,,,1,70,,129966,18,,,1,29,,129988,18,,,1,68,,129976,18,,,1,28,,129990,18,,,1,68,,129956,18,,,1,29,,129977,18,,,1
13801,'H56M100F-70-F1',659,,129995,18,,,1,78,,129991,18,,,1,85,,129996,18,,,1,83,,129993,18,,,1,43,,129997,18,,,1,88,,129992,18,,,1,87,,129998,18,,,1,83,,130004,18,,,1,50,,129999,18,,,1,88,,130005,18,,,1,88,,130000,18,,,1,89,,130006,18,,,1,88,,130001,18,,,1,47,,130008,18,,,1,87,,130002,18,,,1,87,,130007,18,,,1,86,,130003,18,,,1,42,,130009,18,,,1,84,,129994,18,,,1
13801,'H56M200F-70-F2',659,,130015,18,,,1,78,,130010,18,,,1,85,,130014,18,,,1,83,,130011,18,,,1,43,,130016,18,,,1,88,,130012,18,,,1,87,,130017,18,,,1,83,,130023,18,,,1,50,,130018,18,,,1,88,,130025,18,,,1,88,,130019,18,,,1,89,,130024,18,,,1,88,,130020,18,,,1,47,,130026,18,,,1,87,,130021,18,,,1,87,,130027,18,,,1,86,,130022,18,,,1,42,,130028,18,,,1,84,,130013,18,,,1
13801,'H56M300F-70-F3',659,,130029,18,,,1,78,,130037,18,,,1,85,,130030,18,,,1,83,,130038,18,,,1,43,,130031,18,,,1,88,,130039,18,,,1,87,,130032,18,,,1,83,,130034,18,,,1,50,,130033,18,,,1,88,,130036,18,,,1,88,,130041,18,,,1,89,,130035,18,,,1,88,,130042,18,,,1,47,,130045,18,,,1,87,,130043,18,,,1,87,,130046,18,,,1,86,,130044,18,,,1,42,,130047,18,,,1,84,,130040,18,,,1
