4503,'H58U000A-80-A',618,,230813,35,0,8,1,31,,230837,35,0,8,2,70,,230802,35,0,8,1,31,,230814,35,0,8,1,71,,230838,35,0,8,2,30,,230803,35,0,8,1,72,,230815,35,0,8,1,34,,230839,35,0,8,2,76,,230804,35,0,8,1,74,,230816,35,0,8,1,34,,230829,35,0,8,1,68,,230826,35,0,8,2,32,,230805,35,0,8,1,73,,230817,35,0,8,1,30,,230830,35,0,8,1,64,,230819,35,0,8,2,24,,230827,35,0,8,2,22,,230806,35,0,8,1,61,,230833,35,0,8,1,19,,230818,35,0,8,1,19,,230831,35,0,8,1,59,,230820,35,0,8,2,21,,230828,35,0,8,2,69,,230807,35,0,8,1,30,,230834,35,0,8,1,68,,230832,35,0,8,1,29,,230821,35,0,8,2,27,,230844,35,0,8,2,66,,230808,35,0,8,1,25,,230835,35,0,8,1,67,,230840,35,0,8,1,23,,230822,35,0,8,2,66,,230809,35,0,8,1,25,,230836,35,0,8,1,24,,230841,35,0,8,1,70,,230823,35,0,8,2,30,,230810,35,0,8,1,70,,230842,35,0,8,1,31,,230824,35,0,8,2,69,,230811,35,0,8,1,28,,230843,35,0,8,1,69,,230825,35,0,8,2,29,,230812,35,0,8,1,69,,230801,35,0,8,1
4503,'H58U000I-80-I',618,,230845,35,0,8,1,31,,230863,35,0,8,1,69,,230869,35,0,8,2,29,,230846,35,0,8,1,73,,230864,35,0,8,1,30,,230870,35,0,8,2,71,,230847,35,0,8,1,33,,230865,35,0,8,1,75,,230871,35,0,8,2,73,,230848,35,0,8,1,31,,230866,35,0,8,1,75,,230882,35,0,8,1,33,,230872,35,0,8,2,72,,230849,35,0,8,1,31,,230867,35,0,8,1,71,,230883,35,0,8,1,30,,230873,35,0,8,2,70,,230850,35,0,8,1,23,,230884,35,0,8,1,63,,230868,35,0,8,1,27,,230857,35,0,8,1,28,,230874,35,0,8,2,69,,230851,35,0,8,1,29,,230858,35,0,8,1,70,,230877,35,0,8,2,28,,230875,35,0,8,2,70,,230852,35,0,8,1,27,,230859,35,0,8,1,69,,230878,35,0,8,2,27,,230876,35,0,8,2,68,,230853,35,0,8,1,29,,230860,35,0,8,1,70,,230879,35,0,8,2,30,,230854,35,0,8,1,70,,230861,35,0,8,1,30,,230880,35,0,8,2,67,,230855,35,0,8,1,28,,230862,35,0,8,1,71,,230881,35,0,8,2,32,,230856,35,0,8,1
4503,'H58U000S-80-S',606,,230889,35,0,8,2,30,,230897,35,0,8,2,72,,230908,35,0,8,2,34,,230919,35,0,8,2,71,,230896,35,0,8,1,28,,230890,35,0,8,2,70,,230909,35,0,8,2,27,,230920,35,0,8,2,68,,230902,35,0,8,1,27,,230891,35,0,8,2,26,,230900,35,0,8,1,68,,230910,35,0,8,2,28,,230921,35,0,8,2,68,,230903,35,0,8,1,28,,230901,35,0,8,1,70,,230914,35,0,8,2,29,,230911,35,0,8,2,68,,230922,35,0,8,2,27,,230904,35,0,8,1,62,,230892,35,0,8,1,27,,230907,35,0,8,2,12,,230885,35,0,8,1,12,,230925,35,0,8,1,52,,230912,35,0,8,2,12,,230926,35,0,8,1,12,,230923,35,0,8,2,12,,230927,35,0,8,2,12,,230905,35,0,8,1,52,,230930,35,0,8,2,12,,230893,35,0,8,1,12,,230932,35,0,8,2,12,,230929,35,0,8,2,12,,230886,35,0,8,1,52,,230928,35,0,8,2,12,,230913,35,0,8,2,11,,230934,35,0,8,2,10,,230924,35,0,8,2,12,,230915,35,0,8,1,60,,230906,35,0,8,1,18,,230894,35,0,8,1,23,,230887,35,0,8,1,68,,230935,35,0,8,2,29,,230916,35,0,8,1,67,,230895,35,0,8,1,28,,230888,35,0,8,1,69,,230936,35,0,8,2,31,,230917,35,0,8,1,68,,230898,35,0,8,2,31,,230937,35,0,8,2,68,,230918,35,0,8,1,26,,230899,35,0,8,2,69,,230931,35,0,8,1,16,,230938,35,0,8,2,16,,230933,35,0,8,1
4503,'H58U100F-80-F1',618,,230939,35,0,8,1,31,,230957,35,0,8,1,69,,230963,35,0,8,2,29,,230940,35,0,8,1,73,,230958,35,0,8,1,30,,230964,35,0,8,2,71,,230941,35,0,8,1,33,,230959,35,0,8,1,75,,230965,35,0,8,2,73,,230942,35,0,8,1,31,,230960,35,0,8,1,75,,230976,35,0,8,1,33,,230966,35,0,8,2,72,,230943,35,0,8,1,31,,230961,35,0,8,1,71,,230977,35,0,8,1,30,,230967,35,0,8,2,70,,230944,35,0,8,1,23,,230978,35,0,8,1,63,,230962,35,0,8,1,27,,230951,35,0,8,1,28,,230968,35,0,8,2,69,,230945,35,0,8,1,29,,230952,35,0,8,1,70,,230971,35,0,8,2,28,,230969,35,0,8,2,70,,230946,35,0,8,1,27,,230953,35,0,8,1,69,,230972,35,0,8,2,27,,230970,35,0,8,2,68,,230947,35,0,8,1,29,,230954,35,0,8,1,70,,230973,35,0,8,2,30,,230948,35,0,8,1,70,,230955,35,0,8,1,30,,230974,35,0,8,2,67,,230949,35,0,8,1,28,,230956,35,0,8,1,71,,230975,35,0,8,2,32,,230950,35,0,8,1
4503,'H58U200F-80-F2',618,,230987,35,0,8,2,31,,230999,35,0,8,1,69,,231005,35,0,8,2,29,,230988,35,0,8,2,73,,231000,35,0,8,1,30,,231006,35,0,8,2,71,,230989,35,0,8,2,33,,231001,35,0,8,1,75,,231007,35,0,8,2,73,,230990,35,0,8,2,31,,231002,35,0,8,1,75,,230979,35,0,8,2,33,,231008,35,0,8,2,72,,230997,35,0,8,1,31,,231003,35,0,8,1,71,,230980,35,0,8,2,30,,231009,35,0,8,2,70,,230998,35,0,8,1,23,,230991,35,0,8,2,63,,231004,35,0,8,1,27,,230981,35,0,8,2,28,,231010,35,0,8,2,69,,231013,35,0,8,1,29,,230982,35,0,8,2,70,,230992,35,0,8,1,28,,231011,35,0,8,2,70,,231014,35,0,8,1,27,,230983,35,0,8,2,69,,230993,35,0,8,1,27,,231012,35,0,8,2,68,,231015,35,0,8,1,29,,230984,35,0,8,2,70,,230994,35,0,8,1,30,,231016,35,0,8,1,70,,230985,35,0,8,2,30,,230995,35,0,8,1,67,,231017,35,0,8,1,28,,230986,35,0,8,2,71,,230996,35,0,8,1,32,,231018,35,0,8,1
35903,'H57U000A-80-A',2640,,277068,35,0,8,1,60,,277071,35,0,8,1,20,,277069,35,0,8,1,26,,277070,35,0,8,1,73,,277072,35,0,8,1,36,,277074,35,0,8,1,75,,277073,35,0,8,1
35903,'H57U000I-80-I',2600,,277078,35,0,8,1,35,,277075,35,0,8,1,75,,277079,35,0,8,1,35,,277076,35,0,8,1,75,,277080,35,0,8,1,37,,277077,35,0,8,1,76,,277081,35,0,8,1
35903,'H57U000S-81-S',2603,,277084,35,0,8,1,33,,277083,35,0,8,1,78,,277082,35,0,8,1,32,,277085,35,0,8,1,75,,277087,35,0,8,1,36,,277086,35,0,8,1,76,,277088,35,0,8,1
35903,'H57U100F-80-F1',2600,,277092,35,0,8,1,35,,277089,35,0,8,1,75,,277093,35,0,8,1,35,,277090,35,0,8,1,75,,277094,35,0,8,1,37,,277091,35,0,8,1,76,,277095,35,0,8,1
35903,'H57U200F-80-F2',2600,,277099,35,0,8,1,35,,277096,35,0,8,1,75,,277100,35,0,8,1,35,,277097,35,0,8,1,75,,277101,35,0,8,1,37,,277098,35,0,8,1,76,,277102,35,0,8,1
