'25N-H50N000A-80-A-E',10301,62500,,'',2,2700,,'',1,6600,,'',2,2600,,'',1,6500,,'',2,2300,,'',2,2200,,'',1,6000,,'',2,53500,,'',1,5900,,'',2,1900,,'',2,1800,,'',1,5900,,'',2,1800,,'',2,1900,,'',1,6100,,'',2,2400,,'',2,2300,,'',1,55200,,'',2,2900,,'',1,7000,,'',2,3000,,'',1,7000,,'',2
'25N-H50N000A-80-A-E',10302,63800,4,'',1,6900,4,'',2,2900,4,'',1,7100,4,'',2,3100,4,'',1,7400,4,'',2,60000,4,'',2,1200,4,'',2,1200,4,'',1,1200,4,'',1,5300,4,'',2,1100,4,'',2,1200,4,'',2,1100,4,'',1,1200,4,'',1,1200,4,'',2,5200,4,'',2,1200,4,'',2,1500,4,'',1,1500,4,'',2,5400,4,'',2,1400,4,'',2,49900,4,'',1,2700,4,'',2,6900,4,'',1,2900,4,'',2,6900,4,'',1
'25N-H50N000A-80-A-NE',10301,52500,,'',2,3000,,'',1,37600,,'',2,1600,,'',1,5500,,'',1,1500,,'',2,1500,,'',2,1500,,'',1,5500,,'',1,1400,,'',2,1500,,'',2,1500,,'',1,5500,,'',1,1600,,'',2,1600,,'',1,1500,,'',2,5400,,'',2,1400,,'',2,1400,,'',2,1500,,'',1,5500,,'',2,1500,,'',2,1600,,'',2,38200,,'',2,2500,,'',1,6700,,'',2,2900,,'',1,7000,,'',2,3100,,'',1,7000,,'',2,2900,,'',1,6900,,'',2,2900,,'',1,29800,,'',1
'25N-H50N000A-80-A-NE',10302,60700,4,'',2,33600,4,'',1,7100,4,'',2,3000,4,'',1,6500,4,'',2,2000,4,'',2,2000,4,'',1,6500,4,'',2,2000,4,'',2,1800,4,'',2,6000,4,'',2,2000,4,'',1,2000,4,'',2,5900,4,'',2,1700,4,'',2,1600,4,'',1,1400,4,'',2,37700,4,'',1,1400,4,'',2,5400,4,'',2,1400,4,'',2,1500,4,'',1,1500,4,'',1,5500,4,'',2,1500,4,'',1,1600,4,'',1,1800,4,'',2,6000,4,'',1,2100,4,'',1,2500,4,'',2,6800,4,'',1,2800,4,'',2,28800,4,'',2,6800,4,'',1
'25N-H50N000I-80-I-E',10301,62000,,'',2,3000,,'',1,7000,,'',2,3000,,'',1,7000,,'',2,2600,,'',1,6300,,'',2,54700,,'',1,6000,,'',2,2000,,'',1,2000,,'',1,6000,,'',2,2300,,'',2,6500,,'',1,3100,,'',1,56700,,'',1,2900,,'',2,6900,,'',1,3000,,'',2,7000,,'',1
'25N-H50N000I-80-I-E',10302,63500,4,'',1,7000,4,'',2,3000,4,'',1,7100,4,'',2,3000,4,'',1,7000,4,'',2,3000,4,'',1,57600,4,'',2,2000,4,'',1,1900,4,'',1,5900,4,'',2,1900,4,'',2,1900,4,'',1,6000,4,'',2,1900,4,'',1,1300,4,'',2,1300,4,'',2,5200,4,'',1,1100,4,'',1,50100,4,'',2,2900,4,'',1,6700,4,'',2,2900,4,'',1,6900,4,'',2
'25N-H50N000I-80-I-NE',10301,55000,,'',1,37900,,'',1,2000,,'',1,6100,,'',2,2000,,'',1,2000,,'',1,6200,,'',1,1900,,'',1,2000,,'',1,6300,,'',2,2100,,'',1,2100,,'',1,6000,,'',2,2000,,'',1,2000,,'',1,6000,,'',2,2000,,'',1,37200,,'',1,3100,,'',2,6900,,'',1,3100,,'',2,6900,,'',1,2900,,'',2,6900,,'',1,2900,,'',2,6900,,'',1,2900,,'',2
'25N-H50N000I-80-I-NE',10302,100800,4,'',2,3000,4,'',1,7100,4,'',1,3200,4,'',1,7000,4,'',2,3200,4,'',1,6500,4,'',2,2300,4,'',1,2100,4,'',1,6100,4,'',2,1900,4,'',1,2000,4,'',1,37400,4,'',1,1000,4,'',2,1000,4,'',2,5400,4,'',1,1600,4,'',1,2000,4,'',2,1900,4,'',1,6000,4,'',1,2000,4,'',2,6500,4,'',1,2400,4,'',2,2700,4,'',1,6900,4,'',2,2900,4,'',1,29100,4,'',1
'25N-H50N000S-80-S-E',10301,60200,,'',2,1400,,'',1,900,,'',1,800,,'',1,800,,'',2,800,,'',2,5500,,'',1,500,,'',1,400,,'',1,500,,'',1,800,,'',2,400,,'',2,400,,'',1,400,,'',1,500,,'',2,1000,,'',1,600,,'',1,5100,,'',1,500,,'',1,600,,'',1,600,,'',1,600,,'',1,700,,'',1,700,,'',2,700,,'',1,4700,,'',1,900,,'',2,54200,,'',1,5800,,'',2,2200,,'',1,1700,,'',1,6800,,'',2,2800,,'',1,6900,,'',1,2800,,'',1,56200,,'',2,2800,,'',1,6900,,'',2,2900,,'',1,7000,,'',2
'25N-H50N000S-80-S-E',10302,63400,4,'',2,7400,4,'',1,3100,4,'',2,7300,4,'',1,3000,4,'',2,7000,4,'',1,2900,4,'',2,56000,4,'',2,2600,4,'',1,900,4,'',1,700,4,'',1,700,4,'',1,6400,4,'',2,500,4,'',1,1100,4,'',1,600,4,'',1,600,4,'',1,500,4,'',1,600,4,'',1,600,4,'',1,4600,4,'',1,600,4,'',1,400,4,'',2,600,4,'',2,600,4,'',1,600,4,'',2,600,4,'',1,600,4,'',1,1100,4,'',1,4500,4,'',2,500,4,'',2,600,4,'',1,1000,4,'',1,50000,4,'',1,2700,4,'',2,6700,4,'',1,2700,4,'',2,7000,4,'',1
'25N-H50N000S-80-S-NE',10301,52000,,'',1,2100,,'',2,37700,,'',1,1200,,'',1,1400,,'',2,6900,,'',1,1400,,'',1,1400,,'',2,1400,,'',1,5400,,'',1,1500,,'',1,1500,,'',2,1600,,'',1,5700,,'',1,1700,,'',1,1600,,'',1,5500,,'',2,1500,,'',1,1500,,'',1,1500,,'',1,5600,,'',2,1700,,'',1,1700,,'',1,37500,,'',2,2700,,'',2,6900,,'',1,3000,,'',2,7000,,'',2,3200,,'',1,6900,,'',2,3000,,'',1,7000,,'',2,2900,,'',1
'25N-H50N000S-80-S-NE',10302,60500,4,'',1,40500,4,'',1,2800,4,'',2,6800,4,'',1,2800,4,'',2,6700,4,'',1,2500,4,'',1,2200,4,'',2,5900,4,'',1,1700,4,'',1,1700,4,'',1,1700,4,'',2,5700,4,'',1,1500,4,'',1,1500,4,'',1,38700,4,'',2,1000,4,'',1,900,4,'',2,5100,4,'',1,900,4,'',2,900,4,'',1,900,4,'',2,2100,4,'',2,5000,4,'',2,900,4,'',1,1300,4,'',1,1300,4,'',1,1900,4,'',2,6000,4,'',1,2000,4,'',1,2000,4,'',2,6000,4,'',1,2000,4,'',1,2300,4,'',2,28400,4,'',2
'25N-H57N000S-80-S-E',10301,72200,,'',1,2600,,'',2
'25N-H57N000S-80-S-E',10302,155600,4,'',2,6800,4,'',2
'25N-H57N000S-80-S-NE',10301,95800,,'',1
'25N-H59N000S-80-S-E',10301,65700,,'',2,14800,,'',2
'25N-H59N000S-80-S-E',10302,151600,4,'',1,8600,4,'',1,600,4,'',1,14300,4,'',1
'25N-H59N000S-80-S-NE',10302,193900,4,'',1
