1403,'H57U000A-80-A',814,,221610,1,0,8,1,89,,221611,1,0,8,1,50,,221612,1,0,8,1,90,,221613,1,0,8,1,91,,221614,1,0,8,1,93,,221615,1,0,8,1,97,,221616,1,0,8,1,95,,221617,1,0,8,1,97,,221618,1,0,8,1,97,,221619,1,0,8,1,97,,221620,1,0,8,1,97,,221621,1,0,8,1,96,,221622,1,0,8,1,53,,221623,1,0,8,1
1403,'H57U000I-80-I',905,,221624,1,0,8,1,51,,221625,1,0,8,1,93,,221626,1,0,8,1,95,,221627,1,0,8,1,95,,221628,1,0,8,1,97,,221629,1,0,8,1,97,,221630,1,0,8,1,94,,221631,1,0,8,1,93,,221632,1,0,8,1,92,,221633,1,0,8,1,92,,221634,1,0,8,1,51,,221635,1,0,8,1,90,,221636,1,0,8,1
1403,'H57U000S-81-S',632,,221642,1,0,8,1,21,,221652,1,0,8,2,61,,221645,1,0,8,1,22,,221643,1,0,8,1,65,,221653,1,0,8,2,25,,221646,1,0,8,1,25,,221644,1,0,8,1,66,,221654,1,0,8,2,33,,221647,1,0,8,1,73,,221655,1,0,8,2,29,,221648,1,0,8,1,69,,221656,1,0,8,2,29,,221649,1,0,8,1,69,,221657,1,0,8,2,30,,221650,1,0,8,1,69,,221658,1,0,8,2,25,,221651,1,0,8,1,65,,221662,1,0,8,1,24,,221637,1,0,8,1,25,,221663,1,0,8,2,65,,221659,1,0,8,2,24,,221638,1,0,8,1,65,,221664,1,0,8,2,25,,221660,1,0,8,2,66,,221639,1,0,8,1,27,,221665,1,0,8,2,28,,221661,1,0,8,2,69,,221640,1,0,8,1,29,,221666,1,0,8,2,72,,221641,1,0,8,1
1403,'H57U100F-80-F1',905,,221667,1,0,8,1,51,,221668,1,0,8,1,93,,221669,1,0,8,1,95,,221670,1,0,8,1,95,,221671,1,0,8,1,97,,221672,1,0,8,1,97,,221673,1,0,8,1,94,,221674,1,0,8,1,93,,221675,1,0,8,1,92,,221676,1,0,8,1,92,,221677,1,0,8,1,51,,221678,1,0,8,1,90,,221679,1,0,8,1
1403,'H57U200F-80-F2',905,,221680,1,0,8,1,51,,221681,1,0,8,1,93,,221682,1,0,8,1,95,,221683,1,0,8,1,95,,221684,1,0,8,1,97,,221685,1,0,8,1,97,,221686,1,0,8,1,94,,221687,1,0,8,1,93,,221688,1,0,8,1,92,,221689,1,0,8,1,92,,221690,1,0,8,1,51,,221691,1,0,8,1,90,,221692,1,0,8,1
1404,'H57U000A-80-A',858,,221693,24,4,,1,90,,221694,24,4,,1,90,,221695,24,4,,1,91,,221696,24,4,,1,93,,221697,24,4,,1,95,,221698,24,4,,1,97,,221699,24,4,,1,97,,221700,24,4,,1,97,,221701,24,4,,1,97,,221702,24,4,,1,97,,221703,24,4,,1,55,,221704,24,4,,1,94,,221705,24,4,,1
1404,'H57U000I-80-I',951,,221706,24,4,,1,93,,221707,24,4,,1,95,,221708,24,4,,1,95,,221709,24,4,,1,97,,221710,24,4,,1,97,,221711,24,4,,1,94,,221712,24,4,,1,93,,221713,24,4,,1,92,,221714,24,4,,1,52,,221715,24,4,,1,91,,221716,24,4,,1,90,,221717,24,4,,1
1404,'H57U000S-81-S',619,,221722,24,4,,1,36,,221726,24,4,,1,68,,221723,24,4,,1,25,,221732,24,4,,2,65,,221727,24,4,,1,25,,221724,24,4,,1,66,,221733,24,4,,2,23,,221728,24,4,,1,25,,221725,24,4,,1,66,,221734,24,4,,2,27,,221729,24,4,,1,71,,221735,24,4,,2,29,,221730,24,4,,1,69,,221736,24,4,,2,30,,221731,24,4,,1,69,,221737,24,4,,2,25,,221744,24,4,,1,64,,221743,24,4,,1,25,,221738,24,4,,2,73,,221739,24,4,,2,32,,221718,24,4,,1,26,,221745,24,4,,2,65,,221740,24,4,,2,25,,221719,24,4,,1,65,,221746,24,4,,2,25,,221741,24,4,,2,65,,221720,24,4,,1,27,,221747,24,4,,2,25,,221742,24,4,,2,68,,221721,24,4,,1
1404,'H57U100F-80-F1',951,,221748,24,4,,1,93,,221749,24,4,,1,95,,221750,24,4,,1,95,,221751,24,4,,1,97,,221752,24,4,,1,97,,221753,24,4,,1,94,,221754,24,4,,1,93,,221755,24,4,,1,92,,221756,24,4,,1,52,,221757,24,4,,1,91,,221758,24,4,,1,90,,221759,24,4,,1
1404,'H57U200F-80-F2',951,,221760,24,4,,1,93,,221761,24,4,,1,95,,221762,24,4,,1,95,,221763,24,4,,1,97,,221764,24,4,,1,97,,221765,24,4,,1,94,,221766,24,4,,1,93,,221767,24,4,,1,92,,221768,24,4,,1,52,,221769,24,4,,1,91,,221770,24,4,,1,90,,221771,24,4,,1
