19201,'H50M000S-81-S',713,,208485,48,4,,2,993,,208486,48,4,,1
19201,'H51M000S-80-S',627,,208487,48,4,,1
19201,'H54M000A-80-A',606,,208506,48,4,,2,30,,208519,48,4,,1,70,,208496,48,4,,1,30,,208507,48,4,,2,70,,208520,48,4,,1,30,,208497,48,4,,1,71,,208508,48,4,,2,31,,208521,48,4,,1,70,,208498,48,4,,1,30,,208509,48,4,,2,71,,208522,48,4,,1,35,,208499,48,4,,1,71,,208510,48,4,,2,32,,208488,48,4,,1,71,,208523,48,4,,1,30,,208500,48,4,,2,70,,208511,48,4,,2,29,,208489,48,4,,1,69,,208524,48,4,,1,28,,208501,48,4,,2,69,,208512,48,4,,2,29,,208490,48,4,,1,70,,208525,48,4,,1,31,,208502,48,4,,2,71,,208513,48,4,,2,30,,208491,48,4,,1,69,,208503,48,4,,2,31,,208514,48,4,,2,67,,208492,48,4,,1,28,,208504,48,4,,2,69,,208515,48,4,,2,29,,208493,48,4,,1,68,,208505,48,4,,2,30,,208516,48,4,,2,70,,208494,48,4,,1,29,,208526,48,4,,1,69,,208517,48,4,,2,30,,208495,48,4,,1,68,,208527,48,4,,1,32,,208518,48,4,,2,81,,208528,48,4,,1
19201,'H54M000I-81-I',606,,208541,48,4,,2,28,,208548,48,4,,1,71,,208529,48,4,,1,30,,208542,48,4,,2,70,,208549,48,4,,1,30,,208530,48,4,,1,73,,208543,48,4,,2,33,,208550,48,4,,1,70,,208531,48,4,,1,30,,208544,48,4,,2,70,,208551,48,4,,1,30,,208532,48,4,,1,70,,208545,48,4,,2,30,,208552,48,4,,1,70,,208561,48,4,,2,30,,208533,48,4,,1,70,,208546,48,4,,2,26,,208553,48,4,,1,68,,208562,48,4,,2,29,,208534,48,4,,1,70,,208547,48,4,,2,32,,208554,48,4,,1,72,,208563,48,4,,2,33,,208535,48,4,,1,71,,208555,48,4,,1,32,,208564,48,4,,2,70,,208536,48,4,,1,28,,208556,48,4,,1,70,,208565,48,4,,2,29,,208537,48,4,,1,69,,208557,48,4,,1,30,,208566,48,4,,2,70,,208538,48,4,,1,27,,208558,48,4,,1,69,,208567,48,4,,2,30,,208539,48,4,,1,70,,208559,48,4,,1,29,,208568,48,4,,2,69,,208540,48,4,,1,31,,208560,48,4,,1,72,,208569,48,4,,2
19201,'H54M000S-81-S',615,,208570,48,4,,1,25,,208574,48,4,,2,16,,208578,48,4,,1,75,,208590,48,4,,1,76,,208593,48,4,,2,20,,208575,48,4,,2,19,,208579,48,4,,1,89,,208576,48,4,,2,69,,208571,48,4,,1,28,,208580,48,4,,1,68,,208591,48,4,,2,29,,208577,48,4,,2,29,,208572,48,4,,1,69,,208581,48,4,,1,31,,208592,48,4,,2,72,,208597,48,4,,1,70,,208573,48,4,,1,30,,208582,48,4,,1,101,,208598,48,4,,1,104,,208583,48,4,,1,101,,208599,48,4,,1,68,,208602,48,4,,1,27,,208584,48,4,,1,27,,208601,48,4,,2,63,,208600,48,4,,1,24,,208603,48,4,,1,69,,208585,48,4,,1,30,,208594,48,4,,1,68,,208604,48,4,,1,30,,208586,48,4,,1,70,,208595,48,4,,1,28,,208605,48,4,,1,69,,208587,48,4,,1,30,,208596,48,4,,1,70,,208606,48,4,,1,28,,208588,48,4,,1,69,,208608,48,4,,1,30,,208607,48,4,,1,72,,208589,48,4,,1
19201,'H57M000S-80-S',748,,208610,48,4,,2,159,,208609,48,4,,1,593,,208612,48,4,,2,105,,208611,48,4,,2
19202,'H50M000S-81-S',722,,208613,1,0,10,2
19202,'H54M000A-80-A',445,,208626,1,0,10,2,71,,208645,1,0,10,1,30,,208622,1,0,10,1,70,,208633,1,0,10,2,30,,208646,1,0,10,1,70,,208623,1,0,10,1,29,,208634,1,0,10,2,69,,208647,1,0,10,1,29,,208624,1,0,10,1,69,,208635,1,0,10,2,30,,208648,1,0,10,1,70,,208625,1,0,10,1,31,,208636,1,0,10,2,72,,208614,1,0,10,1,33,,208627,1,0,10,2,72,,208637,1,0,10,2,31,,208615,1,0,10,1,71,,208649,1,0,10,1,31,,208628,1,0,10,2,71,,208638,1,0,10,2,31,,208616,1,0,10,1,70,,208650,1,0,10,1,28,,208629,1,0,10,2,68,,208639,1,0,10,2,28,,208617,1,0,10,1,68,,208651,1,0,10,1,30,,208630,1,0,10,2,71,,208640,1,0,10,2,30,,208618,1,0,10,1,70,,208631,1,0,10,2,30,,208641,1,0,10,2,70,,208619,1,0,10,1,30,,208632,1,0,10,2,70,,208642,1,0,10,2,30,,208620,1,0,10,1,70,,208652,1,0,10,1,31,,208643,1,0,10,2,71,,208621,1,0,10,1,32,,208653,1,0,10,1,72,,208644,1,0,10,2,81,,208654,1,0,10,1
19202,'H54M000I-81-I',445,,208667,1,0,10,2,71,,208675,1,0,10,1,31,,208655,1,0,10,1,70,,208668,1,0,10,2,29,,208676,1,0,10,1,69,,208656,1,0,10,1,30,,208669,1,0,10,2,70,,208677,1,0,10,1,30,,208657,1,0,10,1,70,,208670,1,0,10,2,30,,208678,1,0,10,1,70,,208658,1,0,10,1,30,,208671,1,0,10,2,70,,208679,1,0,10,1,30,,208659,1,0,10,1,70,,208672,1,0,10,2,30,,208680,1,0,10,1,70,,208688,1,0,10,2,30,,208660,1,0,10,1,70,,208673,1,0,10,2,30,,208681,1,0,10,1,70,,208689,1,0,10,2,30,,208661,1,0,10,1,70,,208674,1,0,10,2,30,,208682,1,0,10,1,71,,208690,1,0,10,2,31,,208662,1,0,10,1,71,,208683,1,0,10,1,30,,208691,1,0,10,2,70,,208663,1,0,10,1,29,,208684,1,0,10,1,69,,208692,1,0,10,2,29,,208664,1,0,10,1,70,,208685,1,0,10,1,30,,208693,1,0,10,2,70,,208665,1,0,10,1,30,,208686,1,0,10,1,70,,208694,1,0,10,2,30,,208666,1,0,10,1,71,,208687,1,0,10,1,32,,208695,1,0,10,2
19202,'H54M000S-81-S',445,,208696,1,0,10,1,64,,208701,1,0,10,2,47,,208716,1,0,10,1,55,,208718,1,0,10,2,16,,208722,1,0,10,2,17,,208702,1,0,10,2,58,,208705,1,0,10,1,35,,208717,1,0,10,1,85,,208697,1,0,10,1,29,,208706,1,0,10,1,69,,208719,1,0,10,2,30,,208704,1,0,10,2,70,,208698,1,0,10,1,30,,208707,1,0,10,1,70,,208720,1,0,10,2,30,,208727,1,0,10,1,70,,208699,1,0,10,1,29,,208708,1,0,10,1,69,,208721,1,0,10,2,29,,208728,1,0,10,1,69,,208700,1,0,10,1,29,,208709,1,0,10,1,79,,208739,1,0,10,1,18,,208729,1,0,10,1,59,,208732,1,0,10,1,39,,208710,1,0,10,1,76,,208731,1,0,10,2,29,,208730,1,0,10,1,70,,208733,1,0,10,1,31,,208711,1,0,10,1,72,,208723,1,0,10,1,31,,208734,1,0,10,1,70,,208712,1,0,10,1,30,,208724,1,0,10,1,70,,208735,1,0,10,1,30,,208713,1,0,10,1,70,,208725,1,0,10,1,30,,208736,1,0,10,1,70,,208714,1,0,10,1,30,,208738,1,0,10,1,70,,208737,1,0,10,1,29,,208715,1,0,10,1
19202,'H57M000S-80-S',533,,208740,1,0,10,1,220,,208742,1,0,10,2,752,,208744,1,0,10,2,116,,208743,1,0,10,2
19202,'H58M000S-80-S',1657,,208745,1,0,10,2
36401,'H54M000A-80-A',2644,,214659,82,4,,2,87,,214656,82,4,,1,71,,214658,82,4,,2,10,,214661,82,4,,1,45,,214657,82,4,,2,84,,214660,82,4,,1
36401,'H54M000I-81-I',2640,,214663,82,4,,1,86,,214662,82,4,,1,31,,214665,82,4,,1,71,,214667,82,4,,1,72,,214666,82,4,,2,41,,214664,82,4,,1
36401,'H54M000S-81-S',2644,,214669,82,4,,1,84,,214672,82,4,,1,84,,214671,82,4,,1,44,,214668,82,4,,1,85,,214670,82,4,,1
36402,'H54M000A-80-A',2449,,214673,1,0,10,1,85,,214678,1,0,10,1,86,,214677,1,0,10,1,85,,214675,1,0,10,1,45,,214674,1,0,10,1,79,,214676,1,0,10,1
36402,'H54M000I-81-I',2449,,214680,1,0,10,1,85,,214683,1,0,10,1,85,,214682,1,0,10,2,85,,214679,1,0,10,1,45,,214681,1,0,10,1
36402,'H54M000S-81-S',2449,,214686,1,0,10,1,87,,214687,1,0,10,1,84,,214684,1,0,10,1,86,,214685,1,0,10,1,43,,214688,1,0,10,1
