20002,'H56J000S-80-S',725,,68079,33,0,10,1
20002,'H56JV00S-80-S',725,,68080,33,0,10,1
20002,'H60J000A-80-A',621,,68097,33,0,10,1,26,,68101,33,0,10,1,66,,68099,33,0,10,1,26,,68098,33,0,10,1,68,,68102,33,0,10,1,29,,68100,33,0,10,1,69,,68103,33,0,10,2,30,,68089,33,0,10,1,69,,68081,33,0,10,2,26,,68104,33,0,10,1,28,,68090,33,0,10,1,67,,68082,33,0,10,2,28,,68105,33,0,10,1,67,,68091,33,0,10,1,28,,68083,33,0,10,2,67,,68106,33,0,10,1,27,,68092,33,0,10,1,68,,68084,33,0,10,2,28,,68107,33,0,10,1,67,,68093,33,0,10,1,28,,68085,33,0,10,2,68,,68108,33,0,10,1,27,,68094,33,0,10,1,28,,68086,33,0,10,2,68,,68109,33,0,10,1,27,,68095,33,0,10,1,64,,68087,33,0,10,2,28,,68110,33,0,10,1,65,,68096,33,0,10,1,27,,68088,33,0,10,2
20002,'H60J000I-80-I',723,,68113,33,0,10,1,30,,68120,33,0,10,2,71,,68128,33,0,10,1,30,,68114,33,0,10,1,70,,68121,33,0,10,2,30,,68129,33,0,10,1,70,,68115,33,0,10,1,30,,68122,33,0,10,2,70,,68130,33,0,10,1,31,,68116,33,0,10,1,70,,68123,33,0,10,2,30,,68131,33,0,10,1,72,,68117,33,0,10,1,30,,68124,33,0,10,2,70,,68132,33,0,10,1,30,,68118,33,0,10,1,70,,68125,33,0,10,2,30,,68133,33,0,10,1,70,,68119,33,0,10,1,30,,68126,33,0,10,2,70,,68134,33,0,10,1,30,,68111,33,0,10,1,71,,68127,33,0,10,2,29,,68135,33,0,10,1,69,,68112,33,0,10,1
20002,'H60J000S-98-S',613,,68150,33,0,10,1,38,,68149,33,0,10,1,61,,68151,33,0,10,1,30,,68136,33,0,10,1,16,,68159,33,0,10,2,55,,68143,33,0,10,2,26,,68154,33,0,10,2,11,,68152,33,0,10,1,71,,68137,33,0,10,1,32,,68144,33,0,10,2,72,,68153,33,0,10,1,33,,68138,33,0,10,1,73,,68145,33,0,10,2,72,,68155,33,0,10,1,30,,68139,33,0,10,1,70,,68146,33,0,10,2,30,,68156,33,0,10,1,71,,68140,33,0,10,1,30,,68147,33,0,10,2,70,,68157,33,0,10,1,34,,68141,33,0,10,1,72,,68148,33,0,10,2,31,,68158,33,0,10,1,66,,68163,33,0,10,2,26,,68142,33,0,10,1,72,,68160,33,0,10,1,31,,68164,33,0,10,2,69,,68162,33,0,10,1,28,,68161,33,0,10,2
20002,'H60JV00A-80-A',621,,68191,33,0,10,1,26,,68193,33,0,10,1,66,,68188,33,0,10,1,26,,68192,33,0,10,1,68,,68194,33,0,10,1,29,,68189,33,0,10,1,69,,68190,33,0,10,2,30,,68173,33,0,10,1,69,,68165,33,0,10,2,26,,68181,33,0,10,1,28,,68174,33,0,10,1,67,,68166,33,0,10,2,28,,68182,33,0,10,1,67,,68175,33,0,10,1,28,,68167,33,0,10,2,67,,68183,33,0,10,1,27,,68176,33,0,10,1,68,,68168,33,0,10,2,28,,68184,33,0,10,1,67,,68177,33,0,10,1,28,,68169,33,0,10,2,68,,68185,33,0,10,1,27,,68178,33,0,10,1,28,,68170,33,0,10,2,68,,68186,33,0,10,1,27,,68179,33,0,10,1,64,,68171,33,0,10,2,28,,68187,33,0,10,1,65,,68180,33,0,10,1,27,,68172,33,0,10,2
20002,'H60JV00I-80-I',723,,68211,33,0,10,1,30,,68203,33,0,10,2,71,,68195,33,0,10,1,30,,68212,33,0,10,1,70,,68204,33,0,10,2,30,,68196,33,0,10,1,70,,68213,33,0,10,1,30,,68205,33,0,10,2,70,,68197,33,0,10,1,31,,68214,33,0,10,1,70,,68206,33,0,10,2,30,,68198,33,0,10,1,72,,68215,33,0,10,1,30,,68207,33,0,10,2,70,,68199,33,0,10,1,30,,68216,33,0,10,1,70,,68208,33,0,10,2,30,,68200,33,0,10,1,70,,68217,33,0,10,1,30,,68209,33,0,10,2,70,,68201,33,0,10,1,30,,68218,33,0,10,1,71,,68210,33,0,10,2,29,,68202,33,0,10,1,69,,68219,33,0,10,1
20002,'H60JV00S-98-S',613,,68244,33,0,10,1,38,,68220,33,0,10,1,61,,68222,33,0,10,1,30,,68245,33,0,10,1,16,,68248,33,0,10,2,55,,68226,33,0,10,2,26,,68247,33,0,10,2,11,,68223,33,0,10,1,71,,68232,33,0,10,1,32,,68227,33,0,10,2,72,,68246,33,0,10,1,33,,68233,33,0,10,1,73,,68228,33,0,10,2,72,,68238,33,0,10,1,30,,68234,33,0,10,1,70,,68229,33,0,10,2,30,,68239,33,0,10,1,71,,68235,33,0,10,1,30,,68230,33,0,10,2,70,,68240,33,0,10,1,34,,68236,33,0,10,1,72,,68231,33,0,10,2,31,,68241,33,0,10,1,66,,68224,33,0,10,2,26,,68237,33,0,10,1,72,,68243,33,0,10,1,31,,68225,33,0,10,2,69,,68242,33,0,10,1,28,,68221,33,0,10,2
21102,'H56J000A-80-A',606,,72417,35,0,10,2,30,,72454,35,0,10,1,68,,72458,35,0,10,1,28,,72424,35,0,10,2,68,,72449,35,0,10,1,28,,72418,35,0,10,2,27,,72455,35,0,10,1,67,,72459,35,0,10,1,30,,72425,35,0,10,2,71,,72450,35,0,10,1,31,,72419,35,0,10,2,69,,72456,35,0,10,1,29,,72430,35,0,10,2,65,,72426,35,0,10,2,22,,72451,35,0,10,1,61,,72435,35,0,10,1,21,,72420,35,0,10,2,20,,72457,35,0,10,1,61,,72445,35,0,10,1,20,,72431,35,0,10,2,20,,72427,35,0,10,2,60,,72452,35,0,10,1,20,,72436,35,0,10,1,20,,72441,35,0,10,2,59,,72421,35,0,10,2,19,,72443,35,0,10,2,18,,72446,35,0,10,1,19,,72432,35,0,10,2,58,,72428,35,0,10,2,18,,72453,35,0,10,1,17,,72437,35,0,10,1,57,,72442,35,0,10,2,17,,72422,35,0,10,2,16,,72444,35,0,10,2,17,,72447,35,0,10,1,57,,72433,35,0,10,2,21,,72429,35,0,10,2,23,,72411,35,0,10,1,62,,72438,35,0,10,1,19,,72423,35,0,10,2,19,,72416,35,0,10,1,60,,72448,35,0,10,1,19,,72410,35,0,10,2,19,,72434,35,0,10,2,71,,72412,35,0,10,1,30,,72439,35,0,10,1,71,,72414,35,0,10,2,73,,72408,35,0,10,1,32,,72413,35,0,10,1,71,,72440,35,0,10,1,28,,72415,35,0,10,2,70,,72409,35,0,10,1,27,,72460,35,0,10,1
21102,'H56J000I-80-I',612,,72463,35,0,10,2,31,,72469,35,0,10,1,72,,72476,35,0,10,2,31,,72504,35,0,10,1,71,,72464,35,0,10,2,30,,72470,35,0,10,1,71,,72477,35,0,10,2,33,,72505,35,0,10,1,72,,72465,35,0,10,2,31,,72471,35,0,10,1,70,,72481,35,0,10,1,31,,72482,35,0,10,2,68,,72496,35,0,10,1,28,,72466,35,0,10,2,67,,72472,35,0,10,1,24,,72478,35,0,10,2,62,,72491,35,0,10,1,20,,72483,35,0,10,2,22,,72497,35,0,10,1,63,,72467,35,0,10,2,23,,72473,35,0,10,1,23,,72479,35,0,10,2,62,,72492,35,0,10,1,22,,72484,35,0,10,2,20,,72498,35,0,10,1,58,,72488,35,0,10,2,19,,72468,35,0,10,2,18,,72474,35,0,10,1,57,,72480,35,0,10,2,19,,72493,35,0,10,1,22,,72485,35,0,10,2,66,,72499,35,0,10,1,27,,72489,35,0,10,2,68,,72475,35,0,10,1,28,,72494,35,0,10,1,68,,72486,35,0,10,2,28,,72500,35,0,10,1,68,,72490,35,0,10,2,26,,72506,35,0,10,1,72,,72495,35,0,10,1,31,,72487,35,0,10,2,72,,72501,35,0,10,1,30,,72502,35,0,10,1,70,,72503,35,0,10,1,30,,72462,35,0,10,2,70,,72461,35,0,10,1
21102,'H56J000S-80-S',606,,72517,35,0,10,1,18,,72513,35,0,10,1,21,,72534,35,0,10,2,67,,72531,35,0,10,1,22,,72532,35,0,10,2,24,,72527,35,0,10,2,57,,72529,35,0,10,1,22,,72533,35,0,10,2,63,,72552,35,0,10,2,23,,72535,35,0,10,1,9,,72530,35,0,10,2,21,,72551,35,0,10,2,62,,72554,35,0,10,2,27,,72508,35,0,10,1,71,,72522,35,0,10,1,32,,72558,35,0,10,2,72,,72553,35,0,10,1,31,,72557,35,0,10,1,74,,72545,35,0,10,1,35,,72523,35,0,10,1,73,,72524,35,0,10,1,73,,72536,35,0,10,1,33,,72514,35,0,10,1,75,,72546,35,0,10,1,30,,72538,35,0,10,1,73,,72525,35,0,10,1,29,,72537,35,0,10,1,67,,72526,35,0,10,2,23,,72541,35,0,10,2,22,,72518,35,0,10,1,63,,72520,35,0,10,1,23,,72543,35,0,10,2,59,,72556,35,0,10,2,13,,72511,35,0,10,1,13,,72528,35,0,10,2,13,,72555,35,0,10,1,12,,72539,35,0,10,1,54,,72519,35,0,10,1,15,,72547,35,0,10,1,16,,72521,35,0,10,1,16,,72509,35,0,10,1,56,,72544,35,0,10,2,17,,72542,35,0,10,2,20,,72515,35,0,10,1,61,,72540,35,0,10,1,21,,72512,35,0,10,2,21,,72548,35,0,10,1,65,,72550,35,0,10,1,28,,72507,35,0,10,1,68,,72516,35,0,10,1,28,,72510,35,0,10,1,68,,72549,35,0,10,1
21102,'H56JV00A-80-A',606,,72568,35,0,10,2,30,,72605,35,0,10,1,68,,72609,35,0,10,1,28,,72575,35,0,10,2,68,,72600,35,0,10,1,28,,72569,35,0,10,2,27,,72606,35,0,10,1,67,,72610,35,0,10,1,30,,72576,35,0,10,2,71,,72601,35,0,10,1,31,,72570,35,0,10,2,69,,72607,35,0,10,1,29,,72581,35,0,10,2,65,,72577,35,0,10,2,22,,72602,35,0,10,1,61,,72586,35,0,10,1,21,,72571,35,0,10,2,20,,72608,35,0,10,1,61,,72596,35,0,10,1,20,,72582,35,0,10,2,20,,72578,35,0,10,2,60,,72603,35,0,10,1,20,,72587,35,0,10,1,20,,72592,35,0,10,2,59,,72572,35,0,10,2,19,,72594,35,0,10,2,18,,72597,35,0,10,1,19,,72583,35,0,10,2,58,,72579,35,0,10,2,18,,72604,35,0,10,1,17,,72588,35,0,10,1,57,,72593,35,0,10,2,17,,72573,35,0,10,2,16,,72595,35,0,10,2,17,,72598,35,0,10,1,57,,72584,35,0,10,2,21,,72580,35,0,10,2,23,,72562,35,0,10,1,62,,72589,35,0,10,1,19,,72574,35,0,10,2,19,,72567,35,0,10,1,60,,72599,35,0,10,1,19,,72561,35,0,10,2,19,,72585,35,0,10,2,71,,72563,35,0,10,1,30,,72590,35,0,10,1,71,,72565,35,0,10,2,73,,72559,35,0,10,1,32,,72564,35,0,10,1,71,,72591,35,0,10,1,28,,72566,35,0,10,2,70,,72560,35,0,10,1,27,,72611,35,0,10,1
21102,'H56JV00I-80-I',612,,72614,35,0,10,2,31,,72620,35,0,10,1,72,,72627,35,0,10,2,31,,72655,35,0,10,1,71,,72615,35,0,10,2,30,,72621,35,0,10,1,71,,72628,35,0,10,2,33,,72656,35,0,10,1,72,,72616,35,0,10,2,31,,72622,35,0,10,1,70,,72632,35,0,10,1,31,,72633,35,0,10,2,68,,72647,35,0,10,1,28,,72617,35,0,10,2,67,,72623,35,0,10,1,24,,72629,35,0,10,2,62,,72642,35,0,10,1,20,,72634,35,0,10,2,22,,72648,35,0,10,1,63,,72618,35,0,10,2,23,,72624,35,0,10,1,23,,72630,35,0,10,2,62,,72643,35,0,10,1,22,,72635,35,0,10,2,20,,72649,35,0,10,1,58,,72639,35,0,10,2,19,,72619,35,0,10,2,18,,72625,35,0,10,1,57,,72631,35,0,10,2,19,,72644,35,0,10,1,22,,72636,35,0,10,2,66,,72650,35,0,10,1,27,,72640,35,0,10,2,68,,72626,35,0,10,1,28,,72645,35,0,10,1,68,,72637,35,0,10,2,28,,72651,35,0,10,1,68,,72641,35,0,10,2,26,,72657,35,0,10,1,72,,72646,35,0,10,1,31,,72638,35,0,10,2,72,,72652,35,0,10,1,30,,72653,35,0,10,1,70,,72654,35,0,10,1,30,,72613,35,0,10,2,70,,72612,35,0,10,1
21102,'H56JV00S-80-S',606,,72668,35,0,10,1,18,,72664,35,0,10,1,21,,72685,35,0,10,2,67,,72682,35,0,10,1,22,,72683,35,0,10,2,24,,72678,35,0,10,2,57,,72680,35,0,10,1,22,,72684,35,0,10,2,63,,72703,35,0,10,2,23,,72686,35,0,10,1,9,,72681,35,0,10,1,21,,72702,35,0,10,1,62,,72705,35,0,10,2,27,,72659,35,0,10,1,71,,72673,35,0,10,1,32,,72709,35,0,10,2,72,,72704,35,0,10,1,31,,72708,35,0,10,1,74,,72696,35,0,10,1,35,,72674,35,0,10,1,73,,72675,35,0,10,1,73,,72687,35,0,10,1,33,,72665,35,0,10,1,75,,72697,35,0,10,1,30,,72689,35,0,10,1,73,,72676,35,0,10,1,29,,72688,35,0,10,1,67,,72677,35,0,10,1,23,,72692,35,0,10,1,22,,72669,35,0,10,1,63,,72671,35,0,10,1,23,,72694,35,0,10,1,59,,72707,35,0,10,2,13,,72662,35,0,10,1,13,,72679,35,0,10,1,13,,72706,35,0,10,1,12,,72690,35,0,10,1,54,,72670,35,0,10,1,15,,72698,35,0,10,1,16,,72672,35,0,10,1,16,,72660,35,0,10,1,56,,72695,35,0,10,1,17,,72693,35,0,10,2,20,,72666,35,0,10,1,61,,72691,35,0,10,1,21,,72663,35,0,10,1,21,,72699,35,0,10,1,65,,72701,35,0,10,1,28,,72658,35,0,10,1,68,,72667,35,0,10,1,28,,72661,35,0,10,1,68,,72700,35,0,10,1
40502,'H56J000S-80-S',630,,76287,19,0,10,1,18,,76290,19,0,10,2,61,,76284,19,0,10,2,19,,76289,19,0,10,2,8,,76281,19,0,10,2,12,,76314,19,0,10,1,64,,76309,19,0,10,1,22,,76288,19,0,10,1,22,,76302,19,0,10,1,73,,76298,19,0,10,1,24,,76315,19,0,10,1,60,,76310,19,0,10,1,20,,76316,19,0,10,1,19,,76303,19,0,10,1,59,,76294,19,0,10,2,22,,76299,19,0,10,1,22,,76291,19,0,10,2,63,,76311,19,0,10,2,22,,76306,19,0,10,1,61,,76304,19,0,10,1,21,,76295,19,0,10,2,21,,76300,19,0,10,1,57,,76292,19,0,10,2,19,,76312,19,0,10,2,19,,76307,19,0,10,1,17,,76305,19,0,10,1,59,,76296,19,0,10,2,27,,76301,19,0,10,1,66,,76293,19,0,10,2,21,,76313,19,0,10,2,22,,76308,19,0,10,1,61,,76279,19,0,10,1,20,,76297,19,0,10,2,20,,76317,19,0,10,1,61,,76282,19,0,10,2,19,,76283,19,0,10,1,23,,76286,19,0,10,1,64,,76280,19,0,10,1,23,,76285,19,0,10,1
40502,'H56JV00S-80-S',630,,76326,19,0,10,1,18,,76329,19,0,10,2,61,,76323,19,0,10,2,19,,76328,19,0,10,2,8,,76320,19,0,10,2,12,,76353,19,0,10,1,64,,76348,19,0,10,1,22,,76327,19,0,10,1,22,,76341,19,0,10,1,73,,76337,19,0,10,1,24,,76354,19,0,10,1,60,,76349,19,0,10,1,20,,76355,19,0,10,1,19,,76342,19,0,10,1,59,,76333,19,0,10,2,22,,76338,19,0,10,1,22,,76330,19,0,10,1,63,,76350,19,0,10,2,22,,76345,19,0,10,1,61,,76343,19,0,10,1,21,,76334,19,0,10,2,21,,76339,19,0,10,1,57,,76331,19,0,10,1,19,,76351,19,0,10,2,19,,76346,19,0,10,1,17,,76344,19,0,10,1,59,,76335,19,0,10,2,27,,76340,19,0,10,1,66,,76332,19,0,10,1,21,,76352,19,0,10,2,22,,76347,19,0,10,1,61,,76318,19,0,10,1,20,,76336,19,0,10,2,20,,76356,19,0,10,1,61,,76321,19,0,10,2,19,,76322,19,0,10,1,23,,76325,19,0,10,1,64,,76319,19,0,10,1,23,,76324,19,0,10,1
