3004,'H51M000A-70-A',510,,93770,28,0,9,1,37,,93783,28,0,9,2,77,,93771,28,0,9,1,76,,93784,28,0,9,2,36,,93772,28,0,9,1,79,,93785,28,0,9,2,37,,93773,28,0,9,1,73,,93795,28,0,9,1,34,,93786,28,0,9,2,74,,93774,28,0,9,1,73,,93796,28,0,9,1,34,,93787,28,0,9,2,74,,93775,28,0,9,1,34,,93797,28,0,9,1,76,,93788,28,0,9,2,35,,93776,28,0,9,1,76,,93798,28,0,9,1,77,,93789,28,0,9,2,37,,93777,28,0,9,1,76,,93799,28,0,9,1,77,,93790,28,0,9,2,37,,93778,28,0,9,1,73,,93800,28,0,9,1,33,,93791,28,0,9,2,71,,93779,28,0,9,1,29,,93801,28,0,9,1,72,,93792,28,0,9,1,32,,93780,28,0,9,1,72,,93802,28,0,9,1,32,,93793,28,0,9,1,70,,93781,28,0,9,1,30,,93803,28,0,9,1,69,,93794,28,0,9,1,29,,93782,28,0,9,1,70,,93804,28,0,9,1
3004,'H51M000I-70-I',509,,93805,28,0,9,1,40,,93819,28,0,9,1,78,,93806,28,0,9,1,78,,93820,28,0,9,1,38,,93807,28,0,9,1,77,,93821,28,0,9,1,37,,93808,28,0,9,1,78,,93822,28,0,9,1,78,,93809,28,0,9,1,39,,93823,28,0,9,1,79,,93810,28,0,9,1,73,,93832,28,0,9,1,36,,93824,28,0,9,1,73,,93811,28,0,9,1,33,,93833,28,0,9,1,73,,93825,28,0,9,1,34,,93812,28,0,9,1,74,,93834,28,0,9,1,74,,93826,28,0,9,1,32,,93813,28,0,9,1,71,,93835,28,0,9,1,33,,93827,28,0,9,1,73,,93814,28,0,9,1,33,,93836,28,0,9,1,71,,93828,28,0,9,1,33,,93815,28,0,9,1,73,,93837,28,0,9,1,32,,93829,28,0,9,1,70,,93816,28,0,9,1,28,,93838,28,0,9,1,70,,93830,28,0,9,1,30,,93817,28,0,9,1,70,,93839,28,0,9,2,30,,93831,28,0,9,1,70,,93818,28,0,9,1
3004,'H51M000S-70-S',513,,93840,28,0,9,1,32,,93857,28,0,9,2,72,,93865,28,0,9,1,30,,93841,28,0,9,1,71,,93858,28,0,9,2,31,,93866,28,0,9,1,73,,93842,28,0,9,1,32,,93859,28,0,9,2,71,,93867,28,0,9,1,30,,93843,28,0,9,1,71,,93860,28,0,9,2,30,,93868,28,0,9,1,72,,93844,28,0,9,1,72,,93861,28,0,9,2,33,,93869,28,0,9,1,68,,93856,28,0,9,1,28,,93845,28,0,9,1,28,,93862,28,0,9,2,69,,93870,28,0,9,1,28,,93873,28,0,9,2,69,,93846,28,0,9,1,30,,93863,28,0,9,2,70,,93871,28,0,9,1,30,,93874,28,0,9,2,70,,93847,28,0,9,1,30,,93864,28,0,9,2,69,,93872,28,0,9,1,29,,93875,28,0,9,2,70,,93848,28,0,9,1,32,,93852,28,0,9,1,72,,93876,28,0,9,2,28,,93849,28,0,9,1,70,,93853,28,0,9,1,30,,93877,28,0,9,2,70,,93850,28,0,9,1,29,,93854,28,0,9,1,69,,93878,28,0,9,2,30,,93851,28,0,9,1,70,,93855,28,0,9,1
3004,'H51M100F-70-F1',509,,93879,28,0,9,1,40,,93893,28,0,9,1,78,,93880,28,0,9,1,78,,93894,28,0,9,1,38,,93881,28,0,9,1,77,,93895,28,0,9,1,37,,93882,28,0,9,1,78,,93896,28,0,9,1,78,,93883,28,0,9,1,39,,93897,28,0,9,1,79,,93884,28,0,9,1,73,,93906,28,0,9,1,36,,93898,28,0,9,1,73,,93885,28,0,9,1,33,,93907,28,0,9,1,73,,93899,28,0,9,1,34,,93886,28,0,9,1,74,,93908,28,0,9,1,74,,93900,28,0,9,1,32,,93887,28,0,9,1,71,,93909,28,0,9,1,33,,93901,28,0,9,1,73,,93888,28,0,9,1,33,,93911,28,0,9,1,71,,93902,28,0,9,1,33,,93889,28,0,9,1,73,,93910,28,0,9,1,32,,93903,28,0,9,1,70,,93890,28,0,9,1,28,,93912,28,0,9,1,70,,93904,28,0,9,1,30,,93891,28,0,9,1,70,,93913,28,0,9,2,30,,93905,28,0,9,1,70,,93892,28,0,9,1
3004,'H51M200F-70-F2',509,,93914,28,0,9,1,40,,93928,28,0,9,1,78,,93915,28,0,9,1,78,,93929,28,0,9,1,38,,93916,28,0,9,1,77,,93930,28,0,9,1,37,,93917,28,0,9,1,78,,93931,28,0,9,1,78,,93918,28,0,9,1,39,,93932,28,0,9,1,79,,93919,28,0,9,1,73,,93941,28,0,9,1,36,,93933,28,0,9,1,73,,93920,28,0,9,1,33,,93942,28,0,9,1,73,,93934,28,0,9,1,34,,93921,28,0,9,1,74,,93943,28,0,9,1,74,,93935,28,0,9,1,32,,93922,28,0,9,1,71,,93944,28,0,9,1,33,,93936,28,0,9,1,73,,93923,28,0,9,1,33,,93945,28,0,9,1,71,,93937,28,0,9,1,33,,93924,28,0,9,1,73,,93946,28,0,9,1,32,,93938,28,0,9,1,70,,93925,28,0,9,1,28,,93947,28,0,9,1,70,,93939,28,0,9,1,30,,93926,28,0,9,1,70,,93948,28,0,9,2,30,,93940,28,0,9,1,70,,93927,28,0,9,1
3004,'H51M300F-70-F3',509,,93949,28,0,9,1,40,,93963,28,0,9,1,78,,93950,28,0,9,1,78,,93964,28,0,9,1,38,,93951,28,0,9,1,77,,93965,28,0,9,1,37,,93952,28,0,9,1,78,,93966,28,0,9,1,78,,93953,28,0,9,1,39,,93967,28,0,9,1,79,,93954,28,0,9,1,73,,93976,28,0,9,1,36,,93968,28,0,9,1,73,,93955,28,0,9,1,33,,93977,28,0,9,1,73,,93969,28,0,9,1,34,,93956,28,0,9,1,74,,93978,28,0,9,1,74,,93970,28,0,9,1,32,,93957,28,0,9,1,71,,93979,28,0,9,1,33,,93971,28,0,9,1,73,,93958,28,0,9,1,33,,93980,28,0,9,1,71,,93972,28,0,9,1,33,,93959,28,0,9,1,73,,93981,28,0,9,1,32,,93973,28,0,9,1,70,,93960,28,0,9,1,28,,93982,28,0,9,1,70,,93974,28,0,9,1,30,,93961,28,0,9,1,70,,93983,28,0,9,2,30,,93975,28,0,9,1,70,,93962,28,0,9,1
36104,'H51M000A-70-A',2434,,154649,26,0,9,2,85,,154642,26,0,9,1,88,,154645,26,0,9,1,30,,154644,26,0,9,1,68,,154643,26,0,9,1,30,,154648,26,0,9,1,68,,154647,26,0,9,1,28,,154646,26,0,9,1
36104,'H51M000I-70-I',2447,,154654,26,0,9,2,72,,154650,26,0,9,1,30,,154651,26,0,9,1,82,,154655,26,0,9,2,84,,154652,26,0,9,1,85,,154656,26,0,9,2,45,,154653,26,0,9,1
36104,'H51M000S-70-S',2440,,154661,26,0,9,2,80,,154657,26,0,9,1,33,,154660,26,0,9,1,60,,154658,26,0,9,1,20,,154662,26,0,9,2,21,,154663,26,0,9,2,72,,154665,26,0,9,2,33,,154659,26,0,9,1,85,,154664,26,0,9,2
36104,'H51M100F-70-F1',2447,,154670,26,0,9,2,72,,154666,26,0,9,1,30,,154667,26,0,9,1,82,,154671,26,0,9,2,84,,154668,26,0,9,1,85,,154672,26,0,9,2,45,,154669,26,0,9,1
36104,'H51M200F-70-F2',2447,,154677,26,0,9,2,72,,154673,26,0,9,1,30,,154674,26,0,9,1,82,,154678,26,0,9,2,84,,154675,26,0,9,1,85,,154679,26,0,9,2,45,,154676,26,0,9,1
36104,'H51M300F-70-F3',2447,,154684,26,0,9,2,72,,154680,26,0,9,1,30,,154681,26,0,9,1,82,,154685,26,0,9,2,84,,154682,26,0,9,1,85,,154686,26,0,9,2,45,,154683,26,0,9,1
