20201,'H50M000S-81-S',911,,210430,49,0,5,1,699,,210426,10,0,5,1,1,,210429,49,0,5,1,13,,210428,10,0,5,1,31,,210427,10,0,5,1,75,,210425,10,0,5,1
20201,'H60M000A-82-A',638,,210431,49,0,5,1,71,,210455,49,0,5,1,30,,210448,49,0,5,1,71,,210470,49,0,5,1,32,,210432,49,0,5,1,67,,210440,49,0,5,2,30,,210456,49,0,5,1,72,,210449,49,0,5,1,32,,210471,49,0,5,1,72,,210433,49,0,5,1,30,,210441,49,0,5,2,70,,210457,49,0,5,1,26,,210450,49,0,5,1,62,,210443,49,0,5,1,23,,210458,49,0,5,1,25,,210434,49,0,5,1,67,,210442,49,0,5,2,21,,210472,49,0,5,1,19,,210436,49,0,5,2,63,,210451,49,0,5,1,24,,210444,49,0,5,1,63,,210459,49,0,5,1,19,,210435,49,0,5,1,15,,210463,49,0,5,1,58,,210468,49,0,5,2,21,,210469,49,0,5,1,23,,210437,49,0,5,2,61,,210452,49,0,5,1,21,,210467,49,0,5,1,22,,210460,49,0,5,1,67,,210464,49,0,5,1,30,,210445,49,0,5,1,69,,210438,49,0,5,2,28,,210453,49,0,5,1,70,,210461,49,0,5,1,29,,210465,49,0,5,1,67,,210446,49,0,5,1,31,,210439,49,0,5,2,70,,210454,49,0,5,1,30,,210462,49,0,5,1,70,,210466,49,0,5,1,29,,210447,49,0,5,1
20201,'H60M000I-81-I',739,,210490,49,0,5,1,71,,210498,49,0,5,1,32,,210501,49,0,5,2,71,,210473,49,0,5,1,33,,210480,49,0,5,1,73,,210491,49,0,5,1,33,,210484,49,0,5,1,69,,210474,49,0,5,1,30,,210502,49,0,5,2,70,,210481,49,0,5,1,31,,210492,49,0,5,1,70,,210485,49,0,5,1,32,,210475,49,0,5,1,70,,210503,49,0,5,2,33,,210482,49,0,5,1,71,,210493,49,0,5,1,31,,210486,49,0,5,1,72,,210476,49,0,5,1,70,,210504,49,0,5,2,30,,210483,49,0,5,1,73,,210494,49,0,5,1,31,,210487,49,0,5,1,73,,210477,49,0,5,1,28,,210505,49,0,5,2,71,,210495,49,0,5,1,29,,210499,49,0,5,2,68,,210488,49,0,5,1,30,,210478,49,0,5,1,25,,210506,49,0,5,2,66,,210496,49,0,5,1,22,,210500,49,0,5,2,68,,210489,49,0,5,1,29,,210479,49,0,5,1,72,,210507,49,0,5,2,32,,210497,49,0,5,1
20201,'H60M000S-80-S',625,,210516,49,0,5,1,29,,210525,49,0,5,2,61,,210511,10,0,5,1,6,,210517,49,0,5,1,18,,210521,49,0,5,2,3,,210510,10,0,5,1,66,,210526,49,0,5,1,33,,210518,49,0,5,1,99,,210522,49,0,5,1,68,,210512,49,0,5,1,17,,210531,49,0,5,1,19,,210532,49,0,5,1,62,,210527,49,0,5,1,26,,210519,49,0,5,1,27,,210529,49,0,5,1,70,,210523,49,0,5,1,75,,210513,49,0,5,1,29,,210533,49,0,5,1,26,,210528,49,0,5,1,75,,210544,49,0,5,1,11,,210530,49,0,5,1,60,,210548,10,0,5,2,16,,210524,49,0,5,1,25,,210540,49,0,5,1,71,,210550,10,0,5,1,21,,210534,49,0,5,1,70,,210520,49,0,5,1,33,,210545,49,0,5,1,70,,210549,49,0,5,1,30,,210541,49,0,5,1,71,,210514,49,0,5,1,27,,210535,49,0,5,1,68,,210538,49,0,5,1,27,,210546,49,0,5,1,70,,210508,49,0,5,1,25,,210542,49,0,5,1,19,,210515,49,0,5,1,62,,210536,49,0,5,1,31,,210539,49,0,5,1,70,,210547,49,0,5,1,28,,210509,49,0,5,1,68,,210543,49,0,5,1,32,,210537,49,0,5,1
37801,'H60M000A-82-A',2535,,214947,11,0,5,1,91,,214949,11,0,5,2,91,,214946,11,0,5,1,91,,214948,11,0,5,1
37801,'H60M000I-81-I',2535,,214952,11,0,5,1,91,,214951,11,0,5,2,90,,214950,11,0,5,1,93,,214953,11,0,5,1
37801,'H60M000S-80-S',2535,,214956,11,0,5,2,91,,214954,11,0,5,1,97,,214957,11,0,5,2,89,,214955,11,0,5,1
46001,'H50M000S-81-S',1522,,216374,8,0,99 30,1
46001,'H51M000S-80-S',641,,216375,8,0,5,1
46001,'H57M000S-80-S',1627,,216376,8,0,99 30,2
46001,'H58M000S-80-S',541,,216388,8,0,5,2,70,,216391,8,0,5,2,98,,216404,8,0,5,1,14,,216390,8,0,5,2,31,,216384,8,0,5,2,72,,216381,8,0,5,1,28,,216380,8,0,5,2,62,,216386,8,0,5,1,30,,216387,8,0,5,1,502,,216392,8,0,99 30,2,54,,216393,8,0,99 30,1,10,,216405,8,0,99 30,2,20,,216397,8,0,99 30,2,10,,216389,8,0,99 30,2,10,,216399,8,0,99 30,2,49,,216383,8,0,99 30,1,9,,216400,8,0,99 30,2,8,,216402,8,0,99 30,2,18,,216377,8,0,99 30,1,8,,216379,8,0,99 30,2,7,,216385,8,0,99 30,1,7,,216395,8,0,99 30,1,50,,216382,8,0,99 30,2,20,,216396,8,0,99 30,2,23,,216403,8,0,99 30,2,86,,216394,8,0,99 30,1,63,,216398,8,0,99 30,2,20,,216401,8,0,99 30,2,21,,216378,8,0,99 30,1
46001,'H59M000S-80-S',1814,,216406,8,0,99 30,1
