9302,'H50M000A-70-A',521,,114934,18,0,10,1,28,,114954,18,0,10,1,70,,114935,18,0,10,1,30,,114925,18,0,10,1,71,,114936,18,0,10,1,31,,114926,18,0,10,1,71,,114937,18,0,10,1,30,,114927,18,0,10,1,71,,114938,18,0,10,1,31,,114928,18,0,10,1,72,,114939,18,0,10,1,32,,114929,18,0,10,1,71,,114940,18,0,10,1,71,,114930,18,0,10,1,33,,114941,18,0,10,1,73,,114931,18,0,10,1,33,,114942,18,0,10,1,73,,114932,18,0,10,1,33,,114943,18,0,10,1,72,,114933,18,0,10,1,26,,114944,18,0,10,1,73,,114915,18,0,10,2,33,,114945,18,0,10,1,70,,114916,18,0,10,2,31,,114946,18,0,10,1,69,,114917,18,0,10,2,30,,114947,18,0,10,1,69,,114918,18,0,10,2,30,,114948,18,0,10,1,70,,114919,18,0,10,2,29,,114949,18,0,10,1,67,,114920,18,0,10,2,29,,114950,18,0,10,1,70,,114921,18,0,10,2,30,,114951,18,0,10,1,70,,114922,18,0,10,2,29,,114952,18,0,10,1,70,,114923,18,0,10,2,30,,114953,18,0,10,1,70,,114924,18,0,10,2
9302,'H50M000I-70-I',518,,114956,18,0,10,1,29,,114955,18,0,10,1,69,,114957,18,0,10,1,31,,114968,18,0,10,1,70,,114958,18,0,10,1,30,,114969,18,0,10,1,70,,114959,18,0,10,1,33,,114970,18,0,10,1,70,,114960,18,0,10,1,30,,114971,18,0,10,1,71,,114961,18,0,10,1,30,,114972,18,0,10,1,70,,114962,18,0,10,1,30,,114973,18,0,10,1,70,,114963,18,0,10,1,30,,114974,18,0,10,1,70,,114964,18,0,10,1,32,,114975,18,0,10,1,70,,114965,18,0,10,1,30,,114976,18,0,10,1,70,,114966,18,0,10,1,30,,114977,18,0,10,1,72,,114967,18,0,10,1,29,,114978,18,0,10,1,70,,114979,18,0,10,1,28,,114988,18,0,10,1,71,,114980,18,0,10,1,29,,114989,18,0,10,1,70,,114981,18,0,10,1,30,,114990,18,0,10,1,70,,114982,18,0,10,1,30,,114991,18,0,10,1,70,,114983,18,0,10,1,29,,114992,18,0,10,1,70,,114984,18,0,10,1,28,,114993,18,0,10,1,70,,114985,18,0,10,1,29,,114994,18,0,10,1,70,,114986,18,0,10,1,30,,114995,18,0,10,1,70,,114987,18,0,10,1
9302,'H50M000S-70-S',520,,114996,18,0,10,1,30,,115009,18,0,10,2,64,,114997,18,0,10,1,24,,115010,18,0,10,2,65,,114998,18,0,10,1,27,,115011,18,0,10,2,28,,114999,18,0,10,1,70,,115012,18,0,10,2,30,,115000,18,0,10,1,71,,115013,18,0,10,2,30,,115001,18,0,10,1,70,,115014,18,0,10,2,29,,115002,18,0,10,1,71,,115015,18,0,10,2,30,,115003,18,0,10,1,71,,115016,18,0,10,2,71,,115004,18,0,10,1,31,,115017,18,0,10,2,75,,115005,18,0,10,1,32,,115018,18,0,10,2,73,,115006,18,0,10,1,33,,115019,18,0,10,2,107,,115007,18,0,10,1,72,,115035,18,0,10,1,29,,115036,18,0,10,1,72,,115008,18,0,10,1,29,,115020,18,0,10,1,69,,115028,18,0,10,2,29,,115021,18,0,10,1,67,,115029,18,0,10,2,29,,115022,18,0,10,1,67,,115030,18,0,10,2,27,,115023,18,0,10,1,66,,115031,18,0,10,2,25,,115024,18,0,10,1,25,,115032,18,0,10,2,66,,115025,18,0,10,1,26,,115033,18,0,10,2,67,,115026,18,0,10,1,27,,115034,18,0,10,2,69,,115027,18,0,10,1
9302,'H50M100F-70-F1',518,,115038,18,0,10,1,29,,115037,18,0,10,1,69,,115039,18,0,10,1,31,,115051,18,0,10,1,70,,115040,18,0,10,1,30,,115050,18,0,10,1,70,,115041,18,0,10,1,33,,115052,18,0,10,1,70,,115042,18,0,10,1,30,,115053,18,0,10,1,71,,115043,18,0,10,1,30,,115054,18,0,10,1,70,,115044,18,0,10,1,30,,115055,18,0,10,1,70,,115045,18,0,10,1,30,,115056,18,0,10,1,70,,115046,18,0,10,1,32,,115057,18,0,10,1,70,,115047,18,0,10,1,30,,115058,18,0,10,1,70,,115048,18,0,10,1,30,,115059,18,0,10,1,72,,115049,18,0,10,1,29,,115060,18,0,10,1,70,,115061,18,0,10,2,28,,115070,18,0,10,1,71,,115062,18,0,10,2,29,,115071,18,0,10,1,70,,115063,18,0,10,2,30,,115072,18,0,10,1,70,,115064,18,0,10,2,30,,115073,18,0,10,1,70,,115065,18,0,10,2,29,,115074,18,0,10,1,70,,115066,18,0,10,2,28,,115075,18,0,10,1,70,,115067,18,0,10,2,29,,115076,18,0,10,1,70,,115068,18,0,10,2,30,,115077,18,0,10,1,70,,115069,18,0,10,2
9302,'H50M200F-70-F2',518,,115079,18,0,10,1,29,,115078,18,0,10,1,69,,115080,18,0,10,1,31,,115091,18,0,10,1,70,,115081,18,0,10,1,30,,115092,18,0,10,1,70,,115082,18,0,10,1,33,,115093,18,0,10,1,70,,115083,18,0,10,1,30,,115095,18,0,10,1,71,,115084,18,0,10,1,30,,115094,18,0,10,1,70,,115085,18,0,10,1,30,,115096,18,0,10,1,70,,115086,18,0,10,1,30,,115097,18,0,10,1,70,,115087,18,0,10,1,32,,115098,18,0,10,1,70,,115088,18,0,10,1,30,,115099,18,0,10,1,70,,115089,18,0,10,1,30,,115100,18,0,10,1,72,,115090,18,0,10,1,29,,115101,18,0,10,1,70,,115102,18,0,10,2,28,,115111,18,0,10,1,71,,115103,18,0,10,2,29,,115112,18,0,10,1,70,,115104,18,0,10,2,30,,115113,18,0,10,1,70,,115105,18,0,10,2,30,,115114,18,0,10,1,70,,115106,18,0,10,2,29,,115115,18,0,10,1,70,,115107,18,0,10,2,28,,115116,18,0,10,1,70,,115108,18,0,10,2,29,,115117,18,0,10,1,70,,115109,18,0,10,2,30,,115118,18,0,10,1,70,,115110,18,0,10,2
9302,'H50M300F-80-F3',518,,169591,18,0,10,2,29,,169590,18,0,10,2,69,,169592,18,0,10,2,31,,169593,18,0,10,1,70,,169613,18,0,10,1,30,,169594,18,0,10,1,70,,169614,18,0,10,1,33,,169595,18,0,10,1,70,,169615,18,0,10,1,30,,169596,18,0,10,1,71,,169616,18,0,10,1,30,,169597,18,0,10,1,70,,169617,18,0,10,1,30,,169598,18,0,10,1,70,,169618,18,0,10,1,30,,169599,18,0,10,1,70,,169619,18,0,10,1,32,,169600,18,0,10,1,70,,169620,18,0,10,1,30,,169601,18,0,10,1,70,,169621,18,0,10,1,30,,169602,18,0,10,1,72,,169622,18,0,10,1,29,,169603,18,0,10,1,70,,169623,18,0,10,1,29,,169604,18,0,10,1,70,,169624,18,0,10,1,29,,169605,18,0,10,1,69,,169625,18,0,10,1,30,,169606,18,0,10,1,70,,169626,18,0,10,1,30,,169607,18,0,10,1,70,,169627,18,0,10,1,29,,169608,18,0,10,1,70,,169628,18,0,10,1,28,,169609,18,0,10,1,70,,169629,18,0,10,1,29,,169610,18,0,10,1,70,,169630,18,0,10,1,30,,169611,18,0,10,1,70,,169631,18,0,10,1,29,,169612,18,0,10,1
9302,'H51M000A-70-A',2544,,115160,18,0,6 46,1
9302,'H51M000I-70-I',2546,,115161,18,0,6 46,1
9302,'H51M000S-70-S',1618,,115163,18,0,10,2,928,,115162,18,0,6 46,1
9302,'H51M100F-70-F1',2546,,115164,18,0,6 46,1
9302,'H51M200F-70-F2',2546,,115165,18,0,6 46,1
37202,'H54M000A-70-A',2620,,155312,73,0,10,1,90,,155313,73,0,10,1,45,,155315,73,0,10,1,84,,155316,73,0,10,1,90,,155314,73,0,10,1
37202,'H54M000I-70-I',2625,,155317,73,0,10,1,85,,155318,73,0,10,1,46,,155320,73,0,10,1,86,,155319,73,0,10,1,89,,155321,73,0,10,1
37202,'H54M000S-70-S',2601,,155326,73,0,10,1,40,,155323,73,0,10,1,80,,155322,73,0,10,1,82,,155325,73,0,10,1,45,,155324,73,0,10,1,89,,155327,73,0,10,1
37202,'H54M100F-70-F1',2625,,155330,73,0,10,1,85,,155331,73,0,10,1,46,,155332,73,0,10,1,86,,155329,73,0,10,1,89,,155328,73,0,10,1
37202,'H54M200F-70-F2',2625,,155333,73,0,10,1,85,,155337,73,0,10,2,46,,155335,73,0,10,1,86,,155336,73,0,10,2,89,,155334,73,0,10,1
37202,'H54M300F-80-F3',2625,,175979,73,0,10,2,85,,175975,73,0,10,1,46,,175978,73,0,10,1,86,,175977,73,0,10,1,89,,175976,73,0,10,1
