18000,'H58M000A-70-A',501,,141415,2,,,1,30,,141425,2,,,1,71,,141416,2,,,1,32,,141422,2,,,1,72,,141417,2,,,1,30,,141423,2,,,1,70,,141410,2,,,1,27,,141418,2,,,1,67,,141420,2,,,2,28,,141411,2,,,1,28,,141419,2,,,1,70,,141421,2,,,2,33,,141412,2,,,1,73,,141439,2,,,2,73,,141433,2,,,2,33,,141413,2,,,1,73,,141440,2,,,1,32,,141431,2,,,2,73,,141414,2,,,2,33,,141424,2,,,1,73,,141432,2,,,2,32,,141442,2,,,2,73,,141441,2,,,1,73,,141434,2,,,2,33,,141435,2,,,1,73,,141426,2,,,1,32,,141443,2,,,2,70,,141436,2,,,1,30,,141427,2,,,1,70,,141444,2,,,2,28,,141437,2,,,1,68,,141428,2,,,1,28,,141445,2,,,2,27,,141448,2,,,1,68,,141429,2,,,1,27,,141446,2,,,2,64,,141449,2,,,1,24,,141430,2,,,1,64,,141447,2,,,2,24,,141450,2,,,1,70,,141438,2,,,2,31,,141451,2,,,1
18000,'H58M000I-70-I',530,,141453,2,,,1,72,,141462,2,,,1,32,,141465,2,,,2,72,,141472,2,,,1,32,,141466,2,,,2,72,,141473,2,,,1,33,,141467,2,,,2,72,,141474,2,,,1,29,,141457,2,,,2,68,,141468,2,,,2,28,,141475,2,,,1,69,,141458,2,,,2,30,,141469,2,,,2,70,,141476,2,,,1,30,,141460,2,,,2,70,,141470,2,,,2,30,,141477,2,,,1,70,,141459,2,,,2,29,,141471,2,,,2,71,,141478,2,,,1,31,,141479,2,,,2,71,,141456,2,,,1,30,,141455,2,,,1,70,,141454,2,,,1,29,,141463,2,,,1,70,,141452,2,,,2,29,,141480,2,,,2,69,,141464,2,,,1,30,,141484,2,,,2,70,,141481,2,,,1,29,,141482,2,,,2,68,,141485,2,,,2,28,,141461,2,,,1,68,,141483,2,,,2,26,,141486,2,,,2,28,,141487,2,,,1,70,,141490,2,,,1,29,,141488,2,,,1,68,,141491,2,,,1,29,,141489,2,,,1
18000,'H58M000S-70-S',526,,141492,2,,,2,82,,141497,2,,,2,18,,141494,2,,,2,18,,141503,2,,,2,56,,141510,2,,,1,15,,141495,2,,,1,15,,141501,2,,,1,15,,141512,2,,,2,12,,141499,2,,,2,49,,141493,2,,,2,15,,141518,2,,,2,17,,141498,2,,,2,70,,141502,2,,,1,32,,141519,2,,,1,72,,141513,2,,,1,32,,141508,2,,,1,72,,141520,2,,,1,33,,141514,2,,,1,57,,141496,2,,,1,10,,141505,2,,,2,19,,141509,2,,,1,20,,141521,2,,,1,69,,141515,2,,,1,32,,141506,2,,,2,72,,141522,2,,,1,73,,141516,2,,,1,33,,141507,2,,,2,68,,141504,2,,,1,26,,141536,2,,,1,30,,141529,2,,,2,71,,141523,2,,,1,73,,141526,2,,,1,28,,141530,2,,,2,70,,141527,2,,,1,29,,141533,2,,,2,30,,141524,2,,,1,73,,141525,2,,,2,73,,141511,2,,,1,33,,141532,2,,,2,63,,141534,2,,,1,28,,141537,2,,,1,29,,141500,2,,,1,68,,141531,2,,,1,28,,141517,2,,,1,70,,141535,2,,,1,31,,141528,2,,,2
18000,'H58M100F-70-F1',530,,141551,2,,,1,72,,141547,2,,,1,32,,141558,2,,,2,72,,141563,2,,,1,32,,141559,2,,,2,72,,141564,2,,,1,33,,141560,2,,,2,72,,141565,2,,,1,29,,141541,2,,,2,68,,141569,2,,,1,28,,141566,2,,,1,69,,141538,2,,,2,30,,141570,2,,,1,70,,141567,2,,,1,30,,141539,2,,,2,70,,141571,2,,,1,30,,141568,2,,,1,70,,141540,2,,,2,29,,141572,2,,,1,71,,141546,2,,,2,31,,141561,2,,,1,71,,141557,2,,,1,30,,141550,2,,,1,70,,141552,2,,,1,29,,141548,2,,,1,70,,141553,2,,,1,29,,141562,2,,,1,69,,141549,2,,,1,30,,141577,2,,,2,70,,141574,2,,,1,29,,141542,2,,,2,68,,141575,2,,,1,28,,141573,2,,,1,68,,141543,2,,,2,26,,141576,2,,,1,28,,141555,2,,,1,70,,141544,2,,,2,29,,141556,2,,,1,68,,141545,2,,,2,29,,141554,2,,,1
18000,'H58M200F-70-F2',530,,141591,2,,,1,72,,141587,2,,,1,32,,141598,2,,,2,72,,141603,2,,,1,32,,141599,2,,,2,72,,141604,2,,,1,33,,141600,2,,,2,72,,141605,2,,,1,29,,141581,2,,,2,68,,141609,2,,,1,28,,141606,2,,,1,69,,141578,2,,,2,30,,141610,2,,,1,70,,141607,2,,,1,30,,141579,2,,,2,70,,141611,2,,,1,30,,141608,2,,,1,70,,141580,2,,,2,29,,141612,2,,,1,71,,141586,2,,,2,31,,141601,2,,,1,71,,141597,2,,,1,30,,141590,2,,,1,70,,141592,2,,,1,29,,141588,2,,,1,70,,141593,2,,,1,29,,141602,2,,,1,69,,141589,2,,,1,30,,141617,2,,,2,70,,141614,2,,,1,29,,141582,2,,,2,68,,141615,2,,,1,28,,141613,2,,,1,68,,141583,2,,,2,26,,141616,2,,,1,28,,141595,2,,,1,70,,141584,2,,,2,29,,141596,2,,,1,68,,141585,2,,,2,29,,141594,2,,,1
18000,'H58M300F-70-F3',530,,141631,2,,,1,72,,141627,2,,,1,32,,141638,2,,,2,72,,141643,2,,,1,32,,141639,2,,,2,72,,141644,2,,,1,33,,141640,2,,,2,72,,141645,2,,,1,29,,141621,2,,,2,68,,141649,2,,,1,28,,141646,2,,,1,69,,141618,2,,,2,30,,141650,2,,,1,70,,141647,2,,,1,30,,141619,2,,,2,70,,141651,2,,,1,30,,141648,2,,,1,70,,141620,2,,,2,29,,141652,2,,,1,71,,141626,2,,,2,31,,141641,2,,,1,71,,141637,2,,,1,30,,141630,2,,,1,70,,141632,2,,,1,29,,141628,2,,,1,70,,141633,2,,,1,29,,141642,2,,,1,69,,141629,2,,,1,30,,141657,2,,,2,70,,141654,2,,,1,29,,141622,2,,,2,68,,141655,2,,,1,28,,141653,2,,,1,68,,141623,2,,,2,26,,141656,2,,,1,28,,141635,2,,,1,70,,141624,2,,,2,29,,141636,2,,,1,68,,141625,2,,,2,29,,141634,2,,,1
18000,'H60M000S-71-S',501,,141658,2,,,2,47,,141659,2,,,1
36501,'H58M000A-70-A',2520,,154945,2,,,2,35,,154942,2,,,2,73,,154947,2,,,1,76,,154944,2,,,2,33,,154941,2,,,1,72,,154946,2,,,2,32,,154943,2,,,2
36501,'H58M000I-70-I',2520,,154952,2,,,1,80,,154948,2,,,1,40,,154950,2,,,1,80,,154949,2,,,1,80,,154953,2,,,1,40,,154951,2,,,1
36501,'H58M000S-70-S',2520,,154954,2,,,1,80,,154956,2,,,2,40,,154958,2,,,2,80,,154955,2,,,1,80,,154957,2,,,2,40,,154959,2,,,2
36501,'H58M100F-70-F1',2520,,154960,2,,,2,80,,154964,2,,,2,40,,154962,2,,,1,80,,154961,2,,,2,80,,154965,2,,,2,40,,154963,2,,,1
36501,'H58M200F-70-F2',2520,,154966,2,,,2,80,,154970,2,,,2,40,,154968,2,,,1,80,,154967,2,,,2,80,,154971,2,,,2,40,,154969,2,,,1
36501,'H58M300F-70-F3',2520,,154972,2,,,2,80,,154976,2,,,2,40,,154974,2,,,1,80,,154973,2,,,2,80,,154977,2,,,2,40,,154975,2,,,1
