18602,'H54J000A-80-A',438,,62568,2,0,10,1,70,,62574,2,0,10,1,30,,62569,2,0,10,1,70,,62575,2,0,10,1,31,,62570,2,0,10,1,72,,62572,2,0,10,1,34,,62571,2,0,10,1,73,,62573,2,0,10,1,33,,62584,2,0,10,1,72,,62583,2,0,10,2,31,,62585,2,0,10,1,67,,62587,2,0,10,2,23,,62591,2,0,10,1,62,,62576,2,0,10,1,20,,62586,2,0,10,1,20,,62598,2,0,10,2,62,,62592,2,0,10,1,22,,62608,2,0,10,1,21,,62577,2,0,10,1,61,,62599,2,0,10,2,20,,62593,2,0,10,1,20,,62609,2,0,10,1,60,,62578,2,0,10,1,26,,62600,2,0,10,2,66,,62594,2,0,10,1,27,,62579,2,0,10,1,26,,62596,2,0,10,1,66,,62610,2,0,10,1,22,,62595,2,0,10,1,61,,62580,2,0,10,1,23,,62588,2,0,10,2,28,,62603,2,0,10,1,68,,62581,2,0,10,1,29,,62589,2,0,10,2,68,,62604,2,0,10,1,28,,62611,2,0,10,2,68,,62590,2,0,10,2,27,,62601,2,0,10,1,67,,62612,2,0,10,2,28,,62605,2,0,10,1,72,,62602,2,0,10,1,32,,62613,2,0,10,2,72,,62597,2,0,10,1,32,,62606,2,0,10,1,72,,62614,2,0,10,2,32,,62582,2,0,10,1,72,,62607,2,0,10,1
18602,'H54J000I-80-I',436,,62615,2,0,10,1,71,,62629,2,0,10,2,31,,62616,2,0,10,1,71,,62630,2,0,10,2,31,,62617,2,0,10,1,71,,62631,2,0,10,2,32,,62618,2,0,10,1,72,,62632,2,0,10,2,32,,62619,2,0,10,1,72,,62633,2,0,10,2,32,,62640,2,0,10,1,71,,62620,2,0,10,1,30,,62634,2,0,10,2,70,,62638,2,0,10,2,30,,62621,2,0,10,1,69,,62637,2,0,10,2,29,,62639,2,0,10,2,59,,62652,2,0,10,1,19,,62625,2,0,10,1,27,,62653,2,0,10,2,67,,62647,2,0,10,1,27,,62626,2,0,10,1,67,,62654,2,0,10,2,27,,62648,2,0,10,1,67,,62627,2,0,10,1,31,,62655,2,0,10,2,72,,62622,2,0,10,1,30,,62641,2,0,10,1,70,,62649,2,0,10,1,28,,62623,2,0,10,1,68,,62656,2,0,10,2,28,,62650,2,0,10,1,72,,62624,2,0,10,1,33,,62643,2,0,10,1,70,,62651,2,0,10,1,30,,62628,2,0,10,1,71,,62644,2,0,10,1,32,,62635,2,0,10,1,71,,62645,2,0,10,1,31,,62636,2,0,10,1,71,,62646,2,0,10,1,20,,62642,2,0,10,1
18602,'H54J000S-83-S',436,,62657,2,0,10,1,17,,62661,2,0,10,1,57,,62667,2,0,10,1,20,,62668,2,0,10,1,20,,62674,2,0,10,2,60,,62659,2,0,10,1,34,,62669,2,0,10,1,13,,62687,2,0,10,1,57,,62658,2,0,10,1,30,,62681,2,0,10,2,70,,62682,2,0,10,2,30,,62688,2,0,10,1,70,,62692,2,0,10,2,30,,62662,2,0,10,1,69,,62689,2,0,10,1,27,,62683,2,0,10,1,60,,62663,2,0,10,1,20,,62670,2,0,10,1,20,,62690,2,0,10,1,60,,62696,2,0,10,2,19,,62684,2,0,10,1,20,,62664,2,0,10,1,63,,62671,2,0,10,1,20,,62697,2,0,10,2,20,,62685,2,0,10,1,60,,62665,2,0,10,1,15,,62700,2,0,10,2,15,,62672,2,0,10,1,15,,62698,2,0,10,2,63,,62686,2,0,10,1,21,,62666,2,0,10,1,22,,62701,2,0,10,2,62,,62699,2,0,10,2,25,,62673,2,0,10,1,66,,62705,2,0,10,2,23,,62702,2,0,10,2,25,,62675,2,0,10,2,66,,62660,2,0,10,1,26,,62676,2,0,10,1,66,,62704,2,0,10,2,30,,62693,2,0,10,1,70,,62677,2,0,10,1,31,,62706,2,0,10,1,71,,62694,2,0,10,1,30,,62678,2,0,10,1,69,,62707,2,0,10,1,29,,62695,2,0,10,1,70,,62679,2,0,10,1,29,,62708,2,0,10,1,69,,62703,2,0,10,1,28,,62680,2,0,10,1
18602,'H54JV00A-80-A',438,,62750,2,0,10,1,70,,62713,2,0,10,1,30,,62751,2,0,10,1,70,,62714,2,0,10,1,31,,62752,2,0,10,1,72,,62721,2,0,10,1,34,,62753,2,0,10,1,73,,62722,2,0,10,1,33,,62716,2,0,10,1,72,,62754,2,0,10,2,31,,62717,2,0,10,1,67,,62720,2,0,10,2,23,,62731,2,0,10,1,62,,62715,2,0,10,1,20,,62718,2,0,10,1,20,,62723,2,0,10,2,62,,62732,2,0,10,1,22,,62710,2,0,10,1,21,,62740,2,0,10,1,61,,62724,2,0,10,2,20,,62733,2,0,10,1,20,,62711,2,0,10,1,60,,62741,2,0,10,1,26,,62725,2,0,10,2,66,,62734,2,0,10,1,27,,62742,2,0,10,1,26,,62709,2,0,10,1,66,,62712,2,0,10,1,22,,62735,2,0,10,1,61,,62743,2,0,10,1,23,,62745,2,0,10,2,28,,62726,2,0,10,1,68,,62744,2,0,10,1,29,,62746,2,0,10,2,68,,62727,2,0,10,1,28,,62736,2,0,10,2,68,,62747,2,0,10,2,27,,62748,2,0,10,1,67,,62737,2,0,10,2,28,,62728,2,0,10,1,72,,62749,2,0,10,1,32,,62738,2,0,10,2,72,,62755,2,0,10,1,32,,62729,2,0,10,1,72,,62739,2,0,10,2,32,,62719,2,0,10,1,72,,62730,2,0,10,1
18602,'H54JV00I-80-I',436,,62767,2,0,10,1,71,,62783,2,0,10,2,31,,62768,2,0,10,1,71,,62784,2,0,10,2,31,,62769,2,0,10,1,71,,62785,2,0,10,2,32,,62770,2,0,10,1,72,,62786,2,0,10,2,32,,62771,2,0,10,1,72,,62787,2,0,10,2,32,,62794,2,0,10,1,71,,62772,2,0,10,1,30,,62788,2,0,10,2,70,,62792,2,0,10,2,30,,62773,2,0,10,1,69,,62759,2,0,10,2,29,,62793,2,0,10,2,59,,62795,2,0,10,1,19,,62774,2,0,10,1,27,,62764,2,0,10,2,67,,62777,2,0,10,1,27,,62775,2,0,10,1,67,,62765,2,0,10,2,27,,62778,2,0,10,1,67,,62776,2,0,10,1,31,,62766,2,0,10,2,72,,62789,2,0,10,1,30,,62756,2,0,10,1,70,,62779,2,0,10,1,28,,62790,2,0,10,1,68,,62782,2,0,10,2,28,,62780,2,0,10,1,72,,62791,2,0,10,1,33,,62760,2,0,10,1,70,,62781,2,0,10,1,30,,62758,2,0,10,1,71,,62761,2,0,10,1,32,,62796,2,0,10,1,71,,62762,2,0,10,1,31,,62797,2,0,10,1,71,,62763,2,0,10,1,20,,62757,2,0,10,1
18602,'H54JV00S-80-S',436,,62798,2,0,10,1,17,,62803,2,0,10,1,57,,62804,2,0,10,1,20,,62807,2,0,10,1,20,,62809,2,0,10,2,60,,62801,2,0,10,1,34,,62808,2,0,10,1,13,,62823,2,0,10,1,57,,62800,2,0,10,1,30,,62812,2,0,10,2,70,,62799,2,0,10,1,30,,62824,2,0,10,1,70,,62811,2,0,10,2,30,,62805,2,0,10,1,69,,62825,2,0,10,1,27,,62814,2,0,10,1,60,,62819,2,0,10,1,20,,62806,2,0,10,1,20,,62826,2,0,10,1,60,,62830,2,0,10,2,19,,62815,2,0,10,1,20,,62820,2,0,10,1,63,,62827,2,0,10,1,20,,62831,2,0,10,2,20,,62816,2,0,10,1,60,,62821,2,0,10,1,15,,62834,2,0,10,2,15,,62828,2,0,10,1,15,,62832,2,0,10,2,63,,62817,2,0,10,1,21,,62822,2,0,10,1,22,,62835,2,0,10,2,62,,62833,2,0,10,2,25,,62818,2,0,10,1,66,,62829,2,0,10,1,23,,62836,2,0,10,2,25,,62810,2,0,10,2,66,,62802,2,0,10,1,26,,62838,2,0,10,1,66,,62843,2,0,10,1,30,,62844,2,0,10,1,70,,62839,2,0,10,1,31,,62849,2,0,10,1,71,,62845,2,0,10,1,30,,62840,2,0,10,1,69,,62847,2,0,10,1,29,,62846,2,0,10,1,70,,62841,2,0,10,1,29,,62848,2,0,10,1,69,,62837,2,0,10,1,28,,62842,2,0,10,1
18602,'H59J000S-81-S',630,,62850,2,0,10,2
18602,'H59JV00S-83-S',630,,62851,2,0,10,1
48602,'H54J000S-83-S',547,,81252,3,0,10,1,60,,81251,3,0,10,1,22,,81253,3,0,10,2,14,,81254,3,0,10,2,67,,81256,3,0,10,2,29,,81258,3,0,10,2,20,,81257,3,0,10,1,66,,81260,3,0,10,2,25,,81259,3,0,10,2,67,,81255,3,0,10,1
48602,'H54JV00S-80-S',547,,81264,3,0,10,1,60,,81261,3,0,10,1,22,,81265,3,0,10,2,14,,81266,3,0,10,2,67,,81267,3,0,10,2,29,,81269,3,0,10,2,20,,81268,3,0,10,1,66,,81262,3,0,10,2,25,,81270,3,0,10,1,67,,81263,3,0,10,1
48602,'H57J000S-81-S',656,,81271,3,0,10,1,68,,81272,3,0,10,2
48602,'H57JV00S-83-S',656,,81273,3,0,10,1,68,,81274,3,0,10,2
