10101,'H56J000S-80-S',544,,35216,23,0,5,1,71,,35230,23,0,5,2,33,,35211,23,0,5,1,70,,35210,23,0,5,2,31,,35217,23,0,5,1,71,,35219,23,0,5,1,31,,35212,23,0,5,1,69,,35232,23,0,5,1,29,,35218,23,0,5,1,70,,35220,23,0,5,1,30,,35213,23,0,5,1,69,,35224,23,0,5,2,30,,35207,23,0,5,1,73,,35221,23,0,5,2,31,,35214,23,0,5,1,73,,35225,23,0,5,2,31,,35208,23,0,5,1,70,,35222,23,0,5,2,32,,35215,23,0,5,1,72,,35226,23,0,5,2,70,,35209,23,0,5,1,28,,35223,23,0,5,2,26,,35227,23,0,5,1,66,,35231,23,0,5,2,32,,35228,23,0,5,1,69,,35229,23,0,5,2
10101,'H56JV00S-80-S',544,,35242,23,0,5,1,71,,35256,23,0,5,2,33,,35237,23,0,5,1,70,,35236,23,0,5,1,31,,35243,23,0,5,1,71,,35245,23,0,5,1,31,,35238,23,0,5,1,69,,35258,23,0,5,1,29,,35244,23,0,5,1,70,,35246,23,0,5,1,30,,35239,23,0,5,1,69,,35250,23,0,5,2,30,,35233,23,0,5,1,73,,35247,23,0,5,1,31,,35240,23,0,5,1,73,,35251,23,0,5,2,31,,35234,23,0,5,1,70,,35248,23,0,5,1,32,,35241,23,0,5,1,72,,35252,23,0,5,2,70,,35235,23,0,5,1,28,,35249,23,0,5,1,26,,35253,23,0,5,1,66,,35257,23,0,5,2,32,,35254,23,0,5,1,69,,35255,23,0,5,1
19501,'H56J000A-80-A',525,,65993,60,0,5,1,30,,65960,60,0,5,2,70,,65969,60,0,5,1,30,,65995,60,0,5,1,70,,65994,60,0,5,1,30,,65961,60,0,5,2,73,,65970,60,0,5,1,73,,65996,60,0,5,1,30,,65987,60,0,5,1,70,,65962,60,0,5,2,31,,65971,60,0,5,1,72,,65979,60,0,5,2,31,,65988,60,0,5,1,70,,65963,60,0,5,2,30,,65972,60,0,5,1,71,,65980,60,0,5,2,31,,65989,60,0,5,1,70,,65964,60,0,5,2,30,,65973,60,0,5,1,74,,65981,60,0,5,2,30,,65990,60,0,5,1,71,,65965,60,0,5,2,32,,65974,60,0,5,1,70,,65982,60,0,5,2,30,,65991,60,0,5,1,69,,65966,60,0,5,2,30,,65975,60,0,5,1,67,,65983,60,0,5,2,29,,65992,60,0,5,1,69,,65967,60,0,5,2,29,,65976,60,0,5,1,69,,65984,60,0,5,2,29,,65997,60,0,5,1,69,,65968,60,0,5,2,29,,65977,60,0,5,1,69,,65985,60,0,5,2,30,,65998,60,0,5,1,68,,66000,60,0,5,2,29,,65978,60,0,5,1,29,,65986,60,0,5,2,69,,66001,60,0,5,2,28,,65999,60,0,5,1
19501,'H56J000I-80-I',527,,66011,60,0,5,2,30,,66007,60,0,5,1,70,,66004,60,0,5,2,30,,66002,60,0,5,1,70,,66012,60,0,5,2,30,,66008,60,0,5,1,70,,66005,60,0,5,2,29,,66003,60,0,5,1,69,,66013,60,0,5,2,32,,66010,60,0,5,1,69,,66006,60,0,5,2,32,,66009,60,0,5,1,72,,66014,60,0,5,2,72,,66026,60,0,5,1,31,,66019,60,0,5,1,71,,66033,60,0,5,2,30,,66015,60,0,5,2,70,,66027,60,0,5,1,30,,66020,60,0,5,1,70,,66034,60,0,5,2,31,,66016,60,0,5,2,71,,66028,60,0,5,1,30,,66021,60,0,5,1,70,,66035,60,0,5,2,30,,66017,60,0,5,2,71,,66029,60,0,5,1,30,,66022,60,0,5,1,70,,66036,60,0,5,2,27,,66018,60,0,5,2,68,,66030,60,0,5,1,28,,66023,60,0,5,1,70,,66037,60,0,5,2,30,,66040,60,0,5,2,71,,66031,60,0,5,1,31,,66024,60,0,5,1,27,,66038,60,0,5,1,70,,66041,60,0,5,2,29,,66032,60,0,5,1,70,,66025,60,0,5,1,30,,66039,60,0,5,1,70,,66042,60,0,5,2
19501,'H56J000S-80-S',516,,66045,60,0,5,1,33,,66076,60,0,5,1,75,,66052,60,0,5,2,33,,66075,60,0,5,1,76,,66080,60,0,5,1,102,,66053,60,0,5,2,24,,66059,60,0,5,2,70,,66062,60,0,5,1,30,,66069,60,0,5,1,71,,66078,60,0,5,1,71,,66060,60,0,5,2,31,,66063,60,0,5,1,70,,66070,60,0,5,1,31,,66079,60,0,5,1,70,,66061,60,0,5,2,32,,66064,60,0,5,1,73,,66071,60,0,5,1,134,,66054,60,0,5,1,66,,66046,60,0,5,2,26,,66050,60,0,5,1,67,,66055,60,0,5,1,29,,66066,60,0,5,2,23,,66077,60,0,5,1,67,,66081,60,0,5,1,26,,66051,60,0,5,1,65,,66056,60,0,5,1,28,,66067,60,0,5,2,69,,66072,60,0,5,1,29,,66047,60,0,5,1,67,,66057,60,0,5,1,29,,66068,60,0,5,2,68,,66073,60,0,5,1,30,,66048,60,0,5,1,69,,66058,60,0,5,1,27,,66065,60,0,5,1,28,,66074,60,0,5,1,68,,66049,60,0,5,1,33,,66044,60,0,5,2,74,,66043,60,0,5,1
19501,'H56JV00A-80-A',525,,66115,60,0,5,1,30,,66082,60,0,5,2,70,,66091,60,0,5,1,30,,66117,60,0,5,1,70,,66116,60,0,5,1,30,,66083,60,0,5,2,73,,66092,60,0,5,1,73,,66118,60,0,5,1,30,,66109,60,0,5,1,70,,66084,60,0,5,2,31,,66093,60,0,5,1,72,,66101,60,0,5,2,31,,66110,60,0,5,1,70,,66085,60,0,5,2,30,,66094,60,0,5,1,71,,66102,60,0,5,2,31,,66111,60,0,5,1,70,,66086,60,0,5,2,30,,66095,60,0,5,1,74,,66103,60,0,5,2,30,,66112,60,0,5,1,71,,66087,60,0,5,2,32,,66096,60,0,5,1,70,,66104,60,0,5,2,30,,66113,60,0,5,1,69,,66088,60,0,5,2,30,,66097,60,0,5,1,67,,66105,60,0,5,2,29,,66114,60,0,5,1,69,,66089,60,0,5,2,29,,66098,60,0,5,1,69,,66106,60,0,5,2,29,,66119,60,0,5,1,69,,66090,60,0,5,2,29,,66099,60,0,5,1,69,,66107,60,0,5,2,30,,66120,60,0,5,1,68,,66122,60,0,5,2,29,,66100,60,0,5,1,29,,66108,60,0,5,2,69,,66123,60,0,5,2,28,,66121,60,0,5,1
19501,'H56JV00I-80-I',527,,66133,60,0,5,2,30,,66129,60,0,5,1,70,,66126,60,0,5,2,30,,66124,60,0,5,1,70,,66134,60,0,5,2,30,,66130,60,0,5,1,70,,66127,60,0,5,2,29,,66125,60,0,5,1,69,,66135,60,0,5,2,32,,66132,60,0,5,1,69,,66128,60,0,5,2,32,,66131,60,0,5,1,72,,66136,60,0,5,2,72,,66148,60,0,5,1,31,,66141,60,0,5,1,71,,66155,60,0,5,2,30,,66137,60,0,5,2,70,,66149,60,0,5,1,30,,66142,60,0,5,1,70,,66156,60,0,5,2,31,,66138,60,0,5,2,71,,66150,60,0,5,1,30,,66143,60,0,5,1,70,,66157,60,0,5,2,30,,66139,60,0,5,2,71,,66151,60,0,5,1,30,,66144,60,0,5,1,70,,66158,60,0,5,2,27,,66140,60,0,5,2,68,,66152,60,0,5,1,28,,66145,60,0,5,1,70,,66159,60,0,5,2,30,,66162,60,0,5,2,71,,66153,60,0,5,1,31,,66146,60,0,5,1,27,,66160,60,0,5,1,70,,66163,60,0,5,2,29,,66154,60,0,5,1,70,,66147,60,0,5,1,30,,66161,60,0,5,1,70,,66164,60,0,5,2
19501,'H56JV00S-80-S',516,,66167,60,0,5,1,33,,66198,60,0,5,1,75,,66174,60,0,5,2,33,,66197,60,0,5,1,76,,66202,60,0,5,1,102,,66175,60,0,5,2,24,,66181,60,0,5,2,70,,66184,60,0,5,1,30,,66191,60,0,5,1,71,,66200,60,0,5,1,71,,66182,60,0,5,2,31,,66185,60,0,5,1,70,,66192,60,0,5,1,31,,66201,60,0,5,1,70,,66183,60,0,5,2,32,,66186,60,0,5,1,73,,66193,60,0,5,1,134,,66176,60,0,5,1,66,,66168,60,0,5,2,26,,66172,60,0,5,1,67,,66177,60,0,5,1,29,,66188,60,0,5,2,23,,66199,60,0,5,1,67,,66203,60,0,5,1,26,,66173,60,0,5,1,65,,66178,60,0,5,1,28,,66189,60,0,5,2,69,,66194,60,0,5,1,29,,66169,60,0,5,1,67,,66179,60,0,5,1,29,,66190,60,0,5,2,68,,66195,60,0,5,1,30,,66170,60,0,5,1,69,,66180,60,0,5,1,27,,66187,60,0,5,1,28,,66196,60,0,5,1,68,,66171,60,0,5,1,33,,66166,60,0,5,1,74,,66165,60,0,5,1
19501,'H58J000S-81-S',808,,66204,60,0,5,2,631,,66205,60,0,5,2
19501,'H58J000S-83-S',808,,66206,60,0,5,2,631,,66207,60,0,5,2
19501,'H58JV00S-82-S',808,,66208,60,0,5,2,631,,66209,60,0,5,2
19501,'H60J000S-98-S',1513,,66210,60,0,5,1
19501,'H60JV00S-98-S',1513,,66211,60,0,5,1
