18501,'H54J000S-83-S',926,,61772,12,0,5,1
18501,'H54JV00S-80-S',926,,61773,12,0,5,1
18501,'H59J000A-80-A',603,,61779,12,0,5,1,26,,61792,12,0,5,1,71,,61796,12,0,5,1,29,,61800,12,0,5,1,29,,61793,12,0,5,1,70,,61797,12,0,5,1,31,,61801,12,0,5,1,71,,61794,12,0,5,1,71,,61798,12,0,5,1,31,,61802,12,0,5,1,73,,61795,12,0,5,1,31,,61799,12,0,5,1,73,,61803,12,0,5,1,34,,61789,12,0,5,1,73,,61781,12,0,5,1,32,,61811,12,0,5,2,71,,61804,12,0,5,1,31,,61790,12,0,5,1,70,,61782,12,0,5,1,30,,61812,12,0,5,2,70,,61805,12,0,5,1,30,,61791,12,0,5,1,70,,61783,12,0,5,1,30,,61780,12,0,5,1,70,,61806,12,0,5,1,31,,61774,12,0,5,1,72,,61784,12,0,5,1,30,,61807,12,0,5,1,71,,61775,12,0,5,1,31,,61785,12,0,5,1,70,,61808,12,0,5,1,31,,61776,12,0,5,1,70,,61786,12,0,5,1,30,,61809,12,0,5,1,69,,61777,12,0,5,1,29,,61787,12,0,5,1,69,,61810,12,0,5,1,29,,61778,12,0,5,1,65,,61788,12,0,5,1
18501,'H59J000I-80-I',602,,61813,12,0,5,1,31,,61825,12,0,5,1,70,,61831,12,0,5,1,33,,61814,12,0,5,1,74,,61826,12,0,5,1,31,,61832,12,0,5,1,71,,61815,12,0,5,1,31,,61827,12,0,5,1,73,,61833,12,0,5,1,34,,61816,12,0,5,1,73,,61828,12,0,5,1,31,,61834,12,0,5,1,74,,61817,12,0,5,1,73,,61829,12,0,5,1,33,,61835,12,0,5,1,73,,61844,12,0,5,2,32,,61818,12,0,5,1,73,,61830,12,0,5,1,32,,61836,12,0,5,1,71,,61845,12,0,5,2,29,,61819,12,0,5,1,69,,61838,12,0,5,1,29,,61837,12,0,5,1,69,,61846,12,0,5,2,29,,61820,12,0,5,1,70,,61839,12,0,5,1,30,,61847,12,0,5,2,69,,61821,12,0,5,1,30,,61840,12,0,5,1,69,,61848,12,0,5,2,30,,61822,12,0,5,1,69,,61841,12,0,5,1,28,,61849,12,0,5,2,67,,61823,12,0,5,1,28,,61842,12,0,5,1,28,,61850,12,0,5,2,66,,61824,12,0,5,1,28,,61843,12,0,5,1,67,,61851,12,0,5,2
18501,'H59J000S-81-S',608,,61865,12,0,5,1,31,,61863,12,0,5,1,75,,61864,12,0,5,1,35,,61866,12,0,5,1,72,,61852,12,0,5,1,32,,61877,12,0,5,1,103,,61867,12,0,5,1,70,,61853,12,0,5,1,30,,61878,12,0,5,1,70,,61881,12,0,5,1,29,,61868,12,0,5,1,69,,61854,12,0,5,1,27,,61879,12,0,5,1,67,,61882,12,0,5,1,28,,61869,12,0,5,1,68,,61855,12,0,5,1,27,,61880,12,0,5,1,63,,61883,12,0,5,1,19,,61891,12,0,5,2,25,,61870,12,0,5,1,64,,61856,12,0,5,1,22,,61857,12,0,5,1,20,,61892,12,0,5,2,61,,61884,12,0,5,1,28,,61889,12,0,5,2,67,,61871,12,0,5,1,27,,61858,12,0,5,1,67,,61885,12,0,5,1,26,,61890,12,0,5,2,25,,61872,12,0,5,1,70,,61859,12,0,5,1,30,,61886,12,0,5,1,71,,61873,12,0,5,1,30,,61860,12,0,5,1,70,,61887,12,0,5,1,28,,61874,12,0,5,1,68,,61861,12,0,5,1,29,,61888,12,0,5,1,68,,61875,12,0,5,1,29,,61862,12,0,5,1,70,,61876,12,0,5,1
18501,'H59JV00A-80-A',603,,61894,12,0,5,1,26,,61903,12,0,5,1,71,,61926,12,0,5,1,29,,61912,12,0,5,1,29,,61904,12,0,5,1,70,,61927,12,0,5,1,31,,61913,12,0,5,1,71,,61905,12,0,5,1,71,,61928,12,0,5,1,31,,61914,12,0,5,1,73,,61906,12,0,5,1,31,,61929,12,0,5,1,73,,61915,12,0,5,1,34,,61900,12,0,5,1,73,,61918,12,0,5,1,32,,61930,12,0,5,2,71,,61916,12,0,5,1,31,,61901,12,0,5,1,70,,61919,12,0,5,1,30,,61931,12,0,5,2,70,,61917,12,0,5,1,30,,61902,12,0,5,1,70,,61920,12,0,5,1,30,,61893,12,0,5,1,70,,61907,12,0,5,1,31,,61895,12,0,5,1,72,,61921,12,0,5,1,30,,61908,12,0,5,1,71,,61896,12,0,5,1,31,,61922,12,0,5,1,70,,61909,12,0,5,1,31,,61897,12,0,5,1,70,,61923,12,0,5,1,30,,61910,12,0,5,1,69,,61898,12,0,5,1,29,,61924,12,0,5,1,69,,61911,12,0,5,1,29,,61899,12,0,5,1,65,,61925,12,0,5,1
18501,'H59JV00I-80-I',602,,61938,12,0,5,1,31,,61965,12,0,5,1,70,,61958,12,0,5,1,33,,61939,12,0,5,1,74,,61966,12,0,5,1,31,,61959,12,0,5,1,71,,61940,12,0,5,1,31,,61967,12,0,5,1,73,,61960,12,0,5,1,34,,61941,12,0,5,1,73,,61968,12,0,5,1,31,,61961,12,0,5,1,74,,61942,12,0,5,1,73,,61969,12,0,5,1,33,,61962,12,0,5,1,73,,61950,12,0,5,2,32,,61943,12,0,5,1,73,,61970,12,0,5,1,32,,61963,12,0,5,1,71,,61951,12,0,5,2,29,,61944,12,0,5,1,69,,61932,12,0,5,1,29,,61964,12,0,5,1,69,,61952,12,0,5,2,29,,61945,12,0,5,1,70,,61933,12,0,5,1,30,,61953,12,0,5,2,69,,61946,12,0,5,1,30,,61934,12,0,5,1,69,,61954,12,0,5,2,30,,61947,12,0,5,1,69,,61935,12,0,5,1,28,,61955,12,0,5,2,67,,61948,12,0,5,1,28,,61936,12,0,5,1,28,,61956,12,0,5,2,66,,61949,12,0,5,1,28,,61937,12,0,5,1,67,,61957,12,0,5,2
18501,'H59JV00S-83-S',608,,62006,12,0,5,1,31,,61982,12,0,5,1,75,,61981,12,0,5,1,35,,62007,12,0,5,1,72,,61999,12,0,5,1,32,,61983,12,0,5,1,103,,62008,12,0,5,1,70,,62000,12,0,5,1,30,,61984,12,0,5,1,70,,61971,12,0,5,1,29,,62009,12,0,5,1,69,,62001,12,0,5,1,27,,61985,12,0,5,1,67,,61972,12,0,5,1,28,,62010,12,0,5,1,68,,62002,12,0,5,1,27,,61986,12,0,5,1,63,,61987,12,0,5,1,19,,61979,12,0,5,2,25,,62011,12,0,5,1,64,,62003,12,0,5,1,22,,61993,12,0,5,1,20,,61980,12,0,5,2,61,,61988,12,0,5,1,28,,62004,12,0,5,2,67,,61973,12,0,5,1,27,,61994,12,0,5,1,67,,61989,12,0,5,1,26,,62005,12,0,5,2,25,,61974,12,0,5,1,70,,61995,12,0,5,1,30,,61990,12,0,5,1,71,,61975,12,0,5,1,30,,61996,12,0,5,1,70,,61991,12,0,5,1,28,,61976,12,0,5,1,68,,61997,12,0,5,1,29,,61992,12,0,5,1,68,,61977,12,0,5,1,29,,61998,12,0,5,1,70,,61978,12,0,5,1
36401,'H54J000A-80-A',2609,,75375,33,0,5,1,47,,75378,33,0,5,1,71,,75377,33,0,5,1,10,,75376,33,0,5,1,85,,75380,33,0,5,1,84,,75379,33,0,5,1
36401,'H54J000I-80-I',2603,,75382,33,0,5,1,46,,75384,33,0,5,1,71,,75386,33,0,5,1,31,,75381,33,0,5,1,71,,75385,33,0,5,1,81,,75383,33,0,5,1
36401,'H54J000S-83-S',2606,,75389,33,0,5,2,44,,75388,33,0,5,1,84,,75391,33,0,5,2,84,,75387,33,0,5,1,85,,75390,33,0,5,2
36401,'H54JV00A-80-A',2609,,75392,33,0,5,1,47,,75395,33,0,5,1,71,,75393,33,0,5,1,10,,75396,33,0,5,1,85,,75397,33,0,5,1,84,,75394,33,0,5,1
36401,'H54JV00I-80-I',2603,,75401,33,0,5,1,46,,75400,33,0,5,1,71,,75402,33,0,5,1,31,,75399,33,0,5,1,71,,75403,33,0,5,1,81,,75398,33,0,5,1
36401,'H54JV00S-80-S',2606,,75406,33,0,5,2,44,,75405,33,0,5,1,84,,75408,33,0,5,1,84,,75404,33,0,5,1,85,,75407,33,0,5,2
