46002,'H56J000S-80-S',1908,,79493,17,0,10,1
46002,'H56JV00S-80-S',1908,,79495,17,0,10,1
46002,'H57J000S-81-S',536,,79496,18,0,10,1,5,,79497,18,0,10,1,10,,79498,18,0,10,1,52,,79499,18,0,10,1,2,,79502,9,0,10,2,4,,79500,18,0,10,2,4,,79501,18,0,10,1
46002,'H57JV00S-83-S',536,,79503,18,0,10,1,5,,79504,18,0,10,1,10,,79505,18,0,10,1,52,,79506,18,0,10,1,2,,79509,9,0,10,2,4,,79507,18,0,10,2,4,,79508,18,0,10,1
46002,'H58J000S-81-S',531,,79514,18,0,10,2,12,,79516,18,0,10,1,3,,79518,18,0,10,1,54,,79521,18,0,10,1,6,,79523,18,0,10,2,11,,79527,18,0,10,2,7,,79530,18,0,10,2,3,,79537,9,0,10,2,6,,79533,18,0,10,2,10,,79532,18,0,10,2,4,,79511,18,0,10,2,5,,79512,18,0,10,2,6,,79540,9,0,10,2,44,,79520,18,0,10,2,6,,79517,18,0,10,2,5,,79515,18,0,10,1,3,,79539,18,0,10,2,3,,79510,18,0,10,2,3,,79513,18,0,10,2,6,,79519,18,0,10,2,3,,79525,9,0,10,2,3,,79524,18,0,10,2,3,,79536,9,0,10,2,6,,79534,18,0,10,2,4,,79543,9,0,10,1,3,,79526,18,0,10,2,5,,79535,9,0,10,2,47,,79542,18,0,10,2,10,,79529,18,0,10,2,17,,79544,18,0,10,1,19,,79538,18,0,10,2,65,,79528,18,0,10,2,25,,79546,18,0,10,2,62,,79545,18,0,10,2,544,,79548,17,0,10,2,68,,79522,17,0,10,1,32,,79550,17,0,10,2,71,,79547,17,0,10,1,31,,79551,17,0,10,2,66,,79552,17,0,10,2,26,,79553,17,0,10,1,99,,79549,17,0,10,2
46002,'H58J000S-83-S',531,,79558,18,0,10,2,12,,79560,18,0,10,1,3,,79562,18,0,10,1,54,,79565,18,0,10,1,6,,79567,18,0,10,2,11,,79571,18,0,10,2,7,,79574,18,0,10,2,3,,79581,9,0,10,2,6,,79577,18,0,10,2,10,,79576,18,0,10,2,4,,79555,18,0,10,2,5,,79556,18,0,10,2,6,,79584,9,0,10,2,44,,79564,18,0,10,2,6,,79561,18,0,10,2,5,,79559,18,0,10,1,3,,79583,18,0,10,2,3,,79554,18,0,10,2,3,,79557,18,0,10,2,6,,79563,18,0,10,2,3,,79569,9,0,10,2,3,,79568,18,0,10,2,3,,79580,9,0,10,2,6,,79578,18,0,10,2,4,,79587,9,0,10,1,3,,79570,18,0,10,2,5,,79579,9,0,10,2,47,,79586,18,0,10,2,10,,79573,18,0,10,2,17,,79588,18,0,10,1,19,,79582,18,0,10,2,65,,79572,18,0,10,2,25,,79590,18,0,10,2,62,,79589,18,0,10,2,544,,79592,17,0,10,2,68,,79566,17,0,10,1,32,,79594,17,0,10,2,71,,79591,17,0,10,1,31,,79595,17,0,10,2,66,,79596,17,0,10,2,26,,79597,17,0,10,1,99,,79593,17,0,10,2
46002,'H58JV00S-82-S',531,,79602,18,0,10,2,12,,79604,18,0,10,1,3,,79606,18,0,10,1,54,,79609,18,0,10,1,6,,79611,18,0,10,2,11,,79615,18,0,10,2,7,,79618,18,0,10,1,3,,79625,9,0,10,2,6,,79621,18,0,10,2,10,,79620,18,0,10,2,4,,79599,18,0,10,2,5,,79600,18,0,10,2,6,,79628,9,0,10,2,44,,79608,18,0,10,2,6,,79605,18,0,10,2,5,,79603,18,0,10,1,3,,79627,18,0,10,2,3,,79598,18,0,10,1,3,,79601,18,0,10,2,6,,79607,18,0,10,2,3,,79613,9,0,10,2,3,,79612,18,0,10,2,3,,79624,9,0,10,2,6,,79622,18,0,10,2,4,,79631,9,0,10,1,3,,79614,18,0,10,2,5,,79623,9,0,10,2,47,,79630,18,0,10,2,10,,79617,18,0,10,2,17,,79632,18,0,10,1,19,,79626,18,0,10,2,65,,79616,18,0,10,2,25,,79634,18,0,10,2,62,,79633,18,0,10,2,544,,79636,17,0,10,1,68,,79610,17,0,10,1,32,,79638,17,0,10,2,71,,79635,17,0,10,1,31,,79639,17,0,10,2,66,,79640,17,0,10,2,26,,79641,17,0,10,1,99,,79637,17,0,10,2
46002,'H59J000S-81-S',556,,79642,18,0,10,1
46002,'H59JV00S-83-S',556,,79643,18,0,10,1
46002,'H60J000S-98-S',818,,79644,9,0,10,2
46002,'H60JV00S-98-S',818,,79646,9,0,10,2
