1703,'H56M000S-80-S',602,,178846,31,0,8,1
1703,'H60M000A-82-A',514,,178847,31,0,8,1,86,,178859,31,0,8,1,35,,178848,31,0,8,1,84,,178860,31,0,8,1,37,,178849,31,0,8,1,85,,178861,31,0,8,1,87,,178850,31,0,8,1,85,,178862,31,0,8,1,39,,178868,31,0,8,1,85,,178851,31,0,8,1,84,,178863,31,0,8,1,83,,178869,31,0,8,1,41,,178852,31,0,8,1,82,,178864,31,0,8,1,81,,178870,31,0,8,1,41,,178853,31,0,8,1,80,,178865,31,0,8,1,80,,178871,31,0,8,1,39,,178854,31,0,8,1,76,,178866,31,0,8,1,78,,178872,31,0,8,1,38,,178855,31,0,8,1,75,,178867,31,0,8,1,33,,178873,31,0,8,1,85,,178856,31,0,8,1,81,,178874,31,0,8,1,43,,178857,31,0,8,1,81,,178875,31,0,8,1,82,,178858,31,0,8,1,81,,178876,31,0,8,1
1703,'H60M000I-81-I',520,,178906,31,0,8,1,30,,178885,31,0,8,1,74,,178877,31,0,8,1,84,,178886,31,0,8,1,35,,178878,31,0,8,1,84,,178887,31,0,8,1,80,,178879,31,0,8,1,45,,178888,31,0,8,1,83,,178880,31,0,8,1,85,,178889,31,0,8,1,85,,178881,31,0,8,1,36,,178898,31,0,8,1,80,,178890,31,0,8,1,80,,178882,31,0,8,1,40,,178899,31,0,8,1,80,,178891,31,0,8,1,80,,178883,31,0,8,1,41,,178900,31,0,8,1,82,,178892,31,0,8,1,82,,178884,31,0,8,1,38,,178901,31,0,8,1,84,,178893,31,0,8,1,83,,178902,31,0,8,1,44,,178894,31,0,8,1,81,,178903,31,0,8,1,83,,178895,31,0,8,1,82,,178904,31,0,8,1,42,,178896,31,0,8,1,80,,178905,31,0,8,1,82,,178897,31,0,8,1
1703,'H60M000S-80-S',516,,178912,31,0,8,1,16,,178911,14,0,8,1,5,,178907,31,0,8,1,10,,178908,31,0,8,1,72,,178922,31,0,8,1,34,,178913,31,0,8,1,79,,178909,31,0,8,1,75,,178923,31,0,8,1,33,,178933,31,0,8,1,73,,178914,31,0,8,1,33,,178910,31,0,8,1,70,,178924,31,0,8,1,35,,178934,31,0,8,1,75,,178915,31,0,8,1,75,,178925,31,0,8,1,38,,178935,31,0,8,1,77,,178916,31,0,8,1,37,,178926,31,0,8,1,78,,178939,31,0,8,1,72,,178936,31,0,8,1,29,,178917,31,0,8,1,72,,178927,31,0,8,1,33,,178940,31,0,8,1,72,,178937,31,0,8,1,29,,178918,31,0,8,1,69,,178928,31,0,8,1,32,,178941,31,0,8,1,67,,178938,31,0,8,1,24,,178919,31,0,8,1,29,,178929,31,0,8,1,70,,178942,31,0,8,1,30,,178920,31,0,8,1,71,,178930,31,0,8,1,70,,178943,31,0,8,1,30,,178921,31,0,8,1,72,,178931,31,0,8,1,37,,178944,31,0,8,1,84,,178932,31,0,8,1,36,,178945,31,0,8,1
36802,'H57M000A-80-A',2640,,214743,68,0,10,1,61,,214741,68,0,10,1,19,,214746,68,0,10,1,29,,214744,68,0,10,1,70,,214742,68,0,10,1,34,,214747,68,0,10,1,83,,214745,68,0,10,1
36802,'H57M000I-80-I',2633,,214749,68,0,10,1,86,,214751,68,0,10,1,85,,214748,68,0,10,1,49,,214750,68,0,10,1,87,,214752,68,0,10,1
36802,'H57M000S-80-S',2636,,214753,68,0,10,1,81,,214754,68,0,10,1,93,,214756,68,0,10,1,103,,214755,68,0,10,1,32,,214757,68,0,10,2
37103,'H50M000A-81-A',2558,,214844,37,0,8,2,71,,214840,37,0,8,1,27,,214842,37,0,8,1,71,,214846,37,0,8,1,30,,214845,37,0,8,2,70,,214841,37,0,8,1,29,,214843,37,0,8,1
37103,'H50M000I-81-I',2556,,214847,37,0,8,1,69,,214849,37,0,8,1,31,,214852,37,0,8,1,70,,214851,37,0,8,1,31,,214848,37,0,8,1,71,,214850,37,0,8,1,31,,214853,37,0,8,1
37103,'H50M000S-81-S',2557,,214856,37,0,8,1,70,,214854,37,0,8,1,30,,214859,37,0,8,2,68,,214858,37,0,8,2,31,,214857,37,0,8,1,72,,214855,37,0,8,1,30,,214860,37,0,8,2
38202,'H60M000A-82-A',2547,,215017,6,0,10,1,85,,215015,6,0,10,1,85,,215018,6,0,10,1,85,,215016,6,0,10,2
38202,'H60M000I-81-I',2547,,215020,6,0,10,1,85,,215019,6,0,10,1,85,,215021,6,0,10,1,85,,215022,6,0,10,1
38202,'H60M000S-80-S',2547,,215023,6,0,10,1,85,,215025,6,0,10,1,85,,215026,6,0,10,2,85,,215024,6,0,10,1
