3104,'H51M000A-70-A',513,,94171,10,0,9,1,32,,94185,10,0,9,2,72,,94172,10,0,9,1,30,,94186,10,0,9,2,70,,94173,10,0,9,1,30,,94187,10,0,9,2,72,,94174,10,0,9,1,30,,94188,10,0,9,2,70,,94175,10,0,9,1,30,,94189,10,0,9,2,70,,94176,10,0,9,1,32,,94190,10,0,9,2,72,,94177,10,0,9,1,33,,94191,10,0,9,2,72,,94178,10,0,9,1,73,,94192,10,0,9,2,32,,94179,10,0,9,1,73,,94193,10,0,9,2,32,,94180,10,0,9,1,73,,94194,10,0,9,2,33,,94181,10,0,9,1,73,,94195,10,0,9,2,33,,94182,10,0,9,1,72,,94196,10,0,9,2,32,,94183,10,0,9,1,71,,94197,10,0,9,2,30,,94184,10,0,9,1,68,,94198,10,0,9,2
3104,'H51M000I-70-I',513,,94199,10,0,9,2,33,,94208,10,0,9,1,73,,94200,10,0,9,2,33,,94209,10,0,9,1,70,,94201,10,0,9,2,30,,94210,10,0,9,1,70,,94202,10,0,9,2,31,,94211,10,0,9,1,70,,94203,10,0,9,2,30,,94212,10,0,9,1,70,,94204,10,0,9,2,30,,94213,10,0,9,1,70,,94205,10,0,9,2,30,,94214,10,0,9,1,70,,94206,10,0,9,2,30,,94215,10,0,9,1,70,,94207,10,0,9,2,30,,94216,10,0,9,1,70,,94221,10,0,9,1,30,,94217,10,0,9,1,70,,94222,10,0,9,1,30,,94218,10,0,9,1,70,,94223,10,0,9,1,30,,94219,10,0,9,1,70,,94224,10,0,9,1,30,,94220,10,0,9,1,70,,94225,10,0,9,1,30,,94227,10,0,9,2,70,,94226,10,0,9,1
3104,'H51M000S-70-S',513,,94234,10,0,9,1,28,,94243,10,0,9,1,70,,94235,10,0,9,1,32,,94249,10,0,9,2,76,,94236,10,0,9,1,34,,94250,10,0,9,2,75,,94237,10,0,9,1,73,,94228,10,0,9,1,31,,94238,10,0,9,1,71,,94229,10,0,9,1,31,,94239,10,0,9,1,71,,94230,10,0,9,1,31,,94240,10,0,9,1,73,,94231,10,0,9,1,27,,94241,10,0,9,1,67,,94257,10,0,9,1,27,,94232,10,0,9,1,27,,94242,10,0,9,1,68,,94258,10,0,9,1,33,,94233,10,0,9,1,73,,94259,10,0,9,1,26,,94265,10,0,9,2,74,,94263,10,0,9,2,73,,94260,10,0,9,1,33,,94266,10,0,9,2,103,,94267,10,0,9,1,73,,94264,10,0,9,2,33,,94244,10,0,9,1,73,,94251,10,0,9,1,30,,94245,10,0,9,1,67,,94252,10,0,9,1,28,,94246,10,0,9,1,67,,94253,10,0,9,1,28,,94247,10,0,9,1,68,,94254,10,0,9,1,28,,94248,10,0,9,1,67,,94255,10,0,9,1,27,,94261,10,0,9,2,27,,94256,10,0,9,1,72,,94262,10,0,9,2
3104,'H51M100F-70-F1',513,,94268,10,0,9,2,33,,94277,10,0,9,1,73,,94269,10,0,9,2,33,,94278,10,0,9,1,70,,94270,10,0,9,2,30,,94279,10,0,9,1,70,,94271,10,0,9,2,31,,94280,10,0,9,1,70,,94272,10,0,9,2,30,,94281,10,0,9,1,70,,94273,10,0,9,2,30,,94282,10,0,9,1,70,,94274,10,0,9,2,30,,94283,10,0,9,1,70,,94275,10,0,9,2,30,,94284,10,0,9,1,70,,94276,10,0,9,2,30,,94285,10,0,9,1,70,,94290,10,0,9,1,30,,94287,10,0,9,1,70,,94291,10,0,9,1,30,,94286,10,0,9,1,70,,94292,10,0,9,1,30,,94288,10,0,9,1,70,,94293,10,0,9,1,30,,94289,10,0,9,1,70,,94294,10,0,9,1,30,,94296,10,0,9,2,70,,94295,10,0,9,1
3104,'H51M200F-70-F2',513,,94297,10,0,9,2,33,,94306,10,0,9,1,73,,94298,10,0,9,2,33,,94307,10,0,9,1,70,,94299,10,0,9,2,30,,94308,10,0,9,1,70,,94300,10,0,9,2,31,,94309,10,0,9,1,70,,94301,10,0,9,2,30,,94310,10,0,9,1,70,,94302,10,0,9,2,30,,94311,10,0,9,1,70,,94303,10,0,9,2,30,,94312,10,0,9,1,70,,94304,10,0,9,2,30,,94313,10,0,9,1,70,,94305,10,0,9,2,30,,94314,10,0,9,1,70,,94319,10,0,9,1,30,,94315,10,0,9,1,70,,94320,10,0,9,1,30,,94316,10,0,9,1,70,,94321,10,0,9,1,30,,94317,10,0,9,1,70,,94322,10,0,9,1,30,,94318,10,0,9,1,70,,94323,10,0,9,1,30,,94325,10,0,9,2,70,,94324,10,0,9,1
3104,'H51M300F-70-F3',513,,94326,10,0,9,2,33,,94335,10,0,9,1,73,,94327,10,0,9,2,33,,94336,10,0,9,1,70,,94328,10,0,9,2,30,,94337,10,0,9,1,70,,94329,10,0,9,2,31,,94339,10,0,9,1,70,,94330,10,0,9,2,30,,94338,10,0,9,1,70,,94331,10,0,9,2,30,,94340,10,0,9,1,70,,94332,10,0,9,2,30,,94341,10,0,9,1,70,,94333,10,0,9,2,30,,94342,10,0,9,1,70,,94334,10,0,9,2,30,,94343,10,0,9,1,70,,94348,10,0,9,1,30,,94344,10,0,9,1,70,,94349,10,0,9,1,30,,94345,10,0,9,1,70,,94350,10,0,9,1,30,,94346,10,0,9,1,70,,94351,10,0,9,1,30,,94347,10,0,9,1,70,,94352,10,0,9,1,30,,94354,10,0,9,2,70,,94353,10,0,9,1
3104,'H54M000S-70-S',1810,,94355,10,0,9,1
36104,'H51M000A-70-A',2421,,154649,9,0,9,2,85,,154642,9,0,9,1,45,,154645,9,0,9,1,70,,154644,9,0,9,1,30,,154643,9,0,9,1,70,,154648,9,0,9,1,30,,154647,9,0,9,1,68,,154646,9,0,9,1
36104,'H51M000I-70-I',2435,,154654,9,0,9,2,70,,154650,9,0,9,1,30,,154651,9,0,9,1,83,,154655,9,0,9,2,85,,154652,9,0,9,1,45,,154656,9,0,9,2,85,,154653,9,0,9,1
36104,'H51M000S-70-S',2429,,154661,9,0,9,2,77,,154657,9,0,9,1,35,,154660,9,0,9,1,60,,154658,9,0,9,1,20,,154662,9,0,9,2,21,,154663,9,0,9,2,72,,154665,9,0,9,2,33,,154659,9,0,9,1,86,,154664,9,0,9,2
36104,'H51M100F-70-F1',2435,,154670,9,0,9,2,70,,154666,9,0,9,1,30,,154667,9,0,9,1,83,,154671,9,0,9,2,85,,154668,9,0,9,1,45,,154672,9,0,9,2,85,,154669,9,0,9,1
36104,'H51M200F-70-F2',2435,,154677,9,0,9,2,70,,154673,9,0,9,1,30,,154674,9,0,9,1,83,,154678,9,0,9,2,85,,154675,9,0,9,1,45,,154679,9,0,9,2,85,,154676,9,0,9,1
36104,'H51M300F-70-F3',2435,,154684,9,0,9,2,70,,154680,9,0,9,1,30,,154681,9,0,9,1,83,,154685,9,0,9,2,85,,154682,9,0,9,1,45,,154686,9,0,9,2,85,,154683,9,0,9,1
