'25J-H54J000S-80-S',2701,93100,4,'',2
'25J-H54JV00S-80-S',2701,93100,4,'',2
'25J-H55J000S-81-S',2702,84400,,'',2,8000,,'',2
'25J-H55JV00S-80-S',2702,84400,,'',2,8000,,'',2
'25J-H57J000A-80-A',2701,55400,4,'',1,7800,4,'',1,7800,4,'',1,3800,4,'',1,7800,4,'',1,7900,4,'',1,4000,4,'',1,8000,4,'',1,8500,4,'',1,3400,4,'',1,6300,4,'',1,2300,4,'',1,2400,4,'',1,6400,4,'',1,2300,4,'',1,6400,4,'',1,2300,4,'',1,2400,4,'',1,6300,4,'',1,2400,4,'',1,6300,4,'',1,2300,4,'',1,2300,4,'',1,6300,4,'',1,2300,4,'',1,2300,4,'',1,6300,4,'',1,2300,4,'',1,6000,4,'',1,2300,4,'',1,2200,4,'',1,6200,4,'',1,4000,4,'',1,8000,4,'',1,8000,4,'',1,4000,4,'',1,7800,4,'',1,7700,4,'',1,3600,4,'',1,7600,4,'',1,3900,4,'',1
'25J-H57J000A-80-A',2702,55800,,'',1,7700,,'',1,7700,,'',1,3800,,'',1,7800,,'',1,7900,,'',1,4000,,'',1,8000,,'',1,3200,,'',1,6400,,'',1,2300,,'',1,6300,,'',1,2400,,'',1,2300,,'',1,6400,,'',1,2300,,'',1,6400,,'',1,2300,,'',1,2400,,'',1,6300,,'',1,2400,,'',1,6300,,'',1,2300,,'',1,2300,,'',1,6300,,'',1,2300,,'',1,2300,,'',1,6300,,'',1,2300,,'',1,6200,,'',1,2300,,'',1,8200,,'',1,4000,,'',1,8000,,'',1,8000,,'',1,4000,,'',1,7800,,'',1,7700,,'',1,3600,,'',1,7700,,'',1
'25J-H57J000I-81-I',2701,64600,4,'',1,7700,4,'',1,3600,4,'',1,7600,4,'',1,7800,4,'',1,4000,4,'',1,6000,4,'',1,2100,4,'',1,2000,4,'',1,6100,4,'',1,2000,4,'',1,2100,4,'',1,6000,4,'',1,2100,4,'',1,6600,4,'',1,2300,4,'',1,2300,4,'',1,6200,4,'',1,2300,4,'',1,2200,4,'',1,6300,4,'',1,2300,4,'',1,6300,4,'',1,2200,4,'',1,1400,4,'',1,1400,4,'',1,6100,4,'',1,2300,4,'',1,6200,4,'',1,2200,4,'',1,2100,4,'',1,6100,4,'',1,2100,4,'',1,2100,4,'',1,6100,4,'',1,2000,4,'',1,7900,4,'',1,3900,4,'',1,7900,4,'',1,7900,4,'',1,3900,4,'',1,7800,4,'',1,3600,4,'',1,7900,4,'',1
'25J-H57J000I-81-I',2702,64900,,'',1,7600,,'',1,7600,,'',1,3600,,'',1,7800,,'',1,1900,,'',1,2100,,'',1,6000,,'',1,2100,,'',1,2000,,'',1,6100,,'',1,2000,,'',1,2100,,'',1,6000,,'',1,2100,,'',1,1200,,'',1,5600,,'',1,2200,,'',1,2200,,'',1,6200,,'',1,2300,,'',1,2200,,'',1,6300,,'',1,2300,,'',1,6400,,'',1,2500,,'',1,2400,,'',1,6200,,'',1,2200,,'',1,6200,,'',1,2200,,'',1,2100,,'',1,6100,,'',1,2100,,'',1,2200,,'',1,8000,,'',1,7900,,'',1,3900,,'',1,7900,,'',1,7900,,'',1,3900,,'',1,7800,,'',1,7700,,'',1
'25J-H57J000S-83-S',2701,55400,4,'',1,6600,4,'',1,2700,4,'',1,6700,4,'',2,2000,4,'',1,6900,4,'',2,2900,4,'',1,7000,4,'',1,9800,4,'',1,2800,4,'',2,2400,4,'',1,6500,4,'',1,2300,4,'',1,6900,4,'',1,2600,4,'',1,6600,4,'',1,2600,4,'',1,2700,4,'',1,6400,4,'',1,2600,4,'',1,6500,4,'',1,2400,4,'',2,2500,4,'',2,5700,4,'',1,1500,4,'',2,1200,4,'',2,1200,4,'',1,5100,4,'',2,1100,4,'',1,1100,4,'',2,1300,4,'',1,800,4,'',2,5500,4,'',1,1500,4,'',1,2500,4,'',2,6500,4,'',1,2400,4,'',2,2300,4,'',1,6500,4,'',2,2700,4,'',1,6700,4,'',2,2700,4,'',1,6800,4,'',2,3000,4,'',1,6900,4,'',2,2700,4,'',1,6900,4,'',2,2900,4,'',1,2500,4,'',1,7600,4,'',1
'25J-H57J000S-83-S',2702,51600,,'',1,2000,,'',1,2100,,'',1,6100,,'',1,1400,,'',2,1700,,'',1,5400,,'',1,1300,,'',2,1100,,'',1,1000,,'',1,1500,,'',1,5400,,'',2,700,,'',1,1000,,'',1,1200,,'',1,6900,,'',1,3800,,'',2,6400,,'',1,2400,,'',2,2400,,'',1,6800,,'',1,2200,,'',1,6700,,'',1,2600,,'',1,6700,,'',1,2500,,'',1,2700,,'',1,6400,,'',1,2000,,'',2,6000,,'',1,1900,,'',1,2000,,'',2,6300,,'',2,2300,,'',1,1900,,'',2,6300,,'',2,2200,,'',1,2500,,'',2,6700,,'',1,2400,,'',2,6500,,'',1,2500,,'',2,6700,,'',1,2700,,'',2,2800,,'',1,7000,,'',2,3000,,'',1,7000,,'',2,3100,,'',1,8300,,'',1,8000,,'',2,7900,,'',1
'25J-H57JV00A-80-A',2701,55400,4,'',1,7800,4,'',1,7800,4,'',1,3800,4,'',1,7800,4,'',1,7900,4,'',1,4000,4,'',1,8000,4,'',1,8500,4,'',1,3400,4,'',1,6300,4,'',1,2300,4,'',1,2400,4,'',1,6400,4,'',1,2300,4,'',1,6400,4,'',1,2300,4,'',1,2400,4,'',1,6300,4,'',1,2400,4,'',1,6300,4,'',1,2300,4,'',1,2300,4,'',1,6300,4,'',1,2300,4,'',1,2300,4,'',1,6300,4,'',1,2300,4,'',1,6000,4,'',1,2300,4,'',1,2200,4,'',1,6200,4,'',1,4000,4,'',1,8000,4,'',1,8000,4,'',1,4000,4,'',1,7800,4,'',1,7700,4,'',1,3600,4,'',1,7600,4,'',1,3900,4,'',1
'25J-H57JV00A-80-A',2702,55800,,'',1,7700,,'',1,7700,,'',1,3800,,'',1,7800,,'',1,7900,,'',1,4000,,'',1,8000,,'',1,3200,,'',1,6400,,'',1,2300,,'',1,6300,,'',1,2400,,'',1,2300,,'',1,6400,,'',1,2300,,'',1,6400,,'',1,2300,,'',1,2400,,'',1,6300,,'',1,2400,,'',1,6300,,'',1,2300,,'',1,2300,,'',1,6300,,'',1,2300,,'',1,2300,,'',1,6300,,'',1,2300,,'',1,6200,,'',1,2300,,'',1,8200,,'',1,4000,,'',1,8000,,'',1,8000,,'',1,4000,,'',1,7800,,'',1,7700,,'',1,3600,,'',1,7700,,'',1
'25J-H57JV00I-80-I',2701,64600,4,'',1,7700,4,'',1,3600,4,'',1,7600,4,'',1,7800,4,'',1,4000,4,'',1,6000,4,'',1,2100,4,'',1,2000,4,'',1,6100,4,'',1,2000,4,'',1,2100,4,'',1,6000,4,'',1,2100,4,'',1,6600,4,'',1,2300,4,'',1,2300,4,'',1,6200,4,'',1,2300,4,'',1,2200,4,'',1,6300,4,'',1,2300,4,'',1,6300,4,'',1,2200,4,'',1,1400,4,'',1,1400,4,'',1,6100,4,'',1,2300,4,'',1,6200,4,'',1,2200,4,'',1,2100,4,'',1,6100,4,'',1,2100,4,'',1,2100,4,'',1,6100,4,'',1,2000,4,'',1,7900,4,'',1,3900,4,'',1,7900,4,'',1,7900,4,'',1,3900,4,'',1,7800,4,'',1,3600,4,'',1,7900,4,'',1
'25J-H57JV00I-80-I',2702,64900,,'',1,7600,,'',1,7600,,'',1,3600,,'',1,7800,,'',1,1900,,'',1,2100,,'',1,6000,,'',1,2100,,'',1,2000,,'',1,6100,,'',1,2000,,'',1,2100,,'',1,6000,,'',1,2100,,'',1,1200,,'',1,5600,,'',1,2200,,'',1,2200,,'',1,6200,,'',1,2300,,'',1,2200,,'',1,6300,,'',1,2300,,'',1,6400,,'',1,2500,,'',1,2400,,'',1,6200,,'',1,2200,,'',1,6200,,'',1,2200,,'',1,2100,,'',1,6100,,'',1,2100,,'',1,2200,,'',1,8000,,'',1,7900,,'',1,3900,,'',1,7900,,'',1,7900,,'',1,3900,,'',1,7800,,'',1,7700,,'',1
'25J-H57JV00S-84-S',2701,55400,4,'',1,6600,4,'',1,2700,4,'',1,6700,4,'',2,2000,4,'',1,6900,4,'',2,2900,4,'',1,7000,4,'',1,9800,4,'',1,2800,4,'',2,2400,4,'',1,6500,4,'',1,2300,4,'',1,6900,4,'',1,2600,4,'',1,6600,4,'',1,2600,4,'',1,2700,4,'',1,6400,4,'',1,2600,4,'',1,6500,4,'',1,2400,4,'',2,2500,4,'',2,5700,4,'',1,1500,4,'',2,1200,4,'',2,1200,4,'',1,5100,4,'',2,1100,4,'',1,1100,4,'',2,1300,4,'',1,800,4,'',2,5500,4,'',1,1500,4,'',1,2500,4,'',2,6500,4,'',1,2400,4,'',2,2300,4,'',1,6500,4,'',2,2700,4,'',1,6700,4,'',2,2700,4,'',1,6800,4,'',2,3000,4,'',1,6900,4,'',2,2700,4,'',1,6900,4,'',1,2900,4,'',1,2500,4,'',1,7600,4,'',1
'25J-H57JV00S-84-S',2702,51600,,'',1,2000,,'',1,2100,,'',1,6100,,'',1,1400,,'',2,1700,,'',1,5400,,'',1,1300,,'',2,1100,,'',1,1000,,'',1,1500,,'',1,5400,,'',2,700,,'',1,1000,,'',1,1200,,'',1,6900,,'',1,3800,,'',2,6400,,'',1,2400,,'',2,2400,,'',1,6800,,'',1,2200,,'',1,6700,,'',1,2600,,'',1,6700,,'',1,2500,,'',1,2700,,'',1,6400,,'',1,2000,,'',2,6000,,'',1,1900,,'',1,2000,,'',2,6300,,'',2,2300,,'',1,1900,,'',2,6300,,'',2,2200,,'',1,2500,,'',2,6700,,'',1,2400,,'',2,6500,,'',1,2500,,'',2,6700,,'',1,2700,,'',2,2800,,'',1,7000,,'',2,3000,,'',1,7000,,'',2,3100,,'',1,8300,,'',1,8000,,'',1,7900,,'',1
