19501,'H56J000A-80-A',520,,65993,53,0,5,1,30,,65960,53,0,5,2,70,,65969,53,0,5,1,30,,65995,53,0,5,1,70,,65994,53,0,5,1,30,,65961,53,0,5,2,73,,65970,53,0,5,1,33,,65996,53,0,5,1,70,,65987,53,0,5,1,30,,65962,53,0,5,2,71,,65971,53,0,5,1,32,,65979,53,0,5,2,71,,65988,53,0,5,1,70,,65963,53,0,5,2,30,,65972,53,0,5,1,71,,65980,53,0,5,2,31,,65989,53,0,5,1,70,,65964,53,0,5,2,30,,65973,53,0,5,1,74,,65981,53,0,5,2,30,,65990,53,0,5,1,71,,65965,53,0,5,2,32,,65974,53,0,5,1,70,,65982,53,0,5,2,30,,65991,53,0,5,1,69,,65966,53,0,5,2,30,,65975,53,0,5,1,67,,65983,53,0,5,2,29,,65992,53,0,5,1,69,,65967,53,0,5,2,29,,65976,53,0,5,1,69,,65984,53,0,5,2,29,,65997,53,0,5,1,29,,65968,53,0,5,2,69,,65977,53,0,5,1,29,,65985,53,0,5,2,70,,65998,53,0,5,1,28,,66000,53,0,5,2,69,,65978,53,0,5,1,29,,65986,53,0,5,2,69,,66001,53,0,5,2,28,,65999,53,0,5,1
19501,'H56J000I-80-I',522,,66011,53,0,5,2,30,,66007,53,0,5,1,70,,66004,53,0,5,2,30,,66002,53,0,5,1,70,,66012,53,0,5,2,30,,66008,53,0,5,1,70,,66005,53,0,5,2,29,,66003,53,0,5,1,69,,66013,53,0,5,2,32,,66010,53,0,5,1,69,,66006,53,0,5,2,32,,66009,53,0,5,1,72,,66014,53,0,5,2,32,,66026,53,0,5,1,71,,66019,53,0,5,1,31,,66033,53,0,5,2,70,,66015,53,0,5,2,30,,66027,53,0,5,1,70,,66020,53,0,5,1,30,,66034,53,0,5,2,71,,66016,53,0,5,2,71,,66028,53,0,5,1,30,,66021,53,0,5,1,70,,66035,53,0,5,2,30,,66017,53,0,5,2,71,,66029,53,0,5,1,30,,66022,53,0,5,1,70,,66036,53,0,5,2,27,,66018,53,0,5,2,28,,66030,53,0,5,1,68,,66023,53,0,5,1,30,,66037,53,0,5,2,70,,66040,53,0,5,2,31,,66031,53,0,5,1,71,,66024,53,0,5,1,28,,66038,53,0,5,1,70,,66041,53,0,5,2,29,,66032,53,0,5,1,70,,66025,53,0,5,1,30,,66039,53,0,5,1,70,,66042,53,0,5,2
19501,'H56J000S-80-S',512,,66045,53,0,5,1,32,,66076,53,0,5,1,75,,66052,53,0,5,2,33,,66075,53,0,5,1,76,,66080,53,0,5,1,102,,66053,53,0,5,2,24,,66059,53,0,5,2,70,,66062,53,0,5,1,30,,66069,53,0,5,1,71,,66078,53,0,5,1,31,,66060,53,0,5,2,71,,66063,53,0,5,1,30,,66070,53,0,5,1,71,,66079,53,0,5,1,30,,66061,53,0,5,2,72,,66064,53,0,5,1,73,,66071,53,0,5,1,133,,66054,53,0,5,1,66,,66046,53,0,5,2,26,,66050,53,0,5,1,27,,66055,53,0,5,1,69,,66066,53,0,5,2,23,,66077,53,0,5,1,67,,66081,53,0,5,1,26,,66051,53,0,5,1,65,,66056,53,0,5,1,29,,66067,53,0,5,2,69,,66072,53,0,5,1,29,,66047,53,0,5,1,27,,66057,53,0,5,1,69,,66068,53,0,5,2,28,,66073,53,0,5,1,70,,66048,53,0,5,1,29,,66058,53,0,5,1,67,,66065,53,0,5,1,28,,66074,53,0,5,1,68,,66049,53,0,5,1,33,,66044,53,0,5,2,74,,66043,53,0,5,1
19501,'H56JV00A-80-A',520,,66115,53,0,5,1,30,,66082,53,0,5,2,70,,66091,53,0,5,1,30,,66117,53,0,5,1,70,,66116,53,0,5,1,30,,66083,53,0,5,2,73,,66092,53,0,5,1,33,,66118,53,0,5,1,70,,66109,53,0,5,1,30,,66084,53,0,5,2,71,,66093,53,0,5,1,32,,66101,53,0,5,2,71,,66110,53,0,5,1,70,,66085,53,0,5,2,30,,66094,53,0,5,1,71,,66102,53,0,5,2,31,,66111,53,0,5,1,70,,66086,53,0,5,2,30,,66095,53,0,5,1,74,,66103,53,0,5,2,30,,66112,53,0,5,1,71,,66087,53,0,5,2,32,,66096,53,0,5,1,70,,66104,53,0,5,2,30,,66113,53,0,5,1,69,,66088,53,0,5,2,30,,66097,53,0,5,1,67,,66105,53,0,5,2,29,,66114,53,0,5,1,69,,66089,53,0,5,2,29,,66098,53,0,5,1,69,,66106,53,0,5,2,29,,66119,53,0,5,1,29,,66090,53,0,5,2,69,,66099,53,0,5,1,29,,66107,53,0,5,2,70,,66120,53,0,5,1,28,,66122,53,0,5,2,69,,66100,53,0,5,1,29,,66108,53,0,5,2,69,,66123,53,0,5,2,28,,66121,53,0,5,1
19501,'H56JV00I-80-I',522,,66133,53,0,5,2,30,,66129,53,0,5,1,70,,66126,53,0,5,2,30,,66124,53,0,5,1,70,,66134,53,0,5,2,30,,66130,53,0,5,1,70,,66127,53,0,5,2,29,,66125,53,0,5,1,69,,66135,53,0,5,2,32,,66132,53,0,5,1,69,,66128,53,0,5,2,32,,66131,53,0,5,1,72,,66136,53,0,5,2,32,,66148,53,0,5,1,71,,66141,53,0,5,1,31,,66155,53,0,5,2,70,,66137,53,0,5,2,30,,66149,53,0,5,1,70,,66142,53,0,5,1,30,,66156,53,0,5,2,71,,66138,53,0,5,2,71,,66150,53,0,5,1,30,,66143,53,0,5,1,70,,66157,53,0,5,2,30,,66139,53,0,5,2,71,,66151,53,0,5,1,30,,66144,53,0,5,1,70,,66158,53,0,5,2,27,,66140,53,0,5,2,28,,66152,53,0,5,1,68,,66145,53,0,5,1,30,,66159,53,0,5,2,70,,66162,53,0,5,2,31,,66153,53,0,5,1,71,,66146,53,0,5,1,28,,66160,53,0,5,1,70,,66163,53,0,5,2,29,,66154,53,0,5,1,70,,66147,53,0,5,1,30,,66161,53,0,5,1,70,,66164,53,0,5,2
19501,'H56JV00S-80-S',512,,66167,53,0,5,1,32,,66198,53,0,5,1,75,,66174,53,0,5,2,33,,66197,53,0,5,1,76,,66202,53,0,5,1,102,,66175,53,0,5,2,24,,66181,53,0,5,2,70,,66184,53,0,5,1,30,,66191,53,0,5,1,71,,66200,53,0,5,1,31,,66182,53,0,5,2,71,,66185,53,0,5,1,30,,66192,53,0,5,1,71,,66201,53,0,5,1,30,,66183,53,0,5,2,72,,66186,53,0,5,1,73,,66193,53,0,5,1,133,,66176,53,0,5,1,66,,66168,53,0,5,2,26,,66172,53,0,5,1,27,,66177,53,0,5,1,69,,66188,53,0,5,2,23,,66199,53,0,5,1,67,,66203,53,0,5,1,26,,66173,53,0,5,1,65,,66178,53,0,5,1,29,,66189,53,0,5,2,69,,66194,53,0,5,1,29,,66169,53,0,5,1,27,,66179,53,0,5,1,69,,66190,53,0,5,2,28,,66195,53,0,5,1,70,,66170,53,0,5,1,29,,66180,53,0,5,1,67,,66187,53,0,5,1,28,,66196,53,0,5,1,68,,66171,53,0,5,1,33,,66166,53,0,5,1,74,,66165,53,0,5,1
19501,'H58J000S-81-S',803,,66204,53,0,5,2,631,,66205,53,0,5,2
19501,'H58J000S-83-S',803,,66206,53,0,5,2,631,,66207,53,0,5,2
19501,'H58JV00S-82-S',803,,66208,53,0,5,2,631,,66209,53,0,5,2
19501,'H60J000S-98-S',1507,,66210,53,0,5,1
19501,'H60JV00S-98-S',1507,,66211,53,0,5,1
