4301,'H58M000A-70-A',637,,98668,42,0,5,2,74,,98676,42,0,5,2,33,,98667,42,0,5,1,77,,98663,42,0,5,1,32,,98684,42,0,5,2,76,,98669,42,0,5,1,74,,98677,42,0,5,2,36,,98664,42,0,5,1,74,,98685,42,0,5,1,34,,98670,42,0,5,1,74,,98678,42,0,5,2,34,,98665,42,0,5,1,72,,98686,42,0,5,1,32,,98671,42,0,5,1,72,,98679,42,0,5,2,26,,98693,42,0,5,2,66,,98666,42,0,5,1,25,,98687,42,0,5,1,69,,98672,42,0,5,1,30,,98680,42,0,5,2,70,,98694,42,0,5,2,30,,98688,42,0,5,1,68,,98673,42,0,5,1,29,,98681,42,0,5,2,69,,98695,42,0,5,2,28,,98689,42,0,5,1,69,,98674,42,0,5,1,30,,98682,42,0,5,2,69,,98696,42,0,5,2,30,,98690,42,0,5,1,68,,98675,42,0,5,1,31,,98683,42,0,5,2,90,,98691,42,0,5,1,95,,98697,42,0,5,2,95,,98692,42,0,5,1,97,,98698,42,0,5,2
4301,'H58M000I-70-I',712,,98713,42,0,5,2,34,,98704,42,0,5,2,74,,98705,42,0,5,1,35,,98723,42,0,5,2,73,,98714,42,0,5,2,74,,98727,42,0,5,1,32,,98706,42,0,5,1,73,,98724,42,0,5,2,33,,98715,42,0,5,2,74,,98728,42,0,5,1,34,,98707,42,0,5,1,73,,98699,42,0,5,1,30,,98716,42,0,5,2,69,,98729,42,0,5,1,30,,98708,42,0,5,1,70,,98700,42,0,5,1,29,,98717,42,0,5,2,69,,98730,42,0,5,1,29,,98709,42,0,5,1,69,,98701,42,0,5,1,29,,98718,42,0,5,2,69,,98731,42,0,5,1,28,,98710,42,0,5,1,68,,98702,42,0,5,1,28,,98719,42,0,5,2,68,,98732,42,0,5,1,28,,98711,42,0,5,1,67,,98703,42,0,5,1,29,,98720,42,0,5,2,29,,98733,42,0,5,1,71,,98712,42,0,5,1,92,,98721,42,0,5,2,90,,98725,42,0,5,1,95,,98722,42,0,5,2,95,,98726,42,0,5,1
4301,'H58M000S-70-S',609,,98734,42,0,5,2,22,,98735,42,0,5,1,70,,98749,42,0,5,1,35,,98750,42,0,5,2,74,,98751,42,0,5,2,31,,98736,42,0,5,1,17,,98758,42,0,5,2,55,,98763,42,0,5,2,32,,98742,42,0,5,1,72,,98759,42,0,5,2,32,,98737,42,0,5,1,67,,98766,42,0,5,2,27,,98752,42,0,5,2,67,,98743,42,0,5,1,31,,98760,42,0,5,2,70,,98738,42,0,5,1,30,,98767,42,0,5,2,70,,98753,42,0,5,2,30,,98744,42,0,5,1,70,,98761,42,0,5,2,32,,98739,42,0,5,1,72,,98768,42,0,5,2,33,,98754,42,0,5,2,72,,98745,42,0,5,1,31,,98762,42,0,5,2,69,,98740,42,0,5,1,29,,98769,42,0,5,2,71,,98755,42,0,5,2,31,,98746,42,0,5,1,70,,98741,42,0,5,1,29,,98770,42,0,5,2,68,,98756,42,0,5,2,35,,98747,42,0,5,1,80,,98757,42,0,5,2,82,,98764,42,0,5,1,92,,98748,42,0,5,1,96,,98765,42,0,5,1,100,,98771,42,0,5,1
4301,'H58M100F-70-F1',604,,98802,42,0,5,2,22,,98772,42,0,5,1,30,,98787,42,0,5,1,69,,98803,42,0,5,2,34,,98780,42,0,5,2,71,,98773,42,0,5,1,18,,98801,42,0,5,1,57,,98788,42,0,5,1,33,,98804,42,0,5,2,74,,98781,42,0,5,2,32,,98774,42,0,5,1,67,,98792,42,0,5,1,27,,98795,42,0,5,1,67,,98789,42,0,5,2,29,,98782,42,0,5,2,70,,98776,42,0,5,1,31,,98793,42,0,5,1,70,,98796,42,0,5,1,29,,98790,42,0,5,2,70,,98783,42,0,5,2,31,,98775,42,0,5,1,72,,98794,42,0,5,1,33,,98809,42,0,5,1,73,,98791,42,0,5,2,33,,98784,42,0,5,2,69,,98777,42,0,5,1,31,,98807,42,0,5,1,72,,98797,42,0,5,1,32,,98785,42,0,5,2,71,,98778,42,0,5,1,28,,98808,42,0,5,1,70,,98798,42,0,5,1,33,,98786,42,0,5,2,81,,98779,42,0,5,1,83,,98799,42,0,5,1,90,,98805,42,0,5,1,98,,98800,42,0,5,1,98,,98806,42,0,5,1
4301,'H58M200F-70-F2',604,,98840,42,0,5,2,22,,98810,42,0,5,1,30,,98825,42,0,5,1,69,,98841,42,0,5,2,34,,98818,42,0,5,2,71,,98811,42,0,5,1,18,,98839,42,0,5,1,57,,98826,42,0,5,1,33,,98842,42,0,5,2,74,,98819,42,0,5,2,32,,98812,42,0,5,1,67,,98830,42,0,5,1,27,,98833,42,0,5,1,67,,98827,42,0,5,2,29,,98820,42,0,5,2,70,,98814,42,0,5,1,31,,98831,42,0,5,1,70,,98834,42,0,5,1,29,,98828,42,0,5,2,70,,98821,42,0,5,2,31,,98813,42,0,5,1,72,,98832,42,0,5,1,33,,98847,42,0,5,1,73,,98829,42,0,5,2,33,,98822,42,0,5,2,69,,98815,42,0,5,1,31,,98845,42,0,5,1,72,,98835,42,0,5,1,32,,98823,42,0,5,2,71,,98816,42,0,5,1,28,,98846,42,0,5,1,70,,98836,42,0,5,1,33,,98824,42,0,5,2,81,,98817,42,0,5,1,83,,98837,42,0,5,1,90,,98843,42,0,5,1,98,,98838,42,0,5,1,98,,98844,42,0,5,1
4301,'H58M300F-80-F3',603,,166885,42,0,5,2,22,,166908,42,0,5,1,29,,166910,42,0,5,1,70,,166915,42,0,5,1,35,,166880,42,0,5,2,71,,166909,42,0,5,1,19,,166912,42,0,5,2,58,,166911,42,0,5,1,34,,166886,42,0,5,1,72,,166881,42,0,5,2,32,,166890,42,0,5,1,67,,166894,42,0,5,2,27,,166901,42,0,5,2,68,,166887,42,0,5,1,29,,166882,42,0,5,2,72,,166891,42,0,5,1,33,,166895,42,0,5,2,72,,166902,42,0,5,2,29,,166888,42,0,5,1,70,,166883,42,0,5,2,31,,166892,42,0,5,1,70,,166896,42,0,5,2,30,,166903,42,0,5,2,70,,166889,42,0,5,1,33,,166884,42,0,5,2,69,,166893,42,0,5,1,32,,166904,42,0,5,2,70,,166913,42,0,5,1,33,,166897,42,0,5,1,72,,166878,42,0,5,1,32,,166905,42,0,5,2,70,,166914,42,0,5,1,32,,166898,42,0,5,1,79,,166879,42,0,5,1,85,,166906,42,0,5,2,88,,166899,42,0,5,1,98,,166907,42,0,5,2,95,,166900,42,0,5,1
4901,'H51M000S-70-S',638,,101798,23,0,5,2
4901,'H54M000S-70-S',1717,,101800,23,0,5,2,41,,101799,23,0,5,2
4901,'H57M000S-70-S',1634,,101801,23,0,5,2
4901,'H58M000A-70-A',611,,101804,23,0,5,1,25,,101821,23,0,5,1,65,,101816,23,0,5,1,21,,101819,23,0,5,2,20,,101823,23,0,5,1,66,,101828,23,0,5,1,28,,101822,23,0,5,1,68,,101838,23,0,5,1,32,,101820,23,0,5,2,72,,101824,23,0,5,1,31,,101829,23,0,5,1,70,,101830,23,0,5,2,28,,101839,23,0,5,2,68,,101841,23,0,5,2,23,,101825,23,0,5,1,23,,101842,23,0,5,2,65,,101843,23,0,5,2,24,,101831,23,0,5,2,64,,101802,23,0,5,1,21,,101846,23,0,5,2,20,,101826,23,0,5,1,61,,101851,23,0,5,2,21,,101857,23,0,5,2,20,,101844,23,0,5,2,58,,101832,23,0,5,2,15,,101803,23,0,5,1,10,,101811,23,0,5,1,11,,101818,23,0,5,2,11,,101847,23,0,5,2,49,,101827,23,0,5,1,9,,101807,23,0,5,2,9,,101856,23,0,5,2,9,,101852,23,0,5,2,9,,101805,23,0,5,1,11,,101858,23,0,5,2,10,,101813,23,0,5,1,51,,101845,23,0,5,2,9,,101859,23,0,5,2,8,,101833,23,0,5,2,7,,101861,23,0,5,2,10,,101812,23,0,5,1,11,,101862,23,0,5,1,50,,101848,23,0,5,2,10,,101809,23,0,5,2,10,,101817,23,0,5,1,10,,101808,23,0,5,2,10,,101806,23,0,5,1,10,,101840,23,0,5,2,56,,101814,23,0,5,1,16,,101860,23,0,5,2,19,,101853,23,0,5,1,59,,101849,23,0,5,1,19,,101810,23,0,5,2,19,,101834,23,0,5,1,60,,101865,23,0,5,2,24,,101815,23,0,5,1,15,,101863,23,0,5,2,18,,101854,23,0,5,1,62,,101850,23,0,5,1,17,,101836,23,0,5,2,17,,101835,23,0,5,1,61,,101866,23,0,5,2,21,,101864,23,0,5,2,68,,101855,23,0,5,1,30,,101837,23,0,5,2,71,,101867,23,0,5,2
4901,'H58M000I-70-I',607,,101868,23,0,5,1,28,,101873,23,0,5,2,67,,101878,23,0,5,1,27,,101882,23,0,5,1,30,,101869,23,0,5,1,72,,101874,23,0,5,2,72,,101890,23,0,5,1,29,,101883,23,0,5,1,69,,101875,23,0,5,1,23,,101902,23,0,5,2,22,,101887,23,0,5,1,62,,101905,23,0,5,1,27,,101891,23,0,5,1,70,,101901,23,0,5,2,30,,101903,23,0,5,2,70,,101888,23,0,5,1,30,,101914,23,0,5,1,70,,101892,23,0,5,1,26,,101896,23,0,5,2,24,,101904,23,0,5,2,61,,101916,23,0,5,2,18,,101889,23,0,5,1,16,,101915,23,0,5,1,57,,101876,23,0,5,2,13,,101920,23,0,5,2,14,,101877,23,0,5,1,13,,101893,23,0,5,1,53,,101897,23,0,5,2,13,,101918,23,0,5,2,12,,101879,23,0,5,1,12,,101917,23,0,5,2,12,,101895,23,0,5,1,53,,101870,23,0,5,1,13,,101912,23,0,5,1,13,,101880,23,0,5,1,13,,101871,23,0,5,2,16,,101884,23,0,5,1,54,,101909,23,0,5,1,17,,101919,23,0,5,2,19,,101885,23,0,5,2,61,,101906,23,0,5,1,22,,101913,23,0,5,1,22,,101872,23,0,5,2,62,,101898,23,0,5,1,21,,101910,23,0,5,1,23,,101886,23,0,5,2,62,,101907,23,0,5,1,16,,101881,23,0,5,1,17,,101921,23,0,5,1,66,,101899,23,0,5,1,25,,101911,23,0,5,1,70,,101908,23,0,5,1,29,,101922,23,0,5,1,68,,101900,23,0,5,1,24,,101894,23,0,5,1
4901,'H58M000S-70-S',600,,101923,23,0,5,2,17,,101924,23,0,5,2,86,,101928,23,0,5,2,21,,101935,23,0,5,2,18,,101943,23,0,5,2,64,,101945,23,0,5,1,19,,101950,23,0,5,2,21,,101958,23,0,5,2,65,,101956,23,0,5,1,25,,101938,23,0,5,1,68,,101962,23,0,5,2,28,,101946,23,0,5,1,68,,101959,23,0,5,2,30,,101954,23,0,5,2,26,,101957,23,0,5,1,65,,101969,23,0,5,1,17,,101965,23,0,5,2,17,,101963,23,0,5,2,55,,101947,23,0,5,1,16,,101960,23,0,5,2,16,,101977,23,0,5,1,16,,101955,23,0,5,2,56,,101951,23,0,5,2,15,,101980,23,0,5,2,15,,101970,23,0,5,1,14,,101966,23,0,5,2,56,,101939,23,0,5,1,13,,101964,23,0,5,2,11,,101948,23,0,5,1,8,,101941,23,0,5,1,8,,101961,23,0,5,2,49,,101985,23,0,5,2,7,,101978,23,0,5,1,8,,101982,23,0,5,2,8,,101991,23,0,5,1,15,,101994,23,0,5,2,7,,101952,23,0,5,2,6,,101995,23,0,5,2,5,,101981,23,0,5,2,43,,101989,23,0,5,2,5,,101967,23,0,5,1,5,,101971,23,0,5,1,9,,101953,23,0,5,2,5,,102007,23,0,5,2,3,,101933,23,0,5,1,5,,102006,23,0,5,2,6,,101979,23,0,5,1,6,,101936,23,0,5,1,6,,101990,23,0,5,2,58,,101942,23,0,5,1,6,,101927,23,0,5,1,6,,101949,23,0,5,2,6,,101929,23,0,5,1,7,,101976,23,0,5,2,7,,102003,23,0,5,1,6,,101992,23,0,5,1,7,,101988,23,0,5,2,48,,101925,23,0,5,1,8,,102001,23,0,5,2,12,,101986,23,0,5,2,12,,101972,23,0,5,1,12,,101934,23,0,5,1,53,,101937,23,0,5,1,13,,101999,23,0,5,2,13,,102008,23,0,5,2,12,,101930,23,0,5,1,13,,101993,23,0,5,2,53,,101975,23,0,5,1,13,,102002,23,0,5,2,14,,101987,23,0,5,1,14,,101973,23,0,5,1,56,,101996,23,0,5,1,15,,101983,23,0,5,1,15,,102000,23,0,5,2,17,,101931,23,0,5,1,60,,101997,23,0,5,1,28,,102004,23,0,5,2,68,,101974,23,0,5,1,28,,101984,23,0,5,1,22,,101932,23,0,5,1,59,,101998,23,0,5,1,20,,102005,23,0,5,2,14,,101926,23,0,5,1
4901,'H58M100F-70-F1',609,,102022,23,0,5,1,26,,102065,23,0,5,1,24,,102026,23,0,5,2,60,,102012,23,0,5,1,20,,102040,23,0,5,1,66,,102019,23,0,5,2,28,,102066,23,0,5,1,68,,102063,23,0,5,1,32,,102011,23,0,5,2,72,,102031,23,0,5,2,30,,102038,23,0,5,1,70,,102045,23,0,5,1,27,,102049,23,0,5,2,27,,102023,23,0,5,1,63,,102030,23,0,5,2,23,,102010,23,0,5,1,65,,102027,23,0,5,2,24,,102046,23,0,5,1,67,,102050,23,0,5,2,21,,102024,23,0,5,1,20,,102032,23,0,5,2,61,,102036,23,0,5,2,21,,102020,23,0,5,2,19,,102028,23,0,5,2,58,,102048,23,0,5,1,15,,102051,23,0,5,2,10,,102052,23,0,5,2,11,,102025,23,0,5,1,11,,102034,23,0,5,2,9,,102033,23,0,5,2,49,,102014,23,0,5,2,9,,102073,23,0,5,2,9,,102037,23,0,5,2,10,,102041,23,0,5,1,11,,102021,23,0,5,2,10,,102016,23,0,5,1,51,,102029,23,0,5,2,10,,102056,23,0,5,1,8,,102047,23,0,5,1,8,,102013,23,0,5,1,11,,102064,23,0,5,1,11,,102053,23,0,5,2,49,,102035,23,0,5,2,8,,102058,23,0,5,1,10,,102015,23,0,5,2,10,,102039,23,0,5,1,10,,102042,23,0,5,1,10,,102009,23,0,5,2,56,,102017,23,0,5,1,16,,102057,23,0,5,1,19,,102062,23,0,5,1,59,,102054,23,0,5,2,19,,102059,23,0,5,1,18,,102071,23,0,5,1,20,,102043,23,0,5,1,64,,102018,23,0,5,1,15,,102069,23,0,5,1,20,,102067,23,0,5,1,62,,102055,23,0,5,2,16,,102060,23,0,5,1,17,,102072,23,0,5,1,61,,102044,23,0,5,1,22,,102070,23,0,5,1,71,,102068,23,0,5,1,29,,102061,23,0,5,1
4901,'H58M200F-70-F2',609,,102087,23,0,5,1,26,,102130,23,0,5,1,24,,102091,23,0,5,2,60,,102077,23,0,5,1,20,,102105,23,0,5,1,66,,102084,23,0,5,2,28,,102131,23,0,5,1,68,,102128,23,0,5,1,32,,102076,23,0,5,2,72,,102096,23,0,5,2,30,,102103,23,0,5,1,70,,102110,23,0,5,1,27,,102114,23,0,5,2,27,,102088,23,0,5,1,63,,102095,23,0,5,2,23,,102075,23,0,5,1,65,,102092,23,0,5,2,24,,102111,23,0,5,1,67,,102115,23,0,5,2,21,,102089,23,0,5,1,20,,102097,23,0,5,2,61,,102101,23,0,5,2,21,,102085,23,0,5,2,19,,102093,23,0,5,2,58,,102113,23,0,5,1,15,,102116,23,0,5,2,10,,102117,23,0,5,2,11,,102090,23,0,5,1,11,,102099,23,0,5,2,9,,102098,23,0,5,2,49,,102079,23,0,5,2,9,,102138,23,0,5,2,9,,102102,23,0,5,2,10,,102106,23,0,5,1,11,,102086,23,0,5,2,10,,102081,23,0,5,1,51,,102094,23,0,5,2,10,,102121,23,0,5,1,8,,102112,23,0,5,1,8,,102078,23,0,5,1,11,,102129,23,0,5,1,11,,102118,23,0,5,2,49,,102100,23,0,5,2,8,,102123,23,0,5,1,10,,102080,23,0,5,2,10,,102104,23,0,5,1,10,,102107,23,0,5,1,10,,102074,23,0,5,2,56,,102082,23,0,5,1,16,,102122,23,0,5,1,19,,102127,23,0,5,1,59,,102119,23,0,5,2,19,,102124,23,0,5,1,18,,102136,23,0,5,1,20,,102108,23,0,5,1,64,,102083,23,0,5,1,15,,102134,23,0,5,1,20,,102132,23,0,5,1,62,,102120,23,0,5,2,16,,102125,23,0,5,1,17,,102137,23,0,5,1,61,,102109,23,0,5,1,22,,102135,23,0,5,1,71,,102133,23,0,5,1,29,,102126,23,0,5,1
4901,'H58M300F-80-F3',609,,167357,23,0,5,2,29,,167348,23,0,5,1,66,,167358,23,0,5,2,29,,167363,23,0,5,2,68,,167393,23,0,5,1,30,,167353,23,0,5,2,70,,167349,23,0,5,2,32,,167351,23,0,5,2,72,,167394,23,0,5,1,30,,167366,23,0,5,1,70,,167369,23,0,5,2,28,,167364,23,0,5,2,68,,167352,23,0,5,1,22,,167406,23,0,5,1,22,,167395,23,0,5,1,65,,167367,23,0,5,1,24,,167370,23,0,5,2,67,,167365,23,0,5,2,22,,167373,23,0,5,2,21,,167407,23,0,5,1,60,,167376,23,0,5,2,20,,167401,23,0,5,1,19,,167368,23,0,5,1,58,,167371,23,0,5,2,17,,167378,23,0,5,2,9,,167354,23,0,5,2,10,,167385,23,0,5,2,11,,167390,23,0,5,2,10,,167379,23,0,5,2,51,,167374,23,0,5,2,12,,167377,23,0,5,2,11,,167391,23,0,5,1,10,,167402,23,0,5,1,9,,167359,23,0,5,1,49,,167403,23,0,5,1,9,,167396,23,0,5,1,9,,167399,23,0,5,1,9,,167372,23,0,5,2,9,,167410,23,0,5,2,9,,167355,23,0,5,2,10,,167408,23,0,5,2,49,,167350,23,0,5,1,8,,167386,23,0,5,2,12,,167375,23,0,5,2,14,,167383,23,0,5,2,14,,167392,23,0,5,1,55,,167360,23,0,5,1,16,,167400,23,0,5,1,19,,167380,23,0,5,1,59,,167388,23,0,5,1,20,,167387,23,0,5,2,19,,167405,23,0,5,2,60,,167384,23,0,5,2,23,,167361,23,0,5,1,16,,167409,23,0,5,1,18,,167381,23,0,5,1,62,,167389,23,0,5,1,16,,167397,23,0,5,1,17,,167404,23,0,5,1,61,,167356,23,0,5,1,27,,167362,23,0,5,1,69,,167382,23,0,5,1,26,,167398,23,0,5,1
4901,'H59M000S-70-S',1804,,102204,23,0,5,1
38001,'H50M000A-70-A',2641,,155447,73,0,5,2,94,,155446,73,0,5,1,85,,155444,73,0,5,2,25,,155448,40,0,5,1,60,,155445,73,0,5,1
38001,'H50M000I-70-I',2553,,155452,73,0,5,1,89,,155449,73,0,5,1,82,,155453,73,0,5,2,84,,155450,73,0,5,1,47,,155451,73,0,5,2
38001,'H50M000S-70-S',2608,,155456,73,0,5,1,44,,155454,73,0,5,2,88,,155457,73,0,5,1,84,,155458,73,0,5,1,86,,155455,73,0,5,2
38001,'H50M000S-70-SV',2803,,155459,40,0,5,1
38001,'H50M100F-70-F1',2553,,155463,73,0,5,1,89,,155460,73,0,5,2,82,,155464,73,0,5,2,84,,155461,73,0,5,1,47,,155462,73,0,5,2
38001,'H50M200F-70-F2',2553,,155468,73,0,5,1,89,,155465,73,0,5,2,82,,155469,73,0,5,2,84,,155466,73,0,5,1,47,,155467,73,0,5,2
38001,'H50M300F-80-F3',2553,,176000,73,0,5,1,89,,175998,73,0,5,1,82,,175999,73,0,5,1,84,,175997,73,0,5,1,47,,176001,73,0,5,1
44801,'H54M000S-70-S',1514,,157443,2,0,22 47,2,30,,157449,2,0,22 47,1,70,,157446,2,0,22 47,1,27,,157444,2,0,22 47,2,66,,157433,2,0,22 47,2,19,,157445,2,0,22 47,2,19,,157447,2,0,22 47,1,58,,157450,2,0,22 47,2,17,,157442,2,0,22 47,2,17,,157434,2,0,22 47,2,66,,157448,2,0,22 47,1,27,,157451,2,0,22 47,1
44801,'H54M200F-70-F2',1514,,157455,2,0,22 47,1,30,,157466,2,0,22 47,2,70,,157463,2,0,22 47,1,30,,157456,2,0,22 47,1,69,,157467,2,0,22 47,2,29,,157464,2,0,22 47,1,69,,157457,2,0,22 47,1,26,,157468,2,0,22 47,2,66,,157465,2,0,22 47,1,27,,157458,2,0,22 47,1
