19301,'H50J000S-83-S',1612,,64932,1,0,5,2
19301,'H50JV00S-82-S',1612,,64933,1,0,5,2
19301,'H51J000S-80-S',1536,,64934,1,0,5,2
19301,'H51JV00S-84-S',1536,,64935,1,0,5,2
19301,'H54J000S-83-S',1506,,64937,1,0,5,2,213,,64938,1,0,5,2,292,,64936,1,0,5,1
19301,'H54JV00S-80-S',1506,,64940,1,0,5,2,213,,64941,1,0,5,2,292,,64939,1,0,5,1
19301,'H58J000A-83-A',520,,64963,1,0,5,2,28,,64943,1,0,5,2,69,,64971,1,0,5,1,30,,64964,1,0,5,2,70,,64944,1,0,5,2,23,,64987,1,0,5,2,60,,64972,1,0,5,1,21,,64965,1,0,5,2,22,,64953,1,0,5,2,62,,64945,1,0,5,2,22,,64988,1,0,5,2,24,,64973,1,0,5,1,64,,64983,1,0,5,1,17,,64966,1,0,5,2,15,,64954,1,0,5,2,55,,64949,1,0,5,2,15,,64946,1,0,5,2,15,,64989,1,0,5,2,16,,64974,1,0,5,1,55,,64995,1,0,5,2,15,,64984,1,0,5,1,15,,64967,1,0,5,2,13,,64955,1,0,5,2,12,,64950,1,0,5,2,52,,64947,1,0,5,2,13,,64990,1,0,5,2,13,,65001,1,0,5,2,13,,64975,1,0,5,1,53,,64996,1,0,5,2,11,,64985,1,0,5,1,12,,64968,1,0,5,2,12,,65005,1,0,5,2,11,,64956,1,0,5,2,10,,64951,1,0,5,2,51,,64948,1,0,5,2,11,,64991,1,0,5,2,11,,65002,1,0,5,2,12,,64976,1,0,5,1,12,,64997,1,0,5,2,53,,64986,1,0,5,1,12,,64969,1,0,5,2,12,,65006,1,0,5,2,12,,64957,1,0,5,2,12,,64952,1,0,5,2,51,,65007,1,0,5,2,12,,64992,1,0,5,2,12,,65003,1,0,5,2,13,,64977,1,0,5,1,12,,64942,1,0,5,1,52,,64998,1,0,5,2,15,,64970,1,0,5,2,19,,64958,1,0,5,2,60,,65008,1,0,5,2,24,,65004,1,0,5,2,24,,64978,1,0,5,1,65,,64999,1,0,5,2,24,,64959,1,0,5,2,64,,65009,1,0,5,2,24,,64979,1,0,5,1,31,,65000,1,0,5,2,72,,64960,1,0,5,2,70,,64980,1,0,5,1,31,,64993,1,0,5,2,71,,64961,1,0,5,2,26,,64981,1,0,5,1,31,,64994,1,0,5,2,71,,64962,1,0,5,2,28,,64982,1,0,5,1
19301,'H58J000I-81-I',545,,65024,1,0,5,1,70,,65017,1,0,5,1,30,,65032,1,0,5,2,70,,65025,1,0,5,1,30,,65018,1,0,5,1,70,,65033,1,0,5,2,30,,65020,1,0,5,1,70,,65026,1,0,5,1,30,,65019,1,0,5,1,60,,65034,1,0,5,2,20,,65011,1,0,5,2,20,,65021,1,0,5,1,60,,65027,1,0,5,1,20,,65048,1,0,5,2,20,,65060,1,0,5,2,55,,65035,1,0,5,2,15,,65012,1,0,5,2,15,,65056,1,0,5,2,15,,65022,1,0,5,1,55,,65030,1,0,5,1,15,,65049,1,0,5,2,15,,65063,1,0,5,2,15,,65061,1,0,5,2,55,,65036,1,0,5,2,15,,65013,1,0,5,2,15,,65057,1,0,5,2,15,,65023,1,0,5,1,55,,65028,1,0,5,1,15,,65050,1,0,5,2,15,,65064,1,0,5,2,15,,65062,1,0,5,2,55,,65037,1,0,5,2,14,,65014,1,0,5,2,14,,65010,1,0,5,1,13,,65058,1,0,5,2,14,,65029,1,0,5,1,55,,65051,1,0,5,2,15,,65016,1,0,5,2,15,,65065,1,0,5,2,16,,65038,1,0,5,2,56,,65015,1,0,5,2,16,,65043,1,0,5,1,15,,65059,1,0,5,2,16,,65031,1,0,5,1,71,,65052,1,0,5,2,72,,65039,1,0,5,2,32,,65044,1,0,5,1,72,,65053,1,0,5,2,33,,65040,1,0,5,2,70,,65045,1,0,5,1,31,,65054,1,0,5,2,70,,65041,1,0,5,2,30,,65046,1,0,5,1,68,,65055,1,0,5,2,30,,65042,1,0,5,2,69,,65047,1,0,5,1
19301,'H58J000I-82-I',545,,65080,1,0,5,1,70,,65073,1,0,5,1,30,,65088,1,0,5,2,70,,65081,1,0,5,1,30,,65074,1,0,5,1,70,,65089,1,0,5,2,30,,65076,1,0,5,1,70,,65082,1,0,5,1,30,,65075,1,0,5,1,60,,65090,1,0,5,2,20,,65067,1,0,5,2,20,,65077,1,0,5,1,60,,65083,1,0,5,1,20,,65104,1,0,5,2,20,,65116,1,0,5,2,55,,65091,1,0,5,2,15,,65068,1,0,5,2,15,,65112,1,0,5,2,15,,65078,1,0,5,1,55,,65086,1,0,5,1,15,,65105,1,0,5,2,15,,65119,1,0,5,2,15,,65117,1,0,5,2,55,,65092,1,0,5,2,15,,65069,1,0,5,2,15,,65113,1,0,5,2,15,,65079,1,0,5,1,55,,65084,1,0,5,1,15,,65106,1,0,5,2,15,,65120,1,0,5,2,15,,65118,1,0,5,2,55,,65093,1,0,5,2,14,,65070,1,0,5,2,14,,65066,1,0,5,1,13,,65114,1,0,5,2,14,,65085,1,0,5,1,55,,65107,1,0,5,2,15,,65072,1,0,5,2,15,,65121,1,0,5,2,16,,65094,1,0,5,2,56,,65071,1,0,5,2,16,,65099,1,0,5,1,15,,65115,1,0,5,2,16,,65087,1,0,5,1,71,,65108,1,0,5,2,72,,65095,1,0,5,2,32,,65100,1,0,5,1,72,,65109,1,0,5,2,33,,65096,1,0,5,2,70,,65101,1,0,5,1,31,,65110,1,0,5,2,70,,65097,1,0,5,2,30,,65102,1,0,5,1,68,,65111,1,0,5,2,30,,65098,1,0,5,2,69,,65103,1,0,5,1
19301,'H58J000S-81-S',520,,65125,1,0,5,2,34,,65129,1,0,5,2,64,,65124,1,0,5,2,24,,65127,1,0,5,2,64,,65128,1,0,5,1,16,,65130,1,0,5,2,10,,65135,1,0,5,2,12,,65159,1,0,5,1,13,,65141,1,0,5,2,52,,65142,1,0,5,2,12,,65158,1,0,5,2,16,,65137,1,0,5,1,20,,65122,1,0,5,2,61,,65136,1,0,5,2,28,,65160,1,0,5,1,70,,65143,1,0,5,2,29,,65138,1,0,5,1,67,,65123,1,0,5,2,18,,65148,1,0,5,1,15,,65161,1,0,5,1,55,,65152,1,0,5,1,16,,65144,1,0,5,2,19,,65155,1,0,5,2,18,,65139,1,0,5,1,58,,65164,1,0,5,2,16,,65166,1,0,5,2,13,,65149,1,0,5,1,12,,65162,1,0,5,1,52,,65153,1,0,5,1,12,,65126,1,0,5,1,10,,65169,1,0,5,2,10,,65145,1,0,5,2,10,,65156,1,0,5,2,10,,65140,1,0,5,1,60,,65165,1,0,5,2,6,,65182,1,0,5,2,6,,65183,1,0,5,2,15,,65185,1,0,5,1,6,,65168,1,0,5,2,7,,65150,1,0,5,1,48,,65163,1,0,5,1,16,,65154,1,0,5,1,8,,65187,1,0,5,1,8,,65170,1,0,5,2,8,,65167,1,0,5,2,9,,65146,1,0,5,2,49,,65157,1,0,5,2,8,,65173,1,0,5,2,18,,65172,1,0,5,2,11,,65184,1,0,5,2,12,,65131,1,0,5,1,52,,65186,1,0,5,1,12,,65151,1,0,5,1,12,,65178,1,0,5,2,12,,65171,1,0,5,2,14,,65188,1,0,5,1,59,,65147,1,0,5,1,20,,65174,1,0,5,2,19,,65132,1,0,5,1,80,,65179,1,0,5,2,20,,65189,1,0,5,1,59,,65192,1,0,5,1,18,,65175,1,0,5,2,20,,65133,1,0,5,1,67,,65180,1,0,5,2,30,,65190,1,0,5,1,71,,65176,1,0,5,2,31,,65134,1,0,5,1,72,,65181,1,0,5,2,33,,65191,1,0,5,1,60,,65177,1,0,5,2
19301,'H58J000S-83-S',520,,65196,1,0,5,2,34,,65200,1,0,5,2,64,,65195,1,0,5,2,24,,65198,1,0,5,2,64,,65199,1,0,5,1,16,,65201,1,0,5,2,10,,65206,1,0,5,2,12,,65230,1,0,5,1,13,,65212,1,0,5,2,52,,65213,1,0,5,2,12,,65229,1,0,5,2,16,,65208,1,0,5,1,20,,65193,1,0,5,2,61,,65207,1,0,5,2,28,,65231,1,0,5,1,70,,65214,1,0,5,2,29,,65209,1,0,5,1,67,,65194,1,0,5,2,18,,65219,1,0,5,1,15,,65232,1,0,5,1,55,,65223,1,0,5,1,16,,65215,1,0,5,2,19,,65226,1,0,5,2,18,,65210,1,0,5,1,58,,65235,1,0,5,2,16,,65237,1,0,5,2,13,,65220,1,0,5,1,12,,65233,1,0,5,1,52,,65224,1,0,5,1,12,,65197,1,0,5,1,10,,65240,1,0,5,2,10,,65216,1,0,5,2,10,,65227,1,0,5,2,10,,65211,1,0,5,1,60,,65236,1,0,5,2,6,,65253,1,0,5,2,6,,65254,1,0,5,2,15,,65256,1,0,5,1,6,,65239,1,0,5,2,7,,65221,1,0,5,1,48,,65234,1,0,5,1,16,,65225,1,0,5,1,8,,65258,1,0,5,1,8,,65241,1,0,5,2,8,,65238,1,0,5,2,9,,65217,1,0,5,2,49,,65228,1,0,5,2,8,,65244,1,0,5,2,18,,65243,1,0,5,2,11,,65255,1,0,5,2,12,,65202,1,0,5,1,52,,65257,1,0,5,1,12,,65222,1,0,5,1,12,,65249,1,0,5,2,12,,65242,1,0,5,2,14,,65259,1,0,5,1,59,,65218,1,0,5,1,20,,65245,1,0,5,2,19,,65203,1,0,5,1,80,,65250,1,0,5,2,20,,65260,1,0,5,1,59,,65263,1,0,5,1,18,,65246,1,0,5,2,20,,65204,1,0,5,1,67,,65251,1,0,5,2,30,,65261,1,0,5,1,71,,65247,1,0,5,2,31,,65205,1,0,5,1,72,,65252,1,0,5,2,33,,65262,1,0,5,1,60,,65248,1,0,5,2
19301,'H58JV00A-80-A',520,,65269,1,0,5,2,28,,65326,1,0,5,2,69,,65277,1,0,5,1,30,,65270,1,0,5,2,70,,65327,1,0,5,2,23,,65289,1,0,5,2,60,,65278,1,0,5,1,21,,65271,1,0,5,2,22,,65316,1,0,5,2,62,,65328,1,0,5,2,22,,65290,1,0,5,2,24,,65279,1,0,5,1,64,,65312,1,0,5,1,17,,65272,1,0,5,2,15,,65317,1,0,5,2,55,,65302,1,0,5,2,15,,65329,1,0,5,2,15,,65291,1,0,5,2,16,,65280,1,0,5,1,55,,65306,1,0,5,2,15,,65313,1,0,5,1,15,,65273,1,0,5,2,13,,65318,1,0,5,2,12,,65303,1,0,5,2,52,,65330,1,0,5,2,13,,65292,1,0,5,2,13,,65295,1,0,5,2,13,,65281,1,0,5,1,53,,65307,1,0,5,2,11,,65314,1,0,5,1,12,,65274,1,0,5,2,12,,65267,1,0,5,2,11,,65319,1,0,5,2,10,,65304,1,0,5,2,51,,65331,1,0,5,2,11,,65293,1,0,5,2,11,,65296,1,0,5,2,12,,65282,1,0,5,1,12,,65308,1,0,5,2,53,,65315,1,0,5,1,12,,65275,1,0,5,2,12,,65268,1,0,5,2,12,,65320,1,0,5,2,12,,65305,1,0,5,2,51,,65299,1,0,5,2,12,,65294,1,0,5,2,12,,65297,1,0,5,2,13,,65283,1,0,5,1,12,,65266,1,0,5,1,52,,65309,1,0,5,2,15,,65276,1,0,5,2,19,,65321,1,0,5,2,60,,65300,1,0,5,2,24,,65298,1,0,5,2,24,,65284,1,0,5,1,65,,65310,1,0,5,2,24,,65322,1,0,5,2,64,,65301,1,0,5,2,24,,65285,1,0,5,1,31,,65311,1,0,5,2,72,,65323,1,0,5,2,70,,65286,1,0,5,1,31,,65264,1,0,5,2,71,,65324,1,0,5,2,26,,65287,1,0,5,1,31,,65265,1,0,5,2,71,,65325,1,0,5,2,28,,65288,1,0,5,1
19301,'H58JV00I-81-I',545,,65380,1,0,5,1,70,,65334,1,0,5,1,30,,65346,1,0,5,2,70,,65381,1,0,5,1,30,,65335,1,0,5,1,70,,65347,1,0,5,2,30,,65337,1,0,5,1,70,,65382,1,0,5,1,30,,65336,1,0,5,1,60,,65348,1,0,5,2,20,,65375,1,0,5,2,20,,65338,1,0,5,1,60,,65383,1,0,5,1,20,,65357,1,0,5,2,20,,65369,1,0,5,2,55,,65349,1,0,5,2,15,,65376,1,0,5,2,15,,65365,1,0,5,2,15,,65339,1,0,5,1,55,,65384,1,0,5,1,15,,65358,1,0,5,2,15,,65372,1,0,5,2,15,,65370,1,0,5,2,55,,65350,1,0,5,2,15,,65377,1,0,5,2,15,,65366,1,0,5,2,15,,65340,1,0,5,1,55,,65385,1,0,5,1,15,,65359,1,0,5,2,15,,65373,1,0,5,2,15,,65371,1,0,5,2,55,,65351,1,0,5,2,14,,65378,1,0,5,2,14,,65333,1,0,5,1,13,,65367,1,0,5,2,14,,65386,1,0,5,1,55,,65360,1,0,5,2,15,,65332,1,0,5,2,15,,65374,1,0,5,2,16,,65352,1,0,5,2,56,,65379,1,0,5,2,16,,65341,1,0,5,1,15,,65368,1,0,5,2,16,,65387,1,0,5,1,71,,65361,1,0,5,2,72,,65353,1,0,5,2,32,,65342,1,0,5,1,72,,65362,1,0,5,2,33,,65354,1,0,5,2,70,,65343,1,0,5,1,31,,65363,1,0,5,2,70,,65355,1,0,5,2,30,,65344,1,0,5,1,68,,65364,1,0,5,2,30,,65356,1,0,5,2,69,,65345,1,0,5,1
19301,'H58JV00S-82-S',520,,65391,1,0,5,2,34,,65395,1,0,5,2,64,,65390,1,0,5,2,24,,65393,1,0,5,2,64,,65394,1,0,5,1,16,,65396,1,0,5,2,10,,65401,1,0,5,2,12,,65425,1,0,5,1,13,,65407,1,0,5,2,52,,65408,1,0,5,1,12,,65424,1,0,5,2,16,,65403,1,0,5,1,20,,65388,1,0,5,2,61,,65402,1,0,5,2,28,,65426,1,0,5,1,70,,65409,1,0,5,1,29,,65404,1,0,5,1,67,,65389,1,0,5,2,18,,65414,1,0,5,1,15,,65427,1,0,5,1,55,,65418,1,0,5,1,16,,65410,1,0,5,1,19,,65421,1,0,5,2,18,,65405,1,0,5,1,58,,65430,1,0,5,2,16,,65432,1,0,5,2,13,,65415,1,0,5,1,12,,65428,1,0,5,1,52,,65419,1,0,5,1,12,,65392,1,0,5,1,10,,65435,1,0,5,2,10,,65411,1,0,5,1,10,,65422,1,0,5,2,10,,65406,1,0,5,1,60,,65431,1,0,5,2,6,,65448,1,0,5,2,6,,65449,1,0,5,2,15,,65451,1,0,5,1,6,,65434,1,0,5,2,7,,65416,1,0,5,1,48,,65429,1,0,5,1,16,,65420,1,0,5,1,8,,65453,1,0,5,1,8,,65436,1,0,5,2,8,,65433,1,0,5,1,9,,65412,1,0,5,2,49,,65423,1,0,5,2,8,,65439,1,0,5,1,18,,65438,1,0,5,2,11,,65450,1,0,5,2,12,,65397,1,0,5,1,52,,65452,1,0,5,1,12,,65417,1,0,5,1,12,,65444,1,0,5,1,12,,65437,1,0,5,2,14,,65454,1,0,5,1,59,,65413,1,0,5,1,20,,65440,1,0,5,1,19,,65398,1,0,5,1,80,,65445,1,0,5,1,20,,65455,1,0,5,1,59,,65458,1,0,5,1,18,,65441,1,0,5,1,20,,65399,1,0,5,1,67,,65446,1,0,5,1,30,,65456,1,0,5,1,71,,65442,1,0,5,1,31,,65400,1,0,5,1,72,,65447,1,0,5,1,33,,65457,1,0,5,1,60,,65443,1,0,5,1
19302,'H54J000S-83-S',1459,,65459,51,4,,2
19302,'H54JV00S-80-S',1459,,65460,51,4,,2
19302,'H58J000A-83-A',544,,65461,51,4,,2,69,,65487,51,4,,1,29,,65480,51,4,,2,71,,65462,51,4,,2,32,,65488,51,4,,1,71,,65481,51,4,,2,32,,65463,51,4,,2,68,,65503,51,4,,2,20,,65489,51,4,,1,20,,65499,51,4,,1,61,,65482,51,4,,2,17,,65471,51,4,,2,15,,65467,51,4,,2,55,,65464,51,4,,2,16,,65504,51,4,,2,15,,65490,51,4,,1,16,,65510,51,4,,2,55,,65500,51,4,,1,15,,65483,51,4,,2,16,,65472,51,4,,2,16,,65468,51,4,,2,52,,65465,51,4,,2,13,,65505,51,4,,2,13,,65516,51,4,,2,11,,65491,51,4,,1,11,,65511,51,4,,2,53,,65501,51,4,,1,14,,65484,51,4,,2,13,,65473,51,4,,2,13,,65469,51,4,,2,13,,65466,51,4,,2,53,,65506,51,4,,2,13,,65517,51,4,,2,13,,65492,51,4,,1,12,,65512,51,4,,2,53,,65502,51,4,,1,12,,65485,51,4,,2,12,,65520,51,4,,2,12,,65474,51,4,,2,12,,65470,51,4,,2,55,,65507,51,4,,2,16,,65518,51,4,,2,17,,65493,51,4,,1,17,,65513,51,4,,2,59,,65486,51,4,,2,18,,65475,51,4,,2,20,,65521,51,4,,2,61,,65519,51,4,,2,20,,65494,51,4,,1,18,,65514,51,4,,2,68,,65476,51,4,,2,32,,65522,51,4,,2,71,,65495,51,4,,1,31,,65515,51,4,,2,72,,65477,51,4,,2,30,,65496,51,4,,1,71,,65508,51,4,,2,28,,65478,51,4,,2,69,,65497,51,4,,1,31,,65509,51,4,,2,71,,65479,51,4,,2,25,,65498,51,4,,1
19302,'H58J000I-81-I',608,,65528,51,4,,1,32,,65542,51,4,,2,70,,65534,51,4,,1,30,,65529,51,4,,1,71,,65543,51,4,,2,32,,65535,51,4,,1,71,,65530,51,4,,1,33,,65544,51,4,,2,70,,65523,51,4,,2,20,,65531,51,4,,1,20,,65536,51,4,,1,63,,65557,51,4,,2,23,,65545,51,4,,2,60,,65524,51,4,,2,17,,65566,51,4,,2,16,,65532,51,4,,1,16,,65537,51,4,,1,55,,65558,51,4,,2,14,,65572,51,4,,2,15,,65570,51,4,,2,15,,65546,51,4,,2,54,,65525,51,4,,2,15,,65567,51,4,,2,14,,65533,51,4,,1,15,,65538,51,4,,1,55,,65559,51,4,,2,16,,65573,51,4,,2,15,,65571,51,4,,2,17,,65547,51,4,,2,57,,65526,51,4,,2,18,,65568,51,4,,2,18,,65539,51,4,,1,60,,65560,51,4,,2,20,,65574,51,4,,2,20,,65548,51,4,,2,60,,65527,51,4,,2,20,,65569,51,4,,2,20,,65540,51,4,,1,58,,65561,51,4,,2,32,,65549,51,4,,2,71,,65553,51,4,,1,29,,65541,51,4,,1,67,,65562,51,4,,2,32,,65550,51,4,,2,71,,65554,51,4,,1,31,,65563,51,4,,2,70,,65551,51,4,,2,29,,65555,51,4,,1,69,,65564,51,4,,2,29,,65552,51,4,,2,68,,65556,51,4,,1,27,,65565,51,4,,2
19302,'H58J000I-82-I',608,,65580,51,4,,1,32,,65594,51,4,,2,70,,65586,51,4,,1,30,,65581,51,4,,1,71,,65595,51,4,,2,32,,65587,51,4,,1,71,,65582,51,4,,1,33,,65596,51,4,,2,70,,65575,51,4,,2,20,,65583,51,4,,1,20,,65588,51,4,,1,63,,65609,51,4,,2,23,,65597,51,4,,2,60,,65576,51,4,,2,17,,65618,51,4,,2,16,,65584,51,4,,1,16,,65589,51,4,,1,55,,65610,51,4,,2,14,,65624,51,4,,2,15,,65622,51,4,,2,15,,65598,51,4,,2,54,,65577,51,4,,2,15,,65619,51,4,,2,14,,65585,51,4,,1,15,,65590,51,4,,1,55,,65611,51,4,,2,16,,65625,51,4,,2,15,,65623,51,4,,2,17,,65599,51,4,,2,57,,65578,51,4,,2,18,,65620,51,4,,2,18,,65591,51,4,,1,60,,65612,51,4,,2,20,,65626,51,4,,2,20,,65600,51,4,,2,60,,65579,51,4,,2,20,,65621,51,4,,2,20,,65592,51,4,,1,58,,65613,51,4,,2,32,,65601,51,4,,2,71,,65605,51,4,,1,29,,65593,51,4,,1,67,,65614,51,4,,2,32,,65602,51,4,,2,71,,65606,51,4,,1,31,,65615,51,4,,2,70,,65603,51,4,,2,29,,65607,51,4,,1,69,,65616,51,4,,2,29,,65604,51,4,,2,68,,65608,51,4,,1,27,,65617,51,4,,2
19302,'H58J000S-81-S',537,,65627,51,4,,2,71,,65631,51,4,,2,23,,65634,51,4,,2,23,,65637,51,4,,1,61,,65639,51,4,,2,12,,65645,51,4,,2,9,,65649,51,4,,2,9,,65654,51,4,,1,6,,65655,51,4,,2,8,,65657,51,4,,2,50,,65632,51,4,,2,11,,65662,51,4,,2,8,,65650,51,4,,1,8,,65635,51,4,,2,10,,65628,51,4,,2,9,,65647,51,4,,2,50,,65638,51,4,,1,8,,65640,51,4,,2,10,,65646,51,4,,2,12,,65674,51,4,,1,12,,65656,51,4,,2,12,,65636,51,4,,2,52,,65658,51,4,,2,12,,65673,51,4,,2,14,,65651,51,4,,1,15,,65629,51,4,,2,55,,65663,51,4,,1,15,,65648,51,4,,2,15,,65675,51,4,,1,16,,65667,51,4,,1,54,,65659,51,4,,2,16,,65670,51,4,,2,16,,65652,51,4,,1,13,,65678,51,4,,2,53,,65630,51,4,,2,12,,65680,51,4,,2,13,,65664,51,4,,1,13,,65676,51,4,,1,13,,65668,51,4,,1,54,,65633,51,4,,1,13,,65660,51,4,,2,12,,65671,51,4,,2,12,,65653,51,4,,1,63,,65679,51,4,,2,11,,65681,51,4,,2,13,,65682,51,4,,2,11,,65665,51,4,,1,11,,65677,51,4,,1,55,,65669,51,4,,1,16,,65683,51,4,,2,11,,65661,51,4,,2,11,,65672,51,4,,2,54,,65685,51,4,,2,14,,65684,51,4,,2,14,,65694,51,4,,2,16,,65695,51,4,,1,56,,65666,51,4,,1,18,,65690,51,4,,2,23,,65696,51,4,,1,69,,65686,51,4,,2,28,,65641,51,4,,1,67,,65691,51,4,,2,29,,65697,51,4,,1,68,,65687,51,4,,2,30,,65642,51,4,,1,69,,65692,51,4,,2,29,,65698,51,4,,1,69,,65688,51,4,,2,25,,65643,51,4,,1,29,,65693,51,4,,2,69,,65699,51,4,,1,29,,65689,51,4,,2,73,,65644,51,4,,1
19302,'H58J000S-83-S',537,,65700,51,4,,2,71,,65704,51,4,,2,23,,65707,51,4,,2,23,,65710,51,4,,1,61,,65712,51,4,,2,12,,65718,51,4,,2,9,,65722,51,4,,2,9,,65727,51,4,,1,6,,65728,51,4,,2,8,,65730,51,4,,2,50,,65705,51,4,,2,11,,65735,51,4,,2,8,,65723,51,4,,1,8,,65708,51,4,,2,10,,65701,51,4,,2,9,,65720,51,4,,2,50,,65711,51,4,,1,8,,65713,51,4,,2,10,,65719,51,4,,2,12,,65747,51,4,,1,12,,65729,51,4,,2,12,,65709,51,4,,2,52,,65731,51,4,,2,12,,65746,51,4,,2,14,,65724,51,4,,1,15,,65702,51,4,,2,55,,65736,51,4,,1,15,,65721,51,4,,2,15,,65748,51,4,,1,16,,65740,51,4,,1,54,,65732,51,4,,2,16,,65743,51,4,,2,16,,65725,51,4,,1,13,,65751,51,4,,2,53,,65703,51,4,,2,12,,65753,51,4,,2,13,,65737,51,4,,1,13,,65749,51,4,,1,13,,65741,51,4,,1,54,,65706,51,4,,1,13,,65733,51,4,,2,12,,65744,51,4,,2,12,,65726,51,4,,1,63,,65752,51,4,,2,11,,65754,51,4,,2,13,,65755,51,4,,2,11,,65738,51,4,,1,11,,65750,51,4,,1,55,,65742,51,4,,1,16,,65756,51,4,,2,11,,65734,51,4,,2,11,,65745,51,4,,2,54,,65758,51,4,,2,14,,65757,51,4,,2,14,,65767,51,4,,2,16,,65768,51,4,,1,56,,65739,51,4,,1,18,,65763,51,4,,2,23,,65769,51,4,,1,69,,65759,51,4,,2,28,,65714,51,4,,1,67,,65764,51,4,,2,29,,65770,51,4,,1,68,,65760,51,4,,2,30,,65715,51,4,,1,69,,65765,51,4,,2,29,,65771,51,4,,1,69,,65761,51,4,,2,25,,65716,51,4,,1,29,,65766,51,4,,2,69,,65772,51,4,,1,29,,65762,51,4,,2,73,,65717,51,4,,1
19302,'H58JV00A-80-A',544,,65829,51,4,,2,69,,65783,51,4,,1,29,,65776,51,4,,2,71,,65830,51,4,,2,32,,65784,51,4,,1,71,,65777,51,4,,2,32,,65831,51,4,,2,68,,65795,51,4,,2,20,,65785,51,4,,1,20,,65816,51,4,,1,61,,65778,51,4,,2,17,,65820,51,4,,2,15,,65806,51,4,,2,55,,65832,51,4,,2,16,,65796,51,4,,2,15,,65786,51,4,,1,16,,65810,51,4,,2,55,,65817,51,4,,1,15,,65779,51,4,,2,16,,65821,51,4,,2,16,,65807,51,4,,2,52,,65833,51,4,,2,13,,65797,51,4,,2,13,,65800,51,4,,2,11,,65787,51,4,,1,11,,65811,51,4,,2,53,,65818,51,4,,1,14,,65780,51,4,,2,13,,65822,51,4,,2,13,,65808,51,4,,2,13,,65834,51,4,,2,53,,65798,51,4,,2,13,,65801,51,4,,2,13,,65788,51,4,,1,12,,65812,51,4,,2,53,,65819,51,4,,1,12,,65781,51,4,,2,12,,65775,51,4,,2,12,,65823,51,4,,2,12,,65809,51,4,,2,55,,65799,51,4,,2,16,,65802,51,4,,2,17,,65789,51,4,,1,17,,65813,51,4,,2,59,,65782,51,4,,2,18,,65824,51,4,,2,20,,65804,51,4,,2,61,,65803,51,4,,2,20,,65790,51,4,,1,18,,65814,51,4,,2,68,,65825,51,4,,2,32,,65805,51,4,,2,71,,65791,51,4,,1,31,,65815,51,4,,2,72,,65826,51,4,,2,30,,65792,51,4,,1,71,,65773,51,4,,2,28,,65827,51,4,,2,69,,65793,51,4,,1,31,,65774,51,4,,2,71,,65828,51,4,,2,25,,65794,51,4,,1
19302,'H58JV00I-81-I',608,,65835,51,4,,1,32,,65845,51,4,,2,70,,65879,51,4,,1,30,,65836,51,4,,1,71,,65846,51,4,,2,32,,65880,51,4,,1,71,,65837,51,4,,1,33,,65847,51,4,,2,70,,65874,51,4,,2,20,,65838,51,4,,1,20,,65881,51,4,,1,63,,65856,51,4,,2,23,,65848,51,4,,2,60,,65875,51,4,,2,17,,65865,51,4,,2,16,,65839,51,4,,1,16,,65882,51,4,,1,55,,65857,51,4,,2,14,,65871,51,4,,2,15,,65869,51,4,,2,15,,65849,51,4,,2,54,,65876,51,4,,2,15,,65866,51,4,,2,14,,65840,51,4,,1,15,,65883,51,4,,1,55,,65858,51,4,,2,16,,65872,51,4,,2,15,,65870,51,4,,2,17,,65850,51,4,,2,57,,65877,51,4,,2,18,,65867,51,4,,2,18,,65884,51,4,,1,60,,65859,51,4,,2,20,,65873,51,4,,2,20,,65851,51,4,,2,60,,65878,51,4,,2,20,,65868,51,4,,2,20,,65885,51,4,,1,58,,65860,51,4,,2,32,,65852,51,4,,2,71,,65841,51,4,,1,29,,65886,51,4,,1,67,,65861,51,4,,2,32,,65853,51,4,,2,71,,65842,51,4,,1,31,,65862,51,4,,2,70,,65854,51,4,,2,29,,65843,51,4,,1,69,,65863,51,4,,2,29,,65855,51,4,,2,68,,65844,51,4,,1,27,,65864,51,4,,2
19302,'H58JV00S-82-S',537,,65887,51,4,,2,71,,65891,51,4,,2,23,,65894,51,4,,2,23,,65897,51,4,,1,61,,65899,51,4,,2,12,,65905,51,4,,2,9,,65909,51,4,,1,9,,65914,51,4,,1,6,,65915,51,4,,2,8,,65917,51,4,,1,50,,65892,51,4,,2,11,,65922,51,4,,2,8,,65910,51,4,,1,8,,65895,51,4,,2,10,,65888,51,4,,2,9,,65907,51,4,,1,50,,65898,51,4,,1,8,,65900,51,4,,2,10,,65906,51,4,,2,12,,65934,51,4,,1,12,,65916,51,4,,2,12,,65896,51,4,,2,52,,65918,51,4,,1,12,,65933,51,4,,2,14,,65911,51,4,,1,15,,65889,51,4,,2,55,,65923,51,4,,1,15,,65908,51,4,,2,15,,65935,51,4,,1,16,,65927,51,4,,1,54,,65919,51,4,,1,16,,65930,51,4,,2,16,,65912,51,4,,1,13,,65938,51,4,,2,53,,65890,51,4,,2,12,,65940,51,4,,2,13,,65924,51,4,,1,13,,65936,51,4,,1,13,,65928,51,4,,1,54,,65893,51,4,,1,13,,65920,51,4,,1,12,,65931,51,4,,2,12,,65913,51,4,,1,63,,65939,51,4,,2,11,,65941,51,4,,2,13,,65942,51,4,,1,11,,65925,51,4,,1,11,,65937,51,4,,1,55,,65929,51,4,,1,16,,65943,51,4,,2,11,,65921,51,4,,1,11,,65932,51,4,,2,54,,65945,51,4,,1,14,,65944,51,4,,2,14,,65954,51,4,,2,16,,65955,51,4,,1,56,,65926,51,4,,1,18,,65950,51,4,,1,23,,65956,51,4,,1,69,,65946,51,4,,1,28,,65901,51,4,,1,67,,65951,51,4,,1,29,,65957,51,4,,1,68,,65947,51,4,,1,30,,65902,51,4,,1,69,,65952,51,4,,1,29,,65958,51,4,,1,69,,65948,51,4,,1,25,,65903,51,4,,1,29,,65953,51,4,,1,69,,65959,51,4,,1,29,,65949,51,4,,1,73,,65904,51,4,,1
