11703,'H60U000A-85-A',658,,251670,18,0,8,1,86,,251671,18,0,8,1,86,,251672,18,0,8,1,86,,251673,18,0,8,1,87,,251674,18,0,8,1,47,,251675,18,0,8,1,87,,251676,18,0,8,1,88,,251677,18,0,8,1,88,,251678,18,0,8,1,88,,251679,18,0,8,1,48,,251680,18,0,8,1,90,,251681,18,0,8,1,91,,251682,18,0,8,1,90,,251683,18,0,8,1,89,,251684,18,0,8,1,46,,251685,18,0,8,1,86,,251686,18,0,8,1
11703,'H60U000I-84-I',857,,251687,18,0,8,1,88,,251688,18,0,8,1,89,,251689,18,0,8,1,89,,251690,18,0,8,1,89,,251691,18,0,8,1,89,,251692,18,0,8,1,49,,251693,18,0,8,1,90,,251694,18,0,8,1,90,,251695,18,0,8,1,90,,251696,18,0,8,1,89,,251697,18,0,8,1,48,,251698,18,0,8,1,85,,251699,18,0,8,1,85,,251700,18,0,8,1,85,,251701,18,0,8,1
11703,'H60U000S-86-S',555,,251711,18,0,8,1,88,,251712,18,0,8,1,72,,251714,18,0,8,2,31,,251716,18,0,8,2,73,,251713,18,0,8,1,31,,251710,18,0,8,1,75,,251715,18,0,8,2,87,,251702,18,0,8,1,91,,251703,18,0,8,1,51,,251704,18,0,8,1,91,,251705,18,0,8,1,92,,251706,18,0,8,1,92,,251707,18,0,8,1,27,,251717,18,0,8,1,72,,251708,18,0,8,1,31,,251718,18,0,8,1,71,,251709,18,0,8,1,72,,251719,18,0,8,1,30,,251722,18,0,8,2,69,,251720,18,0,8,1,21,,251724,18,0,8,2,22,,251723,18,0,8,2,70,,251721,18,0,8,1
11703,'H60U100F-85-F1',857,,251725,18,0,8,1,88,,251726,18,0,8,1,89,,251727,18,0,8,1,89,,251728,18,0,8,1,89,,251729,18,0,8,1,89,,251730,18,0,8,1,49,,251731,18,0,8,1,90,,251732,18,0,8,1,90,,251733,18,0,8,1,90,,251734,18,0,8,1,89,,251735,18,0,8,1,48,,251736,18,0,8,1,85,,251737,18,0,8,1,85,,251738,18,0,8,1,85,,251739,18,0,8,1
11703,'H60U200F-83-F2',857,,251740,18,0,8,1,88,,251741,18,0,8,1,89,,251742,18,0,8,1,89,,251743,18,0,8,1,89,,251744,18,0,8,1,89,,251745,18,0,8,1,49,,251746,18,0,8,1,90,,251747,18,0,8,1,90,,251748,18,0,8,1,90,,251749,18,0,8,1,89,,251750,18,0,8,1,48,,251751,18,0,8,1,85,,251752,18,0,8,1,85,,251753,18,0,8,1,85,,251754,18,0,8,1
17003,'H60U000A-85-A',628,,262839,9,0,8,1,28,,262859,9,0,8,2,70,,262840,9,0,8,1,30,,262860,9,0,8,2,71,,262841,9,0,8,1,30,,262861,9,0,8,2,70,,262844,9,0,8,1,31,,262862,9,0,8,2,70,,262845,9,0,8,1,29,,262863,9,0,8,2,69,,262842,9,0,8,1,28,,262864,9,0,8,2,68,,262843,9,0,8,1,29,,262865,9,0,8,2,68,,262846,9,0,8,1,29,,262866,9,0,8,2,68,,262847,9,0,8,1,29,,262867,9,0,8,2,63,,262848,9,0,8,1,18,,262874,9,0,8,2,18,,262868,9,0,8,2,61,,262849,9,0,8,1,18,,262875,9,0,8,2,18,,262869,9,0,8,2,61,,262850,9,0,8,1,18,,262876,9,0,8,2,25,,262870,9,0,8,2,67,,262851,9,0,8,1,29,,262871,9,0,8,2,67,,262852,9,0,8,1,29,,262872,9,0,8,2,67,,262853,9,0,8,1,24,,262877,9,0,8,2,23,,262873,9,0,8,2,64,,262854,9,0,8,1,26,,262878,9,0,8,2,70,,262855,9,0,8,1,29,,262880,9,0,8,2,69,,262856,9,0,8,1,29,,262879,9,0,8,2,69,,262857,9,0,8,1,31,,262881,9,0,8,2,71,,262858,9,0,8,1,31,,262882,9,0,8,2
17003,'H60U000I-84-I',637,,262883,9,0,8,1,73,,262906,9,0,8,2,33,,262884,9,0,8,1,72,,262907,9,0,8,2,32,,262885,9,0,8,1,72,,262908,9,0,8,2,32,,262886,9,0,8,1,70,,262909,9,0,8,2,29,,262887,9,0,8,1,70,,262910,9,0,8,2,31,,262888,9,0,8,1,68,,262911,9,0,8,2,28,,262889,9,0,8,1,69,,262912,9,0,8,2,29,,262890,9,0,8,1,68,,262913,9,0,8,2,29,,262891,9,0,8,1,68,,262914,9,0,8,2,30,,262892,9,0,8,1,70,,262915,9,0,8,2,28,,262893,9,0,8,1,70,,262916,9,0,8,2,33,,262894,9,0,8,1,70,,262917,9,0,8,2,27,,262895,9,0,8,1,70,,262918,9,0,8,2,27,,262896,9,0,8,1,68,,262919,9,0,8,2,27,,262897,9,0,8,1,28,,262920,9,0,8,2,68,,262898,9,0,8,1,29,,262902,9,0,8,1,69,,262899,9,0,8,1,30,,262903,9,0,8,1,71,,262900,9,0,8,1,31,,262904,9,0,8,1,73,,262901,9,0,8,1,72,,262905,9,0,8,1
17003,'H60U000S-86-S',538,,262921,9,0,8,1,73,,262922,9,0,8,1,34,,262936,9,0,8,2,73,,262923,9,0,8,1,31,,262937,9,0,8,2,72,,262924,9,0,8,1,29,,262945,9,0,8,2,69,,262929,9,0,8,1,24,,262925,9,0,8,1,63,,262938,9,0,8,1,23,,262930,9,0,8,1,30,,262948,9,0,8,1,70,,262931,9,0,8,1,29,,262949,9,0,8,1,70,,262932,9,0,8,1,30,,262950,9,0,8,1,70,,262933,9,0,8,1,30,,262951,9,0,8,1,72,,262934,9,0,8,1,71,,262952,9,0,8,1,23,,262954,9,0,8,1,21,,262935,9,0,8,1,55,,262955,9,0,8,2,12,,262946,9,0,8,1,14,,262957,9,0,8,1,15,,262926,9,0,8,1,18,,262960,9,0,8,2,57,,262947,9,0,8,1,14,,262956,9,0,8,2,14,,262927,9,0,8,1,14,,262958,9,0,8,2,54,,262961,9,0,8,2,14,,262969,9,0,8,2,17,,262928,9,0,8,1,15,,262953,9,0,8,1,56,,262962,9,0,8,2,18,,262939,9,0,8,1,18,,262959,9,0,8,2,61,,262963,9,0,8,2,27,,262940,9,0,8,1,70,,262964,9,0,8,2,29,,262941,9,0,8,1,69,,262965,9,0,8,2,31,,262942,9,0,8,1,70,,262966,9,0,8,2,29,,262943,9,0,8,1,70,,262967,9,0,8,2,30,,262944,9,0,8,1,71,,262968,9,0,8,2
17003,'H60U100F-85-F1',637,,262970,9,0,8,1,73,,262989,9,0,8,2,33,,262971,9,0,8,1,72,,262990,9,0,8,2,32,,262972,9,0,8,1,72,,262991,9,0,8,2,32,,262973,9,0,8,1,70,,262992,9,0,8,2,29,,262974,9,0,8,1,70,,262993,9,0,8,2,31,,262975,9,0,8,1,68,,262994,9,0,8,2,28,,262976,9,0,8,1,69,,262995,9,0,8,2,29,,262977,9,0,8,1,68,,262996,9,0,8,2,29,,262978,9,0,8,1,68,,262997,9,0,8,2,30,,262979,9,0,8,1,70,,262998,9,0,8,2,28,,262980,9,0,8,1,70,,262999,9,0,8,2,33,,262981,9,0,8,1,70,,263000,9,0,8,2,27,,262982,9,0,8,1,70,,263001,9,0,8,2,27,,262983,9,0,8,1,68,,263002,9,0,8,2,27,,262984,9,0,8,1,28,,263003,9,0,8,2,68,,262985,9,0,8,1,29,,263004,9,0,8,2,69,,262988,9,0,8,1,30,,263005,9,0,8,2,71,,262987,9,0,8,1,31,,263006,9,0,8,2,73,,262986,9,0,8,1,72,,263007,9,0,8,2
17003,'H60U200F-83-F2',637,,263008,9,0,8,1,73,,263027,9,0,8,2,33,,263009,9,0,8,1,72,,263028,9,0,8,2,32,,263010,9,0,8,1,72,,263029,9,0,8,2,32,,263011,9,0,8,1,70,,263030,9,0,8,2,29,,263012,9,0,8,1,70,,263031,9,0,8,2,31,,263013,9,0,8,1,68,,263032,9,0,8,2,28,,263014,9,0,8,1,69,,263033,9,0,8,2,29,,263015,9,0,8,1,68,,263034,9,0,8,2,29,,263016,9,0,8,1,68,,263035,9,0,8,2,30,,263017,9,0,8,1,70,,263036,9,0,8,2,28,,263018,9,0,8,1,70,,263037,9,0,8,2,33,,263019,9,0,8,1,70,,263038,9,0,8,2,27,,263020,9,0,8,1,70,,263039,9,0,8,2,27,,263021,9,0,8,1,68,,263040,9,0,8,2,27,,263022,9,0,8,1,28,,263041,9,0,8,2,68,,263023,9,0,8,1,29,,263042,9,0,8,2,69,,263026,9,0,8,1,30,,263043,9,0,8,2,71,,263025,9,0,8,1,31,,263044,9,0,8,2,73,,263024,9,0,8,1,72,,263045,9,0,8,2
