19501,'H56J000A-80-A',513,,65993,45,0,5,1,30,,65960,45,0,5,2,70,,65969,45,0,5,1,30,,65995,45,0,5,1,70,,65994,45,0,5,1,30,,65961,45,0,5,2,72,,65970,45,0,5,1,33,,65996,45,0,5,1,70,,65987,45,0,5,1,30,,65962,45,0,5,2,71,,65971,45,0,5,1,32,,65979,45,0,5,2,71,,65988,45,0,5,1,30,,65963,45,0,5,2,70,,65972,45,0,5,1,31,,65980,45,0,5,2,71,,65989,45,0,5,1,30,,65964,45,0,5,2,70,,65973,45,0,5,1,34,,65981,45,0,5,2,70,,65990,45,0,5,1,31,,65965,45,0,5,2,72,,65974,45,0,5,1,70,,65982,45,0,5,2,30,,65991,45,0,5,1,69,,65966,45,0,5,2,30,,65975,45,0,5,1,27,,65983,45,0,5,2,69,,65992,45,0,5,1,29,,65967,45,0,5,2,69,,65976,45,0,5,1,29,,65984,45,0,5,2,69,,65997,45,0,5,1,29,,65968,45,0,5,2,69,,65977,45,0,5,1,29,,65985,45,0,5,2,70,,65998,45,0,5,1,29,,66000,45,0,5,2,69,,65978,45,0,5,1,29,,65986,45,0,5,2,69,,66001,45,0,5,2,28,,65999,45,0,5,1
19501,'H56J000I-80-I',514,,66011,45,0,5,2,30,,66007,45,0,5,1,70,,66004,45,0,5,2,30,,66002,45,0,5,1,70,,66012,45,0,5,2,30,,66008,45,0,5,1,70,,66005,45,0,5,2,29,,66003,45,0,5,1,69,,66013,45,0,5,2,32,,66010,45,0,5,1,69,,66006,45,0,5,2,32,,66009,45,0,5,1,72,,66014,45,0,5,2,32,,66026,45,0,5,1,71,,66019,45,0,5,1,31,,66033,45,0,5,2,70,,66015,45,0,5,2,30,,66027,45,0,5,1,70,,66020,45,0,5,1,30,,66034,45,0,5,2,71,,66016,45,0,5,2,31,,66028,45,0,5,1,70,,66021,45,0,5,1,30,,66035,45,0,5,2,70,,66017,45,0,5,2,31,,66029,45,0,5,1,70,,66022,45,0,5,1,30,,66036,45,0,5,2,67,,66018,45,0,5,2,28,,66030,45,0,5,1,68,,66023,45,0,5,1,30,,66037,45,0,5,2,70,,66040,45,0,5,2,31,,66031,45,0,5,1,71,,66024,45,0,5,1,29,,66038,45,0,5,1,70,,66041,45,0,5,2,29,,66032,45,0,5,1,70,,66025,45,0,5,1,30,,66039,45,0,5,1,70,,66042,45,0,5,2
19501,'H56J000S-80-S',503,,66045,45,0,5,1,32,,66076,45,0,5,1,75,,66052,45,0,5,2,33,,66075,45,0,5,1,75,,66080,45,0,5,1,103,,66053,45,0,5,2,24,,66059,45,0,5,2,70,,66062,45,0,5,1,30,,66069,45,0,5,1,71,,66078,45,0,5,1,31,,66060,45,0,5,2,71,,66063,45,0,5,1,30,,66070,45,0,5,1,71,,66079,45,0,5,1,30,,66061,45,0,5,2,72,,66064,45,0,5,1,33,,66071,45,0,5,1,172,,66054,45,0,5,1,26,,66046,45,0,5,2,66,,66050,45,0,5,1,27,,66055,45,0,5,1,70,,66066,45,0,5,2,23,,66077,45,0,5,1,67,,66081,45,0,5,1,28,,66051,45,0,5,1,25,,66056,45,0,5,1,69,,66067,45,0,5,2,29,,66072,45,0,5,1,69,,66047,45,0,5,1,27,,66057,45,0,5,1,69,,66068,45,0,5,2,28,,66073,45,0,5,1,70,,66048,45,0,5,1,29,,66058,45,0,5,1,67,,66065,45,0,5,1,28,,66074,45,0,5,1,68,,66049,45,0,5,1,33,,66044,45,0,5,2,74,,66043,45,0,5,1
19501,'H56JV00A-80-A',513,,66115,45,0,5,1,30,,66082,45,0,5,2,70,,66091,45,0,5,1,30,,66117,45,0,5,1,70,,66116,45,0,5,1,30,,66083,45,0,5,2,72,,66092,45,0,5,1,33,,66118,45,0,5,1,70,,66109,45,0,5,1,30,,66084,45,0,5,2,71,,66093,45,0,5,1,32,,66101,45,0,5,2,71,,66110,45,0,5,1,30,,66085,45,0,5,2,70,,66094,45,0,5,1,31,,66102,45,0,5,2,71,,66111,45,0,5,1,30,,66086,45,0,5,2,70,,66095,45,0,5,1,34,,66103,45,0,5,2,70,,66112,45,0,5,1,31,,66087,45,0,5,2,72,,66096,45,0,5,1,70,,66104,45,0,5,2,30,,66113,45,0,5,1,69,,66088,45,0,5,2,30,,66097,45,0,5,1,27,,66105,45,0,5,2,69,,66114,45,0,5,1,29,,66089,45,0,5,2,69,,66098,45,0,5,1,29,,66106,45,0,5,2,69,,66119,45,0,5,1,29,,66090,45,0,5,2,69,,66099,45,0,5,1,29,,66107,45,0,5,2,70,,66120,45,0,5,1,29,,66122,45,0,5,2,69,,66100,45,0,5,1,29,,66108,45,0,5,2,69,,66123,45,0,5,2,28,,66121,45,0,5,1
19501,'H56JV00I-80-I',514,,66133,45,0,5,2,30,,66129,45,0,5,1,70,,66126,45,0,5,2,30,,66124,45,0,5,1,70,,66134,45,0,5,2,30,,66130,45,0,5,1,70,,66127,45,0,5,2,29,,66125,45,0,5,1,69,,66135,45,0,5,2,32,,66132,45,0,5,1,69,,66128,45,0,5,2,32,,66131,45,0,5,1,72,,66136,45,0,5,2,32,,66148,45,0,5,1,71,,66141,45,0,5,1,31,,66155,45,0,5,2,70,,66137,45,0,5,2,30,,66149,45,0,5,1,70,,66142,45,0,5,1,30,,66156,45,0,5,2,71,,66138,45,0,5,2,31,,66150,45,0,5,1,70,,66143,45,0,5,1,30,,66157,45,0,5,2,70,,66139,45,0,5,2,31,,66151,45,0,5,1,70,,66144,45,0,5,1,30,,66158,45,0,5,2,67,,66140,45,0,5,2,28,,66152,45,0,5,1,68,,66145,45,0,5,1,30,,66159,45,0,5,2,70,,66162,45,0,5,2,31,,66153,45,0,5,1,71,,66146,45,0,5,1,29,,66160,45,0,5,1,70,,66163,45,0,5,2,29,,66154,45,0,5,1,70,,66147,45,0,5,1,30,,66161,45,0,5,1,70,,66164,45,0,5,2
19501,'H56JV00S-80-S',503,,66167,45,0,5,1,32,,66198,45,0,5,1,75,,66174,45,0,5,2,33,,66197,45,0,5,1,75,,66202,45,0,5,1,103,,66175,45,0,5,2,24,,66181,45,0,5,2,70,,66184,45,0,5,1,30,,66191,45,0,5,1,71,,66200,45,0,5,1,31,,66182,45,0,5,2,71,,66185,45,0,5,1,30,,66192,45,0,5,1,71,,66201,45,0,5,1,30,,66183,45,0,5,2,72,,66186,45,0,5,1,33,,66193,45,0,5,1,172,,66176,45,0,5,1,26,,66168,45,0,5,2,66,,66172,45,0,5,1,27,,66177,45,0,5,1,70,,66188,45,0,5,2,23,,66199,45,0,5,1,67,,66203,45,0,5,1,28,,66173,45,0,5,1,25,,66178,45,0,5,1,69,,66189,45,0,5,2,29,,66194,45,0,5,1,69,,66169,45,0,5,1,27,,66179,45,0,5,1,69,,66190,45,0,5,2,28,,66195,45,0,5,1,70,,66170,45,0,5,1,29,,66180,45,0,5,1,67,,66187,45,0,5,1,28,,66196,45,0,5,1,68,,66171,45,0,5,1,33,,66166,45,0,5,1,74,,66165,45,0,5,1
19501,'H58J000S-81-S',752,,66204,45,0,5,2,673,,66205,45,0,5,2
19501,'H58J000S-83-S',752,,66206,45,0,5,2,673,,66207,45,0,5,2
19501,'H58JV00S-82-S',752,,66208,45,0,5,2,673,,66209,45,0,5,2
19501,'H60J000S-98-S',1457,,66210,45,0,5,1
19501,'H60JV00S-98-S',1457,,66211,45,0,5,1
