20201,'H50J000S-83-S',1719,,68655,31,0,5,1
20201,'H50JV00S-82-S',1719,,68656,31,0,5,1
20201,'H56J000S-80-S',605,,68658,31,0,5,1
20201,'H56JV00S-80-S',605,,68660,31,0,5,1
20201,'H60J000A-80-A',623,,68675,31,0,5,1,31,,68682,31,0,5,2,71,,68668,31,0,5,1,30,,68667,31,0,5,2,70,,68692,31,0,5,1,30,,68676,31,0,5,1,70,,68679,31,0,5,1,30,,68670,31,0,5,1,71,,68683,31,0,5,2,32,,68688,31,0,5,1,71,,68680,31,0,5,1,30,,68677,31,0,5,1,63,,68671,31,0,5,1,23,,68684,31,0,5,2,63,,68695,31,0,5,1,21,,68689,31,0,5,1,24,,68681,31,0,5,1,64,,68678,31,0,5,1,23,,68672,31,0,5,1,63,,68685,31,0,5,2,23,,68696,31,0,5,1,23,,68690,31,0,5,1,57,,68702,31,0,5,1,17,,68666,31,0,5,1,19,,68704,31,0,5,1,59,,68673,31,0,5,1,21,,68686,31,0,5,2,23,,68697,31,0,5,1,64,,68691,31,0,5,1,26,,68703,31,0,5,1,65,,68705,31,0,5,1,30,,68674,31,0,5,1,71,,68693,31,0,5,1,30,,68669,31,0,5,1,71,,68700,31,0,5,1,28,,68664,31,0,5,1,29,,68698,31,0,5,1,69,,68694,31,0,5,1,31,,68687,31,0,5,1,68,,68701,31,0,5,1,29,,68665,31,0,5,1,69,,68699,31,0,5,1
20201,'H60J000I-80-I',725,,68707,31,0,5,1,30,,68716,31,0,5,1,70,,68727,31,0,5,1,31,,68731,31,0,5,2,71,,68708,31,0,5,1,30,,68717,31,0,5,1,71,,68728,31,0,5,1,31,,68732,31,0,5,2,70,,68713,31,0,5,1,29,,68723,31,0,5,1,69,,68729,31,0,5,1,29,,68721,31,0,5,2,71,,68718,31,0,5,1,32,,68734,31,0,5,1,69,,68724,31,0,5,1,31,,68730,31,0,5,1,71,,68722,31,0,5,2,70,,68719,31,0,5,1,33,,68737,31,0,5,2,72,,68725,31,0,5,1,32,,68709,31,0,5,1,73,,68720,31,0,5,1,30,,68738,31,0,5,2,71,,68726,31,0,5,1,30,,68710,31,0,5,1,69,,68735,31,0,5,1,28,,68714,31,0,5,1,69,,68739,31,0,5,2,29,,68706,31,0,5,1,69,,68711,31,0,5,1,28,,68736,31,0,5,1,68,,68715,31,0,5,1,28,,68740,31,0,5,2,25,,68733,31,0,5,1,67,,68712,31,0,5,1
20201,'H60J000S-98-S',631,,68750,31,0,5,1,69,,68760,31,0,5,1,24,,68743,31,0,5,1,23,,68757,31,0,5,2,67,,68758,31,0,5,1,27,,68747,31,0,5,1,68,,68751,31,0,5,1,27,,68761,31,0,5,1,23,,68744,31,0,5,1,64,,68742,31,0,5,1,24,,68759,31,0,5,1,65,,68748,31,0,5,1,25,,68767,31,0,5,1,70,,68762,31,0,5,1,32,,68745,31,0,5,1,72,,68752,31,0,5,1,26,,68749,31,0,5,1,65,,68768,31,0,5,1,24,,68741,31,0,5,2,27,,68746,31,0,5,1,68,,68769,31,0,5,1,29,,68753,31,0,5,1,69,,68770,31,0,5,2,27,,68763,31,0,5,1,106,,68772,31,0,5,2,70,,68776,31,0,5,1,29,,68773,31,0,5,2,69,,68764,31,0,5,1,29,,68755,31,0,5,1,67,,68779,31,0,5,2,26,,68777,31,0,5,1,67,,68774,31,0,5,2,27,,68765,31,0,5,1,66,,68756,31,0,5,1,27,,68780,31,0,5,2,27,,68778,31,0,5,1,67,,68775,31,0,5,2,26,,68766,31,0,5,1,76,,68781,31,0,5,1
20201,'H60JV00A-80-A',623,,68816,31,0,5,1,31,,68799,31,0,5,2,71,,68784,31,0,5,1,30,,68783,31,0,5,2,70,,68818,31,0,5,1,30,,68817,31,0,5,1,70,,68819,31,0,5,1,30,,68790,31,0,5,1,71,,68800,31,0,5,2,32,,68795,31,0,5,1,71,,68822,31,0,5,1,30,,68820,31,0,5,1,63,,68791,31,0,5,1,23,,68801,31,0,5,2,63,,68806,31,0,5,1,21,,68796,31,0,5,1,24,,68823,31,0,5,1,64,,68821,31,0,5,1,23,,68792,31,0,5,1,63,,68802,31,0,5,2,23,,68807,31,0,5,1,23,,68797,31,0,5,1,57,,68811,31,0,5,1,17,,68815,31,0,5,1,19,,68804,31,0,5,1,59,,68793,31,0,5,1,21,,68803,31,0,5,2,23,,68808,31,0,5,1,64,,68798,31,0,5,1,26,,68812,31,0,5,1,65,,68805,31,0,5,1,30,,68794,31,0,5,1,71,,68786,31,0,5,1,30,,68785,31,0,5,1,71,,68813,31,0,5,1,28,,68788,31,0,5,1,29,,68809,31,0,5,1,69,,68787,31,0,5,1,31,,68782,31,0,5,1,68,,68814,31,0,5,1,29,,68789,31,0,5,1,69,,68810,31,0,5,1
20201,'H60JV00I-80-I',725,,68836,31,0,5,1,30,,68842,31,0,5,1,70,,68834,31,0,5,1,31,,68851,31,0,5,2,71,,68837,31,0,5,1,30,,68843,31,0,5,1,71,,68835,31,0,5,1,31,,68852,31,0,5,2,70,,68829,31,0,5,1,29,,68847,31,0,5,1,69,,68827,31,0,5,1,29,,68856,31,0,5,2,71,,68844,31,0,5,1,32,,68853,31,0,5,1,69,,68848,31,0,5,1,31,,68828,31,0,5,1,71,,68857,31,0,5,2,70,,68845,31,0,5,1,33,,68830,31,0,5,2,72,,68849,31,0,5,1,32,,68838,31,0,5,1,73,,68846,31,0,5,1,30,,68831,31,0,5,2,71,,68850,31,0,5,1,30,,68839,31,0,5,1,69,,68854,31,0,5,1,28,,68825,31,0,5,1,69,,68832,31,0,5,2,29,,68824,31,0,5,1,69,,68840,31,0,5,1,28,,68855,31,0,5,1,68,,68826,31,0,5,1,28,,68833,31,0,5,2,25,,68858,31,0,5,1,67,,68841,31,0,5,1
20201,'H60JV00S-98-S',631,,68887,31,0,5,1,69,,68891,31,0,5,1,24,,68875,31,0,5,1,23,,68874,31,0,5,2,67,,68889,31,0,5,1,27,,68862,31,0,5,1,68,,68888,31,0,5,1,27,,68892,31,0,5,1,23,,68876,31,0,5,1,64,,68898,31,0,5,1,24,,68890,31,0,5,1,65,,68863,31,0,5,1,25,,68894,31,0,5,1,70,,68893,31,0,5,1,32,,68877,31,0,5,1,72,,68882,31,0,5,1,26,,68864,31,0,5,1,65,,68895,31,0,5,1,24,,68860,31,0,5,2,27,,68859,31,0,5,1,68,,68868,31,0,5,1,29,,68883,31,0,5,1,69,,68897,31,0,5,2,27,,68878,31,0,5,1,106,,68861,31,0,5,1,70,,68869,31,0,5,1,29,,68865,31,0,5,2,69,,68879,31,0,5,1,29,,68885,31,0,5,1,67,,68872,31,0,5,2,26,,68870,31,0,5,1,67,,68866,31,0,5,2,27,,68880,31,0,5,1,66,,68886,31,0,5,1,27,,68873,31,0,5,2,27,,68871,31,0,5,1,67,,68867,31,0,5,2,26,,68881,31,0,5,1,76,,68899,31,0,5,1
