15002,'H59U000A-80-A',912,,258904,25,0,10,1,31,,258921,25,0,10,2,66,,258905,25,0,10,1,20,,258934,25,0,10,2,21,,258922,25,0,10,2,61,,258906,25,0,10,1,21,,258935,25,0,10,2,21,,258923,25,0,10,2,60,,258907,25,0,10,1,23,,258936,25,0,10,2,22,,258924,25,0,10,2,63,,258908,25,0,10,1,25,,258937,25,0,10,2,63,,258925,25,0,10,2,23,,258909,25,0,10,1,22,,258917,25,0,10,1,61,,258938,25,0,10,2,23,,258926,25,0,10,2,21,,258910,25,0,10,1,62,,258918,25,0,10,1,21,,258939,25,0,10,2,62,,258927,25,0,10,2,21,,258911,25,0,10,1,22,,258919,25,0,10,1,60,,258940,25,0,10,2,21,,258928,25,0,10,2,20,,258912,25,0,10,1,60,,258920,25,0,10,1,21,,258941,25,0,10,2,20,,258929,25,0,10,2,60,,258913,25,0,10,1,26,,258942,25,0,10,2,21,,258930,25,0,10,2,62,,258914,25,0,10,1,22,,258943,25,0,10,2,61,,258931,25,0,10,2,21,,258915,25,0,10,1,21,,258944,25,0,10,2,62,,258932,25,0,10,2,22,,258916,25,0,10,1,30,,258945,25,0,10,2,71,,258933,25,0,10,2,31,,258946,25,0,10,2
15002,'H59U000I-80-I',914,,258950,25,0,10,2,25,,258979,25,0,10,1,65,,258947,25,0,10,2,19,,258951,25,0,10,2,19,,258949,25,0,10,1,60,,258952,25,0,10,2,18,,258948,25,0,10,2,18,,258953,25,0,10,2,21,,258964,25,0,10,2,60,,258980,25,0,10,1,21,,258954,25,0,10,2,61,,258965,25,0,10,2,20,,258981,25,0,10,1,21,,258955,25,0,10,2,61,,258966,25,0,10,2,20,,258982,25,0,10,1,21,,258956,25,0,10,2,61,,258967,25,0,10,2,21,,258983,25,0,10,1,21,,258957,25,0,10,2,61,,258968,25,0,10,2,21,,258984,25,0,10,1,21,,258958,25,0,10,2,61,,258969,25,0,10,2,20,,258985,25,0,10,1,21,,258959,25,0,10,2,61,,258970,25,0,10,2,19,,258986,25,0,10,1,17,,258972,25,0,10,1,57,,258960,25,0,10,2,18,,258971,25,0,10,2,18,,258987,25,0,10,1,60,,258973,25,0,10,1,20,,258961,25,0,10,2,20,,258988,25,0,10,1,60,,258974,25,0,10,1,20,,258962,25,0,10,2,19,,258989,25,0,10,1,60,,258975,25,0,10,1,26,,258963,25,0,10,2,32,,258976,25,0,10,1,68,,258990,25,0,10,1,28,,258977,25,0,10,1,67,,258991,25,0,10,1,29,,258978,25,0,10,1
15002,'H59U000S-80-S',652,,258992,25,0,10,2,71,,259007,25,0,10,1,25,,259020,25,0,10,2,64,,258993,25,0,10,2,26,,259008,25,0,10,1,19,,258995,25,0,10,2,59,,259021,25,0,10,2,18,,259034,25,0,10,1,18,,259009,25,0,10,1,58,,258996,25,0,10,2,18,,259022,25,0,10,2,19,,259035,25,0,10,1,61,,259010,25,0,10,1,19,,258997,25,0,10,2,21,,259023,25,0,10,2,61,,259036,25,0,10,1,21,,259011,25,0,10,1,21,,258998,25,0,10,2,60,,259024,25,0,10,2,20,,259037,25,0,10,1,20,,259012,25,0,10,1,61,,258999,25,0,10,2,20,,259025,25,0,10,2,20,,259038,25,0,10,1,60,,259013,25,0,10,1,20,,259000,25,0,10,2,21,,259026,25,0,10,2,61,,259039,25,0,10,1,21,,259014,25,0,10,1,20,,259001,25,0,10,2,62,,259027,25,0,10,2,21,,259040,25,0,10,1,19,,259015,25,0,10,1,61,,259002,25,0,10,2,20,,259028,25,0,10,2,19,,259041,25,0,10,1,57,,259016,25,0,10,1,18,,259003,25,0,10,2,18,,259029,25,0,10,2,59,,259042,25,0,10,1,19,,259017,25,0,10,1,21,,259004,25,0,10,2,63,,259030,25,0,10,2,25,,259018,25,0,10,1,67,,259005,25,0,10,2,28,,259031,25,0,10,2,68,,259019,25,0,10,1,27,,259006,25,0,10,2,26,,259032,25,0,10,2,73,,258994,25,0,10,1,33,,259033,25,0,10,2
15002,'H59U100F-80-F1',914,,259046,25,0,10,2,25,,259075,25,0,10,1,65,,259043,25,0,10,2,19,,259047,25,0,10,2,19,,259045,25,0,10,1,60,,259048,25,0,10,2,18,,259044,25,0,10,2,18,,259049,25,0,10,2,21,,259060,25,0,10,2,60,,259076,25,0,10,1,21,,259050,25,0,10,2,61,,259061,25,0,10,2,20,,259077,25,0,10,1,21,,259051,25,0,10,2,61,,259062,25,0,10,2,20,,259078,25,0,10,1,21,,259052,25,0,10,2,61,,259063,25,0,10,2,21,,259079,25,0,10,1,21,,259053,25,0,10,2,61,,259064,25,0,10,2,21,,259080,25,0,10,1,21,,259054,25,0,10,2,61,,259065,25,0,10,2,20,,259081,25,0,10,1,21,,259055,25,0,10,2,61,,259066,25,0,10,2,19,,259082,25,0,10,1,17,,259068,25,0,10,1,57,,259056,25,0,10,2,18,,259067,25,0,10,2,18,,259083,25,0,10,1,60,,259069,25,0,10,1,20,,259057,25,0,10,2,20,,259084,25,0,10,1,60,,259070,25,0,10,1,20,,259058,25,0,10,2,19,,259085,25,0,10,1,60,,259071,25,0,10,1,26,,259059,25,0,10,2,32,,259072,25,0,10,1,68,,259086,25,0,10,1,28,,259073,25,0,10,1,67,,259087,25,0,10,1,29,,259074,25,0,10,1
15002,'H59U200F-80-F2',914,,259088,25,0,10,2,25,,259089,25,0,10,1,65,,259090,25,0,10,2,19,,259091,25,0,10,2,19,,259092,25,0,10,1,60,,259093,25,0,10,2,18,,259094,25,0,10,2,18,,259095,25,0,10,2,21,,259096,25,0,10,2,60,,259097,25,0,10,1,21,,259098,25,0,10,2,61,,259099,25,0,10,2,20,,259100,25,0,10,1,21,,259101,25,0,10,2,61,,259102,25,0,10,2,20,,259103,25,0,10,1,21,,259104,25,0,10,2,61,,259105,25,0,10,2,21,,259106,25,0,10,1,21,,259107,25,0,10,2,61,,259108,25,0,10,2,21,,259109,25,0,10,1,21,,259110,25,0,10,2,61,,259111,25,0,10,2,20,,259112,25,0,10,1,21,,259113,25,0,10,2,61,,259114,25,0,10,2,19,,259115,25,0,10,1,17,,259116,25,0,10,1,57,,259117,25,0,10,2,18,,259118,25,0,10,2,18,,259119,25,0,10,1,60,,259120,25,0,10,1,20,,259121,25,0,10,2,20,,259122,25,0,10,1,60,,259123,25,0,10,1,20,,259124,25,0,10,2,19,,259125,25,0,10,1,60,,259126,25,0,10,1,26,,259127,25,0,10,2,32,,259128,25,0,10,1,68,,259129,25,0,10,1,28,,259130,25,0,10,1,67,,259131,25,0,10,1,29,,259132,25,0,10,1
35002,'H56U000A-80-A',2521,,276638,24,0,10,1,80,,276646,24,0,10,1,30,,276645,24,0,10,1,11,,276649,24,0,10,1,10,,276637,24,0,10,1,50,,276641,24,0,10,1,9,,276651,24,0,10,1,10,,276648,24,0,10,2,10,,276642,24,0,10,2,10,,276639,24,0,10,1,10,,276643,24,0,10,2,51,,276640,24,0,10,1,10,,276644,24,0,10,2,10,,276647,24,0,10,1,19,,276650,24,0,10,1
35002,'H56U000I-80-I',2514,,276652,24,0,10,1,28,,276657,24,0,10,1,66,,276654,24,0,10,1,27,,276659,24,0,10,2,67,,276658,24,0,10,1,26,,276653,24,0,10,1,26,,276656,24,0,10,1,66,,276655,24,0,10,1
35002,'H56U000S-81-S',2518,,276660,24,0,10,2,85,,276663,24,0,10,1,52,,276661,24,0,10,2,86,,276662,24,0,10,1,69,,276665,24,0,10,2,15,,276664,24,0,10,1
35002,'H56U100F-80-F1',2514,,276666,24,0,10,1,28,,276671,24,0,10,1,66,,276668,24,0,10,1,27,,276673,24,0,10,2,67,,276672,24,0,10,1,26,,276667,24,0,10,1,26,,276670,24,0,10,1,66,,276669,24,0,10,1
35002,'H56U200F-80-F2',2514,,276674,24,0,10,1,28,,276679,24,0,10,1,66,,276676,24,0,10,1,27,,276681,24,0,10,2,67,,276680,24,0,10,1,26,,276675,24,0,10,1,26,,276678,24,0,10,1,66,,276677,24,0,10,1
35504,'H54U000A-80-A',2617,,276815,75,0,9,1,42,,276817,75,0,9,1,84,,276819,75,0,9,2,85,,276814,75,0,9,1,85,,276816,75,0,9,1,25,,276818,75,0,9,1
35504,'H54U000I-80-I',2609,,276825,75,0,9,2,45,,276823,75,0,9,1,86,,276820,75,0,9,1,86,,276821,75,0,9,2,88,,276824,75,0,9,1,29,,276822,75,0,9,1
35504,'H54U000S-81-S',2613,,276828,75,0,9,1,43,,276830,75,0,9,2,85,,276826,75,0,9,1,87,,276827,75,0,9,1,85,,276829,75,0,9,1,32,,276831,75,0,9,2
35504,'H54U100F-80-F1',2609,,276837,75,0,9,2,45,,276835,75,0,9,1,86,,276832,75,0,9,1,86,,276833,75,0,9,2,88,,276836,75,0,9,1,29,,276834,75,0,9,1
35504,'H54U200F-82-F2',2609,,276838,75,0,9,1,45,,276840,75,0,9,1,86,,276839,75,0,9,1,86,,276842,75,0,9,1,88,,276843,75,0,9,1,29,,276841,75,0,9,1
35802,'H59U000A-80-A',2520,,277017,32,0,10,1,31,,277022,32,0,10,2,71,,277018,32,0,10,1,31,,277023,32,0,10,2,69,,277019,32,0,10,1,20,,277016,32,0,10,1,17,,277024,32,0,10,2,66,,277020,32,0,10,1,30,,277025,32,0,10,2,69,,277021,32,0,10,1
35802,'H59U000I-80-I',2521,,277030,32,0,10,1,30,,277026,32,0,10,1,70,,277031,32,0,10,1,30,,277027,32,0,10,1,70,,277032,32,0,10,1,30,,277028,32,0,10,1,70,,277033,32,0,10,1,30,,277029,32,0,10,1,70,,277034,32,0,10,1
35802,'H59U000S-80-S',2522,,277039,32,0,10,1,30,,277035,32,0,10,1,70,,277040,32,0,10,1,30,,277036,32,0,10,1,70,,277041,32,0,10,1,30,,277037,32,0,10,1,70,,277042,32,0,10,1,30,,277038,32,0,10,1,70,,277043,32,0,10,1
35802,'H59U000S-80-SV',2637,,277047,32,0,10,2,70,,277044,32,0,10,2,30,,277048,32,0,10,2,70,,277045,32,0,10,2,30,,277049,32,0,10,2,70,,277046,32,0,10,2
35802,'H59U100F-80-F1',2521,,277054,32,0,10,1,30,,277050,32,0,10,1,70,,277055,32,0,10,1,30,,277051,32,0,10,1,70,,277056,32,0,10,1,30,,277052,32,0,10,1,70,,277057,32,0,10,1,30,,277053,32,0,10,1,70,,277058,32,0,10,1
35802,'H59U200F-80-F2',2521,,277059,32,0,10,1,30,,277060,32,0,10,1,70,,277061,32,0,10,1,30,,277062,32,0,10,1,70,,277063,32,0,10,1,30,,277064,32,0,10,1,70,,277065,32,0,10,1,30,,277066,32,0,10,1,70,,277067,32,0,10,1
36402,'H54U000A-80-A',2546,,277474,84,0,10,1,85,,277476,84,0,10,1,86,,277473,84,0,10,1,85,,277472,84,0,10,1,45,,277477,84,0,10,1,79,,277475,84,0,10,1
36402,'H54U000I-80-I',2544,,277478,84,0,10,1,85,,277482,84,0,10,1,85,,277479,84,0,10,1,86,,277480,84,0,10,1,44,,277481,84,0,10,1
36402,'H54U000S-81-S',2545,,277484,84,0,10,1,86,,277487,84,0,10,2,84,,277485,84,0,10,1,86,,277483,84,0,10,1,44,,277486,84,0,10,2
36402,'H54U100F-80-F1',2544,,277488,84,0,10,1,85,,277492,84,0,10,1,85,,277489,84,0,10,1,86,,277490,84,0,10,1,44,,277491,84,0,10,1
36402,'H54U200F-82-F2',2544,,277497,84,0,10,1,85,,277495,84,0,10,2,85,,277494,84,0,10,1,86,,277493,84,0,10,2,44,,277496,84,0,10,1
36904,'H50U000A-82-A',2551,,277659,34,0,9,2,73,,277657,34,0,9,1,30,,277658,34,0,9,2,68,,277653,34,0,9,1,32,,277654,34,0,9,1,67,,277656,34,0,9,1,84,,277655,34,0,9,1
36904,'H50U000I-82-I',2522,,277663,34,0,9,2,84,,277662,34,0,9,1,44,,277664,34,0,9,2,85,,277660,34,0,9,1,85,,277665,34,0,9,2,84,,277661,34,0,9,1
36904,'H50U000S-83-S',2523,,277669,34,0,9,2,79,,277668,34,0,9,1,40,,277666,34,0,9,1,100,,277670,34,0,9,1,80,,277667,34,0,9,2,84,,277671,34,0,9,1
36904,'H50U000S-83-SV',2715,,277672,34,0,9,2
36904,'H50U100F-80-F1',2522,,277676,34,0,9,2,84,,277675,34,0,9,1,44,,277677,34,0,9,2,85,,277673,34,0,9,1,85,,277678,34,0,9,2,84,,277674,34,0,9,1
36904,'H50U200F-80-F2',2522,,277682,34,0,9,2,84,,277681,34,0,9,1,44,,277683,34,0,9,2,85,,277679,34,0,9,1,85,,277684,34,0,9,2,84,,277680,34,0,9,1
