8601,'H54J000A-80-A',644,,30183,82,0,5,1,73,,30196,82,0,5,1,33,,30174,82,0,5,2,74,,30169,82,0,5,1,32,,30190,82,0,5,1,74,,30184,82,0,5,1,73,,30199,82,0,5,1,34,,30175,82,0,5,2,72,,30170,82,0,5,1,32,,30191,82,0,5,1,73,,30185,82,0,5,1,33,,30200,82,0,5,1,73,,30176,82,0,5,2,33,,30171,82,0,5,1,73,,30192,82,0,5,1,32,,30186,82,0,5,1,73,,30201,82,0,5,1,73,,30177,82,0,5,2,31,,30172,82,0,5,1,73,,30193,82,0,5,1,32,,30187,82,0,5,1,73,,30202,82,0,5,1,31,,30178,82,0,5,2,71,,30173,82,0,5,1,33,,30194,82,0,5,1,72,,30188,82,0,5,1,33,,30203,82,0,5,1,73,,30206,82,0,5,1,33,,30180,82,0,5,1,71,,30195,82,0,5,1,72,,30189,82,0,5,1,32,,30204,82,0,5,1,71,,30197,82,0,5,1,32,,30181,82,0,5,1,71,,30179,82,0,5,1,33,,30205,82,0,5,1,72,,30198,82,0,5,1,31,,30182,82,0,5,1
8601,'H54J000I-80-I',644,,30207,82,0,5,1,72,,30215,82,0,5,1,31,,30229,82,0,5,2,71,,30230,82,0,5,2,32,,30235,82,0,5,1,73,,30208,82,0,5,1,32,,30219,82,0,5,1,74,,30224,82,0,5,1,73,,30231,82,0,5,2,33,,30236,82,0,5,1,73,,30209,82,0,5,1,32,,30220,82,0,5,1,72,,30225,82,0,5,1,32,,30232,82,0,5,2,72,,30237,82,0,5,1,32,,30210,82,0,5,1,72,,30221,82,0,5,1,33,,30226,82,0,5,1,72,,30233,82,0,5,2,31,,30238,82,0,5,1,73,,30211,82,0,5,1,73,,30222,82,0,5,1,32,,30227,82,0,5,1,73,,30234,82,0,5,2,33,,30239,82,0,5,1,70,,30212,82,0,5,1,32,,30223,82,0,5,1,71,,30228,82,0,5,1,31,,30242,82,0,5,2,70,,30216,82,0,5,1,30,,30213,82,0,5,1,68,,30245,82,0,5,1,30,,30240,82,0,5,1,71,,30243,82,0,5,1,32,,30217,82,0,5,1,72,,30214,82,0,5,1,30,,30241,82,0,5,1,70,,30244,82,0,5,1,30,,30218,82,0,5,1
8601,'H54J000S-83-S',640,,30260,82,0,5,2,67,,30246,82,0,5,1,30,,30253,82,0,5,2,74,,30256,82,0,5,2,35,,30268,82,0,5,1,69,,30261,82,0,5,2,28,,30247,82,0,5,1,70,,30250,82,0,5,1,30,,30257,82,0,5,2,67,,30254,82,0,5,1,30,,30262,82,0,5,1,69,,30269,82,0,5,1,27,,30248,82,0,5,1,70,,30251,82,0,5,1,30,,30258,82,0,5,2,70,,30255,82,0,5,1,31,,30263,82,0,5,1,71,,30270,82,0,5,1,30,,30249,82,0,5,1,71,,30252,82,0,5,1,31,,30259,82,0,5,2,103,,30264,82,0,5,1,73,,30271,82,0,5,1,27,,30278,82,0,5,2,71,,30284,82,0,5,2,31,,30275,82,0,5,1,68,,30265,82,0,5,1,29,,30272,82,0,5,1,69,,30279,82,0,5,2,29,,30285,82,0,5,2,69,,30276,82,0,5,1,29,,30266,82,0,5,1,67,,30273,82,0,5,1,25,,30282,82,0,5,1,28,,30280,82,0,5,1,70,,30277,82,0,5,1,30,,30267,82,0,5,1,72,,30274,82,0,5,1,71,,30283,82,0,5,1,30,,30281,82,0,5,1
8601,'H54JV00A-80-A',644,,30306,82,0,5,1,73,,30289,82,0,5,1,33,,30296,82,0,5,2,74,,30301,82,0,5,1,32,,30313,82,0,5,1,74,,30307,82,0,5,1,73,,30319,82,0,5,1,34,,30297,82,0,5,2,72,,30302,82,0,5,1,32,,30314,82,0,5,1,73,,30308,82,0,5,1,33,,30320,82,0,5,1,73,,30298,82,0,5,2,33,,30303,82,0,5,1,73,,30315,82,0,5,1,32,,30309,82,0,5,1,73,,30321,82,0,5,1,73,,30299,82,0,5,2,31,,30304,82,0,5,1,73,,30316,82,0,5,1,32,,30310,82,0,5,1,73,,30322,82,0,5,1,31,,30300,82,0,5,2,71,,30305,82,0,5,1,33,,30317,82,0,5,1,72,,30311,82,0,5,1,33,,30323,82,0,5,1,73,,30293,82,0,5,1,33,,30290,82,0,5,1,71,,30318,82,0,5,1,72,,30312,82,0,5,1,32,,30286,82,0,5,1,71,,30294,82,0,5,1,32,,30291,82,0,5,1,71,,30288,82,0,5,1,33,,30287,82,0,5,1,72,,30295,82,0,5,1,31,,30292,82,0,5,1
8601,'H54JV00I-80-I',644,,30332,82,0,5,1,72,,30326,82,0,5,1,31,,30330,82,0,5,2,71,,30340,82,0,5,2,32,,30345,82,0,5,1,73,,30333,82,0,5,1,32,,30355,82,0,5,1,74,,30350,82,0,5,1,73,,30341,82,0,5,2,33,,30346,82,0,5,1,73,,30334,82,0,5,1,32,,30356,82,0,5,1,72,,30351,82,0,5,1,32,,30342,82,0,5,2,72,,30347,82,0,5,1,32,,30335,82,0,5,1,72,,30357,82,0,5,1,33,,30352,82,0,5,1,72,,30343,82,0,5,2,31,,30348,82,0,5,1,73,,30336,82,0,5,1,73,,30358,82,0,5,1,32,,30353,82,0,5,1,73,,30344,82,0,5,2,33,,30349,82,0,5,1,70,,30337,82,0,5,1,32,,30359,82,0,5,1,71,,30354,82,0,5,1,31,,30331,82,0,5,2,70,,30327,82,0,5,1,30,,30338,82,0,5,1,68,,30362,82,0,5,1,30,,30360,82,0,5,1,71,,30324,82,0,5,1,32,,30328,82,0,5,1,72,,30339,82,0,5,1,30,,30361,82,0,5,1,70,,30325,82,0,5,1,30,,30329,82,0,5,1
8601,'H54JV00S-80-S',640,,30379,82,0,5,2,67,,30366,82,0,5,1,30,,30370,82,0,5,1,74,,30375,82,0,5,2,35,,30390,82,0,5,1,69,,30380,82,0,5,2,28,,30367,82,0,5,1,70,,30363,82,0,5,1,30,,30376,82,0,5,2,67,,30373,82,0,5,1,30,,30381,82,0,5,1,69,,30391,82,0,5,1,27,,30368,82,0,5,1,70,,30364,82,0,5,1,30,,30377,82,0,5,2,70,,30374,82,0,5,1,31,,30382,82,0,5,1,71,,30392,82,0,5,1,30,,30369,82,0,5,1,71,,30365,82,0,5,1,31,,30378,82,0,5,2,103,,30383,82,0,5,1,73,,30393,82,0,5,1,27,,30371,82,0,5,1,71,,30401,82,0,5,2,31,,30387,82,0,5,1,68,,30384,82,0,5,1,29,,30394,82,0,5,1,69,,30372,82,0,5,1,29,,30402,82,0,5,2,69,,30388,82,0,5,1,29,,30385,82,0,5,1,67,,30395,82,0,5,1,25,,30399,82,0,5,1,28,,30397,82,0,5,1,70,,30389,82,0,5,1,30,,30386,82,0,5,1,72,,30396,82,0,5,1,71,,30400,82,0,5,1,30,,30398,82,0,5,1
8601,'H58J000S-81-S',1711,,30403,82,0,5,1
8601,'H58J000S-83-S',1711,,30404,82,0,5,1
8601,'H58JV00S-82-S',1711,,30405,82,0,5,1
18601,'H51J000S-80-S',1614,,62262,34,0,5,2
18601,'H51JV00S-84-S',1614,,62263,34,0,5,2
18601,'H54J000A-80-A',527,,62264,34,0,5,1,31,,62269,34,0,5,1,72,,62265,34,0,5,1,71,,62267,34,0,5,1,33,,62266,34,0,5,1,73,,62268,34,0,5,1,31,,62283,34,0,5,1,71,,62281,34,0,5,2,30,,62277,34,0,5,1,70,,62285,34,0,5,2,32,,62282,34,0,5,2,73,,62284,34,0,5,1,33,,62289,34,0,5,1,73,,62270,34,0,5,1,32,,62296,34,0,5,2,66,,62290,34,0,5,1,21,,62307,34,0,5,1,20,,62271,34,0,5,1,60,,62297,34,0,5,2,20,,62291,34,0,5,1,19,,62308,34,0,5,1,59,,62272,34,0,5,1,18,,62294,34,0,5,1,17,,62298,34,0,5,2,58,,62309,34,0,5,1,18,,62292,34,0,5,1,17,,62273,34,0,5,1,57,,62295,34,0,5,1,16,,62286,34,0,5,2,17,,62301,34,0,5,1,18,,62293,34,0,5,1,57,,62274,34,0,5,1,16,,62276,34,0,5,1,17,,62287,34,0,5,2,66,,62302,34,0,5,1,27,,62275,34,0,5,1,68,,62288,34,0,5,2,28,,62278,34,0,5,1,68,,62310,34,0,5,2,29,,62303,34,0,5,1,71,,62299,34,0,5,1,32,,62311,34,0,5,2,73,,62304,34,0,5,1,32,,62300,34,0,5,1,71,,62312,34,0,5,2,33,,62279,34,0,5,1,72,,62305,34,0,5,1,32,,62280,34,0,5,1,71,,62306,34,0,5,1
18601,'H54J000I-80-I',529,,62313,34,0,5,1,30,,62328,34,0,5,2,72,,62314,34,0,5,1,71,,62329,34,0,5,2,32,,62315,34,0,5,1,72,,62330,34,0,5,2,32,,62316,34,0,5,1,72,,62331,34,0,5,2,29,,62339,34,0,5,1,72,,62317,34,0,5,1,28,,62332,34,0,5,2,70,,62337,34,0,5,2,30,,62318,34,0,5,1,70,,62336,34,0,5,2,30,,62338,34,0,5,2,69,,62322,34,0,5,1,29,,62327,34,0,5,1,69,,62347,34,0,5,1,28,,62323,34,0,5,1,68,,62353,34,0,5,2,27,,62348,34,0,5,1,27,,62324,34,0,5,1,66,,62354,34,0,5,2,25,,62349,34,0,5,1,55,,62319,34,0,5,1,15,,62325,34,0,5,1,15,,62340,34,0,5,1,15,,62355,34,0,5,2,55,,62350,34,0,5,1,26,,62320,34,0,5,1,25,,62356,34,0,5,2,66,,62351,34,0,5,1,25,,62321,34,0,5,1,65,,62357,34,0,5,2,23,,62342,34,0,5,1,69,,62352,34,0,5,1,31,,62326,34,0,5,1,71,,62343,34,0,5,1,31,,62333,34,0,5,2,72,,62344,34,0,5,1,31,,62334,34,0,5,1,69,,62345,34,0,5,1,31,,62335,34,0,5,1,70,,62346,34,0,5,1,32,,62341,34,0,5,1
18601,'H54J000S-83-S',533,,62358,34,0,5,1,24,,62360,34,0,5,1,75,,62367,34,0,5,1,70,,62359,34,0,5,1,30,,62381,34,0,5,2,68,,62383,34,0,5,2,31,,62388,34,0,5,1,69,,62393,34,0,5,2,29,,62362,34,0,5,1,29,,62389,34,0,5,1,70,,62384,34,0,5,1,30,,62368,34,0,5,1,70,,62390,34,0,5,1,27,,62385,34,0,5,1,60,,62363,34,0,5,1,18,,62369,34,0,5,1,17,,62391,34,0,5,1,60,,62397,34,0,5,2,20,,62386,34,0,5,1,20,,62364,34,0,5,1,63,,62370,34,0,5,1,22,,62398,34,0,5,2,22,,62387,34,0,5,1,61,,62365,34,0,5,1,15,,62401,34,0,5,2,14,,62371,34,0,5,1,54,,62399,34,0,5,2,26,,62373,34,0,5,1,11,,62406,34,0,5,2,9,,62366,34,0,5,1,10,,62410,34,0,5,2,50,,62402,34,0,5,2,10,,62403,34,0,5,2,10,,62400,34,0,5,2,10,,62407,34,0,5,2,10,,62372,34,0,5,2,10,,62374,34,0,5,1,51,,62361,34,0,5,1,9,,62411,34,0,5,2,16,,62376,34,0,5,1,19,,62408,34,0,5,2,58,,62375,34,0,5,2,21,,62394,34,0,5,1,23,,62377,34,0,5,1,62,,62409,34,0,5,2,24,,62392,34,0,5,1,63,,62395,34,0,5,1,24,,62378,34,0,5,1,24,,62413,34,0,5,1,64,,62396,34,0,5,1,23,,62412,34,0,5,1,63,,62379,34,0,5,1,23,,62414,34,0,5,1,27,,62404,34,0,5,1,69,,62380,34,0,5,1,29,,62415,34,0,5,1,68,,62405,34,0,5,1,27,,62382,34,0,5,1
18601,'H54JV00A-80-A',527,,62460,34,0,5,1,31,,62423,34,0,5,1,72,,62461,34,0,5,1,71,,62430,34,0,5,1,33,,62462,34,0,5,1,73,,62431,34,0,5,1,31,,62425,34,0,5,1,71,,62463,34,0,5,2,30,,62416,34,0,5,1,70,,62429,34,0,5,2,32,,62464,34,0,5,2,73,,62426,34,0,5,1,33,,62441,34,0,5,1,73,,62449,34,0,5,1,32,,62432,34,0,5,2,66,,62442,34,0,5,1,21,,62419,34,0,5,1,20,,62450,34,0,5,1,60,,62433,34,0,5,2,20,,62443,34,0,5,1,19,,62420,34,0,5,1,59,,62451,34,0,5,1,18,,62417,34,0,5,1,17,,62434,34,0,5,2,58,,62421,34,0,5,1,18,,62444,34,0,5,1,17,,62452,34,0,5,1,57,,62418,34,0,5,1,16,,62455,34,0,5,2,17,,62435,34,0,5,1,18,,62445,34,0,5,1,57,,62453,34,0,5,1,16,,62424,34,0,5,1,17,,62456,34,0,5,2,66,,62436,34,0,5,1,27,,62454,34,0,5,1,68,,62457,34,0,5,2,28,,62422,34,0,5,1,68,,62446,34,0,5,2,29,,62437,34,0,5,1,71,,62458,34,0,5,1,32,,62447,34,0,5,2,73,,62438,34,0,5,1,32,,62459,34,0,5,1,71,,62448,34,0,5,2,33,,62427,34,0,5,1,72,,62439,34,0,5,1,32,,62428,34,0,5,1,71,,62440,34,0,5,1
18601,'H54JV00I-80-I',529,,62478,34,0,5,1,30,,62496,34,0,5,2,72,,62479,34,0,5,1,71,,62497,34,0,5,2,32,,62480,34,0,5,1,72,,62498,34,0,5,2,32,,62481,34,0,5,1,72,,62499,34,0,5,2,29,,62507,34,0,5,1,72,,62482,34,0,5,1,28,,62500,34,0,5,2,70,,62505,34,0,5,2,30,,62483,34,0,5,1,70,,62469,34,0,5,2,30,,62506,34,0,5,2,69,,62484,34,0,5,1,29,,62465,34,0,5,1,69,,62488,34,0,5,1,28,,62485,34,0,5,1,68,,62475,34,0,5,2,27,,62489,34,0,5,1,27,,62486,34,0,5,1,66,,62476,34,0,5,2,25,,62490,34,0,5,1,55,,62502,34,0,5,1,15,,62487,34,0,5,1,15,,62466,34,0,5,1,15,,62477,34,0,5,2,55,,62491,34,0,5,1,26,,62503,34,0,5,1,25,,62494,34,0,5,2,66,,62492,34,0,5,1,25,,62504,34,0,5,1,65,,62495,34,0,5,2,23,,62470,34,0,5,1,69,,62493,34,0,5,1,31,,62468,34,0,5,1,71,,62471,34,0,5,1,31,,62501,34,0,5,2,72,,62472,34,0,5,1,31,,62508,34,0,5,1,69,,62473,34,0,5,1,31,,62509,34,0,5,1,70,,62474,34,0,5,1,32,,62467,34,0,5,1
18601,'H54JV00S-80-S',533,,62510,34,0,5,1,24,,62513,34,0,5,1,75,,62518,34,0,5,1,70,,62512,34,0,5,1,30,,62524,34,0,5,2,68,,62511,34,0,5,1,31,,62536,34,0,5,1,69,,62523,34,0,5,2,29,,62515,34,0,5,1,29,,62537,34,0,5,1,70,,62526,34,0,5,1,30,,62516,34,0,5,1,70,,62538,34,0,5,1,27,,62527,34,0,5,1,60,,62532,34,0,5,1,18,,62517,34,0,5,1,17,,62539,34,0,5,1,60,,62543,34,0,5,2,20,,62528,34,0,5,1,20,,62533,34,0,5,1,63,,62540,34,0,5,1,22,,62544,34,0,5,2,22,,62529,34,0,5,1,61,,62534,34,0,5,1,15,,62547,34,0,5,2,14,,62541,34,0,5,1,54,,62545,34,0,5,2,26,,62530,34,0,5,1,11,,62564,34,0,5,2,9,,62535,34,0,5,1,10,,62549,34,0,5,2,50,,62548,34,0,5,2,10,,62550,34,0,5,2,10,,62546,34,0,5,2,10,,62558,34,0,5,1,10,,62520,34,0,5,2,10,,62531,34,0,5,1,51,,62514,34,0,5,1,9,,62542,34,0,5,1,16,,62553,34,0,5,1,19,,62559,34,0,5,1,58,,62521,34,0,5,2,21,,62561,34,0,5,1,23,,62554,34,0,5,1,62,,62560,34,0,5,1,24,,62525,34,0,5,1,63,,62562,34,0,5,1,24,,62555,34,0,5,1,24,,62565,34,0,5,1,64,,62563,34,0,5,1,23,,62519,34,0,5,1,63,,62556,34,0,5,1,23,,62566,34,0,5,1,27,,62551,34,0,5,1,69,,62557,34,0,5,1,29,,62567,34,0,5,1,68,,62552,34,0,5,1,27,,62522,34,0,5,1
43001,'H57J000S-81-S',1255,,76867,26,0,5,1,72,,76865,26,0,5,1,31,,76864,26,0,5,1,71,,76866,26,0,5,2,74,,76868,26,0,5,1,34,,76861,26,0,5,1,77,,76869,26,0,5,2,32,,76874,26,0,5,2,70,,76872,26,0,5,1,30,,76873,26,0,5,1,64,,76863,26,0,5,2,27,,76862,26,0,5,1,63,,76875,26,0,5,1,24,,76871,26,0,5,1,27,,76870,26,0,5,1
43001,'H57JV00S-83-S',1255,,76882,26,0,5,1,72,,76877,26,0,5,1,31,,76879,26,0,5,1,71,,76881,26,0,5,2,74,,76884,26,0,5,1,34,,76876,26,0,5,1,77,,76885,26,0,5,2,32,,76888,26,0,5,2,70,,76890,26,0,5,1,30,,76886,26,0,5,1,64,,76878,26,0,5,2,27,,76883,26,0,5,1,63,,76889,26,0,5,1,24,,76887,26,0,5,1,27,,76880,26,0,5,1
48601,'H54J000S-83-S',1455,,81226,16,0,5,1,66,,81228,16,0,5,1,26,,81231,16,0,5,2,65,,81229,16,0,5,1,24,,81230,16,0,5,2,23,,81236,16,0,5,2,61,,81225,16,0,5,1,20,,81233,16,0,5,2,19,,81232,16,0,5,2,63,,81235,16,0,5,2,26,,81234,16,0,5,2,69,,81227,16,0,5,1,14,,81237,16,0,5,1
48601,'H54JV00S-80-S',1455,,81239,16,0,5,1,66,,81241,16,0,5,1,26,,81242,16,0,5,2,65,,81244,16,0,5,1,24,,81245,16,0,5,2,23,,81243,16,0,5,2,61,,81250,16,0,5,1,20,,81248,16,0,5,2,19,,81246,16,0,5,2,63,,81240,16,0,5,1,26,,81249,16,0,5,2,69,,81238,16,0,5,1,14,,81247,16,0,5,1
