46801,'H60J000S-98-S',620,,79894,50,4,,1,22,,79897,50,4,,1,65,,79903,50,4,,2,22,,79912,50,4,,1,15,,79925,50,4,,2,11,,79917,50,4,,2,63,,79918,50,4,,2,18,,79905,50,4,,1,18,,79904,50,4,,1,47,,79926,50,4,,2,7,,79913,50,4,,2,25,,79898,50,4,,1,68,,79919,50,4,,2,30,,79899,50,4,,1,69,,79906,50,4,,1,29,,79914,50,4,,2,29,,79909,50,4,,1,69,,79895,50,4,,1,28,,79900,50,4,,1,68,,79907,50,4,,1,28,,79915,50,4,,2,68,,79910,50,4,,1,30,,79896,50,4,,1,71,,79901,50,4,,1,36,,79908,50,4,,1,71,,79916,50,4,,2,24,,79911,50,4,,1,64,,79920,50,4,,1,24,,79921,50,4,,2,63,,79922,50,4,,2,22,,79923,50,4,,2,28,,79902,50,4,,1,73,,79924,50,4,,2
46801,'H60JV00S-98-S',620,,79929,50,4,,1,22,,79930,50,4,,1,65,,79933,50,4,,2,22,,79927,50,4,,1,15,,79958,50,4,,2,11,,79934,50,4,,2,63,,79935,50,4,,1,18,,79948,50,4,,1,18,,79936,50,4,,1,47,,79959,50,4,,2,7,,79952,50,4,,2,25,,79931,50,4,,1,68,,79956,50,4,,2,30,,79945,50,4,,1,69,,79949,50,4,,1,29,,79953,50,4,,1,29,,79937,50,4,,1,69,,79943,50,4,,1,28,,79946,50,4,,1,68,,79950,50,4,,1,28,,79954,50,4,,1,68,,79938,50,4,,1,30,,79944,50,4,,1,71,,79947,50,4,,1,36,,79951,50,4,,1,71,,79955,50,4,,1,24,,79939,50,4,,1,64,,79928,50,4,,1,24,,79940,50,4,,2,63,,79941,50,4,,2,22,,79957,50,4,,2,28,,79932,50,4,,1,73,,79942,50,4,,2
46802,'H60J000S-98-S',615,,79969,1,0,10,1,20,,79977,1,0,10,2,20,,79962,1,0,10,1,60,,79967,1,0,10,2,11,,79981,1,0,10,2,11,,79976,1,0,10,1,18,,79983,1,0,10,2,55,,79993,1,0,10,2,5,,79963,1,0,10,1,30,,79970,1,0,10,1,70,,79978,1,0,10,2,30,,79973,1,0,10,1,70,,79960,1,0,10,1,28,,79964,1,0,10,1,68,,79971,1,0,10,1,28,,79979,1,0,10,2,68,,79974,1,0,10,1,28,,79961,1,0,10,1,69,,79965,1,0,10,1,30,,79972,1,0,10,1,70,,79980,1,0,10,2,27,,79975,1,0,10,1,21,,79982,1,0,10,1,61,,79985,1,0,10,2,21,,79986,1,0,10,2,11,,79997,1,0,10,2,10,,79987,1,0,10,2,59,,79984,1,0,10,1,11,,79998,1,0,10,2,9,,79966,1,0,10,1,21,,79990,1,0,10,2,60,,79988,1,0,10,2,21,,79968,1,0,10,1,68,,79991,1,0,10,1,28,,79992,1,0,10,1,16,,79989,1,0,10,2
46802,'H60JV00S-98-S',615,,80021,1,0,10,1,20,,80025,1,0,10,2,20,,80004,1,0,10,1,60,,80008,1,0,10,2,11,,80029,1,0,10,2,11,,80000,1,0,10,1,18,,80030,1,0,10,2,55,,80032,1,0,10,2,5,,80018,1,0,10,1,30,,80022,1,0,10,1,70,,80026,1,0,10,1,30,,80009,1,0,10,1,70,,80016,1,0,10,1,28,,80019,1,0,10,1,68,,80023,1,0,10,1,28,,80027,1,0,10,1,68,,80010,1,0,10,1,28,,80017,1,0,10,1,69,,80020,1,0,10,1,30,,80024,1,0,10,1,70,,80028,1,0,10,1,27,,80011,1,0,10,1,21,,80003,1,0,10,1,61,,80012,1,0,10,2,21,,80013,1,0,10,2,11,,80036,1,0,10,2,10,,80031,1,0,10,2,59,,80006,1,0,10,1,11,,80037,1,0,10,2,9,,80007,1,0,10,1,21,,80015,1,0,10,2,60,,80014,1,0,10,2,21,,79999,1,0,10,1,68,,80001,1,0,10,1,28,,80002,1,0,10,1,16,,80005,1,0,10,2
96801,'H60J000A-80-A',744,,85976,3,4,,2,100,,85973,3,4,,1,98,,85977,3,4,,2,100,,85974,3,4,,1,100,,85978,3,4,,2,100,,85975,3,4,,1,100,,85979,3,4,,2,100,,85982,3,4,,1,100,,85980,3,4,,2,100,,85983,3,4,,1,100,,85981,3,4,,2,100,,85987,3,4,,1,99,,85984,3,4,,1,100,,85988,3,4,,1,100,,85985,3,4,,1,100,,85989,3,4,,1,100,,85986,3,4,,1,105,,85990,3,4,,1
96801,'H60J000I-80-I',844,,85995,3,4,,1,98,,85994,3,4,,2,100,,85996,3,4,,1,100,,85999,3,4,,2,100,,85997,3,4,,1,100,,86000,3,4,,2,100,,85998,3,4,,1,100,,86001,3,4,,2,100,,86003,3,4,,1,100,,86002,3,4,,2,100,,86007,3,4,,1,99,,86004,3,4,,1,100,,86008,3,4,,1,100,,86005,3,4,,1,100,,86009,3,4,,1,100,,86006,3,4,,1,105,,86010,3,4,,1
96801,'H60J000S-98-S',647,,86014,3,4,,1,55,,86017,3,4,,2,16,,86019,3,4,,1,16,,86021,3,4,,2,15,,86023,3,4,,2,55,,86015,3,4,,1,15,,86018,3,4,,2,15,,86020,3,4,,1,14,,86022,3,4,,2,55,,86024,3,4,,2,14,,86016,3,4,,1,1026,,86025,3,4,,2,80,,86026,3,4,,1,36,,86027,3,4,,2,72,,86028,3,4,,2,70,,86031,3,4,,1,30,,86034,3,4,,2,70,,86029,3,4,,2,30,,86032,3,4,,1,70,,86035,3,4,,2,30,,86030,3,4,,2,70,,86033,3,4,,1
96801,'H60JV00A-80-A',744,,86039,3,4,,2,100,,86036,3,4,,1,98,,86040,3,4,,2,100,,86037,3,4,,1,100,,86041,3,4,,2,100,,86038,3,4,,1,100,,86042,3,4,,2,100,,86045,3,4,,1,100,,86043,3,4,,2,100,,86046,3,4,,1,100,,86044,3,4,,2,100,,86050,3,4,,1,99,,86047,3,4,,1,100,,86051,3,4,,1,100,,86048,3,4,,1,100,,86052,3,4,,1,100,,86049,3,4,,1,105,,86053,3,4,,1
96801,'H60JV00I-80-I',844,,86055,3,4,,1,98,,86054,3,4,,2,100,,86056,3,4,,1,100,,86059,3,4,,2,100,,86057,3,4,,1,100,,86060,3,4,,2,100,,86058,3,4,,1,100,,86061,3,4,,2,100,,86063,3,4,,1,100,,86062,3,4,,2,100,,86067,3,4,,1,99,,86064,3,4,,1,100,,86068,3,4,,1,100,,86065,3,4,,1,100,,86069,3,4,,1,100,,86066,3,4,,1,105,,86070,3,4,,1
96801,'H60JV00S-98-S',647,,86071,3,4,,1,55,,86074,3,4,,2,16,,86076,3,4,,1,16,,86078,3,4,,2,15,,86080,3,4,,2,55,,86072,3,4,,1,15,,86075,3,4,,2,15,,86077,3,4,,1,14,,86079,3,4,,2,55,,86081,3,4,,2,14,,86073,3,4,,1,1026,,86082,3,4,,2,80,,86083,3,4,,1,36,,86084,3,4,,2,72,,86085,3,4,,2,70,,86088,3,4,,1,30,,86091,3,4,,2,70,,86086,3,4,,2,30,,86089,3,4,,1,70,,86092,3,4,,2,30,,86087,3,4,,2,70,,86090,3,4,,1
96802,'H60J000A-80-A',655,,86093,1,0,10,1,100,,86097,1,0,10,2,100,,86094,1,0,10,1,100,,86098,1,0,10,2,100,,86095,1,0,10,1,100,,86099,1,0,10,2,100,,86096,1,0,10,1,100,,86100,1,0,10,2,100,,86102,1,0,10,1,100,,86101,1,0,10,2,100,,86103,1,0,10,1,100,,86104,1,0,10,1,100,,86108,1,0,10,1,100,,86105,1,0,10,1,145,,86109,1,0,10,1,105,,86106,1,0,10,1,105,,86110,1,0,10,1,105,,86107,1,0,10,1
96802,'H60J000I-80-I',800,,86114,1,0,10,2,100,,86116,1,0,10,1,100,,86115,1,0,10,2,100,,86117,1,0,10,1,100,,86119,1,0,10,2,100,,86118,1,0,10,1,100,,86120,1,0,10,2,100,,86122,1,0,10,1,100,,86121,1,0,10,2,100,,86123,1,0,10,1,100,,86124,1,0,10,1,100,,86128,1,0,10,1,100,,86125,1,0,10,1,100,,86129,1,0,10,1,105,,86126,1,0,10,1,105,,86130,1,0,10,1,105,,86127,1,0,10,1
96802,'H60J000S-98-S',1515,,86134,1,0,10,1,15,,86135,1,0,10,2,15,,86136,1,0,10,2,55,,86137,1,0,10,1,15,,86138,1,0,10,2,15,,86139,1,0,10,1,15,,86141,1,0,10,2,55,,86142,1,0,10,2,15,,86145,1,0,10,2,15,,86146,1,0,10,1,15,,86149,1,0,10,2,58,,86140,1,0,10,1,30,,86143,1,0,10,2,69,,86147,1,0,10,1,29,,86150,1,0,10,2,69,,86144,1,0,10,2,30,,86148,1,0,10,1,72,,86151,1,0,10,2,32,,86152,1,0,10,2,70,,86155,1,0,10,1,30,,86158,1,0,10,2,70,,86153,1,0,10,2,30,,86156,1,0,10,1,70,,86159,1,0,10,2,30,,86154,1,0,10,2,70,,86157,1,0,10,1
96802,'H60JV00A-80-A',655,,86160,1,0,10,1,100,,86164,1,0,10,2,100,,86161,1,0,10,1,100,,86165,1,0,10,2,100,,86162,1,0,10,1,100,,86166,1,0,10,2,100,,86163,1,0,10,1,100,,86167,1,0,10,2,100,,86169,1,0,10,1,100,,86168,1,0,10,2,100,,86170,1,0,10,1,100,,86171,1,0,10,1,100,,86175,1,0,10,1,100,,86172,1,0,10,1,145,,86176,1,0,10,1,105,,86173,1,0,10,1,105,,86177,1,0,10,1,105,,86174,1,0,10,1
96802,'H60JV00I-80-I',800,,86178,1,0,10,2,100,,86180,1,0,10,1,100,,86179,1,0,10,2,100,,86181,1,0,10,1,100,,86183,1,0,10,2,100,,86182,1,0,10,1,100,,86184,1,0,10,2,100,,86186,1,0,10,1,100,,86185,1,0,10,2,100,,86187,1,0,10,1,100,,86188,1,0,10,1,100,,86192,1,0,10,1,100,,86189,1,0,10,1,100,,86193,1,0,10,1,105,,86190,1,0,10,1,105,,86194,1,0,10,1,105,,86191,1,0,10,1
96802,'H60JV00S-98-S',1515,,86195,1,0,10,1,15,,86196,1,0,10,2,15,,86197,1,0,10,2,55,,86198,1,0,10,1,15,,86199,1,0,10,2,15,,86200,1,0,10,1,15,,86202,1,0,10,2,55,,86203,1,0,10,2,15,,86206,1,0,10,2,15,,86207,1,0,10,1,15,,86210,1,0,10,2,58,,86201,1,0,10,1,30,,86204,1,0,10,2,69,,86208,1,0,10,1,29,,86211,1,0,10,2,69,,86205,1,0,10,2,30,,86209,1,0,10,1,72,,86212,1,0,10,2,32,,86213,1,0,10,2,70,,86216,1,0,10,1,30,,86219,1,0,10,2,70,,86214,1,0,10,2,30,,86217,1,0,10,1,70,,86220,1,0,10,2,30,,86215,1,0,10,2,70,,86218,1,0,10,1
