20002,'H56J000S-80-S',722,,68079,28,0,10,1
20002,'H56JV00S-80-S',722,,68080,28,0,10,1
20002,'H60J000A-80-A',619,,68097,28,0,10,1,26,,68101,28,0,10,1,66,,68099,28,0,10,1,26,,68098,28,0,10,1,68,,68102,28,0,10,1,28,,68100,28,0,10,1,69,,68103,28,0,10,2,30,,68089,28,0,10,1,69,,68081,28,0,10,2,26,,68104,28,0,10,1,28,,68090,28,0,10,1,67,,68082,28,0,10,2,28,,68105,28,0,10,1,67,,68091,28,0,10,1,28,,68083,28,0,10,2,67,,68106,28,0,10,1,27,,68092,28,0,10,1,68,,68084,28,0,10,2,28,,68107,28,0,10,1,67,,68093,28,0,10,1,28,,68085,28,0,10,2,28,,68108,28,0,10,1,67,,68094,28,0,10,1,28,,68086,28,0,10,2,68,,68109,28,0,10,1,27,,68095,28,0,10,1,64,,68087,28,0,10,2,28,,68110,28,0,10,1,66,,68096,28,0,10,1,27,,68088,28,0,10,2
20002,'H60J000I-80-I',720,,68113,28,0,10,1,30,,68120,28,0,10,2,71,,68128,28,0,10,1,30,,68114,28,0,10,1,70,,68121,28,0,10,2,30,,68129,28,0,10,1,70,,68115,28,0,10,1,30,,68122,28,0,10,2,70,,68130,28,0,10,1,31,,68116,28,0,10,1,70,,68123,28,0,10,2,30,,68131,28,0,10,1,72,,68117,28,0,10,1,30,,68124,28,0,10,2,70,,68132,28,0,10,1,30,,68118,28,0,10,1,70,,68125,28,0,10,2,30,,68133,28,0,10,1,70,,68119,28,0,10,1,30,,68126,28,0,10,2,70,,68134,28,0,10,1,30,,68111,28,0,10,1,71,,68127,28,0,10,2,29,,68135,28,0,10,1,69,,68112,28,0,10,1
20002,'H60J000S-98-S',610,,68150,28,0,10,1,38,,68149,28,0,10,1,61,,68151,28,0,10,1,30,,68136,28,0,10,1,16,,68159,28,0,10,2,55,,68143,28,0,10,2,26,,68154,28,0,10,2,11,,68152,28,0,10,1,71,,68137,28,0,10,1,32,,68144,28,0,10,2,72,,68153,28,0,10,1,33,,68138,28,0,10,1,73,,68145,28,0,10,2,72,,68155,28,0,10,1,30,,68139,28,0,10,1,70,,68146,28,0,10,2,30,,68156,28,0,10,1,71,,68140,28,0,10,1,30,,68147,28,0,10,2,70,,68157,28,0,10,1,34,,68141,28,0,10,1,72,,68148,28,0,10,2,31,,68158,28,0,10,1,66,,68163,28,0,10,2,26,,68142,28,0,10,1,72,,68160,28,0,10,1,31,,68164,28,0,10,2,69,,68162,28,0,10,1,28,,68161,28,0,10,2
20002,'H60JV00A-80-A',619,,68191,28,0,10,1,26,,68193,28,0,10,1,66,,68188,28,0,10,1,26,,68192,28,0,10,1,68,,68194,28,0,10,1,28,,68189,28,0,10,1,69,,68190,28,0,10,2,30,,68173,28,0,10,1,69,,68165,28,0,10,2,26,,68181,28,0,10,1,28,,68174,28,0,10,1,67,,68166,28,0,10,2,28,,68182,28,0,10,1,67,,68175,28,0,10,1,28,,68167,28,0,10,2,67,,68183,28,0,10,1,27,,68176,28,0,10,1,68,,68168,28,0,10,2,28,,68184,28,0,10,1,67,,68177,28,0,10,1,28,,68169,28,0,10,2,28,,68185,28,0,10,1,67,,68178,28,0,10,1,28,,68170,28,0,10,2,68,,68186,28,0,10,1,27,,68179,28,0,10,1,64,,68171,28,0,10,2,28,,68187,28,0,10,1,66,,68180,28,0,10,1,27,,68172,28,0,10,2
20002,'H60JV00I-80-I',720,,68211,28,0,10,1,30,,68203,28,0,10,2,71,,68195,28,0,10,1,30,,68212,28,0,10,1,70,,68204,28,0,10,2,30,,68196,28,0,10,1,70,,68213,28,0,10,1,30,,68205,28,0,10,2,70,,68197,28,0,10,1,31,,68214,28,0,10,1,70,,68206,28,0,10,2,30,,68198,28,0,10,1,72,,68215,28,0,10,1,30,,68207,28,0,10,2,70,,68199,28,0,10,1,30,,68216,28,0,10,1,70,,68208,28,0,10,2,30,,68200,28,0,10,1,70,,68217,28,0,10,1,30,,68209,28,0,10,2,70,,68201,28,0,10,1,30,,68218,28,0,10,1,71,,68210,28,0,10,2,29,,68202,28,0,10,1,69,,68219,28,0,10,1
20002,'H60JV00S-98-S',610,,68244,28,0,10,1,38,,68220,28,0,10,1,61,,68222,28,0,10,1,30,,68245,28,0,10,1,16,,68248,28,0,10,2,55,,68226,28,0,10,2,26,,68247,28,0,10,2,11,,68223,28,0,10,1,71,,68232,28,0,10,1,32,,68227,28,0,10,2,72,,68246,28,0,10,1,33,,68233,28,0,10,1,73,,68228,28,0,10,2,72,,68238,28,0,10,1,30,,68234,28,0,10,1,70,,68229,28,0,10,2,30,,68239,28,0,10,1,71,,68235,28,0,10,1,30,,68230,28,0,10,2,70,,68240,28,0,10,1,34,,68236,28,0,10,1,72,,68231,28,0,10,2,31,,68241,28,0,10,1,66,,68224,28,0,10,2,26,,68237,28,0,10,1,72,,68243,28,0,10,1,31,,68225,28,0,10,2,69,,68242,28,0,10,1,28,,68221,28,0,10,2
21102,'H56J000A-80-A',603,,72417,30,0,10,2,30,,72454,30,0,10,1,68,,72458,30,0,10,1,28,,72424,30,0,10,2,28,,72449,30,0,10,1,68,,72418,30,0,10,2,27,,72455,30,0,10,1,67,,72459,30,0,10,1,30,,72425,30,0,10,2,71,,72450,30,0,10,1,31,,72419,30,0,10,2,69,,72456,30,0,10,1,29,,72430,30,0,10,2,65,,72426,30,0,10,2,22,,72451,30,0,10,1,21,,72435,30,0,10,1,61,,72420,30,0,10,2,20,,72457,30,0,10,1,21,,72445,30,0,10,1,60,,72431,30,0,10,2,20,,72427,30,0,10,2,20,,72452,30,0,10,1,60,,72436,30,0,10,1,20,,72441,30,0,10,2,19,,72421,30,0,10,2,59,,72443,30,0,10,2,18,,72446,30,0,10,1,19,,72432,30,0,10,2,58,,72428,30,0,10,2,18,,72453,30,0,10,1,17,,72437,30,0,10,1,57,,72442,30,0,10,2,17,,72422,30,0,10,2,16,,72444,30,0,10,2,17,,72447,30,0,10,1,57,,72433,30,0,10,2,21,,72429,30,0,10,2,23,,72411,30,0,10,1,62,,72438,30,0,10,1,19,,72423,30,0,10,2,19,,72416,30,0,10,1,60,,72448,30,0,10,1,19,,72410,30,0,10,2,19,,72434,30,0,10,2,71,,72412,30,0,10,1,30,,72439,30,0,10,1,71,,72414,30,0,10,2,33,,72408,30,0,10,1,72,,72413,30,0,10,1,71,,72440,30,0,10,1,28,,72415,30,0,10,2,30,,72409,30,0,10,1,67,,72460,30,0,10,1
21102,'H56J000I-80-I',609,,72463,30,0,10,2,31,,72469,30,0,10,1,72,,72476,30,0,10,2,31,,72504,30,0,10,1,71,,72464,30,0,10,2,30,,72470,30,0,10,1,71,,72477,30,0,10,2,33,,72505,30,0,10,1,72,,72465,30,0,10,2,31,,72471,30,0,10,1,70,,72481,30,0,10,1,31,,72482,30,0,10,2,68,,72496,30,0,10,1,28,,72466,30,0,10,2,67,,72472,30,0,10,1,24,,72478,30,0,10,2,62,,72491,30,0,10,1,20,,72483,30,0,10,2,22,,72497,30,0,10,1,63,,72467,30,0,10,2,23,,72473,30,0,10,1,23,,72479,30,0,10,2,62,,72492,30,0,10,1,22,,72484,30,0,10,2,20,,72498,30,0,10,1,58,,72488,30,0,10,2,19,,72468,30,0,10,2,18,,72474,30,0,10,1,57,,72480,30,0,10,2,19,,72493,30,0,10,1,22,,72485,30,0,10,2,66,,72499,30,0,10,1,27,,72489,30,0,10,2,68,,72475,30,0,10,1,28,,72494,30,0,10,1,68,,72486,30,0,10,2,28,,72500,30,0,10,1,68,,72490,30,0,10,2,26,,72506,30,0,10,1,72,,72495,30,0,10,1,31,,72487,30,0,10,2,72,,72501,30,0,10,1,30,,72502,30,0,10,1,70,,72503,30,0,10,1,30,,72462,30,0,10,2,70,,72461,30,0,10,1
21102,'H56J000S-80-S',603,,72517,30,0,10,1,18,,72513,30,0,10,1,21,,72534,30,0,10,2,67,,72531,30,0,10,1,22,,72532,30,0,10,2,24,,72527,30,0,10,2,57,,72529,30,0,10,1,22,,72533,30,0,10,2,23,,72552,30,0,10,2,63,,72535,30,0,10,1,9,,72530,30,0,10,2,21,,72551,30,0,10,2,62,,72554,30,0,10,2,27,,72508,30,0,10,1,71,,72522,30,0,10,1,32,,72558,30,0,10,2,72,,72553,30,0,10,1,31,,72557,30,0,10,1,74,,72545,30,0,10,1,35,,72523,30,0,10,1,73,,72524,30,0,10,1,73,,72536,30,0,10,1,33,,72514,30,0,10,1,75,,72546,30,0,10,1,30,,72538,30,0,10,1,73,,72525,30,0,10,1,29,,72537,30,0,10,1,67,,72526,30,0,10,2,23,,72541,30,0,10,2,22,,72518,30,0,10,1,63,,72520,30,0,10,1,23,,72543,30,0,10,2,19,,72556,30,0,10,2,53,,72511,30,0,10,1,13,,72528,30,0,10,2,13,,72555,30,0,10,1,12,,72539,30,0,10,1,54,,72519,30,0,10,1,15,,72547,30,0,10,1,16,,72521,30,0,10,1,16,,72509,30,0,10,1,56,,72544,30,0,10,2,17,,72542,30,0,10,2,20,,72515,30,0,10,1,61,,72540,30,0,10,1,21,,72512,30,0,10,2,21,,72548,30,0,10,1,65,,72550,30,0,10,1,28,,72507,30,0,10,1,68,,72516,30,0,10,1,28,,72510,30,0,10,1,68,,72549,30,0,10,1
21102,'H56JV00A-80-A',603,,72568,30,0,10,2,30,,72605,30,0,10,1,68,,72609,30,0,10,1,28,,72575,30,0,10,2,28,,72600,30,0,10,1,68,,72569,30,0,10,2,27,,72606,30,0,10,1,67,,72610,30,0,10,1,30,,72576,30,0,10,2,71,,72601,30,0,10,1,31,,72570,30,0,10,2,69,,72607,30,0,10,1,29,,72581,30,0,10,2,65,,72577,30,0,10,2,22,,72602,30,0,10,1,21,,72586,30,0,10,1,61,,72571,30,0,10,2,20,,72608,30,0,10,1,21,,72596,30,0,10,1,60,,72582,30,0,10,2,20,,72578,30,0,10,2,20,,72603,30,0,10,1,60,,72587,30,0,10,1,20,,72592,30,0,10,2,19,,72572,30,0,10,2,59,,72594,30,0,10,2,18,,72597,30,0,10,1,19,,72583,30,0,10,2,58,,72579,30,0,10,2,18,,72604,30,0,10,1,17,,72588,30,0,10,1,57,,72593,30,0,10,2,17,,72573,30,0,10,2,16,,72595,30,0,10,2,17,,72598,30,0,10,1,57,,72584,30,0,10,2,21,,72580,30,0,10,2,23,,72562,30,0,10,1,62,,72589,30,0,10,1,19,,72574,30,0,10,2,19,,72567,30,0,10,1,60,,72599,30,0,10,1,19,,72561,30,0,10,2,19,,72585,30,0,10,2,71,,72563,30,0,10,1,30,,72590,30,0,10,1,71,,72565,30,0,10,2,33,,72559,30,0,10,1,72,,72564,30,0,10,1,71,,72591,30,0,10,1,28,,72566,30,0,10,2,30,,72560,30,0,10,1,67,,72611,30,0,10,1
21102,'H56JV00I-80-I',609,,72614,30,0,10,2,31,,72620,30,0,10,1,72,,72627,30,0,10,2,31,,72655,30,0,10,1,71,,72615,30,0,10,2,30,,72621,30,0,10,1,71,,72628,30,0,10,2,33,,72656,30,0,10,1,72,,72616,30,0,10,2,31,,72622,30,0,10,1,70,,72632,30,0,10,1,31,,72633,30,0,10,2,68,,72647,30,0,10,1,28,,72617,30,0,10,2,67,,72623,30,0,10,1,24,,72629,30,0,10,2,62,,72642,30,0,10,1,20,,72634,30,0,10,2,22,,72648,30,0,10,1,63,,72618,30,0,10,2,23,,72624,30,0,10,1,23,,72630,30,0,10,2,62,,72643,30,0,10,1,22,,72635,30,0,10,2,20,,72649,30,0,10,1,58,,72639,30,0,10,2,19,,72619,30,0,10,2,18,,72625,30,0,10,1,57,,72631,30,0,10,2,19,,72644,30,0,10,1,22,,72636,30,0,10,2,66,,72650,30,0,10,1,27,,72640,30,0,10,2,68,,72626,30,0,10,1,28,,72645,30,0,10,1,68,,72637,30,0,10,2,28,,72651,30,0,10,1,68,,72641,30,0,10,2,26,,72657,30,0,10,1,72,,72646,30,0,10,1,31,,72638,30,0,10,2,72,,72652,30,0,10,1,30,,72653,30,0,10,1,70,,72654,30,0,10,1,30,,72613,30,0,10,2,70,,72612,30,0,10,1
21102,'H56JV00S-80-S',603,,72668,30,0,10,1,18,,72664,30,0,10,1,21,,72685,30,0,10,2,67,,72682,30,0,10,1,22,,72683,30,0,10,2,24,,72678,30,0,10,2,57,,72680,30,0,10,1,22,,72684,30,0,10,2,23,,72703,30,0,10,2,63,,72686,30,0,10,1,9,,72681,30,0,10,1,21,,72702,30,0,10,1,62,,72705,30,0,10,2,27,,72659,30,0,10,1,71,,72673,30,0,10,1,32,,72709,30,0,10,2,72,,72704,30,0,10,1,31,,72708,30,0,10,1,74,,72696,30,0,10,1,35,,72674,30,0,10,1,73,,72675,30,0,10,1,73,,72687,30,0,10,1,33,,72665,30,0,10,1,75,,72697,30,0,10,1,30,,72689,30,0,10,1,73,,72676,30,0,10,1,29,,72688,30,0,10,1,67,,72677,30,0,10,1,23,,72692,30,0,10,1,22,,72669,30,0,10,1,63,,72671,30,0,10,1,23,,72694,30,0,10,1,19,,72707,30,0,10,2,53,,72662,30,0,10,1,13,,72679,30,0,10,1,13,,72706,30,0,10,1,12,,72690,30,0,10,1,54,,72670,30,0,10,1,15,,72698,30,0,10,1,16,,72672,30,0,10,1,16,,72660,30,0,10,1,56,,72695,30,0,10,1,17,,72693,30,0,10,2,20,,72666,30,0,10,1,61,,72691,30,0,10,1,21,,72663,30,0,10,1,21,,72699,30,0,10,1,65,,72701,30,0,10,1,28,,72658,30,0,10,1,68,,72667,30,0,10,1,28,,72661,30,0,10,1,68,,72700,30,0,10,1
40502,'H56J000S-80-S',627,,76287,14,0,10,1,18,,76290,14,0,10,2,61,,76284,14,0,10,2,19,,76289,14,0,10,2,8,,76281,14,0,10,2,12,,76314,14,0,10,1,64,,76309,14,0,10,1,22,,76288,14,0,10,1,22,,76302,14,0,10,1,73,,76298,14,0,10,1,24,,76315,14,0,10,1,60,,76310,14,0,10,1,20,,76316,14,0,10,1,19,,76303,14,0,10,1,59,,76294,14,0,10,2,22,,76299,14,0,10,1,22,,76291,14,0,10,2,63,,76311,14,0,10,2,22,,76306,14,0,10,1,21,,76304,14,0,10,1,61,,76295,14,0,10,2,21,,76300,14,0,10,1,17,,76292,14,0,10,2,59,,76312,14,0,10,2,19,,76307,14,0,10,1,17,,76305,14,0,10,1,59,,76296,14,0,10,2,27,,76301,14,0,10,1,66,,76293,14,0,10,2,21,,76313,14,0,10,2,22,,76308,14,0,10,1,61,,76279,14,0,10,1,20,,76297,14,0,10,2,20,,76317,14,0,10,1,61,,76282,14,0,10,2,20,,76283,14,0,10,1,23,,76286,14,0,10,1,64,,76280,14,0,10,1,23,,76285,14,0,10,1
40502,'H56JV00S-80-S',627,,76326,14,0,10,1,18,,76329,14,0,10,2,61,,76323,14,0,10,2,19,,76328,14,0,10,2,8,,76320,14,0,10,2,12,,76353,14,0,10,1,64,,76348,14,0,10,1,22,,76327,14,0,10,1,22,,76341,14,0,10,1,73,,76337,14,0,10,1,24,,76354,14,0,10,1,60,,76349,14,0,10,1,20,,76355,14,0,10,1,19,,76342,14,0,10,1,59,,76333,14,0,10,2,22,,76338,14,0,10,1,22,,76330,14,0,10,1,63,,76350,14,0,10,2,22,,76345,14,0,10,1,21,,76343,14,0,10,1,61,,76334,14,0,10,2,21,,76339,14,0,10,1,17,,76331,14,0,10,1,59,,76351,14,0,10,2,19,,76346,14,0,10,1,17,,76344,14,0,10,1,59,,76335,14,0,10,2,27,,76340,14,0,10,1,66,,76332,14,0,10,1,21,,76352,14,0,10,2,22,,76347,14,0,10,1,61,,76318,14,0,10,1,20,,76336,14,0,10,2,20,,76356,14,0,10,1,61,,76321,14,0,10,2,20,,76322,14,0,10,1,23,,76325,14,0,10,1,64,,76319,14,0,10,1,23,,76324,14,0,10,1
