1701,'H60M000A-71-A',526,,88622,32,,,1,77,,88611,32,,,1,41,,88623,32,,,1,77,,88612,32,,,1,84,,88624,32,,,1,38,,88613,32,,,1,90,,88625,32,,,1,79,,88632,32,,,1,44,,88614,32,,,1,83,,88626,32,,,1,80,,88633,32,,,1,82,,88615,32,,,1,41,,88628,32,,,1,80,,88639,32,,,1,80,,88616,32,,,1,41,,88629,32,,,1,81,,88634,32,,,1,81,,88617,32,,,1,39,,88630,32,,,1,79,,88635,32,,,1,78,,88618,32,,,1,36,,88631,32,,,1,75,,88636,32,,,1,45,,88619,32,,,1,81,,88637,32,,,1,85,,88620,32,,,1,81,,88638,32,,,1,42,,88627,32,,,1,81,,88640,32,,,1,81,,88621,32,,,1,41,,88641,32,,,1
1701,'H60M000I-71-I',536,,88642,32,,,1,69,,88671,32,,,1,30,,88651,32,,,1,75,,88643,32,,,1,44,,88652,32,,,1,75,,88644,32,,,1,86,,88653,32,,,1,43,,88645,32,,,1,85,,88654,32,,,1,83,,88646,32,,,1,89,,88655,32,,,1,85,,88647,32,,,1,36,,88663,32,,,1,83,,88656,32,,,1,81,,88648,32,,,1,40,,88664,32,,,1,80,,88657,32,,,1,80,,88649,32,,,1,40,,88665,32,,,1,80,,88658,32,,,1,39,,88650,32,,,1,76,,88666,32,,,1,84,,88659,32,,,1,40,,88667,32,,,1,84,,88660,32,,,1,80,,88668,32,,,1,83,,88661,32,,,1,42,,88669,32,,,1,82,,88662,32,,,1,83,,88670,32,,,1
1701,'H60M000S-71-S',539,,88683,32,,,1,69,,88674,32,,,1,34,,88672,32,,,1,72,,88684,32,,,1,36,,88695,32,,,1,73,,88675,32,,,1,33,,88673,32,,,1,71,,88685,32,,,1,32,,88696,32,,,1,77,,88676,32,,,1,78,,88686,32,,,1,38,,88697,32,,,1,78,,88677,32,,,1,78,,88687,32,,,1,36,,88698,32,,,1,78,,88678,32,,,1,80,,88688,32,,,1,33,,88699,32,,,1,75,,88705,32,,,1,33,,88679,32,,,1,73,,88689,32,,,1,33,,88700,32,,,1,70,,88706,32,,,1,29,,88680,32,,,1,71,,88690,32,,,1,30,,88701,32,,,1,74,,88681,32,,,1,32,,88691,32,,,1,70,,88702,32,,,1,30,,88682,32,,,1,72,,88692,32,,,1,81,,88703,32,,,1,44,,88693,32,,,1,76,,88704,32,,,1,83,,88694,32,,,1
1701,'H60M100F-71-F1',536,,88707,32,,,1,69,,88736,32,,,1,30,,88716,32,,,1,75,,88708,32,,,1,44,,88717,32,,,1,75,,88709,32,,,1,86,,88718,32,,,1,43,,88710,32,,,1,85,,88719,32,,,1,83,,88711,32,,,1,89,,88720,32,,,1,85,,88712,32,,,1,36,,88728,32,,,1,83,,88721,32,,,1,81,,88713,32,,,1,40,,88729,32,,,1,80,,88722,32,,,1,80,,88714,32,,,1,40,,88730,32,,,1,80,,88723,32,,,1,39,,88715,32,,,1,76,,88731,32,,,1,84,,88724,32,,,1,40,,88732,32,,,1,84,,88725,32,,,1,80,,88733,32,,,1,83,,88726,32,,,1,42,,88734,32,,,1,82,,88727,32,,,1,83,,88735,32,,,1
1701,'H60M200F-71-F2',536,,88737,32,,,1,69,,88766,32,,,1,30,,88746,32,,,1,75,,88738,32,,,1,44,,88749,32,,,1,75,,88739,32,,,1,86,,88747,32,,,1,43,,88740,32,,,1,85,,88750,32,,,1,83,,88741,32,,,1,89,,88748,32,,,1,85,,88744,32,,,1,36,,88759,32,,,1,83,,88751,32,,,1,81,,88743,32,,,1,40,,88758,32,,,1,80,,88752,32,,,1,80,,88742,32,,,1,40,,88760,32,,,1,80,,88754,32,,,1,39,,88745,32,,,1,76,,88761,32,,,1,84,,88753,32,,,1,40,,88762,32,,,1,84,,88755,32,,,1,80,,88763,32,,,1,83,,88756,32,,,1,42,,88764,32,,,1,82,,88757,32,,,1,83,,88765,32,,,1
1701,'H60M300F-71-F3',536,,88767,32,,,1,69,,88796,32,,,1,30,,88774,32,,,1,75,,88768,32,,,1,44,,88777,32,,,1,75,,88769,32,,,1,86,,88778,32,,,1,43,,88770,32,,,1,85,,88779,32,,,1,83,,88771,32,,,1,89,,88780,32,,,1,85,,88772,32,,,1,36,,88788,32,,,1,83,,88781,32,,,1,81,,88773,32,,,1,40,,88789,32,,,1,80,,88782,32,,,1,80,,88776,32,,,1,40,,88791,32,,,1,80,,88783,32,,,1,39,,88775,32,,,1,76,,88790,32,,,1,84,,88784,32,,,1,40,,88792,32,,,1,84,,88785,32,,,1,80,,88793,32,,,1,83,,88786,32,,,1,42,,88794,32,,,1,82,,88787,32,,,1,83,,88795,32,,,1
19000,'H56M000S-70-S',612,,144430,27,,,1,33,,144413,27,,,2,72,,144434,27,,,1,34,,144417,27,,,2,72,,144407,27,,,1,31,,144410,27,,,1,70,,144418,27,,,2,29,,144415,27,,,1,69,,144411,27,,,1,29,,144414,27,,,2,69,,144416,27,,,1,31,,144432,27,,,1,71,,144424,27,,,2,30,,144419,27,,,1,70,,144412,27,,,1,30,,144425,27,,,2,70,,144420,27,,,1,30,,144404,27,,,1,72,,144426,27,,,2,27,,144421,27,,,1,64,,144408,27,,,1,27,,144405,27,,,1,69,,144427,27,,,2,29,,144422,27,,,1,69,,144406,27,,,1,32,,144428,27,,,2,70,,144423,27,,,2,31,,144433,27,,,1,73,,144429,27,,,2,33,,144409,27,,,1,73,,144431,27,,,2
37101,'H50M000A-70-A',2608,,155238,53,,,1,30,,155233,53,,,1,70,,155235,53,,,1,30,,155237,53,,,2,70,,155239,53,,,1,30,,155234,53,,,1,70,,155236,53,,,1
37101,'H50M000I-70-I',2607,,155240,53,,,1,30,,155244,53,,,1,71,,155246,53,,,2,30,,155242,53,,,2,70,,155241,53,,,1,30,,155245,53,,,1,70,,155243,53,,,1
37101,'H50M000S-70-S',2610,,155247,53,,,1,30,,155252,53,,,2,71,,155250,53,,,1,30,,155251,53,,,2,68,,155248,53,,,1,29,,155253,53,,,2,69,,155249,53,,,2
37101,'H50M100F-70-F1',2607,,155254,53,,,1,30,,155258,53,,,1,71,,155260,53,,,2,30,,155256,53,,,2,70,,155255,53,,,1,30,,155259,53,,,1,70,,155257,53,,,1
37101,'H50M200F-70-F2',2607,,155261,53,,,1,30,,155265,53,,,1,71,,155267,53,,,2,30,,155263,53,,,2,70,,155262,53,,,1,30,,155266,53,,,1,70,,155264,53,,,1
37101,'H50M300F-70-F3',2607,,155268,53,,,1,30,,155272,53,,,1,71,,155274,53,,,2,30,,155270,53,,,2,70,,155269,53,,,1,30,,155273,53,,,1,70,,155271,53,,,1
