35001,'H56U000A-80-A',2519,,276616,37,0,5,1,94,,276614,37,0,5,2,94,,276612,37,0,5,1,43,,276613,37,0,5,1,84,,276615,37,0,5,1
35001,'H56U000I-80-I',2519,,276620,37,0,5,1,88,,276618,37,0,5,1,47,,276617,37,0,5,1,84,,276619,37,0,5,1,87,,276621,37,0,5,2
35001,'H56U000S-81-S',2518,,276622,37,0,5,1,87,,276626,37,0,5,2,48,,276623,37,0,5,1,85,,276624,37,0,5,2,88,,276625,37,0,5,1
35001,'H56U100F-80-F1',2519,,276630,37,0,5,1,88,,276628,37,0,5,1,47,,276627,37,0,5,1,84,,276629,37,0,5,1,87,,276631,37,0,5,2
35001,'H56U200F-80-F2',2519,,276635,37,0,5,1,88,,276633,37,0,5,1,47,,276632,37,0,5,1,84,,276634,37,0,5,1,87,,276636,37,0,5,2
35002,'H56U000A-80-A',2600,,276638,62,0,10,1,40,,276646,62,0,10,1,70,,276645,62,0,10,1,11,,276649,62,0,10,1,10,,276637,62,0,10,1,9,,276641,62,0,10,1,9,,276651,62,0,10,1,10,,276648,62,0,10,2,50,,276642,62,0,10,2,10,,276639,62,0,10,1,10,,276643,62,0,10,2,11,,276640,62,0,10,1,10,,276644,62,0,10,2,50,,276647,62,0,10,1,19,,276650,62,0,10,1
35002,'H56U000I-80-I',2549,,276652,62,0,10,1,68,,276657,62,0,10,1,26,,276654,62,0,10,1,67,,276659,62,0,10,2,27,,276658,62,0,10,1,66,,276653,62,0,10,1,26,,276656,62,0,10,1,26,,276655,62,0,10,1
35002,'H56U000S-81-S',2553,,276660,62,0,10,2,85,,276663,62,0,10,1,92,,276661,62,0,10,2,86,,276662,62,0,10,1,29,,276665,62,0,10,2,55,,276664,62,0,10,1
35002,'H56U100F-80-F1',2549,,276666,62,0,10,1,68,,276671,62,0,10,1,26,,276668,62,0,10,1,67,,276673,62,0,10,2,27,,276672,62,0,10,1,66,,276667,62,0,10,1,26,,276670,62,0,10,1,26,,276669,62,0,10,1
35002,'H56U200F-80-F2',2549,,276674,62,0,10,1,68,,276679,62,0,10,1,26,,276676,62,0,10,1,67,,276681,62,0,10,2,27,,276680,62,0,10,1,66,,276675,62,0,10,1,26,,276678,62,0,10,1,26,,276677,62,0,10,1
