'26J-H60J000A-80-A',20104,64920,0,'Sud',1,6900,0,'Sud',1,3000,0,'Sud',1,7100,0,'Sud',2,3300,0,'Sud',1,7200,0,'Sud',2,3300,0,'Sud',1,7320,0,'Sud',1,7300,0,'Sud',1,3100,0,'Sud',1,7100,0,'Sud',2,3100,0,'Sud',1,7100,0,'Sud',1,3000,0,'Sud',1,7200,0,'Sud',1,3100,0,'Sud',2,6900,0,'Sud',1,2900,0,'Sud',1,7000,0,'Sud',1,3000,0,'Sud',1,7000,0,'Sud',2,3000,0,'Sud',1,7100,0,'Sud',1,3000,0,'Sud',1,7200,0,'Sud',1,3200,0,'Sud',2,6300,0,'Sud',1,3200,0,'Sud',1,7200,0,'Sud',2,3200,0,'Sud',1,7200,0,'Sud',1,3090,0,'Sud',1,6900,0,'Sud',2,2900,0,'Sud',1,7000,0,'Sud',1,3100,0,'Sud',1
'26J-H60J000I-80-I',20104,73930,0,'Sud',2,7200,0,'Sud',1,3300,0,'Sud',1,7300,0,'Sud',1,3300,0,'Sud',2,7400,0,'Sud',1,7600,0,'Sud',1,3400,0,'Sud',1,7600,0,'Sud',2,3400,0,'Sud',1,7400,0,'Sud',1,3300,0,'Sud',2,7400,0,'Sud',1,3300,0,'Sud',2,7300,0,'Sud',1,7300,0,'Sud',1,3200,0,'Sud',2,7500,0,'Sud',1,3200,0,'Sud',1,7000,0,'Sud',1,2800,0,'Sud',1,7200,0,'Sud',2,3300,0,'Sud',1,7200,0,'Sud',2,3200,0,'Sud',1,6900,0,'Sud',2,2900,0,'Sud',1,7000,0,'Sud',2,2800,0,'Sud',1,6900,0,'Sud',2,2900,0,'Sud',1,6800,0,'Sud',1,2900,0,'Sud',1
'26J-H60J000S-98-S',20104,64740,0,'Sud',2,6800,0,'Sud',1,3600,0,'Sud',2,8400,0,'Sud',1,7900,0,'Sud',2,3990,0,'Sud',1,7500,0,'Sud',2,7700,0,'Sud',1,3600,0,'Sud',2,7400,0,'Sud',1,3300,0,'Sud',1,7400,0,'Sud',2,3300,0,'Sud',1,7200,0,'Sud',2,7500,0,'Sud',1,3400,0,'Sud',1,7600,0,'Sud',2,3100,0,'Sud',2,6600,0,'Sud',1,2700,0,'Sud',2,6800,0,'Sud',1,3000,0,'Sud',1,6600,0,'Sud',2,2300,0,'Sud',1,2800,0,'Sud',1,6900,0,'Sud',1,2500,0,'Sud',1,7000,0,'Sud',1,3000,0,'Sud',2,6900,0,'Sud',1,3000,0,'Sud',1,6900,0,'Sud',2,2800,0,'Sud',1,7100,0,'Sud',2,3200,0,'Sud',1
'26J-H60JV00A-80-A',20104,64920,0,'Sud',1,6900,0,'Sud',1,3000,0,'Sud',1,7100,0,'Sud',2,3300,0,'Sud',1,7200,0,'Sud',2,3300,0,'Sud',1,7320,0,'Sud',1,7300,0,'Sud',1,3100,0,'Sud',1,7100,0,'Sud',2,3100,0,'Sud',1,7100,0,'Sud',1,3000,0,'Sud',1,7200,0,'Sud',1,3100,0,'Sud',2,6900,0,'Sud',1,2900,0,'Sud',1,7000,0,'Sud',1,3000,0,'Sud',1,7000,0,'Sud',2,3000,0,'Sud',1,7100,0,'Sud',1,3000,0,'Sud',1,7200,0,'Sud',1,3200,0,'Sud',2,6300,0,'Sud',1,3200,0,'Sud',1,7200,0,'Sud',2,3200,0,'Sud',1,7200,0,'Sud',1,3090,0,'Sud',1,6900,0,'Sud',2,2900,0,'Sud',1,7000,0,'Sud',1,3100,0,'Sud',1
'26J-H60JV00I-80-I',20104,73930,0,'Sud',2,7200,0,'Sud',1,3300,0,'Sud',1,7300,0,'Sud',1,3300,0,'Sud',2,7400,0,'Sud',1,7600,0,'Sud',1,3400,0,'Sud',1,7600,0,'Sud',2,3400,0,'Sud',1,7400,0,'Sud',1,3300,0,'Sud',2,7400,0,'Sud',1,3300,0,'Sud',2,7300,0,'Sud',1,7300,0,'Sud',1,3200,0,'Sud',2,7500,0,'Sud',1,3200,0,'Sud',1,7000,0,'Sud',1,2800,0,'Sud',1,7200,0,'Sud',2,3300,0,'Sud',1,7200,0,'Sud',2,3200,0,'Sud',1,6900,0,'Sud',2,2900,0,'Sud',1,7000,0,'Sud',2,2800,0,'Sud',1,6900,0,'Sud',2,2900,0,'Sud',1,6800,0,'Sud',1,2900,0,'Sud',1
'26J-H60JV00S-98-S',20104,64740,0,'Sud',2,6800,0,'Sud',1,3600,0,'Sud',2,8400,0,'Sud',1,7900,0,'Sud',2,3990,0,'Sud',1,7500,0,'Sud',2,7700,0,'Sud',1,3600,0,'Sud',2,7400,0,'Sud',1,3300,0,'Sud',1,7400,0,'Sud',2,3300,0,'Sud',1,7200,0,'Sud',2,7500,0,'Sud',1,3400,0,'Sud',1,7600,0,'Sud',2,3100,0,'Sud',2,6600,0,'Sud',1,2700,0,'Sud',2,6800,0,'Sud',1,3000,0,'Sud',1,6600,0,'Sud',2,2300,0,'Sud',1,2800,0,'Sud',1,6900,0,'Sud',1,2500,0,'Sud',1,7000,0,'Sud',1,3000,0,'Sud',2,6900,0,'Sud',1,3000,0,'Sud',1,6900,0,'Sud',2,2800,0,'Sud',1,7100,0,'Sud',1,3200,0,'Sud',1
'26J-H60J000A-80-A',20502,51730,0,'Ouest',2,3000,0,'Ouest',1,7100,0,'Ouest',2,3000,0,'Ouest',1,7100,0,'Ouest',2,3100,0,'Ouest',1,7000,0,'Ouest',2,3270,0,'Ouest',1,7100,0,'Ouest',2,3100,0,'Ouest',1,7100,0,'Ouest',2,7500,0,'Ouest',1,3500,0,'Ouest',2,7500,0,'Ouest',1,3500,0,'Ouest',2,7500,0,'Ouest',1,3500,0,'Ouest',2,7500,0,'Ouest',1,7600,0,'Ouest',2,3600,0,'Ouest',1,7600,0,'Ouest',2,3600,0,'Ouest',1,7500,0,'Ouest',2,7500,0,'Ouest',1,3330,0,'Ouest',2,7500,0,'Ouest',1,3400,0,'Ouest',1,7400,0,'Ouest',1,3300,0,'Ouest',1,7300,0,'Ouest',1,7400,0,'Ouest',1,3400,0,'Ouest',1,7300,0,'Ouest',1,3400,0,'Ouest',1,7500,0,'Ouest',1
'26J-H60J000I-80-I',20502,63330,0,'Ouest',1,7000,0,'Ouest',2,3000,0,'Ouest',1,7000,0,'Ouest',2,3070,0,'Ouest',1,7000,0,'Ouest',2,3100,0,'Ouest',1,7000,0,'Ouest',2,3100,0,'Ouest',1,7200,0,'Ouest',2,3100,0,'Ouest',1,7400,0,'Ouest',1,3500,0,'Ouest',1,7600,0,'Ouest',1,7600,0,'Ouest',1,3600,0,'Ouest',1,7600,0,'Ouest',1,3600,0,'Ouest',1,7600,0,'Ouest',1,3530,0,'Ouest',1,7600,0,'Ouest',1,7600,0,'Ouest',2,3500,0,'Ouest',1,7500,0,'Ouest',2,3500,0,'Ouest',1,7500,0,'Ouest',2,7300,0,'Ouest',1,3300,0,'Ouest',2,7300,0,'Ouest',1,3300,0,'Ouest',2,7200,0,'Ouest',1,3100,0,'Ouest',2,7100,0,'Ouest',1
'26J-H60J000S-98-S',20502,44730,0,'Ouest',1,7200,0,'Ouest',2,3200,0,'Ouest',1,7170,0,'Ouest',2,3400,0,'Ouest',1,7000,0,'Ouest',2,2700,0,'Ouest',1,6800,0,'Ouest',1,2800,0,'Ouest',1,6600,0,'Ouest',1,2700,0,'Ouest',1,7000,0,'Ouest',1,3100,0,'Ouest',1,7100,0,'Ouest',1,3300,0,'Ouest',1,7300,0,'Ouest',1,3300,0,'Ouest',1,7300,0,'Ouest',1,7300,0,'Ouest',1,3300,0,'Ouest',1,7300,0,'Ouest',1,3300,0,'Ouest',2,7300,0,'Ouest',1,2800,0,'Ouest',1,6800,0,'Ouest',2,2700,0,'Ouest',1,6500,0,'Ouest',1,2700,0,'Ouest',2,2600,0,'Ouest',1,6600,0,'Ouest',1,2600,0,'Ouest',1,6800,0,'Ouest',1,2800,0,'Ouest',2,7130,0,'Ouest',1,3200,0,'Ouest',2,7200,0,'Ouest',1,3200,0,'Ouest',2,7200,0,'Ouest',1,3100,0,'Ouest',2,7000,0,'Ouest',1
'26J-H60JV00A-80-A',20502,51730,0,'Ouest',2,3000,0,'Ouest',1,7100,0,'Ouest',2,3000,0,'Ouest',1,7100,0,'Ouest',2,3100,0,'Ouest',1,7000,0,'Ouest',2,3270,0,'Ouest',1,7100,0,'Ouest',2,3100,0,'Ouest',1,7100,0,'Ouest',2,7500,0,'Ouest',1,3500,0,'Ouest',2,7500,0,'Ouest',1,3500,0,'Ouest',2,7500,0,'Ouest',1,3500,0,'Ouest',2,7500,0,'Ouest',1,7600,0,'Ouest',2,3600,0,'Ouest',1,7600,0,'Ouest',2,3600,0,'Ouest',1,7500,0,'Ouest',2,7500,0,'Ouest',1,3330,0,'Ouest',2,7500,0,'Ouest',1,3400,0,'Ouest',1,7400,0,'Ouest',1,3300,0,'Ouest',1,7300,0,'Ouest',1,7400,0,'Ouest',1,3400,0,'Ouest',1,7300,0,'Ouest',1,3400,0,'Ouest',1,7500,0,'Ouest',1
'26J-H60JV00I-80-I',20502,63330,0,'Ouest',1,7000,0,'Ouest',2,3000,0,'Ouest',1,7000,0,'Ouest',2,3070,0,'Ouest',1,7000,0,'Ouest',2,3100,0,'Ouest',1,7000,0,'Ouest',2,3100,0,'Ouest',1,7200,0,'Ouest',2,3100,0,'Ouest',1,7400,0,'Ouest',1,3500,0,'Ouest',1,7600,0,'Ouest',1,7600,0,'Ouest',1,3600,0,'Ouest',1,7600,0,'Ouest',1,3600,0,'Ouest',1,7600,0,'Ouest',1,3530,0,'Ouest',1,7600,0,'Ouest',1,7600,0,'Ouest',2,3500,0,'Ouest',1,7500,0,'Ouest',2,3500,0,'Ouest',1,7500,0,'Ouest',2,7300,0,'Ouest',1,3300,0,'Ouest',2,7300,0,'Ouest',1,3300,0,'Ouest',2,7200,0,'Ouest',1,3100,0,'Ouest',2,7100,0,'Ouest',1
'26J-H60JV00S-98-S',20502,44730,0,'Ouest',1,7200,0,'Ouest',1,3200,0,'Ouest',1,7170,0,'Ouest',1,3400,0,'Ouest',1,7000,0,'Ouest',2,2700,0,'Ouest',1,6800,0,'Ouest',1,2800,0,'Ouest',1,6600,0,'Ouest',1,2700,0,'Ouest',1,7000,0,'Ouest',1,3100,0,'Ouest',1,7100,0,'Ouest',1,3300,0,'Ouest',1,7300,0,'Ouest',1,3300,0,'Ouest',1,7300,0,'Ouest',1,7300,0,'Ouest',1,3300,0,'Ouest',1,7300,0,'Ouest',1,3300,0,'Ouest',1,7300,0,'Ouest',1,2800,0,'Ouest',1,6800,0,'Ouest',1,2700,0,'Ouest',1,6500,0,'Ouest',1,2700,0,'Ouest',1,2600,0,'Ouest',1,6600,0,'Ouest',1,2600,0,'Ouest',1,6800,0,'Ouest',1,2800,0,'Ouest',2,7130,0,'Ouest',1,3200,0,'Ouest',2,7200,0,'Ouest',1,3200,0,'Ouest',2,7200,0,'Ouest',1,3100,0,'Ouest',2,7000,0,'Ouest',1
