'26J-H50J000A-84-A',10301,53810,0,'Est',1,7100,0,'Est',2,3000,0,'Est',1,6700,0,'Est',2,2640,0,'Est',1,2600,0,'Est',2,6700,0,'Est',1,2300,0,'Est',2,6200,0,'Est',2,2070,0,'Est',1,1730,0,'Est',2,5600,0,'Est',2,1500,0,'Est',1,1500,0,'Est',2,1500,0,'Est',1,5500,0,'Est',2,1600,0,'Est',1,1400,0,'Est',2,1500,0,'Est',2,5500,0,'Est',1,1500,0,'Est',2,1600,0,'Est',2,1600,0,'Est',1,5500,0,'Est',2,1400,0,'Est',1,1400,0,'Est',2,1400,0,'Est',2,5500,0,'Est',1,1500,0,'Est',2,1400,0,'Est',2,1600,0,'Est',2,5800,0,'Est',1,1900,0,'Est',2,1900,0,'Est',2,5800,0,'Est',2,1870,0,'Est',2,1800,0,'Est',2,1700,0,'Est',1,6300,0,'Est',2,2400,0,'Est',2,6300,0,'Est',2,2400,0,'Est',1,2500,0,'Est',2,6530,0,'Est',1,2900,0,'Est',1,7000,0,'Est',1,3060,0,'Est',1,7000,0,'Est',1,2900,0,'Est',1,6900,0,'Est',1,2900,0,'Est',1,7000,0,'Est',1,3000,0,'Est',1,6900,0,'Est',1,2900,0,'Est',1,6800,0,'Est',1,2800,0,'Est',1
'26J-H50J000I-84-I',10301,60510,0,'Est',1,3000,0,'Est',2,7000,0,'Est',1,3000,0,'Est',2,7000,0,'Est',1,3100,0,'Est',2,6600,0,'Est',1,2340,0,'Est',2,2070,0,'Est',1,6000,0,'Est',1,2100,0,'Est',2,2000,0,'Est',1,6000,0,'Est',1,2200,0,'Est',2,1900,0,'Est',1,6000,0,'Est',1,2300,0,'Est',2,2100,0,'Est',1,6100,0,'Est',1,2210,0,'Est',2,1790,0,'Est',1,6000,0,'Est',1,2000,0,'Est',2,2000,0,'Est',1,6000,0,'Est',1,2000,0,'Est',2,2000,0,'Est',1,5900,0,'Est',1,2000,0,'Est',2,2300,0,'Est',2,6500,0,'Est',1,3100,0,'Est',2,7300,0,'Est',1,3100,0,'Est',2,6830,0,'Est',1,3000,0,'Est',2,6900,0,'Est',1,2900,0,'Est',2,6860,0,'Est',1,2900,0,'Est',2,6900,0,'Est',1,2900,0,'Est',2,6900,0,'Est',1,2700,0,'Est',2,6900,0,'Est',1,3000,0,'Est',2,7000,0,'Est',1
'26J-H50J000S-83-S',10301,53410,0,'Est',1,2100,0,'Est',2,6210,0,'Est',1,1500,0,'Est',1,2600,0,'Est',2,4800,0,'Est',1,1130,0,'Est',1,600,0,'Est',1,500,0,'Est',1,1000,0,'Est',1,500,0,'Est',1,500,0,'Est',2,500,0,'Est',2,4980,0,'Est',1,400,0,'Est',2,1300,0,'Est',1,500,0,'Est',1,500,0,'Est',1,500,0,'Est',1,600,0,'Est',2,400,0,'Est',1,600,0,'Est',1,700,0,'Est',2,4620,0,'Est',1,600,0,'Est',2,800,0,'Est',1,900,0,'Est',2,800,0,'Est',1,1100,0,'Est',2,5400,0,'Est',1,1500,0,'Est',2,1500,0,'Est',2,1400,0,'Est',1,1400,0,'Est',1,5300,0,'Est',2,1400,0,'Est',2,1500,0,'Est',1,1500,0,'Est',1,5600,0,'Est',2,1700,0,'Est',2,1800,0,'Est',1,5600,0,'Est',1,1500,0,'Est',2,1500,0,'Est',2,1500,0,'Est',1,5500,0,'Est',1,1600,0,'Est',2,1700,0,'Est',2,1880,0,'Est',1,5700,0,'Est',1,1800,0,'Est',2,2000,0,'Est',1,6000,0,'Est',1,2700,0,'Est',1,6900,0,'Est',1,2900,0,'Est',2,6800,0,'Est',1,2700,0,'Est',2,2320,0,'Est',1,6900,0,'Est',2,2900,0,'Est',1,7100,0,'Est',1,3200,0,'Est',1,6700,0,'Est',1,3000,0,'Est',1,7000,0,'Est',1,2900,0,'Est',1,6760,0,'Est',1,2600,0,'Est',1,6900,0,'Est',1,2900,0,'Est',1,6900,0,'Est',1
'26J-H50JV00A-81-A',10301,53810,0,'Est',1,7100,0,'Est',2,3000,0,'Est',1,6700,0,'Est',2,2640,0,'Est',1,2600,0,'Est',2,6700,0,'Est',1,2300,0,'Est',2,6200,0,'Est',2,2070,0,'Est',1,1730,0,'Est',2,5600,0,'Est',2,1500,0,'Est',1,1500,0,'Est',2,1500,0,'Est',1,5500,0,'Est',2,1600,0,'Est',1,1400,0,'Est',2,1500,0,'Est',2,5500,0,'Est',1,1500,0,'Est',2,1600,0,'Est',2,1600,0,'Est',1,5500,0,'Est',2,1400,0,'Est',1,1400,0,'Est',2,1400,0,'Est',2,5500,0,'Est',1,1500,0,'Est',2,1400,0,'Est',2,1600,0,'Est',2,5800,0,'Est',1,1900,0,'Est',2,1900,0,'Est',2,5800,0,'Est',2,1870,0,'Est',2,1800,0,'Est',2,1700,0,'Est',1,6300,0,'Est',2,2400,0,'Est',2,6300,0,'Est',2,2400,0,'Est',1,2500,0,'Est',2,6530,0,'Est',1,2900,0,'Est',1,7000,0,'Est',1,3060,0,'Est',1,7000,0,'Est',1,2900,0,'Est',1,6900,0,'Est',1,2900,0,'Est',1,7000,0,'Est',1,3000,0,'Est',1,6900,0,'Est',1,2900,0,'Est',1,6800,0,'Est',1,2800,0,'Est',1
'26J-H50JV00I-81-I',10301,60510,0,'Est',1,3000,0,'Est',2,7000,0,'Est',1,3000,0,'Est',2,7000,0,'Est',1,3100,0,'Est',2,6600,0,'Est',1,2340,0,'Est',2,2070,0,'Est',1,6000,0,'Est',1,2100,0,'Est',2,2000,0,'Est',1,6000,0,'Est',1,2200,0,'Est',2,1900,0,'Est',1,6000,0,'Est',1,2300,0,'Est',2,2100,0,'Est',1,6100,0,'Est',1,2210,0,'Est',2,1790,0,'Est',1,6000,0,'Est',1,2000,0,'Est',2,2000,0,'Est',1,6000,0,'Est',1,2000,0,'Est',2,2000,0,'Est',1,5900,0,'Est',1,2000,0,'Est',2,2300,0,'Est',2,6500,0,'Est',1,3100,0,'Est',2,7300,0,'Est',1,3100,0,'Est',2,6830,0,'Est',1,3000,0,'Est',2,6900,0,'Est',1,2900,0,'Est',2,6860,0,'Est',1,2900,0,'Est',2,6900,0,'Est',1,2900,0,'Est',2,6900,0,'Est',1,2700,0,'Est',2,6900,0,'Est',1,3000,0,'Est',2,7000,0,'Est',1
'26J-H50JV00S-82-S',10301,53410,0,'Est',1,2100,0,'Est',1,6210,0,'Est',1,1500,0,'Est',1,2600,0,'Est',1,4800,0,'Est',1,1130,0,'Est',1,600,0,'Est',1,500,0,'Est',1,1000,0,'Est',1,500,0,'Est',1,500,0,'Est',2,500,0,'Est',2,4980,0,'Est',1,400,0,'Est',1,1300,0,'Est',1,500,0,'Est',1,500,0,'Est',1,500,0,'Est',1,600,0,'Est',2,400,0,'Est',1,600,0,'Est',1,700,0,'Est',1,4620,0,'Est',1,600,0,'Est',1,800,0,'Est',1,900,0,'Est',2,800,0,'Est',1,1100,0,'Est',1,5400,0,'Est',1,1500,0,'Est',2,1500,0,'Est',1,1400,0,'Est',1,1400,0,'Est',1,5300,0,'Est',2,1400,0,'Est',1,1500,0,'Est',1,1500,0,'Est',1,5600,0,'Est',2,1700,0,'Est',1,1800,0,'Est',1,5600,0,'Est',1,1500,0,'Est',2,1500,0,'Est',1,1500,0,'Est',1,5500,0,'Est',1,1600,0,'Est',2,1700,0,'Est',1,1880,0,'Est',1,5700,0,'Est',1,1800,0,'Est',2,2000,0,'Est',1,6000,0,'Est',1,2700,0,'Est',1,6900,0,'Est',1,2900,0,'Est',2,6800,0,'Est',1,2700,0,'Est',1,2320,0,'Est',1,6900,0,'Est',2,2900,0,'Est',1,7100,0,'Est',1,3200,0,'Est',1,6700,0,'Est',1,3000,0,'Est',1,7000,0,'Est',1,2900,0,'Est',1,6760,0,'Est',1,2600,0,'Est',1,6900,0,'Est',1,2900,0,'Est',1,6900,0,'Est',1
'26J-H51J000S-80-S',10301,71220,0,'Est',2,2130,0,'Est',2
'26J-H51JV00S-84-S',10301,71220,0,'Est',2,2130,0,'Est',2
'26J-H56J000S-80-S',10301,75850,0,'Est',1
'26J-H56JV00S-80-S',10301,75850,0,'Est',1
'26J-H59J000S-81-S',10301,64120,0,'Est',1,900,0,'Est',1,16310,0,'Est',2
'26J-H59JV00S-83-S',10301,64120,0,'Est',1,900,0,'Est',1,16310,0,'Est',2
'26J-H50J000A-84-A',16201,65010,0,'Est',2,6900,0,'Est',1,2900,0,'Est',2,6900,0,'Est',1,3030,0,'Est',2,7200,0,'Est',1,3300,0,'Est',2,7300,0,'Est',1,3400,0,'Est',2,7510,0,'Est',1,7200,0,'Est',1,3200,0,'Est',1,7000,0,'Est',1,2900,0,'Est',2,7000,0,'Est',1,2900,0,'Est',1,6700,0,'Est',2,2900,0,'Est',1,6900,0,'Est',1,2800,0,'Est',2,2800,0,'Est',1,6700,0,'Est',1,2800,0,'Est',2,6900,0,'Est',1,2900,0,'Est',1,6760,0,'Est',2,3300,0,'Est',1,7000,0,'Est',2,3200,0,'Est',1,7000,0,'Est',2,3200,0,'Est',1,7000,0,'Est',2,3100,0,'Est',1,7000,0,'Est',2,2900,0,'Est',1,7000,0,'Est',2,2900,0,'Est',1,6800,0,'Est',2,2800,0,'Est',1
'26J-H50J000I-84-I',16201,65110,0,'Est',1,6900,0,'Est',2,2900,0,'Est',1,7030,0,'Est',2,3100,0,'Est',1,7370,0,'Est',2,3300,0,'Est',1,7300,0,'Est',2,7300,0,'Est',1,3300,0,'Est',2,7200,0,'Est',1,3100,0,'Est',2,7200,0,'Est',1,3200,0,'Est',1,7100,0,'Est',2,3000,0,'Est',1,7100,0,'Est',1,3200,0,'Est',2,7300,0,'Est',1,3300,0,'Est',2,7300,0,'Est',1,3100,0,'Est',2,6900,0,'Est',1,3200,0,'Est',2,7200,0,'Est',1,7300,0,'Est',2,3300,0,'Est',1,7300,0,'Est',2,3200,0,'Est',1,7200,0,'Est',2,3000,0,'Est',1,7200,0,'Est',2,3100,0,'Est',1,7100,0,'Est',2,3100,0,'Est',1,7000,0,'Est',2
'26J-H50J000S-83-S',16201,60610,0,'Est',1,3130,0,'Est',2,7200,0,'Est',1,2370,0,'Est',1,6900,0,'Est',1,3300,0,'Est',1,6700,0,'Est',1,3200,0,'Est',1,7000,0,'Est',2,2800,0,'Est',2,7000,0,'Est',1,2900,0,'Est',2,7000,0,'Est',2,3340,0,'Est',1,7000,0,'Est',2,3000,0,'Est',2,7000,0,'Est',1,3000,0,'Est',2,10600,0,'Est',1,7200,0,'Est',2,2700,0,'Est',1,7000,0,'Est',1,2700,0,'Est',2,6900,0,'Est',1,2890,0,'Est',1,2500,0,'Est',2,7200,0,'Est',1,6900,0,'Est',1,2900,0,'Est',2,2900,0,'Est',2,7000,0,'Est',1,2800,0,'Est',1,6670,0,'Est',2,2800,0,'Est',1,6900,0,'Est',2,2930,0,'Est',1,6800,0,'Est',2,3000,0,'Est',1,7000,0,'Est',2
'26J-H50JV00A-81-A',16201,65010,0,'Est',2,6900,0,'Est',1,2900,0,'Est',2,6900,0,'Est',1,3030,0,'Est',2,7200,0,'Est',1,3300,0,'Est',2,7300,0,'Est',1,3400,0,'Est',2,7510,0,'Est',1,7200,0,'Est',1,3200,0,'Est',1,7000,0,'Est',1,2900,0,'Est',2,7000,0,'Est',1,2900,0,'Est',1,6700,0,'Est',2,2900,0,'Est',1,6900,0,'Est',1,2800,0,'Est',2,2800,0,'Est',1,6700,0,'Est',1,2800,0,'Est',2,6900,0,'Est',1,2900,0,'Est',1,6760,0,'Est',2,3300,0,'Est',1,7000,0,'Est',2,3200,0,'Est',1,7000,0,'Est',2,3200,0,'Est',1,7000,0,'Est',2,3100,0,'Est',1,7000,0,'Est',2,2900,0,'Est',1,7000,0,'Est',2,2900,0,'Est',1,6800,0,'Est',2,2800,0,'Est',1
'26J-H50JV00I-81-I',16201,65110,0,'Est',1,6900,0,'Est',2,2900,0,'Est',1,7030,0,'Est',2,3100,0,'Est',1,7370,0,'Est',2,3300,0,'Est',1,7300,0,'Est',2,7300,0,'Est',1,3300,0,'Est',2,7200,0,'Est',1,3100,0,'Est',2,7200,0,'Est',1,3200,0,'Est',1,7100,0,'Est',2,3000,0,'Est',1,7100,0,'Est',1,3200,0,'Est',2,7300,0,'Est',1,3300,0,'Est',2,7300,0,'Est',1,3100,0,'Est',2,6900,0,'Est',1,3200,0,'Est',2,7200,0,'Est',1,7300,0,'Est',2,3300,0,'Est',1,7300,0,'Est',2,3200,0,'Est',1,7200,0,'Est',2,3000,0,'Est',1,7200,0,'Est',2,3100,0,'Est',1,7100,0,'Est',2,3100,0,'Est',1,7000,0,'Est',2
'26J-H50JV00S-82-S',16201,60610,0,'Est',1,3130,0,'Est',2,7200,0,'Est',1,2370,0,'Est',1,6900,0,'Est',1,3300,0,'Est',1,6700,0,'Est',1,3200,0,'Est',1,7000,0,'Est',1,2800,0,'Est',1,7000,0,'Est',1,2900,0,'Est',1,7000,0,'Est',1,3340,0,'Est',1,7000,0,'Est',1,3000,0,'Est',1,7000,0,'Est',1,3000,0,'Est',1,10600,0,'Est',1,7200,0,'Est',1,2700,0,'Est',1,7000,0,'Est',1,2700,0,'Est',1,6900,0,'Est',1,2890,0,'Est',1,2500,0,'Est',1,7200,0,'Est',1,6900,0,'Est',1,2900,0,'Est',2,2900,0,'Est',1,7000,0,'Est',1,2800,0,'Est',1,6670,0,'Est',1,2800,0,'Est',1,6900,0,'Est',1,2930,0,'Est',1,6800,0,'Est',1,3000,0,'Est',1,7000,0,'Est',1
'26J-H59J000S-81-S',16201,150650,0,'Est',1
'26J-H59JV00S-83-S',16201,150650,0,'Est',1
