5503,'H51M000S-80-S',829,,187089,30,0,8,2
5503,'H57M000S-80-S',1427,,187092,30,0,8,1,184,,187091,30,0,8,2,20,,187090,30,0,8,1,69,,187093,30,0,8,1
5503,'H58M000A-80-A',524,,187100,30,0,8,1,28,,187113,30,0,8,1,70,,187109,30,0,8,2,30,,187115,30,0,8,1,70,,187101,30,0,8,1,33,,187095,30,0,8,1,70,,187118,30,0,8,1,33,,187123,30,0,8,1,73,,187102,30,0,8,1,71,,187096,30,0,8,1,34,,187119,30,0,8,1,71,,187124,30,0,8,1,22,,187141,30,0,8,1,14,,187103,30,0,8,1,14,,187145,30,0,8,1,53,,187110,30,0,8,1,16,,187097,30,0,8,1,14,,187148,30,0,8,1,13,,187131,30,0,8,1,53,,187134,30,0,8,1,11,,187152,30,0,8,2,10,,187125,30,0,8,1,11,,187138,30,0,8,1,9,,187157,30,0,8,1,9,,187142,30,0,8,1,48,,187160,30,0,8,1,8,,187104,30,0,8,1,9,,187146,30,0,8,1,9,,187111,30,0,8,1,8,,187165,30,0,8,1,8,,187128,30,0,8,1,8,,187098,30,0,8,1,48,,187149,30,0,8,1,9,,187122,30,0,8,1,8,,187167,30,0,8,1,8,,187132,30,0,8,1,8,,187135,30,0,8,1,9,,187153,30,0,8,2,9,,187126,30,0,8,1,49,,187139,30,0,8,1,7,,187147,30,0,8,1,8,,187162,30,0,8,1,7,,187158,30,0,8,1,8,,187161,30,0,8,1,9,,187105,30,0,8,1,8,,187112,30,0,8,1,7,,187171,30,0,8,2,47,,187166,30,0,8,1,7,,187129,30,0,8,1,8,,187099,30,0,8,1,7,,187173,30,0,8,2,6,,187150,30,0,8,1,6,,187174,30,0,8,1,6,,187168,30,0,8,1,5,,187133,30,0,8,1,5,,187127,30,0,8,1,6,,187136,30,0,8,1,46,,187154,30,0,8,2,6,,187175,30,0,8,1,7,,187140,30,0,8,1,8,,187179,30,0,8,1,8,,187163,30,0,8,1,8,,187181,30,0,8,2,9,,187159,30,0,8,1,50,,187116,30,0,8,1,9,,187106,30,0,8,1,8,,187172,30,0,8,2,8,,187107,30,0,8,1,9,,187130,30,0,8,1,9,,187151,30,0,8,1,9,,187094,30,0,8,1,50,,187169,30,0,8,1,9,,187137,30,0,8,1,8,,187176,30,0,8,1,10,,187155,30,0,8,1,11,,187180,30,0,8,1,12,,187182,30,0,8,2,52,,187117,30,0,8,1,12,,187164,30,0,8,1,12,,187143,30,0,8,1,13,,187108,30,0,8,1,13,,187177,30,0,8,1,52,,187170,30,0,8,1,12,,187184,30,0,8,2,14,,187156,30,0,8,1,14,,187120,30,0,8,1,54,,187183,30,0,8,2,13,,187114,30,0,8,1,14,,187186,30,0,8,1,14,,187144,30,0,8,1,58,,187178,30,0,8,1,21,,187185,30,0,8,2,26,,187121,30,0,8,1
5503,'H58M000I-80-I',526,,187188,30,0,8,1,32,,187209,30,0,8,1,72,,187202,30,0,8,1,73,,187215,30,0,8,1,30,,187189,30,0,8,1,69,,187210,30,0,8,1,27,,187203,30,0,8,1,28,,187197,30,0,8,1,70,,187190,30,0,8,1,30,,187211,30,0,8,1,70,,187204,30,0,8,1,22,,187226,30,0,8,1,64,,187198,30,0,8,1,23,,187191,30,0,8,1,18,,187194,30,0,8,1,59,,187212,30,0,8,1,17,,187233,30,0,8,1,16,,187221,30,0,8,1,54,,187224,30,0,8,2,13,,187227,30,0,8,1,13,,187199,30,0,8,1,12,,187237,30,0,8,1,10,,187231,30,0,8,2,10,,187192,30,0,8,1,50,,187240,30,0,8,2,10,,187195,30,0,8,1,10,,187213,30,0,8,1,10,,187245,30,0,8,2,10,,187234,30,0,8,1,10,,187236,30,0,8,2,50,,187222,30,0,8,1,10,,187225,30,0,8,2,10,,187228,30,0,8,1,9,,187232,30,0,8,2,8,,187200,30,0,8,1,8,,187247,30,0,8,2,48,,187238,30,0,8,1,9,,187248,30,0,8,1,8,,187193,30,0,8,1,8,,187241,30,0,8,2,7,,187187,30,0,8,1,8,,187196,30,0,8,1,8,,187219,30,0,8,1,8,,187246,30,0,8,2,48,,187217,30,0,8,1,8,,187235,30,0,8,1,7,,187252,30,0,8,2,7,,187223,30,0,8,1,10,,187256,30,0,8,1,10,,187229,30,0,8,1,8,,187216,30,0,8,1,49,,187201,30,0,8,1,11,,187208,30,0,8,2,9,,187249,30,0,8,1,10,,187214,30,0,8,1,10,,187242,30,0,8,2,12,,187239,30,0,8,1,51,,187220,30,0,8,1,13,,187205,30,0,8,1,19,,187253,30,0,8,2,61,,187230,30,0,8,1,23,,187250,30,0,8,1,25,,187243,30,0,8,2,68,,187206,30,0,8,1,30,,187254,30,0,8,2,69,,187251,30,0,8,1,30,,187244,30,0,8,2,70,,187207,30,0,8,1,27,,187255,30,0,8,2,69,,187218,30,0,8,1
5503,'H58M000S-80-S',530,,187330,30,0,8,1,22,,187257,30,0,8,2,67,,187265,30,0,8,1,30,,187272,30,0,8,2,73,,187277,30,0,8,1,9,,187287,30,0,8,2,14,,187271,30,0,8,1,96,,187266,30,0,8,1,13,,187299,30,0,8,1,53,,187291,30,0,8,1,15,,187278,30,0,8,1,17,,187292,30,0,8,1,20,,187288,30,0,8,1,60,,187306,30,0,8,1,20,,187303,30,0,8,1,20,,187273,30,0,8,1,59,,187300,30,0,8,1,21,,187279,30,0,8,1,20,,187293,30,0,8,1,59,,187289,30,0,8,1,20,,187307,30,0,8,1,18,,187270,30,0,8,1,55,,187304,30,0,8,1,13,,187274,30,0,8,1,13,,187261,30,0,8,1,13,,187301,30,0,8,1,53,,187280,30,0,8,1,13,,187321,30,0,8,1,22,,187294,30,0,8,1,10,,187290,30,0,8,1,52,,187312,30,0,8,2,11,,187308,30,0,8,1,10,,187260,30,0,8,2,10,,187262,30,0,8,1,10,,187267,30,0,8,2,11,,187268,30,0,8,1,49,,187275,30,0,8,1,20,,187302,30,0,8,1,20,,187281,30,0,8,1,9,,187318,30,0,8,1,60,,187269,30,0,8,1,9,,187295,30,0,8,1,10,,187264,30,0,8,1,8,,187313,30,0,8,2,8,,187322,30,0,8,1,5,,187309,30,0,8,1,7,,187329,30,0,8,2,47,,187263,30,0,8,1,8,,187305,30,0,8,1,8,,187282,30,0,8,1,8,,187326,30,0,8,2,9,,187276,30,0,8,1,9,,187316,30,0,8,1,9,,187258,30,0,8,1,49,,187327,30,0,8,2,10,,187314,30,0,8,1,10,,187319,30,0,8,2,10,,187323,30,0,8,1,11,,187296,30,0,8,1,14,,187259,30,0,8,1,54,,187310,30,0,8,1,13,,187328,30,0,8,2,14,,187283,30,0,8,1,14,,187317,30,0,8,1,59,,187285,30,0,8,2,20,,187315,30,0,8,1,20,,187297,30,0,8,1,62,,187324,30,0,8,1,19,,187311,30,0,8,1,19,,187284,30,0,8,1,59,,187320,30,0,8,1,15,,187286,30,0,8,2,23,,187298,30,0,8,1,65,,187325,30,0,8,1
5503,'H59M000S-80-S',759,,187331,30,0,8,1,53,,187332,30,0,8,1
36303,'H51M000A-80-A',2504,,214603,32,0,8,1,25,,214609,32,0,8,1,22,,214606,32,0,8,1,57,,214617,32,0,8,1,9,,214602,32,0,8,1,9,,214605,32,0,8,1,9,,214613,32,0,8,2,9,,214610,32,0,8,2,10,,214611,32,0,8,1,50,,214604,32,0,8,1,9,,214608,32,0,8,1,9,,214607,32,0,8,1,9,,214619,32,0,8,2,8,,214615,32,0,8,1,10,,214618,32,0,8,1,52,,214614,32,0,8,2,20,,214612,32,0,8,1,24,,214620,32,0,8,1,67,,214616,32,0,8,1
36303,'H51M000I-80-I',2435,,214622,32,0,8,1,87,,214621,32,0,8,2,85,,214623,32,0,8,1,44,,214626,32,0,8,2,85,,214624,32,0,8,1,85,,214627,32,0,8,2,85,,214625,32,0,8,1
36303,'H51M000S-80-S',2437,,214631,32,0,8,1,87,,214630,32,0,8,1,85,,214632,32,0,8,1,43,,214628,32,0,8,1,84,,214633,32,0,8,1,83,,214629,32,0,8,1,86,,214634,32,0,8,1
36303,'H51M000S-80-SV',2622,,214635,32,0,8,2,15,,214636,32,0,8,2,69,,214637,32,0,8,2,14,,214638,32,0,8,2
