12301,'H56M000A-70-A',606,,126358,21,,,1,32,,126352,21,,,2,71,,126359,21,,,1,32,,126353,21,,,2,73,,126360,21,,,1,33,,126354,21,,,2,73,,126361,21,,,1,33,,126355,21,,,2,73,,126362,21,,,1,33,,126356,21,,,2,72,,126363,21,,,1,72,,126357,21,,,2,33,,126364,21,,,1,70,,126375,21,,,1,28,,126339,21,,,1,68,,126365,21,,,1,27,,126376,21,,,1,28,,126340,21,,,1,68,,126366,21,,,1,30,,126377,21,,,1,70,,126341,21,,,1,28,,126367,21,,,1,68,,126345,21,,,1,27,,126342,21,,,1,67,,126368,21,,,1,23,,126346,21,,,1,62,,126343,21,,,1,23,,126369,21,,,1,21,,126347,21,,,1,62,,126344,21,,,1,23,,126370,21,,,1,27,,126348,21,,,1,72,,126371,21,,,1,72,,126349,21,,,1,32,,126372,21,,,1,72,,126350,21,,,1,30,,126373,21,,,1,72,,126351,21,,,1,31,,126374,21,,,1
12301,'H56M000I-70-I',604,,126378,21,,,2,32,,126396,21,,,1,71,,126379,21,,,2,32,,126397,21,,,1,73,,126380,21,,,2,33,,126398,21,,,1,73,,126381,21,,,2,34,,126399,21,,,1,73,,126382,21,,,2,34,,126400,21,,,1,75,,126383,21,,,2,74,,126401,21,,,1,36,,126384,21,,,2,76,,126402,21,,,1,36,,126385,21,,,2,76,,126403,21,,,1,76,,126386,21,,,2,35,,126404,21,,,1,75,,126387,21,,,2,35,,126405,21,,,1,75,,126388,21,,,2,73,,126406,21,,,1,35,,126389,21,,,2,73,,126407,21,,,1,34,,126390,21,,,2,72,,126408,21,,,1,33,,126391,21,,,2,72,,126409,21,,,1,33,,126392,21,,,2,72,,126410,21,,,1,32,,126393,21,,,2,72,,126411,21,,,1,30,,126394,21,,,2,72,,126412,21,,,1,70,,126395,21,,,2
12301,'H56M000S-70-S',547,,126417,21,,,1,73,,126415,21,,,1,19,,126428,21,,,2,20,,126418,21,,,1,75,,126416,21,,,1,71,,126429,21,,,2,31,,126419,21,,,1,68,,126423,21,,,2,27,,126430,21,,,2,28,,126420,21,,,1,71,,126424,21,,,2,71,,126431,21,,,2,30,,126425,21,,,1,74,,126413,21,,,1,33,,126432,21,,,2,72,,126426,21,,,2,32,,126414,21,,,1,72,,126433,21,,,2,33,,126427,21,,,2,75,,126444,21,,,1,36,,126434,21,,,2,73,,126439,21,,,2,73,,126445,21,,,1,33,,126435,21,,,2,70,,126440,21,,,2,32,,126446,21,,,1,70,,126436,21,,,2,29,,126441,21,,,2,71,,126447,21,,,1,31,,126437,21,,,2,71,,126442,21,,,2,31,,126448,21,,,1,70,,126438,21,,,2,30,,126443,21,,,2,70,,126449,21,,,1,31,,126421,21,,,2,72,,126450,21,,,1,33,,126422,21,,,2
12301,'H56M100F-70-F1',604,,126451,21,,,2,32,,126469,21,,,1,71,,126452,21,,,2,32,,126470,21,,,1,73,,126453,21,,,2,33,,126471,21,,,1,73,,126454,21,,,2,34,,126472,21,,,1,73,,126455,21,,,2,34,,126473,21,,,1,75,,126456,21,,,2,74,,126474,21,,,1,36,,126457,21,,,2,76,,126475,21,,,1,36,,126458,21,,,2,76,,126476,21,,,1,76,,126459,21,,,2,35,,126477,21,,,1,75,,126460,21,,,2,35,,126478,21,,,1,75,,126461,21,,,2,73,,126479,21,,,1,35,,126462,21,,,2,73,,126480,21,,,1,34,,126463,21,,,2,72,,126481,21,,,1,33,,126464,21,,,2,72,,126482,21,,,1,33,,126465,21,,,2,72,,126483,21,,,1,32,,126467,21,,,2,72,,126484,21,,,1,30,,126466,21,,,2,72,,126485,21,,,1,70,,126468,21,,,2
12301,'H56M200F-70-F2',604,,126486,21,,,2,32,,126504,21,,,1,71,,126487,21,,,2,32,,126505,21,,,1,73,,126488,21,,,2,33,,126506,21,,,1,73,,126489,21,,,2,34,,126507,21,,,1,73,,126490,21,,,2,34,,126508,21,,,1,75,,126491,21,,,2,74,,126509,21,,,1,36,,126492,21,,,2,76,,126511,21,,,1,36,,126493,21,,,2,76,,126510,21,,,1,76,,126494,21,,,2,35,,126512,21,,,1,75,,126495,21,,,2,35,,126514,21,,,1,75,,126496,21,,,2,73,,126513,21,,,1,35,,126497,21,,,2,73,,126515,21,,,1,34,,126498,21,,,2,72,,126516,21,,,1,33,,126499,21,,,2,72,,126517,21,,,1,33,,126500,21,,,2,72,,126518,21,,,1,32,,126501,21,,,2,72,,126519,21,,,1,30,,126502,21,,,2,72,,126520,21,,,1,70,,126503,21,,,2
12301,'H56M300F-70-F3',604,,126521,21,,,2,32,,126539,21,,,1,71,,126522,21,,,2,32,,126540,21,,,1,73,,126523,21,,,2,33,,126541,21,,,1,73,,126524,21,,,2,34,,126542,21,,,1,73,,126525,21,,,2,34,,126543,21,,,1,75,,126526,21,,,2,74,,126545,21,,,1,36,,126527,21,,,2,76,,126544,21,,,1,36,,126528,21,,,2,76,,126546,21,,,1,76,,126529,21,,,2,35,,126547,21,,,1,75,,126530,21,,,2,35,,126548,21,,,1,75,,126531,21,,,2,73,,126549,21,,,1,35,,126532,21,,,2,73,,126550,21,,,1,34,,126533,21,,,2,72,,126551,21,,,1,33,,126534,21,,,2,72,,126552,21,,,1,33,,126535,21,,,2,72,,126553,21,,,1,32,,126536,21,,,2,72,,126554,21,,,1,30,,126537,21,,,2,72,,126555,21,,,1,70,,126538,21,,,2
35001,'H56M000A-70-A',2614,,153900,82,,,1,40,,153904,82,,,1,69,,153898,82,,,1,10,,153897,82,,,1,10,,153905,82,,,2,9,,153903,82,,,1,49,,153892,82,,,1,10,,153893,82,,,1,10,,153896,82,,,2,10,,153901,82,,,1,10,,153899,82,,,1,10,,153895,82,,,1,50,,153902,82,,,1,11,,153894,82,,,1,21,,153906,82,,,1
35001,'H56M000I-70-I',2604,,153907,82,,,1,28,,153911,82,,,1,26,,153910,82,,,2,67,,153914,82,,,2,27,,153913,82,,,1,66,,153908,82,,,1,26,,153909,82,,,1,66,,153912,82,,,1
35001,'H56M000S-70-S',2609,,153915,82,,,1,45,,153919,82,,,1,92,,153918,82,,,2,86,,153916,82,,,1,69,,153917,82,,,1,15,,153920,82,,,2
35001,'H56M100F-70-F1',2604,,153921,82,,,1,28,,153923,82,,,1,26,,153924,82,,,2,67,,153928,82,,,1,27,,153926,82,,,1,66,,153922,82,,,1,26,,153927,82,,,1,66,,153925,82,,,1
35001,'H56M200F-70-F2',2604,,153929,82,,,1,28,,153931,82,,,1,26,,153932,82,,,2,67,,153936,82,,,1,27,,153934,82,,,1,66,,153930,82,,,1,26,,153935,82,,,1,66,,153933,82,,,1
35001,'H56M300F-70-F3',2604,,153937,82,,,1,28,,153941,82,,,1,26,,153940,82,,,2,67,,153944,82,,,2,27,,153943,82,,,1,66,,153938,82,,,1,26,,153939,82,,,1,66,,153942,82,,,1
