21602,'H60J000S-98-S',546,,73630,8,0,10,1,63,,73636,8,0,10,1,23,,73638,8,0,10,2,25,,73629,8,0,10,1,73,,73637,8,0,10,2,72,,73631,8,0,10,1,28,,73639,8,0,10,1,72,,73641,8,0,10,2,25,,73632,8,0,10,1,582,,73633,8,0,10,1,28,,73644,8,0,10,1,71,,73640,8,0,10,1,33,,73634,8,0,10,1,73,,73645,8,0,10,2,28,,73642,8,0,10,1,66,,73635,8,0,10,1,27,,73646,8,0,10,2,69,,73643,8,0,10,1
21602,'H60JV00S-98-S',546,,73656,8,0,10,1,63,,73648,8,0,10,1,23,,73659,8,0,10,1,25,,73649,8,0,10,1,73,,73654,8,0,10,2,72,,73657,8,0,10,1,28,,73660,8,0,10,1,72,,73663,8,0,10,2,25,,73658,8,0,10,1,582,,73664,8,0,10,1,28,,73655,8,0,10,1,71,,73647,8,0,10,1,33,,73650,8,0,10,1,73,,73661,8,0,10,2,28,,73652,8,0,10,1,66,,73651,8,0,10,1,27,,73662,8,0,10,2,69,,73653,8,0,10,1
37602,'H60J000A-80-A',2634,,75951,7,0,10,1,85,,75954,7,0,10,1,85,,75952,7,0,10,1,45,,75953,7,0,10,1
37602,'H60J000I-80-I',2550,,75958,7,0,10,1,85,,75955,7,0,10,1,85,,75956,7,0,10,1,84,,75957,7,0,10,1,45,,75959,7,0,10,1
37602,'H60J000S-98-S',2550,,75963,7,0,10,1,85,,75962,7,0,10,1,85,,75961,7,0,10,1,85,,75960,7,0,10,1,45,,75964,7,0,10,1
37602,'H60JV00A-80-A',2634,,75967,7,0,10,1,85,,75965,7,0,10,1,85,,75968,7,0,10,1,45,,75966,7,0,10,1
37602,'H60JV00I-80-I',2550,,75970,7,0,10,1,85,,75969,7,0,10,1,85,,75973,7,0,10,1,84,,75972,7,0,10,1,45,,75971,7,0,10,1
37602,'H60JV00S-98-S',2550,,75976,7,0,10,1,85,,75975,7,0,10,1,85,,75974,7,0,10,1,85,,75978,7,0,10,1,45,,75977,7,0,10,1
40903,'H60J000S-98-S',559,,76412,10,0,8,1,74,,76407,10,0,8,2,73,,76414,10,0,8,1,20,,76410,10,0,8,1,19,,76413,10,0,8,1,59,,76416,10,0,8,2,20,,76408,10,0,8,2,18,,76409,10,0,8,1,58,,76415,10,0,8,1,20,,76411,10,0,8,1,593,,76417,10,0,22 75,1,33,,76420,10,0,22 75,2,72,,76405,10,0,22 75,1,31,,76422,10,0,22 75,2,72,,76418,10,0,22 75,1,30,,76421,10,0,22 75,2,67,,76406,10,0,22 75,1,25,,76423,10,0,22 75,2,65,,76419,10,0,22 75,1
40903,'H60JV00S-98-S',559,,76428,10,0,8,1,74,,76431,10,0,8,2,73,,76426,10,0,8,1,20,,76441,10,0,8,1,19,,76429,10,0,8,1,59,,76435,10,0,8,2,20,,76432,10,0,8,2,18,,76430,10,0,8,1,58,,76427,10,0,8,1,20,,76442,10,0,8,1,593,,76436,10,0,22 75,1,33,,76439,10,0,22 75,2,72,,76424,10,0,22 75,1,31,,76433,10,0,22 75,2,72,,76437,10,0,22 75,1,30,,76440,10,0,22 75,2,67,,76425,10,0,22 75,1,25,,76434,10,0,22 75,2,65,,76438,10,0,22 75,1
