'26J-H58J000A-83-A',14001,60640,0,'Est',2,3000,0,'Est',1,7000,0,'Est',2,3000,0,'Est',2,7000,0,'Est',1,3160,0,'Est',2,6900,0,'Est',2,2900,0,'Est',1,7120,0,'Est',2,3000,0,'Est',2,7200,0,'Est',1,3200,0,'Est',2,7500,0,'Est',2,3000,0,'Est',1,6900,0,'Est',2,2800,0,'Est',2,6900,0,'Est',1,3010,0,'Est',2,6200,0,'Est',2,2400,0,'Est',2,2300,0,'Est',1,6400,0,'Est',1,1990,0,'Est',2,1800,0,'Est',2,6000,0,'Est',2,2100,0,'Est',1,2100,0,'Est',1,6500,0,'Est',2,3000,0,'Est',2,6700,0,'Est',1,3000,0,'Est',2,7000,0,'Est',2,3580,0,'Est',1,7600,0,'Est',2,7500,0,'Est',2,3500,0,'Est',1,7340,0,'Est',2,3300,0,'Est',2,7400,0,'Est',1,3300,0,'Est',2,7070,0,'Est',1,2700,0,'Est',1,6900,0,'Est',1
'26J-H58J000I-81-I',14001,61540,0,'Est',1,3200,0,'Est',1,7200,0,'Est',2,3260,0,'Est',1,7000,0,'Est',1,3000,0,'Est',2,7000,0,'Est',1,3000,0,'Est',1,7000,0,'Est',2,3200,0,'Est',1,7100,0,'Est',1,3000,0,'Est',2,7000,0,'Est',1,3000,0,'Est',1,6920,0,'Est',2,3100,0,'Est',1,7000,0,'Est',1,3000,0,'Est',2,7000,0,'Est',1,3000,0,'Est',1,7000,0,'Est',2,2600,0,'Est',2,6500,0,'Est',1,2600,0,'Est',1,6800,0,'Est',1,2900,0,'Est',1,6900,0,'Est',1,3100,0,'Est',1,6900,0,'Est',1,2820,0,'Est',1,6900,0,'Est',1,3100,0,'Est',1,7300,0,'Est',1,3300,0,'Est',2,7200,0,'Est',2,2990,0,'Est',1,7100,0,'Est',2,2900,0,'Est',2,7200,0,'Est',1,2900,0,'Est',1
'26J-H58J000S-81-S',14001,62040,0,'Est',2,3000,0,'Est',1,6890,0,'Est',2,3600,0,'Est',2,7200,0,'Est',1,3090,0,'Est',2,7100,0,'Est',1,2900,0,'Est',2,6900,0,'Est',1,2900,0,'Est',2,7010,0,'Est',1,3000,0,'Est',2,7000,0,'Est',1,2900,0,'Est',2,6800,0,'Est',1,2700,0,'Est',2,6800,0,'Est',1,2900,0,'Est',2,6320,0,'Est',1,3100,0,'Est',2,6600,0,'Est',1,2000,0,'Est',2,1800,0,'Est',1,6200,0,'Est',1,1700,0,'Est',2,1700,0,'Est',1,1580,0,'Est',1,5700,0,'Est',2,2000,0,'Est',1,6570,0,'Est',1,2200,0,'Est',1,2900,0,'Est',2,7000,0,'Est',1,2900,0,'Est',1,7000,0,'Est',1,3000,0,'Est',2,7100,0,'Est',1,3240,0,'Est',1,7400,0,'Est',1,7600,0,'Est',2,3700,0,'Est',1,7700,0,'Est',2,3000,0,'Est',2
'26J-H58JV00A-80-A',14001,60640,0,'Est',2,3000,0,'Est',1,7000,0,'Est',2,3000,0,'Est',2,7000,0,'Est',1,3160,0,'Est',2,6900,0,'Est',2,2900,0,'Est',1,7120,0,'Est',2,3000,0,'Est',2,7200,0,'Est',1,3200,0,'Est',2,7500,0,'Est',2,3000,0,'Est',1,6900,0,'Est',2,2800,0,'Est',2,6900,0,'Est',1,3010,0,'Est',2,6200,0,'Est',2,2400,0,'Est',2,2300,0,'Est',1,6400,0,'Est',1,1990,0,'Est',2,1800,0,'Est',2,6000,0,'Est',2,2100,0,'Est',1,2100,0,'Est',1,6500,0,'Est',2,3000,0,'Est',2,6700,0,'Est',1,3000,0,'Est',2,7000,0,'Est',2,3580,0,'Est',1,7600,0,'Est',2,7500,0,'Est',2,3500,0,'Est',1,7340,0,'Est',2,3300,0,'Est',2,7400,0,'Est',1,3300,0,'Est',2,7070,0,'Est',1,2700,0,'Est',1,6900,0,'Est',1
'26J-H58JV00I-80-I',14001,61540,0,'Est',1,3200,0,'Est',1,7200,0,'Est',2,3260,0,'Est',1,7000,0,'Est',1,3000,0,'Est',2,7000,0,'Est',1,3000,0,'Est',1,7000,0,'Est',2,3200,0,'Est',1,7100,0,'Est',1,3000,0,'Est',2,7000,0,'Est',1,3000,0,'Est',1,6920,0,'Est',2,3100,0,'Est',1,7000,0,'Est',1,3000,0,'Est',2,7000,0,'Est',1,3000,0,'Est',1,7000,0,'Est',2,2600,0,'Est',2,6500,0,'Est',1,2600,0,'Est',1,6800,0,'Est',1,2900,0,'Est',1,6900,0,'Est',1,3100,0,'Est',1,6900,0,'Est',1,2820,0,'Est',1,6900,0,'Est',1,3100,0,'Est',1,7300,0,'Est',1,3300,0,'Est',2,7200,0,'Est',2,2990,0,'Est',1,7100,0,'Est',2,2900,0,'Est',2,7200,0,'Est',1,2900,0,'Est',1
'26J-H58JV00S-82-S',14001,62040,0,'Est',2,3000,0,'Est',1,6890,0,'Est',2,3600,0,'Est',2,7200,0,'Est',1,3090,0,'Est',2,7100,0,'Est',1,2900,0,'Est',1,6900,0,'Est',1,2900,0,'Est',2,7010,0,'Est',1,3000,0,'Est',1,7000,0,'Est',1,2900,0,'Est',2,6800,0,'Est',1,2700,0,'Est',1,6800,0,'Est',1,2900,0,'Est',2,6320,0,'Est',1,3100,0,'Est',1,6600,0,'Est',1,2000,0,'Est',2,1800,0,'Est',1,6200,0,'Est',1,1700,0,'Est',2,1700,0,'Est',1,1580,0,'Est',1,5700,0,'Est',2,2000,0,'Est',1,6570,0,'Est',1,2200,0,'Est',1,2900,0,'Est',2,7000,0,'Est',1,2900,0,'Est',1,7000,0,'Est',1,3000,0,'Est',2,7100,0,'Est',1,3240,0,'Est',1,7400,0,'Est',1,7600,0,'Est',2,3700,0,'Est',1,7700,0,'Est',2,3000,0,'Est',2
'26J-H60J000S-98-S',14001,55140,0,'Est',2
'26J-H60JV00S-98-S',14001,55140,0,'Est',2
'26J-H58J000S-81-S',44001,151640,0,'via Fleury / Charleroi',1,3500,0,'via Fleury / Charleroi',2,7300,0,'via Fleury / Charleroi',2,3100,0,'via Fleury / Charleroi',1,7300,0,'via Fleury / Charleroi',2,2890,0,'via Fleury / Charleroi',2,6900,0,'via Fleury / Charleroi',1,3200,0,'via Fleury / Charleroi',1,7190,0,'via Fleury / Charleroi',2
'26J-H58JV00S-82-S',44001,151640,0,'via Fleury / Charleroi',1,3500,0,'via Fleury / Charleroi',1,7300,0,'via Fleury / Charleroi',2,3100,0,'via Fleury / Charleroi',1,7300,0,'via Fleury / Charleroi',2,2890,0,'via Fleury / Charleroi',2,6900,0,'via Fleury / Charleroi',1,3200,0,'via Fleury / Charleroi',1,7190,0,'via Fleury / Charleroi',2
