19702,'H51U000A-83-A',536,,269657,11,0,10,2,70,,269664,11,0,10,1,31,,269658,11,0,10,2,70,,269672,11,0,10,1,29,,269665,11,0,10,1,68,,269659,11,0,10,2,28,,269673,11,0,10,1,68,,269666,11,0,10,1,28,,269660,11,0,10,2,28,,269674,11,0,10,1,68,,269667,11,0,10,1,28,,269661,11,0,10,2,68,,269675,11,0,10,1,20,,269684,11,0,10,2,60,,269668,11,0,10,1,22,,269662,11,0,10,2,19,,269685,11,0,10,2,59,,269676,11,0,10,1,19,,269686,11,0,10,2,22,,269669,11,0,10,1,62,,269663,11,0,10,2,22,,269677,11,0,10,1,20,,269688,11,0,10,2,60,,269687,11,0,10,2,20,,269670,11,0,10,1,20,,269690,11,0,10,1,62,,269678,11,0,10,1,22,,269689,11,0,10,2,22,,269671,11,0,10,1,62,,269691,11,0,10,1,26,,269679,11,0,10,1,67,,269652,11,0,10,1,27,,269692,11,0,10,1,67,,269680,11,0,10,1,27,,269653,11,0,10,1,27,,269693,11,0,10,1,67,,269681,11,0,10,1,27,,269654,11,0,10,1,67,,269694,11,0,10,1,27,,269682,11,0,10,1,68,,269655,11,0,10,1,28,,269695,11,0,10,1,69,,269683,11,0,10,1,33,,269656,11,0,10,1,69,,269696,11,0,10,2,36,,269651,11,0,10,1,76,,269650,11,0,10,1
19702,'H51U000I-83-I',535,,269710,11,0,10,1,71,,269697,11,0,10,2,32,,269711,11,0,10,1,72,,269698,11,0,10,2,32,,269712,11,0,10,1,72,,269699,11,0,10,2,33,,269713,11,0,10,1,72,,269730,11,0,10,2,22,,269734,11,0,10,1,62,,269700,11,0,10,2,27,,269714,11,0,10,1,28,,269731,11,0,10,2,67,,269701,11,0,10,2,27,,269715,11,0,10,1,67,,269732,11,0,10,2,25,,269735,11,0,10,2,65,,269702,11,0,10,2,25,,269716,11,0,10,1,68,,269733,11,0,10,2,28,,269703,11,0,10,2,28,,269717,11,0,10,1,68,,269724,11,0,10,1,27,,269704,11,0,10,2,68,,269718,11,0,10,1,28,,269725,11,0,10,1,69,,269705,11,0,10,2,29,,269719,11,0,10,1,69,,269726,11,0,10,1,29,,269706,11,0,10,2,68,,269720,11,0,10,1,29,,269727,11,0,10,1,69,,269707,11,0,10,2,29,,269721,11,0,10,1,69,,269728,11,0,10,1,32,,269708,11,0,10,2,72,,269722,11,0,10,1,33,,269736,11,0,10,2,73,,269723,11,0,10,1,32,,269737,11,0,10,2,71,,269709,11,0,10,1,30,,269729,11,0,10,1
19702,'H51U000S-83-S',503,,269738,11,0,10,1,23,,269744,11,0,10,2,18,,269743,11,0,10,2,56,,269751,11,0,10,1,14,,269739,11,0,10,1,10,,269753,11,0,10,1,10,,269754,11,0,10,2,11,,269745,11,0,10,2,12,,269758,11,0,10,1,52,,269759,11,0,10,2,13,,269752,11,0,10,1,12,,269762,11,0,10,2,11,,269764,11,0,10,2,12,,269740,11,0,10,1,51,,269766,11,0,10,2,11,,269742,11,0,10,2,12,,269746,11,0,10,2,12,,269761,11,0,10,1,12,,269760,11,0,10,2,51,,269755,11,0,10,2,12,,269763,11,0,10,2,12,,269767,11,0,10,1,22,,269741,11,0,10,1,63,,269747,11,0,10,2,23,,269756,11,0,10,2,62,,269769,11,0,10,1,20,,269768,11,0,10,1,20,,269748,11,0,10,2,60,,269773,11,0,10,2,20,,269757,11,0,10,2,21,,269770,11,0,10,1,62,,269776,11,0,10,2,22,,269749,11,0,10,2,24,,269774,11,0,10,2,65,,269771,11,0,10,1,24,,269779,11,0,10,2,62,,269777,11,0,10,2,20,,269750,11,0,10,2,20,,269775,11,0,10,2,60,,269772,11,0,10,1,33,,269780,11,0,10,2,73,,269784,11,0,10,2,27,,269785,11,0,10,2,26,,269790,11,0,10,1,70,,269781,11,0,10,2,29,,269786,11,0,10,2,71,,269791,11,0,10,1,30,,269782,11,0,10,2,69,,269787,11,0,10,2,30,,269792,11,0,10,1,70,,269783,11,0,10,2,72,,269788,11,0,10,2,32,,269793,11,0,10,1,73,,269794,11,0,10,2,33,,269789,11,0,10,2,76,,269778,11,0,10,1,37,,269795,11,0,10,2
19702,'H51U100F-80-F1',535,,269815,11,0,10,1,71,,269803,11,0,10,2,32,,269816,11,0,10,1,72,,269804,11,0,10,2,32,,269817,11,0,10,1,72,,269805,11,0,10,2,33,,269818,11,0,10,1,72,,269797,11,0,10,2,22,,269796,11,0,10,1,62,,269806,11,0,10,2,27,,269819,11,0,10,1,28,,269798,11,0,10,2,67,,269807,11,0,10,2,27,,269820,11,0,10,1,67,,269799,11,0,10,2,25,,269802,11,0,10,2,65,,269808,11,0,10,2,25,,269821,11,0,10,1,68,,269800,11,0,10,2,28,,269809,11,0,10,2,28,,269822,11,0,10,1,68,,269829,11,0,10,1,27,,269810,11,0,10,2,68,,269823,11,0,10,1,28,,269830,11,0,10,1,69,,269811,11,0,10,2,29,,269824,11,0,10,1,69,,269831,11,0,10,1,29,,269812,11,0,10,2,68,,269825,11,0,10,1,29,,269832,11,0,10,1,69,,269813,11,0,10,2,29,,269826,11,0,10,1,69,,269833,11,0,10,1,32,,269814,11,0,10,2,72,,269827,11,0,10,1,33,,269835,11,0,10,2,73,,269828,11,0,10,1,32,,269836,11,0,10,2,71,,269801,11,0,10,1,30,,269834,11,0,10,1
19702,'H51U200F-80-F2',535,,269856,11,0,10,1,71,,269844,11,0,10,2,32,,269857,11,0,10,1,72,,269845,11,0,10,2,32,,269858,11,0,10,1,72,,269846,11,0,10,2,33,,269859,11,0,10,1,72,,269838,11,0,10,2,22,,269837,11,0,10,1,62,,269847,11,0,10,2,27,,269860,11,0,10,1,28,,269839,11,0,10,2,67,,269848,11,0,10,2,27,,269861,11,0,10,1,67,,269840,11,0,10,2,25,,269843,11,0,10,2,65,,269849,11,0,10,2,25,,269862,11,0,10,1,68,,269841,11,0,10,2,28,,269850,11,0,10,2,28,,269863,11,0,10,1,68,,269870,11,0,10,1,27,,269851,11,0,10,2,68,,269864,11,0,10,1,28,,269871,11,0,10,1,69,,269852,11,0,10,2,29,,269865,11,0,10,1,69,,269872,11,0,10,1,29,,269853,11,0,10,2,68,,269866,11,0,10,1,29,,269873,11,0,10,1,69,,269854,11,0,10,2,29,,269867,11,0,10,1,69,,269874,11,0,10,1,32,,269855,11,0,10,2,72,,269868,11,0,10,1,33,,269876,11,0,10,2,73,,269869,11,0,10,1,32,,269877,11,0,10,2,71,,269842,11,0,10,1,30,,269875,11,0,10,1
37002,'H51U000A-83-A',2558,,277710,18,0,10,1,82,,277711,18,0,10,1,85,,277713,18,0,10,1,84,,277712,18,0,10,1,45,,277714,18,0,10,2
37002,'H51U000I-83-I',2509,,277719,18,0,10,1,45,,277715,18,0,10,2,85,,277717,18,0,10,1,85,,277720,18,0,10,1,85,,277716,18,0,10,2,46,,277718,18,0,10,1
37002,'H51U000S-83-S',2509,,277723,18,0,10,2,45,,277721,18,0,10,1,85,,277725,18,0,10,1,85,,277724,18,0,10,2,85,,277722,18,0,10,1,47,,277726,18,0,10,1
37002,'H51U100F-80-F1',2509,,277729,18,0,10,1,45,,277727,18,0,10,2,85,,277731,18,0,10,1,85,,277730,18,0,10,1,85,,277728,18,0,10,2,46,,277732,18,0,10,1
37002,'H51U200F-80-F2',2509,,277735,18,0,10,1,45,,277733,18,0,10,2,85,,277737,18,0,10,1,85,,277736,18,0,10,1,85,,277734,18,0,10,2,46,,277738,18,0,10,1
