20301,'H50J000S-83-S',734,,69148,37,0,5,1
20301,'H50JV00S-82-S',734,,69149,37,0,5,1
20301,'H56J000S-80-S',1827,,69150,37,0,5,1
20301,'H56JV00S-80-S',1827,,69151,37,0,5,1
20301,'H60J000A-80-A',626,,69158,37,0,5,2,30,,69175,37,0,5,1,71,,69170,37,0,5,1,30,,69159,37,0,5,2,71,,69176,37,0,5,1,30,,69171,37,0,5,1,70,,69160,37,0,5,2,73,,69177,37,0,5,1,33,,69172,37,0,5,1,72,,69161,37,0,5,2,33,,69178,37,0,5,1,73,,69173,37,0,5,1,33,,69162,37,0,5,2,73,,69179,37,0,5,1,30,,69186,37,0,5,2,69,,69174,37,0,5,1,29,,69163,37,0,5,2,69,,69180,37,0,5,1,29,,69187,37,0,5,2,69,,69152,37,0,5,1,30,,69164,37,0,5,2,70,,69181,37,0,5,1,30,,69188,37,0,5,2,67,,69153,37,0,5,1,30,,69165,37,0,5,2,70,,69182,37,0,5,1,29,,69154,37,0,5,1,70,,69166,37,0,5,2,29,,69183,37,0,5,1,69,,69155,37,0,5,1,28,,69167,37,0,5,2,69,,69184,37,0,5,1,28,,69156,37,0,5,1,68,,69168,37,0,5,2,28,,69185,37,0,5,1,28,,69157,37,0,5,1,68,,69169,37,0,5,2
20301,'H60J000I-80-I',726,,69189,37,0,5,1,30,,69212,37,0,5,2,70,,69201,37,0,5,1,30,,69190,37,0,5,1,70,,69213,37,0,5,2,30,,69202,37,0,5,1,70,,69191,37,0,5,1,30,,69214,37,0,5,2,70,,69203,37,0,5,1,30,,69192,37,0,5,1,70,,69215,37,0,5,2,30,,69204,37,0,5,1,72,,69193,37,0,5,1,30,,69216,37,0,5,2,70,,69205,37,0,5,1,72,,69194,37,0,5,1,30,,69217,37,0,5,2,71,,69206,37,0,5,1,31,,69195,37,0,5,1,70,,69218,37,0,5,2,30,,69207,37,0,5,1,70,,69196,37,0,5,1,29,,69219,37,0,5,2,69,,69208,37,0,5,1,28,,69197,37,0,5,1,29,,69220,37,0,5,2,69,,69209,37,0,5,1,29,,69198,37,0,5,1,68,,69221,37,0,5,2,30,,69210,37,0,5,1,70,,69199,37,0,5,1,30,,69222,37,0,5,2,69,,69211,37,0,5,1,30,,69200,37,0,5,1,70,,69223,37,0,5,2
20301,'H60J000S-98-S',621,,69235,37,0,5,2,34,,69225,37,0,5,1,67,,69236,37,0,5,1,30,,69224,37,0,5,2,70,,69245,37,0,5,2,26,,69226,37,0,5,1,10,,69246,37,0,5,1,72,,69244,37,0,5,1,72,,69231,37,0,5,1,32,,69227,37,0,5,1,72,,69247,37,0,5,1,32,,69242,37,0,5,1,71,,69232,37,0,5,1,29,,69228,37,0,5,1,70,,69230,37,0,5,1,29,,69233,37,0,5,1,69,,69241,37,0,5,1,29,,69229,37,0,5,1,71,,69253,37,0,5,1,33,,69259,37,0,5,1,74,,69234,37,0,5,1,23,,69248,37,0,5,2,65,,69254,37,0,5,1,23,,69243,37,0,5,1,32,,69258,37,0,5,1,144,,69255,37,0,5,1,31,,69249,37,0,5,1,69,,69237,37,0,5,1,32,,69256,37,0,5,1,71,,69250,37,0,5,1,30,,69238,37,0,5,1,70,,69257,37,0,5,1,30,,69251,37,0,5,1,67,,69239,37,0,5,1,29,,69260,37,0,5,1,28,,69252,37,0,5,1,68,,69240,37,0,5,1
20301,'H60JV00A-80-A',626,,69261,37,0,5,2,30,,69279,37,0,5,1,71,,69293,37,0,5,1,30,,69262,37,0,5,2,71,,69280,37,0,5,1,30,,69294,37,0,5,1,70,,69263,37,0,5,2,73,,69281,37,0,5,1,33,,69295,37,0,5,1,72,,69264,37,0,5,2,33,,69282,37,0,5,1,73,,69296,37,0,5,1,33,,69265,37,0,5,2,73,,69283,37,0,5,1,30,,69290,37,0,5,2,69,,69297,37,0,5,1,29,,69266,37,0,5,2,69,,69284,37,0,5,1,29,,69291,37,0,5,2,69,,69273,37,0,5,1,30,,69267,37,0,5,2,70,,69285,37,0,5,1,30,,69292,37,0,5,2,67,,69274,37,0,5,1,30,,69268,37,0,5,2,70,,69286,37,0,5,1,29,,69275,37,0,5,1,70,,69269,37,0,5,2,29,,69287,37,0,5,1,69,,69276,37,0,5,1,28,,69270,37,0,5,2,69,,69288,37,0,5,1,28,,69277,37,0,5,1,68,,69271,37,0,5,2,28,,69289,37,0,5,1,28,,69278,37,0,5,1,68,,69272,37,0,5,2
20301,'H60JV00I-80-I',726,,69298,37,0,5,1,30,,69321,37,0,5,2,70,,69310,37,0,5,1,30,,69299,37,0,5,1,70,,69322,37,0,5,2,30,,69311,37,0,5,1,70,,69300,37,0,5,1,30,,69323,37,0,5,2,70,,69312,37,0,5,1,30,,69301,37,0,5,1,70,,69324,37,0,5,2,30,,69313,37,0,5,1,72,,69302,37,0,5,1,30,,69325,37,0,5,2,70,,69314,37,0,5,1,72,,69303,37,0,5,1,30,,69326,37,0,5,2,71,,69315,37,0,5,1,31,,69304,37,0,5,1,70,,69327,37,0,5,2,30,,69316,37,0,5,1,70,,69305,37,0,5,1,29,,69328,37,0,5,2,69,,69317,37,0,5,1,28,,69306,37,0,5,1,29,,69329,37,0,5,2,69,,69318,37,0,5,1,29,,69307,37,0,5,1,68,,69330,37,0,5,2,30,,69319,37,0,5,1,70,,69308,37,0,5,1,30,,69331,37,0,5,2,69,,69320,37,0,5,1,30,,69309,37,0,5,1,70,,69332,37,0,5,2
20301,'H60JV00S-98-S',621,,69369,37,0,5,2,34,,69363,37,0,5,1,67,,69343,37,0,5,1,30,,69366,37,0,5,2,70,,69344,37,0,5,2,26,,69364,37,0,5,1,10,,69339,37,0,5,1,72,,69367,37,0,5,1,72,,69352,37,0,5,1,32,,69365,37,0,5,1,72,,69340,37,0,5,1,32,,69341,37,0,5,1,71,,69353,37,0,5,1,29,,69350,37,0,5,1,70,,69334,37,0,5,1,29,,69354,37,0,5,1,69,,69355,37,0,5,1,29,,69351,37,0,5,1,71,,69345,37,0,5,1,33,,69357,37,0,5,1,74,,69333,37,0,5,1,23,,69368,37,0,5,2,65,,69346,37,0,5,1,23,,69342,37,0,5,1,32,,69356,37,0,5,1,144,,69347,37,0,5,1,31,,69335,37,0,5,1,69,,69359,37,0,5,1,32,,69348,37,0,5,1,71,,69336,37,0,5,1,30,,69360,37,0,5,1,70,,69349,37,0,5,1,30,,69337,37,0,5,1,67,,69361,37,0,5,1,29,,69358,37,0,5,1,28,,69338,37,0,5,1,68,,69362,37,0,5,1
