12303,'H56J000A-80-A',553,,44389,5,0,8,2,73,,44396,5,0,8,1,32,,44390,5,0,8,2,72,,44397,5,0,8,1,73,,44391,5,0,8,2,33,,44398,5,0,8,1,73,,44392,5,0,8,2,33,,44399,5,0,8,1,71,,44393,5,0,8,2,33,,44400,5,0,8,1,72,,44394,5,0,8,2,32,,44401,5,0,8,1,73,,44395,5,0,8,2,33,,44402,5,0,8,1,69,,44412,5,0,8,1,28,,44377,5,0,8,1,68,,44403,5,0,8,1,28,,44413,5,0,8,1,67,,44378,5,0,8,1,28,,44404,5,0,8,1,70,,44414,5,0,8,1,31,,44379,5,0,8,1,70,,44405,5,0,8,1,29,,44383,5,0,8,1,66,,44380,5,0,8,1,27,,44406,5,0,8,1,21,,44384,5,0,8,1,62,,44381,5,0,8,1,20,,44407,5,0,8,1,61,,44385,5,0,8,1,21,,44382,5,0,8,1,24,,44408,5,0,8,1,67,,44386,5,0,8,1,33,,44409,5,0,8,1,73,,44387,5,0,8,1,33,,44410,5,0,8,1,72,,44388,5,0,8,1,31,,44411,5,0,8,1
12303,'H56J000I-80-I',554,,44432,5,0,8,1,71,,44415,5,0,8,2,32,,44433,5,0,8,1,72,,44416,5,0,8,2,71,,44434,5,0,8,1,33,,44417,5,0,8,2,73,,44435,5,0,8,1,33,,44418,5,0,8,2,74,,44436,5,0,8,1,34,,44419,5,0,8,2,74,,44437,5,0,8,1,35,,44420,5,0,8,2,74,,44438,5,0,8,1,76,,44421,5,0,8,2,36,,44439,5,0,8,1,76,,44422,5,0,8,2,36,,44440,5,0,8,1,76,,44423,5,0,8,2,75,,44441,5,0,8,1,35,,44424,5,0,8,2,75,,44442,5,0,8,1,35,,44425,5,0,8,2,72,,44443,5,0,8,1,35,,44426,5,0,8,2,73,,44444,5,0,8,1,74,,44427,5,0,8,2,32,,44445,5,0,8,1,73,,44428,5,0,8,2,32,,44446,5,0,8,1,73,,44429,5,0,8,2,32,,44447,5,0,8,1,72,,44430,5,0,8,2,32,,44448,5,0,8,1,70,,44431,5,0,8,2
12303,'H56J000S-80-S',533,,44451,5,0,8,1,74,,44453,5,0,8,1,33,,44452,5,0,8,1,66,,44462,5,0,8,2,21,,44454,5,0,8,1,20,,44467,5,0,8,2,60,,44457,5,0,8,2,31,,44463,5,0,8,2,68,,44455,5,0,8,1,31,,44458,5,0,8,2,71,,44464,5,0,8,2,31,,44459,5,0,8,1,71,,44449,5,0,8,1,32,,44465,5,0,8,2,71,,44460,5,0,8,2,31,,44450,5,0,8,1,71,,44466,5,0,8,2,33,,44461,5,0,8,2,73,,44480,5,0,8,1,32,,44468,5,0,8,2,72,,44474,5,0,8,2,31,,44481,5,0,8,1,73,,44469,5,0,8,2,72,,44475,5,0,8,2,31,,44482,5,0,8,1,71,,44470,5,0,8,2,31,,44476,5,0,8,2,71,,44483,5,0,8,1,30,,44471,5,0,8,2,71,,44477,5,0,8,2,31,,44484,5,0,8,1,70,,44472,5,0,8,2,30,,44478,5,0,8,2,70,,44485,5,0,8,1,30,,44473,5,0,8,2,70,,44479,5,0,8,2,30,,44486,5,0,8,1,69,,44456,5,0,8,2
12303,'H56JV00A-80-A',553,,44499,5,0,8,2,73,,44506,5,0,8,1,32,,44500,5,0,8,2,72,,44507,5,0,8,1,73,,44501,5,0,8,2,33,,44508,5,0,8,1,73,,44502,5,0,8,2,33,,44509,5,0,8,1,71,,44503,5,0,8,2,33,,44510,5,0,8,1,72,,44504,5,0,8,2,32,,44511,5,0,8,1,73,,44505,5,0,8,2,33,,44512,5,0,8,1,69,,44522,5,0,8,1,28,,44487,5,0,8,1,68,,44513,5,0,8,1,28,,44523,5,0,8,1,67,,44488,5,0,8,1,28,,44514,5,0,8,1,70,,44524,5,0,8,1,31,,44489,5,0,8,1,70,,44515,5,0,8,1,29,,44493,5,0,8,1,66,,44490,5,0,8,1,27,,44516,5,0,8,1,21,,44494,5,0,8,1,62,,44491,5,0,8,1,20,,44517,5,0,8,1,61,,44495,5,0,8,1,21,,44492,5,0,8,1,24,,44518,5,0,8,1,67,,44496,5,0,8,1,33,,44519,5,0,8,1,73,,44497,5,0,8,1,33,,44520,5,0,8,1,72,,44498,5,0,8,1,31,,44521,5,0,8,1
12303,'H56JV00I-80-I',554,,44542,5,0,8,1,71,,44525,5,0,8,2,32,,44543,5,0,8,1,72,,44526,5,0,8,2,71,,44544,5,0,8,1,33,,44527,5,0,8,2,73,,44545,5,0,8,1,33,,44528,5,0,8,2,74,,44546,5,0,8,1,34,,44529,5,0,8,2,74,,44547,5,0,8,1,35,,44530,5,0,8,2,74,,44548,5,0,8,1,76,,44531,5,0,8,2,36,,44549,5,0,8,1,76,,44532,5,0,8,2,36,,44550,5,0,8,1,76,,44533,5,0,8,2,75,,44551,5,0,8,1,35,,44534,5,0,8,2,75,,44552,5,0,8,1,35,,44535,5,0,8,2,72,,44553,5,0,8,1,35,,44536,5,0,8,2,73,,44554,5,0,8,1,74,,44537,5,0,8,2,32,,44555,5,0,8,1,73,,44538,5,0,8,2,32,,44556,5,0,8,1,73,,44539,5,0,8,2,32,,44557,5,0,8,1,72,,44540,5,0,8,2,32,,44558,5,0,8,1,70,,44541,5,0,8,2
12303,'H56JV00S-80-S',533,,44561,5,0,8,1,74,,44563,5,0,8,1,33,,44562,5,0,8,1,66,,44572,5,0,8,2,21,,44564,5,0,8,1,20,,44577,5,0,8,1,60,,44567,5,0,8,1,31,,44573,5,0,8,2,68,,44565,5,0,8,1,31,,44568,5,0,8,1,71,,44574,5,0,8,2,31,,44569,5,0,8,1,71,,44559,5,0,8,1,32,,44575,5,0,8,2,71,,44570,5,0,8,2,31,,44560,5,0,8,1,71,,44576,5,0,8,2,33,,44571,5,0,8,2,73,,44590,5,0,8,1,32,,44578,5,0,8,2,72,,44584,5,0,8,2,31,,44591,5,0,8,1,73,,44579,5,0,8,2,72,,44585,5,0,8,2,31,,44592,5,0,8,1,71,,44580,5,0,8,2,31,,44586,5,0,8,2,71,,44593,5,0,8,1,30,,44581,5,0,8,2,71,,44587,5,0,8,2,31,,44594,5,0,8,1,70,,44582,5,0,8,2,30,,44588,5,0,8,2,70,,44595,5,0,8,1,30,,44583,5,0,8,2,70,,44589,5,0,8,2,30,,44596,5,0,8,1,69,,44566,5,0,8,1
35001,'H56J000A-80-A',2513,,74297,26,0,5,1,93,,74298,26,0,5,1,53,,74299,26,0,5,1,85,,74300,26,0,5,1,84,,74301,26,0,5,2
35001,'H56J000I-80-I',2513,,74305,26,0,5,1,88,,74303,26,0,5,1,47,,74302,26,0,5,1,84,,74304,26,0,5,1,87,,74306,26,0,5,2
35001,'H56J000S-80-S',2512,,74310,26,0,5,1,47,,74309,26,0,5,2,88,,74308,26,0,5,1,85,,74307,26,0,5,1,88,,74311,26,0,5,1
35001,'H56JV00A-80-A',2513,,74312,26,0,5,1,93,,74313,26,0,5,1,53,,74314,26,0,5,1,85,,74315,26,0,5,1,84,,74316,26,0,5,2
35001,'H56JV00I-80-I',2513,,74320,26,0,5,1,88,,74318,26,0,5,1,47,,74317,26,0,5,1,84,,74319,26,0,5,1,87,,74321,26,0,5,2
35001,'H56JV00S-80-S',2512,,74325,26,0,5,1,47,,74324,26,0,5,1,88,,74323,26,0,5,1,85,,74322,26,0,5,1,88,,74326,26,0,5,1
