13604,'H59U000A-80-A',528,,255830,27,0,9,2,29,,255838,27,0,9,1,69,,255842,27,0,9,1,29,,255831,27,0,9,2,67,,255839,27,0,9,1,27,,255843,27,0,9,1,65,,255832,27,0,9,2,25,,255840,27,0,9,1,19,,255854,27,0,9,2,60,,255844,27,0,9,1,20,,255841,27,0,9,1,19,,255833,27,0,9,2,58,,255855,27,0,9,2,18,,255867,27,0,9,1,20,,255845,27,0,9,1,61,,255834,27,0,9,2,22,,255868,27,0,9,1,21,,255856,27,0,9,2,62,,255846,27,0,9,1,22,,255869,27,0,9,1,61,,255835,27,0,9,2,20,,255857,27,0,9,2,22,,255847,27,0,9,1,61,,255870,27,0,9,1,20,,255836,27,0,9,2,22,,255858,27,0,9,2,62,,255848,27,0,9,1,21,,255871,27,0,9,1,18,,255837,27,0,9,2,57,,255877,27,0,9,2,20,,255859,27,0,9,2,20,,255882,27,0,9,2,61,,255872,27,0,9,1,20,,255878,27,0,9,2,19,,255860,27,0,9,2,58,,255849,27,0,9,1,21,,255873,27,0,9,1,19,,255879,27,0,9,2,60,,255861,27,0,9,2,22,,255850,27,0,9,1,27,,255874,27,0,9,1,69,,255862,27,0,9,2,30,,255851,27,0,9,1,69,,255880,27,0,9,2,29,,255863,27,0,9,2,68,,255852,27,0,9,1,28,,255881,27,0,9,2,69,,255864,27,0,9,2,29,,255853,27,0,9,1,71,,255875,27,0,9,1,31,,255865,27,0,9,2,70,,255876,27,0,9,1,31,,255866,27,0,9,2
13604,'H59U000I-80-I',527,,255903,27,0,9,2,32,,255886,27,0,9,1,72,,255904,27,0,9,2,69,,255887,27,0,9,1,32,,255905,27,0,9,2,71,,255888,27,0,9,1,32,,255906,27,0,9,2,72,,255889,27,0,9,1,23,,255883,27,0,9,1,23,,255907,27,0,9,2,60,,255890,27,0,9,1,18,,255916,27,0,9,2,19,,255884,27,0,9,1,61,,255908,27,0,9,2,19,,255917,27,0,9,2,18,,255891,27,0,9,1,57,,255896,27,0,9,1,22,,255909,27,0,9,1,23,,255918,27,0,9,2,64,,255902,27,0,9,1,23,,255897,27,0,9,1,64,,255910,27,0,9,1,25,,255919,27,0,9,2,26,,255899,27,0,9,1,66,,255898,27,0,9,1,31,,255920,27,0,9,2,69,,255900,27,0,9,1,31,,255911,27,0,9,1,69,,255914,27,0,9,2,29,,255901,27,0,9,1,71,,255912,27,0,9,1,28,,255915,27,0,9,2,69,,255921,27,0,9,2,30,,255913,27,0,9,1,71,,255892,27,0,9,2,30,,255922,27,0,9,2,70,,255885,27,0,9,1,29,,255893,27,0,9,2,68,,255923,27,0,9,2,31,,255927,27,0,9,1,69,,255924,27,0,9,2,30,,255894,27,0,9,1,70,,255925,27,0,9,2,30,,255895,27,0,9,1,70,,255926,27,0,9,2
13604,'H59U000S-80-S',528,,255938,27,0,9,1,20,,255941,27,0,9,1,62,,255952,27,0,9,2,16,,255929,27,0,9,1,16,,255939,27,0,9,1,16,,255991,27,0,9,1,49,,255973,27,0,9,2,7,,255953,27,0,9,2,9,,255942,27,0,9,1,8,,255944,27,0,9,1,8,,255928,27,0,9,1,9,,255930,27,0,9,1,9,,255940,27,0,9,1,49,,255932,27,0,9,1,8,,255954,27,0,9,2,9,,255975,27,0,9,1,9,,255979,27,0,9,2,12,,255974,27,0,9,2,10,,255943,27,0,9,1,52,,255945,27,0,9,1,11,,255931,27,0,9,1,12,,255965,27,0,9,1,12,,255955,27,0,9,2,12,,255970,27,0,9,1,58,,255980,27,0,9,2,19,,255946,27,0,9,1,20,,255956,27,0,9,2,61,,255966,27,0,9,1,22,,255971,27,0,9,1,22,,255947,27,0,9,1,60,,255957,27,0,9,2,21,,255981,27,0,9,2,17,,255967,27,0,9,1,57,,255972,27,0,9,1,19,,255948,27,0,9,1,19,,255958,27,0,9,2,58,,255976,27,0,9,1,19,,255982,27,0,9,2,19,,255968,27,0,9,1,60,,255949,27,0,9,1,19,,255959,27,0,9,2,19,,255977,27,0,9,1,17,,255983,27,0,9,2,57,,255969,27,0,9,1,17,,255937,27,0,9,2,18,,255950,27,0,9,1,57,,255960,27,0,9,2,15,,255978,27,0,9,1,17,,255984,27,0,9,2,63,,255933,27,0,9,1,28,,255951,27,0,9,1,69,,255936,27,0,9,2,28,,255934,27,0,9,1,30,,255961,27,0,9,2,69,,255985,27,0,9,2,28,,255935,27,0,9,1,70,,255988,27,0,9,1,30,,255986,27,0,9,2,71,,255962,27,0,9,2,28,,255989,27,0,9,1,66,,255987,27,0,9,2,29,,255963,27,0,9,2,67,,255990,27,0,9,1,27,,255992,27,0,9,1,71,,255964,27,0,9,2
13604,'H59U100F-80-F1',527,,256013,27,0,9,2,32,,255996,27,0,9,1,72,,256014,27,0,9,2,69,,255997,27,0,9,1,32,,256015,27,0,9,2,71,,255998,27,0,9,1,32,,256016,27,0,9,2,72,,255999,27,0,9,1,23,,255993,27,0,9,1,23,,256017,27,0,9,2,60,,256000,27,0,9,1,18,,256026,27,0,9,2,19,,255994,27,0,9,1,61,,256018,27,0,9,2,19,,256027,27,0,9,2,18,,256001,27,0,9,1,57,,256006,27,0,9,1,22,,256019,27,0,9,1,23,,256028,27,0,9,2,64,,256012,27,0,9,1,23,,256007,27,0,9,1,64,,256020,27,0,9,1,25,,256029,27,0,9,2,26,,256009,27,0,9,1,66,,256008,27,0,9,1,31,,256030,27,0,9,2,69,,256010,27,0,9,1,31,,256021,27,0,9,1,69,,256024,27,0,9,2,29,,256011,27,0,9,1,71,,256022,27,0,9,1,28,,256025,27,0,9,2,69,,256031,27,0,9,2,30,,256023,27,0,9,1,71,,256002,27,0,9,2,30,,256032,27,0,9,2,70,,255995,27,0,9,1,29,,256003,27,0,9,2,68,,256033,27,0,9,2,31,,256037,27,0,9,1,69,,256034,27,0,9,2,30,,256004,27,0,9,1,70,,256035,27,0,9,2,30,,256005,27,0,9,1,70,,256036,27,0,9,2
13604,'H59U200F-80-F2',527,,256038,27,0,9,2,32,,256039,27,0,9,1,72,,256040,27,0,9,2,69,,256041,27,0,9,1,32,,256042,27,0,9,2,71,,256043,27,0,9,1,32,,256044,27,0,9,2,72,,256045,27,0,9,1,23,,256046,27,0,9,1,23,,256047,27,0,9,2,60,,256048,27,0,9,1,18,,256049,27,0,9,2,19,,256050,27,0,9,1,61,,256051,27,0,9,2,19,,256052,27,0,9,2,18,,256053,27,0,9,1,57,,256054,27,0,9,1,22,,256055,27,0,9,1,23,,256056,27,0,9,2,64,,256057,27,0,9,1,23,,256058,27,0,9,1,64,,256059,27,0,9,1,25,,256060,27,0,9,2,26,,256061,27,0,9,1,66,,256062,27,0,9,1,31,,256063,27,0,9,2,69,,256064,27,0,9,1,31,,256065,27,0,9,1,69,,256066,27,0,9,2,29,,256067,27,0,9,1,71,,256068,27,0,9,1,28,,256069,27,0,9,2,69,,256070,27,0,9,2,30,,256071,27,0,9,1,71,,256072,27,0,9,2,30,,256073,27,0,9,2,70,,256074,27,0,9,1,29,,256075,27,0,9,2,68,,256076,27,0,9,2,31,,256077,27,0,9,1,69,,256078,27,0,9,2,30,,256079,27,0,9,1,70,,256080,27,0,9,2,30,,256081,27,0,9,1,70,,256082,27,0,9,2
35302,'H54U000A-80-A',2539,,276708,62,0,10,1,85,,276707,62,0,10,1,85,,276710,62,0,10,2,46,,276709,62,0,10,1,85,,276706,62,0,10,1
35302,'H54U000I-80-I',2540,,276711,62,0,10,1,85,,276714,62,0,10,1,86,,276715,62,0,10,1,45,,276712,62,0,10,2,85,,276713,62,0,10,1
35302,'H54U000S-81-S',2538,,276719,62,0,10,1,85,,276717,62,0,10,1,85,,276716,62,0,10,1,46,,276718,62,0,10,1,85,,276720,62,0,10,1
35302,'H54U100F-80-F1',2540,,276721,62,0,10,1,85,,276724,62,0,10,1,86,,276725,62,0,10,1,45,,276722,62,0,10,2,85,,276723,62,0,10,1
35302,'H54U200F-82-F2',2540,,276727,62,0,10,1,85,,276730,62,0,10,1,86,,276729,62,0,10,1,45,,276726,62,0,10,2,85,,276728,62,0,10,1
