'26J-H54J000A-80-A',8104,73240,0,'Sud',1,6800,0,'Sud',1,2500,0,'Sud',1,2500,0,'Sud',1,6500,0,'Sud',1,2500,0,'Sud',1,6500,0,'Sud',1,2500,0,'Sud',1,2500,0,'Sud',1,6500,0,'Sud',1,2500,0,'Sud',1,6500,0,'Sud',1,2500,0,'Sud',1,6500,0,'Sud',1,2500,0,'Sud',1,2500,0,'Sud',1,6600,0,'Sud',1,2600,0,'Sud',1,6500,0,'Sud',1,2500,0,'Sud',1,2500,0,'Sud',1,6600,0,'Sud',1,2600,0,'Sud',1,6600,0,'Sud',1,2600,0,'Sud',1,6500,0,'Sud',1,2500,0,'Sud',1,2500,0,'Sud',1,6500,0,'Sud',1,2500,0,'Sud',1,6500,0,'Sud',1,2600,0,'Sud',1
'26J-H54J000I-80-I',8104,73040,0,'Sud',1,2600,0,'Sud',1,6600,0,'Sud',1,2700,0,'Sud',1,6500,0,'Sud',1,2500,0,'Sud',2,6500,0,'Sud',2,2500,0,'Sud',1,2500,0,'Sud',2,6600,0,'Sud',2,2500,0,'Sud',1,6500,0,'Sud',2,2500,0,'Sud',2,6500,0,'Sud',1,2500,0,'Sud',2,2500,0,'Sud',2,6600,0,'Sud',1,2600,0,'Sud',2,6500,0,'Sud',2,2500,0,'Sud',1,2500,0,'Sud',2,6500,0,'Sud',2,2500,0,'Sud',1,6600,0,'Sud',2,2600,0,'Sud',2,6600,0,'Sud',1,2500,0,'Sud',2,2500,0,'Sud',2,6500,0,'Sud',1,2500,0,'Sud',2,6500,0,'Sud',2,2500,0,'Sud',1
'26J-H54J000S-83-S',8104,71440,0,'Sud',2,3500,0,'Sud',1,7000,0,'Sud',1,2800,0,'Sud',2,6500,0,'Sud',2,2400,0,'Sud',1,6500,0,'Sud',2,2500,0,'Sud',2,2500,0,'Sud',1,6500,0,'Sud',2,2500,0,'Sud',2,6500,0,'Sud',1,2600,0,'Sud',2,2500,0,'Sud',2,6500,0,'Sud',1,2600,0,'Sud',2,6500,0,'Sud',2,2400,0,'Sud',1,6510,0,'Sud',2,2700,0,'Sud',2,2600,0,'Sud',1,6600,0,'Sud',2,2600,0,'Sud',2,6500,0,'Sud',1,2400,0,'Sud',2,2200,0,'Sud',2,6290,0,'Sud',1,2400,0,'Sud',2,6500,0,'Sud',2,2400,0,'Sud',1,6600,0,'Sud',2,2600,0,'Sud',2,2700,0,'Sud',1,6690,0,'Sud',2
'26J-H54JV00A-80-A',8104,73240,0,'Sud',1,6800,0,'Sud',1,2500,0,'Sud',1,2500,0,'Sud',1,6500,0,'Sud',1,2500,0,'Sud',1,6500,0,'Sud',1,2500,0,'Sud',1,2500,0,'Sud',1,6500,0,'Sud',1,2500,0,'Sud',1,6500,0,'Sud',1,2500,0,'Sud',1,6500,0,'Sud',1,2500,0,'Sud',1,2500,0,'Sud',1,6600,0,'Sud',1,2600,0,'Sud',1,6500,0,'Sud',1,2500,0,'Sud',1,2500,0,'Sud',1,6600,0,'Sud',1,2600,0,'Sud',1,6600,0,'Sud',1,2600,0,'Sud',1,6500,0,'Sud',1,2500,0,'Sud',1,2500,0,'Sud',1,6500,0,'Sud',1,2500,0,'Sud',1,6500,0,'Sud',1,2600,0,'Sud',1
'26J-H54JV00I-80-I',8104,73040,0,'Sud',1,2600,0,'Sud',1,6600,0,'Sud',1,2700,0,'Sud',1,6500,0,'Sud',1,2500,0,'Sud',2,6500,0,'Sud',2,2500,0,'Sud',1,2500,0,'Sud',2,6600,0,'Sud',2,2500,0,'Sud',1,6500,0,'Sud',2,2500,0,'Sud',2,6500,0,'Sud',1,2500,0,'Sud',2,2500,0,'Sud',2,6600,0,'Sud',1,2600,0,'Sud',2,6500,0,'Sud',2,2500,0,'Sud',1,2500,0,'Sud',2,6500,0,'Sud',2,2500,0,'Sud',1,6600,0,'Sud',2,2600,0,'Sud',2,6600,0,'Sud',1,2500,0,'Sud',2,2500,0,'Sud',2,6500,0,'Sud',1,2500,0,'Sud',2,6500,0,'Sud',2,2500,0,'Sud',1
'26J-H54JV00S-80-S',8104,71440,0,'Sud',2,3500,0,'Sud',1,7000,0,'Sud',1,2800,0,'Sud',2,6500,0,'Sud',1,2400,0,'Sud',1,6500,0,'Sud',2,2500,0,'Sud',1,2500,0,'Sud',1,6500,0,'Sud',2,2500,0,'Sud',1,6500,0,'Sud',1,2600,0,'Sud',2,2500,0,'Sud',1,6500,0,'Sud',1,2600,0,'Sud',2,6500,0,'Sud',1,2400,0,'Sud',1,6510,0,'Sud',2,2700,0,'Sud',1,2600,0,'Sud',1,6600,0,'Sud',2,2600,0,'Sud',1,6500,0,'Sud',1,2400,0,'Sud',2,2200,0,'Sud',1,6290,0,'Sud',1,2400,0,'Sud',2,6500,0,'Sud',1,2400,0,'Sud',1,6600,0,'Sud',2,2600,0,'Sud',1,2700,0,'Sud',1,6690,0,'Sud',2
'26J-H54J000A-80-A',8602,52840,0,'Ouest',1,7400,0,'Ouest',1,3510,0,'Ouest',1,7200,0,'Ouest',1,3200,0,'Ouest',1,7200,0,'Ouest',1,3200,0,'Ouest',2,7600,0,'Ouest',1,3300,0,'Ouest',1,7300,0,'Ouest',1,7300,0,'Ouest',1,3300,0,'Ouest',2,7300,0,'Ouest',1,3300,0,'Ouest',1,7400,0,'Ouest',1,3400,0,'Ouest',1,7300,0,'Ouest',2,3200,0,'Ouest',1,7200,0,'Ouest',1,3300,0,'Ouest',1,7300,0,'Ouest',1,7300,0,'Ouest',2,3100,0,'Ouest',1,7300,0,'Ouest',1,3300,0,'Ouest',1,7300,0,'Ouest',1,3290,0,'Ouest',2,7200,0,'Ouest',1,3200,0,'Ouest',1,7200,0,'Ouest',1,3100,0,'Ouest',1,7000,0,'Ouest',1,2780,0,'Ouest',1,7000,0,'Ouest',1,3000,0,'Ouest',1,7200,0,'Ouest',1,3200,0,'Ouest',1,7100,0,'Ouest',1,2900,0,'Ouest',1
'26J-H54J000I-80-I',8602,52320,0,'Ouest',1,3100,0,'Ouest',1,7300,0,'Ouest',1,7300,0,'Ouest',2,3500,0,'Ouest',1,7300,0,'Ouest',1,3100,0,'Ouest',2,7200,0,'Ouest',2,3400,0,'Ouest',1,7320,0,'Ouest',1,3300,0,'Ouest',1,7300,0,'Ouest',1,3500,0,'Ouest',2,7300,0,'Ouest',1,7300,0,'Ouest',1,3200,0,'Ouest',1,7200,0,'Ouest',1,3200,0,'Ouest',2,7200,0,'Ouest',1,3200,0,'Ouest',1,7200,0,'Ouest',1,3200,0,'Ouest',1,7200,0,'Ouest',2,3200,0,'Ouest',1,7300,0,'Ouest',1,3100,0,'Ouest',1,7100,0,'Ouest',1,7200,0,'Ouest',2,3100,0,'Ouest',1,7100,0,'Ouest',1,3000,0,'Ouest',1,7100,0,'Ouest',1,3100,0,'Ouest',2,6900,0,'Ouest',1,2900,0,'Ouest',1,6900,0,'Ouest',1,2800,0,'Ouest',1,3000,0,'Ouest',1,7200,0,'Ouest',1
'26J-H54J000S-83-S',8602,53240,0,'Ouest',1,6900,0,'Ouest',2,2900,0,'Ouest',2,7510,0,'Ouest',1,3300,0,'Ouest',2,7090,0,'Ouest',1,3000,0,'Ouest',1,7000,0,'Ouest',2,3100,0,'Ouest',1,7000,0,'Ouest',1,3000,0,'Ouest',1,6900,0,'Ouest',1,3000,0,'Ouest',2,7200,0,'Ouest',1,2900,0,'Ouest',1,6900,0,'Ouest',1,2900,0,'Ouest',1,7110,0,'Ouest',1,3000,0,'Ouest',2,7100,0,'Ouest',1,3200,0,'Ouest',1,7200,0,'Ouest',1,3300,0,'Ouest',1,6700,0,'Ouest',1,2800,0,'Ouest',2,7200,0,'Ouest',1,2800,0,'Ouest',1,7000,0,'Ouest',1,2990,0,'Ouest',2,6700,0,'Ouest',2,2900,0,'Ouest',1,6900,0,'Ouest',1,2900,0,'Ouest',1,6900,0,'Ouest',2,2900,0,'Ouest',2,6600,0,'Ouest',1,3000,0,'Ouest',1,6980,0,'Ouest',1,2900,0,'Ouest',1,3000,0,'Ouest',1,7000,0,'Ouest',1
'26J-H54JV00A-80-A',8602,52840,0,'Ouest',1,7400,0,'Ouest',1,3510,0,'Ouest',1,7200,0,'Ouest',1,3200,0,'Ouest',1,7200,0,'Ouest',1,3200,0,'Ouest',2,7600,0,'Ouest',1,3300,0,'Ouest',1,7300,0,'Ouest',1,7300,0,'Ouest',1,3300,0,'Ouest',2,7300,0,'Ouest',1,3300,0,'Ouest',1,7400,0,'Ouest',1,3400,0,'Ouest',1,7300,0,'Ouest',2,3200,0,'Ouest',1,7200,0,'Ouest',1,3300,0,'Ouest',1,7300,0,'Ouest',1,7300,0,'Ouest',2,3100,0,'Ouest',1,7300,0,'Ouest',1,3300,0,'Ouest',1,7300,0,'Ouest',1,3290,0,'Ouest',2,7200,0,'Ouest',1,3200,0,'Ouest',1,7200,0,'Ouest',1,3100,0,'Ouest',1,7000,0,'Ouest',1,2780,0,'Ouest',1,7000,0,'Ouest',1,3000,0,'Ouest',1,7200,0,'Ouest',1,3200,0,'Ouest',1,7100,0,'Ouest',1,2900,0,'Ouest',1
'26J-H54JV00I-80-I',8602,52320,0,'Ouest',1,3100,0,'Ouest',1,7300,0,'Ouest',1,7300,0,'Ouest',2,3500,0,'Ouest',1,7300,0,'Ouest',1,3100,0,'Ouest',2,7200,0,'Ouest',2,3400,0,'Ouest',1,7320,0,'Ouest',1,3300,0,'Ouest',1,7300,0,'Ouest',1,3500,0,'Ouest',2,7300,0,'Ouest',1,7300,0,'Ouest',1,3200,0,'Ouest',1,7200,0,'Ouest',1,3200,0,'Ouest',2,7200,0,'Ouest',1,3200,0,'Ouest',1,7200,0,'Ouest',1,3200,0,'Ouest',1,7200,0,'Ouest',2,3200,0,'Ouest',1,7300,0,'Ouest',1,3100,0,'Ouest',1,7100,0,'Ouest',1,7200,0,'Ouest',2,3100,0,'Ouest',1,7100,0,'Ouest',1,3000,0,'Ouest',1,7100,0,'Ouest',1,3100,0,'Ouest',2,6900,0,'Ouest',1,2900,0,'Ouest',1,6900,0,'Ouest',1,2800,0,'Ouest',1,3000,0,'Ouest',1,7200,0,'Ouest',1
'26J-H54JV00S-80-S',8602,53240,0,'Ouest',1,6900,0,'Ouest',1,2900,0,'Ouest',2,7510,0,'Ouest',1,3300,0,'Ouest',2,7090,0,'Ouest',1,3000,0,'Ouest',1,7000,0,'Ouest',2,3100,0,'Ouest',1,7000,0,'Ouest',1,3000,0,'Ouest',1,6900,0,'Ouest',1,3000,0,'Ouest',2,7200,0,'Ouest',1,2900,0,'Ouest',1,6900,0,'Ouest',1,2900,0,'Ouest',1,7110,0,'Ouest',1,3000,0,'Ouest',2,7100,0,'Ouest',1,3200,0,'Ouest',1,7200,0,'Ouest',1,3300,0,'Ouest',1,6700,0,'Ouest',1,2800,0,'Ouest',2,7200,0,'Ouest',1,2800,0,'Ouest',1,7000,0,'Ouest',1,2990,0,'Ouest',1,6700,0,'Ouest',2,2900,0,'Ouest',1,6900,0,'Ouest',1,2900,0,'Ouest',1,6900,0,'Ouest',1,2900,0,'Ouest',2,6600,0,'Ouest',1,3000,0,'Ouest',1,6980,0,'Ouest',1,2900,0,'Ouest',1,3000,0,'Ouest',1,7000,0,'Ouest',1
