19801,'H56J000A-80-A',503,,67397,46,0,5,1,32,,67380,46,0,5,2,72,,67384,46,0,5,1,35,,67375,46,0,5,1,72,,67398,46,0,5,1,32,,67381,46,0,5,2,73,,67385,46,0,5,1,32,,67387,46,0,5,1,71,,67383,46,0,5,1,32,,67399,46,0,5,1,67,,67416,46,0,5,2,27,,67411,46,0,5,1,67,,67414,46,0,5,2,27,,67404,46,0,5,1,65,,67415,46,0,5,1,24,,67374,46,0,5,1,26,,67417,46,0,5,2,65,,67412,46,0,5,1,24,,67386,46,0,5,1,63,,67405,46,0,5,1,22,,67392,46,0,5,1,22,,67389,46,0,5,1,59,,67400,46,0,5,1,18,,67418,46,0,5,2,20,,67408,46,0,5,1,60,,67413,46,0,5,1,20,,67388,46,0,5,1,23,,67390,46,0,5,1,66,,67393,46,0,5,1,30,,67401,46,0,5,1,71,,67409,46,0,5,1,30,,67377,46,0,5,2,67,,67391,46,0,5,1,30,,67394,46,0,5,1,70,,67402,46,0,5,1,29,,67410,46,0,5,1,69,,67378,46,0,5,2,29,,67406,46,0,5,1,69,,67395,46,0,5,1,30,,67403,46,0,5,1,67,,67382,46,0,5,1,28,,67379,46,0,5,2,70,,67407,46,0,5,1,30,,67396,46,0,5,1,70,,67376,46,0,5,1
19801,'H56J000I-80-I',502,,67425,46,0,5,1,33,,67421,46,0,5,1,75,,67424,46,0,5,1,35,,67436,46,0,5,1,73,,67426,46,0,5,1,31,,67428,46,0,5,2,71,,67419,46,0,5,1,31,,67446,46,0,5,2,72,,67437,46,0,5,1,33,,67453,46,0,5,1,70,,67429,46,0,5,2,30,,67420,46,0,5,1,65,,67423,46,0,5,1,24,,67430,46,0,5,2,69,,67447,46,0,5,2,30,,67454,46,0,5,1,70,,67442,46,0,5,1,31,,67438,46,0,5,1,72,,67431,46,0,5,2,30,,67448,46,0,5,2,68,,67455,46,0,5,1,29,,67443,46,0,5,1,71,,67439,46,0,5,1,32,,67432,46,0,5,2,71,,67449,46,0,5,2,30,,67456,46,0,5,1,70,,67444,46,0,5,1,29,,67440,46,0,5,1,68,,67433,46,0,5,2,29,,67450,46,0,5,2,69,,67457,46,0,5,1,29,,67445,46,0,5,1,70,,67441,46,0,5,1,30,,67434,46,0,5,2,70,,67451,46,0,5,2,30,,67458,46,0,5,1,66,,67427,46,0,5,2,29,,67422,46,0,5,1,70,,67435,46,0,5,2,30,,67452,46,0,5,2,70,,67459,46,0,5,1
19801,'H56J000S-80-S',541,,67460,46,0,5,1,70,,67473,46,0,5,2,31,,67494,46,0,5,2,60,,67482,46,0,5,2,19,,67462,46,0,5,1,20,,67497,46,0,5,2,74,,67485,46,0,5,2,14,,67487,46,0,5,2,11,,67483,46,0,5,2,10,,67481,46,0,5,1,51,,67484,46,0,5,2,13,,67486,46,0,5,2,22,,67501,46,0,5,2,64,,67498,46,0,5,2,28,,67502,46,0,5,1,99,,67475,46,0,5,1,29,,67461,46,0,5,1,69,,67467,46,0,5,1,30,,67476,46,0,5,1,71,,67474,46,0,5,1,30,,67478,46,0,5,1,71,,67495,46,0,5,1,30,,67477,46,0,5,1,75,,67479,46,0,5,2,100,,67466,46,0,5,1,24,,67480,46,0,5,1,65,,67496,46,0,5,1,3,,67500,48,0,5,2,10,,67488,46,0,5,2,67,,67506,46,0,5,2,26,,67471,46,0,5,2,26,,67505,46,0,5,1,67,,67489,46,0,5,1,29,,67472,46,0,5,1,66,,67463,46,0,5,1,26,,67499,46,0,5,1,66,,67464,46,0,5,1,26,,67492,46,0,5,2,67,,67490,46,0,5,1,27,,67470,46,0,5,1,23,,67468,46,0,5,2,65,,67503,46,0,5,1,28,,67465,46,0,5,1,69,,67493,46,0,5,2,26,,67491,46,0,5,1,70,,67469,46,0,5,2,30,,67504,46,0,5,1
19801,'H56JV00A-80-A',503,,67530,46,0,5,1,32,,67513,46,0,5,2,72,,67517,46,0,5,1,35,,67508,46,0,5,1,72,,67531,46,0,5,1,32,,67514,46,0,5,2,73,,67518,46,0,5,1,32,,67520,46,0,5,1,71,,67516,46,0,5,1,32,,67532,46,0,5,1,67,,67549,46,0,5,2,27,,67544,46,0,5,1,67,,67547,46,0,5,2,27,,67537,46,0,5,1,65,,67548,46,0,5,1,24,,67507,46,0,5,1,26,,67550,46,0,5,2,65,,67545,46,0,5,1,24,,67519,46,0,5,1,63,,67538,46,0,5,1,22,,67525,46,0,5,1,22,,67522,46,0,5,1,59,,67533,46,0,5,1,18,,67551,46,0,5,2,20,,67541,46,0,5,1,60,,67546,46,0,5,1,20,,67521,46,0,5,1,23,,67523,46,0,5,1,66,,67526,46,0,5,1,30,,67534,46,0,5,1,71,,67542,46,0,5,1,30,,67510,46,0,5,2,67,,67524,46,0,5,1,30,,67527,46,0,5,1,70,,67535,46,0,5,1,29,,67543,46,0,5,1,69,,67511,46,0,5,2,29,,67539,46,0,5,1,69,,67528,46,0,5,1,30,,67536,46,0,5,1,67,,67515,46,0,5,1,28,,67512,46,0,5,2,70,,67540,46,0,5,1,30,,67529,46,0,5,1,70,,67509,46,0,5,1
19801,'H56JV00I-80-I',502,,67558,46,0,5,1,33,,67554,46,0,5,1,75,,67557,46,0,5,1,35,,67569,46,0,5,1,73,,67559,46,0,5,1,31,,67561,46,0,5,2,71,,67552,46,0,5,1,31,,67579,46,0,5,2,72,,67570,46,0,5,1,33,,67586,46,0,5,1,70,,67562,46,0,5,2,30,,67553,46,0,5,1,65,,67556,46,0,5,1,24,,67563,46,0,5,2,69,,67580,46,0,5,2,30,,67587,46,0,5,1,70,,67575,46,0,5,1,31,,67571,46,0,5,1,72,,67564,46,0,5,2,30,,67581,46,0,5,2,68,,67588,46,0,5,1,29,,67576,46,0,5,1,71,,67572,46,0,5,1,32,,67565,46,0,5,2,71,,67582,46,0,5,2,30,,67589,46,0,5,1,70,,67577,46,0,5,1,29,,67573,46,0,5,1,68,,67566,46,0,5,2,29,,67583,46,0,5,2,69,,67590,46,0,5,1,29,,67578,46,0,5,1,70,,67574,46,0,5,1,30,,67567,46,0,5,2,70,,67584,46,0,5,2,30,,67591,46,0,5,1,66,,67560,46,0,5,2,29,,67555,46,0,5,1,70,,67568,46,0,5,2,30,,67585,46,0,5,2,70,,67592,46,0,5,1
19801,'H56JV00S-80-S',541,,67593,46,0,5,1,70,,67606,46,0,5,2,31,,67627,46,0,5,1,60,,67615,46,0,5,2,19,,67595,46,0,5,1,20,,67630,46,0,5,1,74,,67618,46,0,5,1,14,,67620,46,0,5,2,11,,67616,46,0,5,2,10,,67614,46,0,5,1,51,,67617,46,0,5,2,13,,67619,46,0,5,2,22,,67634,46,0,5,2,64,,67631,46,0,5,2,28,,67635,46,0,5,1,99,,67608,46,0,5,1,29,,67594,46,0,5,1,69,,67600,46,0,5,1,30,,67609,46,0,5,1,71,,67607,46,0,5,1,30,,67611,46,0,5,1,71,,67628,46,0,5,1,30,,67610,46,0,5,1,75,,67612,46,0,5,2,100,,67599,46,0,5,1,24,,67613,46,0,5,1,65,,67629,46,0,5,1,3,,67633,48,0,5,2,10,,67621,46,0,5,1,67,,67639,46,0,5,2,26,,67604,46,0,5,2,26,,67638,46,0,5,1,67,,67622,46,0,5,1,29,,67605,46,0,5,1,66,,67596,46,0,5,1,26,,67632,46,0,5,1,66,,67597,46,0,5,1,26,,67625,46,0,5,2,67,,67623,46,0,5,1,27,,67603,46,0,5,1,23,,67601,46,0,5,2,65,,67636,46,0,5,1,28,,67598,46,0,5,1,69,,67626,46,0,5,2,26,,67624,46,0,5,1,70,,67602,46,0,5,2,30,,67637,46,0,5,1
19801,'H58J000S-81-S',1057,,67640,46,0,5,2
19801,'H58J000S-83-S',1057,,67641,46,0,5,2
19801,'H58JV00S-82-S',1057,,67642,46,0,5,2
19801,'H60J000S-98-S',1605,,67643,46,0,5,1
19801,'H60JV00S-98-S',1605,,67644,46,0,5,1
