17003,'H50J000S-83-S',1532,,57625,22,0,8,1
17003,'H50JV00S-82-S',1532,,57626,22,0,8,1
17003,'H58J000S-81-S',1545,,57629,22,0,8,2,57,,57628,22,0,8,2,8,,57627,22,0,8,1
17003,'H58J000S-83-S',1545,,57632,22,0,8,2,57,,57631,22,0,8,2,8,,57630,22,0,8,1
17003,'H58JV00S-82-S',1545,,57635,22,0,8,2,57,,57634,22,0,8,2,8,,57633,22,0,8,1
17003,'H60J000A-80-A',630,,57638,22,0,8,1,73,,57663,22,0,8,1,33,,57639,22,0,8,1,73,,57664,22,0,8,1,31,,57640,22,0,8,1,72,,57665,22,0,8,1,32,,57653,22,0,8,2,73,,57666,22,0,8,1,28,,57654,22,0,8,2,67,,57667,22,0,8,1,27,,57655,22,0,8,2,69,,57668,22,0,8,1,28,,57656,22,0,8,2,68,,57641,22,0,8,1,28,,57657,22,0,8,2,68,,57642,22,0,8,1,28,,57658,22,0,8,2,27,,57643,22,0,8,1,67,,57659,22,0,8,2,21,,57670,22,0,8,1,61,,57644,22,0,8,1,20,,57660,22,0,8,2,25,,57671,22,0,8,1,59,,57645,22,0,8,1,19,,57661,22,0,8,2,18,,57672,22,0,8,1,60,,57646,22,0,8,1,20,,57662,22,0,8,2,20,,57673,22,0,8,1,64,,57647,22,0,8,1,26,,57674,22,0,8,1,65,,57648,22,0,8,1,22,,57680,22,0,8,2,22,,57675,22,0,8,1,63,,57649,22,0,8,1,24,,57676,22,0,8,1,25,,57650,22,0,8,1,66,,57677,22,0,8,1,27,,57651,22,0,8,1,70,,57678,22,0,8,1,32,,57652,22,0,8,1,73,,57679,22,0,8,1,31,,57636,22,0,8,1,74,,57669,22,0,8,1,86,,57637,22,0,8,1
17003,'H60J000I-80-I',645,,57686,22,0,8,2,70,,57681,22,0,8,1,31,,57687,22,0,8,2,70,,57682,22,0,8,1,32,,57688,22,0,8,2,71,,57708,22,0,8,1,30,,57689,22,0,8,2,70,,57709,22,0,8,1,29,,57690,22,0,8,2,69,,57710,22,0,8,1,26,,57691,22,0,8,2,66,,57711,22,0,8,1,27,,57692,22,0,8,2,66,,57712,22,0,8,1,27,,57693,22,0,8,2,26,,57713,22,0,8,1,66,,57694,22,0,8,2,26,,57714,22,0,8,1,67,,57695,22,0,8,2,28,,57715,22,0,8,1,68,,57696,22,0,8,2,27,,57683,22,0,8,1,20,,57716,22,0,8,1,60,,57697,22,0,8,2,21,,57684,22,0,8,1,20,,57717,22,0,8,1,59,,57698,22,0,8,2,20,,57685,22,0,8,1,20,,57718,22,0,8,1,60,,57699,22,0,8,2,28,,57700,22,0,8,1,69,,57719,22,0,8,1,29,,57701,22,0,8,1,69,,57703,22,0,8,1,29,,57702,22,0,8,1,71,,57704,22,0,8,1,31,,57720,22,0,8,1,71,,57705,22,0,8,1,31,,57721,22,0,8,1,70,,57706,22,0,8,1,30,,57722,22,0,8,1,68,,57707,22,0,8,1,31,,57723,22,0,8,1
17003,'H60J000S-98-S',616,,57738,22,0,8,1,34,,57740,22,0,8,1,75,,57747,22,0,8,2,34,,57741,22,0,8,1,73,,57755,22,0,8,1,71,,57742,22,0,8,1,26,,57728,22,0,8,1,25,,57729,22,0,8,1,68,,57749,22,0,8,1,29,,57730,22,0,8,1,69,,57750,22,0,8,1,28,,57731,22,0,8,1,69,,57751,22,0,8,1,28,,57732,22,0,8,1,70,,57752,22,0,8,1,30,,57733,22,0,8,1,70,,57753,22,0,8,1,30,,57734,22,0,8,1,60,,57756,22,0,8,1,14,,57754,22,0,8,1,35,,57735,22,0,8,1,64,,57773,22,0,8,2,8,,57757,22,0,8,1,8,,57746,22,0,8,2,7,,57775,22,0,8,2,8,,57727,22,0,8,1,7,,57724,22,0,8,1,49,,57736,22,0,8,1,9,,57748,22,0,8,1,8,,57743,22,0,8,1,10,,57774,22,0,8,2,11,,57737,22,0,8,1,12,,57758,22,0,8,1,51,,57725,22,0,8,1,11,,57772,22,0,8,1,10,,57744,22,0,8,1,10,,57739,22,0,8,1,8,,57726,22,0,8,1,55,,57759,22,0,8,1,18,,57767,22,0,8,2,21,,57745,22,0,8,1,63,,57760,22,0,8,1,29,,57768,22,0,8,2,69,,57761,22,0,8,1,30,,57769,22,0,8,2,70,,57762,22,0,8,1,29,,57770,22,0,8,2,29,,57763,22,0,8,1,69,,57771,22,0,8,2,29,,57764,22,0,8,1,68,,57776,22,0,8,1,76,,57765,22,0,8,1,47,,57766,22,0,8,1
17003,'H60JV00A-80-A',630,,57777,22,0,8,1,73,,57803,22,0,8,1,33,,57778,22,0,8,1,73,,57804,22,0,8,1,31,,57779,22,0,8,1,72,,57805,22,0,8,1,32,,57793,22,0,8,2,73,,57806,22,0,8,1,28,,57794,22,0,8,2,67,,57807,22,0,8,1,27,,57795,22,0,8,2,69,,57808,22,0,8,1,28,,57796,22,0,8,2,68,,57781,22,0,8,1,28,,57797,22,0,8,2,68,,57782,22,0,8,1,28,,57798,22,0,8,2,27,,57783,22,0,8,1,67,,57799,22,0,8,2,21,,57809,22,0,8,1,61,,57784,22,0,8,1,20,,57800,22,0,8,2,25,,57810,22,0,8,1,59,,57785,22,0,8,1,19,,57801,22,0,8,2,18,,57811,22,0,8,1,60,,57786,22,0,8,1,20,,57802,22,0,8,2,20,,57812,22,0,8,1,64,,57787,22,0,8,1,26,,57813,22,0,8,1,65,,57788,22,0,8,1,22,,57780,22,0,8,2,22,,57814,22,0,8,1,63,,57789,22,0,8,1,24,,57815,22,0,8,1,25,,57790,22,0,8,1,66,,57816,22,0,8,1,27,,57791,22,0,8,1,70,,57817,22,0,8,1,32,,57792,22,0,8,1,73,,57818,22,0,8,1,31,,57819,22,0,8,1,74,,57821,22,0,8,1,86,,57820,22,0,8,1
17003,'H60JV00I-80-I',645,,57832,22,0,8,2,70,,57830,22,0,8,1,31,,57833,22,0,8,2,70,,57831,22,0,8,1,32,,57834,22,0,8,2,71,,57846,22,0,8,1,30,,57835,22,0,8,2,70,,57847,22,0,8,1,29,,57836,22,0,8,2,69,,57848,22,0,8,1,26,,57837,22,0,8,2,66,,57849,22,0,8,1,27,,57838,22,0,8,2,66,,57850,22,0,8,1,27,,57839,22,0,8,2,26,,57851,22,0,8,1,66,,57840,22,0,8,2,26,,57852,22,0,8,1,67,,57841,22,0,8,2,28,,57853,22,0,8,1,68,,57842,22,0,8,2,27,,57862,22,0,8,1,20,,57854,22,0,8,1,60,,57843,22,0,8,2,21,,57863,22,0,8,1,20,,57855,22,0,8,1,59,,57844,22,0,8,2,20,,57864,22,0,8,1,20,,57856,22,0,8,1,60,,57845,22,0,8,2,28,,57857,22,0,8,1,69,,57860,22,0,8,1,29,,57858,22,0,8,1,69,,57825,22,0,8,1,29,,57859,22,0,8,1,71,,57826,22,0,8,1,31,,57861,22,0,8,1,71,,57827,22,0,8,1,31,,57822,22,0,8,1,70,,57828,22,0,8,1,30,,57823,22,0,8,1,68,,57829,22,0,8,1,31,,57824,22,0,8,1
17003,'H60JV00S-98-S',616,,57865,22,0,8,1,34,,57870,22,0,8,1,75,,57871,22,0,8,2,34,,57911,22,0,8,1,73,,57902,22,0,8,1,71,,57912,22,0,8,1,26,,57916,22,0,8,1,25,,57872,22,0,8,1,68,,57896,22,0,8,1,29,,57873,22,0,8,1,69,,57897,22,0,8,1,28,,57874,22,0,8,1,69,,57898,22,0,8,1,28,,57875,22,0,8,1,70,,57899,22,0,8,1,30,,57876,22,0,8,1,70,,57900,22,0,8,1,30,,57877,22,0,8,1,60,,57867,22,0,8,1,14,,57901,22,0,8,1,35,,57878,22,0,8,1,64,,57894,22,0,8,2,8,,57868,22,0,8,1,8,,57906,22,0,8,2,7,,57903,22,0,8,2,8,,57910,22,0,8,1,7,,57904,22,0,8,1,49,,57879,22,0,8,1,9,,57866,22,0,8,1,8,,57913,22,0,8,1,10,,57895,22,0,8,2,11,,57917,22,0,8,1,12,,57880,22,0,8,1,51,,57905,22,0,8,1,11,,57869,22,0,8,1,10,,57914,22,0,8,1,10,,57909,22,0,8,1,8,,57907,22,0,8,1,55,,57881,22,0,8,1,18,,57889,22,0,8,1,21,,57915,22,0,8,1,63,,57882,22,0,8,1,29,,57890,22,0,8,1,69,,57883,22,0,8,1,30,,57891,22,0,8,1,70,,57884,22,0,8,1,29,,57892,22,0,8,1,29,,57885,22,0,8,1,69,,57893,22,0,8,1,29,,57886,22,0,8,1,68,,57908,22,0,8,1,76,,57887,22,0,8,1,47,,57888,22,0,8,1
