15001,'H56M000S-80-S',1639,,202609,10,0,5,1
15001,'H59M000A-80-A',905,,202611,10,0,5,2,26,,202637,10,0,5,1,27,,202612,10,0,5,2,66,,202638,10,0,5,1,18,,202625,10,0,5,2,59,,202613,10,0,5,2,20,,202639,10,0,5,1,19,,202626,10,0,5,2,60,,202614,10,0,5,2,19,,202640,10,0,5,1,20,,202627,10,0,5,2,20,,202615,10,0,5,2,60,,202641,10,0,5,1,21,,202628,10,0,5,2,61,,202616,10,0,5,2,21,,202642,10,0,5,1,23,,202629,10,0,5,2,61,,202617,10,0,5,2,21,,202643,10,0,5,1,24,,202630,10,0,5,2,60,,202618,10,0,5,2,21,,202644,10,0,5,1,23,,202631,10,0,5,2,60,,202619,10,0,5,2,22,,202645,10,0,5,1,22,,202632,10,0,5,2,61,,202620,10,0,5,2,21,,202646,10,0,5,1,62,,202633,10,0,5,2,22,,202621,10,0,5,2,21,,202647,10,0,5,1,61,,202634,10,0,5,2,22,,202622,10,0,5,2,22,,202648,10,0,5,1,61,,202635,10,0,5,2,21,,202623,10,0,5,2,22,,202649,10,0,5,1,63,,202636,10,0,5,2,25,,202624,10,0,5,2,72,,202650,10,0,5,1,32,,202610,10,0,5,1,72,,202651,10,0,5,1
15001,'H59M000I-80-I',905,,202667,10,0,5,1,25,,202652,10,0,5,1,26,,202668,10,0,5,1,65,,202681,10,0,5,1,19,,202653,10,0,5,1,19,,202669,10,0,5,1,60,,202682,10,0,5,1,19,,202654,10,0,5,1,19,,202670,10,0,5,1,60,,202683,10,0,5,1,21,,202655,10,0,5,1,20,,202671,10,0,5,1,60,,202684,10,0,5,1,21,,202656,10,0,5,1,20,,202672,10,0,5,1,61,,202685,10,0,5,1,21,,202657,10,0,5,1,61,,202673,10,0,5,1,20,,202686,10,0,5,1,21,,202658,10,0,5,1,61,,202674,10,0,5,1,21,,202687,10,0,5,1,21,,202659,10,0,5,1,61,,202675,10,0,5,1,19,,202688,10,0,5,1,20,,202660,10,0,5,1,59,,202676,10,0,5,1,20,,202689,10,0,5,1,19,,202661,10,0,5,1,59,,202677,10,0,5,1,20,,202690,10,0,5,1,19,,202662,10,0,5,1,59,,202678,10,0,5,1,19,,202691,10,0,5,1,20,,202663,10,0,5,1,19,,202679,10,0,5,1,60,,202692,10,0,5,1,19,,202664,10,0,5,1,19,,202680,10,0,5,1,59,,202693,10,0,5,1,27,,202665,10,0,5,1,70,,202694,10,0,5,1,29,,202666,10,0,5,1,68,,202695,10,0,5,1
15001,'H59M000S-80-S',635,,202714,10,0,5,1,23,,202725,10,0,5,2,62,,202696,10,0,5,2,23,,202715,10,0,5,1,64,,202726,10,0,5,2,26,,202697,10,0,5,2,23,,202716,10,0,5,1,61,,202702,10,0,5,1,19,,202727,10,0,5,2,18,,202698,10,0,5,2,59,,202717,10,0,5,1,18,,202703,10,0,5,1,20,,202728,10,0,5,2,60,,202699,10,0,5,2,21,,202718,10,0,5,1,22,,202704,10,0,5,1,60,,202729,10,0,5,2,20,,202700,10,0,5,2,21,,202719,10,0,5,1,60,,202705,10,0,5,1,20,,202730,10,0,5,2,21,,202701,10,0,5,2,60,,202720,10,0,5,1,19,,202706,10,0,5,1,21,,202731,10,0,5,2,60,,202738,10,0,5,2,20,,202721,10,0,5,1,22,,202707,10,0,5,1,60,,202732,10,0,5,2,40,,202722,10,0,5,1,60,,202708,10,0,5,1,19,,202733,10,0,5,2,20,,202739,10,0,5,1,60,,202723,10,0,5,1,21,,202709,10,0,5,1,21,,202734,10,0,5,2,61,,202740,10,0,5,1,21,,202724,10,0,5,1,61,,202710,10,0,5,1,21,,202735,10,0,5,2,23,,202741,10,0,5,1,68,,202711,10,0,5,1,30,,202736,10,0,5,2,70,,202742,10,0,5,1,30,,202712,10,0,5,1,70,,202737,10,0,5,2,30,,202743,10,0,5,1,73,,202713,10,0,5,1
35001,'H56M000A-80-A',2614,,214117,92,0,5,1,92,,214120,92,0,5,1,53,,214118,92,0,5,1,85,,214119,92,0,5,1,84,,214121,92,0,5,1
35001,'H56M000I-80-I',2610,,214123,92,0,5,1,47,,214126,92,0,5,2,87,,214122,92,0,5,1,84,,214124,92,0,5,1,87,,214125,92,0,5,2
35001,'H56M000S-80-S',2609,,214127,92,0,5,1,47,,214131,92,0,5,2,88,,214128,92,0,5,1,85,,214129,92,0,5,2,88,,214130,92,0,5,1
35503,'H54M000A-80-A',2529,,214224,10,0,8,1,71,,214222,10,0,8,2,26,,214223,10,0,8,1,25,,214221,10,0,8,1,71,,214227,10,0,8,1,24,,214228,10,0,8,2,80,,214225,10,0,8,1,27,,214226,10,0,8,2
35503,'H54M000I-81-I',2529,,214230,10,0,8,1,84,,214232,10,0,8,1,45,,214229,10,0,8,1,85,,214233,10,0,8,2,85,,214231,10,0,8,1,26,,214234,10,0,8,1
35503,'H54M000S-81-S',2529,,214238,10,0,8,1,84,,214236,10,0,8,1,45,,214235,10,0,8,1,85,,214240,10,0,8,1,78,,214239,10,0,8,1,33,,214237,10,0,8,1
35801,'H59M000A-80-A',2437,,214338,10,0,5,2,67,,214331,10,0,5,1,31,,214339,10,0,5,2,71,,214332,10,0,5,1,31,,214340,10,0,5,2,19,,214336,10,0,5,1,58,,214333,10,0,5,1,23,,214341,10,0,5,2,19,,214337,10,0,5,1,57,,214334,10,0,5,1,25,,214342,10,0,5,2,69,,214335,10,0,5,1
35801,'H59M000I-80-I',2436,,214343,10,0,5,1,70,,214348,10,0,5,2,30,,214344,10,0,5,1,70,,214349,10,0,5,2,30,,214345,10,0,5,1,70,,214350,10,0,5,2,30,,214346,10,0,5,1,70,,214351,10,0,5,2,30,,214347,10,0,5,1,70,,214352,10,0,5,2
35801,'H59M000S-80-S',2437,,214353,10,0,5,2,70,,214358,10,0,5,1,30,,214354,10,0,5,2,70,,214359,10,0,5,1,30,,214355,10,0,5,2,70,,214360,10,0,5,1,30,,214356,10,0,5,2,70,,214361,10,0,5,1,30,,214357,10,0,5,2,69,,214362,10,0,5,1
35801,'H59M000S-80-SV',2622,,214363,10,0,5,2,30,,214366,10,0,5,2,70,,214364,10,0,5,2,30,,214367,10,0,5,2,70,,214365,10,0,5,2,29,,214368,10,0,5,2
36401,'H54M000A-80-A',2546,,214659,10,0,5,2,88,,214656,10,0,5,1,71,,214658,10,0,5,2,10,,214661,10,0,5,1,85,,214657,10,0,5,2,44,,214660,10,0,5,1
36401,'H54M000I-81-I',2544,,214663,10,0,5,1,86,,214662,10,0,5,1,71,,214665,10,0,5,1,31,,214667,10,0,5,1,71,,214666,10,0,5,2,41,,214664,10,0,5,1
36401,'H54M000S-81-S',2544,,214669,10,0,5,1,84,,214672,10,0,5,1,84,,214671,10,0,5,1,45,,214668,10,0,5,1,85,,214670,10,0,5,1
41001,'H57M000S-80-S',1505,,215033,5,0,5,2,33,,215035,5,0,5,2,70,,215034,5,0,5,2,30,,215036,5,0,5,1,66,,215027,5,0,5,1,27,,215032,5,0,5,1,27,,215028,5,0,5,1,67,,215030,5,0,5,1,28,,215031,5,0,5,1,67,,215029,5,0,5,1
43001,'H57M000S-80-S',1204,,215370,5,0,5,2,33,,215377,5,0,5,1,73,,215376,5,0,5,2,33,,215371,5,0,5,1,73,,215378,5,0,5,2,34,,215379,5,0,5,2,73,,215381,5,0,5,1,33,,215382,5,0,5,2,73,,215380,5,0,5,2,72,,215373,5,0,5,1,33,,215372,5,0,5,1,72,,215383,5,0,5,2,29,,215374,5,0,5,2,68,,215375,5,0,5,2
44501,'H51M000S-80-S',1535,,216220,3,0,5,1,20,,216222,3,0,5,2,81,,216218,3,0,5,1,82,,216219,3,0,5,2,21,,216217,3,0,5,1,101,,216221,3,0,5,1
44501,'H59M000S-80-S',1616,,216226,3,0,5,2,41,,216224,3,0,5,1,102,,216223,3,0,5,2,61,,216225,3,0,5,1
48003,'H50M000S-81-S',1457,,217086,8,0,8,1,63,,217077,8,0,8,1,22,,217082,8,0,8,1,62,,217079,8,0,8,1,32,,217076,8,0,8,1,19,,217083,8,0,8,1,63,,217085,8,0,8,1,24,,217087,8,0,8,1,63,,217081,8,0,8,1,24,,217080,8,0,8,1,20,,217084,8,0,8,1,73,,217078,8,0,8,1
