4101,'H58M000S-70-S',548,,98489,20,0,5,2,60,,98492,20,0,5,1,20,,98484,20,0,5,2,29,,98483,20,0,5,2,71,,98507,20,0,5,2,74,,98485,20,0,5,1,29,,98493,20,0,5,1,71,,98498,20,0,5,2,20,,98513,20,0,5,2,28,,98508,20,0,5,1,69,,98486,20,0,5,1,29,,98503,20,0,5,1,59,,98494,20,0,5,1,29,,98499,20,0,5,2,69,,98509,20,0,5,1,28,,98487,20,0,5,1,70,,98504,20,0,5,1,27,,98495,20,0,5,1,27,,98500,20,0,5,2,64,,98514,20,0,5,1,22,,98510,20,0,5,1,63,,98488,20,0,5,1,34,,98505,20,0,5,1,73,,98496,20,0,5,1,32,,98501,20,0,5,2,71,,98511,20,0,5,1,27,,98516,20,0,5,2,66,,98506,20,0,5,1,27,,98490,20,0,5,1,65,,98497,20,0,5,1,27,,98502,20,0,5,2,28,,98512,20,0,5,1,71,,98517,20,0,5,2,29,,98491,20,0,5,1,67,,98515,20,0,5,2
4101,'H58M100F-70-F1',548,,98528,20,0,5,1,70,,98535,20,0,5,2,29,,98521,20,0,5,2,73,,98527,20,0,5,1,34,,98520,20,0,5,2,70,,98522,20,0,5,2,28,,98533,20,0,5,2,67,,98524,20,0,5,1,30,,98525,20,0,5,1,558,,98518,20,0,5,2,32,,98523,20,0,5,2,72,,98531,20,0,5,1,30,,98529,20,0,5,1,72,,98532,20,0,5,1,29,,98526,20,0,5,1,69,,98519,20,0,5,2,27,,98534,20,0,5,2,64,,98530,20,0,5,1
4101,'H58M200F-70-F2',548,,98546,20,0,5,1,70,,98553,20,0,5,2,29,,98539,20,0,5,2,73,,98545,20,0,5,1,34,,98538,20,0,5,2,70,,98540,20,0,5,2,28,,98551,20,0,5,2,67,,98542,20,0,5,1,30,,98543,20,0,5,1,558,,98536,20,0,5,2,32,,98541,20,0,5,2,72,,98549,20,0,5,1,30,,98547,20,0,5,1,72,,98550,20,0,5,1,29,,98544,20,0,5,1,69,,98537,20,0,5,2,27,,98552,20,0,5,2,64,,98548,20,0,5,1
4101,'H58M300F-80-F3',548,,166846,20,0,5,1,70,,166855,20,0,5,1,29,,166849,20,0,5,1,73,,166854,20,0,5,2,34,,166856,20,0,5,1,70,,166844,20,0,5,2,30,,166847,20,0,5,1,65,,166848,20,0,5,2,30,,166853,20,0,5,1,557,,166850,20,0,5,1,34,,166842,20,0,5,1,72,,166859,20,0,5,1,30,,166845,20,0,5,2,72,,166852,20,0,5,2,30,,166857,20,0,5,1,67,,166851,20,0,5,1,27,,166843,20,0,5,1,64,,166858,20,0,5,2
5401,'H54M000S-70-S',1053,,104194,41,0,5,1
5401,'H58M000S-70-S',655,,104199,41,0,5,2,61,,104200,41,0,5,2,25,,104201,41,0,5,2,64,,104202,41,0,5,1,24,,104205,41,0,5,2,24,,104206,41,0,5,1,65,,104213,41,0,5,2,25,,104219,41,0,5,1,66,,104208,41,0,5,1,33,,104220,41,0,5,1,81,,104214,41,0,5,2,32,,104209,41,0,5,1,73,,104196,41,0,5,1,73,,104215,41,0,5,2,31,,104221,41,0,5,2,71,,104210,41,0,5,1,29,,104197,41,0,5,1,21,,104216,41,0,5,2,58,,104207,41,0,5,2,18,,104222,41,0,5,2,21,,104211,41,0,5,1,59,,104230,41,0,5,1,24,,104235,41,0,5,2,8,,104236,41,0,5,2,14,,104238,41,0,5,2,52,,104226,41,0,5,2,10,,104229,41,0,5,1,11,,104203,41,0,5,2,7,,104223,41,0,5,2,12,,104232,41,0,5,1,6,,104218,41,0,5,2,47,,104212,41,0,5,1,10,,104227,41,0,5,1,14,,104234,41,0,5,2,28,,104239,41,0,5,2,56,,104204,41,0,5,2,21,,104237,41,0,5,2
5401,'H58M100F-70-F1',655,,104240,41,0,5,2,71,,104246,41,0,5,2,31,,104251,41,0,5,1,70,,104261,41,0,5,1,26,,104256,41,0,5,1,67,,104241,41,0,5,2,26,,104247,41,0,5,2,62,,104252,41,0,5,1,28,,104262,41,0,5,1,67,,104257,41,0,5,1,27,,104242,41,0,5,2,27,,104248,41,0,5,2,71,,104263,41,0,5,1,31,,104253,41,0,5,1,71,,104258,41,0,5,1,73,,104243,41,0,5,2,29,,104264,41,0,5,1,22,,104249,41,0,5,2,73,,104254,41,0,5,1,73,,104259,41,0,5,1,30,,104244,41,0,5,2,104,,104250,41,0,5,2,70,,104255,41,0,5,1,96,,104245,41,0,5,2,29,,104266,41,0,5,1
5401,'H58M200F-70-F2',655,,104267,41,0,5,2,71,,104273,41,0,5,2,31,,104278,41,0,5,1,70,,104288,41,0,5,1,26,,104283,41,0,5,1,67,,104268,41,0,5,2,26,,104274,41,0,5,2,62,,104279,41,0,5,1,28,,104289,41,0,5,1,67,,104284,41,0,5,1,27,,104269,41,0,5,2,27,,104275,41,0,5,2,71,,104290,41,0,5,1,31,,104280,41,0,5,1,71,,104285,41,0,5,1,73,,104270,41,0,5,2,29,,104291,41,0,5,1,22,,104276,41,0,5,2,73,,104281,41,0,5,1,73,,104286,41,0,5,1,30,,104271,41,0,5,2,104,,104277,41,0,5,2,70,,104282,41,0,5,1,96,,104272,41,0,5,2,29,,104293,41,0,5,1
5401,'H58M300F-80-F3',720,,167721,39,0,5,2,30,,167700,39,0,5,2,70,,167690,39,0,5,1,28,,167691,39,0,5,2,68,,167722,39,0,5,2,30,,167701,39,0,5,2,73,,167704,39,0,5,1,30,,167692,39,0,5,2,71,,167723,39,0,5,2,30,,167713,39,0,5,1,70,,167705,39,0,5,1,30,,167693,39,0,5,2,70,,167724,39,0,5,2,30,,167714,39,0,5,1,70,,167706,39,0,5,1,30,,167694,39,0,5,2,71,,167725,39,0,5,2,31,,167715,39,0,5,1,70,,167707,39,0,5,1,30,,167695,39,0,5,2,68,,167702,39,0,5,2,28,,167716,39,0,5,1,69,,167708,39,0,5,1,29,,167696,39,0,5,2,65,,167703,39,0,5,2,28,,167717,39,0,5,1,68,,167709,39,0,5,1,28,,167697,39,0,5,2,70,,167718,39,0,5,1,30,,167710,39,0,5,1,69,,167688,39,0,5,2,30,,167698,39,0,5,2,70,,167719,39,0,5,1,30,,167711,39,0,5,1,70,,167689,39,0,5,2,30,,167699,39,0,5,2,70,,167720,39,0,5,1,30,,167712,39,0,5,1
44001,'H58M000S-70-S',551,,157326,4,0,22 31,2,74,,157327,4,0,22 31,2,28,,157324,4,0,22 31,2,74,,157323,4,0,22 31,1,73,,157325,4,0,22 31,2,31,,157332,4,0,22 31,1,70,,157328,4,0,22 31,1,31,,157329,4,0,22 31,1,578,,157335,4,0,22 32 1 33,1,35,,157338,4,0,22 32 1 33,2,73,,157330,4,0,22 32 1 33,2,31,,157336,4,0,22 32 1 33,1,73,,157339,4,0,22 32 1 33,2,29,,157331,4,0,22 32 1 33,2,69,,157333,4,0,22 32 1 33,1,33,,157334,4,0,22 32 1 33,1,72,,157337,4,0,22 32 1 33,2
