18602,'H54J000A-80-A',459,,62568,38,0,10,1,70,,62574,38,0,10,1,30,,62569,38,0,10,1,71,,62575,38,0,10,1,72,,62570,38,0,10,1,32,,62572,38,0,10,1,76,,62571,38,0,10,1,33,,62573,38,0,10,1,73,,62584,38,0,10,1,33,,62583,38,0,10,2,71,,62585,38,0,10,1,27,,62587,38,0,10,2,63,,62591,38,0,10,1,22,,62576,38,0,10,1,21,,62586,38,0,10,1,60,,62598,38,0,10,2,22,,62592,38,0,10,1,22,,62608,38,0,10,1,61,,62577,38,0,10,1,21,,62599,38,0,10,2,20,,62593,38,0,10,1,60,,62609,38,0,10,1,20,,62578,38,0,10,1,66,,62600,38,0,10,2,26,,62594,38,0,10,1,27,,62579,38,0,10,1,66,,62596,38,0,10,1,26,,62610,38,0,10,1,62,,62595,38,0,10,1,21,,62580,38,0,10,1,23,,62588,38,0,10,2,68,,62603,38,0,10,1,28,,62581,38,0,10,1,69,,62589,38,0,10,2,26,,62604,38,0,10,1,68,,62611,38,0,10,2,27,,62590,38,0,10,2,66,,62601,38,0,10,1,27,,62612,38,0,10,2,68,,62605,38,0,10,1,31,,62602,38,0,10,1,72,,62613,38,0,10,2,31,,62597,38,0,10,1,71,,62606,38,0,10,1,32,,62614,38,0,10,2,72,,62582,38,0,10,1,32,,62607,38,0,10,1
18602,'H54J000I-80-I',456,,62615,38,0,10,1,71,,62629,38,0,10,2,73,,62616,38,0,10,1,31,,62630,38,0,10,2,71,,62617,38,0,10,1,33,,62631,38,0,10,2,72,,62618,38,0,10,1,32,,62632,38,0,10,2,74,,62619,38,0,10,1,32,,62633,38,0,10,2,72,,62640,38,0,10,1,31,,62620,38,0,10,1,70,,62634,38,0,10,2,30,,62638,38,0,10,2,70,,62621,38,0,10,1,29,,62637,38,0,10,2,69,,62639,38,0,10,2,19,,62652,38,0,10,1,19,,62625,38,0,10,1,67,,62653,38,0,10,2,27,,62647,38,0,10,1,67,,62626,38,0,10,1,27,,62654,38,0,10,2,67,,62648,38,0,10,1,27,,62627,38,0,10,1,71,,62655,38,0,10,2,32,,62622,38,0,10,1,70,,62641,38,0,10,1,30,,62649,38,0,10,1,68,,62623,38,0,10,1,27,,62656,38,0,10,2,68,,62650,38,0,10,1,32,,62624,38,0,10,1,73,,62643,38,0,10,1,28,,62651,38,0,10,1,67,,62628,38,0,10,1,31,,62644,38,0,10,1,71,,62635,38,0,10,1,31,,62645,38,0,10,1,71,,62636,38,0,10,1,31,,62646,38,0,10,1,20,,62642,38,0,10,1
18602,'H54J000S-83-S',500,,62657,38,0,10,1,17,,62661,38,0,10,1,18,,62667,38,0,10,1,21,,62668,38,0,10,1,60,,62674,38,0,10,2,21,,62659,38,0,10,1,74,,62669,38,0,10,1,14,,62687,38,0,10,1,7,,62691,3,0,10,2,10,,62658,38,0,10,1,70,,62681,38,0,10,2,30,,62682,38,0,10,2,70,,62688,38,0,10,1,31,,62692,38,0,10,2,70,,62662,38,0,10,1,29,,62689,38,0,10,1,67,,62683,38,0,10,1,20,,62663,38,0,10,1,20,,62670,38,0,10,1,60,,62690,38,0,10,1,20,,62696,38,0,10,2,19,,62684,38,0,10,1,60,,62664,38,0,10,1,23,,62671,38,0,10,1,20,,62697,38,0,10,2,60,,62685,38,0,10,1,20,,62665,38,0,10,1,15,,62700,38,0,10,2,55,,62672,38,0,10,1,16,,62698,38,0,10,2,23,,62686,38,0,10,1,61,,62666,38,0,10,1,22,,62701,38,0,10,2,22,,62699,38,0,10,2,65,,62673,38,0,10,1,25,,62705,38,0,10,2,21,,62702,38,0,10,2,64,,62675,38,0,10,2,26,,62660,38,0,10,1,64,,62676,38,0,10,1,26,,62704,38,0,10,2,70,,62693,38,0,10,1,30,,62677,38,0,10,1,71,,62706,38,0,10,1,31,,62694,38,0,10,1,70,,62678,38,0,10,1,29,,62707,38,0,10,1,67,,62695,38,0,10,1,30,,62679,38,0,10,1,69,,62708,38,0,10,1,27,,62703,38,0,10,1,28,,62680,38,0,10,1
18602,'H54JV00A-80-A',459,,62750,38,0,10,1,70,,62713,38,0,10,1,30,,62751,38,0,10,1,71,,62714,38,0,10,1,72,,62752,38,0,10,1,32,,62721,38,0,10,1,76,,62753,38,0,10,1,33,,62722,38,0,10,1,73,,62716,38,0,10,1,33,,62754,38,0,10,2,71,,62717,38,0,10,1,27,,62720,38,0,10,2,63,,62731,38,0,10,1,22,,62715,38,0,10,1,21,,62718,38,0,10,1,60,,62723,38,0,10,2,22,,62732,38,0,10,1,22,,62710,38,0,10,1,61,,62740,38,0,10,1,21,,62724,38,0,10,2,20,,62733,38,0,10,1,60,,62711,38,0,10,1,20,,62741,38,0,10,1,66,,62725,38,0,10,2,26,,62734,38,0,10,1,27,,62742,38,0,10,1,66,,62709,38,0,10,1,26,,62712,38,0,10,1,62,,62735,38,0,10,1,21,,62743,38,0,10,1,23,,62745,38,0,10,2,68,,62726,38,0,10,1,28,,62744,38,0,10,1,69,,62746,38,0,10,2,26,,62727,38,0,10,1,68,,62736,38,0,10,2,27,,62747,38,0,10,2,66,,62748,38,0,10,1,27,,62737,38,0,10,2,68,,62728,38,0,10,1,31,,62749,38,0,10,1,72,,62738,38,0,10,2,31,,62755,38,0,10,1,71,,62729,38,0,10,1,32,,62739,38,0,10,2,72,,62719,38,0,10,1,32,,62730,38,0,10,1
18602,'H54JV00I-80-I',456,,62767,38,0,10,1,71,,62783,38,0,10,2,73,,62768,38,0,10,1,31,,62784,38,0,10,2,71,,62769,38,0,10,1,33,,62785,38,0,10,2,72,,62770,38,0,10,1,32,,62786,38,0,10,2,74,,62771,38,0,10,1,32,,62787,38,0,10,2,72,,62794,38,0,10,1,31,,62772,38,0,10,1,70,,62788,38,0,10,2,30,,62792,38,0,10,2,70,,62773,38,0,10,1,29,,62759,38,0,10,2,69,,62793,38,0,10,2,19,,62795,38,0,10,1,19,,62774,38,0,10,1,67,,62764,38,0,10,2,27,,62777,38,0,10,1,67,,62775,38,0,10,1,27,,62765,38,0,10,2,67,,62778,38,0,10,1,27,,62776,38,0,10,1,71,,62766,38,0,10,2,32,,62789,38,0,10,1,70,,62756,38,0,10,1,30,,62779,38,0,10,1,68,,62790,38,0,10,1,27,,62782,38,0,10,2,68,,62780,38,0,10,1,32,,62791,38,0,10,1,73,,62760,38,0,10,1,28,,62781,38,0,10,1,67,,62758,38,0,10,1,31,,62761,38,0,10,1,71,,62796,38,0,10,1,31,,62762,38,0,10,1,71,,62797,38,0,10,1,31,,62763,38,0,10,1,20,,62757,38,0,10,1
18602,'H54JV00S-80-S',500,,62798,38,0,10,1,17,,62803,38,0,10,1,18,,62804,38,0,10,1,21,,62807,38,0,10,1,60,,62809,38,0,10,2,21,,62801,38,0,10,1,74,,62808,38,0,10,1,14,,62823,38,0,10,1,7,,62813,3,0,10,2,10,,62800,38,0,10,1,70,,62812,38,0,10,2,30,,62799,38,0,10,1,70,,62824,38,0,10,1,31,,62811,38,0,10,2,70,,62805,38,0,10,1,29,,62825,38,0,10,1,67,,62814,38,0,10,1,20,,62819,38,0,10,1,20,,62806,38,0,10,1,60,,62826,38,0,10,1,20,,62830,38,0,10,2,19,,62815,38,0,10,1,60,,62820,38,0,10,1,23,,62827,38,0,10,1,20,,62831,38,0,10,2,60,,62816,38,0,10,1,20,,62821,38,0,10,1,15,,62834,38,0,10,2,55,,62828,38,0,10,1,16,,62832,38,0,10,2,23,,62817,38,0,10,1,61,,62822,38,0,10,1,22,,62835,38,0,10,2,22,,62833,38,0,10,2,65,,62818,38,0,10,1,25,,62829,38,0,10,1,21,,62836,38,0,10,2,64,,62810,38,0,10,2,26,,62802,38,0,10,1,64,,62838,38,0,10,1,26,,62843,38,0,10,1,70,,62844,38,0,10,1,30,,62839,38,0,10,1,71,,62849,38,0,10,1,31,,62845,38,0,10,1,70,,62840,38,0,10,1,29,,62847,38,0,10,1,67,,62846,38,0,10,1,30,,62841,38,0,10,1,69,,62848,38,0,10,1,27,,62837,38,0,10,1,28,,62842,38,0,10,1
18602,'H59J000S-81-S',657,,62850,38,0,10,2
18602,'H59JV00S-83-S',657,,62851,38,0,10,1
18702,'H51J000S-80-S',628,,63184,41,0,10,1
18702,'H51JV00S-84-S',628,,63185,41,0,10,1
18702,'H54J000A-80-A',511,,63189,41,0,10,1,31,,63198,41,0,10,1,71,,63207,41,0,10,1,30,,63190,41,0,10,1,71,,63199,41,0,10,1,28,,63208,41,0,10,1,65,,63191,41,0,10,1,19,,63200,41,0,10,1,18,,63213,41,0,10,1,58,,63209,41,0,10,1,17,,63211,41,0,10,2,21,,63186,41,0,10,1,61,,63214,41,0,10,1,19,,63196,41,0,10,1,19,,63212,41,0,10,2,19,,63216,41,0,10,1,59,,63192,41,0,10,1,21,,63197,41,0,10,1,21,,63217,41,0,10,1,62,,63215,41,0,10,2,22,,63193,41,0,10,1,63,,63220,41,0,10,1,21,,63201,41,0,10,1,19,,63210,41,0,10,1,59,,63194,41,0,10,1,19,,63224,41,0,10,2,19,,63221,41,0,10,1,58,,63202,41,0,10,1,18,,63222,41,0,10,1,17,,63195,41,0,10,1,64,,63225,41,0,10,2,25,,63203,41,0,10,1,29,,63223,41,0,10,1,69,,63226,41,0,10,2,29,,63204,41,0,10,1,70,,63187,41,0,10,1,30,,63227,41,0,10,2,72,,63205,41,0,10,1,32,,63188,41,0,10,1,72,,63228,41,0,10,2,73,,63206,41,0,10,1,32,,63218,41,0,10,1,70,,63229,41,0,10,2,28,,63232,41,0,10,1,70,,63219,41,0,10,1,30,,63230,41,0,10,2,70,,63233,41,0,10,1,30,,63235,41,0,10,1,71,,63231,41,0,10,2,31,,63234,41,0,10,1
18702,'H54J000I-80-I',507,,63241,41,0,10,1,33,,63254,41,0,10,2,74,,63242,41,0,10,1,31,,63255,41,0,10,2,70,,63256,41,0,10,2,33,,63243,41,0,10,1,65,,63258,41,0,10,2,21,,63257,41,0,10,2,21,,63244,41,0,10,1,64,,63262,41,0,10,2,26,,63259,41,0,10,2,65,,63249,41,0,10,1,24,,63263,41,0,10,2,18,,63273,41,0,10,1,58,,63260,41,0,10,2,28,,63261,41,0,10,1,69,,63274,41,0,10,1,30,,63246,41,0,10,2,19,,63245,41,0,10,1,57,,63275,41,0,10,2,17,,63277,41,0,10,1,17,,63236,41,0,10,1,65,,63239,41,0,10,1,28,,63276,41,0,10,2,69,,63278,41,0,10,1,32,,63237,41,0,10,1,72,,63240,41,0,10,1,32,,63279,41,0,10,1,73,,63238,41,0,10,1,33,,63248,41,0,10,1,72,,63280,41,0,10,1,33,,63250,41,0,10,1,71,,63269,41,0,10,1,29,,63264,41,0,10,1,68,,63251,41,0,10,1,27,,63270,41,0,10,1,67,,63265,41,0,10,1,26,,63252,41,0,10,1,67,,63271,41,0,10,1,27,,63266,41,0,10,1,66,,63253,41,0,10,1,33,,63272,41,0,10,1,71,,63267,41,0,10,1,33,,63247,41,0,10,2,73,,63268,41,0,10,1
18702,'H54J000S-83-S',513,,63281,41,0,10,1,15,,63282,41,0,10,1,16,,63285,41,0,10,1,14,,63297,41,0,10,2,50,,63298,41,0,10,2,10,,63308,41,0,10,1,20,,63310,41,0,10,2,10,,63312,41,0,10,1,9,,63283,41,0,10,1,46,,63315,41,0,10,2,4,,63309,24,0,10,2,2,,63316,41,0,10,1,5,,63319,41,0,10,1,2,,63322,24,0,10,2,4,,63321,41,0,10,2,5,,63323,41,0,10,2,5,,63299,41,0,10,2,4,,63329,24,0,10,2,3,,63326,41,0,10,2,6,,63328,41,0,10,2,5,,63284,24,0,10,1,5,,63330,41,0,10,1,5,,63334,41,0,10,2,47,,63311,24,0,10,2,5,,63335,41,0,10,2,9,,63337,41,0,10,2,9,,63327,24,0,10,2,2,,63342,41,0,10,2,10,,63317,41,0,10,1,10,,63289,41,0,10,2,8,,63336,41,0,10,2,50,,63300,41,0,10,2,10,,63295,41,0,10,1,11,,63320,41,0,10,2,10,,63331,41,0,10,1,11,,63290,41,0,10,2,52,,63318,41,0,10,1,15,,63296,41,0,10,1,15,,63301,41,0,10,2,18,,63313,41,0,10,1,56,,63332,41,0,10,1,15,,63305,41,0,10,1,15,,63338,41,0,10,2,15,,63314,41,0,10,1,55,,63302,41,0,10,2,16,,63306,41,0,10,1,18,,63333,41,0,10,1,18,,63339,41,0,10,2,56,,63291,41,0,10,1,16,,63303,41,0,10,2,16,,63324,41,0,10,1,56,,63307,41,0,10,1,18,,63340,41,0,10,2,19,,63292,41,0,10,1,63,,63304,41,0,10,2,25,,63325,41,0,10,1,28,,63341,41,0,10,2,68,,63343,41,0,10,2,27,,63356,41,0,10,2,68,,63293,41,0,10,1,28,,63352,41,0,10,2,70,,63351,41,0,10,2,28,,63294,41,0,10,1,69,,63353,41,0,10,2,28,,63347,41,0,10,1,70,,63355,41,0,10,1,28,,63354,41,0,10,2,70,,63348,41,0,10,1,31,,63344,41,0,10,2,70,,63286,41,0,10,1,30,,63349,41,0,10,1,71,,63345,41,0,10,2,29,,63287,41,0,10,1,69,,63350,41,0,10,1,31,,63346,41,0,10,2,72,,63288,41,0,10,1
18702,'H54JV00A-80-A',511,,63357,41,0,10,1,31,,63365,41,0,10,1,71,,63361,41,0,10,1,30,,63386,41,0,10,1,71,,63366,41,0,10,1,28,,63362,41,0,10,1,65,,63387,41,0,10,1,19,,63367,41,0,10,1,18,,63372,41,0,10,1,58,,63363,41,0,10,1,17,,63400,41,0,10,2,21,,63402,41,0,10,1,61,,63373,41,0,10,1,19,,63378,41,0,10,1,19,,63401,41,0,10,2,19,,63405,41,0,10,1,59,,63388,41,0,10,1,21,,63379,41,0,10,1,21,,63406,41,0,10,1,62,,63368,41,0,10,2,22,,63389,41,0,10,1,63,,63358,41,0,10,1,21,,63380,41,0,10,1,19,,63364,41,0,10,1,59,,63390,41,0,10,1,19,,63392,41,0,10,2,19,,63359,41,0,10,1,58,,63381,41,0,10,1,18,,63374,41,0,10,1,17,,63391,41,0,10,1,64,,63393,41,0,10,2,25,,63382,41,0,10,1,29,,63375,41,0,10,1,69,,63394,41,0,10,2,29,,63383,41,0,10,1,70,,63403,41,0,10,1,30,,63395,41,0,10,2,72,,63384,41,0,10,1,32,,63404,41,0,10,1,72,,63396,41,0,10,2,73,,63385,41,0,10,1,32,,63376,41,0,10,1,70,,63397,41,0,10,2,28,,63369,41,0,10,1,70,,63377,41,0,10,1,30,,63398,41,0,10,2,70,,63370,41,0,10,1,30,,63360,41,0,10,1,71,,63399,41,0,10,2,31,,63371,41,0,10,1
18702,'H54JV00I-80-I',507,,63424,41,0,10,1,33,,63420,41,0,10,2,74,,63425,41,0,10,1,31,,63421,41,0,10,2,70,,63428,41,0,10,2,33,,63426,41,0,10,1,65,,63431,41,0,10,2,21,,63429,41,0,10,2,21,,63427,41,0,10,1,64,,63422,41,0,10,2,26,,63432,41,0,10,2,65,,63411,41,0,10,1,24,,63423,41,0,10,2,18,,63408,41,0,10,1,58,,63433,41,0,10,2,28,,63451,41,0,10,1,69,,63409,41,0,10,1,30,,63448,41,0,10,2,19,,63407,41,0,10,1,57,,63437,41,0,10,2,17,,63439,41,0,10,1,17,,63434,41,0,10,1,65,,63449,41,0,10,1,28,,63438,41,0,10,2,69,,63440,41,0,10,1,32,,63435,41,0,10,1,72,,63450,41,0,10,1,32,,63441,41,0,10,1,73,,63436,41,0,10,1,33,,63410,41,0,10,1,72,,63442,41,0,10,1,33,,63412,41,0,10,1,71,,63416,41,0,10,1,29,,63443,41,0,10,1,68,,63413,41,0,10,1,27,,63417,41,0,10,1,67,,63444,41,0,10,1,26,,63414,41,0,10,1,67,,63418,41,0,10,1,27,,63445,41,0,10,1,66,,63415,41,0,10,1,33,,63419,41,0,10,1,71,,63446,41,0,10,1,33,,63430,41,0,10,2,73,,63447,41,0,10,1
18702,'H54JV00S-80-S',513,,63452,41,0,10,1,15,,63453,41,0,10,1,16,,63456,41,0,10,1,14,,63471,41,0,10,2,50,,63472,41,0,10,2,10,,63475,41,0,10,1,20,,63481,41,0,10,2,10,,63484,41,0,10,1,9,,63454,41,0,10,1,46,,63487,41,0,10,1,4,,63479,24,0,10,2,2,,63490,41,0,10,1,5,,63494,41,0,10,1,2,,63498,24,0,10,1,4,,63474,41,0,10,2,5,,63496,41,0,10,2,5,,63473,41,0,10,2,4,,63504,24,0,10,2,3,,63501,41,0,10,2,6,,63505,41,0,10,2,5,,63455,24,0,10,1,5,,63506,41,0,10,1,5,,63483,41,0,10,2,47,,63495,24,0,10,1,5,,63482,41,0,10,2,9,,63480,41,0,10,2,9,,63502,24,0,10,2,2,,63497,41,0,10,2,10,,63491,41,0,10,1,10,,63499,41,0,10,2,8,,63507,41,0,10,1,50,,63465,41,0,10,1,10,,63457,41,0,10,1,11,,63503,41,0,10,2,10,,63508,41,0,10,1,11,,63500,41,0,10,2,52,,63492,41,0,10,1,15,,63458,41,0,10,1,15,,63466,41,0,10,1,18,,63485,41,0,10,1,56,,63509,41,0,10,1,15,,63459,41,0,10,1,15,,63511,41,0,10,2,15,,63486,41,0,10,1,55,,63467,41,0,10,1,16,,63460,41,0,10,1,18,,63510,41,0,10,1,18,,63512,41,0,10,2,56,,63463,41,0,10,1,16,,63468,41,0,10,1,16,,63515,41,0,10,1,56,,63461,41,0,10,1,18,,63513,41,0,10,2,19,,63464,41,0,10,1,63,,63469,41,0,10,1,25,,63516,41,0,10,1,28,,63514,41,0,10,2,68,,63517,41,0,10,2,27,,63521,41,0,10,2,68,,63524,41,0,10,1,28,,63493,41,0,10,1,70,,63462,41,0,10,1,28,,63470,41,0,10,1,69,,63522,41,0,10,2,28,,63525,41,0,10,1,70,,63478,41,0,10,1,28,,63523,41,0,10,2,70,,63526,41,0,10,1,31,,63518,41,0,10,2,70,,63476,41,0,10,1,30,,63527,41,0,10,1,71,,63519,41,0,10,2,29,,63488,41,0,10,1,69,,63477,41,0,10,1,31,,63520,41,0,10,2,72,,63489,41,0,10,1
