12501,'H59U000A-80-A',532,,253469,13,0,5,1,79,,253491,13,0,5,1,40,,253495,13,0,5,1,74,,253470,13,0,5,1,33,,253474,13,0,5,1,73,,253496,13,0,5,1,72,,253471,13,0,5,1,32,,253475,13,0,5,1,74,,253497,13,0,5,1,33,,253472,13,0,5,1,72,,253483,13,0,5,1,31,,253476,13,0,5,1,71,,253498,13,0,5,1,32,,253473,13,0,5,1,73,,253484,13,0,5,1,33,,253477,13,0,5,1,73,,253499,13,0,5,1,73,,253494,13,0,5,1,30,,253485,13,0,5,1,70,,253478,13,0,5,1,28,,253500,13,0,5,1,28,,253492,13,0,5,1,71,,253486,13,0,5,1,30,,253479,13,0,5,1,71,,253501,13,0,5,1,72,,253493,13,0,5,1,32,,253487,13,0,5,1,73,,253480,13,0,5,1,33,,253502,13,0,5,1,73,,253488,13,0,5,1,32,,253481,13,0,5,1,72,,253503,13,0,5,1,31,,253489,13,0,5,1,69,,253482,13,0,5,1,26,,253504,13,0,5,1,68,,253467,13,0,5,1,28,,253490,13,0,5,1,69,,253505,13,0,5,1,31,,253468,13,0,5,1
12501,'H59U000I-80-I',532,,253511,13,0,5,1,76,,253522,13,0,5,2,35,,253512,13,0,5,1,74,,253523,13,0,5,2,35,,253513,13,0,5,1,75,,253524,13,0,5,2,73,,253541,13,0,5,1,32,,253514,13,0,5,1,71,,253525,13,0,5,2,33,,253542,13,0,5,1,73,,253515,13,0,5,1,33,,253526,13,0,5,2,70,,253506,13,0,5,1,29,,253539,13,0,5,2,70,,253516,13,0,5,1,29,,253527,13,0,5,2,69,,253507,13,0,5,1,28,,253540,13,0,5,2,72,,253517,13,0,5,1,32,,253528,13,0,5,2,73,,253508,13,0,5,1,33,,253530,13,0,5,1,73,,253518,13,0,5,1,31,,253529,13,0,5,2,73,,253536,13,0,5,1,32,,253531,13,0,5,1,73,,253519,13,0,5,1,72,,253537,13,0,5,1,31,,253532,13,0,5,1,70,,253520,13,0,5,1,30,,253538,13,0,5,1,71,,253533,13,0,5,1,33,,253521,13,0,5,1,72,,253534,13,0,5,1,39,,253509,13,0,5,1,87,,253535,13,0,5,1,97,,253510,13,0,5,1
12501,'H59U000S-80-S',533,,253546,13,0,5,2,68,,253550,13,0,5,1,27,,253548,13,0,5,2,72,,253543,13,0,5,1,29,,253547,13,0,5,2,72,,253551,13,0,5,1,30,,253549,13,0,5,2,70,,253575,13,0,5,1,30,,253562,13,0,5,1,70,,253552,13,0,5,1,31,,253569,13,0,5,1,72,,253576,13,0,5,1,30,,253563,13,0,5,1,71,,253553,13,0,5,1,30,,253570,13,0,5,1,69,,253577,13,0,5,1,29,,253564,13,0,5,1,71,,253554,13,0,5,1,30,,253571,13,0,5,1,70,,253578,13,0,5,1,31,,253565,13,0,5,1,71,,253555,13,0,5,1,31,,253572,13,0,5,1,72,,253579,13,0,5,1,32,,253566,13,0,5,1,72,,253556,13,0,5,1,31,,253573,13,0,5,1,71,,253580,13,0,5,1,31,,253567,13,0,5,1,70,,253557,13,0,5,1,30,,253574,13,0,5,1,71,,253581,13,0,5,1,31,,253568,13,0,5,1,70,,253558,13,0,5,1,31,,253585,13,0,5,1,72,,253582,13,0,5,1,85,,253559,13,0,5,1,43,,253583,13,0,5,2,83,,253584,13,0,5,1
12501,'H59U100F-80-F1',532,,253591,13,0,5,1,76,,253602,13,0,5,2,35,,253592,13,0,5,1,74,,253603,13,0,5,2,35,,253593,13,0,5,1,75,,253604,13,0,5,2,73,,253621,13,0,5,1,32,,253594,13,0,5,1,71,,253605,13,0,5,2,33,,253622,13,0,5,1,73,,253595,13,0,5,1,33,,253606,13,0,5,2,70,,253586,13,0,5,1,29,,253619,13,0,5,2,70,,253596,13,0,5,1,29,,253607,13,0,5,2,69,,253587,13,0,5,1,28,,253620,13,0,5,2,72,,253597,13,0,5,1,32,,253608,13,0,5,2,73,,253588,13,0,5,1,33,,253610,13,0,5,1,73,,253598,13,0,5,1,31,,253609,13,0,5,2,73,,253616,13,0,5,1,32,,253611,13,0,5,1,73,,253599,13,0,5,1,72,,253617,13,0,5,1,31,,253612,13,0,5,1,70,,253600,13,0,5,1,30,,253618,13,0,5,1,71,,253613,13,0,5,1,33,,253601,13,0,5,1,72,,253614,13,0,5,1,39,,253589,13,0,5,1,87,,253615,13,0,5,1,97,,253590,13,0,5,1
12501,'H59U200F-80-F2',532,,253623,13,0,5,1,76,,253624,13,0,5,2,35,,253625,13,0,5,1,74,,253626,13,0,5,2,35,,253627,13,0,5,1,75,,253628,13,0,5,2,73,,253629,13,0,5,1,32,,253630,13,0,5,1,71,,253631,13,0,5,2,33,,253632,13,0,5,1,73,,253633,13,0,5,1,33,,253634,13,0,5,2,70,,253635,13,0,5,1,29,,253636,13,0,5,2,70,,253637,13,0,5,1,29,,253638,13,0,5,2,69,,253639,13,0,5,1,28,,253640,13,0,5,2,72,,253641,13,0,5,1,32,,253642,13,0,5,2,73,,253643,13,0,5,1,33,,253644,13,0,5,1,73,,253645,13,0,5,1,31,,253646,13,0,5,2,73,,253647,13,0,5,1,32,,253648,13,0,5,1,73,,253649,13,0,5,1,72,,253650,13,0,5,1,31,,253651,13,0,5,1,70,,253652,13,0,5,1,30,,253653,13,0,5,1,71,,253654,13,0,5,1,33,,253655,13,0,5,1,72,,253656,13,0,5,1,39,,253657,13,0,5,1,87,,253658,13,0,5,1,97,,253659,13,0,5,1
36001,'H56U000A-80-A',2619,,277137,23,0,5,1,82,,277140,23,0,5,1,45,,277138,23,0,5,1,86,,277139,23,0,5,1,86,,277141,23,0,5,1
36001,'H56U000I-80-I',2617,,277146,23,0,5,2,85,,277142,23,0,5,1,45,,277144,23,0,5,1,84,,277143,23,0,5,1,87,,277145,23,0,5,1
36001,'H56U000S-81-S',2619,,277149,23,0,5,2,85,,277147,23,0,5,1,44,,277150,23,0,5,1,85,,277151,23,0,5,2,84,,277148,23,0,5,1
36001,'H56U100F-80-F1',2617,,277156,23,0,5,2,85,,277152,23,0,5,1,45,,277154,23,0,5,1,84,,277153,23,0,5,1,87,,277155,23,0,5,1
36001,'H56U200F-80-F2',2617,,277161,23,0,5,2,85,,277157,23,0,5,1,45,,277159,23,0,5,1,84,,277158,23,0,5,1,87,,277160,23,0,5,1
