3203,'H54M000A-80-A',536,,181773,21,0,8,1,68,,181766,21,0,8,1,33,,181784,21,0,8,1,69,,181774,21,0,8,1,29,,181763,21,0,8,2,70,,181767,21,0,8,1,31,,181785,21,0,8,1,69,,181775,21,0,8,1,30,,181764,21,0,8,2,69,,181768,21,0,8,1,28,,181786,21,0,8,1,68,,181776,21,0,8,1,28,,181794,21,0,8,2,27,,181769,21,0,8,1,66,,181803,21,0,8,1,24,,181787,21,0,8,1,61,,181777,21,0,8,1,20,,181806,21,0,8,2,20,,181795,21,0,8,2,60,,181770,21,0,8,1,19,,181809,21,0,8,1,19,,181804,21,0,8,1,60,,181788,21,0,8,1,20,,181778,21,0,8,1,20,,181807,21,0,8,2,57,,181796,21,0,8,2,18,,181771,21,0,8,1,18,,181810,21,0,8,1,18,,181805,21,0,8,1,58,,181789,21,0,8,1,17,,181779,21,0,8,1,16,,181808,21,0,8,2,55,,181797,21,0,8,2,17,,181772,21,0,8,1,18,,181811,21,0,8,1,17,,181802,21,0,8,1,58,,181790,21,0,8,1,23,,181780,21,0,8,1,67,,181798,21,0,8,2,29,,181812,21,0,8,1,70,,181791,21,0,8,1,30,,181781,21,0,8,1,28,,181799,21,0,8,2,68,,181813,21,0,8,1,29,,181792,21,0,8,1,71,,181782,21,0,8,1,33,,181800,21,0,8,2,69,,181765,21,0,8,1,30,,181793,21,0,8,1,67,,181814,21,0,8,2,24,,181783,21,0,8,1,63,,181801,21,0,8,2
3203,'H54M000I-81-I',537,,181821,21,0,8,1,70,,181815,21,0,8,1,30,,181826,21,0,8,2,69,,181822,21,0,8,1,29,,181833,21,0,8,1,69,,181816,21,0,8,1,31,,181827,21,0,8,2,70,,181832,21,0,8,1,31,,181823,21,0,8,1,71,,181817,21,0,8,1,30,,181828,21,0,8,2,70,,181841,21,0,8,1,28,,181824,21,0,8,1,68,,181818,21,0,8,1,24,,181829,21,0,8,2,22,,181850,21,0,8,1,59,,181842,21,0,8,1,19,,181825,21,0,8,1,21,,181858,21,0,8,2,61,,181819,21,0,8,1,21,,181830,21,0,8,2,21,,181851,21,0,8,1,64,,181843,21,0,8,1,24,,181859,21,0,8,2,61,,181820,21,0,8,1,21,,181831,21,0,8,2,20,,181852,21,0,8,1,59,,181834,21,0,8,1,18,,181844,21,0,8,1,17,,181863,21,0,8,2,17,,181860,21,0,8,2,57,,181837,21,0,8,1,20,,181853,21,0,8,1,21,,181835,21,0,8,1,62,,181845,21,0,8,1,23,,181861,21,0,8,2,23,,181838,21,0,8,1,71,,181854,21,0,8,1,71,,181846,21,0,8,1,33,,181839,21,0,8,1,70,,181855,21,0,8,1,30,,181847,21,0,8,1,69,,181836,21,0,8,1,28,,181840,21,0,8,1,27,,181856,21,0,8,1,68,,181848,21,0,8,1,27,,181862,21,0,8,1,65,,181857,21,0,8,1,26,,181849,21,0,8,1
3203,'H54M000S-81-S',541,,181866,21,0,8,1,65,,181864,21,0,8,1,23,,181868,21,0,8,2,24,,181874,21,0,8,1,54,,181886,21,0,8,2,11,,181884,21,0,8,1,9,,181887,21,0,8,2,9,,181888,21,0,8,1,8,,181890,21,0,8,2,9,,181865,21,0,8,1,47,,181900,21,0,8,1,8,,181899,21,0,8,2,9,,181905,21,0,8,2,8,,181869,21,0,8,2,11,,181910,21,0,8,2,17,,181875,21,0,8,1,60,,181885,21,0,8,1,20,,181889,21,0,8,1,22,,181901,21,0,8,1,62,,181870,21,0,8,2,21,,181911,21,0,8,2,20,,181915,21,0,8,1,60,,181906,21,0,8,2,21,,181891,21,0,8,1,18,,181902,21,0,8,1,59,,181871,21,0,8,2,19,,181912,21,0,8,2,18,,181916,21,0,8,1,56,,181907,21,0,8,2,16,,181920,21,0,8,2,16,,181892,21,0,8,1,16,,181903,21,0,8,1,56,,181872,21,0,8,2,15,,181913,21,0,8,2,22,,181924,21,0,8,2,9,,181917,21,0,8,1,48,,181908,21,0,8,2,9,,181880,21,0,8,1,8,,181926,21,0,8,2,8,,181921,21,0,8,2,8,,181928,21,0,8,1,9,,181893,21,0,8,1,51,,181882,21,0,8,1,11,,181904,21,0,8,1,10,,181876,21,0,8,1,9,,181873,21,0,8,2,9,,181914,21,0,8,2,9,,181938,21,0,8,2,10,,181935,21,0,8,1,49,,181925,21,0,8,2,8,,181918,21,0,8,1,7,,181909,21,0,8,2,9,,181881,21,0,8,1,9,,181927,21,0,8,2,8,,181922,21,0,8,2,8,,181929,21,0,8,1,49,,181894,21,0,8,1,8,,181883,21,0,8,1,10,,181937,21,0,8,1,11,,181877,21,0,8,1,12,,181867,21,0,8,1,12,,181939,21,0,8,2,52,,181936,21,0,8,1,11,,181919,21,0,8,1,12,,181930,21,0,8,2,23,,181895,21,0,8,1,66,,181878,21,0,8,1,25,,181940,21,0,8,2,66,,181931,21,0,8,2,15,,181923,21,0,8,1,20,,181896,21,0,8,1,60,,181879,21,0,8,1,20,,181897,21,0,8,1,29,,181941,21,0,8,2,70,,181933,21,0,8,1,31,,181898,21,0,8,1,67,,181942,21,0,8,2,27,,181934,21,0,8,1,74,,181932,21,0,8,1,23,,181943,21,0,8,2
3203,'H59M000S-80-S',1440,,181944,21,0,8,1
35301,'H54M000A-80-A',2644,,214161,40,0,5,1,88,,214164,40,0,5,1,85,,214163,40,0,5,1,41,,214162,40,0,5,1
35301,'H54M000I-81-I',2600,,214169,40,0,5,1,47,,214165,40,0,5,2,85,,214167,40,0,5,1,85,,214166,40,0,5,1,41,,214168,40,0,5,1
35301,'H54M000S-81-S',2600,,214170,40,0,5,1,45,,214174,40,0,5,1,85,,214171,40,0,5,1,85,,214173,40,0,5,2,40,,214172,40,0,5,1
43203,'H54M000S-81-S',924,,215408,5,0,22 43 1 42,1,31,,215410,5,0,22 43 1 42,2,72,,215412,5,0,22 43 1 42,2,31,,215402,5,0,22 43 1 42,1,71,,215404,5,0,22 43 1 42,1,71,,215400,5,0,22 43 1 42,1,30,,215413,5,0,22 43 1 42,2,70,,215403,5,0,22 43 1 42,1,29,,215405,5,0,22 43 1 42,1,29,,215401,5,0,22 43 1 42,1,68,,215414,5,0,22 43 1 42,2,97,,215406,5,0,22 43 1 42,1,32,,215420,5,0,22 43 1 42,2,61,,215416,5,0,22 43 1 42,2,15,,215415,5,0,22 43 1 42,2,16,,215422,5,0,22 43 1 42,1,55,,215419,5,0,22 43 1 42,2,15,,215398,5,0,22 43 1 42,1,17,,215421,5,0,22 43 1 42,1,19,,215417,5,0,22 43 1 42,2,67,,215423,5,0,22 43 1 42,1,30,,215399,5,0,22 43 1 42,1,70,,215418,5,0,22 43 1 42,2
43203,'H59M000S-80-S',1455,,215424,5,0,22 43 1 42,2
81401,'H54M000A-80-A',704,,219795,4,0,5,1,30,,219796,4,0,5,1,70,,219797,4,0,5,1,30,,219798,4,0,5,1,70,,219799,4,0,5,1,30,,219800,4,0,5,1,70,,219801,4,0,5,1,30,,219802,4,0,5,1,70,,219803,4,0,5,1,30,,219804,4,0,5,1,70,,219805,4,0,5,1,30,,219806,4,0,5,1,70,,219807,4,0,5,1,30,,219808,4,0,5,1,70,,219809,4,0,5,1,30,,219810,4,0,5,1,70,,219811,4,0,5,1,30,,219812,4,0,5,1,70,,219813,4,0,5,1,30,,219814,4,0,5,1,70,,219815,4,0,5,1,30,,219816,4,0,5,1,70,,219817,4,0,5,1,30,,219818,4,0,5,1,70,,219819,4,0,5,1,30,,219820,4,0,5,1,70,,219821,4,0,5,1,30,,219822,4,0,5,1,70,,219823,4,0,5,1,30,,219824,4,0,5,1,70,,219825,4,0,5,1
81401,'H54M000I-81-I',704,,219826,4,0,5,1,30,,219827,4,0,5,1,70,,219828,4,0,5,1,30,,219829,4,0,5,1,70,,219830,4,0,5,1,30,,219831,4,0,5,1,70,,219832,4,0,5,1,30,,219833,4,0,5,1,70,,219834,4,0,5,1,30,,219835,4,0,5,1,70,,219836,4,0,5,1,30,,219837,4,0,5,1,70,,219838,4,0,5,1,30,,219839,4,0,5,1,70,,219840,4,0,5,1,30,,219841,4,0,5,1,70,,219842,4,0,5,1,30,,219843,4,0,5,1,70,,219844,4,0,5,1,30,,219845,4,0,5,1,70,,219846,4,0,5,1,30,,219847,4,0,5,1,70,,219848,4,0,5,1,30,,219849,4,0,5,1,70,,219850,4,0,5,1,30,,219851,4,0,5,1,70,,219852,4,0,5,1,30,,219853,4,0,5,1,70,,219854,4,0,5,1,30,,219855,4,0,5,1,70,,219856,4,0,5,1
81401,'H54M000S-81-S',704,,219857,4,0,5,1,30,,219858,4,0,5,1,70,,219859,4,0,5,1,30,,219860,4,0,5,1,70,,219861,4,0,5,1,30,,219862,4,0,5,1,70,,219863,4,0,5,1,30,,219864,4,0,5,1,70,,219865,4,0,5,1,30,,219866,4,0,5,1,70,,219867,4,0,5,1,30,,219868,4,0,5,1,70,,219869,4,0,5,1,30,,219870,4,0,5,1,70,,219871,4,0,5,1,30,,219872,4,0,5,1,70,,219873,4,0,5,1,30,,219874,4,0,5,1,70,,219875,4,0,5,1,30,,219876,4,0,5,1,70,,219877,4,0,5,1,30,,219878,4,0,5,1,70,,219879,4,0,5,1,30,,219880,4,0,5,1,70,,219881,4,0,5,1,30,,219882,4,0,5,1,70,,219883,4,0,5,1,30,,219884,4,0,5,1,70,,219885,4,0,5,1,30,,219886,4,0,5,1,70,,219887,4,0,5,1
