14400,'H51M000A-70-A',511,,132328,4,,,1,22,,132305,4,,,2,22,,132329,4,,,1,62,,132306,4,,,2,22,,132330,4,,,1,62,,132307,4,,,2,22,,132331,4,,,1,21,,132308,4,,,2,61,,132332,4,,,1,21,,132309,4,,,2,21,,132333,4,,,1,61,,132310,4,,,2,22,,132334,4,,,1,22,,132311,4,,,2,62,,132335,4,,,1,22,,132312,4,,,2,64,,132336,4,,,1,24,,132313,4,,,2,26,,132337,4,,,1,67,,132314,4,,,2,27,,132338,4,,,1,67,,132315,4,,,2,27,,132339,4,,,1,67,,132316,4,,,2,27,,132340,4,,,1,68,,132317,4,,,2,27,,132341,4,,,1,25,,132318,4,,,2,66,,132342,4,,,1,26,,132319,4,,,2,66,,132343,4,,,1,26,,132320,4,,,2,66,,132344,4,,,1,26,,132321,4,,,2,26,,132345,4,,,1,66,,132322,4,,,2,26,,132346,4,,,1,66,,132323,4,,,2,25,,132347,4,,,1,65,,132324,4,,,2,25,,132348,4,,,1,25,,132325,4,,,2,64,,132349,4,,,1,22,,132326,4,,,2,62,,132350,4,,,1,22,,132352,4,,,1,22,,132354,4,,,1,61,,132327,4,,,2,21,,132351,4,,,1,21,,132353,4,,,1,60,,132355,4,,,1,20,,132356,4,,,1
14400,'H51M000I-70-I',514,,132379,4,,,1,22,,132358,4,,,2,22,,132380,4,,,1,62,,132359,4,,,2,22,,132381,4,,,1,62,,132360,4,,,2,22,,132382,4,,,1,22,,132361,4,,,2,62,,132383,4,,,1,22,,132362,4,,,2,22,,132384,4,,,1,62,,132363,4,,,2,20,,132385,4,,,1,20,,132364,4,,,2,60,,132386,4,,,1,20,,132365,4,,,2,20,,132387,4,,,1,62,,132366,4,,,2,22,,132388,4,,,1,62,,132367,4,,,2,28,,132389,4,,,1,28,,132368,4,,,2,68,,132390,4,,,1,28,,132369,4,,,2,68,,132391,4,,,1,28,,132370,4,,,2,68,,132392,4,,,1,28,,132371,4,,,2,68,,132393,4,,,1,28,,132372,4,,,2,68,,132394,4,,,1,26,,132373,4,,,2,66,,132395,4,,,1,26,,132374,4,,,2,26,,132396,4,,,1,66,,132375,4,,,2,26,,132397,4,,,1,66,,132376,4,,,2,26,,132398,4,,,1,64,,132377,4,,,2,24,,132399,4,,,1,24,,132378,4,,,2,62,,132400,4,,,1,21,,132405,4,,,1,22,,132401,4,,,1,62,,132407,4,,,2,22,,132406,4,,,1,62,,132402,4,,,1,22,,132408,4,,,2,22,,132403,4,,,1,62,,132357,4,,,1,23,,132404,4,,,1
14400,'H51M000S-70-S',521,,132430,4,,,2,28,,132410,4,,,1,68,,132431,4,,,2,30,,132411,4,,,1,70,,132432,4,,,2,31,,132412,4,,,1,70,,132433,4,,,2,33,,132413,4,,,1,73,,132434,4,,,2,32,,132414,4,,,1,69,,132435,4,,,2,29,,132415,4,,,1,69,,132436,4,,,2,29,,132416,4,,,1,68,,132437,4,,,2,28,,132417,4,,,1,68,,132438,4,,,2,28,,132418,4,,,1,68,,132439,4,,,2,28,,132419,4,,,1,69,,132440,4,,,2,28,,132420,4,,,1,68,,132441,4,,,2,28,,132421,4,,,1,70,,132442,4,,,2,30,,132422,4,,,1,70,,132443,4,,,2,30,,132423,4,,,1,70,,132444,4,,,2,30,,132424,4,,,1,69,,132445,4,,,2,30,,132425,4,,,1,70,,132446,4,,,2,30,,132426,4,,,1,70,,132447,4,,,2,30,,132427,4,,,1,70,,132448,4,,,2,30,,132428,4,,,1,70,,132449,4,,,2,30,,132429,4,,,1,70,,132450,4,,,2,30,,132409,4,,,1
14400,'H51M100F-70-F1',514,,132473,4,,,1,22,,132452,4,,,2,22,,132474,4,,,1,62,,132453,4,,,2,22,,132475,4,,,1,62,,132454,4,,,2,22,,132476,4,,,1,22,,132455,4,,,2,62,,132477,4,,,1,22,,132456,4,,,2,22,,132478,4,,,1,62,,132457,4,,,2,20,,132479,4,,,1,20,,132458,4,,,2,60,,132480,4,,,1,20,,132459,4,,,2,20,,132481,4,,,1,62,,132460,4,,,2,22,,132482,4,,,1,62,,132461,4,,,2,28,,132483,4,,,1,28,,132462,4,,,2,68,,132485,4,,,1,28,,132463,4,,,2,68,,132484,4,,,1,28,,132464,4,,,2,68,,132486,4,,,1,28,,132465,4,,,2,68,,132487,4,,,1,28,,132467,4,,,2,68,,132488,4,,,1,26,,132466,4,,,2,66,,132489,4,,,1,26,,132468,4,,,2,26,,132490,4,,,1,66,,132469,4,,,2,26,,132491,4,,,1,66,,132470,4,,,2,26,,132492,4,,,1,64,,132471,4,,,2,24,,132493,4,,,1,24,,132472,4,,,2,62,,132494,4,,,1,21,,132499,4,,,1,22,,132495,4,,,1,62,,132501,4,,,2,22,,132500,4,,,1,62,,132496,4,,,1,22,,132502,4,,,2,22,,132497,4,,,1,62,,132451,4,,,1,23,,132498,4,,,1
14400,'H51M200F-70-F2',514,,132525,4,,,1,22,,132504,4,,,2,22,,132526,4,,,1,62,,132505,4,,,2,22,,132527,4,,,1,62,,132506,4,,,2,22,,132528,4,,,1,22,,132507,4,,,2,62,,132529,4,,,1,22,,132508,4,,,2,22,,132530,4,,,1,62,,132509,4,,,2,20,,132531,4,,,1,20,,132510,4,,,2,60,,132532,4,,,1,20,,132511,4,,,2,20,,132533,4,,,1,62,,132512,4,,,2,22,,132534,4,,,1,62,,132513,4,,,2,28,,132535,4,,,1,28,,132514,4,,,2,68,,132536,4,,,1,28,,132515,4,,,2,68,,132537,4,,,1,28,,132516,4,,,2,68,,132538,4,,,1,28,,132517,4,,,2,68,,132539,4,,,1,28,,132518,4,,,2,68,,132540,4,,,1,26,,132519,4,,,2,66,,132541,4,,,1,26,,132520,4,,,2,26,,132542,4,,,1,66,,132522,4,,,2,26,,132543,4,,,1,66,,132521,4,,,2,26,,132544,4,,,1,64,,132523,4,,,2,24,,132545,4,,,1,24,,132524,4,,,2,62,,132546,4,,,1,21,,132551,4,,,1,22,,132547,4,,,1,62,,132553,4,,,2,22,,132552,4,,,1,62,,132548,4,,,1,22,,132554,4,,,2,22,,132549,4,,,1,62,,132503,4,,,1,23,,132550,4,,,1
14400,'H51M300F-70-F3',514,,132577,4,,,1,22,,132556,4,,,2,22,,132578,4,,,1,62,,132557,4,,,2,22,,132579,4,,,1,62,,132559,4,,,2,22,,132580,4,,,1,22,,132558,4,,,2,62,,132581,4,,,1,22,,132560,4,,,2,22,,132582,4,,,1,62,,132561,4,,,2,20,,132583,4,,,1,20,,132562,4,,,2,60,,132584,4,,,1,20,,132563,4,,,2,20,,132585,4,,,1,62,,132564,4,,,2,22,,132586,4,,,1,62,,132565,4,,,2,28,,132587,4,,,1,28,,132566,4,,,2,68,,132588,4,,,1,28,,132567,4,,,2,68,,132589,4,,,1,28,,132568,4,,,2,68,,132590,4,,,1,28,,132569,4,,,2,68,,132591,4,,,1,28,,132570,4,,,2,68,,132592,4,,,1,26,,132571,4,,,2,66,,132594,4,,,1,26,,132572,4,,,2,26,,132593,4,,,1,66,,132573,4,,,2,26,,132595,4,,,1,66,,132574,4,,,2,26,,132596,4,,,1,64,,132575,4,,,2,24,,132597,4,,,1,24,,132576,4,,,2,62,,132598,4,,,1,21,,132603,4,,,1,22,,132599,4,,,1,62,,132605,4,,,2,22,,132604,4,,,1,62,,132600,4,,,1,22,,132606,4,,,2,22,,132601,4,,,1,62,,132555,4,,,1,23,,132602,4,,,1
36000,'H56M000A-70-A',2602,,154489,4,,,1,43,,154487,4,,,1,85,,154486,4,,,1,86,,154488,4,,,2,86,,154490,4,,,1
36000,'H56M000I-70-I',2602,,154495,4,,,1,45,,154491,4,,,1,85,,154494,4,,,1,84,,154492,4,,,1,86,,154493,4,,,1
36000,'H56M000S-70-S',2602,,154498,4,,,2,45,,154499,4,,,1,85,,154500,4,,,2,85,,154497,4,,,1,85,,154496,4,,,2
36000,'H56M100F-70-F1',2602,,154505,4,,,1,45,,154502,4,,,1,85,,154503,4,,,1,84,,154504,4,,,2,86,,154501,4,,,1
36000,'H56M200F-70-F2',2602,,154510,4,,,1,45,,154507,4,,,1,85,,154508,4,,,1,84,,154509,4,,,2,86,,154506,4,,,1
36000,'H56M300F-70-F3',2602,,154515,4,,,1,45,,154511,4,,,1,85,,154514,4,,,1,84,,154512,4,,,1,86,,154513,4,,,1
