1004,'H59M000A-80-A',514,,177687,4,0,9,1,29,,177650,4,0,9,1,70,,177688,4,0,9,1,27,,177651,4,0,9,1,70,,177689,4,0,9,1,29,,177652,4,0,9,1,69,,177690,4,0,9,1,30,,177653,4,0,9,1,71,,177662,4,0,9,1,28,,177673,4,0,9,1,67,,177654,4,0,9,1,28,,177663,4,0,9,1,69,,177674,4,0,9,1,29,,177655,4,0,9,1,27,,177664,4,0,9,1,67,,177675,4,0,9,1,26,,177656,4,0,9,1,66,,177665,4,0,9,1,27,,177676,4,0,9,1,66,,177657,4,0,9,1,28,,177666,4,0,9,1,70,,177677,4,0,9,1,30,,177658,4,0,9,1,69,,177667,4,0,9,1,29,,177678,4,0,9,1,69,,177659,4,0,9,1,28,,177668,4,0,9,1,27,,177679,4,0,9,1,67,,177660,4,0,9,1,27,,177669,4,0,9,1,67,,177680,4,0,9,1,28,,177661,4,0,9,1,65,,177670,4,0,9,1,33,,177681,4,0,9,1,73,,177671,4,0,9,1,33,,177682,4,0,9,1,67,,177672,4,0,9,1,32,,177683,4,0,9,1,68,,177691,4,0,9,2,32,,177684,4,0,9,1,69,,177692,4,0,9,2,30,,177685,4,0,9,1,58,,177686,4,0,9,1
1004,'H59M000I-80-I',514,,177729,4,0,9,1,28,,177693,4,0,9,1,69,,177730,4,0,9,1,29,,177694,4,0,9,1,68,,177731,4,0,9,1,29,,177695,4,0,9,1,69,,177732,4,0,9,1,29,,177696,4,0,9,1,72,,177733,4,0,9,1,31,,177697,4,0,9,1,70,,177711,4,0,9,2,31,,177716,4,0,9,2,72,,177698,4,0,9,1,31,,177712,4,0,9,2,70,,177717,4,0,9,2,29,,177699,4,0,9,1,70,,177713,4,0,9,2,29,,177718,4,0,9,2,66,,177700,4,0,9,1,27,,177714,4,0,9,2,68,,177719,4,0,9,2,29,,177701,4,0,9,1,27,,177715,4,0,9,2,71,,177720,4,0,9,2,29,,177702,4,0,9,1,70,,177703,4,0,9,1,73,,177721,4,0,9,2,32,,177704,4,0,9,1,71,,177722,4,0,9,2,32,,177705,4,0,9,1,69,,177723,4,0,9,2,31,,177706,4,0,9,1,67,,177724,4,0,9,2,31,,177707,4,0,9,1,68,,177725,4,0,9,2,28,,177708,4,0,9,1,27,,177726,4,0,9,2,68,,177709,4,0,9,1,26,,177727,4,0,9,2,67,,177710,4,0,9,1,26,,177728,4,0,9,2
1004,'H59M000S-80-S',512,,177748,4,0,9,1,27,,177763,4,0,9,2,67,,177734,4,0,9,2,27,,177749,4,0,9,1,26,,177764,4,0,9,2,69,,177735,4,0,9,2,29,,177750,4,0,9,1,70,,177765,4,0,9,2,31,,177736,4,0,9,2,71,,177751,4,0,9,1,26,,177766,4,0,9,2,73,,177737,4,0,9,2,26,,177752,4,0,9,1,69,,177767,4,0,9,2,29,,177738,4,0,9,2,67,,177753,4,0,9,1,28,,177768,4,0,9,2,68,,177739,4,0,9,2,28,,177754,4,0,9,1,65,,177769,4,0,9,2,30,,177740,4,0,9,2,73,,177755,4,0,9,1,32,,177770,4,0,9,2,72,,177741,4,0,9,2,33,,177756,4,0,9,1,73,,177771,4,0,9,2,31,,177742,4,0,9,2,70,,177757,4,0,9,1,27,,177772,4,0,9,2,67,,177743,4,0,9,2,29,,177758,4,0,9,1,71,,177773,4,0,9,2,30,,177744,4,0,9,2,69,,177759,4,0,9,1,30,,177774,4,0,9,2,68,,177745,4,0,9,2,32,,177760,4,0,9,1,72,,177746,4,0,9,2,29,,177761,4,0,9,1,71,,177747,4,0,9,2,26,,177762,4,0,9,1
19201,'H50M000S-81-S',634,,208485,8,0,5,2,987,,208486,8,0,5,1
19201,'H51M000S-80-S',549,,208487,8,0,5,1
19201,'H54M000A-80-A',534,,208506,8,0,5,2,70,,208519,8,0,5,1,30,,208496,8,0,5,1,70,,208507,8,0,5,2,30,,208520,8,0,5,1,70,,208497,8,0,5,1,29,,208508,8,0,5,2,69,,208521,8,0,5,1,30,,208498,8,0,5,1,70,,208509,8,0,5,2,31,,208522,8,0,5,1,71,,208499,8,0,5,1,31,,208510,8,0,5,2,72,,208488,8,0,5,1,31,,208523,8,0,5,1,70,,208500,8,0,5,2,30,,208511,8,0,5,2,69,,208489,8,0,5,1,29,,208524,8,0,5,1,68,,208501,8,0,5,2,29,,208512,8,0,5,2,69,,208490,8,0,5,1,30,,208525,8,0,5,1,71,,208502,8,0,5,2,31,,208513,8,0,5,2,71,,208491,8,0,5,1,31,,208503,8,0,5,2,71,,208514,8,0,5,2,30,,208492,8,0,5,1,69,,208504,8,0,5,2,29,,208515,8,0,5,2,69,,208493,8,0,5,1,30,,208505,8,0,5,2,70,,208516,8,0,5,2,30,,208494,8,0,5,1,70,,208526,8,0,5,1,30,,208517,8,0,5,2,70,,208495,8,0,5,1,30,,208527,8,0,5,1,72,,208518,8,0,5,2,41,,208528,8,0,5,1
19201,'H54M000I-81-I',536,,208541,8,0,5,2,67,,208548,8,0,5,1,31,,208529,8,0,5,1,70,,208542,8,0,5,2,30,,208549,8,0,5,1,70,,208530,8,0,5,1,30,,208543,8,0,5,2,70,,208550,8,0,5,1,30,,208531,8,0,5,1,70,,208544,8,0,5,2,30,,208551,8,0,5,1,70,,208532,8,0,5,1,30,,208545,8,0,5,2,70,,208552,8,0,5,1,30,,208561,8,0,5,2,70,,208533,8,0,5,1,28,,208546,8,0,5,2,27,,208553,8,0,5,1,68,,208562,8,0,5,2,29,,208534,8,0,5,1,70,,208547,8,0,5,2,32,,208554,8,0,5,1,72,,208563,8,0,5,2,73,,208535,8,0,5,1,33,,208555,8,0,5,1,72,,208564,8,0,5,2,30,,208536,8,0,5,1,70,,208556,8,0,5,1,30,,208565,8,0,5,2,69,,208537,8,0,5,1,29,,208557,8,0,5,1,70,,208566,8,0,5,2,30,,208538,8,0,5,1,70,,208558,8,0,5,1,30,,208567,8,0,5,2,70,,208539,8,0,5,1,30,,208559,8,0,5,1,70,,208568,8,0,5,2,29,,208540,8,0,5,1,71,,208560,8,0,5,1,32,,208569,8,0,5,2
19201,'H54M000S-81-S',537,,208570,8,0,5,1,64,,208574,8,0,5,2,16,,208578,8,0,5,1,33,,208590,8,0,5,1,75,,208593,8,0,5,2,20,,208575,8,0,5,2,60,,208579,8,0,5,1,51,,208576,8,0,5,2,69,,208571,8,0,5,1,28,,208580,8,0,5,1,68,,208591,8,0,5,2,29,,208577,8,0,5,2,69,,208572,8,0,5,1,29,,208581,8,0,5,1,70,,208592,8,0,5,2,30,,208597,8,0,5,1,70,,208573,8,0,5,1,30,,208582,8,0,5,1,101,,208598,8,0,5,1,101,,208583,8,0,5,1,101,,208599,8,0,5,1,70,,208602,8,0,5,1,30,,208584,8,0,5,1,69,,208601,8,0,5,2,24,,208600,8,0,5,1,65,,208603,8,0,5,1,29,,208585,8,0,5,1,70,,208594,8,0,5,1,30,,208604,8,0,5,1,70,,208586,8,0,5,1,30,,208595,8,0,5,1,69,,208605,8,0,5,1,29,,208587,8,0,5,1,70,,208596,8,0,5,1,30,,208606,8,0,5,1,70,,208588,8,0,5,1,30,,208608,8,0,5,1,71,,208607,8,0,5,1,32,,208589,8,0,5,1
19201,'H57M000S-80-S',706,,208610,8,0,5,2,122,,208609,8,0,5,1,590,,208612,8,0,5,2,102,,208611,8,0,5,2
46001,'H50M000S-81-S',1611,,216374,27,0,99 30,1
46001,'H51M000S-80-S',716,,216375,27,0,5,1
46001,'H57M000S-80-S',1717,,216376,27,0,99 30,2
46001,'H58M000S-80-S',613,,216388,27,0,5,2,31,,216391,27,0,5,2,100,,216404,27,0,5,1,14,,216390,27,0,5,2,75,,216384,27,0,5,2,71,,216381,27,0,5,1,26,,216380,27,0,5,2,21,,216386,27,0,5,1,69,,216387,27,0,5,1,515,,216392,27,0,99 30,2,14,,216393,27,0,99 30,1,10,,216405,27,0,99 30,2,62,,216397,27,0,99 30,2,11,,216389,27,0,99 30,2,10,,216399,27,0,99 30,2,9,,216383,27,0,99 30,1,49,,216400,27,0,99 30,2,8,,216402,27,0,99 30,2,18,,216377,27,0,99 30,1,8,,216379,27,0,99 30,2,7,,216385,27,0,99 30,1,7,,216395,27,0,99 30,1,10,,216382,27,0,99 30,2,57,,216396,27,0,99 30,2,19,,216403,27,0,99 30,2,80,,216394,27,0,99 30,1,20,,216398,27,0,99 30,2,18,,216401,27,0,99 30,2,61,,216378,27,0,99 30,1
46001,'H59M000S-80-S',1852,,216406,27,0,99 30,1
