71101,'H50M000A-70-A',838,,160111,27,4,,1,70,,160103,27,4,,1,31,,160120,27,4,,1,73,,160112,27,4,,1,34,,160104,27,4,,1,67,,160121,27,4,,1,30,,160113,27,4,,1,72,,160105,27,4,,1,28,,160122,27,4,,1,74,,160114,27,4,,1,34,,160106,27,4,,1,71,,160123,27,4,,1,35,,160115,27,4,,1,68,,160107,27,4,,1,32,,160124,27,4,,1,68,,160116,27,4,,1,28,,160108,27,4,,1,67,,160125,27,4,,1,31,,160117,27,4,,1,72,,160109,27,4,,1,26,,160126,27,4,,1,67,,160118,27,4,,1,27,,160110,27,4,,1,72,,160127,27,4,,1,30,,160119,27,4,,1
71101,'H50M000I-70-I',836,,160136,27,4,,1,72,,160128,27,4,,1,28,,160145,27,4,,1,73,,160137,27,4,,1,34,,160129,27,4,,1,71,,160146,27,4,,1,31,,160138,27,4,,1,67,,160130,27,4,,1,28,,160147,27,4,,1,75,,160139,27,4,,1,34,,160131,27,4,,1,66,,160148,27,4,,1,35,,160140,27,4,,1,75,,160132,27,4,,1,25,,160149,27,4,,1,69,,160141,27,4,,1,29,,160133,27,4,,1,69,,160150,27,4,,1,28,,160142,27,4,,1,73,,160134,27,4,,1,31,,160151,27,4,,1,73,,160143,27,4,,1,29,,160135,27,4,,1,67,,160152,27,4,,1,31,,160144,27,4,,1
71101,'H50M100F-70-F1',836,,160160,27,4,,1,72,,160153,27,4,,1,28,,160168,27,4,,1,73,,160161,27,4,,1,34,,160154,27,4,,1,71,,160171,27,4,,1,31,,160162,27,4,,1,67,,160155,27,4,,1,28,,160172,27,4,,1,75,,160163,27,4,,1,34,,160156,27,4,,1,66,,160173,27,4,,1,35,,160164,27,4,,1,75,,160157,27,4,,1,25,,160174,27,4,,1,69,,160165,27,4,,1,29,,160158,27,4,,1,69,,160175,27,4,,1,28,,160170,27,4,,1,73,,160169,27,4,,1,31,,160176,27,4,,1,73,,160166,27,4,,1,29,,160159,27,4,,1,67,,160177,27,4,,1,31,,160167,27,4,,1
71101,'H50M200F-70-F2',836,,160186,27,4,,1,72,,160178,27,4,,1,28,,160195,27,4,,1,73,,160187,27,4,,1,34,,160179,27,4,,1,71,,160200,27,4,,1,31,,160188,27,4,,1,67,,160180,27,4,,1,28,,160196,27,4,,1,75,,160189,27,4,,1,34,,160181,27,4,,1,66,,160197,27,4,,1,35,,160190,27,4,,1,75,,160184,27,4,,1,25,,160201,27,4,,1,69,,160191,27,4,,1,29,,160182,27,4,,1,69,,160198,27,4,,1,28,,160192,27,4,,1,73,,160183,27,4,,1,31,,160199,27,4,,1,73,,160193,27,4,,1,29,,160185,27,4,,1,67,,160202,27,4,,1,31,,160194,27,4,,1
71101,'H50M300F-80-F3',836,,176594,26,4,,1,70,,176586,26,4,,1,30,,176603,26,4,,1,73,,176595,26,4,,1,33,,176587,26,4,,1,72,,176604,26,4,,1,31,,176596,26,4,,1,67,,176588,26,4,,1,28,,176605,26,4,,1,75,,176597,26,4,,1,32,,176589,26,4,,1,68,,176606,26,4,,1,33,,176598,26,4,,1,72,,176590,26,4,,1,31,,176607,26,4,,1,68,,176599,26,4,,1,29,,176591,26,4,,1,71,,176608,26,4,,1,28,,176600,26,4,,1,71,,176592,26,4,,1,31,,176609,26,4,,1,73,,176601,26,4,,1,29,,176593,26,4,,1,68,,176610,26,4,,1,30,,176602,26,4,,1
71102,'H50M000A-70-A',800,,160228,1,0,10,1,28,,160245,1,0,10,1,26,,160237,1,0,10,1,73,,160229,1,0,10,1,73,,160246,1,0,10,1,28,,160238,1,0,10,1,73,,160230,1,0,10,1,30,,160247,1,0,10,1,28,,160239,1,0,10,1,72,,160231,1,0,10,1,28,,160248,1,0,10,1,69,,160240,1,0,10,1,30,,160232,1,0,10,1,69,,160249,1,0,10,1,73,,160241,1,0,10,1,31,,160233,1,0,10,1,71,,160250,1,0,10,1,31,,160242,1,0,10,1,26,,160234,1,0,10,1,70,,160251,1,0,10,1,30,,160243,1,0,10,1,71,,160235,1,0,10,1,72,,160252,1,0,10,1,27,,160244,1,0,10,1,27,,160236,1,0,10,1
71102,'H50M000I-70-I',755,,160253,1,0,10,1,69,,160270,1,0,10,1,27,,160262,1,0,10,1,71,,160254,1,0,10,1,32,,160271,1,0,10,1,71,,160263,1,0,10,1,32,,160255,1,0,10,1,70,,160272,1,0,10,1,31,,160264,1,0,10,1,66,,160256,1,0,10,1,31,,160273,1,0,10,1,72,,160265,1,0,10,1,26,,160257,1,0,10,1,72,,160274,1,0,10,1,33,,160266,1,0,10,1,71,,160258,1,0,10,1,30,,160275,1,0,10,1,69,,160267,1,0,10,1,31,,160259,1,0,10,1,70,,160276,1,0,10,1,29,,160268,1,0,10,1,71,,160260,1,0,10,1,29,,160277,1,0,10,1,69,,160269,1,0,10,1,32,,160261,1,0,10,1
71102,'H50M100F-70-F1',755,,160279,1,0,10,1,69,,160294,1,0,10,1,27,,160287,1,0,10,1,71,,160280,1,0,10,1,32,,160297,1,0,10,1,71,,160288,1,0,10,1,32,,160278,1,0,10,1,70,,160295,1,0,10,1,31,,160289,1,0,10,1,66,,160281,1,0,10,1,31,,160298,1,0,10,1,72,,160290,1,0,10,1,26,,160282,1,0,10,1,72,,160299,1,0,10,1,33,,160291,1,0,10,1,71,,160283,1,0,10,1,30,,160300,1,0,10,1,69,,160292,1,0,10,1,31,,160284,1,0,10,1,70,,160301,1,0,10,1,29,,160293,1,0,10,1,71,,160285,1,0,10,1,29,,160302,1,0,10,1,69,,160296,1,0,10,1,32,,160286,1,0,10,1
71102,'H50M200F-70-F2',755,,160303,1,0,10,1,69,,160320,1,0,10,1,27,,160312,1,0,10,1,71,,160304,1,0,10,1,32,,160321,1,0,10,1,71,,160313,1,0,10,1,32,,160305,1,0,10,1,70,,160322,1,0,10,1,31,,160314,1,0,10,1,66,,160306,1,0,10,1,31,,160323,1,0,10,1,72,,160315,1,0,10,1,26,,160307,1,0,10,1,72,,160324,1,0,10,1,33,,160316,1,0,10,1,71,,160309,1,0,10,1,30,,160325,1,0,10,1,69,,160317,1,0,10,1,31,,160310,1,0,10,1,70,,160327,1,0,10,1,29,,160318,1,0,10,1,71,,160308,1,0,10,1,29,,160326,1,0,10,1,69,,160319,1,0,10,1,32,,160311,1,0,10,1
71102,'H50M300F-80-F3',755,,176611,1,0,10,1,69,,176628,1,0,10,1,27,,176620,1,0,10,1,71,,176612,1,0,10,1,32,,176629,1,0,10,1,71,,176621,1,0,10,1,33,,176613,1,0,10,1,69,,176630,1,0,10,1,32,,176622,1,0,10,1,65,,176614,1,0,10,1,30,,176631,1,0,10,1,71,,176623,1,0,10,1,28,,176615,1,0,10,1,73,,176632,1,0,10,1,32,,176624,1,0,10,1,71,,176616,1,0,10,1,72,,176633,1,0,10,1,29,,176625,1,0,10,1,70,,176617,1,0,10,1,29,,176634,1,0,10,1,29,,176626,1,0,10,1,73,,176618,1,0,10,1,27,,176635,1,0,10,1,69,,176627,1,0,10,1,32,,176619,1,0,10,1
