12301,'H56M000A-70-A',605,,126358,20,,,1,32,,126352,20,,,2,71,,126359,20,,,1,32,,126353,20,,,2,73,,126360,20,,,1,33,,126354,20,,,2,73,,126361,20,,,1,33,,126355,20,,,2,73,,126362,20,,,1,33,,126356,20,,,2,72,,126363,20,,,1,72,,126357,20,,,2,33,,126364,20,,,1,70,,126375,20,,,1,28,,126339,20,,,1,68,,126365,20,,,1,27,,126376,20,,,1,28,,126340,20,,,1,68,,126366,20,,,1,30,,126377,20,,,1,70,,126341,20,,,1,28,,126367,20,,,1,68,,126345,20,,,1,27,,126342,20,,,1,67,,126368,20,,,1,23,,126346,20,,,1,22,,126343,20,,,1,63,,126369,20,,,1,21,,126347,20,,,1,62,,126344,20,,,1,23,,126370,20,,,1,27,,126348,20,,,1,72,,126371,20,,,1,32,,126349,20,,,1,72,,126372,20,,,1,72,,126350,20,,,1,30,,126373,20,,,1,72,,126351,20,,,1,31,,126374,20,,,1
12301,'H56M000I-70-I',603,,126378,20,,,2,32,,126396,20,,,1,71,,126379,20,,,2,32,,126397,20,,,1,73,,126380,20,,,2,33,,126398,20,,,1,73,,126381,20,,,2,34,,126399,20,,,1,73,,126382,20,,,2,34,,126400,20,,,1,75,,126383,20,,,2,74,,126401,20,,,1,36,,126384,20,,,2,76,,126402,20,,,1,36,,126385,20,,,2,76,,126403,20,,,1,76,,126386,20,,,2,35,,126404,20,,,1,75,,126387,20,,,2,35,,126405,20,,,1,75,,126388,20,,,2,73,,126406,20,,,1,35,,126389,20,,,2,73,,126407,20,,,1,34,,126390,20,,,2,72,,126408,20,,,1,33,,126391,20,,,2,72,,126409,20,,,1,33,,126392,20,,,2,72,,126410,20,,,1,32,,126393,20,,,2,72,,126411,20,,,1,30,,126394,20,,,2,72,,126412,20,,,1,70,,126395,20,,,2
12301,'H56M000S-70-S',546,,126417,20,,,1,73,,126415,20,,,1,19,,126428,20,,,2,20,,126418,20,,,1,75,,126416,20,,,1,71,,126429,20,,,2,31,,126419,20,,,1,68,,126423,20,,,2,27,,126430,20,,,2,28,,126420,20,,,1,71,,126424,20,,,2,71,,126431,20,,,2,30,,126425,20,,,1,74,,126413,20,,,1,33,,126432,20,,,2,72,,126426,20,,,2,32,,126414,20,,,1,72,,126433,20,,,2,33,,126427,20,,,2,75,,126444,20,,,1,36,,126434,20,,,2,73,,126439,20,,,2,73,,126445,20,,,1,33,,126435,20,,,2,70,,126440,20,,,2,32,,126446,20,,,1,70,,126436,20,,,2,29,,126441,20,,,2,71,,126447,20,,,1,31,,126437,20,,,2,71,,126442,20,,,2,31,,126448,20,,,1,70,,126438,20,,,2,30,,126443,20,,,2,70,,126449,20,,,1,31,,126421,20,,,2,72,,126450,20,,,1,33,,126422,20,,,2
12301,'H56M100F-70-F1',603,,126451,20,,,2,32,,126469,20,,,1,71,,126452,20,,,2,32,,126470,20,,,1,73,,126453,20,,,2,33,,126471,20,,,1,73,,126454,20,,,2,34,,126472,20,,,1,73,,126455,20,,,2,34,,126473,20,,,1,75,,126456,20,,,2,74,,126474,20,,,1,36,,126457,20,,,2,76,,126475,20,,,1,36,,126458,20,,,2,76,,126476,20,,,1,76,,126459,20,,,2,35,,126477,20,,,1,75,,126460,20,,,2,35,,126478,20,,,1,75,,126461,20,,,2,73,,126479,20,,,1,35,,126462,20,,,2,73,,126480,20,,,1,34,,126463,20,,,2,72,,126481,20,,,1,33,,126464,20,,,2,72,,126482,20,,,1,33,,126465,20,,,2,72,,126483,20,,,1,32,,126467,20,,,2,72,,126484,20,,,1,30,,126466,20,,,2,72,,126485,20,,,1,70,,126468,20,,,2
12301,'H56M200F-70-F2',603,,126486,20,,,2,32,,126504,20,,,1,71,,126487,20,,,2,32,,126505,20,,,1,73,,126488,20,,,2,33,,126506,20,,,1,73,,126489,20,,,2,34,,126507,20,,,1,73,,126490,20,,,2,34,,126508,20,,,1,75,,126491,20,,,2,74,,126509,20,,,1,36,,126492,20,,,2,76,,126511,20,,,1,36,,126493,20,,,2,76,,126510,20,,,1,76,,126494,20,,,2,35,,126512,20,,,1,75,,126495,20,,,2,35,,126514,20,,,1,75,,126496,20,,,2,73,,126513,20,,,1,35,,126497,20,,,2,73,,126515,20,,,1,34,,126498,20,,,2,72,,126516,20,,,1,33,,126499,20,,,2,72,,126517,20,,,1,33,,126500,20,,,2,72,,126518,20,,,1,32,,126501,20,,,2,72,,126519,20,,,1,30,,126502,20,,,2,72,,126520,20,,,1,70,,126503,20,,,2
12301,'H56M300F-70-F3',603,,126521,20,,,2,32,,126539,20,,,1,71,,126522,20,,,2,32,,126540,20,,,1,73,,126523,20,,,2,33,,126541,20,,,1,73,,126524,20,,,2,34,,126542,20,,,1,73,,126525,20,,,2,34,,126543,20,,,1,75,,126526,20,,,2,74,,126545,20,,,1,36,,126527,20,,,2,76,,126544,20,,,1,36,,126528,20,,,2,76,,126546,20,,,1,76,,126529,20,,,2,35,,126547,20,,,1,75,,126530,20,,,2,35,,126548,20,,,1,75,,126531,20,,,2,73,,126549,20,,,1,35,,126532,20,,,2,73,,126550,20,,,1,34,,126533,20,,,2,72,,126551,20,,,1,33,,126534,20,,,2,72,,126552,20,,,1,33,,126535,20,,,2,72,,126553,20,,,1,32,,126536,20,,,2,72,,126554,20,,,1,30,,126537,20,,,2,72,,126555,20,,,1,70,,126538,20,,,2
35001,'H56M000A-70-A',2614,,153900,81,,,1,40,,153904,81,,,1,69,,153898,81,,,1,10,,153897,81,,,1,10,,153905,81,,,2,9,,153903,81,,,1,49,,153892,81,,,1,10,,153893,81,,,1,10,,153896,81,,,2,10,,153901,81,,,1,10,,153899,81,,,1,10,,153895,81,,,1,50,,153902,81,,,1,11,,153894,81,,,1,21,,153906,81,,,1
35001,'H56M000I-70-I',2603,,153907,81,,,1,28,,153911,81,,,1,26,,153910,81,,,2,67,,153914,81,,,2,27,,153913,81,,,1,66,,153908,81,,,1,26,,153909,81,,,1,66,,153912,81,,,1
35001,'H56M000S-70-S',2609,,153915,81,,,1,45,,153919,81,,,1,92,,153918,81,,,2,86,,153916,81,,,1,69,,153917,81,,,1,15,,153920,81,,,2
35001,'H56M100F-70-F1',2603,,153921,81,,,1,28,,153923,81,,,1,26,,153924,81,,,2,67,,153928,81,,,1,27,,153926,81,,,1,66,,153922,81,,,1,26,,153927,81,,,1,66,,153925,81,,,1
35001,'H56M200F-70-F2',2603,,153929,81,,,1,28,,153931,81,,,1,26,,153932,81,,,2,67,,153936,81,,,1,27,,153934,81,,,1,66,,153930,81,,,1,26,,153935,81,,,1,66,,153933,81,,,1
35001,'H56M300F-70-F3',2603,,153937,81,,,1,28,,153941,81,,,1,26,,153940,81,,,2,67,,153944,81,,,2,27,,153943,81,,,1,66,,153938,81,,,1,26,,153939,81,,,1,66,,153942,81,,,1
