12903,'H51J000A-82-A',646,,46251,34,0,8,1,83,,46272,34,0,8,1,74,,46262,34,0,8,1,32,,46252,34,0,8,1,72,,46273,34,0,8,1,33,,46263,34,0,8,1,72,,46253,34,0,8,1,32,,46274,34,0,8,1,72,,46264,34,0,8,1,32,,46254,34,0,8,1,72,,46275,34,0,8,1,36,,46265,34,0,8,1,70,,46255,34,0,8,1,26,,46277,34,0,8,2,66,,46276,34,0,8,1,31,,46266,34,0,8,1,71,,46256,34,0,8,1,30,,46278,34,0,8,2,70,,46283,34,0,8,2,31,,46267,34,0,8,1,68,,46257,34,0,8,1,28,,46279,34,0,8,2,68,,46284,34,0,8,2,28,,46268,34,0,8,1,65,,46258,34,0,8,1,24,,46280,34,0,8,2,69,,46285,34,0,8,2,26,,46269,33,0,12 1 13,1,29,,46259,33,0,12 1 13,1,70,,46281,33,0,12 1 13,2,29,,46270,33,0,12 1 13,1,70,,46260,33,0,12 1 13,1,30,,46282,33,0,12 1 13,2,69,,46271,33,0,12 1 13,1,80,,46261,33,0,12 1 13,1,41,,46287,33,0,12 1 13,2,80,,46286,33,0,12 1 13,1
12903,'H51J000I-82-I',637,,46304,34,0,8,1,82,,46296,34,0,8,2,82,,46305,34,0,8,1,43,,46297,34,0,8,2,86,,46306,34,0,8,1,74,,46309,34,0,8,2,36,,46298,34,0,8,2,73,,46307,34,0,8,1,35,,46310,34,0,8,2,75,,46299,34,0,8,2,33,,46308,34,0,8,1,73,,46311,34,0,8,2,73,,46288,34,0,8,1,33,,46300,34,0,8,2,66,,46314,34,0,8,2,25,,46312,34,0,8,2,25,,46289,34,0,8,1,64,,46301,34,0,8,2,24,,46315,34,0,8,2,65,,46313,34,0,8,2,25,,46290,34,0,8,1,30,,46302,34,0,8,2,70,,46316,34,0,8,2,28,,46291,34,0,8,1,61,,46321,34,0,8,2,21,,46303,34,0,8,2,20,,46317,34,0,8,2,65,,46292,33,0,12 1 13,1,33,,46322,33,0,12 1 13,2,77,,46318,33,0,12 1 13,2,77,,46293,33,0,12 1 13,1,37,,46323,33,0,12 1 13,2,76,,46319,33,0,12 1 13,2,79,,46294,33,0,12 1 13,1,41,,46320,33,0,12 1 13,2,82,,46295,33,0,12 1 13,1
12903,'H51J000S-80-S',742,,46324,34,0,8,1,71,,46325,34,0,8,2,6,,46328,34,0,8,1,32,,46337,34,0,8,1,73,,46354,34,0,8,2,30,,46360,34,0,8,1,71,,46329,34,0,8,1,32,,46338,34,0,8,1,74,,46355,34,0,8,2,72,,46351,34,0,8,2,32,,46330,34,0,8,1,70,,46339,34,0,8,1,30,,46356,34,0,8,2,65,,46345,34,0,8,1,20,,46352,34,0,8,2,22,,46331,34,0,8,1,58,,46340,34,0,8,1,15,,46326,34,0,8,1,14,,46361,34,0,8,1,18,,46357,34,0,8,2,9,,46369,34,0,8,1,50,,46346,34,0,8,1,21,,46353,34,0,8,2,11,,46363,34,0,8,2,12,,46332,34,0,8,1,51,,46370,34,0,8,2,12,,46341,34,0,8,1,14,,46327,34,0,8,1,15,,46362,34,0,8,1,14,,46358,34,0,8,2,61,,46347,34,0,8,1,23,,46364,34,0,8,2,60,,46333,34,0,8,1,25,,46342,34,0,8,1,23,,46359,34,0,8,2,55,,46348,34,0,12 1 13,1,28,,46365,33,0,12 1 13,2,71,,46334,33,0,12 1 13,1,31,,46343,33,0,12 1 13,1,67,,46349,33,0,12 1 13,1,29,,46366,33,0,12 1 13,2,30,,46335,33,0,12 1 13,1,70,,46344,33,0,12 1 13,1,29,,46350,33,0,12 1 13,1,69,,46367,33,0,12 1 13,2,30,,46336,33,0,12 1 13,1,71,,46368,33,0,12 1 13,2
12903,'H51JV00A-80-A',646,,46391,34,0,8,1,83,,46402,34,0,8,1,74,,46381,34,0,8,1,32,,46392,34,0,8,1,72,,46403,34,0,8,1,33,,46382,34,0,8,1,72,,46393,34,0,8,1,32,,46404,34,0,8,1,72,,46383,34,0,8,1,32,,46394,34,0,8,1,72,,46405,34,0,8,1,36,,46384,34,0,8,1,70,,46395,34,0,8,1,26,,46375,34,0,8,2,66,,46406,34,0,8,1,31,,46385,34,0,8,1,71,,46396,34,0,8,1,30,,46376,34,0,8,2,70,,46372,34,0,8,2,31,,46386,34,0,8,1,68,,46397,34,0,8,1,28,,46377,34,0,8,2,68,,46373,34,0,8,2,28,,46387,34,0,8,1,65,,46398,34,0,8,1,24,,46378,34,0,8,2,69,,46374,34,0,8,2,26,,46388,33,0,12 1 13,1,29,,46399,33,0,12 1 13,1,70,,46379,33,0,12 1 13,2,29,,46389,33,0,12 1 13,1,70,,46400,33,0,12 1 13,1,30,,46380,33,0,12 1 13,2,69,,46390,33,0,12 1 13,1,80,,46401,33,0,12 1 13,1,41,,46407,33,0,12 1 13,2,80,,46371,33,0,12 1 13,1
12903,'H51JV00I-80-I',637,,46431,34,0,8,1,82,,46416,34,0,8,2,82,,46432,34,0,8,1,43,,46417,34,0,8,2,86,,46433,34,0,8,1,74,,46436,34,0,8,2,36,,46418,34,0,8,2,73,,46434,34,0,8,1,35,,46437,34,0,8,2,75,,46419,34,0,8,2,33,,46435,34,0,8,1,73,,46438,34,0,8,2,73,,46408,34,0,8,1,33,,46420,34,0,8,2,66,,46424,34,0,8,2,25,,46439,34,0,8,2,25,,46409,34,0,8,1,64,,46421,34,0,8,2,24,,46425,34,0,8,2,65,,46440,34,0,8,2,25,,46410,34,0,8,1,30,,46422,34,0,8,2,70,,46426,34,0,8,2,28,,46411,34,0,8,1,61,,46441,34,0,8,2,21,,46423,34,0,8,2,20,,46427,34,0,8,2,65,,46412,33,0,12 1 13,1,33,,46442,33,0,12 1 13,2,77,,46428,33,0,12 1 13,2,77,,46413,33,0,12 1 13,1,37,,46443,33,0,12 1 13,2,76,,46429,33,0,12 1 13,2,79,,46414,33,0,12 1 13,1,41,,46430,33,0,12 1 13,2,82,,46415,33,0,12 1 13,1
12903,'H51JV00S-84-S',742,,46444,34,0,8,1,71,,46445,34,0,8,2,6,,46448,34,0,8,1,32,,46457,34,0,8,1,73,,46474,34,0,8,2,30,,46480,34,0,8,1,71,,46449,34,0,8,1,32,,46458,34,0,8,1,74,,46475,34,0,8,2,72,,46471,34,0,8,2,32,,46450,34,0,8,1,70,,46459,34,0,8,1,30,,46476,34,0,8,2,65,,46465,34,0,8,1,20,,46472,34,0,8,2,22,,46451,34,0,8,1,58,,46460,34,0,8,1,15,,46446,34,0,8,1,14,,46481,34,0,8,1,18,,46477,34,0,8,2,9,,46483,34,0,8,1,50,,46466,34,0,8,1,21,,46473,34,0,8,2,11,,46484,34,0,8,2,12,,46452,34,0,8,1,51,,46490,34,0,8,2,12,,46461,34,0,8,1,14,,46447,34,0,8,1,15,,46482,34,0,8,1,14,,46478,34,0,8,2,61,,46467,34,0,8,1,23,,46485,34,0,8,2,60,,46453,34,0,8,1,25,,46462,34,0,8,1,23,,46479,34,0,8,2,55,,46468,34,0,12 1 13,1,28,,46486,33,0,12 1 13,2,71,,46454,33,0,12 1 13,1,31,,46463,33,0,12 1 13,1,67,,46469,33,0,12 1 13,1,29,,46487,33,0,12 1 13,2,30,,46455,33,0,12 1 13,1,70,,46464,33,0,12 1 13,1,29,,46470,33,0,12 1 13,1,69,,46488,33,0,12 1 13,2,30,,46456,33,0,12 1 13,1,71,,46489,33,0,12 1 13,2
12903,'H57J000S-81-S',1538,,46491,34,0,8,2,79,,46492,34,0,8,2
12903,'H57JV00S-83-S',1538,,46493,34,0,8,2,79,,46494,34,0,8,2
12903,'H59J000S-81-S',632,,46495,34,0,8,1,72,,46496,34,0,8,2
12903,'H59JV00S-83-S',632,,46498,34,0,8,1,72,,46497,34,0,8,2
