19701,'H51U000A-83-A',514,,269426,23,0,5,2,28,,269433,23,0,5,1,71,,269427,23,0,5,2,35,,269434,23,0,5,1,73,,269428,23,0,5,2,30,,269443,23,0,5,1,70,,269435,23,0,5,1,30,,269429,23,0,5,2,70,,269444,23,0,99 51,1,29,,269436,23,0,99 51,1,71,,269430,23,0,99 51,2,30,,269445,23,0,99 51,1,70,,269437,23,0,99 51,1,30,,269431,23,0,99 51,2,72,,269446,23,0,99 51,1,31,,269438,23,0,99 51,1,70,,269432,23,0,99 51,2,30,,269447,23,0,99 51,1,69,,269454,23,0,99 51,2,29,,269439,23,0,99 51,1,70,,269448,23,0,99 51,1,20,,269456,23,0,99 51,2,60,,269455,23,0,99 51,2,20,,269440,23,0,99 51,1,22,,269458,23,0,99 51,1,60,,269449,23,0,5,1,19,,269457,23,0,5,2,14,,269421,23,0,5,1,14,,269441,23,0,5,1,55,,269459,23,0,5,1,26,,269450,23,0,5,1,27,,269422,23,0,5,1,67,,269460,23,0,5,1,23,,269451,23,0,5,1,66,,269423,23,0,5,1,26,,269461,23,0,5,1,66,,269452,23,0,5,1,26,,269424,23,0,5,1,26,,269462,23,0,5,1,66,,269453,23,0,5,1,28,,269425,23,0,5,1,68,,269463,23,0,5,2,29,,269419,23,0,5,1,71,,269442,23,0,5,1,32,,269418,23,0,5,1,73,,269420,23,0,5,1,33,,269417,23,0,5,1
19701,'H51U000I-83-I',513,,269478,23,0,5,1,30,,269464,23,0,5,2,73,,269479,23,0,5,1,30,,269465,23,0,5,2,72,,269480,23,0,5,1,32,,269466,23,0,5,2,72,,269481,23,0,5,1,31,,269500,23,0,5,2,69,,269467,23,0,99 51,2,29,,269482,23,0,99 51,1,71,,269501,23,0,99 51,2,29,,269468,23,0,99 51,2,69,,269483,23,0,99 51,1,29,,269502,23,0,99 51,2,72,,269469,23,0,99 51,2,32,,269484,23,0,99 51,1,72,,269503,23,0,99 51,2,33,,269470,23,0,99 51,2,69,,269485,23,0,99 51,1,29,,269492,23,0,99 51,1,69,,269471,23,0,99 51,2,28,,269486,23,0,99 51,1,68,,269493,23,0,99 51,1,27,,269472,23,0,99 51,2,64,,269487,23,0,5,1,25,,269494,23,0,5,1,21,,269504,23,0,5,2,61,,269473,23,0,5,2,21,,269488,23,0,5,1,64,,269495,23,0,5,1,28,,269474,23,0,5,2,68,,269489,23,0,5,1,28,,269496,23,0,5,1,28,,269475,23,0,5,2,68,,269490,23,0,5,1,28,,269497,23,0,5,1,68,,269505,23,0,5,2,32,,269491,23,0,5,1,73,,269506,23,0,5,2,33,,269476,23,0,5,1,70,,269498,23,0,5,1,29,,269477,23,0,5,1,69,,269499,23,0,5,1
19701,'H51U000S-83-S',513,,269512,23,0,5,2,31,,269508,23,0,5,1,70,,269513,23,0,5,2,33,,269521,23,0,5,1,69,,269509,23,0,5,1,27,,269514,23,0,99 51,2,65,,269524,23,0,99 51,2,26,,269525,23,0,99 51,2,66,,269510,23,0,99 51,1,30,,269515,23,0,99 51,2,71,,269522,23,0,99 51,2,31,,269526,23,0,99 51,1,71,,269517,23,0,99 51,2,31,,269523,23,0,99 51,2,70,,269528,23,0,99 51,1,31,,269518,23,0,99 51,2,71,,269532,23,0,99 51,2,30,,269529,23,0,99 51,1,70,,269535,23,0,99 51,2,30,,269519,23,0,99 51,2,64,,269533,23,0,99 51,2,20,,269530,23,0,99 51,1,12,,269541,23,0,99 51,2,12,,269539,23,0,99 51,2,12,,269543,23,0,5,2,52,,269536,23,0,5,2,11,,269520,23,0,5,2,10,,269549,23,0,5,2,10,,269534,23,0,5,2,10,,269551,23,0,5,2,51,,269531,23,0,5,1,10,,269507,23,0,5,1,12,,269557,23,0,5,1,12,,269542,23,0,5,2,10,,269544,23,0,5,2,11,,269545,23,0,5,2,51,,269550,23,0,5,2,10,,269516,23,0,5,1,11,,269552,23,0,5,2,10,,269540,23,0,5,2,10,,269527,23,0,5,2,11,,269558,23,0,5,1,55,,269561,23,0,5,2,15,,269546,23,0,5,2,25,,269553,23,0,5,2,68,,269559,23,0,5,1,30,,269547,23,0,5,2,70,,269554,23,0,5,2,30,,269560,23,0,5,1,70,,269548,23,0,5,2,30,,269555,23,0,5,2,70,,269537,23,0,5,1,30,,269562,23,0,5,2,62,,269563,23,0,5,2,25,,269556,23,0,5,2,66,,269538,23,0,5,1,26,,269511,23,0,5,1
19701,'H51U100F-80-F1',513,,269583,23,0,5,1,30,,269571,23,0,5,2,73,,269584,23,0,5,1,30,,269572,23,0,5,2,72,,269585,23,0,5,1,32,,269573,23,0,5,2,72,,269586,23,0,5,1,31,,269564,23,0,5,2,69,,269574,23,0,99 51,2,29,,269587,23,0,99 51,1,71,,269565,23,0,99 51,2,29,,269575,23,0,99 51,2,69,,269588,23,0,99 51,1,29,,269566,23,0,99 51,2,72,,269576,23,0,99 51,2,32,,269589,23,0,99 51,1,72,,269567,23,0,99 51,2,33,,269577,23,0,99 51,2,69,,269590,23,0,99 51,1,29,,269597,23,0,99 51,1,69,,269578,23,0,99 51,2,28,,269591,23,0,99 51,1,68,,269598,23,0,99 51,1,27,,269579,23,0,99 51,2,64,,269592,23,0,5,1,25,,269599,23,0,5,1,21,,269570,23,0,5,2,61,,269580,23,0,5,2,21,,269593,23,0,5,1,64,,269600,23,0,5,1,28,,269581,23,0,5,2,68,,269594,23,0,5,1,28,,269601,23,0,5,1,28,,269582,23,0,5,2,68,,269595,23,0,5,1,28,,269602,23,0,5,1,68,,269605,23,0,5,2,32,,269596,23,0,5,1,73,,269606,23,0,5,2,33,,269568,23,0,5,1,70,,269603,23,0,5,1,29,,269569,23,0,5,1,69,,269604,23,0,5,1
19701,'H51U200F-80-F2',513,,269626,23,0,5,1,30,,269614,23,0,5,2,73,,269627,23,0,5,1,30,,269615,23,0,5,2,72,,269628,23,0,5,1,32,,269616,23,0,5,2,72,,269629,23,0,5,1,31,,269607,23,0,5,2,69,,269617,23,0,99 51,2,29,,269630,23,0,99 51,1,71,,269608,23,0,99 51,2,29,,269618,23,0,99 51,2,69,,269631,23,0,99 51,1,29,,269609,23,0,99 51,2,72,,269619,23,0,99 51,2,32,,269632,23,0,99 51,1,72,,269610,23,0,99 51,2,33,,269620,23,0,99 51,2,69,,269633,23,0,99 51,1,29,,269640,23,0,99 51,1,69,,269621,23,0,99 51,2,28,,269634,23,0,99 51,1,68,,269641,23,0,99 51,1,27,,269622,23,0,99 51,2,64,,269635,23,0,5,1,25,,269642,23,0,5,1,21,,269613,23,0,5,2,61,,269623,23,0,5,2,21,,269636,23,0,5,1,64,,269643,23,0,5,1,28,,269624,23,0,5,2,68,,269637,23,0,5,1,28,,269644,23,0,5,1,28,,269625,23,0,5,2,68,,269638,23,0,5,1,28,,269645,23,0,5,1,68,,269648,23,0,5,2,32,,269639,23,0,5,1,73,,269649,23,0,5,2,33,,269611,23,0,5,1,70,,269646,23,0,5,1,29,,269612,23,0,5,1,69,,269647,23,0,5,1
37001,'H51U000A-83-A',2604,,277685,57,0,5,1,45,,277687,57,0,5,1,85,,277686,57,0,5,1,85,,277689,57,0,5,2,83,,277688,57,0,5,1
37001,'H51U000I-83-I',2601,,277691,57,0,5,1,45,,277693,57,0,5,1,85,,277690,57,0,5,2,85,,277692,57,0,5,1,85,,277694,57,0,5,1
37001,'H51U000S-83-S',2602,,277698,57,0,5,1,45,,277696,57,0,5,2,83,,277695,57,0,5,1,85,,277699,57,0,5,1,86,,277697,57,0,5,2
37001,'H51U100F-80-F1',2601,,277703,57,0,5,1,45,,277701,57,0,5,1,85,,277700,57,0,5,2,85,,277704,57,0,5,1,85,,277702,57,0,5,1
37001,'H51U200F-80-F2',2601,,277708,57,0,5,1,45,,277706,57,0,5,1,85,,277705,57,0,5,2,85,,277709,57,0,5,1,85,,277707,57,0,5,1
