4102,'H58U000S-80-S',531,,229802,3,0,10,2,22,,229814,3,0,10,2,61,,229816,3,0,10,1,21,,229797,3,0,10,1,65,,229817,3,0,10,1,24,,229806,3,0,10,1,24,,229813,3,0,10,2,61,,229803,3,0,10,2,21,,229815,3,0,10,2,21,,229807,3,0,10,1,63,,229798,3,0,10,1,29,,229818,3,0,10,1,70,,229820,3,0,10,1,28,,229793,3,0,10,2,69,,229808,3,0,10,1,29,,229799,3,0,10,1,68,,229819,3,0,10,1,26,,229821,3,0,10,1,72,,229794,3,0,10,2,33,,229809,3,0,10,1,71,,229800,3,0,10,1,30,,229824,3,0,10,2,72,,229822,3,0,10,1,30,,229795,3,0,10,2,70,,229810,3,0,10,1,29,,229801,3,0,10,1,67,,229826,3,0,10,2,28,,229825,3,0,10,2,68,,229792,3,0,10,1,26,,229796,3,0,10,2,24,,229811,3,0,10,1,63,,229827,3,0,10,1,22,,229804,3,0,10,2,66,,229805,3,0,10,1,29,,229823,3,0,10,1,70,,229812,3,0,10,2
4102,'H58U200F-80-F2',616,,229828,3,0,10,1,29,,229832,3,0,10,2,70,,229835,3,0,10,1,30,,229837,3,0,10,1,70,,229838,3,0,10,1,28,,229839,3,0,10,2,64,,229836,3,0,10,2,531,,229829,3,0,10,1,69,,229842,3,0,10,2,28,,229840,3,0,10,1,70,,229833,3,0,10,1,30,,229844,3,0,10,2,70,,229831,3,0,10,2,27,,229830,3,0,10,1,69,,229843,3,0,10,2,30,,229841,3,0,10,1,24,,229834,3,0,10,1
13904,'H58U000A-80-A',501,,256591,8,0,9,1,26,,256587,8,0,9,1,23,,256583,8,0,9,1,61,,256589,8,0,9,1,19,,256592,8,0,9,1,15,,256617,8,0,9,1,12,,256588,8,0,9,1,52,,256601,8,0,9,1,13,,256584,8,0,9,1,14,,256609,8,0,9,1,13,,256590,8,0,9,1,59,,256593,8,0,9,1,20,,256618,8,0,9,1,28,,256602,8,0,9,1,70,,256610,8,0,9,1,30,,256594,8,0,9,1,70,,256619,8,0,9,1,30,,256603,8,0,9,1,70,,256611,8,0,9,1,31,,256595,8,0,9,1,71,,256620,8,0,9,1,30,,256604,8,0,9,1,70,,256612,8,0,9,1,30,,256596,8,0,9,1,70,,256621,8,0,9,1,29,,256605,8,0,9,1,70,,256613,8,0,9,1,30,,256597,8,0,9,1,70,,256622,8,0,9,1,29,,256606,8,0,9,1,69,,256614,8,0,9,1,24,,256598,8,0,9,1,67,,256623,8,0,9,1,30,,256607,8,0,9,1,70,,256615,8,0,9,1,30,,256599,8,0,9,1,70,,256624,8,0,9,1,30,,256608,8,0,9,1,70,,256616,8,0,9,1,22,,256600,8,0,9,1,20,,256625,8,0,9,2,60,,256627,8,0,9,2,25,,256585,8,0,9,1,72,,256581,8,0,9,1,32,,256626,8,0,9,2,71,,256586,8,0,9,1,33,,256582,8,0,9,1
13904,'H58U000I-80-I',501,,256648,8,0,9,2,30,,256629,8,0,9,1,21,,256635,8,0,9,1,60,,256655,8,0,9,1,20,,256649,8,0,9,2,14,,256639,8,0,9,1,13,,256630,8,0,9,1,56,,256663,8,0,9,2,16,,256636,8,0,9,1,16,,256656,8,0,9,1,60,,256650,8,0,9,2,26,,256640,8,0,9,1,67,,256664,8,0,9,2,27,,256657,8,0,9,1,28,,256651,8,0,9,2,71,,256641,8,0,9,1,28,,256665,8,0,9,2,73,,256658,8,0,9,1,32,,256652,8,0,9,2,66,,256642,8,0,9,1,30,,256666,8,0,9,2,71,,256659,8,0,9,1,29,,256653,8,0,9,2,70,,256643,8,0,9,1,30,,256667,8,0,9,2,71,,256660,8,0,9,1,26,,256654,8,0,9,2,69,,256644,8,0,9,1,29,,256668,8,0,9,2,70,,256661,8,0,9,1,30,,256669,8,0,9,2,69,,256645,8,0,9,1,28,,256631,8,0,9,1,68,,256662,8,0,9,1,30,,256670,8,0,9,2,70,,256646,8,0,9,1,27,,256632,8,0,9,1,66,,256634,8,0,9,2,25,,256671,8,0,9,1,25,,256647,8,0,9,1,66,,256633,8,0,9,1,26,,256637,8,0,9,1,67,,256672,8,0,9,1,29,,256628,8,0,9,1,72,,256638,8,0,9,1,32,,256673,8,0,9,1
13904,'H58U000S-80-S',502,,256687,8,0,9,1,33,,256674,8,0,9,2,71,,256677,8,0,9,2,30,,256699,8,0,9,1,71,,256688,8,0,9,1,30,,256675,8,0,9,2,71,,256678,8,0,9,2,29,,256700,8,0,9,1,70,,256689,8,0,9,1,30,,256698,8,0,9,1,70,,256679,8,0,9,2,29,,256701,8,0,9,1,70,,256690,8,0,9,1,31,,256705,8,0,9,1,70,,256680,8,0,9,2,30,,256702,8,0,9,1,70,,256691,8,0,9,1,30,,256706,8,0,9,1,71,,256681,8,0,9,2,30,,256703,8,0,9,1,70,,256692,8,0,9,1,34,,256707,8,0,9,1,73,,256682,8,0,9,2,32,,256704,8,0,9,1,73,,256693,8,0,9,1,29,,256712,8,0,9,2,70,,256708,8,0,9,1,27,,256683,8,0,9,2,68,,256694,8,0,9,1,29,,256713,8,0,9,2,69,,256709,8,0,9,1,29,,256684,8,0,9,2,70,,256695,8,0,9,1,30,,256714,8,0,9,2,70,,256710,8,0,9,1,30,,256685,8,0,9,2,69,,256696,8,0,9,2,30,,256676,8,0,9,1,69,,256711,8,0,9,1,26,,256686,8,0,9,2,20,,256697,8,0,9,2
13904,'H58U100F-80-F1',501,,256735,8,0,9,2,30,,256716,8,0,9,1,21,,256722,8,0,9,1,60,,256742,8,0,9,1,20,,256736,8,0,9,2,14,,256726,8,0,9,1,13,,256717,8,0,9,1,56,,256750,8,0,9,2,16,,256723,8,0,9,1,16,,256743,8,0,9,1,60,,256737,8,0,9,2,26,,256727,8,0,9,1,67,,256751,8,0,9,2,27,,256744,8,0,9,1,28,,256738,8,0,9,2,71,,256728,8,0,9,1,28,,256752,8,0,9,2,73,,256745,8,0,9,1,32,,256739,8,0,9,2,66,,256729,8,0,9,1,30,,256753,8,0,9,2,71,,256746,8,0,9,1,29,,256740,8,0,9,2,70,,256730,8,0,9,1,30,,256754,8,0,9,2,71,,256747,8,0,9,1,26,,256741,8,0,9,2,69,,256731,8,0,9,1,29,,256755,8,0,9,2,70,,256748,8,0,9,1,30,,256756,8,0,9,2,69,,256732,8,0,9,1,28,,256718,8,0,9,1,68,,256749,8,0,9,1,30,,256757,8,0,9,2,70,,256733,8,0,9,1,27,,256719,8,0,9,1,66,,256721,8,0,9,2,25,,256758,8,0,9,1,25,,256734,8,0,9,1,66,,256720,8,0,9,1,26,,256724,8,0,9,1,67,,256759,8,0,9,1,29,,256715,8,0,9,1,72,,256725,8,0,9,1,32,,256760,8,0,9,1
13904,'H58U200F-80-F2',501,,256761,8,0,9,2,30,,256786,8,0,9,1,21,,256798,8,0,9,2,60,,256770,8,0,9,2,20,,256762,8,0,9,2,14,,256800,8,0,9,1,13,,256787,8,0,9,1,56,,256777,8,0,9,1,16,,256799,8,0,9,2,16,,256771,8,0,9,2,60,,256763,8,0,9,2,26,,256788,8,0,9,1,67,,256778,8,0,9,1,27,,256772,8,0,9,2,28,,256764,8,0,9,2,71,,256789,8,0,9,1,28,,256779,8,0,9,1,73,,256773,8,0,9,2,32,,256765,8,0,9,2,66,,256790,8,0,9,1,30,,256780,8,0,9,1,71,,256774,8,0,9,2,29,,256766,8,0,9,2,70,,256791,8,0,9,1,30,,256781,8,0,9,1,71,,256775,8,0,9,2,26,,256767,8,0,9,2,69,,256792,8,0,9,1,29,,256782,8,0,9,1,70,,256776,8,0,9,2,30,,256768,8,0,9,2,69,,256793,8,0,9,1,28,,256783,8,0,9,1,68,,256801,8,0,9,2,30,,256769,8,0,9,2,70,,256794,8,0,9,1,27,,256784,8,0,9,1,66,,256797,8,0,9,1,25,,256802,8,0,9,2,25,,256795,8,0,9,1,66,,256805,8,0,9,1,26,,256785,8,0,9,1,67,,256803,8,0,9,2,29,,256796,8,0,9,1,72,,256806,8,0,9,1,32,,256804,8,0,9,2
35504,'H54U000A-80-A',2523,,276815,9,0,9,1,86,,276817,9,0,9,1,45,,276819,9,0,9,2,85,,276814,9,0,9,1,85,,276816,9,0,9,1,25,,276818,9,0,9,1
35504,'H54U000I-80-I',2523,,276825,9,0,9,2,85,,276823,9,0,9,1,45,,276820,9,0,9,1,85,,276821,9,0,9,2,85,,276824,9,0,9,1,27,,276822,9,0,9,1
35504,'H54U000S-81-S',2523,,276828,9,0,9,1,85,,276830,9,0,9,2,45,,276826,9,0,9,1,85,,276827,9,0,9,1,81,,276829,9,0,9,1,31,,276831,9,0,9,2
35504,'H54U100F-80-F1',2523,,276837,9,0,9,2,85,,276835,9,0,9,1,45,,276832,9,0,9,1,85,,276833,9,0,9,2,85,,276836,9,0,9,1,27,,276834,9,0,9,1
35504,'H54U200F-82-F2',2523,,276838,9,0,9,1,85,,276840,9,0,9,1,45,,276839,9,0,9,1,85,,276842,9,0,9,1,85,,276843,9,0,9,1,27,,276841,9,0,9,1
