'26J-H56J000A-80-A',3502,61840,0,'Ouest',1,2900,0,'Ouest',1,6900,0,'Ouest',1,2900,0,'Ouest',1,7000,0,'Ouest',1,3100,0,'Ouest',1,7000,0,'Ouest',1,3200,0,'Ouest',1,7500,0,'Ouest',1,3500,0,'Ouest',1,7200,0,'Ouest',1,7000,0,'Ouest',1,3000,0,'Ouest',1,7100,0,'Ouest',1,3100,0,'Ouest',1,7070,0,'Ouest',1,3200,0,'Ouest',1,7100,0,'Ouest',1,3000,0,'Ouest',1,7100,0,'Ouest',1,3200,0,'Ouest',1,7100,0,'Ouest',1,3000,0,'Ouest',1,7100,0,'Ouest',1,3100,0,'Ouest',1,6730,0,'Ouest',1,2900,0,'Ouest',1,6700,0,'Ouest',1,2800,0,'Ouest',1,2500,0,'Ouest',1,7000,0,'Ouest',1,2700,0,'Ouest',1,6800,0,'Ouest',1,3000,0,'Ouest',1
'26J-H56J000I-80-I',3502,61520,0,'Ouest',1,2900,0,'Ouest',1,7100,0,'Ouest',1,3100,0,'Ouest',1,7200,0,'Ouest',1,3100,0,'Ouest',1,7000,0,'Ouest',1,3100,0,'Ouest',1,7200,0,'Ouest',1,3000,0,'Ouest',1,7590,0,'Ouest',1,3000,0,'Ouest',1,6900,0,'Ouest',1,3100,0,'Ouest',1,7100,0,'Ouest',1,3000,0,'Ouest',1,7000,0,'Ouest',1,3000,0,'Ouest',1,7000,0,'Ouest',1,3000,0,'Ouest',1,7000,0,'Ouest',1,2900,0,'Ouest',1,6700,0,'Ouest',1,2900,0,'Ouest',1,7000,0,'Ouest',1,3000,0,'Ouest',1,6830,0,'Ouest',1,2800,0,'Ouest',1,7000,0,'Ouest',1,3000,0,'Ouest',1,7000,0,'Ouest',1,3000,0,'Ouest',1,7100,0,'Ouest',1,3000,0,'Ouest',1
'26J-H56J000S-80-S',3502,62440,0,'Ouest',1,3270,0,'Ouest',1,6920,0,'Ouest',1,3000,0,'Ouest',1,6300,0,'Ouest',2,2100,0,'Ouest',1,6200,0,'Ouest',1,2300,0,'Ouest',1,2180,0,'Ouest',1,5800,0,'Ouest',2,1900,0,'Ouest',1,2200,0,'Ouest',1,6500,0,'Ouest',1,2900,0,'Ouest',1,6900,0,'Ouest',1,3200,0,'Ouest',1,6800,0,'Ouest',1,2900,0,'Ouest',1,6900,0,'Ouest',2,2500,0,'Ouest',1,6800,0,'Ouest',1,2600,0,'Ouest',1,2200,0,'Ouest',1,6300,0,'Ouest',1,2400,0,'Ouest',2,2100,0,'Ouest',1,6000,0,'Ouest',1,1800,0,'Ouest',1,1800,0,'Ouest',1,5800,0,'Ouest',1,2200,0,'Ouest',1,1600,0,'Ouest',2,5600,0,'Ouest',2,1700,0,'Ouest',1,2000,0,'Ouest',1,6200,0,'Ouest',1,2900,0,'Ouest',2,7300,0,'Ouest',2,3230,0,'Ouest',1,6900,0,'Ouest',1,3000,0,'Ouest',2,7000,0,'Ouest',2
'26J-H56JV00A-80-A',3502,61840,0,'Ouest',1,2900,0,'Ouest',1,6900,0,'Ouest',1,2900,0,'Ouest',1,7000,0,'Ouest',1,3100,0,'Ouest',1,7000,0,'Ouest',1,3200,0,'Ouest',1,7500,0,'Ouest',1,3500,0,'Ouest',1,7200,0,'Ouest',1,7000,0,'Ouest',1,3000,0,'Ouest',1,7100,0,'Ouest',1,3100,0,'Ouest',1,7070,0,'Ouest',1,3200,0,'Ouest',1,7100,0,'Ouest',1,3000,0,'Ouest',1,7100,0,'Ouest',1,3200,0,'Ouest',1,7100,0,'Ouest',1,3000,0,'Ouest',1,7100,0,'Ouest',1,3100,0,'Ouest',1,6730,0,'Ouest',1,2900,0,'Ouest',1,6700,0,'Ouest',1,2800,0,'Ouest',1,2500,0,'Ouest',1,7000,0,'Ouest',1,2700,0,'Ouest',1,6800,0,'Ouest',1,3000,0,'Ouest',1
'26J-H56JV00I-80-I',3502,61520,0,'Ouest',1,2900,0,'Ouest',1,7100,0,'Ouest',1,3100,0,'Ouest',1,7200,0,'Ouest',1,3100,0,'Ouest',1,7000,0,'Ouest',1,3100,0,'Ouest',1,7200,0,'Ouest',1,3000,0,'Ouest',1,7590,0,'Ouest',1,3000,0,'Ouest',1,6900,0,'Ouest',1,3100,0,'Ouest',1,7100,0,'Ouest',1,3000,0,'Ouest',1,7000,0,'Ouest',1,3000,0,'Ouest',1,7000,0,'Ouest',1,3000,0,'Ouest',1,7000,0,'Ouest',1,2900,0,'Ouest',1,6700,0,'Ouest',1,2900,0,'Ouest',1,7000,0,'Ouest',1,3000,0,'Ouest',1,6830,0,'Ouest',1,2800,0,'Ouest',1,7000,0,'Ouest',1,3000,0,'Ouest',1,7000,0,'Ouest',1,3000,0,'Ouest',1,7100,0,'Ouest',1,3000,0,'Ouest',1
'26J-H56JV00S-80-S',3502,62440,0,'Ouest',1,3270,0,'Ouest',1,6920,0,'Ouest',1,3000,0,'Ouest',1,6300,0,'Ouest',2,2100,0,'Ouest',1,6200,0,'Ouest',1,2300,0,'Ouest',1,2180,0,'Ouest',1,5800,0,'Ouest',2,1900,0,'Ouest',1,2200,0,'Ouest',1,6500,0,'Ouest',1,2900,0,'Ouest',1,6900,0,'Ouest',1,3200,0,'Ouest',1,6800,0,'Ouest',1,2900,0,'Ouest',1,6900,0,'Ouest',2,2500,0,'Ouest',1,6800,0,'Ouest',1,2600,0,'Ouest',1,2200,0,'Ouest',1,6300,0,'Ouest',1,2400,0,'Ouest',2,2100,0,'Ouest',1,6000,0,'Ouest',1,1800,0,'Ouest',1,1800,0,'Ouest',1,5800,0,'Ouest',1,2200,0,'Ouest',1,1600,0,'Ouest',2,5600,0,'Ouest',2,1700,0,'Ouest',1,2000,0,'Ouest',1,6200,0,'Ouest',1,2900,0,'Ouest',2,7300,0,'Ouest',2,3230,0,'Ouest',1,6900,0,'Ouest',1,3000,0,'Ouest',2,7000,0,'Ouest',2
'26J-H57J000S-81-S',3502,55740,0,'Ouest',1
'26J-H57JV00S-83-S',3502,55740,0,'Ouest',1
'26J-H56J000A-80-A',3602,44750,0,'Ouest',1,7000,0,'Ouest',1,3000,0,'Ouest',1,7300,0,'Ouest',1,2900,0,'Ouest',1,7200,0,'Ouest',1,2900,0,'Ouest',1,7100,0,'Ouest',1,3100,0,'Ouest',1,7300,0,'Ouest',1,3200,0,'Ouest',1,7000,0,'Ouest',1,7300,0,'Ouest',1,3300,0,'Ouest',1,7100,0,'Ouest',1,3300,0,'Ouest',1,7300,0,'Ouest',1,3100,0,'Ouest',1,7300,0,'Ouest',1,3200,0,'Ouest',1,7100,0,'Ouest',1,3100,0,'Ouest',1,7000,0,'Ouest',1,2900,0,'Ouest',1,7000,0,'Ouest',1,3000,0,'Ouest',1,7200,0,'Ouest',1,3200,0,'Ouest',1,7300,0,'Ouest',1,3400,0,'Ouest',1,7200,0,'Ouest',1,7000,0,'Ouest',1,3400,0,'Ouest',1,7100,0,'Ouest',1,3000,0,'Ouest',1,7200,0,'Ouest',1,3000,0,'Ouest',1,7000,0,'Ouest',1,3100,0,'Ouest',1
'26J-H56J000I-80-I',3602,44750,0,'Ouest',1,7000,0,'Ouest',1,3000,0,'Ouest',1,7100,0,'Ouest',1,3200,0,'Ouest',1,7100,0,'Ouest',1,3100,0,'Ouest',1,7000,0,'Ouest',1,3000,0,'Ouest',1,7100,0,'Ouest',1,3200,0,'Ouest',1,7300,0,'Ouest',1,7300,0,'Ouest',1,3300,0,'Ouest',1,7100,0,'Ouest',1,3300,0,'Ouest',1,7300,0,'Ouest',1,3300,0,'Ouest',1,7200,0,'Ouest',1,3200,0,'Ouest',1,7300,0,'Ouest',1,3300,0,'Ouest',1,7200,0,'Ouest',1,2900,0,'Ouest',1,7100,0,'Ouest',1,3000,0,'Ouest',1,7000,0,'Ouest',1,3000,0,'Ouest',1,7200,0,'Ouest',1,7200,0,'Ouest',1,3200,0,'Ouest',1,7300,0,'Ouest',1,3100,0,'Ouest',1,7200,0,'Ouest',1,3200,0,'Ouest',1,7100,0,'Ouest',1,2900,0,'Ouest',1,7000,0,'Ouest',1,3100,0,'Ouest',1
'26J-H56J000S-80-S',3602,44910,0,'Ouest',1,7000,0,'Ouest',1,3100,0,'Ouest',1,6700,0,'Ouest',1,2600,0,'Ouest',1,6400,0,'Ouest',1,2100,0,'Ouest',1,2320,0,'Ouest',1,6000,0,'Ouest',1,2000,0,'Ouest',1,2200,0,'Ouest',1,6220,0,'Ouest',1,2200,0,'Ouest',1,6300,0,'Ouest',1,2500,0,'Ouest',1,2300,0,'Ouest',1,6400,0,'Ouest',1,2200,0,'Ouest',1,2400,0,'Ouest',1,6300,0,'Ouest',1,2200,0,'Ouest',1,6200,0,'Ouest',1,2280,0,'Ouest',1,2100,0,'Ouest',1,6200,0,'Ouest',1,2300,0,'Ouest',1,2300,0,'Ouest',1,6500,0,'Ouest',1,2300,0,'Ouest',1,6400,0,'Ouest',1,1500,0,'Ouest',1,1300,0,'Ouest',1,1400,0,'Ouest',1,5800,0,'Ouest',1,1900,0,'Ouest',1,2100,0,'Ouest',1,5900,0,'Ouest',1,2100,0,'Ouest',1,2000,0,'Ouest',1,6000,0,'Ouest',1,1900,0,'Ouest',1,2100,0,'Ouest',1,6000,0,'Ouest',1,2100,0,'Ouest',1,2700,0,'Ouest',1,7300,0,'Ouest',1,7100,0,'Ouest',1,2920,0,'Ouest',1,7200,0,'Ouest',1,3200,0,'Ouest',1,7000,0,'Ouest',1,3100,0,'Ouest',1
'26J-H56JV00A-80-A',3602,44750,0,'Ouest',1,7000,0,'Ouest',1,3000,0,'Ouest',1,7300,0,'Ouest',1,2900,0,'Ouest',1,7200,0,'Ouest',1,2900,0,'Ouest',1,7100,0,'Ouest',1,3100,0,'Ouest',1,7300,0,'Ouest',1,3200,0,'Ouest',1,7000,0,'Ouest',1,7300,0,'Ouest',1,3300,0,'Ouest',1,7100,0,'Ouest',1,3300,0,'Ouest',1,7300,0,'Ouest',1,3100,0,'Ouest',1,7300,0,'Ouest',1,3200,0,'Ouest',1,7100,0,'Ouest',1,3100,0,'Ouest',1,7000,0,'Ouest',1,2900,0,'Ouest',1,7000,0,'Ouest',1,3000,0,'Ouest',1,7200,0,'Ouest',1,3200,0,'Ouest',1,7300,0,'Ouest',1,3400,0,'Ouest',1,7200,0,'Ouest',1,7000,0,'Ouest',1,3400,0,'Ouest',1,7100,0,'Ouest',1,3000,0,'Ouest',1,7200,0,'Ouest',1,3000,0,'Ouest',1,7000,0,'Ouest',1,3100,0,'Ouest',1
'26J-H56JV00I-80-I',3602,44750,0,'Ouest',1,7000,0,'Ouest',1,3000,0,'Ouest',1,7100,0,'Ouest',1,3200,0,'Ouest',1,7100,0,'Ouest',1,3100,0,'Ouest',1,7000,0,'Ouest',1,3000,0,'Ouest',1,7100,0,'Ouest',1,3200,0,'Ouest',1,7300,0,'Ouest',1,7300,0,'Ouest',1,3300,0,'Ouest',1,7100,0,'Ouest',1,3300,0,'Ouest',1,7300,0,'Ouest',1,3300,0,'Ouest',1,7200,0,'Ouest',1,3200,0,'Ouest',1,7300,0,'Ouest',1,3300,0,'Ouest',1,7200,0,'Ouest',1,2900,0,'Ouest',1,7100,0,'Ouest',1,3000,0,'Ouest',1,7000,0,'Ouest',1,3000,0,'Ouest',1,7200,0,'Ouest',1,7200,0,'Ouest',1,3200,0,'Ouest',1,7300,0,'Ouest',1,3100,0,'Ouest',1,7200,0,'Ouest',1,3200,0,'Ouest',1,7100,0,'Ouest',1,2900,0,'Ouest',1,7000,0,'Ouest',1,3100,0,'Ouest',1
'26J-H56JV00S-80-S',3602,44910,0,'Ouest',1,7000,0,'Ouest',1,3100,0,'Ouest',1,6700,0,'Ouest',1,2600,0,'Ouest',1,6400,0,'Ouest',1,2100,0,'Ouest',1,2320,0,'Ouest',1,6000,0,'Ouest',1,2000,0,'Ouest',1,2200,0,'Ouest',1,6220,0,'Ouest',1,2200,0,'Ouest',1,6300,0,'Ouest',1,2500,0,'Ouest',1,2300,0,'Ouest',1,6400,0,'Ouest',1,2200,0,'Ouest',1,2400,0,'Ouest',1,6300,0,'Ouest',1,2200,0,'Ouest',1,6200,0,'Ouest',1,2280,0,'Ouest',1,2100,0,'Ouest',1,6200,0,'Ouest',1,2300,0,'Ouest',1,2300,0,'Ouest',1,6500,0,'Ouest',1,2300,0,'Ouest',1,6400,0,'Ouest',1,1500,0,'Ouest',1,1300,0,'Ouest',1,1400,0,'Ouest',1,5800,0,'Ouest',1,1900,0,'Ouest',1,2100,0,'Ouest',1,5900,0,'Ouest',1,2100,0,'Ouest',1,2000,0,'Ouest',1,6000,0,'Ouest',1,1900,0,'Ouest',1,2100,0,'Ouest',1,6000,0,'Ouest',1,2100,0,'Ouest',1,2700,0,'Ouest',1,7300,0,'Ouest',1,7100,0,'Ouest',1,2920,0,'Ouest',1,7200,0,'Ouest',1,3200,0,'Ouest',1,7000,0,'Ouest',1,3100,0,'Ouest',1
