'26J-H60J000A-80-A',20104,65310,0,'Sud',1,6900,0,'Sud',1,3000,0,'Sud',1,7100,0,'Sud',2,3300,0,'Sud',1,7200,0,'Sud',2,7300,0,'Sud',1,3500,0,'Sud',1,7300,0,'Sud',1,3100,0,'Sud',1,7100,0,'Sud',2,3100,0,'Sud',1,7100,0,'Sud',1,3000,0,'Sud',1,7200,0,'Sud',1,3100,0,'Sud',2,6900,0,'Sud',1,2900,0,'Sud',1,7000,0,'Sud',1,3000,0,'Sud',1,7000,0,'Sud',2,3000,0,'Sud',1,7100,0,'Sud',1,3000,0,'Sud',1,7200,0,'Sud',1,3200,0,'Sud',2,6300,0,'Sud',1,3200,0,'Sud',1,7200,0,'Sud',2,3200,0,'Sud',1,7200,0,'Sud',1,3000,0,'Sud',1,6900,0,'Sud',2,2900,0,'Sud',1,7000,0,'Sud',1,3100,0,'Sud',1
'26J-H60J000I-80-I',20104,74330,0,'Sud',2,7200,0,'Sud',1,3300,0,'Sud',1,7300,0,'Sud',1,3300,0,'Sud',2,7400,0,'Sud',1,7600,0,'Sud',1,3400,0,'Sud',1,7600,0,'Sud',2,3400,0,'Sud',1,7400,0,'Sud',1,3300,0,'Sud',2,7400,0,'Sud',1,7300,0,'Sud',2,3300,0,'Sud',1,7300,0,'Sud',1,3200,0,'Sud',2,7500,0,'Sud',1,3200,0,'Sud',1,7000,0,'Sud',1,2800,0,'Sud',1,7200,0,'Sud',2,3300,0,'Sud',1,7200,0,'Sud',2,3200,0,'Sud',1,6900,0,'Sud',2,2900,0,'Sud',1,7000,0,'Sud',2,2800,0,'Sud',1,6900,0,'Sud',2,2900,0,'Sud',1,6800,0,'Sud',1,2900,0,'Sud',1
'26J-H60J000S-98-S',20104,65340,0,'Sud',2,6800,0,'Sud',1,3600,0,'Sud',2,8400,0,'Sud',1,7900,0,'Sud',2,3900,0,'Sud',1,7500,0,'Sud',2,7700,0,'Sud',1,3600,0,'Sud',2,7400,0,'Sud',1,3300,0,'Sud',1,7400,0,'Sud',2,7300,0,'Sud',1,3270,0,'Sud',2,7500,0,'Sud',1,3400,0,'Sud',1,7600,0,'Sud',2,3100,0,'Sud',2,6600,0,'Sud',1,2700,0,'Sud',2,6800,0,'Sud',1,3000,0,'Sud',1,6530,0,'Sud',2,2300,0,'Sud',1,2800,0,'Sud',1,6900,0,'Sud',1,2500,0,'Sud',1,6970,0,'Sud',1,3000,0,'Sud',2,6900,0,'Sud',1,3000,0,'Sud',1,6820,0,'Sud',2,2800,0,'Sud',1,7100,0,'Sud',2,3200,0,'Sud',1
'26J-H60JV00A-80-A',20104,65310,0,'Sud',1,6900,0,'Sud',1,3000,0,'Sud',1,7100,0,'Sud',2,3300,0,'Sud',1,7200,0,'Sud',2,7300,0,'Sud',1,3500,0,'Sud',1,7300,0,'Sud',1,3100,0,'Sud',1,7100,0,'Sud',2,3100,0,'Sud',1,7100,0,'Sud',1,3000,0,'Sud',1,7200,0,'Sud',1,3100,0,'Sud',2,6900,0,'Sud',1,2900,0,'Sud',1,7000,0,'Sud',1,3000,0,'Sud',1,7000,0,'Sud',2,3000,0,'Sud',1,7100,0,'Sud',1,3000,0,'Sud',1,7200,0,'Sud',1,3200,0,'Sud',2,6300,0,'Sud',1,3200,0,'Sud',1,7200,0,'Sud',2,3200,0,'Sud',1,7200,0,'Sud',1,3000,0,'Sud',1,6900,0,'Sud',2,2900,0,'Sud',1,7000,0,'Sud',1,3100,0,'Sud',1
'26J-H60JV00I-80-I',20104,74330,0,'Sud',2,7200,0,'Sud',1,3300,0,'Sud',1,7300,0,'Sud',1,3300,0,'Sud',2,7400,0,'Sud',1,7600,0,'Sud',1,3400,0,'Sud',1,7600,0,'Sud',2,3400,0,'Sud',1,7400,0,'Sud',1,3300,0,'Sud',2,7400,0,'Sud',1,7300,0,'Sud',2,3300,0,'Sud',1,7300,0,'Sud',1,3200,0,'Sud',2,7500,0,'Sud',1,3200,0,'Sud',1,7000,0,'Sud',1,2800,0,'Sud',1,7200,0,'Sud',2,3300,0,'Sud',1,7200,0,'Sud',2,3200,0,'Sud',1,6900,0,'Sud',2,2900,0,'Sud',1,7000,0,'Sud',2,2800,0,'Sud',1,6900,0,'Sud',2,2900,0,'Sud',1,6800,0,'Sud',1,2900,0,'Sud',1
'26J-H60JV00S-98-S',20104,65340,0,'Sud',2,6800,0,'Sud',1,3600,0,'Sud',2,8400,0,'Sud',1,7900,0,'Sud',2,3900,0,'Sud',1,7500,0,'Sud',2,7700,0,'Sud',1,3600,0,'Sud',2,7400,0,'Sud',1,3300,0,'Sud',1,7400,0,'Sud',2,7300,0,'Sud',1,3270,0,'Sud',2,7500,0,'Sud',1,3400,0,'Sud',1,7600,0,'Sud',2,3100,0,'Sud',2,6600,0,'Sud',1,2700,0,'Sud',2,6800,0,'Sud',1,3000,0,'Sud',1,6530,0,'Sud',2,2300,0,'Sud',1,2800,0,'Sud',1,6900,0,'Sud',1,2500,0,'Sud',1,6970,0,'Sud',1,3000,0,'Sud',2,6900,0,'Sud',1,3000,0,'Sud',1,6820,0,'Sud',2,2800,0,'Sud',1,7100,0,'Sud',1,3200,0,'Sud',1
'26J-H60J000A-80-A',20502,52130,0,'Ouest',2,3000,0,'Ouest',1,7180,0,'Ouest',2,3000,0,'Ouest',1,7100,0,'Ouest',2,3100,0,'Ouest',1,7000,0,'Ouest',2,3300,0,'Ouest',1,7100,0,'Ouest',2,7130,0,'Ouest',1,3100,0,'Ouest',2,7500,0,'Ouest',1,3500,0,'Ouest',2,7500,0,'Ouest',1,3500,0,'Ouest',2,7500,0,'Ouest',1,7500,0,'Ouest',2,3500,0,'Ouest',1,7600,0,'Ouest',2,3600,0,'Ouest',1,7570,0,'Ouest',2,7600,0,'Ouest',1,3500,0,'Ouest',2,7500,0,'Ouest',1,3300,0,'Ouest',2,7500,0,'Ouest',1,3400,0,'Ouest',1,7400,0,'Ouest',1,3300,0,'Ouest',1,7300,0,'Ouest',1,7400,0,'Ouest',1,3320,0,'Ouest',1,7300,0,'Ouest',1,3400,0,'Ouest',1,7500,0,'Ouest',1
'26J-H60J000I-80-I',20502,63730,0,'Ouest',1,7000,0,'Ouest',2,3000,0,'Ouest',1,7000,0,'Ouest',2,3180,0,'Ouest',1,7000,0,'Ouest',2,3100,0,'Ouest',1,7000,0,'Ouest',2,3100,0,'Ouest',1,7230,0,'Ouest',2,3100,0,'Ouest',1,7400,0,'Ouest',1,3500,0,'Ouest',1,7600,0,'Ouest',1,7600,0,'Ouest',1,3600,0,'Ouest',1,7600,0,'Ouest',1,3570,0,'Ouest',1,7600,0,'Ouest',1,7500,0,'Ouest',1,3600,0,'Ouest',1,7600,0,'Ouest',2,3500,0,'Ouest',1,7500,0,'Ouest',2,7500,0,'Ouest',1,3500,0,'Ouest',2,7300,0,'Ouest',1,3300,0,'Ouest',2,7220,0,'Ouest',1,3300,0,'Ouest',2,7200,0,'Ouest',1,3100,0,'Ouest',2,7100,0,'Ouest',1
'26J-H60J000S-98-S',20502,45130,0,'Ouest',1,7280,0,'Ouest',2,3200,0,'Ouest',1,7200,0,'Ouest',2,7430,0,'Ouest',1,3070,0,'Ouest',2,6700,0,'Ouest',1,2800,0,'Ouest',1,2730,0,'Ouest',1,6600,0,'Ouest',1,2700,0,'Ouest',1,7000,0,'Ouest',1,3100,0,'Ouest',1,7100,0,'Ouest',1,3300,0,'Ouest',1,7300,0,'Ouest',1,3300,0,'Ouest',1,7300,0,'Ouest',1,7370,0,'Ouest',1,3300,0,'Ouest',1,7300,0,'Ouest',1,3300,0,'Ouest',2,7230,0,'Ouest',1,2800,0,'Ouest',1,6800,0,'Ouest',2,2700,0,'Ouest',1,6500,0,'Ouest',1,2670,0,'Ouest',2,2600,0,'Ouest',1,6600,0,'Ouest',1,2600,0,'Ouest',1,6800,0,'Ouest',1,2800,0,'Ouest',2,7100,0,'Ouest',1,3200,0,'Ouest',2,7120,0,'Ouest',1,3200,0,'Ouest',2,7200,0,'Ouest',1,3100,0,'Ouest',2,7000,0,'Ouest',1
'26J-H60JV00A-80-A',20502,52130,0,'Ouest',2,3000,0,'Ouest',1,7180,0,'Ouest',2,3000,0,'Ouest',1,7100,0,'Ouest',2,3100,0,'Ouest',1,7000,0,'Ouest',2,3300,0,'Ouest',1,7100,0,'Ouest',2,7130,0,'Ouest',1,3100,0,'Ouest',2,7500,0,'Ouest',1,3500,0,'Ouest',2,7500,0,'Ouest',1,3500,0,'Ouest',2,7500,0,'Ouest',1,7500,0,'Ouest',2,3500,0,'Ouest',1,7600,0,'Ouest',2,3600,0,'Ouest',1,7570,0,'Ouest',2,7600,0,'Ouest',1,3500,0,'Ouest',2,7500,0,'Ouest',1,3300,0,'Ouest',2,7500,0,'Ouest',1,3400,0,'Ouest',1,7400,0,'Ouest',1,3300,0,'Ouest',1,7300,0,'Ouest',1,7400,0,'Ouest',1,3320,0,'Ouest',1,7300,0,'Ouest',1,3400,0,'Ouest',1,7500,0,'Ouest',1
'26J-H60JV00I-80-I',20502,63730,0,'Ouest',1,7000,0,'Ouest',2,3000,0,'Ouest',1,7000,0,'Ouest',2,3180,0,'Ouest',1,7000,0,'Ouest',2,3100,0,'Ouest',1,7000,0,'Ouest',2,3100,0,'Ouest',1,7230,0,'Ouest',2,3100,0,'Ouest',1,7400,0,'Ouest',1,3500,0,'Ouest',1,7600,0,'Ouest',1,7600,0,'Ouest',1,3600,0,'Ouest',1,7600,0,'Ouest',1,3570,0,'Ouest',1,7600,0,'Ouest',1,7500,0,'Ouest',1,3600,0,'Ouest',1,7600,0,'Ouest',2,3500,0,'Ouest',1,7500,0,'Ouest',2,7500,0,'Ouest',1,3500,0,'Ouest',2,7300,0,'Ouest',1,3300,0,'Ouest',2,7220,0,'Ouest',1,3300,0,'Ouest',2,7200,0,'Ouest',1,3100,0,'Ouest',2,7100,0,'Ouest',1
'26J-H60JV00S-98-S',20502,45130,0,'Ouest',1,7280,0,'Ouest',1,3200,0,'Ouest',1,7200,0,'Ouest',1,7430,0,'Ouest',1,3070,0,'Ouest',2,6700,0,'Ouest',1,2800,0,'Ouest',1,2730,0,'Ouest',1,6600,0,'Ouest',1,2700,0,'Ouest',1,7000,0,'Ouest',1,3100,0,'Ouest',1,7100,0,'Ouest',1,3300,0,'Ouest',1,7300,0,'Ouest',1,3300,0,'Ouest',1,7300,0,'Ouest',1,7370,0,'Ouest',1,3300,0,'Ouest',1,7300,0,'Ouest',1,3300,0,'Ouest',1,7230,0,'Ouest',1,2800,0,'Ouest',1,6800,0,'Ouest',1,2700,0,'Ouest',1,6500,0,'Ouest',1,2670,0,'Ouest',1,2600,0,'Ouest',1,6600,0,'Ouest',1,2600,0,'Ouest',1,6800,0,'Ouest',1,2800,0,'Ouest',2,7100,0,'Ouest',1,3200,0,'Ouest',2,7120,0,'Ouest',1,3200,0,'Ouest',2,7200,0,'Ouest',1,3100,0,'Ouest',2,7000,0,'Ouest',1
'26J-H60J000A-80-A',38202,263300,0,'Ouest',1,8500,0,'Ouest',1,8500,0,'Ouest',1,4500,0,'Ouest',2
'26J-H60J000I-80-I',38202,263400,0,'Ouest',1,8400,0,'Ouest',1,8400,0,'Ouest',1,4500,0,'Ouest',1
'26J-H60J000S-98-S',38202,263400,0,'Ouest',1,8500,0,'Ouest',1,8400,0,'Ouest',1,4500,0,'Ouest',1
'26J-H60JV00A-80-A',38202,263300,0,'Ouest',1,8500,0,'Ouest',1,8500,0,'Ouest',1,4500,0,'Ouest',2
'26J-H60JV00I-80-I',38202,263400,0,'Ouest',1,8400,0,'Ouest',1,8400,0,'Ouest',1,4500,0,'Ouest',1
'26J-H60JV00S-98-S',38202,263400,0,'Ouest',1,8500,0,'Ouest',1,8400,0,'Ouest',1,4500,0,'Ouest',1
'26J-H50J000A-84-A',47001,45310,0,'Est',1,7200,0,'Est',1,3000,0,'Est',1,6900,0,'Est',1,2700,0,'Est',1,6500,0,'Est',1,2300,0,'Est',1,6100,0,'Est',1,2100,0,'Est',1,2300,0,'Est',1,6100,0,'Est',1,2000,0,'Est',1,2100,0,'Est',1,6100,0,'Est',1,2200,0,'Est',1,2100,0,'Est',1,6200,0,'Est',1,2100,0,'Est',1,2110,0,'Est',1,6000,0,'Est',1,2100,0,'Est',1,1800,0,'Est',1,5600,0,'Est',1,1600,0,'Est',1,1500,0,'Est',1,1600,0,'Est',1,5600,0,'Est',1,1700,0,'Est',1,1700,0,'Est',1,5700,0,'Est',1,1700,0,'Est',1,1500,0,'Est',1,1500,0,'Est',1,5600,0,'Est',1,1500,0,'Est',1,1500,0,'Est',1,1600,0,'Est',1,5500,0,'Est',1,1400,0,'Est',1,1500,0,'Est',1,1900,0,'Est',1,6200,0,'Est',1,2500,0,'Est',1,6400,0,'Est',1,2800,0,'Est',1,6800,0,'Est',1,2800,0,'Est',1,2900,0,'Est',1,6900,0,'Est',1,2900,0,'Est',1,7000,0,'Est',1,3000,0,'Est',1,7000,0,'Est',1,2900,0,'Est',1,6780,0,'Est',1
'26J-H50J000I-84-I',47001,45510,0,'Est',1,7000,0,'Est',1,3100,0,'Est',1,7000,0,'Est',1,3000,0,'Est',1,7100,0,'Est',1,3100,0,'Est',1,7000,0,'Est',1,2600,0,'Est',1,6500,0,'Est',1,2500,0,'Est',1,6500,0,'Est',1,2400,0,'Est',1,2400,0,'Est',1,6400,0,'Est',1,2400,0,'Est',1,6500,0,'Est',1,2400,0,'Est',1,2400,0,'Est',1,6300,0,'Est',1,2300,0,'Est',1,6300,0,'Est',1,2100,0,'Est',1,2000,0,'Est',1,6100,0,'Est',1,2100,0,'Est',1,2000,0,'Est',1,5900,0,'Est',1,1900,0,'Est',1,2000,0,'Est',1,6100,0,'Est',1,2000,0,'Est',1,2100,0,'Est',1,6400,0,'Est',1,2400,0,'Est',1,6400,0,'Est',1,2600,0,'Est',1,2900,0,'Est',1,7000,0,'Est',1,3000,0,'Est',1,7000,0,'Est',1,3000,0,'Est',1,6700,0,'Est',1,3000,0,'Est',1,7000,0,'Est',1,3000,0,'Est',1
'26J-H50J000S-83-S',47001,45610,0,'Est',1,7000,0,'Est',1,2400,0,'Est',1,5900,0,'Est',1,1410,0,'Est',1,1100,0,'Est',1,900,0,'Est',1,800,0,'Est',1,800,0,'Est',1,4700,0,'Est',1,600,0,'Est',1,820,0,'Est',1,800,0,'Est',1,700,0,'Est',1,700,0,'Est',1,800,0,'Est',1,5000,0,'Est',1,1100,0,'Est',1,1100,0,'Est',1,1200,0,'Est',1,1180,0,'Est',1,1100,0,'Est',1,5200,0,'Est',1,1190,0,'Est',1,1100,0,'Est',1,1200,0,'Est',1,1300,0,'Est',1,6000,0,'Est',1,2100,0,'Est',1,2100,0,'Est',1,5600,0,'Est',1,1610,0,'Est',1,1600,0,'Est',1,5600,0,'Est',1,1600,0,'Est',1,1600,0,'Est',1,1600,0,'Est',1,5600,0,'Est',1,1700,0,'Est',1,1800,0,'Est',1,1700,0,'Est',1,5700,0,'Est',1,1600,0,'Est',1,1500,0,'Est',1,5500,0,'Est',1,1420,0,'Est',1,1500,0,'Est',1,1400,0,'Est',1,5500,0,'Est',1,1400,0,'Est',1,1400,0,'Est',1,1400,0,'Est',1,1500,0,'Est',1,5580,0,'Est',1,1400,0,'Est',1,1500,0,'Est',1,1700,0,'Est',1,5700,0,'Est',1,1700,0,'Est',1,2500,0,'Est',1,7100,0,'Est',1,2900,0,'Est',1,6800,0,'Est',1,2800,0,'Est',1,6900,0,'Est',1,3200,0,'Est',1,7100,0,'Est',1,3100,0,'Est',1,7000,0,'Est',1,2800,0,'Est',1
'26J-H50JV00A-81-A',47001,45310,0,'Est',1,7200,0,'Est',1,3000,0,'Est',1,6900,0,'Est',1,2700,0,'Est',1,6500,0,'Est',1,2300,0,'Est',1,6100,0,'Est',1,2100,0,'Est',1,2300,0,'Est',1,6100,0,'Est',1,2000,0,'Est',1,2100,0,'Est',1,6100,0,'Est',1,2200,0,'Est',1,2100,0,'Est',1,6200,0,'Est',1,2100,0,'Est',1,2110,0,'Est',1,6000,0,'Est',1,2100,0,'Est',1,1800,0,'Est',1,5600,0,'Est',1,1600,0,'Est',1,1500,0,'Est',1,1600,0,'Est',1,5600,0,'Est',1,1700,0,'Est',1,1700,0,'Est',1,5700,0,'Est',1,1700,0,'Est',1,1500,0,'Est',1,1500,0,'Est',1,5600,0,'Est',1,1500,0,'Est',1,1500,0,'Est',1,1600,0,'Est',1,5500,0,'Est',1,1400,0,'Est',1,1500,0,'Est',1,1900,0,'Est',1,6200,0,'Est',1,2500,0,'Est',1,6400,0,'Est',1,2800,0,'Est',1,6800,0,'Est',1,2800,0,'Est',1,2900,0,'Est',1,6900,0,'Est',1,2900,0,'Est',1,7000,0,'Est',1,3000,0,'Est',1,7000,0,'Est',1,2900,0,'Est',1,6780,0,'Est',1
'26J-H50JV00I-81-I',47001,45510,0,'Est',1,7000,0,'Est',1,3100,0,'Est',1,7000,0,'Est',1,3000,0,'Est',1,7100,0,'Est',1,3100,0,'Est',1,7000,0,'Est',1,2600,0,'Est',1,6500,0,'Est',1,2500,0,'Est',1,6500,0,'Est',1,2400,0,'Est',1,2400,0,'Est',1,6400,0,'Est',1,2400,0,'Est',1,6500,0,'Est',1,2400,0,'Est',1,2400,0,'Est',1,6300,0,'Est',1,2300,0,'Est',1,6300,0,'Est',1,2100,0,'Est',1,2000,0,'Est',1,6100,0,'Est',1,2100,0,'Est',1,2000,0,'Est',1,5900,0,'Est',1,1900,0,'Est',1,2000,0,'Est',1,6100,0,'Est',1,2000,0,'Est',1,2100,0,'Est',1,6400,0,'Est',1,2400,0,'Est',1,6400,0,'Est',1,2600,0,'Est',1,2900,0,'Est',1,7000,0,'Est',1,3000,0,'Est',1,7000,0,'Est',1,3000,0,'Est',1,6700,0,'Est',1,3000,0,'Est',1,7000,0,'Est',1,3000,0,'Est',1
'26J-H50JV00S-82-S',47001,45610,0,'Est',1,7000,0,'Est',1,2400,0,'Est',1,5900,0,'Est',1,1410,0,'Est',1,1100,0,'Est',1,900,0,'Est',1,800,0,'Est',1,800,0,'Est',1,4700,0,'Est',1,600,0,'Est',1,820,0,'Est',1,800,0,'Est',1,700,0,'Est',1,700,0,'Est',1,800,0,'Est',1,5000,0,'Est',1,1100,0,'Est',1,1100,0,'Est',1,1200,0,'Est',1,1180,0,'Est',1,1100,0,'Est',1,5200,0,'Est',1,1190,0,'Est',1,1100,0,'Est',1,1200,0,'Est',1,1300,0,'Est',1,6000,0,'Est',1,2100,0,'Est',1,2100,0,'Est',1,5600,0,'Est',1,1610,0,'Est',1,1600,0,'Est',1,5600,0,'Est',1,1600,0,'Est',1,1600,0,'Est',1,1600,0,'Est',1,5600,0,'Est',1,1700,0,'Est',1,1800,0,'Est',1,1700,0,'Est',1,5700,0,'Est',1,1600,0,'Est',1,1500,0,'Est',1,5500,0,'Est',1,1420,0,'Est',1,1500,0,'Est',1,1400,0,'Est',1,5500,0,'Est',1,1400,0,'Est',1,1400,0,'Est',1,1400,0,'Est',1,1500,0,'Est',1,5580,0,'Est',1,1400,0,'Est',1,1500,0,'Est',1,1700,0,'Est',1,5700,0,'Est',1,1700,0,'Est',1,2500,0,'Est',1,7100,0,'Est',1,2900,0,'Est',1,6800,0,'Est',1,2800,0,'Est',1,6900,0,'Est',1,3200,0,'Est',1,7100,0,'Est',1,3100,0,'Est',1,7000,0,'Est',1,2800,0,'Est',1
