'26J-H50J000A-84-A',10002,51920,0,'Ouest',2,2600,0,'Ouest',2,6100,0,'Ouest',1,1000,0,'Ouest',2,1100,0,'Ouest',1,700,0,'Ouest',1,600,0,'Ouest',2,1400,0,'Ouest',2,6000,0,'Ouest',2,2000,0,'Ouest',1,2000,0,'Ouest',1,6100,0,'Ouest',1,2000,0,'Ouest',2,2000,0,'Ouest',1,6000,0,'Ouest',2,2000,0,'Ouest',1,2100,0,'Ouest',1,6100,0,'Ouest',1,2090,0,'Ouest',1,2000,0,'Ouest',2,6100,0,'Ouest',1,1700,0,'Ouest',1,1900,0,'Ouest',1,5800,0,'Ouest',2,1800,0,'Ouest',2,1900,0,'Ouest',2,6100,0,'Ouest',1,2100,0,'Ouest',1,2100,0,'Ouest',2,5400,0,'Ouest',2,700,0,'Ouest',1,700,0,'Ouest',2,2200,0,'Ouest',1,7000,0,'Ouest',1,2900,0,'Ouest',2,6900,0,'Ouest',2,2800,0,'Ouest',1,6800,0,'Ouest',1,2800,0,'Ouest',2,7010,0,'Ouest',1,3100,0,'Ouest',1,7000,0,'Ouest',2,2900,0,'Ouest',1,6900,0,'Ouest',1,2800,0,'Ouest',2,2720,0,'Ouest',1,6800,0,'Ouest',1,2900,0,'Ouest',2,6200,0,'Ouest',1,3300,0,'Ouest',1,7400,0,'Ouest',1,3300,0,'Ouest',1,6500,0,'Ouest',1,2500,0,'Ouest',1
'26J-H50J000I-84-I',10002,54920,0,'Ouest',1,1000,0,'Ouest',2,5300,0,'Ouest',1,1200,0,'Ouest',1,500,0,'Ouest',1,1800,0,'Ouest',1,6400,0,'Ouest',1,2400,0,'Ouest',1,2400,0,'Ouest',2,6000,0,'Ouest',1,2500,0,'Ouest',1,6800,0,'Ouest',1,2900,0,'Ouest',1,6900,0,'Ouest',1,2800,0,'Ouest',1,6300,0,'Ouest',1,2300,0,'Ouest',1,2400,0,'Ouest',1,6400,0,'Ouest',1,2400,0,'Ouest',1,2200,0,'Ouest',1,6200,0,'Ouest',1,2200,0,'Ouest',1,1300,0,'Ouest',1,4900,0,'Ouest',1,2590,0,'Ouest',1,1600,0,'Ouest',2,7000,0,'Ouest',1,3000,0,'Ouest',1,7000,0,'Ouest',2,3200,0,'Ouest',1,7200,0,'Ouest',1,3000,0,'Ouest',2,6810,0,'Ouest',1,2900,0,'Ouest',1,6900,0,'Ouest',2,2900,0,'Ouest',1,6900,0,'Ouest',1,2920,0,'Ouest',2,7000,0,'Ouest',1,3200,0,'Ouest',1,7100,0,'Ouest',2,2500,0,'Ouest',1,7300,0,'Ouest',1,3300,0,'Ouest',2,7360,0,'Ouest',1,3000,0,'Ouest',1
'26J-H50J000S-83-S',10002,50820,0,'Ouest',1,1100,0,'Ouest',1,1800,0,'Ouest',1,1700,0,'Ouest',2,4800,0,'Ouest',1,1100,0,'Ouest',2,800,0,'Ouest',1,800,0,'Ouest',2,2890,0,'Ouest',1,4800,0,'Ouest',1,700,0,'Ouest',1,700,0,'Ouest',1,700,0,'Ouest',2,900,0,'Ouest',1,1000,0,'Ouest',1,900,0,'Ouest',1,4900,0,'Ouest',1,900,0,'Ouest',1,1100,0,'Ouest',1,1300,0,'Ouest',1,1400,0,'Ouest',1,6200,0,'Ouest',2,2400,0,'Ouest',1,6500,0,'Ouest',1,2600,0,'Ouest',1,2600,0,'Ouest',2,6600,0,'Ouest',2,2600,0,'Ouest',1,6600,0,'Ouest',1,2200,0,'Ouest',2,2000,0,'Ouest',2,6000,0,'Ouest',2,2000,0,'Ouest',1,1800,0,'Ouest',1,4800,0,'Ouest',1,2900,0,'Ouest',2,2000,0,'Ouest',2,6900,0,'Ouest',1,2900,0,'Ouest',1,6700,0,'Ouest',2,2800,0,'Ouest',2,6900,0,'Ouest',1,2800,0,'Ouest',1,6700,0,'Ouest',2,2310,0,'Ouest',2,2500,0,'Ouest',1,6200,0,'Ouest',1,2100,0,'Ouest',2,6700,0,'Ouest',2,3100,0,'Ouest',1,7300,0,'Ouest',2,2300,0,'Ouest',2,2500,0,'Ouest',1,5700,0,'Ouest',1,2000,0,'Ouest',1,2300,0,'Ouest',2,6900,0,'Ouest',1,2920,0,'Ouest',1,6900,0,'Ouest',2,2600,0,'Ouest',1
'26J-H50JV00A-81-A',10002,51920,0,'Ouest',2,2600,0,'Ouest',2,6100,0,'Ouest',1,1000,0,'Ouest',2,1100,0,'Ouest',1,700,0,'Ouest',1,600,0,'Ouest',2,1400,0,'Ouest',2,6000,0,'Ouest',2,2000,0,'Ouest',1,2000,0,'Ouest',1,6100,0,'Ouest',1,2000,0,'Ouest',2,2000,0,'Ouest',1,6000,0,'Ouest',2,2000,0,'Ouest',1,2100,0,'Ouest',1,6100,0,'Ouest',1,2090,0,'Ouest',1,2000,0,'Ouest',2,6100,0,'Ouest',1,1700,0,'Ouest',1,1900,0,'Ouest',1,5800,0,'Ouest',2,1800,0,'Ouest',2,1900,0,'Ouest',2,6100,0,'Ouest',1,2100,0,'Ouest',1,2100,0,'Ouest',2,5400,0,'Ouest',2,700,0,'Ouest',1,700,0,'Ouest',2,2200,0,'Ouest',1,7000,0,'Ouest',1,2900,0,'Ouest',2,6900,0,'Ouest',2,2800,0,'Ouest',1,6800,0,'Ouest',1,2800,0,'Ouest',2,7010,0,'Ouest',1,3100,0,'Ouest',1,7000,0,'Ouest',2,2900,0,'Ouest',1,6900,0,'Ouest',1,2800,0,'Ouest',2,2720,0,'Ouest',1,6800,0,'Ouest',1,2900,0,'Ouest',2,6200,0,'Ouest',1,3300,0,'Ouest',1,7400,0,'Ouest',1,3300,0,'Ouest',1,6500,0,'Ouest',1,2500,0,'Ouest',1
'26J-H50JV00I-81-I',10002,54920,0,'Ouest',1,1000,0,'Ouest',2,5300,0,'Ouest',1,1200,0,'Ouest',1,500,0,'Ouest',1,1800,0,'Ouest',1,6400,0,'Ouest',1,2400,0,'Ouest',1,2400,0,'Ouest',2,6000,0,'Ouest',1,2500,0,'Ouest',1,6800,0,'Ouest',1,2900,0,'Ouest',1,6900,0,'Ouest',1,2800,0,'Ouest',1,6300,0,'Ouest',1,2300,0,'Ouest',1,2400,0,'Ouest',1,6400,0,'Ouest',1,2400,0,'Ouest',1,2200,0,'Ouest',1,6200,0,'Ouest',1,2200,0,'Ouest',1,1300,0,'Ouest',1,4900,0,'Ouest',1,2590,0,'Ouest',1,1600,0,'Ouest',2,7000,0,'Ouest',1,3000,0,'Ouest',1,7000,0,'Ouest',2,3200,0,'Ouest',1,7200,0,'Ouest',1,3000,0,'Ouest',2,6810,0,'Ouest',1,2900,0,'Ouest',1,6900,0,'Ouest',2,2900,0,'Ouest',1,6900,0,'Ouest',1,2920,0,'Ouest',2,7000,0,'Ouest',1,3200,0,'Ouest',1,7100,0,'Ouest',2,2500,0,'Ouest',1,7300,0,'Ouest',1,3300,0,'Ouest',2,7360,0,'Ouest',1,3000,0,'Ouest',1
'26J-H50JV00S-82-S',10002,50820,0,'Ouest',1,1100,0,'Ouest',1,1800,0,'Ouest',1,1700,0,'Ouest',1,4800,0,'Ouest',1,1100,0,'Ouest',2,800,0,'Ouest',1,800,0,'Ouest',1,2890,0,'Ouest',1,4800,0,'Ouest',1,700,0,'Ouest',1,700,0,'Ouest',1,700,0,'Ouest',1,900,0,'Ouest',1,1000,0,'Ouest',1,900,0,'Ouest',1,4900,0,'Ouest',1,900,0,'Ouest',1,1100,0,'Ouest',1,1300,0,'Ouest',1,1400,0,'Ouest',1,6200,0,'Ouest',1,2400,0,'Ouest',1,6500,0,'Ouest',1,2600,0,'Ouest',1,2600,0,'Ouest',2,6600,0,'Ouest',1,2600,0,'Ouest',1,6600,0,'Ouest',1,2200,0,'Ouest',2,2000,0,'Ouest',2,6000,0,'Ouest',1,2000,0,'Ouest',1,1800,0,'Ouest',1,4800,0,'Ouest',1,2900,0,'Ouest',2,2000,0,'Ouest',2,6900,0,'Ouest',1,2900,0,'Ouest',1,6700,0,'Ouest',2,2800,0,'Ouest',2,6900,0,'Ouest',1,2800,0,'Ouest',1,6700,0,'Ouest',2,2310,0,'Ouest',2,2500,0,'Ouest',1,6200,0,'Ouest',1,2100,0,'Ouest',2,6700,0,'Ouest',2,3100,0,'Ouest',1,7300,0,'Ouest',2,2300,0,'Ouest',2,2500,0,'Ouest',1,5700,0,'Ouest',1,2000,0,'Ouest',1,2300,0,'Ouest',2,6900,0,'Ouest',1,2920,0,'Ouest',1,6900,0,'Ouest',1,2600,0,'Ouest',1
'26J-H51J000S-80-S',10002,52620,0,'Ouest',1,8300,0,'Ouest',2,800,0,'Ouest',2,2290,0,'Ouest',2
'26J-H51JV00S-84-S',10002,52620,0,'Ouest',1,8300,0,'Ouest',1,800,0,'Ouest',2,2290,0,'Ouest',2
'26J-H57J000S-81-S',10002,65010,0,'Ouest',2
'26J-H57JV00S-83-S',10002,65010,0,'Ouest',2
'26J-H58J000S-81-S',10002,140710,0,'Ouest',2,1000,0,'Ouest',2
'26J-H58JV00S-82-S',10002,140710,0,'Ouest',2,1000,0,'Ouest',2
