20201,'H50M000S-70-S',1736,,148371,44,0,5,1
20201,'H56M000S-70-S',621,,148373,44,0,5,1,1031,,148372,8,0,5,1
20201,'H58M000S-70-S',741,,148374,8,0,5,2
20201,'H60M000A-71-A',635,,148386,44,0,5,1,71,,148393,44,0,5,2,31,,148379,44,0,5,1,70,,148378,44,0,5,2,30,,148403,44,0,5,1,70,,148387,44,0,5,1,30,,148390,44,0,5,1,71,,148381,44,0,5,1,31,,148394,44,0,5,2,72,,148400,44,0,5,1,31,,148391,44,0,5,1,71,,148388,44,0,5,1,23,,148382,44,0,5,1,23,,148395,44,0,5,2,63,,148406,44,0,5,1,21,,148401,44,0,5,1,64,,148392,44,0,5,1,24,,148389,44,0,5,1,23,,148383,44,0,5,1,63,,148396,44,0,5,2,23,,148407,44,0,5,1,63,,148399,44,0,5,1,17,,148413,44,0,5,1,17,,148377,44,0,5,1,19,,148415,44,0,5,1,59,,148384,44,0,5,1,21,,148397,44,0,5,2,22,,148408,44,0,5,1,64,,148402,44,0,5,1,26,,148414,44,0,5,1,65,,148416,44,0,5,1,30,,148385,44,0,5,1,71,,148404,44,0,5,1,29,,148380,44,0,5,1,71,,148411,44,0,5,1,28,,148375,44,0,5,1,69,,148409,44,0,5,1,29,,148405,44,0,5,1,71,,148398,44,0,5,1,28,,148412,44,0,5,1,69,,148376,44,0,5,1,29,,148410,44,0,5,1
20201,'H60M000I-71-I',737,,148418,44,0,5,1,70,,148427,44,0,5,1,30,,148438,44,0,5,1,71,,148442,44,0,5,2,32,,148419,44,0,5,1,70,,148428,44,0,5,1,31,,148439,44,0,5,1,71,,148443,44,0,5,2,30,,148424,44,0,5,1,69,,148434,44,0,5,1,29,,148440,44,0,5,1,69,,148432,44,0,5,2,31,,148430,44,0,5,1,72,,148445,44,0,5,1,29,,148435,44,0,5,1,71,,148441,44,0,5,1,31,,148433,44,0,5,2,70,,148429,44,0,5,1,33,,148448,44,0,5,2,72,,148436,44,0,5,1,32,,148420,44,0,5,1,73,,148431,44,0,5,1,30,,148449,44,0,5,2,71,,148437,44,0,5,1,30,,148421,44,0,5,1,69,,148446,44,0,5,1,28,,148425,44,0,5,1,69,,148450,44,0,5,2,29,,148417,44,0,5,1,69,,148422,44,0,5,1,28,,148447,44,0,5,1,67,,148426,44,0,5,1,28,,148451,44,0,5,2,65,,148444,44,0,5,1,27,,148423,44,0,5,1
20201,'H60M000S-71-S',647,,148461,44,0,5,1,69,,148471,44,0,5,1,24,,148454,44,0,5,1,63,,148468,44,0,5,2,27,,148469,44,0,5,1,27,,148458,44,0,5,1,68,,148462,44,0,5,1,26,,148472,44,0,5,1,63,,148455,44,0,5,1,23,,148453,44,0,5,1,64,,148470,44,0,5,1,25,,148459,44,0,5,1,25,,148478,44,0,5,1,71,,148473,44,0,5,1,32,,148456,44,0,5,1,72,,148463,44,0,5,1,26,,148460,44,0,5,1,65,,148479,44,0,5,1,26,,148452,44,0,5,2,67,,148457,44,0,5,1,28,,148480,44,0,5,1,69,,148464,44,0,5,1,15,,148482,8,0,5,1,14,,148481,44,0,5,2,67,,148474,44,0,5,1,19,,148465,8,0,5,1,86,,148483,44,0,5,2,28,,148487,44,0,5,1,69,,148484,44,0,5,2,29,,148475,44,0,5,1,69,,148466,44,0,5,1,27,,148490,44,0,5,2,26,,148488,44,0,5,1,67,,148485,44,0,5,2,26,,148476,44,0,5,1,66,,148467,44,0,5,1,27,,148491,44,0,5,2,67,,148489,44,0,5,1,27,,148486,44,0,5,2,66,,148477,44,0,5,1,36,,148492,44,0,5,1
20201,'H60M100F-71-F1',737,,148496,44,0,5,1,70,,148504,44,0,5,1,30,,148509,44,0,5,1,71,,148512,44,0,5,2,32,,148497,44,0,5,1,70,,148505,44,0,5,1,31,,148508,44,0,5,1,71,,148513,44,0,5,2,30,,148503,44,0,5,1,69,,148499,44,0,5,1,29,,148510,44,0,5,1,69,,148507,44,0,5,2,31,,148506,44,0,5,1,72,,148516,44,0,5,1,29,,148500,44,0,5,1,71,,148511,44,0,5,1,31,,148515,44,0,5,2,70,,148523,44,0,5,1,33,,148519,44,0,5,1,72,,148498,44,0,5,1,32,,148494,44,0,5,1,73,,148524,44,0,5,1,30,,148520,44,0,5,1,71,,148501,44,0,5,1,30,,148495,44,0,5,1,69,,148522,44,0,5,2,28,,148525,44,0,5,1,69,,148517,44,0,5,1,29,,148493,44,0,5,1,69,,148521,44,0,5,1,28,,148527,44,0,5,1,67,,148526,44,0,5,1,28,,148518,44,0,5,1,65,,148502,44,0,5,1,27,,148514,44,0,5,1
20201,'H60M200F-71-F2',737,,148558,44,0,5,1,70,,148552,44,0,5,1,30,,148556,44,0,5,1,71,,148549,44,0,5,2,32,,148559,44,0,5,1,70,,148553,44,0,5,1,31,,148557,44,0,5,1,71,,148550,44,0,5,2,30,,148534,44,0,5,1,69,,148536,44,0,5,1,29,,148547,44,0,5,1,69,,148533,44,0,5,2,31,,148554,44,0,5,1,72,,148529,44,0,5,1,29,,148537,44,0,5,1,71,,148548,44,0,5,1,31,,148551,44,0,5,2,70,,148542,44,0,5,1,33,,148539,44,0,5,1,72,,148540,44,0,5,1,32,,148560,44,0,5,1,73,,148543,44,0,5,1,30,,148541,44,0,5,1,71,,148538,44,0,5,1,30,,148561,44,0,5,1,69,,148555,44,0,5,2,28,,148544,44,0,5,1,69,,148545,44,0,5,1,29,,148530,44,0,5,1,69,,148562,44,0,5,1,28,,148532,44,0,5,1,67,,148535,44,0,5,1,28,,148546,44,0,5,1,65,,148528,44,0,5,1,27,,148531,44,0,5,1
20201,'H60M300F-80-F3',738,,174659,47,0,5,2,71,,174666,47,0,5,1,32,,174669,47,0,5,2,71,,174648,47,0,5,1,33,,174655,47,0,5,1,73,,174644,47,0,5,1,33,,174643,47,0,5,2,68,,174660,47,0,5,1,30,,174649,47,0,5,2,70,,174656,47,0,5,1,31,,174645,47,0,5,1,70,,174670,47,0,5,1,32,,174661,47,0,5,1,70,,174650,47,0,5,2,33,,174657,47,0,5,1,71,,174646,47,0,5,1,31,,174671,47,0,5,1,72,,174662,47,0,5,1,30,,174651,47,0,5,2,70,,174658,47,0,5,1,73,,174647,47,0,5,1,31,,174672,47,0,5,1,73,,174663,47,0,5,1,29,,174652,47,0,5,2,71,,174675,47,0,5,1,29,,174667,47,0,5,2,68,,174673,47,0,5,1,30,,174664,47,0,5,1,25,,174653,47,0,5,2,66,,174676,47,0,5,1,22,,174668,47,0,5,2,68,,174674,47,0,5,1,29,,174665,47,0,5,1,72,,174654,47,0,5,2,32,,174677,47,0,5,1
37801,'H60M000A-71-A',2534,,155402,9,0,5,2,91,,155404,9,0,5,1,91,,155405,9,0,5,1,91,,155403,9,0,5,2
37801,'H60M000I-71-I',2534,,155408,9,0,5,1,91,,155407,9,0,5,2,90,,155409,9,0,5,1,93,,155406,9,0,5,1
37801,'H60M000S-71-S',2534,,155410,9,0,5,1,91,,155412,9,0,5,1,97,,155411,9,0,5,1,89,,155413,9,0,5,1
37801,'H60M100F-71-F1',2534,,155416,9,0,5,1,91,,155414,9,0,5,1,90,,155417,9,0,5,1,93,,155415,9,0,5,1
37801,'H60M200F-71-F2',2534,,155420,9,0,5,1,91,,155419,9,0,5,1,90,,155421,9,0,5,1,93,,155418,9,0,5,1
37801,'H60M300F-80-F3',2534,,175992,9,0,5,1,91,,175990,9,0,5,2,90,,175991,9,0,5,1,93,,175993,9,0,5,1
46001,'H51M000S-70-S',1626,,157671,6,0,22 30,2
46001,'H56M000S-70-S',1707,,157672,6,0,22 30,1
46001,'H58M000S-70-S',539,,157674,6,0,22 30,2,70,,157678,6,0,22 30,2,31,,157673,6,0,22 30,2,68,,157675,6,0,22 30,1,14,,157677,6,0,22 30,2,31,,157679,6,0,22 30,2,71,,157680,6,0,22 30,2,28,,157682,6,0,22 30,1,62,,157681,6,0,22 30,2,30,,157683,6,0,22 30,1,503,,157687,6,0,22 30,2,9,,157688,6,0,22 30,2,49,,157689,6,0,22 30,1,8,,157691,6,0,22 30,2,10,,157694,6,0,22 30,1,10,,157697,6,0,22 30,2,9,,157700,6,0,22 30,2,9,,157701,6,0,22 30,2,50,,157703,6,0,22 30,2,10,,157684,6,0,22 30,2,8,,157699,6,0,22 30,2,15,,157705,6,0,22 30,1,7,,157685,6,0,22 30,2,9,,157692,6,0,22 30,2,7,,157702,6,0,22 30,2,61,,157676,6,0,22 30,1,20,,157693,6,0,22 30,2,20,,157696,6,0,22 30,2,61,,157686,6,0,22 30,2,19,,157690,6,0,22 30,1,20,,157698,6,0,22 30,2,61,,157704,6,0,22 30,2,21,,157706,6,0,22 30,1
46001,'H58M100F-70-F1',539,,157716,6,0,22 30,2,73,,157717,6,0,22 30,2,33,,157709,6,0,22 30,1,73,,157718,6,0,22 30,2,33,,157711,6,0,22 30,1,72,,157708,6,0,22 30,2,27,,157731,6,0,22 30,1,64,,157714,6,0,22 30,2,533,,157710,6,0,22 30,1,56,,157719,6,0,22 30,1,14,,157727,6,0,22 30,2,10,,157707,6,0,22 30,1,10,,157723,6,0,22 30,1,67,,157730,6,0,22 30,2,5,,157725,6,0,22 30,2,7,,157726,6,0,22 30,2,12,,157715,6,0,22 30,1,8,,157732,6,0,22 30,1,10,,157728,6,0,22 30,2,10,,157721,6,0,22 30,2,55,,157729,6,0,22 30,2,12,,157722,6,0,22 30,2,20,,157712,6,0,22 30,1,59,,157713,6,0,22 30,1,32,,157720,6,0,22 30,1,73,,157724,6,0,22 30,1,33,,157733,6,0,22 30,1
46001,'H58M200F-70-F2',539,,157743,6,0,22 30,2,73,,157744,6,0,22 30,2,33,,157736,6,0,22 30,1,73,,157745,6,0,22 30,2,33,,157738,6,0,22 30,1,72,,157735,6,0,22 30,2,27,,157758,6,0,22 30,1,64,,157741,6,0,22 30,2,533,,157737,6,0,22 30,1,56,,157746,6,0,22 30,1,14,,157754,6,0,22 30,2,10,,157734,6,0,22 30,1,10,,157750,6,0,22 30,1,67,,157757,6,0,22 30,2,5,,157752,6,0,22 30,2,7,,157753,6,0,22 30,2,12,,157742,6,0,22 30,1,8,,157759,6,0,22 30,1,10,,157755,6,0,22 30,2,10,,157748,6,0,22 30,2,55,,157756,6,0,22 30,2,12,,157749,6,0,22 30,2,20,,157739,6,0,22 30,1,59,,157740,6,0,22 30,1,32,,157747,6,0,22 30,1,73,,157751,6,0,22 30,1,33,,157760,6,0,22 30,1
46001,'H58M300F-80-F3',539,,176295,6,0,22 30,2,73,,176296,6,0,22 30,2,33,,176289,6,0,22 30,1,73,,176297,6,0,22 30,2,33,,176290,6,0,22 30,1,72,,176298,6,0,22 30,2,27,,176288,6,0,22 30,1,64,,176287,6,0,22 30,1,533,,176286,6,0,22 30,2,56,,176299,6,0,22 30,1,14,,176285,6,0,22 30,1,10,,176284,6,0,22 30,2,10,,176302,6,0,22 30,2,67,,176304,6,0,22 30,2,5,,176305,6,0,22 30,2,7,,176291,6,0,22 30,1,12,,176308,6,0,22 30,2,8,,176306,6,0,22 30,1,10,,176292,6,0,22 30,2,10,,176301,6,0,22 30,2,55,,176294,6,0,22 30,1,12,,176282,6,0,22 30,2,20,,176283,6,0,22 30,2,59,,176293,6,0,22 30,1,32,,176300,6,0,22 30,1,73,,176303,6,0,22 30,2,33,,176307,6,0,22 30,1
