3104,'H51U000A-83-A',505,,226210,20,0,9,1,36,,226214,20,0,9,1,76,,226211,20,0,9,1,36,,226215,20,0,9,1,76,,226212,20,0,9,1,78,,226216,20,0,9,1,36,,226213,20,0,9,1,74,,226235,20,0,9,2,33,,226217,20,0,9,1,73,,226226,20,0,9,1,33,,226236,20,0,9,2,73,,226218,20,0,9,1,73,,226227,20,0,9,1,33,,226237,20,0,9,2,73,,226219,20,0,9,1,33,,226228,20,0,9,1,73,,226238,20,0,9,2,32,,226220,20,0,9,1,73,,226229,20,0,9,1,33,,226239,20,0,9,2,73,,226221,20,0,9,1,33,,226230,20,0,9,1,73,,226240,20,0,9,2,73,,226222,20,0,9,1,33,,226231,20,0,9,1,72,,226241,20,0,9,2,34,,226223,20,0,9,1,74,,226232,20,0,9,1,34,,226242,20,0,9,2,74,,226224,20,0,9,1,34,,226233,20,0,9,1,74,,226243,20,0,9,2,74,,226225,20,0,9,1,34,,226234,20,0,9,1,74,,226244,20,0,9,2
3104,'H51U000I-83-I',502,,226245,20,0,9,2,38,,226259,20,0,9,1,78,,226246,20,0,9,2,38,,226260,20,0,9,1,77,,226247,20,0,9,2,78,,226261,20,0,9,1,40,,226248,20,0,9,2,77,,226262,20,0,9,1,78,,226249,20,0,9,2,39,,226263,20,0,9,1,78,,226250,20,0,9,2,33,,226272,20,0,9,1,73,,226264,20,0,9,1,73,,226251,20,0,9,2,33,,226273,20,0,9,1,73,,226265,20,0,9,1,33,,226252,20,0,9,2,73,,226274,20,0,9,1,33,,226266,20,0,9,1,73,,226253,20,0,9,2,33,,226275,20,0,9,1,73,,226267,20,0,9,1,32,,226254,20,0,9,2,73,,226276,20,0,9,1,73,,226268,20,0,9,1,33,,226255,20,0,9,2,73,,226277,20,0,9,1,33,,226269,20,0,9,1,72,,226256,20,0,9,2,30,,226278,20,0,9,1,70,,226270,20,0,9,1,30,,226257,20,0,9,2,70,,226279,20,0,9,1,30,,226271,20,0,9,1,70,,226258,20,0,9,2
3104,'H51U000S-83-S',553,,226292,20,0,9,2,70,,226280,20,0,9,1,28,,226305,20,0,9,1,78,,226293,20,0,9,2,73,,226281,20,0,9,1,34,,226306,20,0,9,1,70,,226294,20,0,9,2,30,,226282,20,0,9,1,72,,226307,20,0,9,1,30,,226295,20,0,9,2,70,,226283,20,0,9,1,30,,226308,20,0,9,1,70,,226296,20,0,9,2,30,,226284,20,0,9,1,70,,226309,20,0,9,1,30,,226297,20,0,9,2,72,,226285,20,0,9,1,32,,226310,20,0,9,1,71,,226298,20,0,9,2,27,,226313,20,0,9,2,67,,226286,20,0,9,1,29,,226311,20,0,9,1,65,,226299,20,0,9,2,28,,226314,20,0,9,2,27,,226287,20,0,9,1,66,,226312,20,0,9,1,24,,226300,20,0,9,2,70,,226315,20,0,9,2,30,,226288,20,0,9,1,70,,226301,20,0,9,2,30,,226316,20,0,9,2,70,,226289,20,0,9,1,30,,226302,20,0,9,2,70,,226317,20,0,9,2,28,,226290,20,0,9,1,70,,226303,20,0,9,2,30,,226318,20,0,9,2,70,,226291,20,0,9,1,30,,226304,20,0,9,2
3104,'H51U100F-80-F1',502,,226319,20,0,9,2,38,,226333,20,0,9,1,78,,226320,20,0,9,2,38,,226334,20,0,9,1,77,,226321,20,0,9,2,78,,226335,20,0,9,1,40,,226322,20,0,9,2,77,,226336,20,0,9,1,78,,226323,20,0,9,2,39,,226337,20,0,9,1,78,,226324,20,0,9,2,33,,226346,20,0,9,1,73,,226338,20,0,9,1,73,,226325,20,0,9,2,33,,226347,20,0,9,1,73,,226339,20,0,9,1,33,,226326,20,0,9,2,73,,226348,20,0,9,1,33,,226340,20,0,9,1,73,,226327,20,0,9,2,33,,226349,20,0,9,1,73,,226341,20,0,9,1,32,,226328,20,0,9,2,73,,226350,20,0,9,1,73,,226342,20,0,9,1,33,,226329,20,0,9,2,73,,226351,20,0,9,1,33,,226343,20,0,9,1,72,,226330,20,0,9,2,30,,226352,20,0,9,1,70,,226344,20,0,9,1,30,,226331,20,0,9,2,70,,226353,20,0,9,1,30,,226345,20,0,9,1,70,,226332,20,0,9,2
3104,'H51U200F-80-F2',502,,226354,20,0,9,2,38,,226368,20,0,9,1,78,,226355,20,0,9,2,38,,226369,20,0,9,1,77,,226356,20,0,9,2,78,,226370,20,0,9,1,40,,226357,20,0,9,2,77,,226371,20,0,9,1,78,,226358,20,0,9,2,39,,226372,20,0,9,1,78,,226359,20,0,9,2,33,,226381,20,0,9,1,73,,226373,20,0,9,1,73,,226360,20,0,9,2,33,,226382,20,0,9,1,73,,226374,20,0,9,1,33,,226361,20,0,9,2,73,,226383,20,0,9,1,33,,226375,20,0,9,1,73,,226362,20,0,9,2,33,,226384,20,0,9,1,73,,226376,20,0,9,1,32,,226363,20,0,9,2,73,,226385,20,0,9,1,73,,226377,20,0,9,1,33,,226364,20,0,9,2,73,,226386,20,0,9,1,33,,226378,20,0,9,1,72,,226365,20,0,9,2,30,,226387,20,0,9,1,70,,226379,20,0,9,1,30,,226366,20,0,9,2,70,,226388,20,0,9,1,30,,226380,20,0,9,1,70,,226367,20,0,9,2
36104,'H51U000A-83-A',2426,,277277,18,0,9,1,85,,277279,18,0,9,1,47,,277281,18,0,9,2,70,,277278,18,0,9,1,28,,277276,18,0,9,2,70,,277283,18,0,9,1,30,,277282,18,0,9,2,68,,277280,18,0,9,1
36104,'H51U000I-83-I',2440,,277286,18,0,9,1,72,,277284,18,0,9,1,30,,277288,18,0,9,2,82,,277287,18,0,9,1,84,,277289,18,0,9,2,45,,277285,18,0,9,1,85,,277290,18,0,9,2
36104,'H51U000S-83-S',2434,,277297,18,0,9,1,78,,277296,18,0,9,2,34,,277299,18,0,9,1,60,,277291,18,0,9,1,20,,277298,18,0,9,1,21,,277293,18,0,9,1,72,,277292,18,0,9,1,33,,277295,18,0,9,1,86,,277294,18,0,9,1
36104,'H51U100F-80-F1',2440,,277301,18,0,9,1,72,,277300,18,0,9,1,30,,277304,18,0,9,2,82,,277302,18,0,9,1,84,,277305,18,0,9,2,45,,277303,18,0,9,1,85,,277306,18,0,9,2
36104,'H51U200F-80-F2',2440,,277308,18,0,9,1,72,,277307,18,0,9,1,30,,277311,18,0,9,2,82,,277309,18,0,9,1,84,,277312,18,0,9,2,45,,277310,18,0,9,1,85,,277313,18,0,9,2
