'26J-H57J000A-80-A',1101,81550,0,'Est',1,2600,0,'Est',1,6900,0,'Est',1,2600,0,'Est',1,1800,0,'Est',1,5860,0,'Est',1,2110,0,'Est',1,2000,0,'Est',1,6320,0,'Est',1,2400,0,'Est',1,6200,0,'Est',1,2200,0,'Est',1,2600,0,'Est',1,6200,0,'Est',1,2300,0,'Est',1,6600,0,'Est',1,2200,0,'Est',1,1660,0,'Est',1,5900,0,'Est',1,2200,0,'Est',1,1800,0,'Est',1,6000,0,'Est',1,1800,0,'Est',1,2000,0,'Est',1,1720,0,'Est',1,6100,0,'Est',1,1700,0,'Est',1,1900,0,'Est',1,5700,0,'Est',1,2300,0,'Est',1,2180,0,'Est',1,6300,0,'Est',1,2200,0,'Est',1,2000,0,'Est',1,6500,0,'Est',1,3200,0,'Est',1,7100,0,'Est',1,2900,0,'Est',1,6800,0,'Est',1,2900,0,'Est',1,7000,0,'Est',1,3000,0,'Est',1,7100,0,'Est',1
'26J-H57J000I-80-I',1101,81530,0,'Est',1,2200,0,'Est',1,1800,0,'Est',1,5700,0,'Est',1,2100,0,'Est',1,1580,0,'Est',1,6200,0,'Est',1,2000,0,'Est',1,2000,0,'Est',1,6200,0,'Est',1,2100,0,'Est',1,2000,0,'Est',1,6410,0,'Est',1,2100,0,'Est',1,6100,0,'Est',1,1700,0,'Est',1,1800,0,'Est',1,1800,0,'Est',1,5820,0,'Est',1,1860,0,'Est',1,1900,0,'Est',1,5900,0,'Est',1,1900,0,'Est',1,1600,0,'Est',1,1500,0,'Est',1,5400,0,'Est',1,1500,0,'Est',1,1600,0,'Est',1,1400,0,'Est',1,5600,0,'Est',1,1600,0,'Est',1,1400,0,'Est',1,1520,0,'Est',1,6590,0,'Est',1,2800,0,'Est',1,5700,0,'Est',1,2100,0,'Est',1,2440,0,'Est',1,6000,0,'Est',1,2000,0,'Est',1,7000,0,'Est',1,3000,0,'Est',1,6600,0,'Est',1,2900,0,'Est',1,3000,0,'Est',1,6900,0,'Est',1,2900,0,'Est',1,6900,0,'Est',1
'26J-H57J000S-81-S',1101,72310,0,'Est',1,3100,0,'Est',1,7100,0,'Est',1,3100,0,'Est',1,7100,0,'Est',1,3210,0,'Est',1,7100,0,'Est',1,7200,0,'Est',1,3100,0,'Est',1,7520,0,'Est',1,3200,0,'Est',1,6500,0,'Est',1,2300,0,'Est',1,2380,0,'Est',1,6300,0,'Est',1,2400,0,'Est',1,6400,0,'Est',1,2400,0,'Est',1,2400,0,'Est',1,6400,0,'Est',1,2500,0,'Est',1,6500,0,'Est',1,2520,0,'Est',1,2500,0,'Est',1,6500,0,'Est',1,2500,0,'Est',1,6380,0,'Est',1,3100,0,'Est',1,7100,0,'Est',1,3200,0,'Est',1,7200,0,'Est',1,3200,0,'Est',1,6800,0,'Est',1,3200,0,'Est',1,7300,0,'Est',1,3300,0,'Est',1,7300,0,'Est',1
'26J-H57JV00A-80-A',1101,81550,0,'Est',1,2600,0,'Est',1,6900,0,'Est',1,2600,0,'Est',1,1800,0,'Est',1,5860,0,'Est',1,2110,0,'Est',1,2000,0,'Est',1,6320,0,'Est',1,2400,0,'Est',1,6200,0,'Est',1,2200,0,'Est',1,2600,0,'Est',1,6200,0,'Est',1,2300,0,'Est',1,6600,0,'Est',1,2200,0,'Est',1,1660,0,'Est',1,5900,0,'Est',1,2200,0,'Est',1,1800,0,'Est',1,6000,0,'Est',1,1800,0,'Est',1,2000,0,'Est',1,1720,0,'Est',1,6100,0,'Est',1,1700,0,'Est',1,1900,0,'Est',1,5700,0,'Est',1,2300,0,'Est',1,2180,0,'Est',1,6300,0,'Est',1,2200,0,'Est',1,2000,0,'Est',1,6500,0,'Est',1,3200,0,'Est',1,7100,0,'Est',1,2900,0,'Est',1,6800,0,'Est',1,2900,0,'Est',1,7000,0,'Est',1,3000,0,'Est',1,7100,0,'Est',1
'26J-H57JV00I-80-I',1101,81530,0,'Est',1,2200,0,'Est',1,1800,0,'Est',1,5700,0,'Est',1,2100,0,'Est',1,1580,0,'Est',1,6200,0,'Est',1,2000,0,'Est',1,2000,0,'Est',1,6200,0,'Est',1,2100,0,'Est',1,2000,0,'Est',1,6410,0,'Est',1,2100,0,'Est',1,6100,0,'Est',1,1700,0,'Est',1,1800,0,'Est',1,1800,0,'Est',1,5820,0,'Est',1,1860,0,'Est',1,1900,0,'Est',1,5900,0,'Est',1,1900,0,'Est',1,1600,0,'Est',1,1500,0,'Est',1,5400,0,'Est',1,1500,0,'Est',1,1600,0,'Est',1,1400,0,'Est',1,5600,0,'Est',1,1600,0,'Est',1,1400,0,'Est',1,1520,0,'Est',1,6590,0,'Est',1,2800,0,'Est',1,5700,0,'Est',1,2100,0,'Est',1,2440,0,'Est',1,6000,0,'Est',1,2000,0,'Est',1,7000,0,'Est',1,3000,0,'Est',1,6600,0,'Est',1,2900,0,'Est',1,3000,0,'Est',1,6900,0,'Est',1,2900,0,'Est',1,6900,0,'Est',1
'26J-H57JV00S-83-S',1101,72310,0,'Est',1,3100,0,'Est',1,7100,0,'Est',1,3100,0,'Est',1,7100,0,'Est',1,3210,0,'Est',1,7100,0,'Est',1,7200,0,'Est',1,3100,0,'Est',1,7520,0,'Est',1,3200,0,'Est',1,6500,0,'Est',1,2300,0,'Est',1,2380,0,'Est',1,6300,0,'Est',1,2400,0,'Est',1,6400,0,'Est',1,2400,0,'Est',1,2400,0,'Est',1,6400,0,'Est',1,2500,0,'Est',1,6500,0,'Est',1,2520,0,'Est',1,2500,0,'Est',1,6500,0,'Est',1,2500,0,'Est',1,6380,0,'Est',1,3100,0,'Est',1,7100,0,'Est',1,3200,0,'Est',1,7200,0,'Est',1,3200,0,'Est',1,6800,0,'Est',1,3200,0,'Est',1,7300,0,'Est',1,3300,0,'Est',1,7300,0,'Est',1
'26J-H51J000S-80-S',9701,163530,0,'Est',2
'26J-H51JV00S-84-S',9701,163530,0,'Est',2
'26J-H57J000A-80-A',9701,50130,0,'Est',1,3300,0,'Est',1,7300,0,'Est',1,3300,0,'Est',1,7300,0,'Est',1,3380,0,'Est',1,7100,0,'Est',1,3000,0,'Est',1,7000,0,'Est',1,3100,0,'Est',1,7140,0,'Est',1,3100,0,'Est',1,7100,0,'Est',1,2500,0,'Est',1,6400,0,'Est',1,2100,0,'Est',1,2100,0,'Est',1,6200,0,'Est',1,1800,0,'Est',1,1700,0,'Est',1,5600,0,'Est',1,1600,0,'Est',1,1500,0,'Est',1,1600,0,'Est',1,5600,0,'Est',1,1600,0,'Est',1,1600,0,'Est',1,1500,0,'Est',1,5600,0,'Est',1,1500,0,'Est',1,1300,0,'Est',1,1100,0,'Est',1,5000,0,'Est',2,1000,0,'Est',1,1000,0,'Est',2,1000,0,'Est',1,1000,0,'Est',1,1100,0,'Est',1,5200,0,'Est',1,1200,0,'Est',1,1100,0,'Est',1,1200,0,'Est',1,1500,0,'Est',2,6000,0,'Est',1,3000,0,'Est',1,7200,0,'Est',1,3300,0,'Est',2,7300,0,'Est',1,3300,0,'Est',1,7200,0,'Est',2,7300,0,'Est',1,2960,0,'Est',1,7000,0,'Est',2,2800,0,'Est',1,7200,0,'Est',1,2900,0,'Est',2,2300,0,'Est',1
'26J-H57J000I-80-I',9701,50130,0,'Est',1,2900,0,'Est',1,7200,0,'Est',1,3300,0,'Est',1,7300,0,'Est',1,3380,0,'Est',1,7100,0,'Est',1,3000,0,'Est',1,7000,0,'Est',1,3000,0,'Est',1,7100,0,'Est',1,3300,0,'Est',1,7240,0,'Est',1,3000,0,'Est',1,6400,0,'Est',1,2500,0,'Est',1,6500,0,'Est',1,1800,0,'Est',2,1800,0,'Est',1,1700,0,'Est',1,5700,0,'Est',1,1700,0,'Est',1,1800,0,'Est',1,5800,0,'Est',2,1900,0,'Est',1,1600,0,'Est',1,1800,0,'Est',1,5800,0,'Est',1,1500,0,'Est',1,1400,0,'Est',2,1000,0,'Est',1,5000,0,'Est',1,1000,0,'Est',2,900,0,'Est',1,1000,0,'Est',1,1400,0,'Est',1,5500,0,'Est',1,1600,0,'Est',1,1900,0,'Est',1,7100,0,'Est',1,2960,0,'Est',1,7200,0,'Est',1,3100,0,'Est',1,7000,0,'Est',1,3000,0,'Est',1,7200,0,'Est',1,3000,0,'Est',1,7100,0,'Est',1,3200,0,'Est',1,7100,0,'Est',1,3300,0,'Est',1,7300,0,'Est',1
'26J-H57J000S-81-S',9701,50710,0,'Est',1,2300,0,'Est',1,2800,0,'Est',1,6900,0,'Est',1,3000,0,'Est',1,7100,0,'Est',1,2440,0,'Est',1,5500,0,'Est',1,2600,0,'Est',1,7300,0,'Est',1,3300,0,'Est',1,7100,0,'Est',1,3000,0,'Est',1,7000,0,'Est',1,2700,0,'Est',1,2100,0,'Est',1,6000,0,'Est',1,2300,0,'Est',1,6300,0,'Est',1,2200,0,'Est',1,2300,0,'Est',1,5900,0,'Est',1,1900,0,'Est',1,1800,0,'Est',1,5800,0,'Est',1,1000,0,'Est',1,1000,0,'Est',1,1000,0,'Est',2,900,0,'Est',1,880,0,'Est',1,5000,0,'Est',1,1100,0,'Est',1,900,0,'Est',1,800,0,'Est',1,1200,0,'Est',1,600,0,'Est',1,5800,0,'Est',2,500,0,'Est',1,600,0,'Est',1,600,0,'Est',1,600,0,'Est',1,600,0,'Est',1,600,0,'Est',1,800,0,'Est',1,700,0,'Est',2,4600,0,'Est',1,900,0,'Est',1,920,0,'Est',1,1000,0,'Est',1,1000,0,'Est',2,1100,0,'Est',1,5400,0,'Est',2,1600,0,'Est',1,1900,0,'Est',1,2000,0,'Est',1,6000,0,'Est',1,1900,0,'Est',1,1900,0,'Est',1,7160,0,'Est',1,7200,0,'Est',1,3100,0,'Est',1,7000,0,'Est',1,3100,0,'Est',1,7100,0,'Est',1,2800,0,'Est',1,2700,0,'Est',1,6600,0,'Est',1
'26J-H57JV00A-80-A',9701,50130,0,'Est',1,3300,0,'Est',1,7300,0,'Est',1,3300,0,'Est',1,7300,0,'Est',1,3380,0,'Est',1,7100,0,'Est',1,3000,0,'Est',1,7000,0,'Est',1,3100,0,'Est',1,7140,0,'Est',1,3100,0,'Est',1,7100,0,'Est',1,2500,0,'Est',1,6400,0,'Est',1,2100,0,'Est',1,2100,0,'Est',1,6200,0,'Est',1,1800,0,'Est',1,1700,0,'Est',1,5600,0,'Est',1,1600,0,'Est',1,1500,0,'Est',1,1600,0,'Est',1,5600,0,'Est',1,1600,0,'Est',1,1600,0,'Est',1,1500,0,'Est',1,5600,0,'Est',1,1500,0,'Est',1,1300,0,'Est',1,1100,0,'Est',1,5000,0,'Est',2,1000,0,'Est',1,1000,0,'Est',2,1000,0,'Est',1,1000,0,'Est',1,1100,0,'Est',1,5200,0,'Est',1,1200,0,'Est',1,1100,0,'Est',1,1200,0,'Est',1,1500,0,'Est',2,6000,0,'Est',1,3000,0,'Est',1,7200,0,'Est',1,3300,0,'Est',2,7300,0,'Est',1,3300,0,'Est',1,7200,0,'Est',2,7300,0,'Est',1,2960,0,'Est',1,7000,0,'Est',2,2800,0,'Est',1,7200,0,'Est',1,2900,0,'Est',2,2300,0,'Est',1
'26J-H57JV00I-80-I',9701,50130,0,'Est',1,2900,0,'Est',1,7200,0,'Est',1,3300,0,'Est',1,7300,0,'Est',1,3380,0,'Est',1,7100,0,'Est',1,3000,0,'Est',1,7000,0,'Est',1,3000,0,'Est',1,7100,0,'Est',1,3300,0,'Est',1,7240,0,'Est',1,3000,0,'Est',1,6400,0,'Est',1,2500,0,'Est',1,6500,0,'Est',1,1800,0,'Est',2,1800,0,'Est',1,1700,0,'Est',1,5700,0,'Est',1,1700,0,'Est',1,1800,0,'Est',1,5800,0,'Est',2,1900,0,'Est',1,1600,0,'Est',1,1800,0,'Est',1,5800,0,'Est',1,1500,0,'Est',1,1400,0,'Est',2,1000,0,'Est',1,5000,0,'Est',1,1000,0,'Est',2,900,0,'Est',1,1000,0,'Est',1,1400,0,'Est',1,5500,0,'Est',1,1600,0,'Est',1,1900,0,'Est',1,7100,0,'Est',1,2960,0,'Est',1,7200,0,'Est',1,3100,0,'Est',1,7000,0,'Est',1,3000,0,'Est',1,7200,0,'Est',1,3000,0,'Est',1,7100,0,'Est',1,3200,0,'Est',1,7100,0,'Est',1,3300,0,'Est',1,7300,0,'Est',1
'26J-H57JV00S-83-S',9701,50710,0,'Est',1,2300,0,'Est',1,2800,0,'Est',1,6900,0,'Est',1,3000,0,'Est',1,7100,0,'Est',1,2440,0,'Est',1,5500,0,'Est',1,2600,0,'Est',1,7300,0,'Est',1,3300,0,'Est',1,7100,0,'Est',1,3000,0,'Est',1,7000,0,'Est',1,2700,0,'Est',1,2100,0,'Est',1,6000,0,'Est',1,2300,0,'Est',1,6300,0,'Est',1,2200,0,'Est',1,2300,0,'Est',1,5900,0,'Est',1,1900,0,'Est',1,1800,0,'Est',1,5800,0,'Est',1,1000,0,'Est',1,1000,0,'Est',1,1000,0,'Est',2,900,0,'Est',1,880,0,'Est',1,5000,0,'Est',1,1100,0,'Est',1,900,0,'Est',1,800,0,'Est',1,1200,0,'Est',1,600,0,'Est',1,5800,0,'Est',2,500,0,'Est',1,600,0,'Est',1,600,0,'Est',1,600,0,'Est',1,600,0,'Est',1,600,0,'Est',1,800,0,'Est',1,700,0,'Est',2,4600,0,'Est',1,900,0,'Est',1,920,0,'Est',1,1000,0,'Est',1,1000,0,'Est',1,1100,0,'Est',1,5400,0,'Est',2,1600,0,'Est',1,1900,0,'Est',1,2000,0,'Est',1,6000,0,'Est',1,1900,0,'Est',1,1900,0,'Est',1,7160,0,'Est',1,7200,0,'Est',1,3100,0,'Est',1,7000,0,'Est',1,3100,0,'Est',1,7100,0,'Est',1,2800,0,'Est',1,2700,0,'Est',1,6600,0,'Est',1
'26J-H59J000S-81-S',9701,165330,0,'Est',2,600,0,'Est',1
'26J-H59JV00S-83-S',9701,165330,0,'Est',2,600,0,'Est',1
'26J-H57J000A-80-A',36801,261040,0,'Est',1,4500,0,'Est',1,8700,0,'Est',1,8200,0,'Est',1,8210,0,'Est',1
'26J-H57J000I-80-I',36801,260820,0,'Est',2,4500,0,'Est',1,8500,0,'Est',1,8500,0,'Est',2,8500,0,'Est',1
'26J-H57J000S-81-S',36801,260740,0,'Est',1,4700,0,'Est',1,9370,0,'Est',1,7800,0,'Est',1,9310,0,'Est',1
'26J-H57JV00A-80-A',36801,261040,0,'Est',1,4500,0,'Est',1,8700,0,'Est',1,8200,0,'Est',1,8210,0,'Est',1
'26J-H57JV00I-80-I',36801,260820,0,'Est',2,4500,0,'Est',1,8500,0,'Est',1,8500,0,'Est',2,8500,0,'Est',1
'26J-H57JV00S-83-S',36801,260740,0,'Est',1,4700,0,'Est',1,9370,0,'Est',1,7800,0,'Est',1,9310,0,'Est',1
