12501,'H59M000A-70-A',541,,127005,26,0,5,1,70,,127019,26,0,5,1,31,,127023,26,0,5,1,72,,127006,26,0,5,1,32,,127020,26,0,5,1,69,,127024,26,0,5,1,32,,127007,26,0,5,1,70,,127021,26,0,5,1,31,,127025,26,0,5,1,75,,127008,26,0,5,1,32,,127022,26,0,5,1,73,,127012,26,0,5,2,31,,127026,26,0,5,1,72,,127009,26,0,5,1,73,,127000,26,0,5,1,32,,127013,26,0,5,2,72,,127027,26,0,5,1,33,,127010,26,0,5,1,72,,127001,26,0,5,1,30,,127014,26,0,5,2,69,,127028,26,0,5,1,28,,127011,26,0,5,1,69,,127002,26,0,5,1,30,,127015,26,0,5,2,68,,127029,26,0,5,1,29,,127034,26,0,5,1,70,,127039,26,0,5,2,28,,127003,26,0,5,1,68,,127030,26,0,5,1,28,,127035,26,0,5,1,27,,127018,26,0,5,2,67,,127004,26,0,5,1,30,,127031,26,0,5,1,71,,127036,26,0,5,1,31,,127016,26,0,5,1,69,,127040,26,0,5,2,26,,127032,26,0,5,1,68,,127037,26,0,5,1,27,,127017,26,0,5,1,69,,127033,26,0,5,1,32,,127038,26,0,5,1
12501,'H59M000I-70-I',539,,127048,26,0,5,1,71,,127056,26,0,5,1,31,,127062,26,0,5,1,72,,127049,26,0,5,1,32,,127057,26,0,5,1,75,,127063,26,0,5,1,28,,127050,26,0,5,1,69,,127058,26,0,5,1,30,,127064,26,0,5,1,72,,127051,26,0,5,1,30,,127059,26,0,5,1,68,,127074,26,0,5,2,31,,127065,26,0,5,1,69,,127052,26,0,5,1,29,,127060,26,0,5,1,73,,127075,26,0,5,2,32,,127066,26,0,5,1,69,,127053,26,0,5,1,31,,127061,26,0,5,1,72,,127041,26,0,5,1,32,,127067,26,0,5,1,70,,127054,26,0,5,1,32,,127076,26,0,5,1,67,,127042,26,0,5,1,25,,127068,26,0,5,1,66,,127055,26,0,5,1,29,,127077,26,0,5,1,67,,127043,26,0,5,1,30,,127069,26,0,5,1,71,,127078,26,0,5,1,31,,127044,26,0,5,1,70,,127070,26,0,5,1,29,,127079,26,0,5,1,69,,127045,26,0,5,1,30,,127071,26,0,5,1,69,,127080,26,0,5,1,25,,127046,26,0,5,1,70,,127072,26,0,5,1,31,,127081,26,0,5,1,71,,127047,26,0,5,1,31,,127073,26,0,5,1
12501,'H59M000S-70-S',543,,127087,26,0,5,1,68,,127099,26,0,5,2,28,,127098,26,0,5,1,71,,127101,26,0,5,2,34,,127088,26,0,5,1,72,,127100,26,0,5,2,30,,127102,26,0,5,1,69,,127083,26,0,5,1,28,,127089,26,0,5,1,70,,127108,26,0,5,1,32,,127103,26,0,5,1,72,,127084,26,0,5,1,32,,127090,26,0,5,1,72,,127109,26,0,5,1,29,,127104,26,0,5,1,69,,127085,26,0,5,1,29,,127091,26,0,5,1,72,,127110,26,0,5,1,31,,127105,26,0,5,1,70,,127086,26,0,5,1,15,,127120,7,0,5,1,15,,127092,26,0,5,1,52,,127128,7,0,5,2,13,,127115,26,0,5,2,19,,127111,26,0,5,1,13,,127121,7,0,5,1,10,,127106,26,0,5,1,52,,127107,7,0,5,1,11,,127122,26,0,5,2,18,,127082,26,0,5,1,9,,127112,7,0,5,1,52,,127093,26,0,5,1,29,,127116,26,0,5,2,28,,127113,26,0,5,1,71,,127123,26,0,5,2,31,,127094,26,0,5,1,69,,127117,26,0,5,2,30,,127114,26,0,5,1,70,,127124,26,0,5,2,30,,127095,26,0,5,1,70,,127118,26,0,5,2,30,,127126,26,0,5,1,68,,127125,26,0,5,2,29,,127096,26,0,5,1,72,,127119,26,0,5,2,30,,127127,26,0,5,1,83,,127097,26,0,5,1
12501,'H59M100F-70-F1',539,,127140,26,0,5,1,71,,127162,26,0,5,1,31,,127160,26,0,5,1,72,,127143,26,0,5,1,32,,127163,26,0,5,1,75,,127161,26,0,5,1,28,,127141,26,0,5,1,69,,127164,26,0,5,1,30,,127148,26,0,5,1,72,,127142,26,0,5,1,30,,127165,26,0,5,1,68,,127157,26,0,5,2,31,,127149,26,0,5,1,69,,127144,26,0,5,1,29,,127166,26,0,5,1,73,,127159,26,0,5,2,32,,127150,26,0,5,1,69,,127145,26,0,5,1,31,,127167,26,0,5,1,72,,127133,26,0,5,1,32,,127151,26,0,5,1,70,,127146,26,0,5,1,32,,127168,26,0,5,1,67,,127134,26,0,5,1,25,,127152,26,0,5,1,66,,127147,26,0,5,1,29,,127169,26,0,5,1,67,,127135,26,0,5,1,30,,127153,26,0,5,1,71,,127129,26,0,5,1,31,,127136,26,0,5,1,70,,127154,26,0,5,1,29,,127130,26,0,5,1,69,,127137,26,0,5,1,30,,127155,26,0,5,1,69,,127131,26,0,5,1,25,,127138,26,0,5,1,70,,127156,26,0,5,1,31,,127132,26,0,5,1,71,,127139,26,0,5,1,31,,127158,26,0,5,1
12501,'H59M200F-70-F2',539,,127181,26,0,5,1,71,,127203,26,0,5,1,31,,127202,26,0,5,1,72,,127182,26,0,5,1,32,,127204,26,0,5,1,75,,127201,26,0,5,1,28,,127183,26,0,5,1,69,,127205,26,0,5,1,30,,127189,26,0,5,1,72,,127184,26,0,5,1,30,,127206,26,0,5,1,68,,127200,26,0,5,2,31,,127190,26,0,5,1,69,,127185,26,0,5,1,29,,127207,26,0,5,1,73,,127199,26,0,5,2,32,,127191,26,0,5,1,69,,127186,26,0,5,1,31,,127208,26,0,5,1,72,,127174,26,0,5,1,32,,127192,26,0,5,1,70,,127187,26,0,5,1,32,,127209,26,0,5,1,67,,127175,26,0,5,1,25,,127193,26,0,5,1,66,,127188,26,0,5,1,29,,127210,26,0,5,1,67,,127176,26,0,5,1,30,,127194,26,0,5,1,71,,127170,26,0,5,1,31,,127177,26,0,5,1,70,,127195,26,0,5,1,29,,127171,26,0,5,1,69,,127178,26,0,5,1,30,,127196,26,0,5,1,69,,127172,26,0,5,1,25,,127179,26,0,5,1,70,,127197,26,0,5,1,31,,127173,26,0,5,1,71,,127180,26,0,5,1,31,,127198,26,0,5,1
12501,'H59M300F-80-F3',539,,171394,26,0,5,1,72,,171428,26,0,5,2,31,,171391,26,0,5,1,71,,171395,26,0,5,1,32,,171429,26,0,5,2,73,,171392,26,0,5,1,30,,171396,26,0,5,1,69,,171430,26,0,5,2,30,,171393,26,0,5,1,71,,171397,26,0,5,1,30,,171431,26,0,5,2,69,,171422,26,0,5,1,31,,171406,26,0,5,1,69,,171398,26,0,5,1,29,,171424,26,0,5,2,71,,171423,26,0,5,1,31,,171407,26,0,5,1,72,,171399,26,0,5,1,32,,171425,26,0,5,2,72,,171415,26,0,5,1,32,,171408,26,0,5,1,70,,171400,26,0,5,1,29,,171426,26,0,5,2,69,,171416,26,0,5,1,27,,171409,26,0,5,1,67,,171401,26,0,5,1,27,,171427,26,0,5,2,66,,171417,26,0,5,1,30,,171410,26,0,5,1,71,,171402,26,0,5,1,30,,171418,26,0,5,1,70,,171411,26,0,5,1,30,,171403,26,0,5,1,69,,171419,26,0,5,1,30,,171412,26,0,5,1,69,,171404,26,0,5,1,25,,171420,26,0,5,1,70,,171413,26,0,5,1,30,,171405,26,0,5,1,70,,171421,26,0,5,1,33,,171414,26,0,5,1
35503,'H54M000A-70-A',2549,,154068,28,0,8,1,71,,154066,28,0,8,1,28,,154071,28,0,8,1,65,,154065,28,0,8,1,32,,154070,28,0,8,1,64,,154067,28,0,8,1,39,,154069,28,0,8,1,66,,154072,28,0,8,1
35503,'H54M000I-70-I',2546,,154076,28,0,8,1,84,,154073,28,0,8,1,84,,154075,28,0,8,1,86,,154074,28,0,8,2,45,,154077,28,0,8,1,66,,154078,28,0,8,1
35503,'H54M000S-70-S',2549,,154079,28,0,8,1,83,,154081,28,0,8,1,84,,154084,28,0,8,1,86,,154083,28,0,8,1,38,,154080,28,0,8,1,73,,154082,28,0,8,1
35503,'H54M100F-70-F1',2546,,154085,28,0,8,1,84,,154090,28,0,8,1,84,,154088,28,0,8,1,86,,154086,28,0,8,1,45,,154087,28,0,8,1,66,,154089,28,0,8,1
35503,'H54M200F-70-F2',2546,,154093,28,0,8,1,84,,154096,28,0,8,1,84,,154092,28,0,8,1,86,,154091,28,0,8,1,45,,154094,28,0,8,1,66,,154095,28,0,8,1
35503,'H54M300F-80-F3',2546,,175787,28,0,8,1,84,,175790,28,0,8,1,84,,175786,28,0,8,1,86,,175791,28,0,8,2,45,,175788,28,0,8,1,66,,175789,28,0,8,1
