18802,'H51J000S-80-S',1851,,63556,5,0,22 48,1
18802,'H51JV00S-84-S',1851,,63557,5,0,22 48,1
18802,'H54J000S-83-S',1505,,63569,5,0,22 48,1,35,,63571,5,0,22 48,2,76,,63570,5,0,22 48,1,118,,63568,5,0,22 48,2,79,,63559,5,0,22 48,1
18802,'H54JV00S-80-S',1505,,63583,5,0,22 48,1,35,,63584,5,0,22 48,2,76,,63585,5,0,22 48,1,118,,63582,5,0,22 48,2,79,,63576,5,0,22 48,1
18802,'H57J000S-81-S',1655,,63586,5,0,22 48,1
18802,'H57JV00S-83-S',1655,,63587,5,0,22 48,1
19202,'H50J000S-83-S',653,,64665,12,0,10,1
19202,'H50JV00S-82-S',653,,64666,12,0,10,1
19202,'H51J000S-80-S',1553,,64668,12,0,10,2,154,,64669,12,0,10,2
19202,'H51JV00S-84-S',1553,,64670,12,0,10,1,154,,64672,12,0,10,2
19202,'H54J000A-80-A',451,,64673,12,0,10,1,71,,64694,12,0,10,2,30,,64674,12,0,10,1,70,,64682,12,0,10,1,30,,64695,12,0,10,1,70,,64675,12,0,10,1,29,,64683,12,0,10,1,69,,64696,12,0,10,1,29,,64676,12,0,10,1,70,,64684,12,0,10,1,30,,64697,12,0,10,1,70,,64677,12,0,10,1,30,,64685,12,0,10,1,73,,64698,12,0,10,1,35,,64678,12,0,10,1,72,,64686,12,0,10,1,71,,64699,12,0,10,1,31,,64706,12,0,10,1,71,,64679,12,0,10,1,31,,64687,12,0,10,1,71,,64700,12,0,10,1,30,,64707,12,0,10,1,68,,64680,12,0,10,1,27,,64688,12,0,10,1,28,,64701,12,0,10,1,68,,64708,12,0,10,1,29,,64681,12,0,10,1,71,,64689,12,0,10,1,30,,64702,12,0,10,1,70,,64709,12,0,10,1,30,,64690,12,0,10,1,70,,64703,12,0,10,1,30,,64710,12,0,10,1,70,,64691,12,0,10,1,30,,64704,12,0,10,1,70,,64711,12,0,10,1,31,,64692,12,0,10,1,70,,64705,12,0,10,1,32,,64712,12,0,10,1,72,,64693,12,0,10,1,81,,64713,12,0,10,1
19202,'H54J000I-80-I',451,,64714,12,0,10,1,71,,64730,12,0,10,2,31,,64722,12,0,10,1,70,,64715,12,0,10,1,29,,64731,12,0,10,2,69,,64723,12,0,10,1,30,,64716,12,0,10,1,70,,64732,12,0,10,2,31,,64724,12,0,10,1,70,,64717,12,0,10,1,30,,64733,12,0,10,2,70,,64725,12,0,10,1,30,,64718,12,0,10,1,70,,64734,12,0,10,2,30,,64726,12,0,10,1,71,,64719,12,0,10,1,30,,64735,12,0,10,2,70,,64747,12,0,10,1,30,,64727,12,0,10,1,70,,64720,12,0,10,1,30,,64736,12,0,10,2,70,,64748,12,0,10,1,30,,64728,12,0,10,1,70,,64721,12,0,10,1,30,,64737,12,0,10,2,71,,64749,12,0,10,1,30,,64729,12,0,10,1,71,,64738,12,0,10,2,29,,64750,12,0,10,1,70,,64743,12,0,10,1,29,,64739,12,0,10,2,69,,64751,12,0,10,1,29,,64744,12,0,10,1,70,,64740,12,0,10,2,30,,64752,12,0,10,1,70,,64745,12,0,10,1,30,,64741,12,0,10,2,70,,64753,12,0,10,1,30,,64746,12,0,10,1,71,,64742,12,0,10,2,32,,64754,12,0,10,1
19202,'H54J000S-83-S',452,,64755,12,0,10,1,64,,64761,12,0,10,1,24,,64776,12,0,10,1,63,,64777,12,0,10,1,16,,64779,12,0,10,1,16,,64756,12,0,10,1,76,,64762,12,0,10,1,20,,64773,12,0,10,1,15,,64778,12,0,10,1,56,,64780,12,0,10,1,29,,64757,12,0,10,1,69,,64763,12,0,10,1,29,,64774,12,0,10,1,30,,64781,12,0,10,1,70,,64758,12,0,10,1,30,,64764,12,0,10,1,70,,64791,12,0,10,2,30,,64782,12,0,10,1,70,,64759,12,0,10,1,29,,64765,12,0,10,1,69,,64792,12,0,10,2,30,,64783,12,0,10,1,69,,64760,12,0,10,1,29,,64766,12,0,10,1,79,,64794,12,0,10,1,78,,64784,12,0,10,1,20,,64775,12,0,10,1,18,,64767,12,0,10,1,75,,64793,12,0,10,1,29,,64795,12,0,10,2,69,,64785,12,0,10,1,31,,64768,12,0,10,1,72,,64796,12,0,10,1,31,,64786,12,0,10,1,70,,64769,12,0,10,1,29,,64797,12,0,10,1,70,,64787,12,0,10,1,30,,64770,12,0,10,1,70,,64798,12,0,10,1,30,,64788,12,0,10,1,70,,64771,12,0,10,1,30,,64799,12,0,10,1,70,,64789,12,0,10,1,28,,64772,12,0,10,1
19202,'H54JV00A-80-A',451,,64801,12,0,10,1,71,,64800,12,0,10,2,30,,64813,12,0,10,1,70,,64821,12,0,10,1,30,,64802,12,0,10,1,70,,64814,12,0,10,1,29,,64822,12,0,10,1,69,,64803,12,0,10,1,29,,64815,12,0,10,1,70,,64823,12,0,10,1,30,,64804,12,0,10,1,70,,64816,12,0,10,1,30,,64824,12,0,10,1,73,,64805,12,0,10,1,35,,64817,12,0,10,1,72,,64825,12,0,10,1,71,,64806,12,0,10,1,31,,64833,12,0,10,1,71,,64818,12,0,10,1,31,,64826,12,0,10,1,71,,64807,12,0,10,1,30,,64834,12,0,10,1,68,,64819,12,0,10,1,27,,64827,12,0,10,1,28,,64808,12,0,10,1,68,,64835,12,0,10,1,29,,64820,12,0,10,1,71,,64828,12,0,10,1,30,,64809,12,0,10,1,70,,64836,12,0,10,1,30,,64829,12,0,10,1,70,,64810,12,0,10,1,30,,64837,12,0,10,1,70,,64830,12,0,10,1,30,,64811,12,0,10,1,70,,64838,12,0,10,1,31,,64831,12,0,10,1,70,,64812,12,0,10,1,32,,64839,12,0,10,1,72,,64832,12,0,10,1,81,,64840,12,0,10,1
19202,'H54JV00I-80-I',451,,64874,12,0,10,1,71,,64845,12,0,10,2,31,,64866,12,0,10,1,70,,64875,12,0,10,1,29,,64846,12,0,10,2,69,,64867,12,0,10,1,30,,64876,12,0,10,1,70,,64847,12,0,10,2,31,,64868,12,0,10,1,70,,64877,12,0,10,1,30,,64848,12,0,10,2,70,,64869,12,0,10,1,30,,64878,12,0,10,1,70,,64849,12,0,10,2,30,,64870,12,0,10,1,71,,64879,12,0,10,1,30,,64850,12,0,10,2,70,,64858,12,0,10,1,30,,64871,12,0,10,1,70,,64880,12,0,10,1,30,,64851,12,0,10,2,70,,64859,12,0,10,1,30,,64872,12,0,10,1,70,,64881,12,0,10,1,30,,64852,12,0,10,2,71,,64860,12,0,10,1,30,,64873,12,0,10,1,71,,64853,12,0,10,2,29,,64861,12,0,10,1,70,,64841,12,0,10,1,29,,64854,12,0,10,2,69,,64862,12,0,10,1,29,,64842,12,0,10,1,70,,64855,12,0,10,2,30,,64863,12,0,10,1,70,,64843,12,0,10,1,30,,64856,12,0,10,2,70,,64864,12,0,10,1,30,,64844,12,0,10,1,71,,64857,12,0,10,2,32,,64865,12,0,10,1
19202,'H54JV00S-80-S',452,,64882,12,0,10,1,64,,64893,12,0,10,1,24,,64905,12,0,10,1,63,,64910,12,0,10,1,16,,64912,12,0,10,1,16,,64883,12,0,10,1,76,,64894,12,0,10,1,20,,64906,12,0,10,1,15,,64911,12,0,10,1,56,,64913,12,0,10,1,29,,64884,12,0,10,1,69,,64895,12,0,10,1,29,,64907,12,0,10,1,30,,64914,12,0,10,1,70,,64885,12,0,10,1,30,,64896,12,0,10,1,70,,64908,12,0,10,1,30,,64915,12,0,10,1,70,,64886,12,0,10,1,29,,64897,12,0,10,1,69,,64909,12,0,10,1,30,,64916,12,0,10,1,69,,64887,12,0,10,1,29,,64898,12,0,10,1,79,,64924,12,0,10,1,78,,64925,12,0,10,1,20,,64888,12,0,10,1,18,,64899,12,0,10,1,75,,64923,12,0,10,1,29,,64926,12,0,10,2,69,,64919,12,0,10,1,31,,64900,12,0,10,1,72,,64889,12,0,10,1,31,,64920,12,0,10,1,70,,64901,12,0,10,1,29,,64890,12,0,10,1,70,,64921,12,0,10,1,30,,64902,12,0,10,1,70,,64891,12,0,10,1,30,,64922,12,0,10,1,70,,64903,12,0,10,1,30,,64892,12,0,10,1,70,,64918,12,0,10,1,28,,64904,12,0,10,1
19202,'H57J000S-81-S',1515,,64927,12,0,10,2
19202,'H57JV00S-83-S',1515,,64928,12,0,10,2
