8103,'H54U000A-80-A',756,,241779,13,0,8,1,65,,241790,13,0,8,2,26,,241801,13,0,8,2,66,,241780,13,0,8,1,26,,241791,13,0,8,2,65,,241802,13,0,8,1,25,,241781,13,0,8,1,25,,241792,13,0,8,2,66,,241803,13,0,8,1,25,,241782,13,0,8,1,65,,241793,13,0,8,2,25,,241804,13,0,8,1,65,,241783,13,0,8,1,25,,241794,13,0,8,2,25,,241805,13,0,8,1,65,,241784,13,0,8,1,25,,241795,13,0,8,2,66,,241806,13,0,8,1,26,,241785,13,0,8,1,26,,241796,13,0,8,2,66,,241807,13,0,8,1,25,,241786,13,0,8,1,65,,241797,13,0,8,2,25,,241808,13,0,8,1,65,,241787,13,0,8,1,25,,241798,13,0,8,2,25,,241809,13,0,8,1,65,,241788,13,0,8,1,25,,241799,13,0,8,2,65,,241810,13,0,8,1,25,,241789,13,0,8,1,67,,241800,13,0,8,2
8103,'H54U000I-80-I',755,,241819,13,0,8,1,64,,241822,13,0,8,1,24,,241834,13,0,8,2,65,,241820,13,0,8,1,27,,241811,13,0,8,2,66,,241823,13,0,8,1,26,,241821,13,0,8,1,25,,241812,13,0,8,2,65,,241824,13,0,8,1,25,,241836,13,0,8,1,66,,241813,13,0,8,2,25,,241825,13,0,8,1,25,,241837,13,0,8,1,66,,241814,13,0,8,2,26,,241826,13,0,8,1,65,,241838,13,0,8,1,26,,241815,13,0,8,2,65,,241827,13,0,8,1,25,,241839,13,0,8,1,25,,241816,13,0,8,2,65,,241828,13,0,8,1,25,,241840,13,0,8,1,65,,241817,13,0,8,2,24,,241829,13,0,8,1,66,,241835,13,0,8,1,26,,241818,13,0,8,2,26,,241830,13,0,8,1,65,,241832,13,0,8,2,25,,241841,13,0,8,1,65,,241831,13,0,8,1,25,,241833,13,0,8,2,67,,241842,13,0,8,1
8103,'H54U000S-81-S',645,,241855,13,0,8,2,68,,241843,13,0,8,1,28,,241867,13,0,8,1,69,,241856,13,0,8,2,29,,241844,13,0,8,2,70,,241868,13,0,8,1,27,,241857,13,0,8,2,66,,241845,13,0,8,2,25,,241869,13,0,8,1,25,,241858,13,0,8,2,65,,241846,13,0,8,2,25,,241870,13,0,8,1,65,,241859,13,0,8,2,25,,241847,13,0,8,2,25,,241871,13,0,8,1,65,,241860,13,0,8,2,26,,241848,13,0,8,2,66,,241872,13,0,8,1,25,,241861,13,0,8,2,65,,241849,13,0,8,2,25,,241873,13,0,8,1,24,,241862,13,0,8,2,65,,241850,13,0,8,2,25,,241874,13,0,8,1,64,,241863,13,0,8,2,25,,241851,13,0,8,2,25,,241875,13,0,8,1,65,,241864,13,0,8,2,25,,241852,13,0,8,2,65,,241876,13,0,8,1,25,,241865,13,0,8,2,64,,241853,13,0,8,2,24,,241877,13,0,8,1,25,,241866,13,0,8,2,70,,241854,13,0,8,2,31,,241878,13,0,8,1
8103,'H54U100F-80-F1',755,,241887,13,0,8,1,64,,241890,13,0,8,1,24,,241902,13,0,8,2,65,,241888,13,0,8,1,27,,241879,13,0,8,2,66,,241891,13,0,8,1,26,,241889,13,0,8,1,25,,241880,13,0,8,2,65,,241892,13,0,8,1,25,,241904,13,0,8,1,66,,241881,13,0,8,2,25,,241893,13,0,8,1,25,,241905,13,0,8,1,66,,241882,13,0,8,2,26,,241894,13,0,8,1,65,,241906,13,0,8,1,26,,241883,13,0,8,2,65,,241895,13,0,8,1,25,,241907,13,0,8,1,25,,241884,13,0,8,2,65,,241896,13,0,8,1,25,,241908,13,0,8,1,65,,241885,13,0,8,2,24,,241897,13,0,8,1,66,,241903,13,0,8,1,26,,241886,13,0,8,2,26,,241898,13,0,8,1,65,,241900,13,0,8,2,25,,241909,13,0,8,1,65,,241899,13,0,8,1,25,,241901,13,0,8,2,67,,241910,13,0,8,1
8103,'H54U200F-82-F2',755,,241934,13,0,8,1,64,,241911,13,0,8,2,24,,241936,13,0,8,2,65,,241935,13,0,8,1,27,,241921,13,0,8,1,66,,241931,13,0,8,1,26,,241912,13,0,8,1,25,,241922,13,0,8,1,65,,241932,13,0,8,1,25,,241913,13,0,8,1,66,,241923,13,0,8,1,25,,241933,13,0,8,1,25,,241914,13,0,8,1,66,,241924,13,0,8,1,26,,241937,13,0,8,2,65,,241915,13,0,8,1,26,,241925,13,0,8,1,65,,241938,13,0,8,2,25,,241916,13,0,8,1,25,,241926,13,0,8,1,65,,241939,13,0,8,2,25,,241917,13,0,8,1,65,,241927,13,0,8,1,24,,241940,13,0,8,2,66,,241918,13,0,8,2,26,,241928,13,0,8,1,26,,241941,13,0,8,2,65,,241919,13,0,8,2,25,,241929,13,0,8,1,65,,241942,13,0,8,2,25,,241920,13,0,8,2,67,,241930,13,0,8,1
18301,'H54U000A-80-A',1033,,265682,9,0,5,1,101,,265683,9,0,5,1,100,,265684,9,0,5,1,100,,265685,9,0,5,1,100,,265686,9,0,5,1,102,,265687,9,0,5,1,103,,265688,9,0,5,1,104,,265689,9,0,5,1,104,,265690,9,0,5,1,107,,265691,9,0,5,1
18301,'H54U000I-80-I',1034,,265692,9,0,5,1,110,,265693,9,0,5,1,110,,265694,9,0,5,1,149,,265695,9,0,5,1,111,,265696,9,0,5,1,110,,265697,9,0,5,1,110,,265698,9,0,5,1,110,,265699,9,0,5,1,110,,265700,9,0,5,1
18301,'H54U000S-81-S',600,,265702,9,0,5,1,102,,265703,9,0,5,1,103,,265704,9,0,5,1,106,,265705,9,0,5,1,104,,265706,9,0,5,1,106,,265707,9,0,5,1,106,,265708,9,0,5,1,105,,265709,9,0,5,1,105,,265710,9,0,5,1,106,,265711,9,0,5,1,109,,265712,9,0,5,1,150,,265713,9,0,5,1,109,,265716,9,0,5,1,110,,265701,9,0,5,1,110,,265714,9,0,5,1,110,,265715,9,0,5,1
18301,'H54U100F-80-F1',1034,,265717,9,0,5,1,110,,265718,9,0,5,1,110,,265719,9,0,5,1,149,,265720,9,0,5,1,111,,265721,9,0,5,1,110,,265722,9,0,5,1,110,,265723,9,0,5,1,110,,265724,9,0,5,1,110,,265725,9,0,5,1
18301,'H54U200F-82-F2',600,,265726,9,0,5,1,102,,265727,9,0,5,1,103,,265728,9,0,5,1,106,,265729,9,0,5,1,104,,265730,9,0,5,1,106,,265731,9,0,5,1,106,,265732,9,0,5,1,105,,265733,9,0,5,1,105,,265734,9,0,5,1,106,,265735,9,0,5,1,109,,265736,9,0,5,1,150,,265737,9,0,5,1,109,,265741,9,0,5,1,110,,265738,9,0,5,1,110,,265739,9,0,5,1,110,,265740,9,0,5,1
