36402,'H54J000A-80-A',2453,,75410,12,0,10,1,85,,75409,12,0,10,1,86,,75412,12,0,10,1,85,,75411,12,0,10,1,45,,75414,12,0,10,2,79,,75413,12,0,10,1
36402,'H54J000I-80-I',2453,,75415,12,0,10,1,85,,75416,12,0,10,2,85,,75419,12,0,10,1,85,,75417,12,0,10,1,45,,75418,12,0,10,1
36402,'H54J000S-83-S',2453,,75421,12,0,10,1,87,,75424,12,0,10,2,84,,75420,12,0,10,1,86,,75423,12,0,10,2,43,,75422,12,0,10,1
36402,'H54JV00A-80-A',2453,,75429,12,0,10,1,85,,75426,12,0,10,1,86,,75430,12,0,10,1,85,,75427,12,0,10,1,45,,75428,12,0,10,2,79,,75425,12,0,10,1
36402,'H54JV00I-80-I',2453,,75433,12,0,10,1,85,,75431,12,0,10,2,85,,75435,12,0,10,1,85,,75432,12,0,10,1,45,,75434,12,0,10,1
36402,'H54JV00S-80-S',2453,,75437,12,0,10,1,87,,75440,12,0,10,1,84,,75436,12,0,10,1,86,,75439,12,0,10,2,43,,75438,12,0,10,1
42804,'H54J000S-83-S',1523,,76846,27,0,9,1,29,,76845,27,0,9,1,71,,76843,27,0,9,2,29,,76849,27,0,9,1,69,,76847,27,0,9,2,29,,76850,27,0,9,1,72,,76844,27,0,9,2,30,,76848,27,0,9,1
42804,'H54JV00S-80-S',1523,,76856,27,0,9,1,29,,76851,27,0,9,1,71,,76854,27,0,9,1,29,,76855,27,0,9,1,69,,76858,27,0,9,2,29,,76852,27,0,9,1,72,,76853,27,0,9,2,30,,76857,27,0,9,1
42804,'H59J000S-81-S',1918,,76859,27,0,9,1
42804,'H59JV00S-83-S',1918,,76860,27,0,9,1
44904,'H54J000S-83-S',553,,79293,37,0,9,2,50,,79294,37,0,9,2,10,,79296,37,0,9,1,19,,79300,37,0,9,2,9,,79302,37,0,9,2,10,,79305,37,0,9,2,49,,79306,37,0,9,2,9,,79286,37,0,9,1,23,,79311,37,0,9,2,7,,79295,37,0,9,2,8,,79301,37,0,9,2,8,,79312,37,0,9,2,49,,79317,37,0,9,2,9,,79304,37,0,9,2,12,,79303,37,0,9,2,12,,79297,37,0,9,1,22,,79287,37,0,9,1,62,,79316,37,0,9,2,21,,79285,37,0,9,1,63,,79318,37,0,9,1,22,,79298,37,0,9,1,23,,79288,37,0,9,1,64,,79307,37,0,9,2,28,,79313,37,0,9,2,69,,79319,37,0,9,1,30,,79299,37,0,9,1,68,,79308,37,0,9,2,28,,79314,37,0,9,2,68,,79320,37,0,9,1,28,,79292,37,0,9,2,26,,79309,37,0,9,2,67,,79315,37,0,9,2,26,,79321,37,0,9,1,63,,79323,37,0,9,2,88,,79329,37,0,9,1,28,,79326,37,0,9,1,28,,79322,37,0,9,1,66,,79310,37,0,9,1,30,,79289,37,0,9,1,70,,79327,37,0,9,1,29,,79324,37,0,9,1,69,,79330,37,0,9,1,30,,79290,37,0,9,1,70,,79328,37,0,9,1,31,,79325,37,0,9,1,70,,79291,37,0,9,1
44904,'H54JV00S-80-S',553,,79344,37,0,9,1,50,,79345,37,0,9,2,10,,79350,37,0,9,1,19,,79355,37,0,9,1,9,,79357,37,0,9,2,10,,79359,37,0,9,2,49,,79360,37,0,9,2,9,,79334,37,0,9,1,23,,79365,37,0,9,2,7,,79346,37,0,9,2,8,,79356,37,0,9,2,8,,79366,37,0,9,2,49,,79368,37,0,9,2,9,,79332,37,0,9,1,12,,79358,37,0,9,2,12,,79351,37,0,9,1,22,,79335,37,0,9,1,62,,79367,37,0,9,2,21,,79333,37,0,9,1,63,,79331,37,0,9,1,22,,79352,37,0,9,1,23,,79336,37,0,9,1,64,,79362,37,0,9,1,28,,79347,37,0,9,2,69,,79340,37,0,9,1,30,,79353,37,0,9,1,68,,79363,37,0,9,1,28,,79348,37,0,9,2,68,,79341,37,0,9,1,28,,79354,37,0,9,1,26,,79364,37,0,9,1,67,,79349,37,0,9,2,26,,79342,37,0,9,1,63,,79343,37,0,9,1,88,,79375,37,0,9,1,28,,79372,37,0,9,1,28,,79369,37,0,9,1,66,,79361,37,0,9,1,30,,79337,37,0,9,1,70,,79373,37,0,9,1,29,,79370,37,0,9,1,69,,79376,37,0,9,1,30,,79338,37,0,9,1,70,,79374,37,0,9,1,31,,79371,37,0,9,1,70,,79339,37,0,9,1
44904,'H57J000S-81-S',716,,79377,37,0,9,1,9,,79378,37,0,9,2,913,,79379,37,0,9,2
44904,'H57JV00S-83-S',716,,79380,37,0,9,1,9,,79381,37,0,9,1,913,,79382,37,0,9,1
44904,'H58J000S-81-S',622,,79383,37,0,9,2
44904,'H58J000S-83-S',622,,79384,37,0,9,2
44904,'H58JV00S-82-S',622,,79385,37,0,9,2
