6801,'H50J000S-83-S',1700,,25864,72,0,5,1
6801,'H50JV00S-82-S',1700,,25865,72,0,5,1
6801,'H60J000A-80-A',641,,25874,66,0,5,2,73,,25866,66,0,5,1,33,,25875,66,0,5,2,74,,25891,66,0,5,1,33,,25893,66,0,5,1,73,,25885,66,0,5,1,75,,25876,66,0,5,1,29,,25901,72,0,5,2,28,,25892,66,0,5,1,69,,25894,66,0,5,1,30,,25867,66,0,5,1,72,,25877,66,0,5,1,70,,25886,66,0,5,1,30,,25895,66,0,5,1,70,,25868,66,0,5,1,30,,25878,66,0,5,1,29,,25887,66,0,5,1,70,,25896,66,0,5,1,30,,25869,66,0,5,1,70,,25879,66,0,5,1,29,,25888,66,0,5,1,68,,25897,66,0,5,1,29,,25870,66,0,5,1,70,,25880,66,0,5,1,28,,25889,66,0,5,1,67,,25898,66,0,5,1,27,,25871,66,0,5,1,69,,25881,66,0,5,1,32,,25890,66,0,5,1,71,,25899,66,0,5,1,33,,25872,51,0,5,1,73,,25903,51,0,5,2,33,,25884,51,0,5,1,72,,25900,51,0,5,1,72,,25873,51,0,5,1,31,,25883,51,0,5,1,22,,25882,51,0,5,2,62,,25902,51,0,5,1
6801,'H60J000I-80-I',638,,25904,66,0,5,1,75,,25907,66,0,5,2,35,,25917,66,0,5,1,75,,25905,66,0,5,1,33,,25908,66,0,5,2,68,,25936,72,0,5,1,33,,25918,66,0,5,1,68,,25906,66,0,5,1,29,,25909,66,0,5,2,68,,25929,66,0,5,1,29,,25937,66,0,5,2,70,,25919,66,0,5,1,31,,25910,66,0,5,2,70,,25930,66,0,5,1,30,,25938,66,0,5,2,70,,25920,66,0,5,1,30,,25911,66,0,5,2,70,,25931,66,0,5,1,31,,25939,66,0,5,2,70,,25921,66,0,5,1,31,,25912,66,0,5,2,69,,25932,66,0,5,1,27,,25940,66,0,5,2,70,,25922,66,0,5,1,30,,25913,66,0,5,2,70,,25933,66,0,5,1,29,,25941,66,0,5,2,73,,25923,66,0,5,1,31,,25914,66,0,5,2,73,,25934,66,0,5,1,33,,25927,51,0,5,1,72,,25924,51,0,5,1,69,,25915,51,0,5,2,29,,25935,51,0,5,1,29,,25928,51,0,5,1,68,,25925,51,0,5,1,28,,25926,51,0,5,1,64,,25916,51,0,5,1
6801,'H60J000S-98-S',521,,25942,51,0,5,1,30,,25943,72,0,5,2,73,,25944,72,0,5,1,77,,25949,72,0,5,2,37,,25966,72,0,5,2,74,,25967,72,0,5,1,35,,25961,72,0,5,1,70,,25968,72,0,5,1,32,,25950,72,0,5,2,52,,25957,66,0,5,1,28,,25945,66,0,5,1,29,,25962,66,0,5,1,69,,25969,66,0,5,1,29,,25958,66,0,5,1,69,,25946,66,0,5,1,29,,25963,66,0,5,1,69,,25970,66,0,5,1,28,,25959,66,0,5,1,69,,25947,66,0,5,1,33,,25964,66,0,5,1,71,,25971,66,0,5,1,77,,25960,66,0,5,1,26,,25948,66,0,5,1,100,,25965,72,0,5,1,27,,25972,72,0,5,1,68,,25974,72,0,5,2,29,,25954,72,0,5,1,66,,25976,72,0,5,2,23,,25951,66,0,5,1,65,,25977,66,0,5,1,27,,25981,66,0,5,1,71,,25955,66,0,5,1,31,,25952,66,0,5,1,67,,25978,51,0,5,1,27,,25982,51,0,5,1,27,,25956,51,0,5,1,67,,25953,51,0,5,1,27,,25979,51,0,5,1,74,,25975,51,0,5,1,35,,25973,51,0,5,1,72,,25980,51,0,5,1
6801,'H60JV00A-80-A',641,,26017,66,0,5,2,73,,26001,66,0,5,1,33,,26020,66,0,5,2,74,,25983,66,0,5,1,33,,25993,66,0,5,1,73,,26009,66,0,5,1,75,,25987,66,0,5,1,29,,25985,72,0,5,2,28,,25984,66,0,5,1,69,,25994,66,0,5,1,30,,26002,66,0,5,1,72,,25988,66,0,5,1,70,,26010,66,0,5,1,30,,25995,66,0,5,1,70,,26003,66,0,5,1,30,,25989,66,0,5,1,29,,26011,66,0,5,1,70,,25996,66,0,5,1,30,,26004,66,0,5,1,70,,25990,66,0,5,1,29,,26012,66,0,5,1,68,,25997,66,0,5,1,29,,26005,66,0,5,1,70,,25991,66,0,5,1,28,,26013,66,0,5,1,67,,25998,66,0,5,1,27,,26006,66,0,5,1,69,,25992,66,0,5,1,32,,26014,66,0,5,1,71,,25999,66,0,5,1,33,,26007,51,0,5,1,73,,25986,51,0,5,2,33,,26016,51,0,5,1,72,,26000,51,0,5,1,72,,26008,51,0,5,1,31,,26015,51,0,5,1,22,,26019,51,0,5,2,62,,26018,51,0,5,1
6801,'H60JV00I-80-I',638,,26042,66,0,5,1,75,,26021,66,0,5,2,35,,26030,66,0,5,1,75,,26043,66,0,5,1,33,,26022,66,0,5,2,68,,26055,72,0,5,1,33,,26031,66,0,5,1,68,,26044,66,0,5,1,29,,26023,66,0,5,2,68,,26045,66,0,5,1,29,,26037,66,0,5,2,70,,26032,66,0,5,1,31,,26024,66,0,5,2,70,,26046,66,0,5,1,30,,26038,66,0,5,2,70,,26033,66,0,5,1,30,,26025,66,0,5,2,70,,26047,66,0,5,1,31,,26039,66,0,5,2,70,,26034,66,0,5,1,31,,26026,66,0,5,2,69,,26048,66,0,5,1,27,,26040,66,0,5,2,70,,26035,66,0,5,1,30,,26027,66,0,5,2,70,,26049,66,0,5,1,29,,26041,66,0,5,2,73,,26036,66,0,5,1,31,,26028,66,0,5,2,73,,26050,66,0,5,1,33,,26052,51,0,5,1,72,,26056,51,0,5,1,69,,26029,51,0,5,2,29,,26051,51,0,5,1,29,,26053,51,0,5,1,68,,26057,51,0,5,1,28,,26058,51,0,5,1,64,,26054,51,0,5,1
6801,'H60JV00S-98-S',521,,26096,51,0,5,1,30,,26094,72,0,5,2,73,,26095,72,0,5,1,77,,26059,72,0,5,2,37,,26078,72,0,5,2,74,,26079,72,0,5,1,35,,26073,72,0,5,1,70,,26080,72,0,5,1,32,,26060,72,0,5,2,52,,26069,66,0,5,1,28,,26062,66,0,5,1,29,,26074,66,0,5,1,69,,26081,66,0,5,1,29,,26070,66,0,5,1,69,,26063,66,0,5,1,29,,26075,66,0,5,1,69,,26082,66,0,5,1,28,,26071,66,0,5,1,69,,26064,66,0,5,1,33,,26076,66,0,5,1,71,,26083,66,0,5,1,77,,26072,66,0,5,1,26,,26065,66,0,5,1,100,,26077,72,0,5,1,27,,26084,72,0,5,1,68,,26085,72,0,5,2,29,,26097,72,0,5,1,66,,26087,72,0,5,2,23,,26066,66,0,5,1,65,,26088,66,0,5,1,27,,26092,66,0,5,1,71,,26098,66,0,5,1,31,,26067,66,0,5,1,67,,26089,51,0,5,1,27,,26093,51,0,5,1,27,,26099,51,0,5,1,67,,26068,51,0,5,1,27,,26090,51,0,5,1,74,,26086,51,0,5,1,35,,26061,51,0,5,1,72,,26091,51,0,5,1
38201,'H60J000A-80-A',2630,,76095,63,0,5,1,85,,76094,63,0,5,2,85,,76093,63,0,5,1,45,,76096,63,0,5,1
38201,'H60J000I-80-I',2630,,76098,63,0,5,1,85,,76099,63,0,5,1,85,,76097,63,0,5,1,45,,76100,63,0,5,1
38201,'H60J000S-98-S',2624,,76104,63,0,5,1,89,,76102,63,0,5,1,45,,76101,63,0,5,1,89,,76103,63,0,5,1
38201,'H60JV00A-80-A',2630,,76108,63,0,5,1,85,,76107,63,0,5,2,85,,76106,63,0,5,1,45,,76105,63,0,5,1
38201,'H60JV00I-80-I',2630,,76112,63,0,5,1,85,,76111,63,0,5,1,85,,76110,63,0,5,1,45,,76109,63,0,5,1
38201,'H60JV00S-98-S',2624,,76114,63,0,5,1,89,,76113,63,0,5,1,45,,76116,63,0,5,1,89,,76115,63,0,5,1
46801,'H60J000S-98-S',601,,79894,38,0,5,1,22,,79897,38,0,5,1,22,,79903,38,0,5,2,61,,79912,38,0,5,1,14,,79925,38,0,5,2,10,,79917,38,0,5,2,23,,79918,38,0,5,2,60,,79905,38,0,5,1,18,,79904,38,0,5,1,7,,79926,38,0,5,2,7,,79913,38,0,5,2,67,,79898,38,0,5,1,28,,79919,38,0,5,2,70,,79899,38,0,5,1,29,,79906,38,0,5,1,69,,79914,38,0,5,2,29,,79909,38,0,5,1,69,,79895,38,0,5,1,28,,79900,38,0,5,1,68,,79907,38,0,5,1,28,,79915,38,0,5,2,28,,79910,38,0,5,1,70,,79896,38,0,5,1,31,,79901,38,0,5,1,73,,79908,38,0,5,1,71,,79916,38,0,5,2,24,,79911,38,0,5,1,24,,79920,38,0,5,1,64,,79921,38,0,5,2,23,,79922,38,0,5,2,65,,79923,38,0,5,2,28,,79902,38,0,5,1,73,,79924,38,0,5,2
46801,'H60JV00S-98-S',601,,79929,38,0,5,1,22,,79930,38,0,5,1,22,,79933,38,0,5,2,61,,79927,38,0,5,1,14,,79958,38,0,5,2,10,,79934,38,0,5,2,23,,79935,38,0,5,1,60,,79948,38,0,5,1,18,,79936,38,0,5,1,7,,79959,38,0,5,2,7,,79952,38,0,5,2,67,,79931,38,0,5,1,28,,79956,38,0,5,2,70,,79945,38,0,5,1,29,,79949,38,0,5,1,69,,79953,38,0,5,1,29,,79937,38,0,5,1,69,,79943,38,0,5,1,28,,79946,38,0,5,1,68,,79950,38,0,5,1,28,,79954,38,0,5,1,28,,79938,38,0,5,1,70,,79944,38,0,5,1,31,,79947,38,0,5,1,73,,79951,38,0,5,1,71,,79955,38,0,5,1,24,,79939,38,0,5,1,24,,79928,38,0,5,1,64,,79940,38,0,5,2,23,,79941,38,0,5,2,65,,79957,38,0,5,2,28,,79932,38,0,5,1,73,,79942,38,0,5,2
