1703,'H56J000S-80-S',542,,2223,34,0,8,1
1703,'H56JV00S-80-S',542,,2224,34,0,8,1
1703,'H60J000A-80-A',518,,2225,34,0,8,1,86,,2237,34,0,8,1,37,,2226,34,0,8,1,81,,2238,34,0,8,1,78,,2227,34,0,8,1,45,,2239,34,0,8,1,88,,2228,34,0,8,1,85,,2240,34,0,8,1,39,,2246,34,0,8,1,85,,2229,34,0,8,1,84,,2241,34,0,8,1,83,,2247,34,0,8,1,41,,2230,34,0,8,1,82,,2242,34,0,8,1,81,,2248,34,0,8,1,41,,2231,34,0,8,1,80,,2243,34,0,8,1,80,,2249,34,0,8,1,39,,2232,34,0,8,1,76,,2244,34,0,8,1,78,,2250,34,0,8,1,38,,2233,34,0,8,1,75,,2245,34,0,8,1,33,,2251,34,0,8,1,85,,2234,34,0,8,1,81,,2252,34,0,8,1,83,,2235,34,0,8,1,41,,2253,34,0,8,1,82,,2236,34,0,8,1,81,,2254,34,0,8,1
1703,'H60J000I-80-I',524,,2284,34,0,8,1,32,,2263,34,0,8,1,74,,2255,34,0,8,1,84,,2264,34,0,8,1,35,,2256,34,0,8,1,84,,2265,34,0,8,1,81,,2257,34,0,8,1,45,,2266,34,0,8,1,83,,2258,34,0,8,1,85,,2267,34,0,8,1,83,,2259,34,0,8,1,38,,2276,34,0,8,1,78,,2268,34,0,8,1,80,,2260,34,0,8,1,40,,2277,34,0,8,1,80,,2269,34,0,8,1,82,,2261,34,0,8,1,41,,2278,34,0,8,1,81,,2270,34,0,8,1,81,,2262,34,0,8,1,40,,2279,34,0,8,1,84,,2271,34,0,8,1,82,,2280,34,0,8,1,84,,2272,34,0,8,1,41,,2281,34,0,8,1,83,,2273,34,0,8,1,83,,2282,34,0,8,1,43,,2274,34,0,8,1,79,,2283,34,0,8,1,79,,2275,34,0,8,1
1703,'H60J000S-98-S',521,,2290,34,0,8,1,10,,2285,17,0,8,1,21,,2286,34,0,8,1,54,,2289,34,0,8,1,18,,2300,34,0,8,1,34,,2291,34,0,8,1,79,,2287,34,0,8,1,75,,2301,34,0,8,1,33,,2311,34,0,8,1,73,,2292,34,0,8,1,33,,2288,34,0,8,1,70,,2302,34,0,8,1,35,,2312,34,0,8,1,75,,2293,34,0,8,1,75,,2303,34,0,8,1,38,,2313,34,0,8,1,77,,2294,34,0,8,1,37,,2304,34,0,8,1,81,,2314,34,0,8,1,69,,2321,34,0,8,1,30,,2295,34,0,8,1,73,,2305,34,0,8,1,33,,2315,34,0,8,1,71,,2322,34,0,8,1,29,,2296,34,0,8,1,69,,2306,34,0,8,1,32,,2316,34,0,8,1,67,,2323,34,0,8,1,23,,2297,34,0,8,1,69,,2307,34,0,8,1,30,,2317,34,0,8,1,70,,2298,34,0,8,1,31,,2308,34,0,8,1,70,,2318,34,0,8,1,30,,2299,34,0,8,1,72,,2309,34,0,8,1,37,,2319,34,0,8,1,84,,2310,34,0,8,1,76,,2320,34,0,8,1
1703,'H60JV00A-80-A',518,,2324,34,0,8,1,86,,2336,34,0,8,1,37,,2325,34,0,8,1,81,,2337,34,0,8,1,78,,2326,34,0,8,1,45,,2338,34,0,8,1,88,,2327,34,0,8,1,85,,2339,34,0,8,1,39,,2345,34,0,8,1,85,,2328,34,0,8,1,84,,2340,34,0,8,1,83,,2346,34,0,8,1,41,,2329,34,0,8,1,82,,2341,34,0,8,1,81,,2347,34,0,8,1,41,,2330,34,0,8,1,80,,2342,34,0,8,1,80,,2348,34,0,8,1,39,,2331,34,0,8,1,76,,2343,34,0,8,1,78,,2349,34,0,8,1,38,,2332,34,0,8,1,75,,2344,34,0,8,1,33,,2350,34,0,8,1,85,,2333,34,0,8,1,81,,2351,34,0,8,1,83,,2334,34,0,8,1,41,,2352,34,0,8,1,82,,2335,34,0,8,1,81,,2353,34,0,8,1
1703,'H60JV00I-80-I',524,,2383,34,0,8,1,32,,2362,34,0,8,1,74,,2354,34,0,8,1,84,,2363,34,0,8,1,35,,2355,34,0,8,1,84,,2364,34,0,8,1,81,,2356,34,0,8,1,45,,2365,34,0,8,1,83,,2357,34,0,8,1,85,,2366,34,0,8,1,83,,2358,34,0,8,1,38,,2375,34,0,8,1,78,,2367,34,0,8,1,80,,2359,34,0,8,1,40,,2376,34,0,8,1,80,,2368,34,0,8,1,82,,2360,34,0,8,1,41,,2377,34,0,8,1,81,,2369,34,0,8,1,81,,2361,34,0,8,1,40,,2378,34,0,8,1,84,,2370,34,0,8,1,82,,2379,34,0,8,1,84,,2371,34,0,8,1,41,,2380,34,0,8,1,83,,2372,34,0,8,1,83,,2381,34,0,8,1,43,,2373,34,0,8,1,79,,2382,34,0,8,1,79,,2374,34,0,8,1
1703,'H60JV00S-98-S',521,,2384,34,0,8,1,10,,2421,17,0,8,1,21,,2405,34,0,8,1,54,,2422,34,0,8,1,18,,2394,34,0,8,1,34,,2385,34,0,8,1,79,,2406,34,0,8,1,75,,2395,34,0,8,1,33,,2408,34,0,8,1,73,,2386,34,0,8,1,33,,2407,34,0,8,1,70,,2396,34,0,8,1,35,,2409,34,0,8,1,75,,2387,34,0,8,1,75,,2397,34,0,8,1,38,,2410,34,0,8,1,77,,2388,34,0,8,1,37,,2398,34,0,8,1,81,,2411,34,0,8,1,69,,2418,34,0,8,1,30,,2389,34,0,8,1,73,,2399,34,0,8,1,33,,2412,34,0,8,1,71,,2419,34,0,8,1,29,,2390,34,0,8,1,69,,2400,34,0,8,1,32,,2413,34,0,8,1,67,,2420,34,0,8,1,23,,2391,34,0,8,1,69,,2401,34,0,8,1,30,,2414,34,0,8,1,70,,2392,34,0,8,1,31,,2402,34,0,8,1,70,,2415,34,0,8,1,30,,2393,34,0,8,1,72,,2403,34,0,8,1,37,,2416,34,0,8,1,84,,2404,34,0,8,1,76,,2417,34,0,8,1
7201,'H50J000S-83-S',1702,,27979,23,0,5,2,18,,27978,34,0,5,1
7201,'H50JV00S-82-S',1702,,27981,23,0,5,2,18,,27980,34,0,5,1
7201,'H58J000S-81-S',1706,,27982,34,0,5,2
7201,'H58J000S-83-S',1706,,27983,34,0,5,2
7201,'H58JV00S-82-S',1706,,27984,34,0,5,2
7201,'H60J000S-98-S',723,,27987,34,0,5,1,34,,27998,34,0,5,1,76,,27996,34,0,5,2,70,,27999,34,0,5,1,29,,28005,34,0,5,1,70,,28009,34,0,5,1,27,,27993,34,0,5,1,28,,28000,34,0,5,1,68,,28006,34,0,5,1,29,,27988,34,0,5,1,69,,27994,34,0,5,1,28,,28001,34,0,5,1,70,,28007,34,0,5,1,31,,27989,34,0,5,1,72,,27995,34,0,5,1,31,,28002,34,0,5,1,71,,28010,34,0,5,1,26,,28016,23,0,5,2,5,,27990,34,0,5,1,59,,28019,23,0,5,2,9,,27985,34,0,5,1,10,,28022,23,0,5,2,4,,27992,34,0,5,1,5,,28023,23,0,5,2,9,,28021,34,0,5,1,55,,28018,23,0,5,1,18,,28015,23,0,5,1,9,,28017,34,0,5,2,5,,28003,23,0,5,1,17,,28020,34,0,5,2,59,,27991,34,0,5,1,15,,27986,34,0,5,1,18,,28014,34,0,5,1,59,,28012,34,0,5,1,19,,28011,34,0,5,2,16,,28008,34,0,5,1,74,,28004,23,0,5,1,85,,27997,23,0,5,1,209,,28013,14,0,5,1
7201,'H60JV00S-98-S',723,,28057,34,0,5,1,34,,28059,34,0,5,1,76,,28034,34,0,5,2,70,,28035,34,0,5,1,29,,28040,34,0,5,1,70,,28052,34,0,5,1,27,,28031,34,0,5,1,28,,28036,34,0,5,1,68,,28041,34,0,5,1,29,,28027,34,0,5,1,69,,28032,34,0,5,1,28,,28037,34,0,5,1,70,,28042,34,0,5,1,31,,28028,34,0,5,1,72,,28033,34,0,5,1,31,,28038,34,0,5,1,71,,28058,34,0,5,1,26,,28043,23,0,5,2,5,,28029,34,0,5,1,59,,28046,23,0,5,1,9,,28061,34,0,5,1,10,,28048,23,0,5,2,4,,28055,34,0,5,1,5,,28049,23,0,5,2,9,,28026,34,0,5,1,55,,28045,23,0,5,1,18,,28050,23,0,5,1,9,,28044,34,0,5,2,5,,28039,23,0,5,1,17,,28047,34,0,5,1,59,,28030,34,0,5,1,15,,28062,34,0,5,1,18,,28025,34,0,5,1,59,,28053,34,0,5,1,19,,28056,34,0,5,1,16,,28060,34,0,5,1,74,,28024,23,0,5,1,85,,28051,23,0,5,1,209,,28054,14,0,5,1
37103,'H50J000A-84-A',2603,,75768,39,0,8,1,31,,75770,39,0,8,2,67,,75772,39,0,8,1,31,,75767,39,0,8,1,70,,75769,39,0,8,1,30,,75771,39,0,8,2,69,,75773,39,0,8,1
37103,'H50J000I-84-I',2600,,75774,39,0,8,1,29,,75777,39,0,8,2,71,,75775,39,0,8,1,30,,75780,39,0,8,1,71,,75779,39,0,8,1,31,,75778,39,0,8,2,71,,75776,39,0,8,1
37103,'H50J000S-83-S',2601,,75783,39,0,8,1,30,,75784,39,0,8,2,70,,75781,39,0,8,1,28,,75787,39,0,8,2,71,,75782,39,0,8,2,32,,75785,39,0,8,2,70,,75786,39,0,8,1
37103,'H50JV00A-81-A',2603,,75789,39,0,8,1,31,,75791,39,0,8,2,67,,75793,39,0,8,1,31,,75788,39,0,8,1,70,,75790,39,0,8,1,30,,75792,39,0,8,2,69,,75794,39,0,8,1
37103,'H50JV00I-81-I',2600,,75795,39,0,8,1,29,,75798,39,0,8,2,71,,75796,39,0,8,1,30,,75801,39,0,8,1,71,,75800,39,0,8,1,31,,75799,39,0,8,2,71,,75797,39,0,8,1
37103,'H50JV00S-82-S',2601,,75804,39,0,8,1,30,,75805,39,0,8,2,70,,75802,39,0,8,1,28,,75808,39,0,8,2,71,,75803,39,0,8,2,32,,75806,39,0,8,2,70,,75807,39,0,8,1
37801,'H60J000A-80-A',2547,,75979,27,0,5,2,91,,75981,27,0,5,1,91,,75982,27,0,5,1,91,,75980,27,0,5,2
37801,'H60J000I-80-I',2547,,75985,27,0,5,1,91,,75984,27,0,5,2,90,,75986,27,0,5,1,93,,75983,27,0,5,1
37801,'H60J000S-98-S',2546,,75987,27,0,5,1,91,,75989,27,0,5,1,97,,75988,27,0,5,1,89,,75990,27,0,5,1
37801,'H60JV00A-80-A',2547,,75993,27,0,5,2,91,,75991,27,0,5,1,91,,75992,27,0,5,1,91,,75994,27,0,5,2
37801,'H60JV00I-80-I',2547,,75995,27,0,5,1,91,,75997,27,0,5,2,90,,75996,27,0,5,1,93,,75998,27,0,5,1
37801,'H60JV00S-98-S',2546,,76001,27,0,5,1,91,,75999,27,0,5,1,97,,76002,27,0,5,1,89,,76000,27,0,5,1
38202,'H60J000A-80-A',2551,,76117,8,0,10,1,85,,76120,8,0,10,1,85,,76119,8,0,10,1,85,,76118,8,0,10,2
38202,'H60J000I-80-I',2551,,76121,8,0,10,1,85,,76124,8,0,10,1,85,,76122,8,0,10,1,85,,76123,8,0,10,1
38202,'H60J000S-98-S',2551,,76125,8,0,10,1,85,,76127,8,0,10,1,85,,76128,8,0,10,1,85,,76126,8,0,10,1
38202,'H60JV00A-80-A',2551,,76130,8,0,10,1,85,,76129,8,0,10,1,85,,76132,8,0,10,1,85,,76131,8,0,10,2
38202,'H60JV00I-80-I',2551,,76134,8,0,10,1,85,,76133,8,0,10,1,85,,76136,8,0,10,1,85,,76135,8,0,10,1
38202,'H60JV00S-98-S',2551,,76140,8,0,10,1,85,,76139,8,0,10,1,85,,76138,8,0,10,1,85,,76137,8,0,10,1
