19200,'H50M000S-70-S',610,,144469,16,,,1,144,,144468,16,,,2
19200,'H51M000S-70-S',1459,,144470,16,,,2
19200,'H54M000A-70-A',541,,144478,16,,,1,70,,144491,16,,,2,30,,144471,16,,,1,70,,144479,16,,,1,30,,144492,16,,,1,70,,144472,16,,,1,29,,144480,16,,,1,71,,144493,16,,,1,30,,144473,16,,,1,70,,144481,16,,,1,31,,144494,16,,,1,71,,144474,16,,,1,31,,144482,16,,,1,72,,144495,16,,,1,31,,144503,16,,,1,70,,144475,16,,,1,30,,144483,16,,,1,70,,144496,16,,,1,28,,144504,16,,,1,68,,144476,16,,,1,29,,144484,16,,,1,69,,144497,16,,,1,30,,144505,16,,,1,71,,144477,16,,,1,31,,144485,16,,,1,71,,144498,16,,,1,31,,144506,16,,,1,71,,144486,16,,,1,30,,144499,16,,,1,68,,144507,16,,,1,29,,144489,16,,,1,69,,144500,16,,,1,30,,144508,16,,,1,70,,144487,16,,,1,30,,144501,16,,,1,70,,144509,16,,,1,29,,144488,16,,,1,70,,144502,16,,,1,29,,144511,16,,,1,72,,144490,16,,,1,41,,144510,16,,,1
19200,'H54M000I-70-I',543,,144512,16,,,1,67,,144527,16,,,2,31,,144519,16,,,1,70,,144513,16,,,1,30,,144528,16,,,2,70,,144520,16,,,1,30,,144514,16,,,1,71,,144529,16,,,2,30,,144521,16,,,1,70,,144515,16,,,1,30,,144530,16,,,2,70,,144522,16,,,1,30,,144516,16,,,1,70,,144531,16,,,2,30,,144544,16,,,1,70,,144523,16,,,1,29,,144517,16,,,1,67,,144532,16,,,2,28,,144545,16,,,1,69,,144524,16,,,1,30,,144518,16,,,1,72,,144533,16,,,2,32,,144546,16,,,1,73,,144525,16,,,1,33,,144534,16,,,2,72,,144547,16,,,1,30,,144526,16,,,1,69,,144535,16,,,2,30,,144548,16,,,1,69,,144540,16,,,1,29,,144536,16,,,2,70,,144549,16,,,1,30,,144542,16,,,1,70,,144538,16,,,2,29,,144550,16,,,1,70,,144541,16,,,1,30,,144537,16,,,2,70,,144551,16,,,1,29,,144543,16,,,1,71,,144539,16,,,2,32,,144552,16,,,1
19200,'H54M000S-70-S',546,,144554,16,,,1,12,,144553,16,,,2,68,,144560,16,,,1,17,,144574,16,,,1,16,,144575,16,,,1,56,,144576,16,,,1,19,,144555,16,,,1,80,,144561,16,,,1,23,,144572,16,,,1,68,,144577,16,,,1,29,,144556,16,,,1,68,,144562,16,,,1,28,,144573,16,,,1,29,,144578,16,,,1,69,,144557,16,,,1,29,,144563,16,,,1,70,,144586,16,,,2,31,,144579,16,,,1,70,,144558,16,,,1,30,,144564,16,,,1,172,,144559,16,,,1,70,,144565,16,,,1,101,,144588,16,,,2,30,,144580,16,,,1,69,,144566,16,,,1,29,,144587,16,,,1,24,,144589,16,,,2,65,,144581,16,,,1,29,,144567,16,,,1,70,,144590,16,,,1,30,,144582,16,,,1,70,,144568,16,,,1,30,,144591,16,,,1,68,,144583,16,,,1,29,,144569,16,,,1,70,,144592,16,,,1,30,,144584,16,,,1,70,,144570,16,,,1,30,,144593,16,,,1,70,,144585,16,,,1,32,,144571,16,,,1
19200,'H54M100F-70-F1',541,,144601,16,,,1,70,,144602,16,,,1,30,,144594,16,,,1,70,,144603,16,,,2,30,,144615,16,,,1,70,,144595,16,,,1,29,,144604,16,,,2,71,,144616,16,,,1,30,,144596,16,,,1,70,,144605,16,,,2,31,,144617,16,,,1,71,,144597,16,,,1,31,,144606,16,,,2,72,,144618,16,,,1,31,,144627,16,,,1,70,,144598,16,,,1,30,,144607,16,,,2,70,,144619,16,,,1,28,,144628,16,,,1,68,,144599,16,,,1,29,,144608,16,,,2,69,,144620,16,,,1,30,,144629,16,,,1,71,,144600,16,,,1,31,,144609,16,,,2,71,,144623,16,,,1,31,,144630,16,,,1,71,,144610,16,,,2,30,,144621,16,,,1,68,,144631,16,,,1,29,,144611,16,,,2,69,,144622,16,,,1,30,,144632,16,,,1,70,,144612,16,,,2,30,,144624,16,,,1,70,,144634,16,,,1,29,,144613,16,,,2,70,,144625,16,,,1,29,,144633,16,,,1,72,,144614,16,,,2,33,,144626,16,,,1
19200,'H54M200F-70-F2',543,,144635,16,,,1,67,,144650,16,,,2,31,,144642,16,,,2,70,,144636,16,,,1,30,,144651,16,,,2,70,,144643,16,,,2,30,,144637,16,,,1,71,,144652,16,,,2,30,,144644,16,,,2,70,,144638,16,,,1,30,,144653,16,,,2,70,,144645,16,,,2,30,,144640,16,,,1,70,,144655,16,,,2,30,,144667,16,,,1,70,,144646,16,,,2,29,,144639,16,,,1,67,,144654,16,,,2,28,,144668,16,,,1,69,,144647,16,,,2,30,,144641,16,,,1,72,,144656,16,,,2,32,,144669,16,,,1,73,,144648,16,,,2,33,,144657,16,,,2,72,,144670,16,,,1,30,,144649,16,,,2,69,,144658,16,,,2,30,,144671,16,,,1,69,,144663,16,,,1,29,,144659,16,,,2,70,,144672,16,,,1,30,,144664,16,,,1,70,,144660,16,,,2,29,,144673,16,,,1,70,,144665,16,,,1,30,,144661,16,,,2,70,,144674,16,,,1,29,,144666,16,,,1,71,,144662,16,,,2,32,,144675,16,,,1
19200,'H54M300F-70-F3',543,,144710,16,,,1,67,,144680,16,,,2,31,,144702,16,,,1,70,,144711,16,,,1,30,,144681,16,,,2,70,,144703,16,,,1,30,,144712,16,,,1,71,,144682,16,,,2,30,,144704,16,,,1,70,,144713,16,,,1,30,,144683,16,,,2,70,,144705,16,,,1,30,,144714,16,,,1,70,,144684,16,,,2,30,,144693,16,,,1,70,,144706,16,,,1,29,,144715,16,,,1,67,,144685,16,,,2,28,,144694,16,,,1,69,,144707,16,,,1,30,,144716,16,,,1,72,,144686,16,,,2,32,,144695,16,,,1,73,,144708,16,,,1,33,,144687,16,,,2,72,,144696,16,,,1,30,,144709,16,,,1,69,,144688,16,,,2,30,,144697,16,,,1,69,,144676,16,,,1,29,,144689,16,,,2,70,,144698,16,,,1,30,,144677,16,,,1,70,,144690,16,,,2,29,,144699,16,,,1,70,,144678,16,,,1,30,,144691,16,,,2,70,,144700,16,,,1,29,,144679,16,,,1,71,,144692,16,,,2,32,,144701,16,,,1
19200,'H57M000S-70-S',1428,,144717,16,,,2
19200,'H58M000S-70-S',1631,,144718,16,,,1
19300,'H50M000S-70-S',1645,,144975,26,,,2
19300,'H51M000S-70-S',1609,,144976,26,,,2
19300,'H54M000S-70-S',1539,,144978,26,,,2,213,,144979,26,,,2,283,,144977,26,,,1
19300,'H58M000A-70-A',541,,145001,26,,,2,68,,144981,26,,,2,30,,145009,26,,,1,71,,145002,26,,,2,30,,144982,26,,,2,63,,145025,26,,,2,21,,145010,26,,,1,22,,145003,26,,,2,62,,144991,26,,,2,24,,144983,26,,,2,22,,145026,26,,,2,64,,145011,26,,,1,24,,145021,26,,,1,17,,145004,26,,,2,55,,144992,26,,,2,15,,144987,26,,,2,16,,144984,26,,,2,55,,145027,26,,,2,16,,145012,26,,,1,15,,145033,26,,,2,15,,145022,26,,,1,55,,145005,26,,,2,13,,144993,26,,,2,12,,144988,26,,,2,12,,144985,26,,,2,13,,145028,26,,,2,53,,145039,26,,,2,13,,145013,26,,,1,13,,145034,26,,,2,11,,145023,26,,,1,12,,145006,26,,,2,52,,145043,26,,,2,11,,144994,26,,,2,10,,144989,26,,,2,11,,144986,26,,,2,11,,145029,26,,,2,11,,145040,26,,,2,52,,145014,26,,,1,12,,145035,26,,,2,13,,145024,26,,,1,12,,145007,26,,,2,52,,145044,26,,,2,12,,144995,26,,,2,12,,144990,26,,,2,11,,145045,26,,,2,12,,145030,26,,,2,12,,145041,26,,,2,53,,145015,26,,,1,11,,144980,26,,,1,12,,145036,26,,,2,15,,145008,26,,,2,59,,144996,26,,,2,20,,145046,26,,,2,22,,145042,26,,,2,64,,145016,26,,,1,25,,145037,26,,,2,64,,144997,26,,,2,23,,145047,26,,,2,24,,145017,26,,,1,70,,145038,26,,,2,32,,144998,26,,,2,70,,145018,26,,,1,31,,145031,26,,,2,71,,144999,26,,,2,26,,145019,26,,,1,71,,145032,26,,,2,28,,145000,26,,,2,68,,145020,26,,,1
19300,'H58M000I-70-I',606,,145062,26,,,1,30,,145055,26,,,1,71,,145070,26,,,2,30,,145063,26,,,1,70,,145056,26,,,1,32,,145071,26,,,2,70,,145058,26,,,1,30,,145064,26,,,1,71,,145057,26,,,1,20,,145072,26,,,2,20,,145049,26,,,2,61,,145059,26,,,1,21,,145065,26,,,1,20,,145086,26,,,2,60,,145098,26,,,2,15,,145073,26,,,2,15,,145050,26,,,2,15,,145094,26,,,2,55,,145060,26,,,1,15,,145068,26,,,1,16,,145087,26,,,2,15,,145101,26,,,2,55,,145099,26,,,2,15,,145074,26,,,2,15,,145051,26,,,2,15,,145095,26,,,2,55,,145061,26,,,1,15,,145066,26,,,1,15,,145088,26,,,2,15,,145102,26,,,2,55,,145100,26,,,2,15,,145075,26,,,2,14,,145052,26,,,2,14,,145048,26,,,1,53,,145096,26,,,2,14,,145067,26,,,1,15,,145089,26,,,2,15,,145054,26,,,2,55,,145103,26,,,2,14,,145076,26,,,2,16,,145053,26,,,2,16,,145081,26,,,1,55,,145097,26,,,2,16,,145069,26,,,1,31,,145090,26,,,2,71,,145077,26,,,2,32,,145082,26,,,1,72,,145091,26,,,2,71,,145078,26,,,2,29,,145083,26,,,1,71,,145092,26,,,2,28,,145079,26,,,2,70,,145084,26,,,1,28,,145093,26,,,2,30,,145080,26,,,2,69,,145085,26,,,1
19300,'H58M000S-70-S',544,,145107,26,,,2,75,,145111,26,,,2,25,,145106,26,,,2,66,,145109,26,,,2,26,,145110,26,,,1,17,,145112,26,,,2,50,,145117,26,,,2,12,,145141,26,,,1,13,,145123,26,,,2,12,,145124,26,,,2,11,,145140,26,,,2,56,,145119,26,,,1,20,,145104,26,,,2,21,,145118,26,,,2,68,,145142,26,,,1,30,,145125,26,,,2,69,,145120,26,,,1,27,,145105,26,,,2,58,,145130,26,,,1,15,,145143,26,,,1,15,,145134,26,,,1,16,,145126,26,,,2,59,,145137,26,,,2,18,,145121,26,,,1,18,,145146,26,,,2,16,,145148,26,,,2,53,,145131,26,,,1,12,,145144,26,,,1,13,,145135,26,,,1,12,,145108,26,,,1,10,,145151,26,,,2,50,,145127,26,,,2,11,,145138,26,,,2,11,,145122,26,,,1,20,,145147,26,,,2,6,,145164,26,,,2,46,,145165,26,,,2,15,,145167,26,,,1,6,,145150,26,,,2,7,,145132,26,,,1,8,,145145,26,,,1,16,,145136,26,,,1,48,,145169,26,,,1,8,,145152,26,,,2,8,,145149,26,,,2,9,,145128,26,,,2,9,,145139,26,,,2,8,,145155,26,,,2,58,,145154,26,,,2,10,,145166,26,,,2,11,,145113,26,,,1,10,,145168,26,,,1,12,,145133,26,,,1,11,,145160,26,,,2,52,,145153,26,,,2,14,,145170,26,,,1,17,,145129,26,,,1,18,,145156,26,,,2,59,,145114,26,,,1,40,,145161,26,,,2,60,,145171,26,,,1,19,,145174,26,,,1,18,,145157,26,,,2,60,,145115,26,,,1,27,,145162,26,,,2,70,,145172,26,,,1,31,,145158,26,,,2,71,,145116,26,,,1,32,,145163,26,,,2,71,,145173,26,,,1,20,,145159,26,,,2
19300,'H58M100F-70-F1',606,,145184,26,,,1,30,,145180,26,,,1,71,,145230,26,,,2,30,,145185,26,,,1,70,,145179,26,,,1,32,,145177,26,,,2,70,,145215,26,,,1,30,,145187,26,,,1,71,,145181,26,,,1,20,,145176,26,,,2,20,,145221,26,,,1,61,,145216,26,,,1,21,,145188,26,,,1,20,,145199,26,,,2,60,,145191,26,,,2,15,,145182,26,,,1,15,,145226,26,,,1,15,,145222,26,,,1,55,,145217,26,,,1,15,,145189,26,,,1,16,,145200,26,,,2,15,,145207,26,,,2,55,,145192,26,,,2,15,,145183,26,,,1,15,,145227,26,,,1,15,,145223,26,,,1,55,,145218,26,,,1,15,,145190,26,,,1,15,,145201,26,,,2,15,,145208,26,,,2,55,,145193,26,,,2,15,,145186,26,,,1,14,,145228,26,,,1,14,,145178,26,,,1,53,,145224,26,,,1,14,,145219,26,,,1,15,,145202,26,,,2,15,,145175,26,,,1,55,,145209,26,,,2,14,,145194,26,,,2,16,,145229,26,,,1,16,,145210,26,,,1,55,,145225,26,,,1,16,,145220,26,,,1,31,,145205,26,,,2,71,,145195,26,,,2,32,,145211,26,,,1,72,,145203,26,,,2,71,,145196,26,,,2,29,,145212,26,,,1,71,,145206,26,,,2,28,,145197,26,,,2,70,,145213,26,,,1,28,,145204,26,,,2,30,,145198,26,,,2,69,,145214,26,,,1
19300,'H58M200F-70-F2',606,,145240,26,,,1,30,,145236,26,,,1,71,,145286,26,,,2,30,,145241,26,,,1,70,,145235,26,,,1,32,,145233,26,,,2,70,,145271,26,,,1,30,,145243,26,,,1,71,,145237,26,,,1,20,,145232,26,,,2,20,,145277,26,,,1,61,,145272,26,,,1,21,,145244,26,,,1,20,,145255,26,,,2,60,,145247,26,,,2,15,,145238,26,,,1,15,,145282,26,,,1,15,,145278,26,,,1,55,,145273,26,,,1,15,,145245,26,,,1,16,,145256,26,,,2,15,,145263,26,,,2,55,,145248,26,,,2,15,,145239,26,,,1,15,,145283,26,,,1,15,,145279,26,,,1,55,,145274,26,,,1,15,,145246,26,,,1,15,,145257,26,,,2,15,,145264,26,,,2,55,,145249,26,,,2,15,,145242,26,,,1,14,,145284,26,,,1,14,,145234,26,,,1,53,,145280,26,,,1,14,,145275,26,,,1,15,,145258,26,,,2,15,,145231,26,,,1,55,,145265,26,,,2,14,,145250,26,,,2,16,,145285,26,,,1,16,,145266,26,,,1,55,,145281,26,,,1,16,,145276,26,,,1,31,,145261,26,,,2,71,,145251,26,,,2,32,,145267,26,,,1,72,,145259,26,,,2,71,,145252,26,,,2,29,,145268,26,,,1,71,,145262,26,,,2,28,,145253,26,,,2,70,,145269,26,,,1,28,,145260,26,,,2,30,,145254,26,,,2,69,,145270,26,,,1
19300,'H58M300F-70-F3',606,,145296,26,,,1,30,,145292,26,,,1,71,,145342,26,,,2,30,,145297,26,,,1,70,,145291,26,,,1,32,,145289,26,,,2,70,,145327,26,,,1,30,,145299,26,,,1,71,,145293,26,,,1,20,,145288,26,,,2,20,,145333,26,,,1,61,,145328,26,,,1,21,,145300,26,,,1,20,,145311,26,,,2,60,,145303,26,,,2,15,,145294,26,,,1,15,,145338,26,,,1,15,,145334,26,,,1,55,,145329,26,,,1,15,,145301,26,,,1,16,,145312,26,,,2,15,,145319,26,,,2,55,,145304,26,,,2,15,,145295,26,,,1,15,,145339,26,,,1,15,,145335,26,,,1,55,,145330,26,,,1,15,,145302,26,,,1,15,,145313,26,,,2,15,,145320,26,,,2,55,,145305,26,,,2,15,,145298,26,,,1,14,,145340,26,,,1,14,,145290,26,,,1,53,,145336,26,,,1,14,,145331,26,,,1,15,,145314,26,,,2,15,,145287,26,,,1,55,,145321,26,,,2,14,,145306,26,,,2,16,,145341,26,,,1,16,,145322,26,,,1,55,,145337,26,,,1,16,,145332,26,,,1,31,,145317,26,,,2,71,,145307,26,,,2,32,,145323,26,,,1,72,,145315,26,,,2,71,,145308,26,,,2,29,,145324,26,,,1,71,,145318,26,,,2,28,,145309,26,,,2,70,,145325,26,,,1,28,,145316,26,,,2,30,,145310,26,,,2,69,,145326,26,,,1
